#!ascii label  , from subject sub-v1s10x0051069_ses-1 vox2ras=TkReg
1102
53184  24.078  -13.238  35.841 0.0000000000
51006  37.518  -14.871  37.671 0.0000000000
67220  39.864  1.102  16.052 0.0000000000
59149  33.018  -7.968  24.972 0.0000000000
56142  39.834  -11.210  30.327 0.0000000000
122032  51.789  5.687  6.877 0.0000000000
64317  41.944  -2.962  18.640 0.0000000000
62437  37.013  -5.202  18.356 0.0000000000
47029  21.057  -18.971  35.183 0.0000000000
130524  31.061  -12.835  37.256 0.0000000000
51056  32.386  -15.760  33.519 0.0000000000
124792  26.682  -11.377  31.888 0.0000000000
70974  45.684  4.401  11.086 0.0000000000
54106  28.358  -12.078  41.399 0.0000000000
50977  22.771  -15.308  40.568 0.0000000000
129353  45.682  3.570  15.624 0.0000000000
47946  19.121  -18.471  39.919 0.0000000000
45167  14.752  -21.963  39.907 0.0000000000
121479  37.074  -4.358  23.982 0.0000000000
57153  36.543  -10.159  27.842 0.0000000000
53335  36.777  -13.475  25.266 0.0000000000
53267  34.739  -13.805  29.247 0.0000000000
62395  43.146  -4.369  19.966 0.0000000000
121996  39.640  -4.814  18.432 0.0000000000
63349  39.682  -4.436  20.545 0.0000000000
65258  45.062  -1.728  20.136 0.0000000000
52145  22.717  -14.678  33.671 0.0000000000
141107  21.955  -17.876  32.818 0.0000000000
51036  22.401  -15.737  35.864 0.0000000000
55121  27.509  -11.721  36.585 0.0000000000
133412  28.871  -11.951  35.016 0.0000000000
55144  24.813  -12.075  34.253 0.0000000000
53238  23.358  -13.551  31.343 0.0000000000
68236  39.889  1.780  13.753 0.0000000000
69128  42.893  2.151  17.868 0.0000000000
69140  42.371  2.611  15.532 0.0000000000
70078  42.613  3.250  13.440 0.0000000000
49932  22.748  -16.495  42.608 0.0000000000
47944  22.285  -18.185  39.684 0.0000000000
47911  21.685  -19.333  42.473 0.0000000000
45076  14.978  -20.978  45.257 0.0000000000
130840  15.656  -20.192  42.968 0.0000000000
44210  13.696  -22.817  42.778 0.0000000000
120138  12.348  -24.993  42.251 0.0000000000
41303  11.334  -25.455  44.613 0.0000000000
58106  36.377  -8.342  30.765 0.0000000000
56145  38.004  -10.674  28.964 0.0000000000
55215  37.569  -11.124  26.344 0.0000000000
54271  38.446  -12.194  27.905 0.0000000000
53253  30.544  -13.786  30.617 0.0000000000
52157  33.655  -15.370  31.564 0.0000000000
53268  31.145  -14.145  29.122 0.0000000000
53303  32.646  -13.623  27.542 0.0000000000
121601  34.811  -5.759  24.448 0.0000000000
61216  34.017  -5.194  21.228 0.0000000000
59180  31.583  -7.821  22.239 0.0000000000
71885  55.524  5.141  5.425 0.0000000000
71022  52.525  4.306  4.663 0.0000000000
66210  41.122  -0.797  18.066 0.0000000000
64327  38.591  -2.818  17.267 0.0000000000
67180  43.479  0.797  19.440 0.0000000000
51010  33.854  -14.871  37.519 0.0000000000
121301  34.680  -15.213  35.424 0.0000000000
52112  31.929  -13.847  35.398 0.0000000000
53221  29.943  -12.905  32.440 0.0000000000
55180  28.196  -11.713  29.940 0.0000000000
70072  48.421  3.598  13.477 0.0000000000
70971  48.491  4.389  11.242 0.0000000000
70990  48.919  5.282  8.455 0.0000000000
71008  49.322  4.617  6.339 0.0000000000
54142  25.700  -12.367  38.410 0.0000000000
53154  23.805  -13.919  38.026 0.0000000000
53138  25.137  -12.766  41.124 0.0000000000
54130  29.661  -11.818  39.140 0.0000000000
70074  45.880  3.732  13.446 0.0000000000
48957  22.273  -17.277  37.922 0.0000000000
46989  20.089  -18.713  37.751 0.0000000000
46992  17.013  -19.299  37.218 0.0000000000
46929  18.807  -18.542  42.888 0.0000000000
46950  16.034  -18.979  40.097 0.0000000000
38634  9.378  -28.709  45.565 0.0000000000
123028  39.209  -3.674  23.112 0.0000000000
60146  35.149  -6.468  26.771 0.0000000000
59110  35.569  -7.270  28.985 0.0000000000
57163  34.683  -9.264  26.725 0.0000000000
55228  36.897  -11.038  24.698 0.0000000000
54309  37.697  -12.959  23.574 0.0000000000
125975  34.222  -13.577  23.046 0.0000000000
52140  35.504  -14.689  33.336 0.0000000000
52170  37.506  -13.712  31.718 0.0000000000
137212  38.142  -13.437  29.640 0.0000000000
53301  35.455  -13.518  27.591 0.0000000000
53338  33.331  -13.451  25.004 0.0000000000
139018  36.169  -4.273  20.949 0.0000000000
135356  34.209  -5.611  18.633 0.0000000000
63331  42.934  -3.612  21.405 0.0000000000
63347  41.980  -4.415  20.263 0.0000000000
63333  41.021  -3.976  21.002 0.0000000000
63329  44.464  -3.650  20.627 0.0000000000
53198  23.486  -13.624  34.571 0.0000000000
130911  22.415  -15.339  34.213 0.0000000000
52113  23.057  -14.359  35.776 0.0000000000
54165  25.518  -12.336  36.652 0.0000000000
55134  26.299  -11.889  35.623 0.0000000000
54191  24.385  -12.584  34.604 0.0000000000
54200  23.907  -12.996  33.367 0.0000000000
68214  40.354  1.626  15.477 0.0000000000
68197  41.748  1.207  17.195 0.0000000000
69130  42.678  2.272  17.213 0.0000000000
68203  41.525  1.650  16.479 0.0000000000
69141  41.646  2.377  15.202 0.0000000000
44170  13.999  -21.826  45.084 0.0000000000
44180  14.056  -21.918  44.118 0.0000000000
44193  13.581  -22.599  43.693 0.0000000000
43260  13.291  -23.525  42.365 0.0000000000
43240  12.570  -24.062  43.580 0.0000000000
41320  12.056  -25.066  42.946 0.0000000000
57116  38.215  -9.987  30.754 0.0000000000
117846  39.051  -10.773  29.795 0.0000000000
55198  38.386  -11.266  28.446 0.0000000000
54260  39.319  -11.961  28.953 0.0000000000
51017  38.089  -14.677  37.108 0.0000000000
54261  29.270  -12.596  29.236 0.0000000000
128445  30.802  -14.097  29.839 0.0000000000
118860  29.757  -13.393  27.961 0.0000000000
53305  29.997  -13.520  27.286 0.0000000000
60169  33.572  -7.063  24.942 0.0000000000
60183  32.748  -6.741  23.434 0.0000000000
71872  52.045  6.019  7.597 0.0000000000
120979  52.731  6.102  7.975 0.0000000000
71880  53.365  5.452  6.685 0.0000000000
71004  53.360  5.088  5.946 0.0000000000
71014  52.566  4.915  5.436 0.0000000000
65272  41.449  -1.719  18.417 0.0000000000
65281  39.836  -1.466  17.690 0.0000000000
63389  40.342  -3.272  18.177 0.0000000000
61241  38.456  -5.147  18.612 0.0000000000
61255  38.908  -5.192  17.937 0.0000000000
129886  37.232  -5.327  17.650 0.0000000000
65263  43.740  -1.955  19.340 0.0000000000
65264  42.885  -1.559  19.069 0.0000000000
126007  42.237  -0.095  18.487 0.0000000000
48019  21.621  -18.623  34.114 0.0000000000
47030  20.354  -19.300  35.241 0.0000000000
52082  32.570  -14.217  37.466 0.0000000000
52095  32.513  -14.248  36.666 0.0000000000
53181  31.455  -13.246  35.874 0.0000000000
55150  27.434  -11.823  33.417 0.0000000000
54197  29.349  -12.407  33.741 0.0000000000
55158  28.228  -11.968  31.924 0.0000000000
54223  28.808  -12.283  31.498 0.0000000000
55181  27.394  -11.494  30.521 0.0000000000
118931  25.627  -11.599  30.554 0.0000000000
55255  36.540  -11.733  22.786 0.0000000000
125101  46.832  3.921  12.569 0.0000000000
70091  48.160  4.086  12.040 0.0000000000
70972  47.579  4.408  11.229 0.0000000000
70986  47.519  4.861  8.837 0.0000000000
70997  48.079  4.605  7.170 0.0000000000
70996  48.785  5.076  7.545 0.0000000000
135622  27.400  -11.836  39.910 0.0000000000
127110  25.878  -12.388  40.033 0.0000000000
126781  26.843  -12.023  41.041 0.0000000000
128594  28.972  -11.672  39.863 0.0000000000
54132  28.141  -11.576  39.415 0.0000000000
137339  47.248  3.625  14.290 0.0000000000
118589  45.067  3.517  14.529 0.0000000000
70088  42.494  3.542  12.091 0.0000000000
52061  23.322  -14.362  39.394 0.0000000000
51012  22.633  -15.510  37.636 0.0000000000
121670  22.605  -15.836  38.965 0.0000000000
46947  20.927  -18.763  40.057 0.0000000000
135584  21.439  -18.460  38.794 0.0000000000
123642  19.492  -18.546  38.472 0.0000000000
46990  19.138  -18.648  37.689 0.0000000000
47963  18.087  -18.525  38.663 0.0000000000
118836  17.774  -18.881  44.347 0.0000000000
142293  15.196  -20.721  41.670 0.0000000000
133166  15.775  -19.456  41.574 0.0000000000
46029  15.331  -20.430  40.488 0.0000000000
46978  15.660  -19.991  38.969 0.0000000000
61177  36.425  -5.463  26.528 0.0000000000
57128  36.539  -9.240  29.339 0.0000000000
59109  35.920  -7.460  29.901 0.0000000000
58126  35.436  -8.204  28.531 0.0000000000
58132  35.019  -8.175  27.790 0.0000000000
57154  35.765  -9.573  27.676 0.0000000000
56175  35.255  -10.217  26.213 0.0000000000
57161  36.405  -10.378  27.170 0.0000000000
54291  37.842  -12.350  25.603 0.0000000000
55237  38.172  -12.133  24.442 0.0000000000
53347  37.436  -13.295  24.279 0.0000000000
53348  36.273  -13.506  23.580 0.0000000000
125414  35.577  -13.549  24.448 0.0000000000
51045  33.601  -15.781  34.457 0.0000000000
51043  35.202  -15.043  34.828 0.0000000000
51054  34.175  -15.737  33.780 0.0000000000
136220  34.254  -14.465  30.608 0.0000000000
52172  35.098  -14.416  31.660 0.0000000000
52189  35.944  -13.829  30.557 0.0000000000
136872  37.329  -13.656  30.948 0.0000000000
52204  36.322  -13.644  29.640 0.0000000000
118098  37.038  -13.438  28.968 0.0000000000
53285  35.018  -13.616  28.419 0.0000000000
53340  31.484  -13.525  25.391 0.0000000000
119013  32.965  -13.478  25.882 0.0000000000
63312  38.485  -3.865  23.331 0.0000000000
63336  37.996  -4.106  21.825 0.0000000000
62370  36.302  -4.228  22.478 0.0000000000
60226  32.662  -6.189  20.454 0.0000000000
61229  34.125  -5.170  20.247 0.0000000000
129279  55.487  4.621  3.994 0.0000000000
63367  42.536  -4.125  19.124 0.0000000000
63379  41.230  -3.851  18.563 0.0000000000
62416  42.141  -4.405  19.280 0.0000000000
62418  39.692  -4.915  18.965 0.0000000000
123497  37.983  -4.741  19.510 0.0000000000
64302  45.243  -2.525  20.506 0.0000000000
63364  44.304  -3.674  19.994 0.0000000000
50012  22.139  -16.455  33.120 0.0000000000
49001  21.955  -17.271  34.273 0.0000000000
48991  21.985  -17.304  35.131 0.0000000000
54148  29.465  -11.938  37.490 0.0000000000
54176  30.120  -12.344  36.067 0.0000000000
55120  27.955  -11.812  35.962 0.0000000000
119176  27.138  -11.759  34.218 0.0000000000
55152  25.754  -11.476  33.307 0.0000000000
55175  24.612  -12.004  31.490 0.0000000000
54210  24.298  -12.432  32.880 0.0000000000
53223  23.127  -13.955  32.603 0.0000000000
70982  44.408  4.138  10.079 0.0000000000
54092  27.218  -12.119  42.384 0.0000000000
70037  43.767  3.171  18.072 0.0000000000
70042  43.732  3.235  17.232 0.0000000000
120527  43.669  3.281  15.430 0.0000000000
70062  44.364  3.426  14.947 0.0000000000
70055  42.959  3.037  15.045 0.0000000000
69145  41.408  2.538  14.353 0.0000000000
123623  22.720  -15.023  42.083 0.0000000000
49939  22.795  -16.148  40.424 0.0000000000
48937  23.261  -17.691  40.832 0.0000000000
133334  22.261  -18.950  40.935 0.0000000000
46939  20.514  -19.113  41.570 0.0000000000
46908  17.124  -19.271  44.454 0.0000000000
125165  15.687  -20.316  44.247 0.0000000000
45114  14.647  -21.561  42.576 0.0000000000
44223  14.338  -22.420  41.362 0.0000000000
43277  13.524  -23.626  41.552 0.0000000000
57117  36.742  -9.035  30.213 0.0000000000
57140  37.322  -10.327  28.761 0.0000000000
56163  37.379  -10.834  27.082 0.0000000000
123892  37.698  -11.091  27.427 0.0000000000
55214  37.761  -11.374  26.845 0.0000000000
130644  37.604  -12.780  26.545 0.0000000000
52160  31.034  -14.186  32.138 0.0000000000
51081  32.870  -15.969  31.946 0.0000000000
52194  31.545  -14.727  30.837 0.0000000000
52208  32.253  -14.584  29.863 0.0000000000
52207  33.049  -14.293  29.669 0.0000000000
53286  33.389  -13.658  28.046 0.0000000000
121897  31.820  -13.738  27.936 0.0000000000
53322  31.218  -13.585  26.338 0.0000000000
61188  35.559  -5.278  24.473 0.0000000000
134748  35.057  -4.673  22.361 0.0000000000
61198  34.331  -5.551  23.419 0.0000000000
60217  32.955  -5.992  22.052 0.0000000000
71002  55.104  4.994  5.862 0.0000000000
71012  54.343  4.328  5.032 0.0000000000
66226  40.169  0.101  17.213 0.0000000000
67208  38.712  0.061  16.232 0.0000000000
66219  39.459  -0.561  17.165 0.0000000000
63390  39.755  -3.832  17.968 0.0000000000
132572  38.614  -4.612  17.564 0.0000000000
67175  45.557  0.249  20.684 0.0000000000
137012  44.813  1.036  20.476 0.0000000000
68186  44.398  1.758  20.127 0.0000000000
67185  43.000  0.988  18.878 0.0000000000
67196  41.982  0.680  17.778 0.0000000000
51008  35.525  -15.228  37.943 0.0000000000
51019  36.551  -14.887  36.697 0.0000000000
51021  34.471  -15.120  36.837 0.0000000000
141538  32.861  -14.801  35.576 0.0000000000
52142  32.104  -14.816  34.013 0.0000000000
53183  30.058  -12.428  35.091 0.0000000000
53207  30.560  -13.027  33.684 0.0000000000
52144  30.955  -13.662  33.083 0.0000000000
53237  29.881  -12.951  31.655 0.0000000000
54249  29.411  -12.621  30.239 0.0000000000
54250  28.492  -12.024  29.173 0.0000000000
70969  50.480  4.701  11.921 0.0000000000
119329  47.041  4.727  9.631 0.0000000000
70978  48.559  4.872  9.888 0.0000000000
71854  49.944  5.208  9.854 0.0000000000
71858  50.607  5.484  9.284 0.0000000000
71874  50.245  5.533  7.294 0.0000000000
71881  50.919  5.474  6.667 0.0000000000
71886  51.414  4.888  5.574 0.0000000000
54153  24.900  -12.805  37.163 0.0000000000
53161  23.722  -13.874  37.148 0.0000000000
53153  24.456  -13.370  38.468 0.0000000000
53145  24.539  -13.315  39.301 0.0000000000
52048  23.935  -13.650  40.555 0.0000000000
54093  26.294  -12.310  42.515 0.0000000000
53114  23.734  -13.749  42.049 0.0000000000
52007  23.082  -14.224  43.442 0.0000000000
50984  36.849  -15.235  38.864 0.0000000000
50996  34.989  -15.219  38.542 0.0000000000
52068  33.464  -14.631  38.348 0.0000000000
53150  31.671  -13.121  38.750 0.0000000000
53143  31.236  -12.694  39.491 0.0000000000
54147  29.987  -12.117  37.850 0.0000000000
120060  28.847  -11.627  37.974 0.0000000000
139853  26.834  -11.756  37.417 0.0000000000
70952  48.473  4.174  14.464 0.0000000000
121212  46.846  3.667  13.357 0.0000000000
70094  45.351  4.160  11.952 0.0000000000
70076  44.320  3.494  14.045 0.0000000000
130281  44.410  3.965  12.114 0.0000000000
70095  44.591  4.281  11.054 0.0000000000
52085  22.790  -14.963  37.108 0.0000000000
129550  22.339  -16.532  36.458 0.0000000000
47991  21.765  -18.036  36.697 0.0000000000
48948  22.440  -17.521  39.071 0.0000000000
47977  21.412  -18.338  37.472 0.0000000000
47992  21.097  -18.571  36.692 0.0000000000
47008  19.192  -19.081  36.170 0.0000000000
47009  18.173  -19.284  36.204 0.0000000000
46928  19.710  -18.854  42.656 0.0000000000
47924  18.604  -18.461  41.296 0.0000000000
47926  16.918  -18.426  41.307 0.0000000000
47948  17.349  -18.446  39.675 0.0000000000
47965  16.533  -18.986  38.801 0.0000000000
125188  10.491  -26.700  45.051 0.0000000000
133262  40.689  -3.171  22.409 0.0000000000
62354  37.216  -4.534  24.876 0.0000000000
61183  36.013  -5.284  25.231 0.0000000000
60168  34.891  -6.121  25.329 0.0000000000
59142  34.108  -7.418  26.138 0.0000000000
60134  35.450  -6.744  28.217 0.0000000000
59136  34.350  -7.705  26.717 0.0000000000
58145  33.708  -8.733  25.942 0.0000000000
57170  34.451  -9.700  26.082 0.0000000000
125662  35.604  -10.699  25.268 0.0000000000
55239  36.799  -11.436  23.741 0.0000000000
56173  37.598  -11.158  25.729 0.0000000000
141384  38.131  -11.816  24.060 0.0000000000
54310  37.412  -12.638  23.087 0.0000000000
53361  36.306  -13.357  22.534 0.0000000000
53372  34.957  -13.703  22.107 0.0000000000
55179  40.459  -11.490  31.035 0.0000000000
51030  37.148  -14.781  36.055 0.0000000000
52124  37.458  -14.297  34.604 0.0000000000
52137  38.074  -13.884  33.862 0.0000000000
52156  34.429  -15.143  32.153 0.0000000000
52154  36.087  -14.270  32.779 0.0000000000
119847  38.121  -13.731  32.939 0.0000000000
53234  38.469  -13.569  31.679 0.0000000000
53249  39.551  -12.999  30.306 0.0000000000
54248  39.668  -12.231  29.583 0.0000000000
53282  38.586  -12.947  28.465 0.0000000000
53299  37.426  -13.148  27.489 0.0000000000
118340  36.034  -13.455  26.813 0.0000000000
118111  34.381  -13.570  27.616 0.0000000000
53319  34.181  -13.538  26.640 0.0000000000
119420  34.855  -13.525  25.931 0.0000000000
53350  33.744  -13.448  24.008 0.0000000000
134186  39.540  -3.945  21.752 0.0000000000
62381  38.035  -4.268  20.957 0.0000000000
141385  37.204  -4.616  19.675 0.0000000000
62384  35.540  -4.415  21.255 0.0000000000
62423  34.876  -4.834  19.892 0.0000000000
62438  35.969  -4.950  18.645 0.0000000000
71023  51.626  4.004  4.664 0.0000000000
63332  42.188  -3.858  21.089 0.0000000000
63319  41.362  -3.276  21.855 0.0000000000
63330  43.770  -3.817  21.041 0.0000000000
53185  23.507  -13.721  35.390 0.0000000000
52129  23.025  -14.243  34.926 0.0000000000
54166  24.733  -12.786  36.297 0.0000000000
54179  25.161  -12.403  35.835 0.0000000000
54180  24.514  -12.714  35.424 0.0000000000
54181  23.930  -13.097  35.005 0.0000000000
68215  39.520  1.310  15.212 0.0000000000
67221  39.075  0.738  15.778 0.0000000000
67205  41.074  1.026  16.887 0.0000000000
68204  40.708  1.372  16.242 0.0000000000
44171  13.454  -22.496  45.480 0.0000000000
44181  13.487  -22.453  44.596 0.0000000000
132617  13.107  -22.998  44.188 0.0000000000
43239  13.065  -23.410  43.360 0.0000000000
43229  12.679  -23.644  44.300 0.0000000000
42207  12.208  -24.365  44.154 0.0000000000
56137  39.798  -10.968  30.474 0.0000000000
56130  39.083  -10.490  30.535 0.0000000000
56143  39.247  -11.044  29.688 0.0000000000
55189  39.565  -11.511  29.677 0.0000000000
51005  38.219  -14.714  37.919 0.0000000000
54272  29.217  -12.873  28.229 0.0000000000
53290  29.897  -13.341  28.788 0.0000000000
131379  32.868  -7.280  24.251 0.0000000000
132464  52.650  5.753  7.133 0.0000000000
71005  52.447  5.370  6.234 0.0000000000
65271  42.250  -1.736  18.739 0.0000000000
64318  40.977  -2.588  18.323 0.0000000000
61257  37.983  -5.385  18.107 0.0000000000
64312  42.881  -2.682  19.080 0.0000000000
48004  21.505  -18.523  34.981 0.0000000000
47047  21.261  -19.096  34.382 0.0000000000
125865  20.670  -19.473  34.458 0.0000000000
136230  31.613  -13.311  37.410 0.0000000000
52083  32.060  -13.736  37.082 0.0000000000
53171  30.906  -12.742  36.421 0.0000000000
55159  27.427  -11.640  32.404 0.0000000000
55149  28.209  -12.132  32.840 0.0000000000
55172  27.458  -11.537  31.483 0.0000000000
132748  26.611  -11.407  31.002 0.0000000000
55173  26.015  -11.386  31.416 0.0000000000
70093  46.286  4.221  11.916 0.0000000000
70092  47.208  4.149  11.974 0.0000000000
70973  46.653  4.432  11.162 0.0000000000
54122  27.640  -11.890  40.760 0.0000000000
54123  26.688  -12.078  40.373 0.0000000000
54121  28.617  -11.882  40.701 0.0000000000
139894  28.153  -11.697  40.164 0.0000000000
70053  45.230  3.477  16.087 0.0000000000
70052  46.294  3.727  15.478 0.0000000000
70061  45.733  3.555  14.983 0.0000000000
50987  22.936  -14.800  39.981 0.0000000000
50998  22.801  -15.021  39.188 0.0000000000
50988  22.688  -15.585  39.802 0.0000000000
46961  19.964  -18.659  40.211 0.0000000000
46960  20.361  -18.605  39.483 0.0000000000
46975  19.693  -18.515  39.312 0.0000000000
136374  18.789  -18.525  38.309 0.0000000000
47962  18.913  -18.437  39.062 0.0000000000
46907  17.650  -19.131  44.875 0.0000000000
45148  14.772  -21.858  40.818 0.0000000000
45129  15.082  -21.071  41.183 0.0000000000
45147  15.064  -21.243  40.228 0.0000000000
46039  15.342  -20.623  39.594 0.0000000000
57141  36.588  -9.803  28.523 0.0000000000
58125  36.024  -8.895  28.812 0.0000000000
57142  35.905  -9.234  28.276 0.0000000000
127382  35.398  -8.775  27.963 0.0000000000
57162  35.499  -9.868  27.037 0.0000000000
53316  37.324  -13.124  25.814 0.0000000000
53334  37.799  -13.015  24.862 0.0000000000
130612  36.504  -13.541  24.447 0.0000000000
53336  35.674  -13.561  25.217 0.0000000000
51055  33.288  -16.069  33.695 0.0000000000
118417  34.496  -14.134  30.016 0.0000000000
52190  35.008  -14.170  30.766 0.0000000000
52205  35.346  -13.867  29.884 0.0000000000
53266  35.597  -13.682  29.063 0.0000000000
63302  37.776  -4.086  23.594 0.0000000000
62360  37.070  -4.169  23.015 0.0000000000
62415  42.816  -4.277  19.543 0.0000000000
62396  42.406  -4.480  19.748 0.0000000000
63348  40.489  -4.481  20.329 0.0000000000
62398  40.260  -4.762  19.566 0.0000000000
62399  39.307  -4.677  19.893 0.0000000000
62419  38.855  -4.864  19.264 0.0000000000
65257  45.784  -1.650  20.741 0.0000000000
63345  43.844  -4.099  20.240 0.0000000000
63365  43.575  -4.070  19.757 0.0000000000
64311  43.797  -3.275  19.505 0.0000000000
130397  22.262  -15.841  34.971 0.0000000000
51047  22.166  -16.022  34.283 0.0000000000
49990  22.080  -16.573  34.686 0.0000000000
49979  22.184  -16.550  35.527 0.0000000000
55112  28.106  -11.695  36.791 0.0000000000
54163  28.707  -11.826  36.303 0.0000000000
119671  25.854  -11.841  34.905 0.0000000000
55142  26.469  -11.728  34.611 0.0000000000
55143  25.623  -11.678  34.118 0.0000000000
55151  26.502  -11.553  33.735 0.0000000000
55153  24.854  -11.832  33.312 0.0000000000
55162  24.703  -11.891  32.270 0.0000000000
53210  23.076  -14.055  33.310 0.0000000000
53209  23.483  -13.502  32.975 0.0000000000
52161  22.732  -14.609  32.661 0.0000000000
69127  43.367  2.430  18.442 0.0000000000
69133  42.441  2.394  16.396 0.0000000000
69132  43.120  2.835  16.786 0.0000000000
70046  43.727  3.250  16.328 0.0000000000
69139  43.041  2.914  15.909 0.0000000000
69142  40.837  2.150  14.929 0.0000000000
69146  40.600  2.211  14.076 0.0000000000
50956  22.563  -15.676  42.760 0.0000000000
50967  22.780  -15.968  41.815 0.0000000000
133054  23.060  -16.805  41.934 0.0000000000
47920  22.865  -18.182  42.243 0.0000000000
47922  22.021  -19.229  41.716 0.0000000000
46938  21.320  -19.103  41.040 0.0000000000
46926  21.147  -19.393  42.031 0.0000000000
45989  15.727  -20.623  45.795 0.0000000000
45996  15.677  -20.431  44.951 0.0000000000
44192  14.165  -22.091  43.159 0.0000000000
45099  14.702  -21.294  43.605 0.0000000000
44209  14.206  -22.249  42.235 0.0000000000
44237  14.036  -23.145  41.037 0.0000000000
44224  13.825  -22.951  41.885 0.0000000000
135950  12.667  -24.293  42.705 0.0000000000
42249  13.069  -24.060  41.939 0.0000000000
41311  11.709  -25.096  43.879 0.0000000000
40468  11.113  -25.856  44.012 0.0000000000
57126  38.330  -10.301  30.058 0.0000000000
135562  37.489  -9.601  30.484 0.0000000000
57127  37.529  -10.055  29.598 0.0000000000
56151  37.918  -10.960  28.213 0.0000000000
55207  38.101  -11.414  27.668 0.0000000000
123820  38.058  -11.866  27.266 0.0000000000
54282  37.856  -12.068  26.577 0.0000000000
53298  37.945  -12.504  27.286 0.0000000000
52176  30.980  -14.314  31.200 0.0000000000
52175  31.513  -14.912  31.589 0.0000000000
52195  31.054  -14.400  30.477 0.0000000000
125604  31.532  -14.508  30.004 0.0000000000
52220  31.768  -14.343  29.403 0.0000000000
52219  32.394  -14.191  29.173 0.0000000000
133817  31.750  -14.100  28.748 0.0000000000
53304  30.967  -13.691  27.429 0.0000000000
61197  35.072  -5.280  23.826 0.0000000000
59179  32.085  -7.167  22.756 0.0000000000
60208  32.935  -6.259  22.803 0.0000000000
60209  32.442  -6.600  22.284 0.0000000000
71013  53.445  4.631  5.217 0.0000000000
71003  54.333  4.801  5.780 0.0000000000
71021  53.521  4.113  4.520 0.0000000000
66218  40.910  -0.059  17.587 0.0000000000
66211  40.332  -0.693  17.666 0.0000000000
123170  39.426  -2.575  17.650 0.0000000000
65282  39.115  -1.430  17.291 0.0000000000
63380  40.305  -4.388  18.499 0.0000000000
62444  39.422  -4.768  18.000 0.0000000000
61265  37.982  -5.128  17.614 0.0000000000
62453  37.724  -4.346  16.972 0.0000000000
66198  45.351  -0.782  20.394 0.0000000000
67174  46.326  0.058  21.033 0.0000000000
67179  44.022  0.053  19.777 0.0000000000
67176  44.710  0.141  20.249 0.0000000000
135697  44.158  0.937  20.001 0.0000000000
68187  43.838  1.664  19.590 0.0000000000
66209  41.844  -0.842  18.464 0.0000000000
140521  42.096  0.298  18.156 0.0000000000
67187  41.649  -0.039  18.003 0.0000000000
67197  41.362  0.563  17.451 0.0000000000
51009  34.736  -15.107  37.718 0.0000000000
51020  35.229  -15.161  37.079 0.0000000000
52111  32.450  -14.321  35.859 0.0000000000
51023  33.002  -14.683  36.244 0.0000000000
52127  32.364  -14.692  34.994 0.0000000000
52128  31.794  -13.964  34.482 0.0000000000
54177  29.319  -12.022  35.626 0.0000000000
54188  29.388  -12.208  34.639 0.0000000000
54208  29.340  -12.569  32.855 0.0000000000
53208  29.930  -12.751  33.317 0.0000000000
127065  30.385  -13.131  32.979 0.0000000000
53220  30.506  -13.397  32.349 0.0000000000
54237  28.830  -12.189  30.602 0.0000000000
132687  28.857  -12.167  29.831 0.0000000000
55199  27.774  -11.751  29.093 0.0000000000
54224  24.239  -12.445  31.980 0.0000000000
121473  24.189  -12.470  31.025 0.0000000000
54239  23.654  -13.049  30.898 0.0000000000
70951  49.066  4.342  14.113 0.0000000000
70966  49.160  4.175  12.071 0.0000000000
70970  49.816  4.494  11.726 0.0000000000
70977  49.295  4.509  11.141 0.0000000000
70987  46.144  4.522  9.228 0.0000000000
70980  46.169  4.551  10.209 0.0000000000
70985  48.320  5.088  9.032 0.0000000000
122905  47.864  4.868  9.558 0.0000000000
70984  49.149  5.132  9.408 0.0000000000
137147  49.314  4.843  10.307 0.0000000000
71859  49.779  5.391  8.866 0.0000000000
71875  49.448  5.093  7.013 0.0000000000
71867  49.569  5.479  7.888 0.0000000000
71007  50.063  4.962  6.347 0.0000000000
54152  25.594  -12.344  37.549 0.0000000000
54143  24.987  -12.801  38.031 0.0000000000
136681  25.220  -12.747  40.407 0.0000000000
53144  25.179  -12.810  39.669 0.0000000000
132451  24.593  -13.227  40.052 0.0000000000
52060  23.931  -13.743  39.720 0.0000000000
141490  24.643  -13.105  40.671 0.0000000000
53112  25.384  -12.692  42.603 0.0000000000
53113  24.526  -13.139  42.255 0.0000000000
127607  24.012  -13.456  42.712 0.0000000000
136385  23.125  -14.370  42.306 0.0000000000
50995  35.828  -15.374  38.844 0.0000000000
52069  32.727  -14.246  38.239 0.0000000000
54120  29.883  -11.941  40.023 0.0000000000
54129  30.436  -12.205  39.334 0.0000000000
53151  30.920  -12.555  38.655 0.0000000000
54138  30.190  -12.118  38.516 0.0000000000
54139  29.516  -11.824  38.292 0.0000000000
54131  28.893  -11.607  38.864 0.0000000000
125621  27.305  -11.726  39.052 0.0000000000
54150  27.228  -11.633  38.067 0.0000000000
54151  26.323  -11.943  37.895 0.0000000000
66227  38.115  -0.321  15.895 0.0000000000
133956  46.426  3.622  14.010 0.0000000000
70084  46.055  3.937  12.676 0.0000000000
70085  45.181  3.834  12.813 0.0000000000
70063  43.595  3.330  14.531 0.0000000000
70077  43.420  3.454  13.509 0.0000000000
70087  43.426  3.722  12.377 0.0000000000
70096  42.956  3.724  11.578 0.0000000000
117664  43.649  3.980  11.399 0.0000000000
52097  23.158  -14.412  36.665 0.0000000000
52084  23.251  -14.456  37.541 0.0000000000
128688  22.517  -15.924  38.208 0.0000000000
49960  22.426  -16.419  37.507 0.0000000000
48980  22.045  -17.404  36.057 0.0000000000
48970  22.211  -17.322  37.040 0.0000000000
48942  22.868  -17.603  39.976 0.0000000000
129578  22.713  -16.624  39.586 0.0000000000
47961  20.995  -18.606  38.209 0.0000000000
47960  21.691  -18.225  38.235 0.0000000000
47978  20.774  -18.641  37.371 0.0000000000
47007  20.226  -18.875  36.712 0.0000000000
139840  19.485  -18.843  37.047 0.0000000000
122998  17.781  -19.016  37.000 0.0000000000
46991  18.658  -18.888  36.940 0.0000000000
46917  19.444  -18.735  43.515 0.0000000000
47912  19.131  -18.634  42.061 0.0000000000
47913  18.221  -18.431  42.178 0.0000000000
46002  15.974  -19.986  43.719 0.0000000000
46920  16.192  -19.584  43.091 0.0000000000
46941  16.167  -18.849  41.019 0.0000000000
46931  16.365  -18.886  42.022 0.0000000000
47936  17.742  -18.350  40.612 0.0000000000
47937  16.747  -18.523  40.359 0.0000000000
47949  16.614  -18.735  39.486 0.0000000000
129065  10.729  -26.277  45.564 0.0000000000
141285  10.406  -26.815  45.690 0.0000000000
133254  9.766  -28.041  45.986 0.0000000000
39552  10.173  -27.351  45.432 0.0000000000
120983  38.394  -3.908  24.352 0.0000000000
62347  36.752  -4.943  25.423 0.0000000000
125824  36.383  -5.301  25.880 0.0000000000
61169  35.808  -5.877  26.844 0.0000000000
61178  35.616  -5.787  25.970 0.0000000000
60156  34.903  -6.406  26.019 0.0000000000
127946  34.262  -6.813  25.629 0.0000000000
60157  34.530  -6.947  26.415 0.0000000000
58133  34.609  -8.355  27.135 0.0000000000
59128  34.780  -7.624  27.409 0.0000000000
58144  34.183  -8.521  26.518 0.0000000000
57164  34.117  -9.155  26.205 0.0000000000
118195  36.406  -10.706  25.753 0.0000000000
56200  35.911  -11.035  24.446 0.0000000000
136407  37.571  -11.067  26.464 0.0000000000
54299  38.034  -12.790  24.046 0.0000000000
54300  37.983  -12.260  23.698 0.0000000000
53360  37.157  -13.186  23.104 0.0000000000
129878  35.423  -13.545  22.990 0.0000000000
119869  33.688  -13.896  22.441 0.0000000000
121302  35.729  -15.048  36.484 0.0000000000
51032  35.452  -14.996  35.678 0.0000000000
52126  35.773  -14.694  34.213 0.0000000000
51042  36.035  -14.710  35.059 0.0000000000
52125  36.601  -14.444  34.422 0.0000000000
52138  37.116  -14.074  33.814 0.0000000000
138593  33.623  -15.788  32.247 0.0000000000
52171  35.879  -14.099  31.976 0.0000000000
120433  36.706  -13.907  32.248 0.0000000000
52153  37.445  -13.799  32.580 0.0000000000
137148  38.048  -13.695  32.261 0.0000000000
52152  38.773  -13.619  32.401 0.0000000000
53251  37.736  -13.555  30.297 0.0000000000
53250  38.749  -13.315  30.106 0.0000000000
118621  39.477  -12.898  29.580 0.0000000000
53264  38.891  -13.251  29.172 0.0000000000
53263  39.312  -12.724  28.946 0.0000000000
119684  37.973  -13.377  29.003 0.0000000000
53284  35.915  -13.561  28.296 0.0000000000
118112  36.800  -13.447  28.243 0.0000000000
53300  36.420  -13.421  27.534 0.0000000000
53302  33.466  -13.567  27.166 0.0000000000
53320  33.442  -13.513  26.452 0.0000000000
119419  33.872  -13.488  25.829 0.0000000000
53337  34.545  -13.489  24.932 0.0000000000
123073  39.936  -3.406  22.823 0.0000000000
63320  40.175  -3.632  21.893 0.0000000000
63321  39.399  -3.770  22.340 0.0000000000
62382  37.042  -4.204  21.156 0.0000000000
62401  37.499  -4.428  20.310 0.0000000000
62402  36.514  -4.421  20.215 0.0000000000
61208  34.328  -5.146  22.329 0.0000000000
62385  34.872  -4.681  21.662 0.0000000000
61243  34.151  -5.306  19.386 0.0000000000
62422  35.720  -4.653  19.559 0.0000000000
61242  34.961  -5.066  18.916 0.0000000000
133446  55.707  5.138  4.198 0.0000000000
71892  55.644  5.171  3.464 0.0000000000
71895  55.893  6.017  2.822 0.0000000000
71015  51.036  4.348  5.209 0.0000000000
70120  51.074  3.696  4.846 0.0000000000
63346  43.154  -4.146  20.638 0.0000000000
63334  40.008  -4.109  21.170 0.0000000000
53199  23.089  -14.140  34.124 0.0000000000
52130  22.734  -14.679  34.441 0.0000000000
52114  22.563  -14.989  35.215 0.0000000000
55122  26.284  -11.963  36.439 0.0000000000
120973  27.042  -11.744  36.150 0.0000000000
55123  25.754  -12.155  36.041 0.0000000000
55135  25.529  -12.115  35.415 0.0000000000
54199  24.333  -12.476  33.769 0.0000000000
54192  23.921  -13.043  34.187 0.0000000000
129277  23.499  -13.553  33.769 0.0000000000
68222  40.066  1.765  14.630 0.0000000000
68196  42.415  1.473  17.646 0.0000000000
68202  42.125  1.837  16.894 0.0000000000
135094  41.986  2.017  16.434 0.0000000000
69134  41.857  2.169  15.963 0.0000000000
68213  41.167  1.892  15.714 0.0000000000
49928  22.689  -16.388  43.441 0.0000000000
49931  22.946  -17.152  42.524 0.0000000000
49927  22.886  -17.020  43.236 0.0000000000
41310  12.240  -24.579  43.441 0.0000000000
42208  11.744  -24.752  44.904 0.0000000000
57105  38.612  -9.974  31.489 0.0000000000
56144  38.378  -10.620  29.426 0.0000000000
129599  38.508  -10.996  28.987 0.0000000000
139264  38.725  -11.116  29.094 0.0000000000
55197  38.999  -11.344  29.054 0.0000000000
54270  38.736  -11.665  28.418 0.0000000000
53270  30.071  -13.299  29.822 0.0000000000
53269  30.514  -13.809  29.161 0.0000000000
53288  31.206  -13.874  28.358 0.0000000000
53289  30.525  -13.689  28.323 0.0000000000
60181  34.222  -6.397  24.778 0.0000000000
61189  34.085  -6.070  24.065 0.0000000000
60182  33.491  -6.578  24.178 0.0000000000
59162  32.249  -7.563  23.538 0.0000000000
71864  51.964  6.062  8.314 0.0000000000
118590  51.913  5.827  9.081 0.0000000000
138618  54.015  5.179  6.384 0.0000000000
65273  40.632  -1.546  18.081 0.0000000000
64326  40.225  -2.243  18.030 0.0000000000
62436  39.165  -5.109  18.441 0.0000000000
122997  39.191  -5.129  18.078 0.0000000000
61256  38.752  -5.301  18.018 0.0000000000
65262  44.463  -1.638  19.663 0.0000000000
66199  44.623  -0.808  19.902 0.0000000000
66203  43.198  -0.820  19.207 0.0000000000
126373  43.457  -0.096  19.410 0.0000000000
67181  42.870  0.129  19.004 0.0000000000
66204  42.530  -0.792  18.829 0.0000000000
122606  21.874  -17.991  33.772 0.0000000000
47048  19.826  -19.802  34.516 0.0000000000
130341  19.474  -19.468  35.305 0.0000000000
52081  33.131  -14.545  37.725 0.0000000000
51011  33.111  -14.626  37.029 0.0000000000
52096  32.020  -13.735  36.263 0.0000000000
136743  28.251  -12.181  33.611 0.0000000000
54189  28.700  -12.160  34.216 0.0000000000
54198  28.781  -12.328  33.276 0.0000000000
54209  28.798  -12.346  32.388 0.0000000000
54222  29.339  -12.619  31.990 0.0000000000
55171  28.232  -11.803  30.983 0.0000000000
55190  27.226  -11.570  29.593 0.0000000000
55182  26.464  -11.519  30.039 0.0000000000
55192  25.794  -11.785  29.666 0.0000000000
55240  35.494  -11.330  23.773 0.0000000000
70083  47.746  3.708  12.865 0.0000000000
70082  48.744  3.723  12.841 0.0000000000
118309  46.738  4.599  8.665 0.0000000000
70992  47.208  4.687  8.127 0.0000000000
70991  48.002  4.968  8.063 0.0000000000
120170  48.741  4.626  6.710 0.0000000000
54133  26.573  -12.093  39.567 0.0000000000
54134  25.803  -12.411  39.233 0.0000000000
54124  25.981  -12.362  40.905 0.0000000000
70051  47.031  3.887  15.169 0.0000000000
70060  46.428  3.655  14.710 0.0000000000
118310  45.763  3.618  14.220 0.0000000000
138178  42.785  3.454  12.849 0.0000000000
52072  23.201  -14.543  38.470 0.0000000000
50999  22.730  -15.276  38.394 0.0000000000
49951  22.490  -16.712  38.527 0.0000000000
47933  21.885  -18.722  40.252 0.0000000000
47945  21.575  -18.533  39.471 0.0000000000
46959  20.947  -18.657  39.118 0.0000000000
46974  20.274  -18.596  38.723 0.0000000000
47979  18.303  -18.688  37.719 0.0000000000
47980  17.488  -18.827  37.887 0.0000000000
46905  19.219  -18.753  44.424 0.0000000000
134066  18.413  -18.610  43.828 0.0000000000
46010  15.374  -20.407  42.144 0.0000000000
46932  15.849  -19.647  42.348 0.0000000000
46021  15.386  -20.242  41.374 0.0000000000
46951  15.652  -19.553  40.721 0.0000000000
46963  15.622  -19.749  39.842 0.0000000000
46962  16.047  -19.251  39.260 0.0000000000
62337  37.007  -5.082  26.176 0.0000000000
61176  37.156  -5.208  26.943 0.0000000000
124484  35.579  -6.278  27.504 0.0000000000
122951  36.165  -8.275  30.088 0.0000000000
132087  36.229  -7.657  30.787 0.0000000000
58116  35.776  -8.157  29.341 0.0000000000
59127  35.168  -7.461  28.115 0.0000000000
57155  35.109  -8.982  27.427 0.0000000000
127754  36.086  -10.482  26.566 0.0000000000
54290  37.716  -11.580  26.076 0.0000000000
55226  37.775  -11.525  25.357 0.0000000000
138152  37.123  -13.381  23.755 0.0000000000
53349  34.941  -13.520  23.845 0.0000000000
125136  33.937  -15.368  35.190 0.0000000000
51044  34.413  -15.454  34.562 0.0000000000
51053  34.966  -15.217  33.951 0.0000000000
52141  34.732  -15.182  33.081 0.0000000000
128069  33.635  -14.855  30.848 0.0000000000
52173  34.367  -14.727  31.264 0.0000000000
127263  35.687  -14.028  31.266 0.0000000000
52188  36.545  -13.823  31.310 0.0000000000
53252  36.850  -13.680  30.411 0.0000000000
53265  37.317  -13.531  29.669 0.0000000000
135214  36.313  -13.571  28.853 0.0000000000
120595  32.100  -13.452  26.076 0.0000000000
53321  32.754  -13.513  26.692 0.0000000000
53339  32.344  -13.432  25.153 0.0000000000
53351  32.623  -13.481  24.078 0.0000000000
135610  31.855  -13.904  23.577 0.0000000000
63322  38.647  -3.939  22.528 0.0000000000
63323  37.842  -4.030  22.705 0.0000000000
62369  37.065  -4.084  22.115 0.0000000000
62383  36.259  -4.183  21.650 0.0000000000
61217  33.107  -5.774  21.231 0.0000000000
61230  33.362  -5.599  20.418 0.0000000000
133227  54.971  4.220  4.758 0.0000000000
71889  55.448  4.691  4.693 0.0000000000
63377  42.519  -3.601  18.938 0.0000000000
63378  42.028  -4.061  18.858 0.0000000000
62435  41.352  -4.473  18.931 0.0000000000
62417  40.477  -4.738  18.912 0.0000000000
62397  41.384  -4.640  19.571 0.0000000000
62420  37.546  -4.950  18.919 0.0000000000
134141  44.819  -3.218  20.371 0.0000000000
64310  44.617  -2.707  19.850 0.0000000000
49015  22.008  -17.197  33.411 0.0000000000
51058  22.215  -15.907  33.612 0.0000000000
50001  22.063  -16.554  33.897 0.0000000000
48018  21.835  -17.993  34.660 0.0000000000
48003  21.802  -17.973  35.487 0.0000000000
54161  30.198  -12.385  37.095 0.0000000000
54162  29.428  -12.032  36.633 0.0000000000
54178  28.620  -11.880  35.602 0.0000000000
55132  28.268  -11.944  35.030 0.0000000000
55133  27.314  -11.808  35.120 0.0000000000
54190  27.931  -12.061  34.264 0.0000000000
55160  26.479  -11.427  32.785 0.0000000000
121777  25.964  -11.346  32.049 0.0000000000
55174  25.210  -11.596  31.517 0.0000000000
55161  25.449  -11.475  32.549 0.0000000000
54225  23.753  -12.971  31.647 0.0000000000
53222  23.419  -13.512  32.165 0.0000000000
70981  45.196  4.401  10.254 0.0000000000
54107  27.482  -12.044  41.556 0.0000000000
54091  28.159  -12.235  42.144 0.0000000000
70036  44.489  3.419  18.406 0.0000000000
70041  44.311  3.428  17.638 0.0000000000
69129  43.240  2.745  17.618 0.0000000000
70045  44.575  3.432  16.779 0.0000000000
70054  44.445  3.389  15.813 0.0000000000
70064  42.821  3.147  14.180 0.0000000000
69144  42.224  2.778  14.691 0.0000000000
69155  42.038  2.926  13.807 0.0000000000
69156  41.150  2.582  13.320 0.0000000000
52038  22.777  -15.146  41.306 0.0000000000
138348  22.834  -15.852  41.053 0.0000000000
49935  23.210  -16.771  41.147 0.0000000000
48936  23.158  -17.559  41.795 0.0000000000
47921  22.863  -18.525  41.472 0.0000000000
47932  22.714  -18.363  40.476 0.0000000000
46948  20.511  -18.875  40.814 0.0000000000
46949  19.906  -18.811  41.136 0.0000000000
45995  16.348  -19.868  44.566 0.0000000000
136044  15.374  -20.566  43.621 0.0000000000
45098  15.144  -20.893  42.806 0.0000000000
45113  14.989  -21.062  42.006 0.0000000000
45130  14.683  -21.713  41.698 0.0000000000
58095  36.779  -8.772  31.060 0.0000000000
57152  37.158  -10.499  28.161 0.0000000000
56162  37.633  -11.150  26.930 0.0000000000
56161  37.869  -11.233  27.623 0.0000000000
55208  37.796  -11.262  26.848 0.0000000000
52159  31.608  -15.078  32.365 0.0000000000
51067  32.151  -15.839  32.618 0.0000000000
51068  32.080  -15.556  31.787 0.0000000000
127129  32.751  -15.312  31.167 0.0000000000
52193  32.161  -14.880  30.583 0.0000000000
52192  32.905  -14.792  30.384 0.0000000000
52191  33.711  -14.415  30.163 0.0000000000
52206  33.887  -13.995  29.449 0.0000000000
52217  34.101  -13.693  28.626 0.0000000000
52218  33.215  -13.870  28.915 0.0000000000
53287  32.523  -13.849  28.400 0.0000000000
119705  31.914  -13.565  27.009 0.0000000000
62362  35.643  -4.855  23.686 0.0000000000
62361  36.333  -4.444  23.411 0.0000000000
62372  34.978  -4.941  23.063 0.0000000000
60198  33.517  -6.128  23.433 0.0000000000
61209  33.590  -5.732  22.662 0.0000000000
124362  33.585  -5.535  21.902 0.0000000000
60218  32.384  -6.522  21.338 0.0000000000
71011  55.055  4.584  5.315 0.0000000000
71020  54.393  3.939  4.356 0.0000000000
67206  40.325  0.777  16.723 0.0000000000
67207  39.489  0.328  16.585 0.0000000000
139146  39.039  -0.239  16.665 0.0000000000
63391  39.034  -3.732  17.583 0.0000000000
63401  38.207  -3.534  17.121 0.0000000000
69124  44.185  2.404  19.572 0.0000000000
68189  43.346  1.658  19.018 0.0000000000
68190  42.921  1.572  18.359 0.0000000000
67186  42.500  0.710  18.335 0.0000000000
141152  40.765  0.502  17.185 0.0000000000
139403  37.030  -15.115  38.120 0.0000000000
135765  36.794  -14.973  37.483 0.0000000000
51007  36.022  -15.126  37.311 0.0000000000
121236  34.946  -15.154  36.257 0.0000000000
51022  33.710  -14.943  36.556 0.0000000000
51034  33.494  -15.026  35.742 0.0000000000
51035  33.133  -15.241  35.079 0.0000000000
51046  32.709  -15.594  34.358 0.0000000000
53182  30.802  -12.772  35.499 0.0000000000
53195  31.326  -13.349  34.975 0.0000000000
53197  30.006  -12.573  34.168 0.0000000000
53196  30.698  -12.887  34.573 0.0000000000
53206  31.203  -13.456  34.055 0.0000000000
52143  31.572  -14.125  33.615 0.0000000000
138179  31.365  -14.418  32.876 0.0000000000
53236  30.445  -13.526  31.540 0.0000000000
53254  29.961  -13.101  30.833 0.0000000000
54236  29.354  -12.635  31.135 0.0000000000
137385  28.695  -12.356  28.562 0.0000000000
55183  24.824  -11.907  30.769 0.0000000000
58157  33.200  -8.865  25.275 0.0000000000
71848  50.933  5.103  11.225 0.0000000000
137656  47.060  4.598  10.528 0.0000000000
70979  47.908  4.674  10.392 0.0000000000
140910  48.740  4.624  10.596 0.0000000000
70976  50.097  4.822  10.919 0.0000000000
71853  50.734  5.304  10.264 0.0000000000
71865  51.254  5.772  8.736 0.0000000000
71866  50.419  5.701  8.279 0.0000000000
71873  51.202  5.894  7.669 0.0000000000
133013  51.536  5.305  6.108 0.0000000000
71006  50.835  4.948  5.861 0.0000000000
53172  24.246  -13.317  36.732 0.0000000000
53160  24.367  -13.363  37.605 0.0000000000
53152  25.102  -12.838  38.883 0.0000000000
52071  23.874  -13.880  38.892 0.0000000000
129357  23.432  -14.193  40.098 0.0000000000
52049  23.171  -14.454  40.777 0.0000000000
54108  26.562  -12.168  41.675 0.0000000000
54109  25.714  -12.509  41.750 0.0000000000
53111  26.112  -12.484  43.301 0.0000000000
53125  25.020  -12.842  41.787 0.0000000000
131762  24.367  -13.282  41.358 0.0000000000
53126  23.658  -13.886  41.260 0.0000000000
52037  23.168  -14.415  41.616 0.0000000000
52023  22.722  -14.781  42.979 0.0000000000
52008  22.624  -14.821  43.901 0.0000000000
50943  22.532  -15.592  43.641 0.0000000000
50992  38.378  -14.675  38.756 0.0000000000
50993  37.618  -14.927  38.444 0.0000000000
50994  36.344  -15.245  38.101 0.0000000000
50997  34.247  -14.955  38.392 0.0000000000
52070  32.054  -13.633  37.971 0.0000000000
53158  31.339  -12.992  37.984 0.0000000000
53159  30.613  -12.465  37.889 0.0000000000
54149  28.795  -11.759  37.126 0.0000000000
55109  28.112  -11.542  37.603 0.0000000000
54140  28.102  -11.495  38.508 0.0000000000
137610  27.459  -11.655  37.196 0.0000000000
54164  26.232  -11.983  37.121 0.0000000000
67222  38.377  0.350  15.490 0.0000000000
141021  48.806  4.986  14.695 0.0000000000
70058  48.792  3.790  13.856 0.0000000000
70059  47.780  4.029  14.802 0.0000000000
119879  48.150  3.606  14.125 0.0000000000
70073  47.746  3.534  13.665 0.0000000000
70075  45.087  3.648  13.678 0.0000000000
70086  44.308  3.705  13.091 0.0000000000
53173  23.600  -13.810  36.252 0.0000000000
52098  22.668  -14.982  36.235 0.0000000000
51024  22.532  -15.673  36.792 0.0000000000
142184  21.786  -17.985  36.049 0.0000000000
139676  22.330  -17.342  38.476 0.0000000000
47959  21.959  -18.149  38.933 0.0000000000
133115  22.119  -17.761  38.378 0.0000000000
47976  21.970  -17.878  37.621 0.0000000000
127362  21.413  -18.411  35.894 0.0000000000
134907  20.719  -18.859  35.953 0.0000000000
133800  20.029  -19.136  35.892 0.0000000000
117722  18.574  -19.627  35.449 0.0000000000
46927  20.438  -19.220  42.392 0.0000000000
46940  19.869  -18.944  41.890 0.0000000000
47923  19.371  -18.670  41.441 0.0000000000
47934  19.266  -18.571  40.750 0.0000000000
46918  17.395  -18.883  43.753 0.0000000000
46930  17.808  -18.543  42.993 0.0000000000
140250  16.295  -19.262  42.622 0.0000000000
47914  17.248  -18.459  42.195 0.0000000000
47925  17.737  -18.357  41.526 0.0000000000
47935  18.607  -18.431  40.456 0.0000000000
124592  17.716  -18.477  39.203 0.0000000000
47964  17.180  -18.646  38.804 0.0000000000
46976  16.769  -19.103  38.101 0.0000000000
46977  16.174  -19.525  38.455 0.0000000000
40454  10.910  -26.054  44.823 0.0000000000
40461  10.630  -26.552  44.264 0.0000000000
39563  10.220  -27.260  44.600 0.0000000000
138516  37.689  -4.231  24.403 0.0000000000
62355  36.367  -4.803  24.466 0.0000000000
127433  35.401  -5.656  25.093 0.0000000000
59143  33.673  -7.575  25.624 0.0000000000
125994  35.027  -6.940  27.573 0.0000000000
60147  34.705  -7.127  27.014 0.0000000000
59137  33.839  -8.037  26.162 0.0000000000
135163  33.460  -8.243  25.626 0.0000000000
57171  33.775  -9.589  25.591 0.0000000000
56188  34.554  -10.306  25.511 0.0000000000
56201  34.837  -10.894  24.689 0.0000000000
55254  37.443  -12.017  23.164 0.0000000000
56174  37.174  -10.795  26.288 0.0000000000
56187  37.339  -10.947  25.404 0.0000000000
55227  37.821  -11.459  24.701 0.0000000000
55238  37.777  -11.644  23.908 0.0000000000
53370  36.834  -12.978  22.261 0.0000000000
53371  36.013  -13.465  21.499 0.0000000000
53384  35.100  -14.092  21.432 0.0000000000
56136  40.179  -11.202  30.808 0.0000000000
51018  37.334  -14.752  36.897 0.0000000000
52094  37.934  -14.636  36.267 0.0000000000
52110  36.897  -14.649  35.237 0.0000000000
52109  37.732  -14.525  35.438 0.0000000000
52136  39.097  -13.854  34.169 0.0000000000
51066  33.043  -16.096  32.820 0.0000000000
52155  35.279  -14.602  32.488 0.0000000000
123835  36.862  -14.045  33.044 0.0000000000
52151  38.943  -13.677  33.259 0.0000000000
53219  39.707  -13.501  32.574 0.0000000000
53235  38.113  -13.521  30.968 0.0000000000
118917  39.052  -13.290  30.971 0.0000000000
53248  40.063  -12.909  30.995 0.0000000000
54235  39.951  -12.440  30.221 0.0000000000
54247  40.090  -11.648  30.369 0.0000000000
53281  38.967  -12.301  28.511 0.0000000000
119301  38.066  -12.864  27.873 0.0000000000
53283  37.674  -13.227  28.323 0.0000000000
119683  36.952  -13.275  26.708 0.0000000000
53317  36.593  -13.429  26.128 0.0000000000
118339  35.107  -13.532  26.783 0.0000000000
53318  35.836  -13.571  26.042 0.0000000000
53362  33.181  -13.613  23.202 0.0000000000
142294  40.780  -3.460  21.790 0.0000000000
132720  39.250  -4.191  21.295 0.0000000000
126515  38.901  -4.038  21.883 0.0000000000
63335  38.591  -4.196  21.378 0.0000000000
63350  38.860  -4.387  20.754 0.0000000000
62400  38.404  -4.542  20.158 0.0000000000
62421  36.629  -4.728  19.241 0.0000000000
126149  35.579  -4.366  22.023 0.0000000000
62404  34.823  -4.729  20.794 0.0000000000
62403  35.592  -4.497  20.453 0.0000000000
138039  51.933  5.087  5.652 0.0000000000
130798  51.816  4.645  5.136 0.0000000000
47947  18.231  -18.411  39.663 0.0000000000
51031  36.315  -14.875  35.875 0.0000000000
51033  34.228  -15.188  36.002 0.0000000000
51065  33.927  -15.760  32.944 0.0000000000
52022  23.389  -13.994  42.818 0.0000000000
52073  22.888  -14.940  37.824 0.0000000000
52139  36.322  -14.353  33.601 0.0000000000
52158  31.799  -15.043  33.190 0.0000000000
52174  31.999  -15.113  31.195 0.0000000000
53170  31.523  -13.279  36.727 0.0000000000
54141  26.473  -12.012  38.729 0.0000000000
54211  23.855  -12.972  32.522 0.0000000000
55113  26.897  -11.766  36.821 0.0000000000
55136  24.910  -12.288  35.034 0.0000000000
59198  31.851  -7.157  21.839 0.0000000000
60133  35.949  -6.128  28.071 0.0000000000
62371  35.618  -4.514  22.815 0.0000000000
63366  43.061  -3.779  19.291 0.0000000000
69125  43.701  2.261  19.129 0.0000000000
130700  25.294  -11.995  34.745 0.0000000000
131463  23.135  -17.011  40.387 0.0000000000
134843  24.517  -12.342  30.322 0.0000000000
135005  45.100  3.458  15.329 0.0000000000
136126  30.201  -13.156  31.990 0.0000000000
136576  42.623  -4.377  20.298 0.0000000000
136679  37.515  -13.876  33.251 0.0000000000
139064  32.534  -6.663  22.838 0.0000000000
139873  49.010  3.717  13.359 0.0000000000
140220  15.576  -19.940  41.866 0.0000000000
141247  38.165  -11.194  28.268 0.0000000000
