#!ascii label  , from subject sub-v1s10x0050958_ses-1 vox2ras=TkReg
1348
100199  -40.267  -34.120  27.678 0.0000000000
54166  -50.979  -20.932  26.008 0.0000000000
48041  -45.494  -28.380  26.465 0.0000000000
22898  -13.253  -57.060  46.924 0.0000000000
38663  -37.221  -39.477  32.889 0.0000000000
26945  -28.594  -52.621  43.950 0.0000000000
25047  -35.329  -54.215  42.054 0.0000000000
30788  -39.689  -48.677  37.320 0.0000000000
34457  -40.049  -44.491  37.139 0.0000000000
27954  -21.063  -51.474  41.546 0.0000000000
26921  -25.975  -52.563  46.026 0.0000000000
30731  -25.244  -48.976  41.269 0.0000000000
28027  -31.550  -51.500  36.640 0.0000000000
28031  -36.457  -51.543  36.682 0.0000000000
40293  -42.502  -37.771  33.867 0.0000000000
95224  -43.097  -33.952  32.175 0.0000000000
50702  -48.027  -25.188  25.671 0.0000000000
46366  -40.919  -29.797  27.962 0.0000000000
55787  -50.757  -19.919  21.003 0.0000000000
20774  -9.398  -58.975  48.064 0.0000000000
37869  -41.636  -40.652  36.428 0.0000000000
40352  -39.146  -37.650  28.685 0.0000000000
30765  -27.894  -49.127  39.013 0.0000000000
25086  -31.278  -54.233  39.616 0.0000000000
46324  -45.786  -30.588  31.472 0.0000000000
58238  -57.737  -16.447  18.232 0.0000000000
30816  -37.877  -47.915  35.090 0.0000000000
107219  -38.374  -45.968  34.863 0.0000000000
29798  -23.092  -49.912  41.173 0.0000000000
29878  -33.918  -49.933  34.118 0.0000000000
29881  -36.445  -49.599  34.899 0.0000000000
28911  -38.783  -50.845  37.012 0.0000000000
41391  -41.585  -36.444  29.402 0.0000000000
42295  -42.788  -35.873  32.468 0.0000000000
43194  -42.189  -34.611  29.096 0.0000000000
52445  -50.025  -22.927  26.314 0.0000000000
49826  -51.010  -25.692  27.591 0.0000000000
55750  -52.826  -19.853  25.753 0.0000000000
22935  -11.711  -56.360  44.714 0.0000000000
21826  -11.348  -57.957  47.619 0.0000000000
37042  -38.751  -41.876  35.256 0.0000000000
36184  -40.518  -42.464  37.423 0.0000000000
37889  -39.155  -40.308  34.874 0.0000000000
38680  -39.884  -38.862  32.910 0.0000000000
39428  -38.549  -38.540  31.372 0.0000000000
27908  -27.519  -52.022  45.275 0.0000000000
24971  -28.577  -54.268  47.824 0.0000000000
24994  -30.711  -54.553  46.196 0.0000000000
23979  -30.879  -55.295  43.779 0.0000000000
31774  -26.415  -47.515  37.455 0.0000000000
30793  -27.776  -48.468  36.333 0.0000000000
113997  -33.791  -51.921  40.071 0.0000000000
105030  -32.105  -52.397  40.789 0.0000000000
25063  -33.486  -53.725  40.870 0.0000000000
23009  -34.252  -56.572  39.314 0.0000000000
25016  -17.221  -54.149  43.840 0.0000000000
23939  -19.473  -55.571  47.426 0.0000000000
96052  -19.479  -56.920  50.456 0.0000000000
47198  -43.358  -29.457  26.563 0.0000000000
45576  -43.082  -30.295  29.803 0.0000000000
47164  -45.445  -28.898  28.909 0.0000000000
59064  -60.066  -13.632  18.411 0.0000000000
21789  -12.772  -57.993  50.237 0.0000000000
29828  -41.374  -49.221  39.913 0.0000000000
32624  -41.770  -46.620  40.215 0.0000000000
32669  -40.137  -46.521  37.574 0.0000000000
35329  -38.861  -43.929  35.237 0.0000000000
26000  -21.902  -53.439  44.287 0.0000000000
25975  -23.865  -53.774  46.259 0.0000000000
27924  -23.448  -51.903  43.428 0.0000000000
28839  -25.773  -50.479  43.271 0.0000000000
29774  -27.039  -50.008  42.821 0.0000000000
112554  -29.449  -49.903  35.194 0.0000000000
28953  -31.552  -50.306  34.515 0.0000000000
28028  -33.903  -51.628  36.550 0.0000000000
27983  -35.842  -52.171  39.122 0.0000000000
27011  -38.354  -52.293  39.520 0.0000000000
27987  -40.444  -51.440  39.538 0.0000000000
26976  -19.621  -52.047  41.569 0.0000000000
38631  -44.212  -38.824  37.827 0.0000000000
112935  -44.609  -36.474  40.687 0.0000000000
40267  -43.236  -36.451  36.684 0.0000000000
97348  -43.052  -34.486  35.167 0.0000000000
48951  -47.019  -26.959  26.044 0.0000000000
48019  -47.661  -28.372  28.526 0.0000000000
48930  -49.170  -27.144  27.717 0.0000000000
16594  -5.392  -64.015  48.703 0.0000000000
44806  -39.910  -31.893  27.826 0.0000000000
47220  -41.234  -29.638  24.520 0.0000000000
48976  -44.750  -26.837  23.916 0.0000000000
50711  -46.456  -25.169  24.181 0.0000000000
52452  -47.579  -22.918  24.242 0.0000000000
101568  -49.407  -21.102  24.427 0.0000000000
54958  -50.718  -20.517  23.403 0.0000000000
54968  -48.940  -20.869  21.834 0.0000000000
19781  -10.489  -59.404  51.805 0.0000000000
18959  -8.936  -60.625  51.335 0.0000000000
17371  -6.812  -62.585  50.220 0.0000000000
36967  -43.641  -41.399  42.828 0.0000000000
34421  -41.831  -44.548  39.617 0.0000000000
36155  -42.186  -42.235  39.594 0.0000000000
37839  -42.937  -40.528  38.724 0.0000000000
38647  -42.660  -39.479  35.413 0.0000000000
40325  -40.658  -37.785  31.241 0.0000000000
41405  -40.023  -36.590  27.967 0.0000000000
24959  -26.470  -54.553  48.632 0.0000000000
30749  -26.431  -48.683  40.407 0.0000000000
28863  -28.282  -50.363  41.482 0.0000000000
28910  -29.560  -50.711  37.796 0.0000000000
27957  -29.850  -51.871  40.508 0.0000000000
25030  -29.297  -54.176  41.934 0.0000000000
98664  -31.897  -56.836  41.248 0.0000000000
23972  -13.583  -55.442  44.404 0.0000000000
25001  -15.331  -54.939  44.610 0.0000000000
22911  -15.516  -56.361  46.693 0.0000000000
45574  -41.875  -31.634  29.681 0.0000000000
94479  -43.805  -31.694  31.421 0.0000000000
94957  -45.963  -31.997  33.680 0.0000000000
47141  -47.505  -29.417  30.486 0.0000000000
97623  -53.192  -19.756  23.092 0.0000000000
56571  -55.101  -18.891  22.447 0.0000000000
56573  -57.054  -18.043  22.787 0.0000000000
57438  -55.896  -17.675  19.252 0.0000000000
58202  -59.071  -16.087  21.931 0.0000000000
31813  -36.453  -47.506  33.542 0.0000000000
32709  -37.310  -46.326  33.748 0.0000000000
32719  -36.346  -46.392  32.625 0.0000000000
29895  -35.167  -49.140  33.858 0.0000000000
112968  -36.246  -47.991  33.684 0.0000000000
30815  -37.340  -48.574  34.922 0.0000000000
113885  -41.215  -35.136  28.065 0.0000000000
42343  -42.379  -35.391  29.359 0.0000000000
43210  -41.025  -34.422  28.113 0.0000000000
53322  -49.979  -22.011  26.100 0.0000000000
52434  -50.694  -23.361  26.716 0.0000000000
53312  -51.857  -22.055  26.981 0.0000000000
54157  -52.414  -20.875  27.223 0.0000000000
54942  -52.204  -20.096  26.225 0.0000000000
22923  -12.274  -56.750  45.525 0.0000000000
22907  -11.627  -57.309  46.024 0.0000000000
95320  -12.283  -57.714  47.724 0.0000000000
37063  -37.788  -40.996  34.069 0.0000000000
37054  -38.776  -40.979  35.196 0.0000000000
37901  -38.083  -40.016  33.991 0.0000000000
95303  -38.392  -39.488  33.422 0.0000000000
38693  -37.894  -38.839  32.179 0.0000000000
23928  -21.582  -55.575  48.466 0.0000000000
26933  -28.649  -52.655  44.999 0.0000000000
26914  -28.513  -52.878  46.035 0.0000000000
26004  -29.879  -53.825  45.031 0.0000000000
25006  -30.581  -54.457  45.155 0.0000000000
25005  -30.003  -54.148  44.280 0.0000000000
26995  -34.202  -52.768  41.235 0.0000000000
26994  -33.500  -52.869  41.402 0.0000000000
25064  -34.141  -53.858  41.420 0.0000000000
25108  -34.288  -54.601  38.959 0.0000000000
24992  -20.711  -54.453  45.603 0.0000000000
24966  -20.321  -55.212  47.148 0.0000000000
23927  -20.701  -55.774  48.523 0.0000000000
37813  -44.361  -40.051  43.192 0.0000000000
47199  -44.202  -29.092  26.643 0.0000000000
99754  -44.350  -29.121  28.358 0.0000000000
48030  -45.526  -28.554  27.371 0.0000000000
96488  -40.628  -49.149  38.504 0.0000000000
31765  -40.585  -47.572  38.387 0.0000000000
31780  -40.075  -47.449  37.702 0.0000000000
34468  -38.862  -44.910  35.345 0.0000000000
34498  -37.985  -44.050  33.862 0.0000000000
35357  -38.108  -43.162  34.038 0.0000000000
26960  -21.173  -52.304  42.615 0.0000000000
26930  -22.513  -52.979  44.119 0.0000000000
27923  -22.554  -51.898  42.965 0.0000000000
30730  -24.477  -49.007  41.063 0.0000000000
29785  -24.362  -50.015  42.048 0.0000000000
30713  -25.405  -49.414  41.865 0.0000000000
29773  -26.486  -49.942  42.864 0.0000000000
30715  -26.283  -49.174  41.852 0.0000000000
29890  -30.647  -49.630  33.733 0.0000000000
100449  -35.217  -50.580  35.127 0.0000000000
28049  -34.268  -51.264  35.830 0.0000000000
28029  -34.884  -51.614  36.529 0.0000000000
98337  -35.358  -51.940  38.207 0.0000000000
27994  -36.241  -51.977  38.341 0.0000000000
99533  -37.093  -52.421  39.745 0.0000000000
27996  -37.749  -51.971  38.405 0.0000000000
29846  -39.517  -49.649  37.201 0.0000000000
28905  -39.840  -50.976  37.999 0.0000000000
29839  -40.442  -50.273  38.396 0.0000000000
29816  -41.189  -50.125  39.981 0.0000000000
96193  -20.180  -51.602  41.196 0.0000000000
39395  -43.320  -38.173  35.589 0.0000000000
97075  -43.584  -37.393  36.955 0.0000000000
40282  -43.098  -37.273  35.331 0.0000000000
94767  -43.035  -34.945  32.197 0.0000000000
42284  -42.897  -35.072  33.835 0.0000000000
108009  -43.104  -34.289  33.613 0.0000000000
94464  -43.636  -33.745  35.108 0.0000000000
94458  -43.443  -33.528  33.242 0.0000000000
49848  -47.901  -25.852  25.929 0.0000000000
49835  -48.039  -26.816  26.728 0.0000000000
49836  -49.109  -26.019  26.753 0.0000000000
50668  -52.085  -25.894  28.295 0.0000000000
112730  -45.514  -25.733  23.752 0.0000000000
50733  -45.074  -24.955  23.032 0.0000000000
52472  -46.628  -22.949  23.091 0.0000000000
53351  -47.214  -22.160  22.856 0.0000000000
53339  -47.853  -21.998  23.787 0.0000000000
53352  -47.876  -21.629  22.964 0.0000000000
54193  -49.092  -20.937  22.790 0.0000000000
21840  -9.246  -57.949  46.073 0.0000000000
19828  -8.045  -59.435  47.740 0.0000000000
19783  -12.085  -59.113  52.215 0.0000000000
20752  -11.454  -58.536  50.720 0.0000000000
18955  -11.601  -60.425  52.223 0.0000000000
98068  -9.932  -62.261  51.463 0.0000000000
17373  -9.225  -63.418  50.719 0.0000000000
17372  -7.693  -62.690  50.620 0.0000000000
15769  -7.530  -64.654  49.838 0.0000000000
15773  -7.024  -65.530  49.331 0.0000000000
33560  -40.866  -45.293  38.438 0.0000000000
104246  -41.893  -45.244  39.987 0.0000000000
34429  -41.325  -44.379  38.839 0.0000000000
37033  -41.040  -41.080  36.947 0.0000000000
36169  -41.415  -42.472  38.503 0.0000000000
37019  -41.880  -41.077  37.922 0.0000000000
36992  -42.654  -40.994  39.451 0.0000000000
37860  -42.638  -40.606  37.752 0.0000000000
38629  -43.422  -39.898  37.106 0.0000000000
37880  -42.225  -40.137  35.869 0.0000000000
39429  -39.375  -38.417  31.489 0.0000000000
39416  -40.386  -38.422  32.394 0.0000000000
40339  -39.716  -37.824  30.068 0.0000000000
40354  -40.302  -37.304  29.416 0.0000000000
40372  -39.353  -37.148  27.944 0.0000000000
26913  -25.187  -53.009  46.120 0.0000000000
25965  -25.168  -53.776  47.405 0.0000000000
25966  -26.150  -53.674  47.614 0.0000000000
30776  -27.409  -48.621  38.399 0.0000000000
31760  -26.172  -47.731  38.329 0.0000000000
30764  -27.172  -48.770  39.367 0.0000000000
29814  -27.577  -49.359  40.734 0.0000000000
29815  -28.123  -49.730  40.422 0.0000000000
28920  -30.249  -50.736  36.165 0.0000000000
28919  -29.617  -50.364  36.290 0.0000000000
109414  -30.276  -51.264  37.569 0.0000000000
26052  -32.043  -52.887  40.724 0.0000000000
28882  -30.753  -51.832  40.019 0.0000000000
109837  -30.806  -52.420  40.532 0.0000000000
26978  -29.286  -52.581  41.182 0.0000000000
25060  -29.998  -54.185  40.356 0.0000000000
24014  -30.716  -56.054  41.416 0.0000000000
114160  -31.076  -55.574  39.977 0.0000000000
26963  -38.156  -53.593  42.993 0.0000000000
25002  -16.161  -54.729  44.540 0.0000000000
24988  -16.344  -55.043  45.187 0.0000000000
23949  -15.392  -55.884  45.957 0.0000000000
22865  -19.343  -57.437  51.189 0.0000000000
46365  -40.363  -30.233  28.103 0.0000000000
44798  -41.249  -31.740  29.080 0.0000000000
45585  -41.686  -30.702  29.140 0.0000000000
46341  -44.442  -30.416  30.630 0.0000000000
45562  -43.680  -30.698  30.469 0.0000000000
94478  -44.607  -31.436  31.718 0.0000000000
94489  -45.126  -31.710  32.598 0.0000000000
45544  -45.434  -31.155  31.989 0.0000000000
48005  -48.919  -28.473  29.317 0.0000000000
48003  -47.150  -28.772  29.222 0.0000000000
47142  -48.325  -29.281  30.560 0.0000000000
54970  -50.418  -20.422  22.438 0.0000000000
54959  -51.652  -20.229  23.273 0.0000000000
55777  -52.005  -19.871  22.425 0.0000000000
55790  -53.371  -19.408  21.790 0.0000000000
56579  -54.609  -18.825  21.499 0.0000000000
56572  -56.145  -18.505  22.573 0.0000000000
56580  -55.517  -18.516  21.608 0.0000000000
58237  -56.774  -16.967  17.805 0.0000000000
110426  -55.447  -17.686  18.564 0.0000000000
57453  -57.124  -17.006  18.781 0.0000000000
57428  -57.361  -17.197  20.544 0.0000000000
99531  -58.861  -15.629  20.683 0.0000000000
58224  -59.391  -14.932  20.009 0.0000000000
59852  -60.197  -13.834  18.574 0.0000000000
30795  -38.681  -48.584  36.155 0.0000000000
31797  -38.855  -47.124  35.899 0.0000000000
31806  -38.309  -47.183  35.241 0.0000000000
33629  -37.468  -45.510  33.554 0.0000000000
28861  -22.509  -50.591  41.532 0.0000000000
29894  -34.275  -49.401  33.628 0.0000000000
103284  -35.264  -49.690  34.379 0.0000000000
28941  -36.364  -50.282  35.288 0.0000000000
28032  -37.276  -51.283  36.569 0.0000000000
28942  -37.075  -49.932  35.424 0.0000000000
29853  -38.376  -49.274  36.089 0.0000000000
40327  -42.018  -37.056  31.950 0.0000000000
41336  -42.723  -36.466  33.194 0.0000000000
41379  -42.470  -36.096  30.680 0.0000000000
42326  -42.827  -35.217  30.627 0.0000000000
94873  -42.839  -34.395  30.604 0.0000000000
51577  -49.024  -24.437  26.167 0.0000000000
50691  -49.483  -25.209  26.582 0.0000000000
51566  -50.533  -24.192  26.890 0.0000000000
51552  -51.970  -24.392  27.581 0.0000000000
99465  -54.259  -19.481  25.619 0.0000000000
21841  -10.153  -57.899  46.228 0.0000000000
20788  -9.967  -58.611  47.536 0.0000000000
107965  -39.725  -43.305  36.588 0.0000000000
112211  -40.432  -43.199  37.418 0.0000000000
37031  -39.680  -41.694  36.344 0.0000000000
37044  -39.863  -40.973  36.119 0.0000000000
37878  -40.387  -40.531  35.606 0.0000000000
99752  -40.842  -39.734  34.573 0.0000000000
38655  -39.798  -39.736  34.274 0.0000000000
39414  -38.788  -38.742  32.186 0.0000000000
39453  -39.144  -38.267  30.641 0.0000000000
27898  -26.896  -52.393  45.896 0.0000000000
26905  -27.242  -53.300  47.009 0.0000000000
26907  -27.971  -53.154  46.606 0.0000000000
113823  -29.424  -53.840  47.001 0.0000000000
23966  -31.923  -55.819  45.263 0.0000000000
31775  -27.118  -47.955  36.906 0.0000000000
30777  -28.199  -49.133  37.955 0.0000000000
111268  -32.493  -51.811  37.977 0.0000000000
27991  -31.738  -51.764  38.692 0.0000000000
99450  -32.831  -52.410  41.003 0.0000000000
26993  -32.460  -52.696  41.029 0.0000000000
26064  -32.029  -53.747  39.892 0.0000000000
24043  -32.469  -55.226  39.148 0.0000000000
24056  -33.369  -54.914  38.862 0.0000000000
26034  -18.079  -53.281  42.616 0.0000000000
25003  -18.564  -54.355  44.626 0.0000000000
23938  -18.547  -55.774  47.391 0.0000000000
23925  -18.219  -56.273  48.055 0.0000000000
23926  -19.742  -55.942  48.460 0.0000000000
47177  -41.758  -29.737  27.496 0.0000000000
46354  -41.897  -29.958  28.842 0.0000000000
99771  -42.994  -29.538  28.247 0.0000000000
47163  -44.260  -29.334  29.098 0.0000000000
95387  -45.692  -29.551  30.123 0.0000000000
109636  -50.053  -19.731  20.164 0.0000000000
55800  -51.623  -19.615  20.841 0.0000000000
55810  -50.563  -19.138  19.578 0.0000000000
58252  -57.251  -16.433  17.064 0.0000000000
58239  -58.793  -15.432  18.805 0.0000000000
58264  -58.231  -15.474  16.736 0.0000000000
59074  -58.786  -14.497  15.975 0.0000000000
105901  -14.406  -57.392  48.257 0.0000000000
21814  -12.773  -57.802  48.475 0.0000000000
31719  -42.173  -47.537  41.490 0.0000000000
31748  -41.576  -47.405  39.977 0.0000000000
32655  -40.647  -46.223  38.255 0.0000000000
34441  -39.983  -45.267  37.191 0.0000000000
32678  -39.226  -46.391  36.167 0.0000000000
34469  -39.392  -44.947  36.070 0.0000000000
35317  -39.636  -44.150  36.461 0.0000000000
36212  -38.832  -42.921  35.237 0.0000000000
36235  -37.866  -42.273  33.859 0.0000000000
24993  -21.411  -54.223  45.527 0.0000000000
24980  -22.720  -54.383  46.641 0.0000000000
25988  -22.738  -53.785  45.324 0.0000000000
26919  -24.026  -52.909  44.958 0.0000000000
96251  -24.804  -52.059  44.549 0.0000000000
28850  -23.788  -50.652  42.414 0.0000000000
27925  -24.628  -51.475  43.746 0.0000000000
27913  -25.511  -51.382  44.194 0.0000000000
27915  -26.953  -51.432  44.610 0.0000000000
28834  -27.463  -51.215  44.076 0.0000000000
27926  -27.730  -51.190  43.713 0.0000000000
28951  -30.122  -50.140  34.891 0.0000000000
28047  -31.889  -51.079  35.791 0.0000000000
28954  -32.436  -50.294  34.374 0.0000000000
28048  -32.812  -51.120  35.646 0.0000000000
111002  -32.396  -51.734  37.027 0.0000000000
97250  -33.954  -51.855  38.075 0.0000000000
27982  -34.873  -52.070  39.425 0.0000000000
26983  -35.398  -53.497  41.983 0.0000000000
26044  -35.846  -53.968  42.638 0.0000000000
98180  -36.782  -52.718  40.689 0.0000000000
26999  -38.293  -52.678  40.800 0.0000000000
27000  -39.210  -52.477  40.649 0.0000000000
27997  -38.557  -51.733  37.989 0.0000000000
27986  -39.904  -51.721  39.182 0.0000000000
27001  -40.095  -52.273  40.935 0.0000000000
28866  -40.970  -51.209  41.114 0.0000000000
105737  -19.716  -53.096  42.917 0.0000000000
38612  -44.253  -39.066  39.629 0.0000000000
114110  -44.353  -38.047  38.826 0.0000000000
40238  -43.668  -36.784  38.284 0.0000000000
41277  -43.442  -35.884  38.488 0.0000000000
104706  -42.905  -36.331  34.859 0.0000000000
41301  -43.045  -35.541  36.478 0.0000000000
48053  -46.295  -27.432  25.821 0.0000000000
101751  -46.120  -28.224  26.945 0.0000000000
48928  -47.706  -27.613  27.371 0.0000000000
48033  -48.067  -27.897  28.015 0.0000000000
48021  -49.349  -28.073  28.814 0.0000000000
49825  -50.412  -26.463  27.720 0.0000000000
48920  -50.745  -27.169  28.465 0.0000000000
44804  -38.848  -32.137  27.012 0.0000000000
44040  -40.169  -33.041  27.863 0.0000000000
45594  -38.991  -31.141  27.163 0.0000000000
46364  -39.225  -30.331  27.246 0.0000000000
106912  -40.102  -29.814  26.898 0.0000000000
47195  -40.850  -29.940  26.160 0.0000000000
47211  -42.302  -29.727  25.583 0.0000000000
47222  -43.340  -29.117  25.095 0.0000000000
48050  -44.066  -28.723  25.191 0.0000000000
48069  -44.979  -27.738  24.917 0.0000000000
49856  -45.827  -26.552  24.526 0.0000000000
49857  -46.714  -25.878  24.807 0.0000000000
50712  -47.167  -24.959  24.745 0.0000000000
51604  -45.844  -24.436  23.216 0.0000000000
51584  -46.875  -24.399  24.202 0.0000000000
51585  -48.075  -24.047  25.245 0.0000000000
110060  -48.616  -22.780  25.251 0.0000000000
53329  -48.922  -22.042  25.136 0.0000000000
54173  -49.934  -20.979  24.929 0.0000000000
54940  -50.726  -20.797  25.327 0.0000000000
54183  -49.941  -20.814  24.020 0.0000000000
54969  -49.673  -20.622  22.161 0.0000000000
54980  -49.475  -20.494  21.282 0.0000000000
55799  -49.036  -19.635  19.949 0.0000000000
110951  -11.693  -58.116  49.250 0.0000000000
20765  -11.201  -58.407  49.756 0.0000000000
20750  -9.768  -59.060  50.202 0.0000000000
18170  -10.590  -61.731  51.696 0.0000000000
18960  -9.502  -60.194  51.759 0.0000000000
19806  -8.896  -59.527  49.760 0.0000000000
18969  -8.106  -60.613  50.689 0.0000000000
18968  -7.031  -60.790  50.243 0.0000000000
18181  -6.012  -62.117  50.162 0.0000000000
16591  -5.783  -63.357  49.405 0.0000000000
37824  -43.597  -40.405  41.627 0.0000000000
97965  -42.640  -43.980  41.541 0.0000000000
35290  -41.396  -43.387  38.689 0.0000000000
35279  -42.174  -43.051  39.845 0.0000000000
36972  -42.781  -41.707  40.749 0.0000000000
36983  -42.917  -40.970  40.291 0.0000000000
38603  -43.842  -39.697  40.185 0.0000000000
38630  -43.884  -39.525  37.856 0.0000000000
38648  -43.354  -39.073  35.777 0.0000000000
39402  -42.018  -38.499  33.906 0.0000000000
38656  -41.540  -39.205  34.269 0.0000000000
39408  -41.564  -38.280  33.178 0.0000000000
40316  -41.902  -37.597  32.610 0.0000000000
40341  -41.226  -37.260  30.789 0.0000000000
41406  -40.726  -36.369  28.331 0.0000000000
42373  -39.648  -35.386  27.167 0.0000000000
39426  -36.795  -38.704  31.368 0.0000000000
39471  -37.083  -38.371  29.675 0.0000000000
39489  -37.547  -38.153  28.798 0.0000000000
40370  -37.949  -37.781  27.924 0.0000000000
40392  -38.279  -37.321  27.241 0.0000000000
42389  -38.481  -35.758  26.507 0.0000000000
43244  -39.013  -35.191  26.782 0.0000000000
98797  -38.777  -34.252  26.745 0.0000000000
25958  -27.128  -54.112  48.111 0.0000000000
107979  -25.060  -47.828  39.463 0.0000000000
31741  -25.461  -47.876  39.320 0.0000000000
30748  -25.892  -48.542  40.521 0.0000000000
30716  -26.846  -49.260  41.728 0.0000000000
28851  -27.904  -50.421  42.177 0.0000000000
27937  -28.029  -50.968  42.633 0.0000000000
29861  -28.535  -49.206  35.715 0.0000000000
29844  -28.634  -49.505  37.244 0.0000000000
29845  -28.902  -49.925  38.079 0.0000000000
114802  -30.934  -51.611  38.961 0.0000000000
28904  -29.747  -51.103  39.303 0.0000000000
28880  -29.107  -50.821  40.481 0.0000000000
98149  -28.753  -50.650  41.059 0.0000000000
26962  -28.684  -52.184  41.884 0.0000000000
26020  -29.088  -53.637  42.713 0.0000000000
25031  -29.828  -54.917  42.396 0.0000000000
23999  -30.924  -56.036  42.304 0.0000000000
23958  -12.542  -56.168  44.804 0.0000000000
22924  -13.238  -56.382  45.460 0.0000000000
26013  -15.849  -53.848  43.105 0.0000000000
25013  -14.435  -54.392  43.511 0.0000000000
23973  -14.500  -55.323  44.720 0.0000000000
23948  -14.624  -55.873  45.509 0.0000000000
101790  -14.133  -56.846  46.988 0.0000000000
22886  -15.069  -57.012  47.923 0.0000000000
100052  -17.973  -56.880  49.499 0.0000000000
106352  -40.701  -33.082  28.364 0.0000000000
101080  -42.078  -33.095  30.088 0.0000000000
44788  -42.445  -32.522  30.623 0.0000000000
110838  -42.418  -30.939  29.753 0.0000000000
94891  -42.980  -31.863  31.007 0.0000000000
94477  -43.413  -32.415  31.672 0.0000000000
94476  -44.023  -32.860  33.440 0.0000000000
48017  -45.937  -28.617  28.267 0.0000000000
47151  -46.410  -29.127  29.678 0.0000000000
46343  -46.199  -30.003  30.945 0.0000000000
54951  -52.140  -20.171  25.296 0.0000000000
55759  -52.851  -19.906  24.779 0.0000000000
55761  -54.400  -19.375  24.559 0.0000000000
55778  -52.867  -19.695  22.418 0.0000000000
55779  -53.666  -19.539  22.628 0.0000000000
55771  -55.039  -19.163  23.998 0.0000000000
56566  -56.216  -17.865  23.892 0.0000000000
56567  -57.283  -17.382  23.640 0.0000000000
56600  -54.858  -18.275  19.767 0.0000000000
57427  -56.542  -17.758  20.745 0.0000000000
95035  -57.478  -17.329  21.425 0.0000000000
59051  -60.112  -14.047  19.261 0.0000000000
32708  -36.706  -46.753  33.321 0.0000000000
31812  -35.842  -47.918  33.229 0.0000000000
30831  -36.664  -48.010  34.119 0.0000000000
54155  -50.601  -21.531  26.177 0.0000000000
53311  -50.825  -22.309  26.513 0.0000000000
54156  -51.374  -21.324  26.512 0.0000000000
54929  -51.819  -20.558  26.458 0.0000000000
104592  -12.990  -56.794  46.130 0.0000000000
22908  -12.452  -57.133  46.460 0.0000000000
21827  -12.615  -57.437  47.145 0.0000000000
37900  -37.265  -40.385  33.454 0.0000000000
38664  -37.753  -39.687  33.408 0.0000000000
38678  -38.176  -39.185  32.875 0.0000000000
38692  -37.012  -38.969  32.145 0.0000000000
24956  -22.541  -55.216  48.378 0.0000000000
24967  -22.543  -54.746  47.409 0.0000000000
26932  -28.132  -51.920  44.438 0.0000000000
26003  -29.274  -53.413  44.381 0.0000000000
26982  -34.625  -53.553  41.766 0.0000000000
25045  -34.242  -53.629  41.646 0.0000000000
25046  -34.659  -53.984  41.928 0.0000000000
23940  -20.960  -55.398  47.726 0.0000000000
48051  -44.676  -28.697  25.917 0.0000000000
48040  -44.899  -28.707  26.749 0.0000000000
30789  -40.202  -48.352  38.016 0.0000000000
113218  -39.853  -48.047  37.544 0.0000000000
111289  -37.602  -44.022  33.129 0.0000000000
27922  -21.876  -51.865  42.520 0.0000000000
27955  -21.934  -51.270  41.951 0.0000000000
29800  -24.808  -49.449  41.677 0.0000000000
30714  -25.811  -49.219  41.848 0.0000000000
28030  -35.777  -51.349  36.195 0.0000000000
28050  -35.088  -51.095  35.701 0.0000000000
101108  -35.671  -51.721  36.939 0.0000000000
115053  -35.579  -51.852  37.485 0.0000000000
28010  -36.202  -51.835  37.517 0.0000000000
27995  -36.987  -51.896  37.978 0.0000000000
28011  -37.086  -51.704  37.188 0.0000000000
109343  -39.346  -49.032  36.942 0.0000000000
29847  -40.075  -49.411  37.865 0.0000000000
109957  -43.000  -38.015  34.983 0.0000000000
40294  -42.869  -37.429  34.568 0.0000000000
110413  -43.127  -34.335  32.827 0.0000000000
99751  -48.325  -26.241  26.483 0.0000000000
50690  -48.587  -25.356  26.187 0.0000000000
99585  -52.514  -26.601  28.893 0.0000000000
106903  -44.584  -25.560  23.174 0.0000000000
54191  -47.683  -21.643  22.113 0.0000000000
54192  -48.393  -21.260  22.413 0.0000000000
20787  -9.182  -58.784  47.263 0.0000000000
19829  -8.730  -59.147  47.712 0.0000000000
19817  -8.598  -59.478  48.539 0.0000000000
19770  -11.874  -59.645  52.317 0.0000000000
18167  -12.183  -61.299  52.017 0.0000000000
102631  -8.412  -63.502  50.554 0.0000000000
15770  -8.050  -65.715  49.439 0.0000000000
34442  -40.503  -44.890  37.682 0.0000000000
34428  -40.852  -44.494  38.185 0.0000000000
37018  -41.328  -41.382  37.587 0.0000000000
37859  -41.832  -40.865  37.239 0.0000000000
37870  -42.536  -40.380  36.728 0.0000000000
37879  -41.323  -40.391  35.678 0.0000000000
111300  -38.892  -38.051  29.664 0.0000000000
39454  -39.926  -38.048  30.906 0.0000000000
40353  -39.579  -37.666  29.311 0.0000000000
25977  -25.845  -53.198  46.782 0.0000000000
30751  -27.712  -49.214  39.933 0.0000000000
29825  -28.277  -49.623  39.577 0.0000000000
28026  -30.639  -51.206  36.727 0.0000000000
114268  -30.960  -51.567  37.309 0.0000000000
25062  -31.268  -53.343  40.147 0.0000000000
113801  -31.384  -52.630  40.568 0.0000000000
25061  -30.648  -54.217  39.888 0.0000000000
26051  -30.473  -53.170  40.393 0.0000000000
24030  -30.432  -55.083  40.169 0.0000000000
24042  -31.060  -54.944  39.574 0.0000000000
26964  -38.999  -53.195  42.947 0.0000000000
22901  -17.318  -56.420  47.719 0.0000000000
46353  -41.180  -30.113  28.528 0.0000000000
46342  -45.280  -30.170  30.760 0.0000000000
46323  -44.934  -30.799  31.263 0.0000000000
47154  -49.320  -28.728  29.979 0.0000000000
47153  -48.589  -28.831  29.930 0.0000000000
54982  -50.818  -20.131  21.825 0.0000000000
54971  -51.189  -20.180  22.511 0.0000000000
55788  -51.468  -19.858  21.673 0.0000000000
56578  -54.047  -18.837  20.723 0.0000000000
56588  -54.958  -18.488  20.625 0.0000000000
57439  -57.267  -17.074  19.694 0.0000000000
58223  -58.191  -16.244  19.477 0.0000000000
99374  -38.477  -47.893  35.696 0.0000000000
31805  -37.733  -47.222  34.663 0.0000000000
32720  -36.911  -45.956  33.086 0.0000000000
29907  -33.854  -49.018  32.949 0.0000000000
29880  -35.863  -49.289  34.398 0.0000000000
28957  -35.717  -50.086  34.852 0.0000000000
30802  -38.023  -48.725  35.554 0.0000000000
99837  -41.783  -36.651  30.259 0.0000000000
41364  -42.457  -36.415  31.704 0.0000000000
41392  -42.189  -36.046  29.750 0.0000000000
110977  -42.601  -35.543  30.012 0.0000000000
43180  -42.750  -34.883  29.828 0.0000000000
108111  -42.481  -34.033  29.882 0.0000000000
52444  -49.442  -23.599  26.206 0.0000000000
51565  -49.808  -24.373  26.558 0.0000000000
108681  -50.092  -23.703  26.537 0.0000000000
51553  -52.800  -24.812  28.149 0.0000000000
98678  -52.902  -24.037  27.936 0.0000000000
55751  -53.670  -19.640  26.351 0.0000000000
21842  -11.060  -57.765  46.562 0.0000000000
21861  -10.691  -57.438  45.676 0.0000000000
20802  -10.501  -58.212  47.059 0.0000000000
20789  -10.652  -58.401  47.833 0.0000000000
36213  -39.209  -42.262  35.861 0.0000000000
36200  -39.651  -42.548  36.467 0.0000000000
37043  -39.235  -41.346  35.755 0.0000000000
37877  -39.503  -40.677  35.472 0.0000000000
37890  -40.086  -40.167  34.997 0.0000000000
38665  -39.074  -39.513  33.692 0.0000000000
39452  -38.289  -38.396  30.507 0.0000000000
113350  -27.396  -52.360  45.697 0.0000000000
26922  -27.425  -52.849  46.343 0.0000000000
26923  -27.725  -52.567  45.908 0.0000000000
25979  -29.364  -53.547  46.362 0.0000000000
25980  -30.069  -54.094  46.675 0.0000000000
25007  -31.236  -55.164  44.743 0.0000000000
23980  -31.720  -55.851  44.294 0.0000000000
31784  -27.229  -47.891  35.951 0.0000000000
30786  -27.624  -48.526  37.372 0.0000000000
96294  -33.227  -51.815  38.464 0.0000000000
27992  -32.588  -51.792  38.851 0.0000000000
27981  -33.173  -51.841  39.756 0.0000000000
26054  -33.688  -53.315  41.389 0.0000000000
101296  -33.034  -52.924  41.434 0.0000000000
26053  -32.852  -53.206  41.056 0.0000000000
113775  -32.795  -53.844  40.163 0.0000000000
25087  -32.582  -54.457  39.345 0.0000000000
25088  -33.365  -54.318  39.574 0.0000000000
24058  -34.928  -54.995  38.502 0.0000000000
26016  -18.518  -53.649  43.281 0.0000000000
25997  -18.927  -53.915  43.995 0.0000000000
23953  -19.673  -55.078  46.569 0.0000000000
23952  -18.843  -55.377  46.702 0.0000000000
97238  -18.963  -55.925  48.006 0.0000000000
23914  -21.292  -55.945  49.450 0.0000000000
23913  -20.439  -56.209  49.389 0.0000000000
47197  -42.516  -29.691  26.482 0.0000000000
47178  -42.767  -29.575  27.445 0.0000000000
110956  -44.802  -29.033  28.857 0.0000000000
47150  -44.978  -29.311  29.478 0.0000000000
100034  -51.032  -19.533  20.206 0.0000000000
58251  -56.315  -16.817  17.072 0.0000000000
58253  -58.249  -15.872  17.706 0.0000000000
58263  -57.151  -15.910  16.266 0.0000000000
108322  -14.289  -57.677  49.341 0.0000000000
19772  -13.732  -59.396  52.317 0.0000000000
30754  -41.753  -48.760  40.659 0.0000000000
31718  -41.839  -47.927  40.633 0.0000000000
30767  -41.472  -48.295  39.906 0.0000000000
102966  -40.482  -46.916  38.120 0.0000000000
32638  -40.834  -46.850  38.756 0.0000000000
33575  -40.381  -45.695  37.702 0.0000000000
33574  -39.895  -45.909  37.215 0.0000000000
32689  -38.683  -46.365  35.409 0.0000000000
31790  -39.348  -47.098  36.581 0.0000000000
102574  -39.250  -44.277  35.777 0.0000000000
35330  -39.337  -43.350  35.918 0.0000000000
25987  -21.873  -53.834  45.018 0.0000000000
26943  -23.101  -52.526  43.962 0.0000000000
26931  -23.190  -52.934  44.492 0.0000000000
27912  -23.885  -52.353  44.150 0.0000000000
28849  -22.858  -50.907  42.172 0.0000000000
28862  -23.435  -50.263  41.826 0.0000000000
29771  -25.417  -50.283  42.811 0.0000000000
28837  -24.712  -50.429  42.609 0.0000000000
28830  -25.477  -50.965  43.614 0.0000000000
28831  -26.058  -50.863  43.800 0.0000000000
27914  -26.297  -51.424  44.564 0.0000000000
28841  -26.821  -50.440  43.406 0.0000000000
28842  -27.362  -50.681  43.339 0.0000000000
28962  -31.305  -49.914  34.009 0.0000000000
29877  -30.134  -49.814  34.284 0.0000000000
28952  -30.764  -50.054  34.373 0.0000000000
101756  -30.847  -50.393  34.856 0.0000000000
28936  -31.340  -50.680  35.232 0.0000000000
29893  -33.306  -49.601  33.556 0.0000000000
28964  -32.662  -49.940  33.888 0.0000000000
105420  -33.186  -50.161  34.210 0.0000000000
107515  -33.653  -50.894  35.300 0.0000000000
107634  -33.538  -51.350  35.936 0.0000000000
108991  -33.050  -51.582  36.454 0.0000000000
100927  -33.334  -51.777  37.396 0.0000000000
102016  -34.302  -51.805  37.291 0.0000000000
27008  -35.436  -52.442  40.178 0.0000000000
26997  -35.864  -52.847  41.012 0.0000000000
27009  -36.318  -52.446  39.905 0.0000000000
27985  -37.726  -52.266  39.229 0.0000000000
27010  -37.751  -52.540  40.188 0.0000000000
113964  -38.572  -52.423  40.074 0.0000000000
28033  -38.064  -51.029  36.691 0.0000000000
28013  -38.392  -51.417  37.290 0.0000000000
27998  -40.241  -51.224  38.726 0.0000000000
110848  -39.412  -51.660  38.485 0.0000000000
27973  -39.920  -51.961  39.992 0.0000000000
27974  -40.516  -51.686  40.417 0.0000000000
28883  -40.910  -50.959  40.142 0.0000000000
29817  -41.596  -49.620  40.778 0.0000000000
26959  -19.498  -52.635  42.208 0.0000000000
26018  -21.210  -53.394  43.889 0.0000000000
99459  -44.377  -38.452  39.125 0.0000000000
39374  -44.299  -38.422  38.442 0.0000000000
40252  -43.809  -37.451  37.738 0.0000000000
41290  -43.374  -36.406  37.595 0.0000000000
41337  -42.858  -35.967  33.944 0.0000000000
42274  -42.876  -35.222  34.659 0.0000000000
108809  -42.898  -35.257  35.639 0.0000000000
42265  -43.190  -34.880  37.107 0.0000000000
102518  -43.164  -34.701  36.458 0.0000000000
43148  -43.582  -33.922  36.039 0.0000000000
48937  -46.792  -27.489  26.410 0.0000000000
48938  -47.478  -27.242  26.698 0.0000000000
49823  -48.661  -26.770  27.086 0.0000000000
48929  -48.423  -27.391  27.563 0.0000000000
48918  -48.850  -27.685  28.181 0.0000000000
48919  -49.711  -27.490  28.349 0.0000000000
50692  -50.287  -24.999  27.047 0.0000000000
50677  -49.954  -25.831  27.165 0.0000000000
17382  -5.056  -62.976  48.936 0.0000000000
17376  -4.706  -62.274  49.268 0.0000000000
47175  -39.608  -29.917  27.139 0.0000000000
104263  -40.170  -29.917  25.975 0.0000000000
47209  -40.686  -29.913  25.257 0.0000000000
47196  -41.681  -29.850  26.350 0.0000000000
47210  -41.496  -29.872  25.393 0.0000000000
115120  -42.737  -29.449  25.073 0.0000000000
97885  -42.774  -28.981  24.426 0.0000000000
48067  -43.601  -28.546  24.568 0.0000000000
48963  -44.547  -27.509  24.318 0.0000000000
48964  -45.201  -27.124  24.461 0.0000000000
114727  -45.273  -26.690  24.174 0.0000000000
50725  -45.735  -25.212  23.630 0.0000000000
49869  -45.930  -25.812  24.098 0.0000000000
52462  -47.024  -23.177  23.757 0.0000000000
51593  -46.550  -23.863  23.567 0.0000000000
51594  -47.189  -23.645  24.197 0.0000000000
109423  -47.523  -24.070  24.750 0.0000000000
114355  -47.586  -23.485  24.543 0.0000000000
52453  -48.036  -23.321  24.925 0.0000000000
54171  -48.751  -21.554  24.339 0.0000000000
54172  -49.346  -21.414  24.973 0.0000000000
108495  -49.724  -21.339  25.289 0.0000000000
54182  -49.212  -20.989  23.716 0.0000000000
114021  -7.385  -59.386  47.924 0.0000000000
21804  -12.379  -57.949  49.297 0.0000000000
21788  -11.942  -58.148  50.047 0.0000000000
20738  -10.906  -58.900  51.410 0.0000000000
20751  -10.620  -58.756  50.457 0.0000000000
20764  -10.413  -58.705  49.421 0.0000000000
19796  -10.052  -59.140  51.193 0.0000000000
114769  -11.363  -62.158  51.621 0.0000000000
18168  -8.982  -61.547  51.285 0.0000000000
18169  -9.662  -61.107  51.619 0.0000000000
19779  -8.975  -60.086  51.314 0.0000000000
19794  -8.388  -59.995  50.445 0.0000000000
98103  -7.533  -61.248  50.629 0.0000000000
102671  -7.189  -61.915  50.539 0.0000000000
18176  -6.582  -61.438  50.417 0.0000000000
114593  -6.632  -61.959  50.345 0.0000000000
17378  -6.124  -62.789  49.850 0.0000000000
16585  -6.627  -63.517  49.876 0.0000000000
14936  -6.659  -66.162  48.717 0.0000000000
107786  -43.789  -40.542  42.548 0.0000000000
109777  -43.412  -41.030  41.958 0.0000000000
110493  -41.910  -47.214  40.669 0.0000000000
32612  -42.184  -46.577  41.168 0.0000000000
33538  -42.228  -45.097  40.763 0.0000000000
34411  -42.104  -44.652  40.246 0.0000000000
34403  -42.526  -44.762  41.539 0.0000000000
34412  -42.351  -44.374  40.845 0.0000000000
35305  -40.854  -43.037  38.026 0.0000000000
36170  -41.862  -41.947  38.946 0.0000000000
36154  -41.803  -42.801  39.163 0.0000000000
35266  -42.452  -43.153  40.580 0.0000000000
36142  -42.471  -42.383  40.295 0.0000000000
36125  -42.731  -42.487  41.080 0.0000000000
95232  -42.528  -41.636  39.956 0.0000000000
37840  -43.309  -40.314  39.642 0.0000000000
37830  -43.437  -40.364  40.680 0.0000000000
38611  -43.880  -39.648  39.349 0.0000000000
38617  -43.625  -39.917  38.698 0.0000000000
98211  -43.042  -39.770  36.185 0.0000000000
39394  -42.918  -38.738  35.120 0.0000000000
38657  -42.307  -39.061  34.669 0.0000000000
95291  -40.726  -39.239  33.890 0.0000000000
39431  -40.734  -37.984  31.922 0.0000000000
39417  -41.136  -38.094  32.495 0.0000000000
40326  -41.387  -37.543  31.739 0.0000000000
101126  -40.376  -36.873  28.664 0.0000000000
41390  -40.926  -36.719  29.041 0.0000000000
111860  -40.488  -35.990  27.787 0.0000000000
99903  -39.904  -35.941  27.386 0.0000000000
39450  -36.531  -38.530  30.563 0.0000000000
39470  -36.219  -38.411  29.740 0.0000000000
39508  -37.144  -37.968  27.884 0.0000000000
40391  -37.538  -37.597  27.107 0.0000000000
40411  -37.871  -37.102  26.688 0.0000000000
41441  -37.674  -36.377  26.284 0.0000000000
40412  -38.562  -36.604  26.830 0.0000000000
42388  -37.801  -35.398  26.155 0.0000000000
24981  -23.394  -54.136  46.642 0.0000000000
24968  -23.282  -54.468  47.239 0.0000000000
25964  -24.124  -54.075  47.132 0.0000000000
24970  -25.583  -54.111  48.191 0.0000000000
25968  -27.523  -53.704  47.512 0.0000000000
25959  -27.813  -54.083  47.861 0.0000000000
30763  -26.525  -48.440  39.666 0.0000000000
31742  -26.028  -48.001  39.122 0.0000000000
31726  -25.951  -48.235  39.860 0.0000000000
30733  -26.374  -48.942  41.139 0.0000000000
30734  -26.992  -49.065  40.990 0.0000000000
29802  -27.974  -49.848  41.168 0.0000000000
29789  -27.757  -49.991  41.860 0.0000000000
28852  -28.291  -50.645  41.797 0.0000000000
98671  -28.834  -49.450  35.006 0.0000000000
28909  -29.190  -50.092  36.948 0.0000000000
28903  -29.321  -50.646  38.739 0.0000000000
96411  -32.201  -51.924  40.449 0.0000000000
27980  -31.399  -51.789  39.775 0.0000000000
27969  -30.698  -51.952  40.223 0.0000000000
28896  -29.801  -51.293  39.808 0.0000000000
28895  -29.206  -50.668  39.648 0.0000000000
28865  -29.236  -51.218  40.854 0.0000000000
26042  -29.270  -53.489  41.334 0.0000000000
111802  -29.084  -51.729  41.261 0.0000000000
26036  -28.895  -53.149  41.935 0.0000000000
103906  -29.494  -54.326  42.784 0.0000000000
22987  -31.366  -56.546  41.791 0.0000000000
24044  -33.104  -55.681  39.125 0.0000000000
23007  -32.510  -56.224  39.640 0.0000000000
23008  -33.436  -56.427  39.461 0.0000000000
26984  -36.636  -53.849  42.789 0.0000000000
112218  -13.194  -55.902  44.781 0.0000000000
26014  -16.748  -53.779  43.138 0.0000000000
25015  -16.385  -54.250  43.796 0.0000000000
25014  -15.420  -54.417  43.807 0.0000000000
26012  -14.917  -53.868  42.987 0.0000000000
98079  -14.743  -54.795  44.140 0.0000000000
22910  -14.639  -56.435  46.294 0.0000000000
22899  -14.926  -56.747  47.141 0.0000000000
108846  -14.467  -57.028  47.599 0.0000000000
22890  -18.939  -56.379  48.661 0.0000000000
96871  -18.310  -56.624  48.807 0.0000000000
22876  -18.797  -56.750  49.545 0.0000000000
41246  -44.896  -36.407  41.310 0.0000000000
44797  -40.589  -32.079  28.404 0.0000000000
44787  -41.602  -32.546  29.549 0.0000000000
109218  -42.019  -32.316  30.095 0.0000000000
111331  -42.776  -29.781  29.010 0.0000000000
45575  -42.361  -30.273  29.300 0.0000000000
108520  -43.494  -31.276  30.892 0.0000000000
45561  -43.008  -31.121  30.372 0.0000000000
94894  -42.846  -32.668  31.202 0.0000000000
94975  -43.590  -32.845  32.552 0.0000000000
94951  -44.156  -32.021  32.221 0.0000000000
94488  -44.730  -32.331  33.276 0.0000000000
94482  -45.893  -32.559  34.374 0.0000000000
48032  -47.279  -28.106  27.821 0.0000000000
48031  -46.453  -28.316  27.627 0.0000000000
48018  -46.808  -28.506  28.395 0.0000000000
47152  -47.777  -28.984  29.870 0.0000000000
97702  -47.091  -29.152  29.905 0.0000000000
103066  -46.664  -29.520  30.353 0.0000000000
47132  -47.168  -29.893  31.127 0.0000000000
54949  -50.645  -20.667  24.435 0.0000000000
54950  -51.385  -20.479  24.834 0.0000000000
107396  -51.322  -20.481  24.005 0.0000000000
55768  -52.476  -19.925  23.179 0.0000000000
54960  -52.137  -20.234  24.140 0.0000000000
55769  -53.017  -19.879  23.816 0.0000000000
111543  -53.531  -19.706  24.338 0.0000000000
109531  -53.844  -19.600  23.538 0.0000000000
55789  -52.415  -19.589  21.485 0.0000000000
55791  -54.176  -19.171  22.117 0.0000000000
55780  -54.440  -19.354  22.929 0.0000000000
55770  -54.577  -19.352  23.632 0.0000000000
55781  -55.113  -19.101  23.340 0.0000000000
97247  -55.637  -18.638  23.912 0.0000000000
101302  -55.822  -18.721  23.257 0.0000000000
110815  -56.612  -18.273  23.326 0.0000000000
57410  -57.911  -17.384  23.055 0.0000000000
57437  -55.133  -17.962  19.168 0.0000000000
57426  -55.648  -17.986  20.066 0.0000000000
98609  -56.516  -17.559  19.922 0.0000000000
58201  -58.398  -16.392  21.292 0.0000000000
57418  -58.393  -16.843  22.264 0.0000000000
59063  -59.214  -14.798  18.050 0.0000000000
59050  -59.797  -14.128  19.310 0.0000000000
99492  -37.295  -47.868  34.554 0.0000000000
31814  -37.113  -47.184  34.039 0.0000000000
30829  -34.712  -48.790  33.185 0.0000000000
30849  -35.126  -48.184  32.804 0.0000000000
30830  -35.381  -48.508  33.388 0.0000000000
30813  -35.978  -48.513  33.886 0.0000000000
30814  -36.618  -48.782  34.528 0.0000000000
113281  -36.987  -48.304  34.526 0.0000000000
42342  -41.920  -35.858  29.019 0.0000000000
108619  -41.585  -35.514  28.456 0.0000000000
43211  -41.679  -34.866  28.447 0.0000000000
110162  -41.590  -34.255  28.632 0.0000000000
52435  -51.473  -23.017  26.985 0.0000000000
53305  -53.104  -22.136  27.624 0.0000000000
54149  -53.751  -21.093  28.024 0.0000000000
54158  -53.201  -20.290  27.667 0.0000000000
54930  -52.564  -20.137  27.045 0.0000000000
22922  -11.253  -56.915  45.212 0.0000000000
21843  -11.906  -57.550  46.922 0.0000000000
37053  -38.321  -41.523  34.607 0.0000000000
37888  -38.465  -40.609  34.535 0.0000000000
37902  -38.847  -39.987  34.341 0.0000000000
39427  -37.675  -38.627  31.343 0.0000000000
102315  -28.197  -52.188  45.168 0.0000000000
25991  -29.320  -53.326  45.466 0.0000000000
25992  -30.055  -53.907  45.843 0.0000000000
101133  -30.554  -54.739  44.261 0.0000000000
27972  -34.225  -52.146  40.235 0.0000000000
27971  -33.618  -52.273  40.711 0.0000000000
26981  -34.032  -53.275  41.526 0.0000000000
104729  -34.065  -54.153  40.202 0.0000000000
108711  -34.925  -54.345  39.648 0.0000000000
96780  -19.881  -54.686  45.759 0.0000000000
98449  -20.233  -55.579  47.838 0.0000000000
47179  -43.716  -29.319  27.616 0.0000000000
47180  -44.626  -28.905  27.487 0.0000000000
48016  -45.110  -28.819  28.236 0.0000000000
30766  -41.009  -48.708  39.217 0.0000000000
107639  -41.038  -47.675  39.203 0.0000000000
30778  -40.718  -48.279  38.641 0.0000000000
102087  -39.728  -47.047  37.177 0.0000000000
33617  -38.366  -45.329  34.725 0.0000000000
33605  -38.675  -45.651  35.224 0.0000000000
34483  -38.406  -44.476  34.631 0.0000000000
35344  -38.440  -43.531  34.589 0.0000000000
26929  -21.859  -52.958  43.686 0.0000000000
98175  -21.853  -52.408  43.086 0.0000000000
26942  -22.556  -52.477  43.527 0.0000000000
29799  -23.983  -49.580  41.482 0.0000000000
29786  -25.243  -49.864  42.285 0.0000000000
28840  -26.303  -50.381  43.350 0.0000000000
29772  -25.928  -49.963  42.776 0.0000000000
106059  -26.166  -49.528  42.377 0.0000000000
104197  -26.664  -49.546  42.341 0.0000000000
28939  -34.477  -50.679  35.076 0.0000000000
28955  -33.767  -50.418  34.646 0.0000000000
28009  -35.078  -51.832  37.372 0.0000000000
27984  -36.847  -52.157  38.932 0.0000000000
110290  -39.052  -50.151  36.858 0.0000000000
28912  -39.417  -50.602  37.366 0.0000000000
29838  -39.899  -50.230  37.741 0.0000000000
28897  -40.756  -50.672  39.262 0.0000000000
29827  -40.938  -49.700  39.166 0.0000000000
26977  -20.455  -52.059  42.029 0.0000000000
26941  -21.141  -52.891  43.236 0.0000000000
39389  -43.715  -38.420  36.414 0.0000000000
39383  -43.968  -38.254  37.289 0.0000000000
106534  -43.355  -37.353  36.126 0.0000000000
41350  -42.854  -35.701  33.275 0.0000000000
108066  -42.973  -35.042  33.022 0.0000000000
43152  -43.051  -34.367  34.441 0.0000000000
94965  -43.534  -33.657  34.223 0.0000000000
94462  -43.994  -33.162  33.984 0.0000000000
49847  -47.253  -26.257  25.616 0.0000000000
49834  -47.666  -26.558  26.274 0.0000000000
49815  -51.372  -26.466  28.261 0.0000000000
56562  -56.947  -17.563  24.400 0.0000000000
104475  -44.626  -26.168  23.479 0.0000000000
49868  -45.309  -26.231  23.869 0.0000000000
50724  -45.140  -25.655  23.465 0.0000000000
53338  -47.266  -22.629  23.558 0.0000000000
54181  -48.512  -21.354  23.371 0.0000000000
19816  -7.633  -59.681  48.492 0.0000000000
20740  -12.774  -58.781  51.980 0.0000000000
20739  -11.790  -58.786  51.643 0.0000000000
19782  -11.324  -59.208  52.044 0.0000000000
19769  -10.990  -59.723  52.190 0.0000000000
16584  -10.229  -63.296  50.918 0.0000000000
17368  -9.127  -62.600  51.128 0.0000000000
18177  -8.125  -61.947  50.920 0.0000000000
111232  -8.460  -62.845  50.878 0.0000000000
16586  -7.537  -63.535  50.277 0.0000000000
32656  -41.045  -46.047  39.029 0.0000000000
33537  -41.620  -45.970  39.707 0.0000000000
33550  -41.448  -45.259  39.260 0.0000000000
37017  -40.676  -41.703  37.268 0.0000000000
36185  -40.976  -42.067  37.915 0.0000000000
37002  -41.604  -41.653  38.253 0.0000000000
114932  -42.277  -41.582  39.329 0.0000000000
37003  -42.211  -41.140  38.655 0.0000000000
37847  -43.359  -40.145  38.005 0.0000000000
38646  -41.756  -39.793  35.042 0.0000000000
39415  -39.614  -38.611  32.261 0.0000000000
39430  -40.125  -38.225  31.687 0.0000000000
40340  -40.493  -37.575  30.388 0.0000000000
40373  -39.819  -37.245  28.643 0.0000000000
25976  -24.740  -53.518  46.572 0.0000000000
25957  -26.415  -54.113  48.224 0.0000000000
31761  -26.950  -48.001  37.912 0.0000000000
31743  -26.684  -48.206  38.831 0.0000000000
30750  -27.075  -48.919  40.207 0.0000000000
28934  -29.814  -50.292  35.629 0.0000000000
29862  -29.142  -49.815  35.891 0.0000000000
99813  -29.891  -50.788  36.900 0.0000000000
27970  -31.385  -52.231  40.454 0.0000000000
26992  -31.724  -52.504  40.617 0.0000000000
26980  -30.773  -52.327  40.411 0.0000000000
26979  -29.625  -52.193  40.844 0.0000000000
26991  -29.792  -52.730  40.756 0.0000000000
26050  -29.676  -53.346  40.756 0.0000000000
25044  -29.509  -54.223  41.003 0.0000000000
23997  -29.741  -54.955  41.489 0.0000000000
24013  -30.203  -55.498  41.010 0.0000000000
22986  -30.803  -55.888  40.607 0.0000000000
113778  -31.162  -56.429  41.010 0.0000000000
24989  -17.439  -54.900  45.367 0.0000000000
100480  -16.857  -54.511  44.355 0.0000000000
97257  -16.868  -54.798  44.998 0.0000000000
24987  -15.833  -55.090  45.048 0.0000000000
23974  -15.297  -55.443  45.227 0.0000000000
23960  -16.008  -55.456  45.566 0.0000000000
23950  -16.259  -55.858  46.371 0.0000000000
23936  -16.136  -56.342  47.041 0.0000000000
22900  -15.678  -56.722  47.437 0.0000000000
45596  -40.298  -31.149  28.138 0.0000000000
45584  -40.882  -30.904  28.597 0.0000000000
108521  -43.935  -30.037  30.068 0.0000000000
94480  -44.135  -31.033  31.087 0.0000000000
48004  -48.092  -28.598  29.225 0.0000000000
104599  -53.893  -19.096  21.410 0.0000000000
56581  -56.562  -18.043  21.698 0.0000000000
57466  -56.030  -17.167  17.523 0.0000000000
57452  -56.182  -17.384  18.400 0.0000000000
99003  -56.572  -17.390  19.222 0.0000000000
112096  -57.962  -16.540  20.328 0.0000000000
59075  -60.096  -13.361  17.351 0.0000000000
59860  -60.265  -13.588  17.695 0.0000000000
30796  -39.229  -48.530  36.708 0.0000000000
31779  -39.559  -47.796  37.054 0.0000000000
31789  -39.038  -47.830  36.334 0.0000000000
32700  -38.125  -46.548  34.780 0.0000000000
32699  -37.641  -46.633  34.301 0.0000000000
32710  -37.914  -45.908  34.270 0.0000000000
28860  -21.634  -50.874  41.209 0.0000000000
29813  -23.658  -49.189  40.831 0.0000000000
30746  -24.158  -48.487  40.484 0.0000000000
108462  -24.783  -48.560  40.664 0.0000000000
29906  -32.847  -49.060  32.715 0.0000000000
29879  -34.647  -49.759  34.187 0.0000000000
28956  -34.952  -50.189  34.646 0.0000000000
28940  -35.818  -50.760  35.512 0.0000000000
28921  -36.642  -50.887  35.934 0.0000000000
28922  -37.566  -50.533  36.110 0.0000000000
28923  -38.419  -50.152  36.385 0.0000000000
108154  -36.992  -49.210  35.011 0.0000000000
29852  -37.832  -49.638  35.792 0.0000000000
29854  -38.958  -49.334  36.590 0.0000000000
40306  -42.469  -37.294  33.203 0.0000000000
40317  -42.438  -36.810  32.504 0.0000000000
42310  -42.812  -35.561  31.499 0.0000000000
94807  -42.942  -34.704  31.382 0.0000000000
110207  -42.935  -33.964  31.326 0.0000000000
51576  -48.351  -24.549  25.694 0.0000000000
50678  -51.136  -24.742  27.320 0.0000000000
50679  -51.910  -25.178  27.831 0.0000000000
50669  -52.764  -25.441  28.385 0.0000000000
54923  -54.340  -20.351  28.213 0.0000000000
55752  -54.720  -19.376  26.562 0.0000000000
101650  -55.131  -19.304  25.651 0.0000000000
21860  -9.672  -57.371  45.458 0.0000000000
20801  -9.663  -58.382  46.745 0.0000000000
35318  -40.045  -43.661  37.066 0.0000000000
35304  -40.570  -43.967  37.656 0.0000000000
98489  -40.019  -42.830  37.031 0.0000000000
36201  -40.007  -42.030  36.989 0.0000000000
37032  -40.286  -41.351  36.685 0.0000000000
37868  -40.732  -40.824  36.250 0.0000000000
37891  -40.917  -40.143  35.147 0.0000000000
38666  -39.964  -39.233  33.503 0.0000000000
114745  -39.504  -39.168  33.252 0.0000000000
110259  -26.672  -52.283  45.766 0.0000000000
104516  -26.812  -52.773  46.434 0.0000000000
26906  -27.664  -53.380  46.966 0.0000000000
110921  -28.167  -53.680  47.340 0.0000000000
25978  -28.717  -53.481  46.864 0.0000000000
109451  -29.018  -53.979  47.396 0.0000000000
24972  -29.460  -54.594  47.714 0.0000000000
24995  -31.356  -55.136  45.708 0.0000000000
28008  -31.669  -51.761  37.590 0.0000000000
98116  -32.244  -51.781  39.529 0.0000000000
96922  -31.773  -54.717  39.335 0.0000000000
23027  -33.804  -55.701  38.908 0.0000000000
24057  -34.184  -55.095  38.641 0.0000000000
23028  -34.595  -55.771  38.721 0.0000000000
26015  -17.634  -53.714  43.193 0.0000000000
25996  -18.075  -54.036  43.943 0.0000000000
96779  -17.616  -54.538  44.637 0.0000000000
97236  -17.975  -55.611  46.739 0.0000000000
102985  -17.873  -55.963  47.415 0.0000000000
22877  -19.614  -56.504  49.424 0.0000000000
47160  -41.539  -29.840  28.304 0.0000000000
47161  -42.241  -29.718  28.297 0.0000000000
47162  -43.604  -29.433  28.664 0.0000000000
47149  -43.633  -29.722  29.416 0.0000000000
110463  -44.298  -29.633  29.653 0.0000000000
47140  -44.746  -29.816  30.142 0.0000000000
111778  -51.706  -19.368  20.203 0.0000000000
99202  -59.484  -14.121  17.362 0.0000000000
59073  -57.661  -15.373  15.920 0.0000000000
21828  -13.827  -57.265  47.648 0.0000000000
96552  -13.076  -57.528  47.715 0.0000000000
21815  -13.616  -57.620  48.439 0.0000000000
21805  -13.257  -57.840  49.337 0.0000000000
32639  -41.340  -46.755  39.456 0.0000000000
32668  -39.614  -46.429  36.907 0.0000000000
33606  -39.116  -45.664  35.765 0.0000000000
33592  -39.546  -45.650  36.580 0.0000000000
110020  -39.699  -44.914  36.699 0.0000000000
36223  -38.387  -42.552  34.597 0.0000000000
97292  -21.924  -54.638  46.779 0.0000000000
25974  -23.055  -53.983  46.033 0.0000000000
26001  -22.571  -53.443  44.682 0.0000000000
26002  -23.198  -53.348  44.995 0.0000000000
25989  -23.547  -53.562  45.526 0.0000000000
25990  -24.399  -53.250  45.789 0.0000000000
26920  -25.137  -52.522  45.388 0.0000000000
27935  -22.472  -51.459  42.458 0.0000000000
27936  -23.201  -51.284  42.767 0.0000000000
97906  -24.166  -51.090  43.007 0.0000000000
27904  -25.581  -51.839  44.834 0.0000000000
27905  -26.119  -52.013  45.346 0.0000000000
27906  -26.840  -51.842  45.244 0.0000000000
27907  -27.242  -51.911  45.234 0.0000000000
28832  -26.616  -50.888  43.936 0.0000000000
28833  -27.125  -50.990  44.037 0.0000000000
27916  -27.340  -51.559  44.648 0.0000000000
27917  -27.655  -51.663  44.623 0.0000000000
29889  -29.709  -49.463  33.851 0.0000000000
29876  -29.486  -49.695  34.564 0.0000000000
28935  -30.548  -50.559  35.435 0.0000000000
28046  -31.052  -50.955  36.000 0.0000000000
28963  -31.984  -49.959  33.936 0.0000000000
28938  -33.012  -50.604  34.828 0.0000000000
28937  -32.180  -50.672  35.035 0.0000000000
102438  -32.335  -51.467  36.291 0.0000000000
112564  -33.780  -51.838  38.862 0.0000000000
114953  -34.628  -51.889  37.901 0.0000000000
27993  -34.444  -51.900  38.632 0.0000000000
27007  -34.739  -52.439  40.459 0.0000000000
26996  -35.008  -52.877  41.250 0.0000000000
26043  -35.227  -54.005  42.321 0.0000000000
25032  -35.793  -54.081  42.544 0.0000000000
95477  -36.278  -53.321  41.846 0.0000000000
26998  -37.336  -53.032  41.598 0.0000000000
26985  -38.393  -52.976  41.826 0.0000000000
26986  -39.442  -52.737  41.926 0.0000000000
28012  -37.778  -51.742  37.612 0.0000000000
96148  -38.507  -52.002  38.832 0.0000000000
28014  -39.143  -51.307  37.626 0.0000000000
111475  -39.149  -52.087  39.495 0.0000000000
101004  -40.565  -51.839  41.260 0.0000000000
28884  -41.343  -50.460  40.917 0.0000000000
26958  -18.472  -52.793  42.088 0.0000000000
26035  -18.952  -53.187  42.738 0.0000000000
104902  -19.390  -53.569  43.374 0.0000000000
26017  -20.346  -53.404  43.459 0.0000000000
39366  -44.511  -38.197  40.049 0.0000000000
40253  -44.167  -38.137  37.918 0.0000000000
40239  -44.103  -37.601  38.504 0.0000000000
41278  -43.874  -36.525  39.099 0.0000000000
40307  -42.788  -36.909  33.919 0.0000000000
41312  -43.058  -36.382  35.854 0.0000000000
111531  -43.146  -35.671  37.146 0.0000000000
42258  -43.272  -35.176  37.892 0.0000000000
48052  -45.457  -28.018  25.674 0.0000000000
48042  -46.171  -27.909  26.388 0.0000000000
48927  -46.877  -27.850  27.040 0.0000000000
48020  -48.490  -28.210  28.641 0.0000000000
48006  -49.770  -28.419  29.574 0.0000000000
49824  -49.529  -26.538  27.357 0.0000000000
113792  -49.892  -26.950  27.900 0.0000000000
48022  -50.418  -27.950  29.176 0.0000000000
18175  -5.602  -61.483  50.386 0.0000000000
43229  -39.552  -33.655  27.295 0.0000000000
44805  -39.428  -32.598  27.383 0.0000000000
98776  -39.368  -31.712  27.421 0.0000000000
45595  -39.687  -30.862  27.677 0.0000000000
100103  -39.751  -30.142  27.624 0.0000000000
47176  -40.246  -29.877  27.552 0.0000000000
103800  -40.883  -29.804  27.167 0.0000000000
47221  -42.090  -29.580  24.766 0.0000000000
111323  -43.039  -29.527  25.712 0.0000000000
47212  -43.794  -29.178  25.799 0.0000000000
102273  -44.688  -28.298  25.267 0.0000000000
48962  -43.904  -27.857  24.167 0.0000000000
48068  -44.299  -28.147  24.705 0.0000000000
48949  -45.728  -27.290  25.108 0.0000000000
48950  -46.516  -26.736  25.322 0.0000000000
50701  -47.484  -25.472  25.344 0.0000000000
98372  -46.291  -24.639  23.744 0.0000000000
51575  -47.776  -24.708  25.241 0.0000000000
52443  -48.662  -23.607  25.642 0.0000000000
53320  -49.272  -22.642  25.784 0.0000000000
53328  -48.278  -22.407  24.645 0.0000000000
53321  -49.541  -21.770  25.527 0.0000000000
54165  -50.172  -21.312  25.659 0.0000000000
54957  -49.834  -20.698  23.106 0.0000000000
54981  -50.203  -20.298  21.578 0.0000000000
110826  -49.968  -20.153  20.872 0.0000000000
54992  -49.263  -20.175  20.556 0.0000000000
21813  -11.910  -57.927  48.512 0.0000000000
20776  -11.076  -58.309  48.682 0.0000000000
20775  -10.200  -58.692  48.409 0.0000000000
20763  -9.555  -59.062  49.065 0.0000000000
18171  -11.930  -61.993  51.692 0.0000000000
18954  -10.825  -60.305  52.137 0.0000000000
19768  -10.194  -59.892  52.026 0.0000000000
18165  -10.298  -60.656  51.874 0.0000000000
19780  -9.708  -59.712  51.575 0.0000000000
19795  -9.259  -59.552  50.909 0.0000000000
19805  -7.951  -59.881  49.376 0.0000000000
17377  -5.444  -62.560  49.608 0.0000000000
16595  -6.302  -64.394  49.415 0.0000000000
14935  -6.008  -65.192  48.811 0.0000000000
37803  -44.579  -40.616  43.696 0.0000000000
38579  -44.054  -39.731  42.330 0.0000000000
104912  -42.402  -46.916  42.069 0.0000000000
32625  -42.003  -45.857  40.533 0.0000000000
35289  -40.987  -43.859  38.297 0.0000000000
35278  -41.823  -43.703  39.366 0.0000000000
35265  -42.188  -43.915  40.167 0.0000000000
108736  -42.457  -43.752  40.888 0.0000000000
36126  -43.110  -41.800  41.726 0.0000000000
36973  -43.162  -41.032  41.165 0.0000000000
38618  -44.195  -39.171  38.660 0.0000000000
38638  -43.946  -39.099  37.104 0.0000000000
113083  -43.607  -39.324  36.457 0.0000000000
39403  -42.625  -38.307  34.474 0.0000000000
39407  -40.732  -38.699  33.143 0.0000000000
38667  -41.345  -38.790  33.665 0.0000000000
108815  -42.108  -37.912  33.333 0.0000000000
41378  -41.917  -36.876  31.187 0.0000000000
40355  -41.048  -36.989  29.891 0.0000000000
42359  -41.015  -35.742  28.087 0.0000000000
41422  -40.458  -35.178  27.607 0.0000000000
102402  -39.645  -34.641  27.190 0.0000000000
38677  -36.539  -39.563  32.513 0.0000000000
39451  -37.409  -38.474  30.506 0.0000000000
39472  -37.947  -38.279  29.650 0.0000000000
39490  -38.363  -37.944  28.797 0.0000000000
40371  -38.687  -37.522  27.959 0.0000000000
40393  -38.870  -37.052  27.404 0.0000000000
41421  -39.340  -36.538  27.344 0.0000000000
41442  -39.188  -35.915  26.901 0.0000000000
114859  -23.120  -54.783  47.896 0.0000000000
24969  -24.683  -54.253  48.034 0.0000000000
26904  -26.689  -53.302  47.129 0.0000000000
25967  -26.934  -53.665  47.664 0.0000000000
31724  -24.716  -48.042  39.957 0.0000000000
30747  -25.336  -48.491  40.576 0.0000000000
30732  -25.842  -48.878  41.223 0.0000000000
29788  -27.221  -49.707  42.146 0.0000000000
29801  -27.404  -49.515  41.460 0.0000000000
29775  -27.506  -50.224  42.557 0.0000000000
100872  -27.613  -50.649  42.885 0.0000000000
26944  -28.173  -51.812  43.401 0.0000000000
30801  -28.142  -48.722  35.752 0.0000000000
29851  -28.663  -49.420  36.475 0.0000000000
30794  -28.288  -48.922  36.216 0.0000000000
30787  -28.240  -48.960  36.916 0.0000000000
29836  -28.417  -49.569  38.758 0.0000000000
28007  -30.903  -51.638  38.122 0.0000000000
107464  -30.114  -51.265  38.580 0.0000000000
27979  -30.440  -51.557  39.482 0.0000000000
29837  -28.823  -50.034  39.151 0.0000000000
29826  -28.736  -50.081  40.086 0.0000000000
29803  -28.512  -50.212  40.845 0.0000000000
28864  -28.737  -50.852  41.314 0.0000000000
27956  -29.235  -51.379  41.029 0.0000000000
27938  -28.634  -51.187  41.728 0.0000000000
26961  -28.345  -51.756  42.512 0.0000000000
26019  -28.572  -52.667  42.784 0.0000000000
109855  -28.969  -53.302  43.449 0.0000000000
25019  -29.461  -53.947  43.487 0.0000000000
25020  -30.076  -54.701  43.396 0.0000000000
23998  -30.233  -55.560  41.902 0.0000000000
23989  -30.480  -55.445  42.829 0.0000000000
23990  -31.313  -55.937  43.271 0.0000000000
99708  -31.697  -55.520  39.554 0.0000000000
23006  -31.573  -56.307  40.297 0.0000000000
22998  -32.556  -56.941  40.608 0.0000000000
107753  -12.028  -55.901  44.298 0.0000000000
25000  -13.999  -54.887  43.997 0.0000000000
23959  -13.860  -55.854  45.116 0.0000000000
22925  -14.018  -56.249  45.731 0.0000000000
22909  -13.723  -56.657  46.240 0.0000000000
22864  -18.522  -57.246  50.559 0.0000000000
44029  -40.651  -33.688  28.108 0.0000000000
44030  -41.140  -33.669  28.537 0.0000000000
44015  -41.733  -33.607  29.229 0.0000000000
103553  -41.102  -32.815  28.884 0.0000000000
94840  -42.661  -33.429  30.783 0.0000000000
94467  -43.029  -33.213  31.661 0.0000000000
97481  -42.437  -31.717  30.277 0.0000000000
47165  -46.236  -28.807  29.001 0.0000000000
109648  -45.732  -29.116  29.450 0.0000000000
46325  -46.809  -30.509  31.856 0.0000000000
110366  -46.191  -30.939  32.190 0.0000000000
54941  -51.500  -20.470  25.764 0.0000000000
55760  -53.492  -19.527  25.227 0.0000000000
55762  -55.555  -18.928  24.727 0.0000000000
56561  -56.182  -18.147  24.238 0.0000000000
57396  -56.179  -17.031  24.037 0.0000000000
57403  -56.382  -17.148  23.824 0.0000000000
101163  -57.140  -16.480  24.159 0.0000000000
57404  -57.798  -15.917  23.987 0.0000000000
108688  -55.827  -18.208  20.910 0.0000000000
57417  -57.483  -17.552  22.209 0.0000000000
59035  -60.040  -14.347  20.094 0.0000000000
16587  -8.533  -64.337  50.132 0.0000000000
18166  -11.264  -61.221  51.893 0.0000000000
24012  -29.902  -54.860  40.753 0.0000000000
28838  -25.073  -50.767  43.169 0.0000000000
28881  -29.826  -51.680  40.346 0.0000000000
29787  -25.750  -49.571  42.260 0.0000000000
29863  -37.470  -49.214  35.312 0.0000000000
38679  -39.074  -39.083  32.931 0.0000000000
41407  -41.355  -36.164  28.667 0.0000000000
42360  -42.015  -35.253  28.814 0.0000000000
48939  -48.070  -27.186  27.077 0.0000000000
96543  -34.052  -51.892  39.473 0.0000000000
102569  -44.344  -36.646  40.045 0.0000000000
104020  -21.339  -53.714  44.464 0.0000000000
107654  -8.368  -61.122  50.993 0.0000000000
113176  -38.730  -53.081  42.432 0.0000000000
114757  -34.351  -50.201  34.515 0.0000000000
114827  -37.738  -51.488  37.040 0.0000000000
