#!ascii label  , from subject sub-v1s18x0051255_ses-1 vox2ras=TkReg
362
54810  -13.472  40.420  -41.010 0.0000000000
50684  -11.429  36.464  -36.376 0.0000000000
120305  -18.510  38.486  -39.702 0.0000000000
48659  -15.807  33.854  -36.595 0.0000000000
65708  -12.209  50.854  -45.606 0.0000000000
63728  -14.972  49.406  -42.620 0.0000000000
57848  -11.254  43.607  -42.228 0.0000000000
44508  -16.643  30.905  -34.336 0.0000000000
49668  -13.986  35.140  -36.698 0.0000000000
47718  -13.385  33.757  -35.122 0.0000000000
64732  -13.750  50.376  -43.853 0.0000000000
61648  -11.771  47.355  -44.079 0.0000000000
53737  -9.823  40.002  -38.596 0.0000000000
112446  -8.509  42.210  -38.595 0.0000000000
55827  -12.757  41.920  -41.802 0.0000000000
58818  -14.751  44.818  -42.237 0.0000000000
57850  -16.392  42.961  -41.531 0.0000000000
55819  -17.992  41.881  -41.050 0.0000000000
52704  -9.211  38.445  -36.437 0.0000000000
52738  -12.293  38.334  -38.788 0.0000000000
53765  -16.768  39.602  -40.783 0.0000000000
51760  -14.379  37.284  -38.859 0.0000000000
49699  -17.333  35.913  -38.388 0.0000000000
48676  -18.926  34.940  -37.651 0.0000000000
58814  -10.644  45.023  -42.657 0.0000000000
60728  -13.499  45.944  -42.919 0.0000000000
62643  -16.250  48.399  -41.569 0.0000000000
46696  -14.009  32.135  -33.920 0.0000000000
45638  -16.016  32.114  -35.184 0.0000000000
47698  -12.232  34.122  -34.614 0.0000000000
112993  -12.324  33.576  -34.140 0.0000000000
62678  -11.528  48.095  -44.469 0.0000000000
60737  -10.541  46.334  -43.768 0.0000000000
54808  -11.703  40.325  -40.100 0.0000000000
54807  -11.023  40.743  -39.928 0.0000000000
54817  -13.081  41.153  -41.457 0.0000000000
55834  -14.132  42.196  -42.052 0.0000000000
111388  -15.753  41.810  -41.623 0.0000000000
56850  -17.186  42.470  -41.311 0.0000000000
112398  -15.943  41.210  -41.492 0.0000000000
51726  -10.258  37.388  -36.479 0.0000000000
52724  -10.324  38.452  -37.603 0.0000000000
51743  -11.460  37.494  -37.475 0.0000000000
51758  -12.676  37.677  -38.397 0.0000000000
50723  -13.100  37.042  -37.990 0.0000000000
48671  -14.783  34.862  -36.919 0.0000000000
49681  -15.315  35.304  -37.510 0.0000000000
49682  -16.144  35.041  -37.610 0.0000000000
49684  -18.226  35.069  -37.851 0.0000000000
47749  -17.661  33.904  -37.153 0.0000000000
64744  -10.215  49.926  -45.594 0.0000000000
109132  -9.354  50.639  -45.472 0.0000000000
65719  -11.487  51.055  -46.371 0.0000000000
67595  -12.565  53.073  -47.025 0.0000000000
66685  -13.295  52.328  -45.475 0.0000000000
63746  -14.296  49.852  -43.227 0.0000000000
56834  -10.068  42.606  -40.454 0.0000000000
112545  -9.487  43.201  -40.295 0.0000000000
57859  -10.357  44.352  -41.950 0.0000000000
58827  -11.891  44.923  -43.363 0.0000000000
57868  -12.594  44.289  -43.021 0.0000000000
123927  -16.221  45.637  -41.391 0.0000000000
60713  -15.654  46.215  -41.653 0.0000000000
107475  -16.894  47.206  -41.029 0.0000000000
52763  -17.272  39.013  -40.361 0.0000000000
54813  -18.544  40.531  -40.507 0.0000000000
44497  -14.777  31.047  -33.349 0.0000000000
45616  -15.075  31.410  -33.939 0.0000000000
45625  -14.726  31.961  -34.261 0.0000000000
112312  -16.339  31.518  -34.763 0.0000000000
49665  -11.784  35.811  -35.999 0.0000000000
49678  -12.824  35.863  -36.777 0.0000000000
49652  -12.154  35.190  -35.613 0.0000000000
48640  -13.171  34.348  -35.505 0.0000000000
47733  -14.703  33.748  -35.905 0.0000000000
63759  -12.019  49.482  -44.797 0.0000000000
64746  -13.174  50.892  -44.651 0.0000000000
116584  -12.012  48.706  -44.427 0.0000000000
62666  -12.444  48.141  -43.949 0.0000000000
62667  -13.141  47.880  -43.526 0.0000000000
125942  -8.264  39.921  -37.159 0.0000000000
54784  -8.513  40.927  -38.030 0.0000000000
55816  -10.174  41.908  -40.064 0.0000000000
56845  -11.465  42.744  -41.826 0.0000000000
114764  -13.249  43.628  -42.707 0.0000000000
118650  -13.592  43.007  -42.509 0.0000000000
58806  -15.520  44.309  -41.856 0.0000000000
117271  -17.403  44.850  -40.950 0.0000000000
58791  -17.819  44.140  -40.891 0.0000000000
44500  -17.815  30.150  -33.991 0.0000000000
44509  -17.475  30.697  -34.475 0.0000000000
125844  -9.292  39.271  -37.465 0.0000000000
53739  -11.231  39.200  -38.959 0.0000000000
53752  -13.075  39.300  -40.063 0.0000000000
53770  -15.471  40.166  -41.204 0.0000000000
52751  -13.520  38.597  -39.672 0.0000000000
52753  -15.297  38.396  -40.005 0.0000000000
51772  -16.577  37.779  -39.629 0.0000000000
50704  -14.196  36.246  -37.779 0.0000000000
115031  -15.445  36.417  -38.473 0.0000000000
50736  -17.477  36.959  -39.117 0.0000000000
50729  -18.465  36.652  -38.748 0.0000000000
49685  -19.392  35.624  -37.865 0.0000000000
66678  -14.513  52.027  -44.137 0.0000000000
59756  -11.261  45.658  -43.534 0.0000000000
60740  -13.048  46.553  -43.385 0.0000000000
61636  -14.101  47.448  -42.716 0.0000000000
59748  -14.096  45.376  -42.581 0.0000000000
122685  -14.352  46.872  -42.479 0.0000000000
62655  -15.593  48.824  -42.074 0.0000000000
54811  -17.023  40.247  -41.019 0.0000000000
115489  -19.264  41.904  -40.329 0.0000000000
46695  -12.437  32.612  -33.165 0.0000000000
46709  -13.580  32.630  -34.164 0.0000000000
46725  -14.887  33.014  -35.375 0.0000000000
46737  -16.195  33.162  -36.208 0.0000000000
45640  -17.735  31.719  -35.499 0.0000000000
112000  -17.490  32.421  -36.088 0.0000000000
47735  -17.618  33.202  -36.669 0.0000000000
60727  -10.088  46.169  -43.283 0.0000000000
53761  -13.011  39.957  -40.523 0.0000000000
54809  -12.474  40.582  -40.736 0.0000000000
54818  -14.026  40.997  -41.504 0.0000000000
55829  -14.476  41.598  -41.742 0.0000000000
55830  -15.281  41.398  -41.606 0.0000000000
54819  -14.939  40.843  -41.470 0.0000000000
50683  -10.651  36.742  -36.076 0.0000000000
51727  -11.051  37.115  -36.780 0.0000000000
51742  -10.662  37.751  -37.213 0.0000000000
51744  -12.281  37.246  -37.715 0.0000000000
50701  -11.839  36.809  -37.068 0.0000000000
115930  -15.074  34.214  -36.508 0.0000000000
48672  -15.578  34.590  -37.068 0.0000000000
48673  -16.385  34.337  -37.190 0.0000000000
119521  -17.085  34.217  -37.310 0.0000000000
47748  -16.808  33.636  -36.807 0.0000000000
65707  -10.677  50.407  -46.186 0.0000000000
65720  -12.350  51.620  -46.054 0.0000000000
65709  -12.974  51.522  -45.263 0.0000000000
112613  -14.057  48.969  -43.059 0.0000000000
121405  -14.952  50.199  -42.909 0.0000000000
64719  -15.621  50.122  -42.566 0.0000000000
56844  -10.658  42.664  -41.079 0.0000000000
57834  -10.012  43.356  -40.816 0.0000000000
57846  -9.783  44.060  -41.178 0.0000000000
106588  -11.255  44.301  -42.584 0.0000000000
57860  -11.828  43.756  -42.665 0.0000000000
60715  -17.410  46.378  -40.828 0.0000000000
60714  -16.552  46.322  -41.225 0.0000000000
52756  -17.752  38.402  -39.881 0.0000000000
52764  -18.034  39.084  -40.174 0.0000000000
53753  -18.793  39.202  -39.890 0.0000000000
44498  -16.096  30.553  -33.660 0.0000000000
44490  -15.328  30.540  -33.147 0.0000000000
119933  -15.395  30.961  -33.659 0.0000000000
44507  -15.816  31.180  -34.157 0.0000000000
49651  -11.452  35.478  -35.307 0.0000000000
48638  -11.807  34.782  -34.975 0.0000000000
47717  -12.834  34.078  -35.024 0.0000000000
48641  -13.868  34.056  -35.688 0.0000000000
47719  -14.100  33.373  -35.239 0.0000000000
63758  -11.322  48.799  -44.830 0.0000000000
120202  -13.297  48.601  -43.572 0.0000000000
61649  -12.662  47.267  -43.668 0.0000000000
53720  -8.648  40.188  -37.710 0.0000000000
54785  -9.133  40.503  -38.368 0.0000000000
55818  -11.586  41.068  -40.576 0.0000000000
55804  -10.323  41.156  -39.678 0.0000000000
55817  -10.835  41.467  -40.330 0.0000000000
115680  -10.617  42.097  -40.599 0.0000000000
124873  -12.024  42.083  -41.665 0.0000000000
56846  -12.401  42.533  -42.149 0.0000000000
56847  -13.081  42.373  -42.202 0.0000000000
112843  -15.598  42.570  -41.763 0.0000000000
56860  -14.780  42.984  -42.175 0.0000000000
57849  -15.531  43.405  -41.878 0.0000000000
58807  -16.423  44.805  -41.345 0.0000000000
112978  -16.375  43.846  -41.516 0.0000000000
119997  -17.070  44.202  -41.175 0.0000000000
56835  -17.856  42.767  -41.042 0.0000000000
57835  -18.199  43.431  -40.816 0.0000000000
56836  -18.535  42.705  -40.723 0.0000000000
43320  -18.221  29.689  -33.437 0.0000000000
122036  -18.883  29.824  -33.310 0.0000000000
118823  -8.606  38.803  -36.188 0.0000000000
53700  -8.938  39.041  -36.848 0.0000000000
52723  -9.575  38.715  -37.245 0.0000000000
52725  -11.107  38.172  -37.883 0.0000000000
52736  -10.756  38.826  -38.333 0.0000000000
52749  -11.933  38.942  -39.189 0.0000000000
111004  -12.335  39.291  -39.673 0.0000000000
52750  -12.686  38.748  -39.430 0.0000000000
52759  -14.003  39.083  -40.237 0.0000000000
51759  -13.512  37.482  -38.641 0.0000000000
51769  -13.939  37.916  -39.310 0.0000000000
51770  -14.844  37.792  -39.478 0.0000000000
51771  -15.753  37.792  -39.597 0.0000000000
51761  -15.358  37.092  -39.012 0.0000000000
49679  -13.544  35.857  -37.167 0.0000000000
49698  -15.924  35.808  -38.155 0.0000000000
49697  -15.012  35.996  -37.940 0.0000000000
124528  -16.657  36.050  -38.453 0.0000000000
50726  -16.209  36.588  -38.807 0.0000000000
50727  -17.078  36.510  -38.812 0.0000000000
50728  -17.860  36.434  -38.720 0.0000000000
116535  -18.713  35.626  -38.112 0.0000000000
49686  -20.099  35.718  -37.502 0.0000000000
63760  -12.937  49.961  -44.325 0.0000000000
65710  -13.684  51.794  -44.653 0.0000000000
65698  -14.092  51.223  -44.025 0.0000000000
55767  -8.036  41.311  -37.662 0.0000000000
58805  -9.645  44.582  -41.479 0.0000000000
58813  -9.977  44.986  -42.153 0.0000000000
59755  -10.556  45.685  -43.204 0.0000000000
58826  -11.160  45.214  -43.191 0.0000000000
59758  -12.795  45.764  -43.383 0.0000000000
59757  -12.054  45.646  -43.594 0.0000000000
61635  -13.411  47.309  -43.235 0.0000000000
109018  -13.738  46.715  -42.847 0.0000000000
119104  -13.825  43.917  -42.660 0.0000000000
58816  -13.276  44.397  -42.901 0.0000000000
58817  -13.977  44.550  -42.651 0.0000000000
116001  -15.504  47.106  -41.769 0.0000000000
60730  -14.900  46.576  -42.135 0.0000000000
61637  -14.832  47.383  -42.252 0.0000000000
61621  -15.481  47.943  -41.915 0.0000000000
53764  -15.998  39.568  -40.882 0.0000000000
53771  -16.254  40.145  -41.183 0.0000000000
55820  -18.780  41.350  -40.548 0.0000000000
45614  -13.646  31.727  -33.296 0.0000000000
111303  -13.239  32.328  -33.580 0.0000000000
46708  -12.832  33.017  -33.977 0.0000000000
46711  -15.176  32.361  -34.915 0.0000000000
46726  -15.704  32.748  -35.583 0.0000000000
46727  -16.534  32.527  -35.821 0.0000000000
45628  -17.988  31.092  -35.018 0.0000000000
47699  -12.858  33.617  -34.585 0.0000000000
61657  -10.849  47.500  -44.482 0.0000000000
61647  -11.092  46.769  -44.133 0.0000000000
53750  -11.169  40.137  -39.642 0.0000000000
54800  -10.501  40.291  -39.294 0.0000000000
116176  -12.201  41.429  -41.258 0.0000000000
55828  -13.607  41.850  -41.879 0.0000000000
56848  -14.859  42.189  -41.883 0.0000000000
56849  -16.417  42.142  -41.533 0.0000000000
105454  -17.094  41.769  -41.353 0.0000000000
51700  -9.945  37.109  -35.694 0.0000000000
51725  -9.509  37.772  -36.054 0.0000000000
52705  -9.896  38.044  -36.883 0.0000000000
51757  -11.869  37.896  -38.156 0.0000000000
52739  -13.090  38.114  -39.059 0.0000000000
50724  -13.902  36.858  -38.230 0.0000000000
49680  -14.467  35.560  -37.340 0.0000000000
118295  -16.743  35.457  -38.056 0.0000000000
49700  -18.038  35.729  -38.271 0.0000000000
112525  -16.912  34.785  -37.648 0.0000000000
48674  -17.634  34.573  -37.577 0.0000000000
48675  -18.349  34.361  -37.410 0.0000000000
116306  -9.853  49.597  -44.979 0.0000000000
117532  -11.216  51.501  -47.015 0.0000000000
123660  -13.954  53.066  -45.271 0.0000000000
64733  -14.572  50.678  -43.423 0.0000000000
57832  -9.284  43.706  -40.340 0.0000000000
57833  -9.477  43.809  -40.653 0.0000000000
114218  -11.408  44.735  -43.013 0.0000000000
58828  -12.681  44.998  -43.285 0.0000000000
59739  -15.522  45.236  -41.710 0.0000000000
120441  -16.141  46.893  -41.406 0.0000000000
121670  -16.775  47.977  -41.224 0.0000000000
52762  -16.497  38.993  -40.459 0.0000000000
53766  -17.535  39.674  -40.608 0.0000000000
53767  -18.306  39.795  -40.374 0.0000000000
45615  -14.386  31.570  -33.635 0.0000000000
45626  -15.504  31.752  -34.531 0.0000000000
50665  -11.080  36.145  -35.655 0.0000000000
50685  -12.188  36.171  -36.624 0.0000000000
49666  -12.496  35.546  -36.240 0.0000000000
49667  -13.208  35.341  -36.471 0.0000000000
48639  -12.505  34.565  -35.273 0.0000000000
48656  -12.862  34.960  -35.847 0.0000000000
48657  -13.557  34.698  -36.088 0.0000000000
48658  -14.327  34.450  -36.301 0.0000000000
121038  -15.250  33.790  -36.259 0.0000000000
114868  -10.992  49.411  -45.304 0.0000000000
64745  -11.555  50.066  -45.503 0.0000000000
119635  -12.418  50.301  -44.956 0.0000000000
63744  -12.701  49.069  -44.087 0.0000000000
63745  -13.511  49.476  -43.665 0.0000000000
105019  -8.986  41.464  -38.702 0.0000000000
54799  -9.730  40.840  -39.026 0.0000000000
55803  -9.628  41.694  -39.440 0.0000000000
56856  -12.055  43.155  -42.470 0.0000000000
56857  -12.926  42.954  -42.515 0.0000000000
57862  -14.033  43.312  -42.528 0.0000000000
56859  -14.148  42.693  -42.302 0.0000000000
57863  -14.633  43.862  -42.367 0.0000000000
59740  -16.971  45.590  -41.037 0.0000000000
59741  -17.860  45.591  -40.741 0.0000000000
110741  -18.755  45.589  -40.547 0.0000000000
57851  -17.283  43.395  -41.190 0.0000000000
107152  -18.896  37.934  -39.347 0.0000000000
44499  -17.004  30.301  -33.896 0.0000000000
104872  -8.738  39.574  -37.302 0.0000000000
53721  -9.248  39.777  -37.928 0.0000000000
53722  -9.927  39.214  -38.009 0.0000000000
53738  -10.543  39.545  -38.747 0.0000000000
53751  -11.666  39.633  -39.571 0.0000000000
53760  -12.367  39.841  -40.113 0.0000000000
53762  -13.750  39.730  -40.617 0.0000000000
53769  -14.505  40.181  -41.081 0.0000000000
123605  -14.477  39.512  -40.662 0.0000000000
52760  -14.834  38.966  -40.404 0.0000000000
52752  -14.402  38.453  -39.868 0.0000000000
52761  -15.680  38.979  -40.476 0.0000000000
52754  -16.154  38.403  -40.038 0.0000000000
52755  -16.967  38.385  -39.991 0.0000000000
51773  -17.437  37.642  -39.524 0.0000000000
50702  -12.738  36.480  -37.306 0.0000000000
50703  -13.498  36.498  -37.690 0.0000000000
50725  -14.715  36.639  -38.394 0.0000000000
50734  -16.167  37.267  -39.295 0.0000000000
50735  -16.842  37.118  -39.234 0.0000000000
115414  -18.263  37.783  -39.459 0.0000000000
50737  -18.073  37.088  -39.151 0.0000000000
51762  -18.831  37.230  -38.949 0.0000000000
49701  -19.057  36.353  -38.423 0.0000000000
60738  -11.411  46.174  -43.789 0.0000000000
60739  -12.124  46.485  -43.747 0.0000000000
62654  -13.763  48.095  -43.078 0.0000000000
109989  -14.668  48.306  -42.507 0.0000000000
57861  -12.452  43.653  -42.739 0.0000000000
59747  -13.372  45.134  -42.998 0.0000000000
112904  -14.853  45.725  -42.145 0.0000000000
60729  -14.222  46.199  -42.500 0.0000000000
63729  -15.806  49.529  -42.243 0.0000000000
54820  -15.734  40.736  -41.402 0.0000000000
54821  -16.460  40.773  -41.325 0.0000000000
54822  -17.302  41.043  -41.196 0.0000000000
54812  -17.802  40.370  -40.782 0.0000000000
110799  -18.094  41.017  -40.859 0.0000000000
106709  -18.787  42.093  -40.604 0.0000000000
47700  -13.517  33.169  -34.615 0.0000000000
46710  -14.281  32.634  -34.646 0.0000000000
47734  -15.427  33.385  -35.981 0.0000000000
45627  -17.180  31.284  -34.940 0.0000000000
45639  -16.876  31.882  -35.432 0.0000000000
46738  -16.930  32.963  -36.340 0.0000000000
49683  -17.490  35.236  -37.979 0.0000000000
52737  -11.520  38.554  -38.564 0.0000000000
53763  -15.185  39.566  -40.821 0.0000000000
55786  -8.377  41.615  -38.216 0.0000000000
55826  -11.337  41.919  -41.064 0.0000000000
55831  -16.495  41.432  -41.442 0.0000000000
56833  -9.552  42.475  -39.863 0.0000000000
56858  -13.585  42.525  -42.288 0.0000000000
57847  -10.561  43.470  -41.533 0.0000000000
58815  -11.940  44.241  -42.979 0.0000000000
59727  -18.272  44.846  -40.713 0.0000000000
61622  -16.159  47.591  -41.464 0.0000000000
66677  -14.160  52.581  -44.717 0.0000000000
105450  -10.997  39.734  -39.281 0.0000000000
122329  -18.444  36.156  -38.459 0.0000000000
