#!ascii label  , from subject sub-v1s10x0051076_ses-1 vox2ras=TkReg
581
132925  18.734  -15.174  -33.709 0.1428571492
63862  18.077  -15.672  -33.517 0.1428571492
64860  18.967  -14.112  -34.388 0.1428571492
63849  19.847  -15.878  -32.865 0.1428571492
64846  19.306  -14.546  -33.834 0.2857142985
64845  20.115  -14.438  -33.476 0.1428571492
148853  19.657  -12.592  -35.041 0.5714285970
150734  20.519  -13.787  -33.576 0.1428571492
156635  21.964  -12.637  -33.475 0.2857142985
146933  21.441  -12.794  -33.633 0.2857142985
67870  22.528  -11.712  -33.863 0.1428571492
66815  22.598  -12.428  -33.375 0.2857142985
69828  23.797  -9.280  -34.788 0.2857142985
157424  23.351  -9.809  -34.835 0.1428571492
69829  22.713  -10.012  -35.140 0.2857142985
71835  24.560  -7.332  -35.019 0.2857142985
70865  24.305  -8.679  -34.696 0.2857142985
72802  24.246  -6.113  -36.007 0.2857142985
72794  24.019  -7.014  -35.704 0.2857142985
74775  25.230  -4.102  -36.432 0.2857142985
76603  25.455  -2.028  -37.397 0.8571428657
75704  25.193  -2.910  -37.286 0.4285714328
74767  24.995  -4.807  -36.078 0.2857142985
78556  25.724  -0.660  -37.678 0.7142857313
77561  25.913  -1.264  -37.154 0.7142857313
79499  26.390  0.313  -37.181 0.8571428657
79500  25.855  0.073  -37.870 0.5714285970
157290  25.550  0.146  -38.421 0.8571428657
134701  25.399  -1.222  -37.842 0.7142857313
77562  25.020  -1.763  -38.021 0.7142857313
156747  27.520  2.445  -36.817 0.4285714328
80476  26.177  0.911  -37.814 0.7142857313
83488  28.251  4.338  -36.665 0.2857142985
83496  27.692  4.471  -37.279 0.5714285970
81409  26.725  2.585  -37.778 0.8571428657
82421  26.828  3.390  -37.927 0.7142857313
81427  26.250  2.338  -38.382 0.8571428657
85480  28.140  5.620  -36.846 0.1428571492
84481  28.049  4.935  -36.935 0.1428571492
82442  26.881  4.055  -38.139 0.5714285970
157354  26.479  3.011  -38.317 0.8571428657
86375  28.514  7.299  -36.631 0.1428571492
85479  28.841  5.991  -36.226 0.1428571492
85490  27.619  6.088  -37.443 0.1428571492
84489  27.628  5.241  -37.462 0.4285714328
82443  26.472  3.740  -38.597 0.8571428657
86374  29.150  8.175  -36.501 0.1428571492
135696  27.968  7.961  -36.915 0.1428571492
86376  27.669  7.013  -37.235 0.1428571492
86386  26.981  6.619  -38.185 0.4285714328
84508  27.140  5.642  -38.145 0.5714285970
84509  26.673  5.157  -38.627 0.7142857313
82458  25.993  3.706  -39.231 0.8571428657
87284  27.588  8.694  -37.324 0.1428571492
146953  27.054  7.711  -37.786 0.1428571492
84531  26.187  5.495  -39.196 0.8571428657
83531  26.236  4.566  -39.058 0.8571428657
83532  25.747  5.036  -39.600 0.8571428657
88184  28.194  9.665  -37.173 0.1428571492
88185  27.343  9.415  -37.459 0.2857142985
87285  26.786  8.578  -37.789 0.8571428657
150911  26.430  6.637  -38.879 0.8571428657
85501  26.597  5.989  -38.763 0.7142857313
86398  26.049  6.950  -39.274 0.8571428657
89085  27.303  11.008  -37.488 0.1428571492
90048  27.840  11.794  -37.817 0.1428571492
88191  26.563  9.385  -37.685 0.4285714328
87294  25.374  8.723  -38.652 0.8571428657
153206  25.912  8.126  -38.795 0.8571428657
86388  26.004  7.568  -39.063 0.8571428657
85515  25.489  6.555  -39.762 0.8571428657
136911  26.433  10.284  -37.543 0.4285714328
87306  25.480  7.907  -39.253 0.8571428657
86400  24.909  7.524  -39.718 0.8571428657
139773  27.103  11.804  -37.636 0.1428571492
90989  27.415  12.410  -37.997 0.2857142985
90049  26.388  11.284  -37.531 0.5714285970
89086  25.592  10.498  -37.697 0.8571428657
88192  25.794  9.497  -37.899 0.8571428657
88193  24.996  9.771  -38.242 0.8571428657
87307  24.730  8.288  -39.317 0.8571428657
91969  27.008  13.059  -38.254 0.2857142985
90990  26.447  12.331  -37.702 0.7142857313
90050  25.384  11.550  -37.675 0.8571428657
88194  24.110  10.230  -38.585 0.8571428657
88202  24.448  9.147  -38.851 0.8571428657
90991  25.456  12.575  -37.741 0.8571428657
150121  24.786  12.059  -37.855 0.8571428657
90051  24.445  11.307  -38.212 0.8571428657
144991  23.490  11.220  -38.667 0.7142857313
90992  24.670  12.728  -37.917 0.8571428657
90993  23.935  12.768  -38.280 0.8571428657
91973  23.732  13.551  -38.267 0.8571428657
149685  23.469  12.124  -38.526 0.7142857313
92904  25.236  14.605  -38.412 0.7142857313
135121  24.445  14.298  -38.207 0.8571428657
92905  24.703  15.104  -38.481 0.8571428657
146655  24.050  14.957  -38.369 0.8571428657
93735  24.105  15.735  -38.586 0.7142857313
140864  24.141  12.038  -38.311 0.8571428657
94631  25.837  16.741  -42.390 0.1428571492
93734  24.955  15.754  -38.783 0.7142857313
94579  24.560  16.452  -38.942 0.7142857313
142644  25.424  18.108  -42.973 0.1428571492
148801  25.454  16.908  -40.032 0.5714285970
95492  25.460  17.778  -40.418 0.5714285970
157393  24.717  18.794  -39.836 0.5714285970
132906  25.589  18.517  -41.058 0.1428571492
157077  25.171  18.401  -44.376 0.1428571492
96329  24.766  19.406  -40.227 0.5714285970
97146  25.138  19.580  -43.394 0.1428571492
97904  24.599  20.277  -45.179 0.1428571492
96341  25.418  19.184  -41.729 0.1428571492
98622  24.541  21.099  -44.780 0.1428571492
131715  25.336  19.356  -40.869 0.5714285970
97899  24.747  20.270  -44.042 0.1428571492
97896  24.674  21.122  -43.642 0.1428571492
133291  24.555  21.918  -45.646 0.1428571492
98616  24.534  21.856  -43.267 0.1428571492
62844  18.589  -16.511  -32.680 0.1428571492
62854  18.197  -16.177  -33.010 0.1428571492
65814  19.787  -13.781  -34.019 0.2857142985
64844  20.932  -14.260  -33.160 0.1428571492
65799  21.750  -14.004  -32.915 0.2857142985
65813  21.206  -13.496  -33.381 0.2857142985
68850  23.956  -10.040  -34.414 0.2857142985
68851  23.189  -10.512  -34.503 0.2857142985
73803  24.452  -5.322  -36.399 0.2857142985
76595  25.794  -2.638  -36.750 0.4285714328
75687  24.914  -3.682  -37.097 0.5714285970
133095  26.731  1.125  -37.151 0.2857142985
76604  24.840  -2.450  -37.922 0.7142857313
81408  27.339  2.967  -37.257 0.1428571492
130449  25.735  2.170  -39.073 0.8571428657
83514  26.686  4.458  -38.498 0.7142857313
87283  28.559  8.950  -36.760 0.1428571492
86387  26.456  7.241  -38.665 0.8571428657
85514  26.097  6.275  -39.305 0.8571428657
86399  25.539  7.251  -39.547 0.8571428657
91970  26.147  13.233  -38.006 0.8571428657
152373  25.105  13.987  -38.079 0.8571428657
93733  25.278  15.183  -38.705 0.8571428657
94592  25.211  16.297  -39.380 0.7142857313
94603  25.636  17.025  -40.782 0.2857142985
97910  24.475  20.547  -46.392 0.1428571492
62845  17.899  -16.661  -32.655 0.1428571492
66817  20.579  -13.075  -33.956 0.4285714328
66816  21.859  -12.210  -33.798 0.2857142985
66831  21.098  -12.300  -34.209 0.4285714328
66832  20.305  -12.468  -34.639 0.2857142985
67882  22.536  -11.109  -34.385 0.1428571492
69827  24.497  -9.468  -34.324 0.2857142985
70864  24.776  -8.039  -34.607 0.2857142985
70876  23.687  -8.569  -35.218 0.2857142985
70877  23.167  -8.493  -35.734 0.2857142985
157090  24.099  -7.546  -35.371 0.2857142985
75705  24.562  -3.332  -37.865 0.7142857313
153976  29.358  7.458  -36.383 0.1428571492
87282  29.684  9.150  -36.646 0.1428571492
89076  28.746  10.548  -37.317 0.1428571492
89078  27.107  10.094  -37.465 0.2857142985
90040  28.283  11.181  -37.600 0.1428571492
87293  26.123  8.647  -38.209 0.8571428657
84532  25.674  5.811  -39.695 0.8571428657
91002  27.741  12.872  -38.563 0.1428571492
91983  26.668  13.738  -38.644 0.2857142985
89093  23.175  10.201  -39.194 0.8571428657
92915  25.795  14.848  -38.843 0.5714285970
93744  26.124  15.102  -39.625 0.5714285970
143214  26.074  15.899  -41.011 0.2857142985
153125  25.750  16.440  -40.643 0.2857142985
95505  25.657  17.498  -41.477 0.1428571492
95521  25.500  18.298  -42.051 0.1428571492
97130  25.204  20.008  -41.533 0.2857142985
97895  25.046  20.464  -43.030 0.1428571492
97890  25.051  20.587  -42.181 0.1428571492
98615  24.805  21.155  -42.700 0.1428571492
97152  24.932  19.285  -44.472 0.1428571492
134897  24.524  21.905  -44.446 0.1428571492
99379  24.380  22.755  -44.147 0.1428571492
99384  24.565  22.672  -45.874 0.1428571492
92914  26.447  14.451  -39.119 0.4285714328
93753  26.395  15.295  -40.557 0.4285714328
93754  25.773  15.900  -40.046 0.5714285970
63861  19.590  -15.193  -33.351 0.1428571492
142688  18.604  -14.628  -34.148 0.1428571492
63850  18.916  -15.902  -33.105 0.1428571492
62855  17.444  -16.140  -33.238 0.1428571492
65827  19.238  -13.563  -34.614 0.4285714328
64861  18.149  -14.262  -34.589 0.2857142985
65826  19.776  -13.087  -34.553 0.5714285970
77569  24.902  -1.216  -38.501 0.7142857313
80475  26.478  1.751  -37.774 0.8571428657
80496  25.959  1.513  -38.425 0.8571428657
82420  27.305  3.881  -37.608 0.5714285970
83513  27.155  4.707  -37.990 0.5714285970
85489  28.266  6.462  -36.754 0.1428571492
144322  26.364  7.948  -38.435 0.8571428657
89087  24.853  10.673  -38.020 0.8571428657
88203  23.666  9.379  -39.246 0.8571428657
91971  25.309  13.376  -37.904 0.8571428657
91972  24.531  13.453  -38.032 0.8571428657
150703  25.587  17.577  -42.419 0.1428571492
96319  25.245  18.672  -40.337 0.5714285970
151505  24.971  18.040  -39.795 0.5714285970
96370  24.909  18.538  -45.160 0.1428571492
97138  25.275  19.838  -42.406 0.1428571492
97160  24.623  19.481  -45.637 0.1428571492
96350  25.355  18.950  -42.701 0.1428571492
68838  24.664  -10.221  -33.955 0.1428571492
92903  25.843  14.054  -38.393 0.5714285970
67883  20.724  -11.778  -34.897 0.4285714328
143962  23.607  -7.835  -35.653 0.5714285970
98609  24.763  21.131  -42.066 0.1428571492
70890  22.916  -8.073  -36.335 0.5714285970
70899  22.050  -8.396  -37.069 0.5714285970
69868  21.049  -8.973  -37.553 0.2857142985
72804  23.155  -6.927  -37.034 0.5714285970
71871  22.017  -7.737  -37.867 0.5714285970
69858  20.826  -9.687  -36.882 0.4285714328
71856  22.690  -7.556  -37.077 0.5714285970
70901  20.260  -8.908  -37.945 0.2857142985
71872  21.254  -7.780  -38.414 0.4285714328
73804  23.877  -5.774  -36.800 0.4285714328
73821  22.917  -5.985  -38.184 0.5714285970
72840  22.164  -6.419  -38.626 0.5714285970
72841  21.415  -6.681  -39.013 0.4285714328
73820  23.602  -5.367  -37.698 0.5714285970
73835  23.103  -5.207  -38.530 0.5714285970
74795  23.623  -4.602  -38.262 0.7142857313
74806  23.110  -4.508  -38.904 0.4285714328
75706  24.102  -4.001  -38.097 0.4285714328
71897  20.442  -7.539  -38.674 0.2857142985
70918  20.007  -8.272  -38.310 0.2857142985
73837  21.684  -6.015  -39.233 0.4285714328
74794  24.109  -4.612  -37.617 0.7142857313
75725  24.289  -2.772  -38.526 0.7142857313
136946  22.603  -2.608  -40.314 0.4285714328
77588  23.695  -1.789  -39.672 0.7142857313
76647  23.119  -1.740  -40.312 0.5714285970
78601  23.260  -0.900  -40.677 0.7142857313
77570  24.557  -1.981  -38.571 0.5714285970
77571  23.988  -2.258  -39.153 0.7142857313
78585  24.294  -0.693  -39.699 0.7142857313
79537  23.807  0.398  -40.849 0.7142857313
79536  24.351  0.576  -40.348 0.7142857313
79550  23.508  0.650  -41.345 0.7142857313
78612  23.247  -0.070  -41.158 0.4285714328
80530  23.393  1.270  -41.748 0.4285714328
78573  25.372  -0.450  -38.346 0.5714285970
78574  24.806  -0.580  -39.084 0.5714285970
79518  25.257  0.256  -38.992 0.5714285970
139912  24.958  0.857  -39.683 0.5714285970
80513  24.660  1.425  -40.303 0.7142857313
134015  24.390  2.072  -40.827 0.7142857313
82480  24.351  3.647  -40.937 0.7142857313
81452  23.776  1.998  -41.489 0.7142857313
81463  23.507  2.721  -41.710 0.5714285970
82481  23.647  3.603  -41.527 0.5714285970
80503  25.237  1.716  -39.668 0.5714285970
81440  25.405  2.422  -39.681 0.7142857313
81441  24.968  2.253  -40.178 0.7142857313
82469  24.962  3.711  -40.351 0.8571428657
81464  23.137  2.114  -42.208 0.4285714328
83547  24.593  4.457  -40.682 0.7142857313
83561  24.069  4.312  -41.200 0.7142857313
84569  24.120  5.139  -41.067 0.7142857313
83562  23.522  4.528  -41.520 0.5714285970
84570  23.335  5.267  -41.440 0.7142857313
134221  25.697  2.990  -39.454 0.5714285970
81451  24.686  2.907  -40.588 0.7142857313
83546  25.268  4.555  -40.077 0.8571428657
133642  24.810  5.267  -40.446 0.8571428657
84555  24.445  5.888  -40.597 0.7142857313
84556  23.782  5.849  -41.031 0.5714285970
86426  22.943  6.879  -40.995 0.2857142985
145577  25.759  4.310  -39.547 0.7142857313
87319  23.164  7.979  -40.308 0.7142857313
84554  25.112  5.943  -40.166 0.7142857313
85530  24.778  6.504  -40.227 0.8571428657
85531  24.066  6.470  -40.593 0.8571428657
140568  24.033  8.646  -39.384 0.8571428657
86415  23.562  7.146  -40.563 0.5714285970
86401  23.997  7.823  -39.839 0.8571428657
87308  23.402  8.632  -39.772 0.8571428657
157399  22.542  8.185  -40.602 0.7142857313
86413  25.061  6.985  -39.941 0.8571428657
87309  22.749  8.742  -40.260 0.8571428657
88204  22.958  9.421  -39.784 0.7142857313
90994  22.975  12.837  -38.540 0.7142857313
91003  22.055  12.540  -39.132 0.7142857313
91974  22.974  13.710  -38.490 0.5714285970
91984  22.197  13.479  -38.939 0.7142857313
92906  23.527  14.351  -38.385 0.7142857313
93736  23.309  15.104  -38.640 0.8571428657
93747  22.347  15.120  -39.152 0.7142857313
92916  21.671  14.289  -39.576 0.7142857313
145607  22.121  15.783  -39.518 0.7142857313
94594  22.267  16.588  -39.643 0.7142857313
146424  21.450  16.005  -40.075 0.5714285970
94580  23.876  16.496  -38.856 0.7142857313
94593  23.266  17.003  -39.277 0.7142857313
94595  21.421  16.755  -40.380 0.5714285970
156168  22.604  17.188  -39.600 0.4285714328
95488  22.052  17.342  -39.990 0.5714285970
146349  20.816  16.215  -40.766 0.5714285970
95487  22.835  17.797  -39.653 0.5714285970
95493  21.277  17.544  -40.739 0.5714285970
94604  20.680  16.926  -41.011 0.4285714328
94605  20.264  16.424  -41.384 0.4285714328
135272  20.949  18.500  -41.177 0.5714285970
96322  22.658  18.525  -39.951 0.5714285970
95506  19.902  17.042  -41.445 0.4285714328
93766  19.024  15.990  -42.035 0.4285714328
95494  20.323  17.688  -41.340 0.5714285970
96332  18.925  18.715  -41.381 0.4285714328
77545  26.009  -1.980  -36.823 0.2857142985
79524  25.495  1.198  -39.056 0.5714285970
96331  19.817  18.542  -41.643 0.2857142985
96333  18.452  18.019  -40.996 0.2857142985
69857  21.676  -9.241  -36.588 0.5714285970
72803  23.629  -6.545  -36.492 0.2857142985
71845  23.332  -7.315  -36.352 0.4285714328
72821  23.324  -6.256  -37.351 0.5714285970
69869  20.295  -9.442  -37.510 0.2857142985
71896  21.088  -7.240  -38.841 0.4285714328
73836  22.415  -5.646  -38.858 0.4285714328
152459  22.623  -5.009  -39.058 0.5714285970
72843  19.875  -6.767  -39.010 0.2857142985
72856  21.087  -6.275  -39.416 0.2857142985
76638  22.944  -3.153  -39.776 0.5714285970
134285  26.413  -0.937  -36.723 0.2857142985
76648  22.320  -1.932  -40.878 0.2857142985
85542  23.362  6.404  -40.969 0.7142857313
90058  22.528  10.929  -39.202 0.7142857313
90052  22.701  11.849  -38.811 0.7142857313
90059  21.915  11.647  -39.383 0.7142857313
93755  20.905  15.487  -40.638 0.5714285970
95486  23.783  17.798  -39.302 0.5714285970
95480  24.163  17.138  -39.096 0.5714285970
96323  21.986  18.106  -40.339 0.5714285970
73848  21.882  -5.200  -39.499 0.4285714328
149826  25.705  0.687  -38.434 0.7142857313
82444  26.133  2.987  -38.870 0.7142857313
82468  25.507  3.703  -39.781 0.7142857313
86414  24.435  7.060  -40.193 0.7142857313
133151  24.470  -4.033  -37.539 0.5714285970
154160  24.044  -3.426  -38.453 0.5714285970
89094  22.452  10.118  -39.781 0.7142857313
70900  21.429  -8.297  -37.902 0.5714285970
71873  20.713  -8.336  -38.197 0.4285714328
72822  22.616  -6.885  -37.832 0.5714285970
72823  21.775  -7.155  -38.468 0.4285714328
68878  20.563  -10.409  -36.386 0.5714285970
75726  23.580  -3.897  -38.668 0.5714285970
75734  23.043  -3.817  -39.330 0.4285714328
76622  23.600  -3.101  -39.072 0.5714285970
76637  23.335  -2.438  -39.712 0.7142857313
148786  22.506  -3.171  -40.135 0.4285714328
77587  24.313  -1.397  -39.264 0.7142857313
78586  23.772  -1.142  -40.000 0.7142857313
77598  22.738  -1.338  -40.916 0.2857142985
78600  23.913  -0.276  -40.357 0.7142857313
79525  24.609  0.009  -39.711 0.7142857313
80514  24.025  1.171  -41.036 0.7142857313
81462  24.082  2.805  -41.208 0.7142857313
81450  25.259  2.988  -40.027 0.5714285970
82482  23.074  4.000  -41.882 0.2857142985
85543  22.576  6.308  -41.391 0.2857142985
92907  22.618  14.345  -38.745 0.7142857313
93746  23.088  15.974  -39.089 0.8571428657
95495  19.211  17.737  -41.468 0.4285714328
72857  20.604  -6.063  -39.593 0.1428571492
151886  21.287  -5.081  -39.963 0.4285714328
65828  18.550  -13.674  -34.893 0.4285714328
156386  25.003  -6.942  -34.831 0.1428571492
72793  24.801  -6.493  -35.258 0.1428571492
75686  25.525  -3.385  -36.627 0.1428571492
73796  25.464  -5.848  -35.102 0.1428571492
72781  25.558  -6.620  -34.684 0.1428571492
75673  26.165  -3.200  -36.141 0.1428571492
150594  25.510  -4.468  -35.863 0.1428571492
143178  25.514  -5.116  -35.513 0.1428571492
78533  26.685  -0.307  -36.634 0.2857142985
79483  27.025  0.454  -36.595 0.1428571492
100152  24.033  24.090  -45.811 0.1428571492
88209  22.349  9.443  -40.294 0.4285714328
90060  21.196  11.642  -39.955 0.4285714328
141516  21.377  13.205  -39.833 0.4285714328
155587  22.861  21.878  -41.556 0.2857142985
97873  22.541  20.505  -40.737 0.2857142985
97112  22.969  19.171  -40.028 0.2857142985
97872  23.407  20.534  -40.581 0.2857142985
91019  20.130  12.557  -41.912 0.1428571492
97874  21.501  20.237  -41.342 0.2857142985
96321  23.449  18.527  -39.608 0.4285714328
91995  20.722  13.341  -40.913 0.4285714328
92921  20.993  14.700  -40.511 0.5714285970
92927  20.131  14.606  -42.068 0.4285714328
136787  20.232  19.292  -41.814 0.1428571492
97122  21.193  19.455  -41.288 0.1428571492
92928  19.119  15.073  -42.376 0.1428571492
158181  19.936  16.067  -41.828 0.4285714328
97123  19.571  19.239  -41.775 0.1428571492
97132  19.760  19.958  -41.942 0.1428571492
97884  20.835  20.663  -41.890 0.1428571492
93765  19.986  15.465  -42.061 0.2857142985
97124  19.164  19.569  -41.360 0.2857142985
96316  18.174  18.476  -38.824 0.1428571492
97885  20.222  20.482  -41.961 0.1428571492
97113  18.952  19.930  -40.230 0.1428571492
97876  19.345  20.366  -41.103 0.1428571492
97864  19.266  20.722  -39.818 0.1428571492
66845  19.201  -12.365  -35.584 0.4285714328
67909  18.501  -11.038  -36.259 0.2857142985
74766  26.075  -4.577  -35.438 0.1428571492
76574  26.491  -2.399  -36.240 0.1428571492
89095  21.679  10.766  -39.850 0.2857142985
95484  24.893  17.166  -39.496 0.4285714328
97119  24.088  20.036  -40.301 0.2857142985
98592  22.906  21.258  -41.017 0.2857142985
98604  20.319  21.103  -41.981 0.2857142985
67897  18.617  -11.856  -35.987 0.2857142985
67881  23.273  -11.253  -33.933 0.1428571492
69826  25.002  -8.816  -34.232 0.1428571492
89104  21.937  10.023  -40.304 0.4285714328
153360  20.340  13.105  -41.635 0.2857142985
96320  24.286  18.401  -39.508 0.4285714328
98593  21.962  21.664  -41.763 0.2857142985
97871  24.065  20.873  -40.955 0.2857142985
99361  23.286  22.304  -41.916 0.2857142985
99371  23.614  22.724  -42.481 0.1428571492
100138  23.028  23.374  -42.835 0.1428571492
99370  24.251  22.402  -42.856 0.1428571492
97875  19.805  20.775  -41.653 0.2857142985
98603  21.002  21.329  -42.088 0.2857142985
100137  23.934  23.159  -43.248 0.1428571492
100144  24.049  23.640  -44.318 0.1428571492
98610  24.490  21.687  -42.386 0.1428571492
80460  27.369  1.240  -36.526 0.2857142985
97118  24.785  20.108  -40.803 0.4285714328
99362  22.288  22.265  -42.051 0.2857142985
98601  24.369  21.386  -41.719 0.2857142985
66833  19.035  -13.072  -35.184 0.4285714328
78555  26.128  -0.457  -37.185 0.4285714328
97111  23.997  19.276  -39.735 0.2857142985
97882  24.768  20.700  -41.515 0.2857142985
91004  21.466  12.304  -39.695 0.4285714328
93748  21.518  15.228  -39.840 0.5714285970
92922  20.535  15.045  -41.367 0.5714285970
96330  22.014  18.931  -40.519 0.2857142985
97121  22.259  19.741  -40.597 0.2857142985
75674  25.821  -3.890  -35.962 0.1428571492
73781  26.010  -5.956  -34.694 0.1428571492
149988  26.769  -3.068  -35.726 0.1428571492
97883  21.761  20.978  -41.436 0.2857142985
97120  23.256  19.893  -40.263 0.2857142985
140277  21.015  13.960  -40.412 0.4285714328
97131  20.541  20.018  -41.833 0.1428571492
91996  20.638  14.242  -41.194 0.4285714328
92003  20.266  13.763  -41.847 0.2857142985
66846  18.412  -12.625  -35.609 0.2857142985
76573  27.305  -2.488  -35.615 0.1428571492
89105  21.225  10.317  -40.694 0.2857142985
98602  23.657  21.654  -41.498 0.2857142985
99360  24.080  22.106  -42.054 0.2857142985
81474  22.973  3.155  -42.171 0.4285714328
84571  22.464  5.426  -41.747 0.2857142985
139243  20.039  22.725  -41.990 0.1428571492
131924  21.075  22.126  -42.363 0.1428571492
153343  20.109  23.467  -41.814 0.1428571492
98584  19.551  21.567  -39.321 0.1428571492
99363  20.172  21.859  -42.039 0.1428571492
98594  19.790  21.634  -41.324 0.1428571492
98583  19.690  22.088  -40.098 0.1428571492
99355  19.711  22.630  -40.896 0.1428571492
155231  20.335  24.325  -41.708 0.1428571492
99345  20.600  23.554  -39.341 0.1428571492
100124  19.776  23.514  -41.035 0.1428571492
99346  20.041  22.971  -39.603 0.1428571492
100123  20.296  24.109  -40.464 0.1428571492
149478  20.552  24.427  -42.507 0.1428571492
74776  24.607  -4.520  -36.895 0.2857142985
99373  21.633  22.711  -42.480 0.1428571492
100130  20.745  22.983  -42.596 0.1428571492
100139  21.736  23.338  -42.857 0.1428571492
100118  20.176  23.492  -40.098 0.1428571492
73819  24.151  -5.129  -37.096 0.4285714328
69843  21.396  -9.979  -36.115 0.4285714328
68865  21.937  -10.292  -35.419 0.2857142985
68852  22.370  -10.634  -34.847 0.1428571492
69842  22.209  -9.569  -35.767 0.2857142985
146451  22.496  -8.801  -36.107 0.2857142985
67894  21.129  -11.249  -35.191 0.2857142985
93756  20.404  15.770  -41.364 0.4285714328
68866  21.163  -10.676  -35.654 0.4285714328
69841  23.082  -9.222  -35.386 0.1428571492
155674  22.085  -11.040  -34.678 0.1428571492
91011  20.956  12.478  -40.358 0.2857142985
68853  21.738  -10.910  -35.042 0.2857142985
67895  20.256  -11.260  -35.813 0.2857142985
67896  19.459  -11.776  -35.844 0.2857142985
68879  19.756  -10.697  -36.572 0.2857142985
74814  22.447  -4.459  -39.480 0.2857142985
75735  22.323  -3.722  -39.969 0.2857142985
75744  22.027  -3.200  -40.472 0.2857142985
78624  22.557  -0.121  -41.776 0.1428571492
79551  23.026  0.553  -41.856 0.2857142985
155466  22.701  2.589  -42.538 0.1428571492
84572  21.896  5.950  -41.841 0.1428571492
85544  21.806  6.606  -41.714 0.1428571492
87327  21.949  7.958  -41.052 0.1428571492
86428  21.575  7.356  -41.684 0.1428571492
87320  22.152  8.797  -40.712 0.1428571492
87321  21.449  8.835  -41.197 0.1428571492
89106  20.694  11.043  -41.111 0.1428571492
90069  20.397  11.825  -41.544 0.1428571492
90068  20.771  11.766  -40.737 0.1428571492
95507  19.118  17.048  -41.510 0.1428571492
95496  18.304  17.235  -40.958 0.1428571492
88215  21.012  9.644  -41.297 0.1428571492
91012  20.574  12.532  -41.205 0.1428571492
65839  18.245  -13.221  -35.339 0.2857142985
74815  21.567  -4.485  -40.137 0.2857142985
140182  21.585  -3.776  -40.525 0.2857142985
79558  22.343  0.535  -42.291 0.1428571492
81475  22.264  3.093  -42.791 0.1428571492
82491  22.513  3.947  -42.329 0.1428571492
83563  22.819  4.660  -41.859 0.1428571492
157457  21.171  5.437  -42.906 0.1428571492
85554  21.336  6.217  -42.304 0.1428571492
152890  21.281  6.882  -42.154 0.1428571492
86437  20.929  7.518  -42.314 0.1428571492
88210  21.715  9.513  -40.751 0.1428571492
89113  20.243  10.988  -41.894 0.1428571492
152785  18.041  16.106  -41.395 0.1428571492
94619  19.527  16.536  -41.655 0.1428571492
66844  19.936  -12.022  -35.291 0.2857142985
80531  22.798  1.245  -42.344 0.1428571492
86416  22.746  7.514  -40.779 0.1428571492
93767  18.003  15.451  -41.653 0.1428571492
73849  21.063  -5.638  -39.785 0.1428571492
141258  21.021  11.069  -40.378 0.1428571492
67908  19.272  -11.295  -36.305 0.2857142985
76661  21.270  -3.312  -40.997 0.1428571492
65840  17.658  -12.875  -35.406 0.1428571492
66847  17.781  -12.152  -35.610 0.1428571492
136234  16.639  -12.065  -34.617 0.1428571492
69860  19.329  -10.162  -36.846 0.1428571492
80474  27.136  2.008  -37.124 0.1428571492
80459  27.722  1.983  -36.440 0.1428571492
92913  27.109  14.026  -39.553 0.1428571492
65829  17.633  -13.637  -35.039 0.1428571492
68880  19.097  -10.763  -36.583 0.1428571492
69859  20.077  -10.053  -37.036 0.1428571492
70902  19.743  -8.827  -37.805 0.1428571492
92920  26.790  14.658  -40.101 0.1428571492
71874  19.257  -7.947  -37.739 0.1428571492
91982  27.417  13.459  -38.951 0.1428571492
69870  19.620  -9.464  -37.347 0.1428571492
72842  20.613  -6.706  -39.196 0.1428571492
67884  17.081  -11.622  -35.106 0.1428571492
66834  17.208  -12.379  -35.199 0.1428571492
70875  24.170  -7.992  -35.090 0.2857142985
71834  25.240  -7.391  -34.581 0.1428571492
77544  26.459  -1.590  -36.540 0.1428571492
86364  29.071  6.797  -36.305 0.1428571492
86427  22.305  7.102  -41.279 0.1428571492
89077  27.845  10.340  -37.418 0.2857142985
93745  25.548  15.525  -39.180 0.8571428657
94618  25.848  16.569  -41.381 0.2857142985
94620  18.563  16.637  -41.506 0.1428571492
95485  24.459  17.722  -39.398 0.5714285970
96360  25.248  18.689  -43.642 0.1428571492
100942  20.364  23.805  -42.108 0.1428571492
140278  25.327  5.360  -40.008 1.0000000000
142018  23.204  -11.870  -33.545 0.1428571492
143983  23.133  5.844  -41.297 0.5714285970
153464  19.972  -9.232  -37.769 0.1428571492
154650  25.234  17.510  -39.897 0.5714285970
157199  16.960  -15.916  -33.591 0.1428571492
