#!ascii label  , from subject sub-v1s1x0050648_ses-1 vox2ras=TkReg
1505
4383  -23.609  -75.907  -1.779 0.5000000000
4371  -23.140  -75.771  -1.093 0.6000000238
116270  -25.953  -73.929  0.438 0.3000000119
3853  -21.929  -76.526  -0.356 0.5000000000
5562  -25.471  -73.802  -2.692 0.4000000060
5557  -25.435  -73.618  -1.738 0.4000000060
5535  -24.772  -72.647  -0.175 0.4000000060
5536  -25.392  -73.403  0.166 0.3000000119
5556  -24.861  -73.021  -2.043 0.4000000060
4396  -20.320  -76.014  -2.685 0.5000000000
113369  -21.440  -76.043  -2.792 0.5000000000
128572  -23.035  -75.596  -2.171 0.5000000000
4959  -20.012  -75.193  -1.971 0.6000000238
4960  -21.119  -75.280  -2.000 0.5000000000
4370  -22.515  -75.387  -0.651 0.6000000238
5522  -25.995  -73.343  1.769 0.3000000119
4930  -21.982  -74.876  -0.132 0.5000000000
4969  -25.313  -74.293  -4.568 0.5000000000
4970  -26.132  -74.694  -4.429 0.5000000000
5537  -25.626  -73.381  0.978 0.3000000119
4937  -21.582  -74.326  -0.195 0.6000000238
3844  -22.090  -75.642  -0.179 0.5000000000
5570  -24.592  -73.625  -3.696 0.5000000000
5571  -25.493  -74.015  -3.612 0.4000000060
6142  -24.427  -72.164  -0.770 0.4000000060
6130  -24.643  -72.103  0.474 0.3000000119
6131  -25.033  -72.701  0.719 0.3000000119
115641  -23.447  -73.374  -3.671 0.4000000060
6160  -24.148  -72.521  -2.222 0.4000000060
6151  -24.298  -72.273  -1.486 0.4000000060
6168  -23.883  -72.906  -2.914 0.4000000060
4418  -18.181  -75.451  -4.754 0.6999999881
3893  -18.819  -76.642  -4.728 0.6999999881
3877  -19.030  -76.896  -4.263 0.6999999881
123267  -23.687  -75.993  -2.730 0.5000000000
4415  -17.314  -75.295  -4.324 0.6999999881
114628  -17.300  -75.576  -4.029 0.6999999881
117044  -18.579  -76.388  -3.621 0.8000000119
4407  -19.572  -76.599  -3.531 0.5000000000
4958  -18.901  -75.002  -2.154 0.6999999881
112152  -24.681  -76.576  -4.246 0.5000000000
4393  -17.317  -74.929  -3.257 0.6999999881
3889  -24.553  -76.545  -5.228 0.4000000060
4992  -25.439  -75.531  -5.832 0.5000000000
5506  -26.469  -73.077  2.530 0.3000000119
4946  -18.590  -74.028  -1.600 0.6000000238
4423  -24.620  -75.766  -6.123 0.5000000000
4979  -24.254  -74.202  -4.733 0.5000000000
5505  -25.690  -72.465  2.249 0.3000000119
4947  -19.653  -74.317  -1.393 0.5000000000
4978  -23.596  -74.770  -5.494 0.5000000000
5569  -22.420  -73.026  -3.773 0.4000000060
5577  -22.877  -73.975  -4.391 0.4000000060
6150  -23.852  -71.669  -1.894 0.4000000060
7409  -24.470  -70.900  -0.549 0.4000000060
6779  -24.465  -71.650  -0.134 0.4000000060
6166  -22.336  -72.018  -3.640 0.3000000119
6167  -22.997  -72.466  -3.180 0.4000000060
6852  -14.996  -71.083  -6.080 0.5000000000
119104  -15.382  -71.907  -5.714 0.6000000238
6837  -16.472  -71.950  -5.519 0.6000000238
110210  -16.656  -74.081  -4.868 0.6000000238
4984  -17.411  -74.762  -4.761 0.6000000238
7479  -13.987  -70.382  -6.439 0.5000000000
6851  -14.245  -71.042  -6.180 0.5000000000
111634  -13.992  -72.220  -5.541 0.6000000238
127835  -16.054  -73.614  -5.147 0.6000000238
4408  -20.657  -76.688  -3.553 0.6000000238
5492  -29.113  -74.169  4.003 0.3000000119
7449  -12.625  -70.813  -4.809 0.6999999881
115889  -13.162  -71.656  -5.925 0.6000000238
6185  -13.419  -72.200  -5.455 0.6000000238
6187  -14.748  -72.608  -5.405 0.6000000238
4982  -14.894  -73.736  -4.617 0.6999999881
4414  -16.666  -74.855  -3.944 0.6999999881
3886  -20.454  -77.711  -5.412 0.6000000238
3887  -21.567  -77.666  -5.547 0.6000000238
3881  -23.658  -76.554  -4.235 0.5000000000
8158  -12.815  -68.911  -5.302 0.6999999881
6823  -12.741  -71.723  -4.791 0.6000000238
122391  -12.895  -72.574  -4.785 0.6000000238
6186  -13.872  -72.832  -5.049 0.6000000238
4412  -14.591  -74.578  -3.711 0.6999999881
4968  -16.432  -74.391  -3.247 0.6999999881
109027  -23.644  -76.700  -5.545 0.5000000000
5489  -27.314  -73.634  2.785 0.3000000119
8146  -12.545  -69.092  -4.337 0.6999999881
116322  -12.509  -70.106  -4.020 0.6000000238
124929  -12.604  -71.190  -3.819 0.6999999881
4972  -13.750  -74.220  -4.072 0.6000000238
4403  -14.128  -75.459  -3.319 0.6000000238
4957  -17.903  -74.545  -2.425 0.6999999881
110609  -21.667  -77.125  -6.359 0.5000000000
118398  -22.297  -76.276  -6.169 0.5000000000
6165  -12.861  -72.751  -3.977 0.6000000238
4967  -13.527  -74.811  -3.648 0.6000000238
4955  -16.156  -74.282  -2.579 0.6000000238
5552  -17.516  -73.594  -1.195 0.6000000238
5553  -18.291  -73.389  -0.959 0.6000000238
4988  -21.258  -75.543  -5.851 0.5000000000
6120  -25.200  -71.943  1.889 0.3000000119
6802  -12.799  -71.279  -2.916 0.6999999881
6157  -12.929  -72.695  -3.042 0.6000000238
5567  -13.083  -73.653  -3.667 0.6000000238
4402  -13.705  -75.497  -3.230 0.6000000238
4392  -14.596  -75.316  -3.003 0.5000000000
4944  -15.988  -74.481  -1.886 0.5000000000
5531  -18.183  -73.293  0.387 0.5000000000
5544  -19.904  -73.288  -0.161 0.5000000000
114500  -22.036  -75.310  -5.723 0.5000000000
120330  -23.109  -70.597  -4.413 0.3000000119
7441  -23.092  -70.563  -3.569 0.3000000119
7431  -23.453  -70.650  -2.765 0.3000000119
7419  -24.218  -70.731  -1.503 0.4000000060
6140  -18.896  -73.043  0.396 0.5000000000
115367  -22.209  -71.710  -4.350 0.3000000119
6815  -22.593  -71.225  -3.602 0.3000000119
6805  -23.397  -71.205  -2.453 0.4000000060
118342  -14.919  -69.058  -6.495 0.5000000000
8168  -15.210  -69.780  -6.512 0.5000000000
8169  -16.149  -69.699  -6.415 0.5000000000
7481  -15.533  -70.468  -6.314 0.5000000000
9603  -14.708  -66.727  -5.992 0.5000000000
9614  -14.459  -67.456  -6.179 0.5000000000
8166  -13.790  -69.553  -6.336 0.5000000000
6853  -15.939  -71.159  -5.919 0.5000000000
110971  -17.920  -72.542  -5.235 0.6000000238
5580  -17.621  -74.138  -5.079 0.6000000238
8857  -13.365  -68.425  -5.720 0.5000000000
4985  -18.382  -74.840  -5.182 0.6000000238
3894  -19.258  -76.909  -5.830 0.8000000119
5463  -29.840  -73.388  5.330 0.3000000119
9588  -13.383  -67.778  -4.778 0.6000000238
8849  -13.184  -68.164  -5.224 0.6000000238
8159  -13.249  -69.267  -5.972 0.6000000238
4986  -19.320  -74.901  -5.551 0.4000000060
124513  -29.113  -72.926  4.990 0.3000000119
8848  -12.866  -68.282  -4.572 0.6999999881
3895  -19.941  -76.889  -6.191 0.5000000000
3429  -20.001  -77.719  -6.001 0.6000000238
123641  -27.486  -72.646  3.848 0.3000000119
6102  -26.906  -72.691  3.333 0.3000000119
8823  -12.548  -68.418  -2.668 0.6999999881
4987  -19.948  -74.875  -5.745 0.4000000060
6732  -26.449  -71.840  3.562 0.3000000119
8136  -12.531  -69.278  -3.360 0.6000000238
7429  -12.676  -70.359  -2.948 0.6999999881
109628  -20.514  -75.722  -5.859 0.4000000060
6754  -24.821  -71.896  1.195 0.3000000119
8102  -12.710  -69.087  -1.866 0.6000000238
7430  -12.919  -70.092  -1.974 0.6999999881
129920  -13.045  -73.405  -2.788 0.6000000238
4390  -13.654  -75.914  -2.854 0.5000000000
3870  -14.534  -76.259  -2.426 0.5000000000
5541  -17.136  -73.778  -0.895 0.6000000238
5584  -20.524  -73.599  -5.579 0.4000000060
4976  -21.273  -74.352  -5.292 0.4000000060
6843  -24.004  -71.628  -5.988 0.3000000119
7470  -23.366  -71.110  -5.306 0.3000000119
7452  -24.751  -70.436  -4.843 0.3000000119
8147  -24.363  -69.957  -4.246 0.3000000119
7432  -24.105  -70.277  -2.441 0.4000000060
6766  -24.640  -71.531  0.588 0.3000000119
5550  -13.210  -73.740  -2.132 0.6000000238
111577  -13.432  -75.892  -2.476 0.5000000000
3862  -14.255  -77.111  -1.881 0.5000000000
4379  -15.433  -75.625  -1.831 0.5000000000
4927  -17.032  -74.842  0.460 0.5000000000
5517  -18.021  -73.606  1.233 0.6000000238
115926  -18.479  -73.513  2.053 0.5000000000
6177  -21.182  -73.144  -5.003 0.3000000119
6841  -22.019  -71.859  -5.340 0.3000000119
4942  -13.156  -74.911  -2.369 0.5000000000
129242  -15.209  -76.986  -1.177 0.5000000000
115671  -17.012  -74.996  1.277 0.5000000000
4351  -16.615  -75.501  1.688 0.5000000000
10382  -15.959  -66.021  -6.211 0.5000000000
9615  -15.290  -66.811  -6.280 0.5000000000
116165  -15.683  -68.880  -6.528 0.5000000000
116020  -16.735  -68.720  -6.499 0.5000000000
8170  -17.147  -69.696  -6.225 0.5000000000
7482  -16.557  -70.444  -6.085 0.5000000000
10374  -14.660  -66.781  -5.721 0.5000000000
8871  -15.063  -68.075  -6.463 0.5000000000
7468  -18.114  -71.210  -5.447 0.4000000060
9602  -14.173  -67.228  -5.813 0.5000000000
6839  -18.454  -72.052  -5.425 0.4000000060
5464  -30.651  -73.905  5.642 0.3000000119
6080  -30.256  -73.006  5.986 0.3000000119
10357  -14.429  -66.918  -5.094 0.6000000238
6190  -18.660  -72.928  -5.542 0.4000000060
5581  -18.737  -73.922  -5.424 0.4000000060
118546  -14.023  -67.336  -4.312 0.6000000238
9571  -12.984  -67.872  -4.008 0.6000000238
6093  -28.410  -72.533  4.672 0.3000000119
6092  -27.704  -72.192  4.373 0.3000000119
116942  -12.792  -67.715  -3.130 0.6000000238
5582  -19.646  -73.992  -5.656 0.4000000060
9559  -12.672  -67.529  -2.261 0.6000000238
6192  -20.258  -72.871  -5.900 0.4000000060
5583  -20.039  -73.873  -5.747 0.4000000060
6110  -26.053  -72.154  2.996 0.3000000119
6193  -20.928  -72.750  -5.701 0.3000000119
6842  -22.980  -71.596  -5.822 0.3000000119
9616  -16.329  -66.783  -6.453 0.5000000000
124583  -16.779  -67.689  -6.567 0.5000000000
8873  -17.533  -68.071  -6.578 0.5000000000
8874  -18.526  -68.325  -6.552 0.4000000060
10375  -15.175  -66.207  -6.031 0.5000000000
8171  -18.737  -69.417  -6.311 0.4000000060
7483  -17.606  -70.440  -5.833 0.4000000060
11113  -16.695  -65.756  -5.382 0.6000000238
7485  -19.709  -71.156  -6.266 0.4000000060
6855  -19.756  -71.960  -6.181 0.4000000060
6078  -28.755  -72.091  5.317 0.3000000119
6079  -29.476  -72.521  5.665 0.3000000119
10344  -13.490  -67.357  -3.240 0.6000000238
6840  -19.323  -72.415  -5.854 0.4000000060
109474  -19.909  -73.288  -5.854 0.4000000060
6202  -20.473  -72.201  -6.180 0.4000000060
6213  -21.670  -71.585  -6.397 0.4000000060
6194  -21.544  -72.219  -5.875 0.3000000119
6205  -23.013  -71.423  -6.212 0.3000000119
8811  -12.837  -68.709  -1.145 0.6000000238
10383  -16.932  -66.120  -6.257 0.5000000000
9617  -17.277  -67.054  -6.519 0.5000000000
9618  -18.783  -67.312  -6.659 0.4000000060
11134  -17.474  -65.636  -5.528 0.5000000000
11135  -18.317  -65.441  -5.533 0.5000000000
8172  -19.486  -68.858  -6.518 0.4000000060
10359  -15.932  -66.063  -4.975 0.6000000238
10361  -17.700  -66.138  -4.432 0.6000000238
10362  -18.600  -65.848  -4.558 0.6000000238
8173  -20.414  -69.091  -6.623 0.4000000060
9589  -15.319  -66.847  -4.254 0.6000000238
126357  -17.022  -66.749  -4.125 0.6000000238
120344  -20.763  -69.976  -6.640 0.4000000060
7486  -20.455  -70.912  -6.516 0.4000000060
9573  -14.138  -67.262  -3.411 0.6000000238
6856  -20.244  -71.794  -6.346 0.4000000060
7491  -22.115  -70.293  -6.622 0.4000000060
127415  -21.659  -71.079  -6.540 0.4000000060
7492  -23.116  -70.425  -6.623 0.4000000060
6713  -27.795  -70.840  5.199 0.3000000119
10333  -13.671  -67.033  -2.734 0.6000000238
120235  -22.926  -71.068  -6.579 0.4000000060
122654  -25.750  -70.708  2.888 0.3000000119
6721  -26.585  -71.097  3.981 0.3000000119
10332  -13.269  -66.897  -2.323 0.6000000238
8798  -12.615  -67.809  -1.029 0.6000000238
10315  -13.322  -66.332  -1.652 0.6999999881
8812  -15.873  -68.048  -1.897 0.6999999881
9528  -12.690  -66.996  -0.992 0.6000000238
9545  -15.386  -67.186  -1.800 0.6999999881
9546  -16.186  -67.823  -1.372 0.6999999881
10303  -13.563  -65.732  -1.041 0.6000000238
8090  -16.819  -68.879  -0.796 0.6999999881
8078  -17.755  -68.965  0.022 0.6000000238
10317  -14.836  -66.192  -1.624 0.6999999881
8801  -17.193  -68.636  -0.370 0.6999999881
11151  -18.610  -65.653  -6.104 0.5000000000
10385  -19.089  -66.383  -6.561 0.5000000000
11116  -18.832  -65.212  -5.033 0.5000000000
11117  -19.644  -65.027  -5.145 0.5000000000
11136  -19.124  -65.173  -5.667 0.5000000000
10387  -20.636  -66.077  -6.950 0.5000000000
9619  -20.575  -66.954  -6.909 0.4000000060
119801  -20.544  -67.680  -6.782 0.4000000060
9592  -18.460  -66.862  -4.129 0.6000000238
9593  -19.222  -66.613  -4.212 0.6000000238
10363  -19.414  -65.624  -4.619 0.6000000238
11118  -21.233  -65.344  -4.762 0.6000000238
8878  -20.931  -68.328  -6.729 0.4000000060
9576  -16.773  -67.819  -3.557 0.6000000238
9579  -20.565  -67.428  -3.836 0.6000000238
10364  -20.906  -66.465  -4.184 0.6000000238
8177  -21.267  -69.125  -6.688 0.4000000060
9575  -15.853  -67.615  -3.429 0.6000000238
114323  -17.692  -68.343  -3.394 0.6000000238
117163  -19.224  -68.145  -3.571 0.6000000238
8840  -20.084  -68.205  -3.453 0.6000000238
9580  -21.423  -67.331  -3.704 0.6000000238
119856  -21.510  -69.843  -6.655 0.4000000060
8181  -24.896  -69.792  -6.715 0.4000000060
113093  -16.959  -68.737  -2.817 0.6000000238
8839  -18.539  -68.646  -3.211 0.6000000238
8829  -20.412  -68.725  -2.826 0.6000000238
8830  -21.261  -68.574  -2.634 0.6000000238
9562  -22.536  -67.960  -2.286 0.6000000238
7493  -24.061  -70.365  -6.706 0.4000000060
7494  -24.618  -70.403  -6.735 0.4000000060
8824  -15.741  -67.967  -2.618 0.6000000238
8826  -17.810  -69.040  -2.728 0.5000000000
8123  -19.857  -69.054  -2.127 0.6000000238
8814  -20.670  -68.949  -2.057 0.6000000238
8831  -21.884  -68.401  -2.311 0.6000000238
9548  -23.488  -67.299  -1.129 0.6999999881
113904  -13.744  -66.652  -2.170 0.6999999881
8825  -16.416  -68.690  -2.048 0.6000000238
8121  -18.069  -69.404  -1.956 0.6000000238
126283  -20.169  -69.144  -1.506 0.6000000238
9547  -22.833  -67.965  -1.346 0.6000000238
10321  -24.045  -66.590  -0.859 0.6000000238
11028  -25.261  -65.792  -0.276 0.6000000238
126938  -21.474  -68.881  -0.318 0.6000000238
8803  -22.223  -68.478  -0.414 0.6000000238
9534  -23.641  -67.216  -0.174 0.6000000238
10297  -24.784  -66.189  0.299 0.6000000238
8105  -18.472  -69.538  -1.140 0.6000000238
8106  -20.016  -69.273  -0.776 0.6000000238
8791  -22.181  -68.389  0.761 0.5000000000
9520  -23.455  -67.357  0.788 0.6000000238
121891  -24.518  -66.429  1.011 0.6000000238
108787  -21.299  -68.866  0.442 0.5000000000
9530  -16.621  -67.545  -1.085 0.6999999881
8788  -17.745  -68.330  0.064 0.6999999881
8790  -18.933  -68.768  0.915 0.5000000000
8065  -20.546  -68.822  1.289 0.6000000238
9519  -22.796  -67.880  1.170 0.5000000000
8774  -21.403  -68.550  1.442 0.6000000238
16134  -21.645  -59.768  -0.171 0.6000000238
15261  -21.903  -60.599  0.399 0.6000000238
15283  -21.861  -60.594  -1.742 0.6000000238
11152  -19.458  -65.614  -6.354 0.5000000000
11137  -20.788  -64.675  -6.277 0.5000000000
119841  -20.663  -65.248  -6.748 0.5000000000
9620  -21.304  -66.732  -7.010 0.5000000000
9629  -21.209  -67.574  -6.832 0.4000000060
10366  -23.094  -65.335  -4.074 0.5000000000
8880  -22.523  -68.006  -6.698 0.4000000060
113478  -24.088  -67.677  -6.728 0.4000000060
10346  -21.741  -66.353  -4.000 0.5000000000
122373  -23.531  -65.480  -3.562 0.5000000000
8178  -22.140  -69.196  -6.673 0.4000000060
116820  -23.831  -68.724  -6.659 0.4000000060
117457  -25.235  -68.906  -6.672 0.4000000060
9581  -22.799  -67.132  -3.016 0.5000000000
112395  -23.513  -66.405  -2.571 0.5000000000
10348  -23.214  -66.069  -3.324 0.5000000000
8179  -23.566  -69.577  -6.650 0.4000000060
10334  -23.784  -66.529  -1.695 0.6000000238
10335  -24.163  -65.774  -2.238 0.6000000238
10308  -24.666  -66.103  -0.588 0.6000000238
11047  -25.106  -65.688  -1.083 0.5000000000
125435  -25.995  -65.582  0.640 0.4000000060
11030  -26.548  -65.487  0.287 0.4000000060
119553  -27.325  -65.392  -0.080 0.4000000060
10285  -25.351  -65.998  1.752 0.6000000238
11029  -25.780  -65.703  1.306 0.6000000238
11014  -27.212  -65.256  1.591 0.5000000000
11031  -27.295  -65.309  0.784 0.4000000060
11032  -28.129  -65.130  0.467 0.4000000060
11824  -29.514  -63.865  1.031 0.4000000060
11063  -15.305  -65.559  -1.372 0.6999999881
10283  -23.950  -66.864  1.337 0.6000000238
11013  -26.402  -65.478  1.853 0.5000000000
11823  -29.008  -64.138  1.591 0.4000000060
8771  -18.813  -68.277  1.025 0.6000000238
9507  -22.683  -67.790  1.903 0.5000000000
10265  -23.810  -67.005  2.274 0.5000000000
10998  -27.158  -65.273  2.347 0.5000000000
11790  -28.473  -64.181  2.868 0.5000000000
109306  -28.554  -64.341  2.064 0.4000000060
12628  -29.506  -63.146  1.824 0.4000000060
8773  -19.954  -68.497  1.787 0.6000000238
10266  -24.419  -66.572  2.878 0.5000000000
16968  -21.474  -57.844  0.450 0.6999999881
16120  -21.470  -58.768  1.090 0.6000000238
16105  -21.454  -58.909  2.024 0.6999999881
16121  -21.529  -59.664  0.788 0.6000000238
16066  -21.141  -59.331  3.750 0.6000000238
15276  -22.062  -60.830  -0.739 0.6000000238
15227  -21.385  -60.549  2.113 0.6000000238
15186  -20.880  -59.734  4.535 0.6000000238
16051  -21.195  -59.339  5.159 0.6000000238
111611  -22.140  -58.968  6.691 0.6000000238
14433  -22.191  -61.549  -1.892 0.5000000000
14394  -22.027  -61.296  0.964 0.6000000238
15212  -21.188  -60.794  2.960 0.6000000238
15199  -20.871  -60.624  4.612 0.6000000238
15187  -20.902  -60.116  5.423 0.6000000238
10401  -22.026  -66.462  -7.135 0.5000000000
124026  -22.291  -62.672  -0.865 0.5000000000
14409  -22.242  -61.515  0.090 0.5000000000
113179  -21.176  -61.143  3.818 0.5000000000
15173  -21.417  -60.478  6.267 0.5000000000
122668  -21.155  -64.707  -5.656 0.4000000060
11138  -22.431  -64.308  -6.086 0.5000000000
10402  -22.777  -66.192  -7.189 0.5000000000
9631  -22.674  -67.163  -6.896 0.4000000060
13505  -22.020  -62.875  0.495 0.5000000000
114089  -21.891  -61.884  1.516 0.5000000000
113933  -21.503  -61.999  4.000 0.5000000000
14317  -21.801  -61.285  6.285 0.5000000000
109183  -22.734  -64.690  -5.105 0.5000000000
8882  -24.922  -67.835  -6.726 0.4000000060
114024  -25.760  -67.920  -6.758 0.4000000060
112976  -22.053  -63.130  -0.351 0.5000000000
128807  -21.737  -63.072  1.706 0.5000000000
13466  -21.602  -62.705  3.394 0.6000000238
13451  -21.674  -62.620  4.232 0.6000000238
117699  -21.298  -64.357  1.074 0.6000000238
12611  -21.603  -63.493  2.227 0.6000000238
127349  -21.613  -63.098  2.763 0.6999999881
115020  -23.885  -65.538  -3.088 0.4000000060
11068  -24.933  -65.534  -1.965 0.5000000000
11868  -18.041  -64.664  -2.271 0.6000000238
11069  -25.809  -65.529  -1.599 0.5000000000
11050  -27.412  -65.422  -0.977 0.4000000060
11065  -17.285  -65.287  -1.755 0.6000000238
11049  -26.468  -65.499  -0.686 0.4000000060
10319  -16.937  -66.130  -1.408 0.6000000238
10304  -17.290  -67.119  -1.024 0.6000000238
11854  -28.922  -65.000  0.154 0.4000000060
9518  -19.037  -67.463  0.864 0.6000000238
9531  -17.156  -67.963  -0.428 0.6999999881
8757  -20.876  -67.947  2.692 0.6000000238
9480  -22.451  -67.465  3.398 0.6000000238
9493  -22.219  -67.858  2.491 0.5000000000
9494  -23.005  -67.518  2.544 0.5000000000
16942  -21.802  -57.801  1.381 0.6999999881
16086  -21.635  -58.662  3.535 0.6999999881
16909  -22.256  -57.997  4.554 0.6000000238
16067  -21.509  -58.836  4.364 0.6000000238
16892  -22.398  -57.937  5.372 0.6000000238
16874  -22.094  -58.586  5.951 0.6000000238
16861  -22.732  -58.558  7.213 0.6999999881
126555  -23.064  -59.060  7.652 0.6000000238
16034  -21.892  -59.896  6.885 0.6000000238
11911  -23.177  -64.345  -6.640 0.5000000000
11155  -22.364  -64.620  -6.971 0.5000000000
10389  -22.090  -65.396  -7.307 0.5000000000
11171  -23.805  -65.188  -7.399 0.5000000000
15174  -22.056  -60.836  6.901 0.6000000238
114067  -23.186  -59.781  7.688 0.5000000000
11157  -24.270  -64.732  -7.271 0.5000000000
10403  -23.959  -66.641  -6.947 0.5000000000
9633  -25.297  -66.743  -6.888 0.4000000060
112426  -22.393  -62.913  5.447 0.6000000238
14333  -22.004  -62.021  5.909 0.6000000238
15161  -23.439  -60.592  7.575 0.5000000000
11120  -23.581  -64.623  -4.743 0.5000000000
11869  -19.140  -65.161  -2.259 0.6000000238
11046  -20.479  -65.333  -0.561 0.4000000060
11852  -21.132  -64.534  -0.479 0.6000000238
115578  -21.588  -63.627  3.284 0.6000000238
12582  -21.688  -63.276  4.127 0.6000000238
14319  -23.210  -61.978  6.989 0.6000000238
11101  -25.478  -65.156  -3.391 0.4000000060
11121  -25.786  -64.649  -4.088 0.4000000060
11045  -19.737  -66.126  -0.576 0.5000000000
11820  -21.002  -64.994  1.595 0.6000000238
11805  -21.377  -64.267  2.758 0.6999999881
11788  -21.422  -64.518  3.647 0.6000000238
12583  -22.239  -63.685  4.769 0.6000000238
12559  -23.177  -63.264  6.053 0.6000000238
11084  -25.585  -65.393  -2.643 0.5000000000
119272  -18.409  -65.579  -1.935 0.6000000238
11011  -20.415  -65.731  1.342 0.6000000238
10995  -21.071  -65.029  3.209 0.6000000238
11776  -22.652  -64.502  5.100 0.6000000238
12571  -23.529  -63.883  5.768 0.6000000238
12560  -24.091  -63.517  6.280 0.6000000238
11070  -26.749  -65.483  -1.701 0.4000000060
10306  -19.059  -66.702  -0.483 0.5000000000
11027  -20.214  -65.923  0.359 0.6000000238
10978  -20.771  -65.894  3.362 0.6000000238
10966  -22.285  -65.368  4.883 0.6000000238
11761  -23.322  -64.518  5.487 0.6000000238
10320  -17.884  -66.242  -1.444 0.6000000238
10293  -18.713  -67.346  0.074 0.6000000238
10294  -19.416  -66.728  0.446 0.6000000238
9478  -20.859  -66.826  3.602 0.6000000238
127357  -21.105  -66.175  4.012 0.6000000238
120975  -21.038  -67.513  3.254 0.6000000238
8756  -20.075  -67.990  2.328 0.6000000238
10251  -23.516  -67.066  3.352 0.5000000000
10252  -24.280  -66.624  3.752 0.5000000000
17765  -21.739  -56.767  1.523 0.6999999881
16927  -22.177  -58.004  2.875 0.6999999881
118721  -20.560  -56.157  2.546 0.6999999881
118344  -21.487  -56.332  2.772 0.6999999881
17732  -22.231  -56.965  2.703 0.6999999881
17715  -22.334  -57.173  4.001 0.6999999881
17707  -22.568  -57.184  5.634 0.6000000238
17698  -22.844  -57.117  6.433 0.6000000238
114401  -23.884  -56.760  8.101 0.5000000000
17686  -23.007  -57.680  7.106 0.6999999881
17687  -23.475  -57.319  7.665 0.5000000000
112199  -24.158  -57.768  8.345 0.5000000000
16847  -24.817  -58.588  8.476 0.5000000000
11921  -24.586  -64.566  -7.147 0.4000000060
11172  -24.581  -65.038  -7.335 0.5000000000
11174  -25.819  -64.822  -7.160 0.5000000000
10405  -25.582  -65.604  -7.066 0.5000000000
9635  -26.719  -66.118  -6.885 0.4000000060
11904  -24.874  -64.349  -4.945 0.4000000060
11158  -25.004  -64.656  -7.262 0.4000000060
14306  -23.744  -61.391  7.359 0.6000000238
13425  -23.622  -62.713  6.641 0.6000000238
14307  -24.590  -61.558  7.335 0.6000000238
11749  -24.699  -64.043  6.208 0.6000000238
13410  -24.784  -62.181  7.053 0.6000000238
10239  -22.958  -66.651  4.621 0.6000000238
10955  -23.761  -65.302  5.448 0.6000000238
13427  -25.355  -62.644  6.756 0.6000000238
9464  -22.270  -67.021  4.203 0.6000000238
11763  -24.882  -64.636  5.925 0.5000000000
9465  -22.983  -67.080  4.026 0.6000000238
10224  -24.464  -65.681  5.195 0.5000000000
10241  -24.589  -66.231  4.494 0.5000000000
18639  -19.812  -56.335  3.140 0.6999999881
18640  -20.638  -56.196  3.322 0.6999999881
19538  -21.310  -56.013  4.401 0.6999999881
18624  -21.858  -56.456  4.065 0.6999999881
19518  -22.064  -55.993  5.671 0.6000000238
18611  -22.311  -56.583  5.176 0.6999999881
19504  -22.862  -56.076  6.734 0.4000000060
18622  -19.163  -56.675  3.870 0.6999999881
121419  -19.966  -56.286  3.783 0.6999999881
19516  -20.797  -55.735  4.925 0.6000000238
19517  -21.429  -55.836  5.171 0.6000000238
18558  -23.677  -56.064  7.837 0.5000000000
17730  -17.915  -57.953  3.974 0.6999999881
115235  -18.993  -56.783  4.734 0.6999999881
19474  -24.587  -55.386  8.447 0.5000000000
16907  -17.773  -58.147  4.917 0.6999999881
18560  -25.096  -56.157  8.692 0.5000000000
16890  -17.575  -58.298  5.806 0.6000000238
16873  -17.104  -58.300  6.618 0.6000000238
16859  -16.078  -58.172  7.070 0.6000000238
17695  -15.172  -57.474  6.639 0.5000000000
124018  -15.477  -56.198  5.771 0.5000000000
10390  -26.312  -64.698  -7.095 0.4000000060
10391  -27.414  -65.552  -6.988 0.4000000060
12562  -25.733  -63.473  6.454 0.6000000238
19503  -22.190  -55.457  6.491 0.5000000000
118741  -22.480  -55.890  6.334 0.5000000000
18623  -19.661  -56.320  4.482 0.6000000238
19515  -20.334  -55.627  5.638 0.6000000238
121682  -20.978  -55.533  5.535 0.6000000238
20370  -21.711  -54.876  6.946 0.6000000238
20357  -23.193  -54.920  7.679 0.5000000000
19489  -23.248  -55.711  7.365 0.5000000000
20341  -24.012  -54.696  8.302 0.5000000000
17706  -18.472  -57.142  5.390 0.6999999881
18607  -19.108  -56.396  5.396 0.6000000238
19500  -19.835  -55.395  6.427 0.6000000238
20368  -20.192  -54.997  6.790 0.6000000238
107576  -20.250  -53.786  7.678 0.6000000238
20342  -24.907  -54.625  8.565 0.5000000000
17696  -17.850  -57.561  6.187 0.6999999881
18592  -18.662  -56.204  6.269 0.6000000238
19486  -18.259  -55.097  7.139 0.6000000238
114608  -19.301  -54.088  7.483 0.6000000238
111038  -19.498  -53.371  7.683 0.6000000238
17685  -17.186  -57.369  7.031 0.6000000238
18577  -18.076  -55.907  6.925 0.6000000238
123282  -17.499  -54.022  7.303 0.6000000238
120142  -18.331  -53.953  7.419 0.6000000238
18575  -16.609  -56.622  7.234 0.6000000238
20350  -16.416  -54.945  6.907 0.6000000238
21205  -16.961  -53.488  7.052 0.6000000238
22113  -17.457  -52.699  7.127 0.6000000238
19484  -16.221  -55.863  7.144 0.5000000000
19498  -16.029  -55.502  6.571 0.5000000000
20366  -16.260  -54.720  6.482 0.5000000000
110141  -16.526  -53.441  6.454 0.6000000238
22112  -16.843  -52.742  6.675 0.6000000238
113416  -28.261  -65.158  -7.104 0.4000000060
18621  -14.618  -56.897  5.177 0.5000000000
20382  -16.205  -54.526  5.344 0.5000000000
128770  -16.371  -53.483  5.996 0.6000000238
22139  -16.927  -52.166  5.321 0.6000000238
121042  -15.367  -55.796  3.988 0.5000000000
20403  -15.912  -55.236  3.590 0.5000000000
20393  -16.304  -54.463  4.526 0.4000000060
21250  -16.594  -53.662  4.380 0.5000000000
22148  -17.156  -52.376  4.398 0.6000000238
20340  -22.644  -54.293  8.034 0.6000000238
128534  -22.810  -53.809  8.309 0.5000000000
20356  -21.815  -54.230  7.817 0.6000000238
21192  -22.317  -53.518  8.239 0.5000000000
109741  -24.307  -53.949  8.533 0.5000000000
21207  -20.681  -53.098  7.965 0.6999999881
22095  -21.121  -52.225  8.167 0.6999999881
22115  -19.239  -52.540  7.691 0.6000000238
22116  -20.157  -52.298  7.896 0.6999999881
22114  -18.267  -52.580  7.417 0.6000000238
23047  -19.517  -51.484  7.594 0.6999999881
119528  -17.527  -51.579  6.498 0.6000000238
23949  -18.772  -50.716  6.497 0.6999999881
23070  -17.412  -51.536  5.642 0.6000000238
23963  -18.837  -50.535  5.704 0.6999999881
19566  -14.539  -55.956  2.582 0.5000000000
20415  -16.292  -54.999  2.463 0.5000000000
21258  -16.880  -53.573  3.529 0.4000000060
22147  -16.861  -53.041  4.145 0.6000000238
23078  -17.543  -51.711  4.739 0.6000000238
20414  -15.416  -55.539  2.551 0.5000000000
21265  -16.908  -54.205  2.719 0.4000000060
22153  -17.353  -52.735  3.405 0.5000000000
21193  -23.814  -53.237  8.435 0.5000000000
22097  -23.583  -52.413  8.448 0.5000000000
22096  -22.005  -52.654  8.284 0.6000000238
129449  -22.491  -51.544  8.283 0.5000000000
23921  -22.766  -50.971  8.040 0.5000000000
23048  -20.422  -51.383  7.898 0.6999999881
23932  -20.000  -50.816  7.467 0.6999999881
23950  -19.430  -50.714  7.011 0.6000000238
23976  -18.645  -50.762  4.811 0.6999999881
113840  -19.418  -50.375  6.167 0.6000000238
23087  -17.774  -51.878  3.794 0.6000000238
23080  -18.835  -51.002  3.827 0.6000000238
21275  -16.897  -54.446  0.863 0.5000000000
22160  -17.707  -52.972  2.354 0.4000000060
22154  -18.099  -52.154  2.844 0.6000000238
21276  -17.571  -53.977  0.619 0.4000000060
21266  -17.362  -53.933  1.837 0.4000000060
22161  -18.355  -52.421  1.824 0.5000000000
23049  -21.236  -51.182  8.099 0.6000000238
23934  -22.285  -50.330  7.694 0.5000000000
107590  -20.660  -50.583  7.585 0.6000000238
24861  -21.846  -49.821  7.145 0.5000000000
23951  -20.975  -49.955  7.012 0.6000000238
24882  -20.644  -49.801  6.143 0.6000000238
24883  -21.511  -49.603  6.338 0.5000000000
128865  -20.453  -49.835  5.367 0.6000000238
23977  -19.491  -50.615  4.032 0.6999999881
23978  -20.301  -50.317  3.889 0.5000000000
23088  -18.546  -51.498  3.336 0.6000000238
23100  -18.896  -51.591  2.336 0.5000000000
22168  -18.643  -52.878  0.848 0.4000000060
119083  -19.431  -51.411  1.632 0.5000000000
26760  -15.837  -47.769  4.435 0.4000000060
27742  -15.269  -46.326  3.832 0.3000000119
26767  -16.013  -46.738  3.413 0.4000000060
24884  -22.452  -49.289  6.592 0.5000000000
25813  -16.677  -48.794  3.678 0.3000000119
26768  -16.757  -47.315  3.000 0.4000000060
110902  -21.163  -49.559  5.428 0.5000000000
123474  -22.630  -48.738  6.037 0.5000000000
129944  -17.302  -49.753  1.752 0.3000000119
25826  -17.382  -48.074  2.479 0.4000000060
24910  -21.363  -49.456  4.654 0.5000000000
24011  -17.332  -50.062  1.037 0.3000000119
23101  -19.596  -51.028  2.297 0.6999999881
23992  -20.668  -50.393  2.949 0.6000000238
23114  -19.652  -51.635  0.763 0.5000000000
23102  -20.004  -51.042  1.454 0.5000000000
24013  -21.292  -50.520  1.221 0.4000000060
28714  -13.491  -45.238  4.453 0.3000000119
27741  -14.531  -46.015  4.242 0.3000000119
28723  -15.229  -45.253  3.408 0.3000000119
27750  -15.527  -46.021  3.309 0.3000000119
27751  -16.348  -46.493  2.833 0.4000000060
24898  -22.041  -49.195  5.656 0.5000000000
24923  -17.521  -49.122  2.161 0.4000000060
26776  -17.108  -47.112  2.461 0.4000000060
25804  -21.971  -48.963  4.800 0.5000000000
24927  -17.605  -49.169  1.212 0.4000000060
25831  -17.939  -48.260  1.265 0.4000000060
24909  -20.983  -49.804  3.907 0.5000000000
126460  -21.999  -48.640  4.134 0.5000000000
24932  -17.905  -49.759  0.276 0.4000000060
24918  -21.407  -49.576  3.163 0.5000000000
24003  -20.610  -50.656  1.887 0.5000000000
24004  -21.338  -49.966  2.173 0.5000000000
22186  -18.998  -52.330  -0.513 0.3000000119
23125  -20.543  -51.485  -0.392 0.4000000060
24012  -21.199  -51.040  0.184 0.4000000060
124197  -21.887  -49.779  1.312 0.4000000060
29616  -13.002  -44.721  4.685 0.3000000119
28722  -14.483  -45.183  3.856 0.3000000119
28733  -15.976  -45.014  2.961 0.4000000060
28734  -16.509  -45.483  2.604 0.4000000060
26738  -23.622  -47.451  6.232 0.4000000060
27767  -17.107  -46.024  2.233 0.4000000060
26751  -23.123  -47.122  5.695 0.4000000060
26777  -17.613  -47.684  1.941 0.4000000060
27768  -17.474  -46.878  2.053 0.4000000060
25815  -22.182  -48.117  4.657 0.4000000060
26785  -18.247  -47.613  1.067 0.4000000060
25821  -21.884  -48.700  3.326 0.5000000000
25843  -17.941  -48.886  0.552 0.4000000060
24933  -18.654  -49.985  -0.657 0.3000000119
26778  -22.075  -48.302  2.436 0.5000000000
24035  -20.970  -50.264  -1.802 0.3000000119
29617  -13.819  -44.758  4.190 0.3000000119
112935  -14.019  -43.752  4.054 0.3000000119
29630  -15.440  -44.389  3.270 0.3000000119
30534  -15.799  -43.573  3.139 0.4000000060
126229  -16.588  -44.777  2.678 0.4000000060
29639  -16.902  -44.157  2.508 0.3000000119
28735  -17.190  -45.022  2.311 0.4000000060
27720  -24.486  -46.701  6.081 0.4000000060
28698  -24.895  -45.958  5.862 0.4000000060
28747  -17.825  -45.663  1.880 0.4000000060
111324  -22.686  -46.843  5.154 0.4000000060
26762  -22.245  -47.164  4.408 0.4000000060
25832  -18.355  -48.362  0.470 0.3000000119
26770  -22.068  -47.203  3.390 0.4000000060
25844  -18.354  -49.074  -0.220 0.3000000119
111167  -18.879  -48.460  -0.417 0.3000000119
24942  -19.990  -49.586  -2.078 0.3000000119
31394  -13.204  -41.824  4.688 0.3000000119
30520  -14.822  -43.482  3.535 0.4000000060
31419  -15.903  -42.182  2.985 0.4000000060
30535  -16.544  -43.503  2.729 0.4000000060
28706  -25.601  -45.401  5.652 0.4000000060
123048  -24.333  -45.466  5.664 0.4000000060
29640  -17.529  -44.174  2.182 0.4000000060
27730  -23.216  -46.280  5.423 0.4000000060
27769  -18.155  -46.258  1.490 0.4000000060
27743  -22.566  -46.296  4.615 0.4000000060
28716  -22.976  -45.542  4.781 0.4000000060
27781  -18.645  -46.867  0.942 0.3000000119
27752  -22.261  -46.468  3.643 0.4000000060
26797  -19.322  -47.745  -0.565 0.3000000119
26779  -22.268  -47.386  2.425 0.5000000000
117769  -19.108  -49.304  -1.110 0.3000000119
26808  -20.227  -48.049  -2.065 0.3000000119
117859  -22.745  -47.283  1.611 0.5000000000
24944  -21.854  -49.834  -1.529 0.3000000119
25833  -22.804  -48.466  0.567 0.4000000060
24023  -21.750  -50.566  -0.738 0.4000000060
32260  -13.641  -41.102  4.583 0.3000000119
31420  -16.693  -42.609  2.600 0.3000000119
30550  -17.852  -43.398  2.088 0.3000000119
29608  -25.530  -44.528  5.504 0.4000000060
28748  -18.531  -45.317  1.636 0.3000000119
29606  -24.182  -44.826  5.392 0.4000000060
29607  -24.753  -44.228  5.415 0.3000000119
27770  -18.661  -46.037  1.202 0.3000000119
28725  -22.519  -45.683  3.868 0.4000000060
29619  -23.476  -44.783  4.864 0.4000000060
27783  -19.936  -46.290  -0.413 0.3000000119
117936  -20.428  -47.391  -1.854 0.3000000119
27760  -22.709  -46.710  2.028 0.4000000060
25858  -20.497  -48.691  -2.363 0.3000000119
25859  -22.581  -48.756  -1.751 0.3000000119
25847  -22.899  -48.744  -0.681 0.3000000119
114424  -23.066  -47.617  0.785 0.3000000119
29654  -18.427  -44.289  1.926 0.3000000119
31432  -18.159  -42.720  1.979 0.3000000119
29655  -19.340  -44.847  1.422 0.3000000119
29620  -24.014  -44.050  5.053 0.3000000119
29618  -22.835  -44.878  4.130 0.4000000060
30508  -24.097  -43.314  4.579 0.4000000060
28764  -20.433  -45.633  -0.882 0.3000000119
28726  -22.832  -45.141  3.115 0.4000000060
29631  -23.018  -44.445  3.446 0.4000000060
26818  -20.944  -48.016  -2.576 0.3000000119
26809  -22.007  -48.170  -2.532 0.3000000119
28750  -23.177  -46.101  1.553 0.3000000119
26798  -23.298  -47.969  -0.414 0.3000000119
29670  -20.382  -45.003  -0.168 0.3000000119
28779  -21.128  -45.756  -1.738 0.3000000119
29641  -23.309  -44.563  2.449 0.3000000119
114929  -23.367  -43.836  3.121 0.3000000119
27798  -21.865  -46.440  -2.292 0.3000000119
28737  -23.247  -45.369  2.015 0.3000000119
112565  -23.403  -47.268  -1.422 0.3000000119
27771  -23.202  -46.841  1.086 0.3000000119
111831  -21.304  -43.772  -0.577 0.3000000119
126474  -21.692  -42.587  0.185 0.3000000119
28780  -22.063  -45.528  -2.152 0.3000000119
29672  -21.539  -44.194  -1.324 0.3000000119
30570  -21.526  -43.218  -0.199 0.3000000119
24934  -22.264  -49.966  -0.512 0.4000000060
24943  -21.034  -49.372  -2.426 0.3000000119
3878  -19.969  -77.190  -4.420 0.6000000238
125636  -21.648  -76.688  -3.675 0.5000000000
4397  -22.150  -75.441  -2.117 0.5000000000
4381  -21.788  -74.830  -1.364 0.5000000000
4409  -22.627  -76.128  -3.110 0.5000000000
4417  -25.983  -75.507  -5.368 0.5000000000
111527  -17.702  -75.950  -3.801 0.6999999881
125819  -19.123  -75.641  -5.222 0.6999999881
4406  -16.943  -75.048  -3.726 0.6999999881
4394  -18.193  -75.617  -3.042 0.6999999881
3899  -25.231  -76.029  -5.743 0.4000000060
4956  -16.982  -74.153  -2.555 0.6999999881
4422  -23.596  -76.092  -6.152 0.5000000000
6743  -25.504  -71.456  2.523 0.3000000119
4977  -22.387  -74.586  -5.208 0.5000000000
6178  -21.791  -72.577  -4.283 0.3000000119
6838  -17.532  -71.899  -5.313 0.6000000238
123660  -16.803  -73.503  -5.108 0.6000000238
7467  -17.040  -71.160  -5.633 0.5000000000
7466  -13.238  -70.254  -6.257 0.6000000238
4974  -15.256  -74.180  -4.203 0.6999999881
5491  -28.430  -73.734  3.695 0.3000000119
5575  -13.507  -73.429  -4.477 0.6000000238
5576  -14.130  -73.626  -4.564 0.6000000238
4405  -16.005  -74.365  -3.609 0.6999999881
3896  -20.690  -77.109  -6.369 0.5000000000
3897  -22.852  -76.837  -6.084 0.6000000238
3880  -22.268  -77.020  -4.546 0.5000000000
4404  -14.932  -74.632  -3.387 0.6000000238
5551  -16.822  -73.892  -1.777 0.6999999881
4953  -13.290  -75.282  -3.176 0.5000000000
4935  -16.578  -74.239  -1.289 0.5000000000
6755  -25.077  -71.209  1.757 0.3000000119
6790  -13.352  -71.656  -1.683 0.6000000238
4380  -16.145  -75.061  -1.126 0.5000000000
8137  -24.426  -69.767  -3.479 0.3000000119
4420  -19.901  -76.007  -5.659 0.5000000000
7386  -25.342  -70.587  1.412 0.3000000119
4369  -16.423  -75.626  -0.190 0.5000000000
119199  -19.765  -70.009  -6.441 0.4000000060
6714  -28.454  -71.237  5.571 0.3000000119
9591  -17.683  -67.322  -3.921 0.6000000238
9561  -15.135  -67.344  -2.414 0.6999999881
8120  -17.187  -69.242  -1.989 0.6000000238
8094  -19.869  -69.328  -0.025 0.6000000238
9578  -19.717  -67.445  -3.896 0.6000000238
10365  -22.207  -65.439  -4.493 0.5000000000
127695  -22.369  -68.552  -6.661 0.4000000060
8842  -21.951  -67.946  -3.088 0.6000000238
117313  -22.141  -67.113  -3.543 0.5000000000
8816  -22.098  -68.466  -1.535 0.6000000238
11048  -25.681  -65.601  -0.729 0.4000000060
117569  -16.304  -66.481  -1.389 0.6000000238
116059  -18.448  -67.983  0.637 0.6999999881
15243  -21.628  -60.482  1.292 0.6000000238
109347  -21.582  -64.429  -6.323 0.4000000060
11099  -23.982  -65.015  -3.888 0.4000000060
11051  -28.170  -65.299  -0.356 0.4000000060
10267  -25.224  -66.160  2.489 0.4000000060
11043  -15.617  -64.692  -1.089 0.6000000238
15226  -21.137  -59.771  2.724 0.6000000238
14358  -21.518  -61.783  3.116 0.6000000238
121699  -24.225  -65.845  -7.202 0.5000000000
12637  -21.757  -63.464  0.217 0.5000000000
14318  -22.413  -61.669  6.677 0.6000000238
12654  -21.623  -63.803  -0.477 0.4000000060
10263  -19.922  -67.224  2.297 0.5000000000
10979  -21.237  -65.421  3.902 0.6000000238
10282  -20.017  -66.442  1.986 0.5000000000
16065  -15.884  -59.272  4.868 0.6000000238
19537  -15.112  -56.184  4.700 0.5000000000
20355  -21.013  -54.333  7.426 0.5000000000
19499  -18.942  -55.557  6.675 0.6000000238
19487  -19.338  -54.900  7.102 0.6000000238
116126  -21.062  -53.791  7.843 0.6000000238
114363  -16.790  -55.225  7.208 0.6000000238
19552  -15.194  -55.871  3.245 0.5000000000
121599  -22.652  -52.283  8.406 0.5000000000
23964  -19.401  -50.365  5.184 0.6000000238
123965  -16.788  -54.580  1.831 0.5000000000
23991  -19.906  -50.748  3.051 0.6000000238
26761  -16.374  -47.799  3.775 0.3000000119
22169  -19.088  -52.231  0.276 0.3000000119
26737  -22.994  -47.969  5.971 0.4000000060
25805  -22.432  -48.460  5.391 0.4000000060
23115  -20.376  -51.387  0.436 0.4000000060
24034  -20.056  -50.661  -1.552 0.3000000119
26786  -22.189  -48.904  1.551 0.5000000000
112698  -24.023  -46.079  5.818 0.4000000060
30502  -13.436  -42.795  4.286 0.3000000119
116957  -19.288  -47.085  0.129 0.3000000119
123275  -22.278  -46.699  2.810 0.4000000060
24928  -22.453  -49.397  0.274 0.3000000119
27782  -19.383  -46.341  0.509 0.3000000119
26787  -22.501  -47.964  1.595 0.4000000060
33080  -14.294  -40.355  4.961 0.3000000119
28763  -19.919  -45.680  0.183 0.3000000119
28736  -22.604  -45.990  2.691 0.4000000060
28765  -21.068  -44.943  -1.336 0.3000000119
3365  -14.556  -78.059  2.319 0.5000000000
108316  -14.979  -77.633  1.760 0.5000000000
110940  -15.529  -76.898  2.224 0.5000000000
3816  -16.118  -76.182  2.167 0.4000000060
125735  -12.671  -77.932  1.286 0.5000000000
2972  -13.024  -78.260  1.201 0.5000000000
2984  -13.970  -78.236  0.727 0.5000000000
3379  -14.644  -77.819  0.684 0.5000000000
3840  -15.522  -77.021  0.321 0.5000000000
3841  -16.229  -76.277  0.355 0.4000000060
3814  -12.537  -76.415  1.906 0.4000000060
3826  -12.633  -77.274  1.169 0.5000000000
3388  -13.975  -78.141  -0.064 0.5000000000
119118  -15.341  -77.095  -0.643 0.4000000060
118955  -12.893  -75.496  1.844 0.5000000000
4350  -13.070  -75.501  1.096 0.5000000000
3838  -12.951  -77.202  0.438 0.5000000000
4926  -13.291  -74.916  0.728 0.5000000000
4359  -13.056  -76.145  0.238 0.5000000000
4934  -13.259  -75.244  -0.260 0.5000000000
108084  -13.266  -75.453  -1.426 0.4000000060
5500  -13.625  -74.115  2.123 0.5000000000
107938  -13.479  -74.112  0.300 0.5000000000
123510  -13.350  -74.433  -0.591 0.5000000000
5540  -13.307  -74.142  -1.333 0.5000000000
112265  -15.411  -70.014  3.243 0.5000000000
111484  -14.127  -73.386  2.126 0.5000000000
122430  -15.294  -71.874  2.266 0.5000000000
5516  -14.414  -72.771  1.554 0.5000000000
6753  -15.163  -71.370  1.778 0.5000000000
5530  -13.986  -73.133  0.774 0.5000000000
112048  -14.482  -71.819  0.442 0.5000000000
5529  -13.610  -73.342  -0.323 0.5000000000
116500  -13.460  -73.050  -1.253 0.5000000000
124159  -15.438  -70.510  2.714 0.5000000000
126566  -14.675  -68.965  2.592 0.5000000000
9490  -14.389  -67.425  2.846 0.5000000000
7384  -14.834  -70.718  1.197 0.5000000000
8049  -14.391  -69.155  1.816 0.5000000000
9505  -13.785  -67.219  1.996 0.5000000000
6765  -14.491  -71.068  0.355 0.5000000000
8062  -14.391  -69.853  1.103 0.5000000000
8787  -13.780  -68.928  0.920 0.5000000000
7407  -13.951  -70.832  -0.453 0.5000000000
7408  -14.149  -70.421  0.107 0.5000000000
6139  -14.158  -71.684  -0.184 0.5000000000
124855  -13.514  -72.238  -1.269 0.5000000000
6149  -13.230  -72.633  -2.062 0.5000000000
11833  -15.335  -64.315  -0.287 0.5000000000
11026  -14.513  -64.733  0.304 0.6000000238
10280  -13.791  -66.169  1.677 0.5000000000
8769  -13.422  -68.017  0.969 0.5000000000
11025  -13.479  -65.876  0.806 0.5000000000
8786  -13.194  -68.218  0.333 0.5000000000
9529  -12.757  -67.524  -0.268 0.5000000000
126944  -13.604  -70.334  -0.807 0.5000000000
119930  -13.244  -69.739  -1.151 0.5000000000
6778  -13.712  -71.579  -0.903 0.5000000000
11851  -16.787  -63.878  -1.360 0.5000000000
11850  -16.066  -64.033  -0.798 0.5000000000
11041  -13.971  -65.170  -0.451 0.6000000238
16996  -20.401  -58.211  -2.959 0.5000000000
113750  -21.197  -59.093  -1.516 0.6000000238
124164  -20.000  -57.419  -2.523 0.5000000000
16982  -20.841  -58.160  -1.345 0.5000000000
16133  -21.369  -58.828  0.197 0.6000000238
16975  -21.148  -57.979  -0.392 0.6000000238
17812  -20.277  -57.316  -1.665 0.5000000000
18693  -20.332  -56.598  -0.479 0.6000000238
129650  -20.056  -56.210  -0.243 0.5000000000
17764  -21.434  -56.909  0.727 0.6000000238
18669  -20.988  -56.213  1.188 0.6000000238
18680  -19.495  -56.012  0.157 0.5000000000
18668  -19.996  -55.983  1.040 0.6000000238
18654  -21.227  -56.286  1.973 0.6000000238
18667  -18.835  -56.164  1.219 0.5000000000
128143  -19.540  -56.080  1.714 0.5000000000
16941  -17.267  -58.040  2.565 0.5000000000
16925  -17.418  -58.236  3.449 0.6000000238
16064  -15.023  -59.524  4.929 0.6000000238
16084  -15.952  -59.158  3.805 0.5000000000
17731  -18.441  -57.233  3.516 0.6000000238
18651  -18.844  -56.404  2.159 0.5000000000
111183  -16.508  -58.986  4.298 0.5000000000
16872  -15.808  -58.724  6.882 0.6000000238
16049  -15.416  -59.486  5.738 0.6000000238
17683  -15.662  -57.812  6.985 0.6000000238
7398  -25.175  -70.567  0.631 0.3000000119
8096  -26.641  -69.845  -0.400 0.3000000119
8109  -25.588  -69.932  -1.561 0.3000000119
7421  -28.663  -70.301  -1.537 0.3000000119
8126  -25.452  -69.697  -2.439 0.3000000119
7420  -24.908  -70.393  -1.030 0.3000000119
7410  -25.037  -70.509  -0.170 0.3000000119
3411  -14.065  -77.667  -1.221 0.4000000060
8076  -13.486  -69.094  0.057 0.5000000000
10302  -12.857  -66.615  -0.224 0.5000000000
16143  -21.610  -59.830  -1.162 0.5000000000
3389  -14.634  -77.761  -0.383 0.4000000060
3396  -13.830  -77.835  -0.659 0.5000000000
127585  -14.048  -73.276  1.438 0.5000000000
7364  -15.749  -70.726  3.342 0.5000000000
6742  -15.552  -71.246  2.642 0.5000000000
8050  -15.101  -69.214  3.183 0.5000000000
8754  -14.258  -68.225  2.353 0.5000000000
8063  -14.770  -70.057  1.721 0.5000000000
9517  -13.056  -67.248  0.580 0.5000000000
8095  -25.723  -70.086  -0.691 0.3000000119
127380  -26.746  -69.631  -2.867 0.3000000119
8111  -27.383  -69.784  -0.929 0.3000000119
8127  -26.425  -69.691  -2.217 0.3000000119
8112  -28.040  -69.967  -2.135 0.3000000119
30521  -23.691  -43.207  3.725 0.3000000119
2958  -13.831  -78.571  1.927 0.5000000000
2973  -13.583  -78.375  1.263 0.5000000000
2974  -14.251  -78.215  1.401 0.5000000000
2982  -12.964  -77.865  0.740 0.5000000000
2983  -13.470  -78.151  0.628 0.5000000000
3387  -13.446  -77.792  0.113 0.5000000000
3397  -14.113  -77.998  -0.945 0.4000000060
3398  -14.598  -77.462  -1.226 0.4000000060
3412  -14.115  -77.554  -1.411 0.4000000060
3430  -20.913  -77.931  -6.070 0.6000000238
3431  -21.783  -77.599  -6.149 0.5000000000
3432  -20.542  -77.674  -6.201 0.5000000000
3433  -21.055  -77.582  -6.295 0.5000000000
3434  -20.099  -77.368  -6.205 0.5000000000
3435  -20.593  -77.461  -6.306 0.5000000000
3827  -12.790  -76.340  1.084 0.5000000000
3828  -15.498  -76.998  1.370 0.5000000000
3829  -16.171  -76.323  1.113 0.4000000060
3839  -13.359  -77.171  -0.330 0.5000000000
3843  -21.348  -75.887  0.112 0.5000000000
3848  -13.720  -77.210  -1.143 0.5000000000
3849  -15.753  -76.333  -1.033 0.5000000000
3850  -15.944  -76.518  -0.241 0.4000000060
3861  -13.987  -77.130  -1.824 0.4000000060
3863  -14.999  -76.799  -1.693 0.5000000000
3868  -13.794  -76.460  -2.454 0.5000000000
3869  -14.012  -76.651  -2.437 0.5000000000
3876  -13.880  -76.107  -2.824 0.5000000000
3879  -21.101  -77.275  -4.534 0.6000000238
3885  -19.503  -77.269  -5.212 0.6000000238
3888  -22.651  -77.146  -5.530 0.5000000000
3898  -24.118  -76.267  -5.882 0.4000000060
4360  -16.615  -75.620  0.774 0.5000000000
4363  -21.558  -75.088  0.253 0.5000000000
4368  -13.311  -76.382  -0.822 0.5000000000
4378  -13.546  -76.574  -1.810 0.4000000060
4382  -22.649  -75.342  -1.366 0.5000000000
4391  -14.080  -76.115  -2.843 0.6000000238
4395  -19.229  -75.884  -2.791 0.5000000000
4411  -14.074  -74.934  -3.749 0.6000000238
4413  -15.654  -74.362  -3.806 0.6999999881
4416  -18.063  -76.018  -4.265 0.6999999881
4419  -18.860  -76.056  -4.833 0.6999999881
4421  -20.399  -76.489  -6.175 0.5000000000
4917  -13.301  -74.741  1.631 0.5000000000
4938  -22.113  -74.750  -0.702 0.6000000238
4943  -15.284  -74.969  -2.542 0.5000000000
4945  -17.621  -73.806  -1.755 0.6000000238
4948  -20.831  -74.445  -1.228 0.5000000000
4954  -15.525  -74.540  -3.163 0.6999999881
4966  -13.386  -74.054  -4.031 0.6000000238
4973  -14.368  -74.234  -4.155 0.6000000238
4975  -16.406  -74.487  -4.339 0.6999999881
4980  -25.761  -74.940  -5.395 0.5000000000
4983  -15.763  -73.918  -4.767 0.6999999881
4989  -23.059  -75.506  -5.913 0.5000000000
4990  -24.015  -75.465  -6.073 0.5000000000
4991  -24.794  -74.967  -5.857 0.5000000000
5478  -28.075  -72.978  4.075 0.3000000119
5515  -13.645  -73.900  1.314 0.5000000000
5521  -25.336  -72.646  1.502 0.3000000119
5532  -18.768  -73.186  1.209 0.5000000000
5542  -17.791  -73.380  -0.498 0.5000000000
5543  -19.068  -73.163  -0.258 0.5000000000
5546  -24.830  -72.865  -1.156 0.4000000060
5547  -25.393  -73.468  -0.760 0.3000000119
5554  -19.289  -73.604  -0.839 0.5000000000
5555  -20.255  -73.800  -0.661 0.5000000000
5560  -13.102  -74.223  -2.936 0.6000000238
5561  -24.809  -73.288  -2.841 0.4000000060
5568  -21.868  -73.600  -4.512 0.3000000119
5578  -14.589  -73.213  -4.937 0.6000000238
5579  -15.324  -73.349  -5.101 0.6999999881
6103  -26.994  -71.989  4.017 0.3000000119
6108  -14.860  -72.570  2.448 0.5000000000
6117  -14.921  -72.098  1.634 0.5000000000
6128  -14.125  -72.439  0.181 0.5000000000
6129  -14.494  -72.307  0.930 0.5000000000
6138  -13.780  -72.377  -0.603 0.5000000000
6141  -19.612  -73.092  0.429 0.5000000000
6158  -22.878  -71.570  -3.071 0.3000000119
6159  -23.445  -72.004  -2.559 0.4000000060
6176  -13.086  -73.326  -4.488 0.6000000238
6184  -12.979  -72.183  -5.452 0.6000000238
6188  -15.920  -72.880  -5.408 0.6000000238
6189  -17.066  -72.694  -5.249 0.6000000238
6191  -19.484  -73.215  -5.802 0.4000000060
6195  -22.257  -71.845  -6.075 0.3000000119
6201  -19.975  -72.582  -6.123 0.4000000060
6203  -21.053  -72.170  -6.176 0.4000000060
6204  -22.293  -71.513  -6.347 0.3000000119
6212  -20.978  -71.554  -6.442 0.4000000060
6722  -27.267  -71.265  4.581 0.3000000119
6723  -28.058  -71.681  4.952 0.3000000119
6752  -14.794  -71.568  1.032 0.5000000000
6791  -23.861  -71.142  -1.792 0.4000000060
6792  -24.206  -71.438  -1.101 0.4000000060
6803  -13.053  -71.848  -2.513 0.6999999881
6804  -22.936  -70.986  -3.012 0.3000000119
6813  -12.727  -72.048  -4.148 0.6000000238
6814  -12.821  -71.953  -3.365 0.6999999881
6824  -21.534  -72.385  -5.053 0.3000000119
6834  -12.831  -71.387  -5.607 0.6000000238
6835  -13.761  -71.679  -5.907 0.5000000000
6836  -14.488  -71.743  -5.796 0.6000000238
6850  -13.548  -71.035  -6.212 0.6000000238
6854  -19.072  -71.536  -5.778 0.4000000060
6865  -22.275  -71.026  -6.565 0.4000000060
7375  -15.200  -70.640  2.051 0.5000000000
7385  -24.819  -71.067  1.022 0.3000000119
7396  -14.423  -70.387  0.615 0.5000000000
7397  -24.640  -70.975  0.281 0.3000000119
7411  -25.841  -70.192  0.120 0.3000000119
7417  -13.450  -70.748  -1.310 0.5000000000
7418  -23.748  -70.807  -2.155 0.4000000060
7450  -22.569  -70.949  -4.094 0.3000000119
7451  -23.725  -70.064  -3.976 0.3000000119
7465  -12.758  -70.536  -5.686 0.6000000238
7469  -22.555  -71.241  -4.822 0.3000000119
7480  -14.714  -70.448  -6.419 0.5000000000
7484  -18.743  -70.489  -5.924 0.4000000060
7490  -21.241  -70.655  -6.602 0.4000000060
7495  -25.148  -70.885  -6.809 0.4000000060
8064  -19.681  -68.883  1.172 0.5000000000
8077  -14.002  -69.787  0.410 0.5000000000
8079  -18.473  -69.164  0.340 0.6000000238
8080  -19.335  -69.202  0.503 0.6000000238
8081  -20.245  -69.138  0.551 0.6000000238
8082  -20.757  -69.127  -0.318 0.5000000000
8089  -13.689  -69.931  -0.343 0.5000000000
8091  -17.267  -69.181  -0.578 0.6999999881
8092  -17.999  -69.444  -0.360 0.6000000238
8093  -19.048  -69.448  -0.323 0.6000000238
8103  -16.844  -69.159  -1.239 0.6999999881
8104  -17.564  -69.487  -1.166 0.6000000238
8107  -20.772  -69.060  -1.245 0.6000000238
8108  -24.775  -70.108  -1.912 0.3000000119
8110  -26.498  -69.787  -1.247 0.3000000119
8119  -12.638  -69.446  -2.557 0.6000000238
8122  -18.972  -69.229  -2.010 0.6000000238
8124  -23.783  -70.087  -3.208 0.3000000119
8125  -24.670  -69.777  -2.720 0.4000000060
8128  -27.306  -69.737  -2.601 0.3000000119
8148  -25.178  -69.813  -4.079 0.3000000119
8167  -14.455  -69.722  -6.490 0.5000000000
8180  -24.304  -69.616  -6.673 0.4000000060
8747  -15.293  -68.610  3.835 0.5000000000
8755  -14.751  -68.340  3.100 0.5000000000
8758  -21.478  -68.172  2.262 0.6000000238
8770  -13.792  -68.187  1.596 0.5000000000
8772  -19.338  -68.315  1.489 0.6000000238
8775  -22.138  -68.148  1.674 0.5000000000
8789  -18.339  -68.589  0.526 0.6999999881
8799  -12.970  -68.428  -0.426 0.5000000000
8800  -16.693  -68.287  -0.785 0.6999999881
8802  -21.486  -68.855  -0.950 0.6000000238
8810  -12.526  -68.092  -1.764 0.6000000238
8813  -16.497  -68.569  -1.304 0.6999999881
8815  -21.389  -68.769  -1.806 0.6000000238
8827  -18.563  -69.075  -2.601 0.6000000238
8828  -19.401  -68.837  -2.908 0.6000000238
8837  -12.656  -68.360  -3.685 0.6999999881
8838  -16.294  -68.315  -2.899 0.6000000238
8841  -21.012  -68.155  -3.352 0.6000000238
8858  -13.809  -67.940  -5.988 0.5000000000
8869  -13.660  -68.756  -6.071 0.6000000238
8870  -14.268  -68.655  -6.308 0.5000000000
8872  -15.972  -67.796  -6.556 0.5000000000
8875  -19.325  -68.015  -6.646 0.4000000060
8876  -20.102  -68.219  -6.679 0.4000000060
8879  -21.793  -68.302  -6.711 0.4000000060
8881  -23.266  -67.887  -6.702 0.4000000060
9479  -21.572  -67.316  3.728 0.6000000238
9491  -20.491  -67.370  2.870 0.6000000238
9492  -21.604  -67.760  3.000 0.6000000238
9504  -13.460  -67.459  1.286 0.5000000000
9506  -19.094  -67.829  1.297 0.6000000238
9508  -23.282  -67.429  1.667 0.5000000000
9532  -17.846  -67.719  -0.151 0.6999999881
9533  -22.972  -67.972  0.259 0.6000000238
9543  -12.638  -67.400  -1.562 0.6000000238
9544  -14.512  -66.724  -2.068 0.6999999881
9560  -14.285  -67.029  -2.703 0.6999999881
9563  -23.210  -67.277  -2.037 0.6000000238
9572  -13.557  -67.585  -4.152 0.6000000238
9574  -14.948  -67.317  -3.327 0.6000000238
9577  -18.454  -67.860  -3.737 0.6000000238
9590  -16.240  -66.827  -4.148 0.6000000238
9594  -20.039  -66.530  -4.223 0.6000000238
9601  -13.662  -67.771  -5.486 0.5000000000
9630  -21.947  -67.387  -6.860 0.4000000060
9632  -23.389  -66.940  -6.914 0.4000000060
9634  -26.008  -66.537  -6.871 0.4000000060
10222  -22.886  -65.994  5.078 0.6000000238
10223  -23.680  -66.162  5.006 0.5000000000
10238  -22.215  -66.317  4.664 0.6000000238
10240  -23.678  -66.716  4.251 0.6000000238
10250  -21.528  -66.626  4.189 0.6000000238
10253  -25.168  -66.213  3.554 0.5000000000
10264  -20.340  -66.575  2.825 0.6000000238
10279  -13.388  -66.692  1.166 0.5000000000
10281  -19.475  -67.125  1.509 0.6000000238
10284  -24.620  -66.399  1.826 0.6000000238
10292  -13.112  -66.379  0.464 0.5000000000
10295  -19.897  -66.404  1.149 0.6000000238
10296  -24.079  -66.728  0.509 0.6000000238
10298  -25.118  -66.073  1.118 0.6000000238
10305  -18.332  -66.986  -0.823 0.6000000238
10307  -24.248  -66.545  -0.168 0.6000000238
10316  -13.947  -65.992  -1.722 0.6999999881
10318  -15.809  -66.804  -1.495 0.6999999881
10322  -24.434  -65.968  -1.390 0.5000000000
10331  -12.884  -66.869  -1.771 0.6000000238
10343  -12.962  -67.243  -2.684 0.6000000238
10345  -14.591  -67.051  -4.402 0.6000000238
10347  -22.548  -66.307  -3.739 0.5000000000
10356  -13.961  -67.293  -5.136 0.6000000238
10358  -15.092  -66.387  -5.371 0.5000000000
10360  -16.824  -66.048  -4.629 0.6000000238
10376  -15.864  -65.870  -5.820 0.5000000000
10384  -18.044  -66.443  -6.394 0.5000000000
10386  -19.916  -66.286  -6.789 0.5000000000
10388  -21.315  -65.771  -7.130 0.5000000000
10404  -24.926  -65.754  -7.155 0.5000000000
10406  -26.192  -65.401  -7.062 0.5000000000
10407  -26.759  -65.185  -7.104 0.4000000060
10954  -23.022  -65.268  5.282 0.6000000238
10965  -21.719  -64.948  4.327 0.6000000238
10994  -20.532  -65.670  2.403 0.6000000238
11012  -25.823  -65.756  2.122 0.5000000000
11024  -13.297  -65.797  -0.165 0.5000000000
11042  -14.747  -64.799  -0.770 0.6999999881
11044  -18.949  -66.156  -1.315 0.6000000238
11062  -14.319  -65.427  -1.192 0.6999999881
11064  -16.237  -65.428  -1.405 0.6000000238
11066  -19.794  -65.502  -1.528 0.6000000238
11083  -24.746  -65.328  -2.974 0.4000000060
11100  -24.895  -64.655  -3.906 0.4000000060
11114  -17.350  -65.675  -4.972 0.6000000238
11115  -18.044  -65.496  -4.989 0.6000000238
11119  -21.863  -64.683  -5.438 0.4000000060
11149  -16.708  -65.713  -5.973 0.5000000000
11150  -17.638  -65.710  -6.006 0.5000000000
11153  -20.098  -65.594  -6.650 0.5000000000
11154  -21.393  -64.857  -6.943 0.5000000000
11156  -23.412  -64.772  -7.196 0.5000000000
11159  -25.663  -64.599  -7.141 0.4000000060
11170  -22.960  -65.262  -7.412 0.5000000000
11173  -25.280  -64.888  -7.242 0.5000000000
11750  -25.356  -64.101  6.277 0.5000000000
11762  -24.111  -64.422  5.803 0.6000000238
11775  -21.770  -64.068  4.164 0.6000000238
11804  -21.041  -64.903  2.439 0.6000000238
11806  -27.933  -64.844  2.177 0.4000000060
11818  -15.360  -64.215  0.805 0.5000000000
11821  -21.359  -64.221  1.861 0.6999999881
11822  -28.166  -64.869  1.352 0.4000000060
11835  -20.950  -65.047  0.503 0.6000000238
11836  -21.405  -64.092  0.318 0.6000000238
11837  -28.883  -64.597  0.847 0.4000000060
11853  -21.356  -64.144  -1.088 0.4000000060
11866  -16.490  -64.597  -1.417 0.5000000000
11867  -17.158  -64.438  -1.846 0.6000000238
11903  -24.137  -64.298  -5.365 0.4000000060
11920  -23.872  -64.530  -7.037 0.4000000060
12561  -24.983  -63.453  6.538 0.6000000238
12570  -22.925  -63.769  5.385 0.6000000238
12626  -21.684  -63.530  1.145 0.5000000000
12627  -28.963  -63.650  2.348 0.4000000060
12651  -16.685  -63.394  -0.383 0.5000000000
12670  -21.886  -63.443  -1.373 0.5000000000
13409  -24.072  -62.122  7.085 0.6000000238
13424  -22.772  -62.469  6.345 0.6000000238
13426  -24.495  -62.782  6.772 0.6000000238
13437  -21.288  -61.479  4.554 0.5000000000
13438  -21.708  -62.199  4.912 0.5000000000
13478  -21.684  -62.536  2.266 0.6000000238
13493  -21.905  -62.672  1.287 0.5000000000
14305  -22.870  -61.163  7.217 0.6000000238
14332  -21.328  -61.211  5.462 0.5000000000
14376  -21.567  -61.472  2.260 0.6000000238
14421  -22.409  -61.892  -0.852 0.5000000000
15160  -22.602  -60.306  7.348 0.6000000238
15162  -24.359  -60.791  7.625 0.6000000238
15211  -20.846  -60.130  3.688 0.6000000238
15242  -21.372  -59.645  1.724 0.6000000238
15989  -23.682  -59.200  7.968 0.5000000000
16011  -15.045  -59.040  7.005 0.6000000238
16012  -22.537  -59.432  7.313 0.6000000238
16031  -15.551  -59.235  6.511 0.6000000238
16032  -16.392  -58.855  6.501 0.6000000238
16033  -21.493  -59.412  6.031 0.6000000238
16050  -16.212  -59.225  5.837 0.6000000238
16085  -21.419  -58.971  2.940 0.6000000238
16142  -21.268  -58.947  -0.698 0.6000000238
16151  -20.881  -58.723  -2.233 0.6000000238
16152  -21.389  -59.814  -2.285 0.5000000000
16846  -24.082  -58.649  8.228 0.5000000000
16860  -16.693  -58.015  7.097 0.6000000238
16862  -23.409  -58.306  7.807 0.6999999881
16889  -16.956  -58.818  5.944 0.6000000238
16891  -21.816  -58.668  5.247 0.6000000238
16906  -16.702  -58.975  5.128 0.6000000238
16908  -22.183  -58.039  3.738 0.6000000238
16926  -21.864  -58.278  2.199 0.6999999881
16943  -22.132  -57.377  2.084 0.6999999881
17684  -16.376  -57.473  7.131 0.6000000238
17697  -18.381  -56.804  5.975 0.6000000238
17699  -23.136  -57.008  7.013 0.6000000238
17705  -18.045  -57.773  5.410 0.6999999881
17714  -18.412  -57.409  4.551 0.6999999881
17716  -22.417  -57.231  4.826 0.6999999881
17747  -17.902  -57.727  3.064 0.5000000000
17748  -18.284  -56.989  2.674 0.6000000238
17749  -21.925  -56.611  2.151 0.6999999881
17782  -21.069  -57.038  -0.097 0.6000000238
17795  -20.624  -57.245  -0.854 0.5000000000
18559  -24.255  -56.111  8.340 0.5000000000
18574  -15.958  -56.889  7.001 0.6000000238
18576  -17.316  -56.355  7.184 0.6000000238
18578  -23.305  -56.469  7.324 0.5000000000
18591  -17.883  -56.706  6.609 0.6000000238
18593  -19.506  -55.854  5.914 0.6000000238
18594  -22.580  -56.459  6.050 0.4000000060
18595  -22.935  -56.590  6.678 0.4000000060
18608  -20.033  -55.966  5.056 0.6000000238
18609  -20.558  -56.055  4.197 0.6999999881
18610  -21.842  -56.260  4.782 0.6000000238
18625  -22.196  -56.693  4.526 0.6999999881
18638  -18.983  -56.587  2.960 0.5000000000
18652  -19.667  -56.202  2.387 0.6999999881
18653  -20.356  -56.049  1.796 0.6999999881
18681  -20.583  -56.272  0.283 0.5000000000
19473  -23.778  -55.441  8.006 0.5000000000
19485  -17.404  -55.551  7.224 0.6000000238
19488  -22.715  -55.497  6.935 0.5000000000
19501  -20.650  -55.303  6.196 0.6000000238
19502  -21.477  -55.466  6.096 0.6000000238
20351  -16.832  -54.388  7.146 0.6000000238
20352  -17.439  -54.778  7.264 0.6000000238
20353  -18.669  -54.518  7.297 0.6000000238
20354  -20.169  -54.498  7.255 0.6000000238
20367  -16.494  -54.144  6.738 0.6000000238
20369  -20.929  -54.846  6.750 0.5000000000
20371  -22.440  -54.888  7.262 0.6000000238
20381  -16.024  -55.142  5.806 0.5000000000
20392  -15.862  -55.320  4.744 0.5000000000
20404  -16.528  -54.370  3.576 0.4000000060
21191  -21.510  -53.273  8.115 0.6000000238
21206  -17.837  -53.313  7.316 0.6000000238
21224  -16.242  -54.097  6.104 0.5000000000
21238  -16.388  -53.688  5.354 0.6000000238
21259  -17.228  -53.489  2.796 0.4000000060
22130  -16.908  -52.057  6.212 0.6000000238
23029  -21.907  -51.799  8.303 0.5000000000
23030  -23.160  -51.627  8.339 0.5000000000
23045  -17.816  -51.967  7.169 0.6000000238
23046  -18.615  -51.789  7.435 0.6000000238
23061  -18.191  -51.232  6.888 0.6000000238
23062  -18.884  -51.129  7.154 0.6999999881
23071  -18.054  -50.879  5.885 0.6999999881
23079  -18.219  -51.322  4.231 0.6000000238
23089  -19.258  -51.055  3.076 0.6000000238
23113  -18.956  -51.937  1.251 0.5000000000
23124  -19.876  -51.940  -0.325 0.3000000119
23136  -19.437  -52.045  -1.055 0.3000000119
23137  -20.132  -51.601  -1.097 0.3000000119
23933  -21.464  -50.406  7.674 0.6000000238
23965  -20.046  -50.172  4.795 0.6000000238
24001  -16.745  -50.307  1.606 0.3000000119
24002  -20.065  -50.792  2.309 0.6999999881
24022  -20.873  -51.019  -0.960 0.3000000119
24897  -20.660  -49.823  4.673 0.5000000000
24908  -16.677  -49.433  3.292 0.3000000119
24950  -21.927  -49.064  -2.184 0.3000000119
25814  -22.010  -47.917  3.852 0.4000000060
25820  -17.157  -48.947  2.959 0.3000000119
25827  -21.830  -49.157  2.465 0.5000000000
25845  -19.650  -48.500  -1.459 0.3000000119
25846  -22.488  -49.381  -1.087 0.3000000119
25868  -21.251  -48.638  -2.576 0.3000000119
26750  -22.558  -47.580  5.259 0.4000000060
26769  -21.975  -47.861  3.103 0.5000000000
26796  -18.779  -47.707  0.324 0.3000000119
26807  -19.873  -47.746  -1.302 0.3000000119
26810  -22.977  -48.111  -1.690 0.3000000119
27731  -23.769  -46.779  5.997 0.4000000060
27749  -14.831  -45.663  3.799 0.3000000119
27759  -16.868  -46.549  2.444 0.4000000060
27796  -19.829  -47.039  -0.787 0.3000000119
27797  -20.624  -46.496  -1.545 0.3000000119
27809  -21.438  -47.292  -2.380 0.3000000119
28715  -14.122  -45.414  4.177 0.3000000119
28724  -15.922  -45.777  2.896 0.4000000060
29629  -14.613  -44.533  3.711 0.3000000119
29638  -16.257  -44.239  2.920 0.4000000060
29671  -20.890  -44.330  -0.363 0.3000000119
30507  -23.375  -44.018  4.220 0.3000000119
30536  -17.176  -43.399  2.352 0.3000000119
30554  -21.174  -42.908  0.792 0.3000000119
31395  -13.781  -41.907  4.167 0.3000000119
32250  -13.244  -41.199  5.097 0.3000000119
33087  -14.197  -40.536  4.606 0.3000000119
107675  -24.879  -45.042  5.663 0.4000000060
107752  -17.716  -48.476  1.785 0.4000000060
108053  -14.720  -55.539  1.698 0.5000000000
108237  -16.534  -52.860  5.899 0.6000000238
108331  -27.256  -69.754  -1.745 0.3000000119
108515  -20.459  -74.688  -5.670 0.4000000060
108557  -22.258  -62.487  -1.656 0.5000000000
108576  -22.280  -62.355  -0.112 0.5000000000
108805  -17.819  -73.306  -5.190 0.6000000238
109362  -12.559  -69.858  -5.008 0.6999999881
109657  -21.648  -49.213  3.999 0.5000000000
109687  -26.366  -64.641  -7.130 0.4000000060
109974  -16.685  -52.954  4.939 0.6000000238
110066  -21.352  -56.164  3.629 0.6999999881
110533  -22.569  -57.985  6.340 0.6000000238
110887  -26.274  -65.463  -2.414 0.4000000060
111074  -19.436  -69.350  -1.305 0.6000000238
111288  -21.709  -61.157  1.630 0.6000000238
111334  -21.162  -76.477  -6.255 0.5000000000
111545  -22.964  -68.777  -6.652 0.4000000060
111599  -23.889  -70.420  -4.740 0.3000000119
111673  -24.312  -64.524  -4.504 0.5000000000
111700  -25.875  -65.597  -0.035 0.6000000238
111782  -20.141  -50.285  6.762 0.6000000238
111980  -21.983  -50.318  0.361 0.4000000060
112314  -23.091  -67.864  -0.571 0.6000000238
112474  -12.315  -77.446  1.942 0.5000000000
112827  -13.069  -71.002  -2.201 0.6000000238
113524  -15.003  -69.808  2.463 0.5000000000
113588  -20.653  -50.962  1.038 0.4000000060
113624  -22.059  -56.629  3.359 0.6999999881
113847  -15.383  -42.716  3.261 0.4000000060
113919  -16.810  -74.517  -0.499 0.5000000000
114142  -23.354  -54.055  8.348 0.5000000000
114269  -24.576  -66.760  -6.906 0.5000000000
114362  -22.187  -62.099  0.725 0.5000000000
114863  -20.279  -65.517  -4.651 0.6000000238
115355  -27.928  -69.909  -1.394 0.3000000119
115780  -16.467  -46.111  2.563 0.4000000060
115961  -18.033  -67.446  -6.585 0.5000000000
116252  -12.835  -69.753  -5.736 0.6000000238
116353  -18.281  -41.928  1.905 0.3000000119
116407  -26.490  -65.458  1.082 0.5000000000
116518  -17.206  -58.558  4.346 0.5000000000
116607  -17.980  -46.901  1.505 0.4000000060
116624  -17.787  -69.018  -6.395 0.4000000060
116782  -20.491  -64.927  -5.377 0.5000000000
117188  -23.517  -65.977  -7.224 0.5000000000
117607  -18.012  -69.791  -6.092 0.4000000060
117681  -17.015  -48.186  3.242 0.4000000060
117844  -22.821  -69.627  -6.631 0.4000000060
117957  -13.258  -69.191  -0.598 0.5000000000
118136  -24.566  -68.779  -6.657 0.4000000060
118321  -21.534  -74.393  -0.758 0.6000000238
118978  -13.276  -74.533  -3.620 0.6000000238
119039  -18.737  -53.305  7.542 0.6000000238
119512  -19.764  -67.270  -6.772 0.4000000060
119848  -15.220  -59.293  3.417 0.5000000000
120376  -16.126  -42.945  2.967 0.4000000060
120448  -23.001  -53.172  8.353 0.5000000000
120605  -13.150  -67.549  -3.417 0.6000000238
120613  -23.675  -43.226  2.816 0.3000000119
120622  -28.763  -73.342  4.347 0.3000000119
120765  -15.689  -56.495  6.606 0.5000000000
120798  -30.903  -74.680  5.333 0.3000000119
121125  -20.696  -68.420  2.043 0.6000000238
121633  -18.433  -73.189  -0.230 0.6000000238
121795  -13.808  -65.313  0.339 0.6000000238
121916  -24.460  -65.084  5.592 0.6000000238
122042  -12.945  -66.243  -1.012 0.5000000000
122272  -21.614  -65.849  4.417 0.6000000238
122338  -19.363  -73.033  0.928 0.5000000000
122526  -17.499  -73.881  0.176 0.6000000238
122529  -22.015  -51.017  8.079 0.6000000238
122609  -13.238  -72.779  -5.012 0.6000000238
122636  -21.931  -62.934  4.693 0.6000000238
122645  -19.537  -67.790  1.878 0.6000000238
122717  -19.974  -50.057  5.748 0.6000000238
122778  -18.008  -53.335  1.330 0.4000000060
122880  -19.982  -65.016  -6.078 0.5000000000
123098  -23.671  -45.478  5.375 0.4000000060
124169  -17.226  -52.170  6.843 0.6000000238
124254  -20.822  -65.365  2.874 0.6000000238
124363  -25.468  -65.796  0.518 0.6000000238
124386  -21.747  -71.890  -6.215 0.4000000060
124416  -19.959  -53.042  7.858 0.6000000238
124573  -23.641  -71.270  -6.509 0.4000000060
125013  -27.241  -64.765  -7.058 0.4000000060
125081  -15.333  -59.344  4.223 0.5000000000
125675  -18.378  -76.477  -4.113 0.6999999881
125799  -16.813  -55.908  7.313 0.6000000238
125965  -29.379  -64.359  0.435 0.4000000060
126180  -22.309  -57.363  3.304 0.6999999881
126216  -18.023  -54.474  7.321 0.6000000238
126267  -17.880  -44.884  1.997 0.4000000060
126483  -15.737  -47.083  3.970 0.4000000060
126560  -19.034  -67.431  -3.926 0.6000000238
127028  -22.501  -52.900  8.323 0.5000000000
127155  -12.980  -71.049  -6.156 0.6000000238
127232  -25.702  -75.739  -5.627 0.5000000000
127278  -23.331  -65.707  5.240 0.6000000238
127481  -21.827  -49.447  1.917 0.4000000060
127733  -21.090  -59.578  3.307 0.6000000238
127956  -16.450  -58.453  6.902 0.6000000238
128170  -17.269  -58.606  5.262 0.6000000238
128212  -20.493  -57.928  -2.144 0.5000000000
128311  -25.106  -74.594  -5.246 0.5000000000
128347  -15.656  -55.718  5.263 0.5000000000
128443  -17.861  -47.467  1.612 0.4000000060
128473  -24.401  -65.142  -3.442 0.4000000060
128542  -18.269  -45.818  1.566 0.4000000060
128839  -19.650  -46.698  -0.075 0.3000000119
129337  -17.706  -46.342  1.851 0.4000000060
129387  -19.679  -68.165  1.930 0.6000000238
129567  -17.960  -51.235  5.051 0.6999999881
129601  -21.664  -49.321  5.122 0.5000000000
129793  -24.212  -69.864  -2.941 0.3000000119
129811  -22.129  -64.487  4.659 0.6000000238
129937  -19.100  -65.656  -1.845 0.6000000238
