#!ascii label  , from subject sub-v1s18x0051271_ses-1 vox2ras=TkReg
1350
14384  38.051  -54.307  -23.750 0.3000000119
20673  41.241  -46.522  -21.635 0.6000000238
23333  39.166  -43.263  -22.387 0.6999999881
24197  38.742  -42.535  -22.727 0.6999999881
14385  37.247  -53.859  -23.734 0.4000000060
18276  36.891  -49.555  -25.325 0.4000000060
141122  38.441  -53.680  -24.872 0.5000000000
15136  39.168  -53.865  -25.010 0.5000000000
19877  41.163  -47.281  -21.764 0.6999999881
21530  40.752  -45.800  -21.466 0.6999999881
132790  41.295  -44.995  -21.595 0.5000000000
125475  41.600  -42.279  -23.193 0.6000000238
23332  40.176  -43.326  -22.346 0.6000000238
24204  40.054  -41.952  -23.262 0.6999999881
25073  38.694  -41.260  -23.213 0.6999999881
124544  36.901  -53.235  -25.778 0.5000000000
18283  37.524  -49.588  -26.021 0.4000000060
15146  37.709  -53.427  -25.320 0.6000000238
17501  38.471  -50.370  -24.419 0.4000000060
18271  40.660  -49.800  -23.590 0.5000000000
15912  38.853  -52.615  -26.742 0.6000000238
18267  40.583  -49.717  -22.769 0.6000000238
19883  41.727  -47.700  -22.390 0.6000000238
15164  39.782  -52.888  -27.027 0.6000000238
20679  42.550  -46.468  -22.372 0.6000000238
22436  41.686  -44.241  -21.885 0.6000000238
24194  41.529  -42.908  -22.678 0.6000000238
26861  42.721  -39.853  -24.174 0.6999999881
25070  41.366  -41.512  -23.578 0.6999999881
26862  41.865  -39.967  -23.843 0.6999999881
124344  40.958  -39.750  -23.614 0.6999999881
25922  39.033  -40.527  -23.371 0.6999999881
125042  42.321  -39.144  -23.936 0.6999999881
26851  41.518  -39.100  -23.685 0.6999999881
26852  40.171  -39.383  -23.548 0.6999999881
28640  43.061  -37.493  -24.510 0.6999999881
15139  35.287  -53.360  -25.228 0.5000000000
17518  36.903  -50.938  -26.305 0.5000000000
16674  35.516  -51.337  -25.692 0.5000000000
18274  38.796  -49.680  -25.330 0.4000000060
135689  38.208  -52.049  -26.715 0.5000000000
18270  41.072  -49.180  -24.377 0.5000000000
19888  42.128  -48.003  -23.207 0.6000000238
15918  40.196  -52.340  -27.238 0.6000000238
16685  39.694  -51.355  -27.052 0.5000000000
142936  41.216  -49.870  -26.935 0.5000000000
22434  43.316  -44.687  -22.495 0.6999999881
23342  42.612  -43.136  -22.720 0.6000000238
22435  42.516  -44.444  -22.145 0.6999999881
25079  42.856  -41.313  -24.175 0.6000000238
24212  42.942  -41.965  -23.712 0.6000000238
26859  44.194  -39.295  -24.753 0.6000000238
25069  42.204  -41.748  -23.639 0.6000000238
27745  44.248  -38.302  -24.875 0.6000000238
126973  42.964  -39.169  -24.232 0.6999999881
124315  39.572  -38.978  -23.459 0.6999999881
28647  44.573  -37.442  -25.245 0.6000000238
28641  42.330  -37.596  -24.170 0.6999999881
28632  40.695  -37.584  -23.605 0.6999999881
28639  43.803  -37.415  -24.852 0.6999999881
121383  39.690  -49.519  -25.311 0.4000000060
16679  37.426  -51.696  -26.541 0.5000000000
18291  38.538  -49.610  -26.190 0.4000000060
19084  41.577  -48.364  -24.935 0.5000000000
19887  42.648  -47.483  -23.648 0.6000000238
17516  39.048  -49.861  -26.563 0.4000000060
20678  43.174  -46.201  -22.724 0.6000000238
17524  38.929  -50.668  -26.737 0.4000000060
18289  40.292  -49.289  -26.360 0.4000000060
18288  41.107  -49.199  -26.586 0.4000000060
19088  42.867  -48.072  -25.960 0.4000000060
130945  43.972  -44.737  -22.804 0.6999999881
23341  43.297  -43.174  -22.906 0.6000000238
24211  43.608  -41.902  -24.127 0.6000000238
27753  45.040  -39.000  -25.132 0.6000000238
25926  44.239  -40.669  -24.896 0.6000000238
119361  44.985  -38.132  -25.283 0.6000000238
28633  39.809  -37.567  -23.456 0.6999999881
29501  42.380  -36.230  -24.773 0.6999999881
29509  44.327  -35.882  -25.717 0.6000000238
29500  43.209  -36.614  -24.920 0.6000000238
18280  40.102  -49.128  -25.956 0.4000000060
19900  42.096  -47.961  -25.249 0.4000000060
20685  42.961  -46.844  -23.102 0.6999999881
19089  42.108  -48.097  -25.931 0.4000000060
140908  44.852  -43.804  -23.506 0.8000000119
19092  43.333  -48.744  -26.235 0.5000000000
23340  44.170  -43.295  -23.299 0.6999999881
24210  44.512  -42.023  -24.611 0.6000000238
125852  45.759  -39.114  -25.449 0.5000000000
25933  44.882  -40.766  -25.267 0.6000000238
28634  38.911  -37.496  -23.288 0.6999999881
30461  46.649  -35.545  -26.929 0.6000000238
29517  45.706  -36.519  -25.971 0.6000000238
29491  41.090  -36.785  -23.960 0.8000000119
29503  40.560  -36.044  -24.167 0.8000000119
30462  45.847  -35.696  -26.481 0.6000000238
29518  45.078  -35.812  -26.059 0.6000000238
20691  43.932  -46.756  -24.320 0.5000000000
20692  43.227  -47.101  -24.004 0.6000000238
19891  43.325  -47.297  -24.910 0.5000000000
20697  45.874  -46.744  -25.396 0.6999999881
19898  43.441  -47.660  -25.516 0.4000000060
23347  45.011  -43.000  -23.983 0.6999999881
24217  45.143  -41.763  -25.167 0.6999999881
26866  46.266  -39.578  -25.623 0.6000000238
25085  45.469  -41.247  -25.465 0.6000000238
28653  47.181  -37.722  -26.269 0.6000000238
29504  39.758  -36.045  -23.819 0.6000000238
29516  46.399  -37.178  -26.059 0.6000000238
30456  42.639  -35.070  -25.553 0.6999999881
30447  41.461  -34.913  -25.023 0.6999999881
30469  45.945  -34.790  -27.094 0.6999999881
31365  45.042  -34.406  -26.982 0.6999999881
30455  43.227  -35.187  -25.751 0.6999999881
139937  45.751  -45.662  -24.912 0.5000000000
21544  45.165  -45.825  -24.433 0.6000000238
20683  44.448  -46.009  -23.728 0.6000000238
21554  48.430  -44.966  -26.128 0.6999999881
21550  46.293  -45.943  -25.354 0.6000000238
23339  45.520  -43.949  -23.931 0.6999999881
21553  49.355  -45.013  -26.263 0.6999999881
20695  47.777  -46.108  -25.471 0.6999999881
23346  45.849  -43.322  -24.566 0.6999999881
24216  45.807  -41.957  -25.513 0.6999999881
26865  47.078  -39.312  -25.892 0.5000000000
25931  46.892  -40.244  -25.813 0.6000000238
30441  37.719  -35.504  -23.304 0.5000000000
29514  48.286  -36.705  -27.161 0.6000000238
129998  47.965  -38.196  -26.490 0.6000000238
31357  40.052  -34.687  -24.465 0.6000000238
30440  38.402  -35.358  -23.648 0.5000000000
30460  47.445  -35.501  -27.387 0.6000000238
123483  47.303  -36.945  -26.540 0.6000000238
32187  42.830  -33.709  -26.174 0.6000000238
31356  40.797  -34.358  -24.901 0.5000000000
32181  41.344  -33.207  -25.034 0.5000000000
121192  47.646  -34.911  -27.781 0.6999999881
31370  47.300  -34.250  -28.143 0.6999999881
126481  46.478  -33.330  -27.924 0.6999999881
124117  44.249  -34.190  -26.732 0.6999999881
33053  44.545  -32.959  -26.576 0.5000000000
32198  47.151  -33.321  -28.299 0.6999999881
33051  46.677  -32.196  -27.357 0.6000000238
22445  46.162  -44.201  -24.577 0.6000000238
22454  48.185  -44.203  -26.131 0.6999999881
22448  46.799  -44.462  -25.272 0.6000000238
23353  50.863  -43.920  -26.657 0.6999999881
23350  47.023  -43.056  -25.758 0.6999999881
25936  47.830  -40.723  -26.175 0.6999999881
25083  46.968  -41.774  -26.120 0.6999999881
26872  47.988  -39.807  -26.249 0.6000000238
127773  38.013  -34.880  -23.598 0.4000000060
27757  48.070  -38.910  -26.359 0.5000000000
118265  40.983  -32.817  -24.280 0.4000000060
138615  48.938  -34.218  -28.573 0.6000000238
134620  48.081  -36.023  -27.413 0.6000000238
136215  42.629  -33.289  -25.992 0.5000000000
33048  42.110  -33.073  -25.508 0.5000000000
33052  45.770  -32.504  -26.911 0.5000000000
119306  45.019  -31.721  -25.700 0.4000000060
32197  48.051  -33.383  -28.640 0.6000000238
33943  48.331  -32.177  -28.350 0.6999999881
33057  47.531  -32.186  -27.964 0.6000000238
33933  47.806  -31.000  -27.281 0.5000000000
23354  49.729  -43.798  -26.646 0.6000000238
23356  47.826  -43.343  -26.244 0.6999999881
25086  51.869  -42.218  -26.136 0.6999999881
127049  51.348  -42.108  -26.512 0.6999999881
24221  47.886  -42.038  -26.481 0.6000000238
127798  49.562  -40.334  -26.603 0.6000000238
28656  50.188  -36.572  -27.854 0.6000000238
27756  49.606  -38.383  -27.032 0.5000000000
28651  49.647  -37.251  -27.487 0.6000000238
32195  49.865  -34.032  -28.370 0.6000000238
30470  50.050  -35.346  -28.394 0.6000000238
33929  44.315  -31.760  -25.284 0.4000000060
33040  43.469  -32.144  -25.100 0.5000000000
119902  43.066  -31.738  -24.333 0.4000000060
32196  49.061  -33.634  -28.650 0.6000000238
34716  45.013  -31.107  -25.183 0.4000000060
33942  49.271  -31.729  -28.509 0.6000000238
34725  48.635  -30.633  -27.797 0.5000000000
25087  50.734  -41.735  -26.593 0.6999999881
24220  49.203  -42.151  -26.611 0.6000000238
25930  52.311  -40.361  -26.479 0.6999999881
25935  51.353  -40.785  -26.853 0.6000000238
131472  49.764  -41.288  -26.598 0.6000000238
119182  51.955  -41.185  -26.308 0.6999999881
26870  50.880  -39.313  -27.091 0.5000000000
30458  50.357  -35.470  -27.555 0.6000000238
28655  50.947  -37.223  -27.507 0.6000000238
29519  50.331  -35.951  -28.080 0.6000000238
31368  50.128  -34.321  -28.142 0.5000000000
33056  50.068  -32.187  -28.208 0.6000000238
119197  49.762  -31.976  -28.600 0.6000000238
33938  49.522  -30.758  -28.476 0.5000000000
26864  51.973  -39.026  -25.791 0.6999999881
141103  52.522  -38.959  -26.569 0.6999999881
27754  52.314  -38.456  -27.106 0.6000000238
29513  50.509  -36.197  -26.931 0.5000000000
31364  49.377  -34.280  -26.713 0.6000000238
30459  49.796  -35.312  -26.720 0.6000000238
33050  49.198  -32.573  -26.499 0.6000000238
33932  49.900  -31.260  -26.793 0.6000000238
34722  50.165  -30.227  -28.427 0.5000000000
17512  44.372  -50.390  -26.027 0.5000000000
19085  45.944  -48.087  -24.989 0.5000000000
18272  46.096  -48.922  -24.274 0.5000000000
19086  45.491  -48.897  -24.920 0.5000000000
19894  47.165  -47.014  -25.058 0.6999999881
125829  50.187  -46.249  -24.134 0.6999999881
19890  47.758  -47.229  -24.357 0.5000000000
19889  48.554  -47.027  -23.878 0.5000000000
21547  49.649  -45.486  -25.750 0.6999999881
20693  49.993  -45.917  -24.981 0.6999999881
22451  51.254  -44.293  -26.426 0.6999999881
13641  38.446  -55.207  -23.668 0.3000000119
24205  39.156  -41.930  -23.139 0.6999999881
23331  41.160  -43.434  -22.273 0.6000000238
25921  40.097  -40.385  -23.571 0.6999999881
122869  38.848  -39.018  -23.300 0.6999999881
138269  44.797  -47.476  -25.447 0.6000000238
27752  45.649  -38.428  -25.482 0.6000000238
30454  43.839  -35.332  -25.905 0.6999999881
30448  40.746  -35.220  -24.565 0.6000000238
31366  43.437  -33.944  -26.469 0.6999999881
119678  42.164  -33.767  -25.824 0.6000000238
32193  45.818  -33.590  -27.615 0.6999999881
137813  40.171  -33.845  -24.596 0.5000000000
32183  39.372  -33.633  -24.030 0.5000000000
33934  47.008  -31.402  -26.925 0.5000000000
26871  49.113  -39.359  -26.661 0.5000000000
25934  52.363  -40.133  -26.775 0.6999999881
27759  51.715  -37.826  -27.212 0.5000000000
125118  49.830  -32.051  -27.242 0.6000000238
33937  50.297  -31.428  -27.907 0.6000000238
126498  51.739  -39.992  -27.026 0.6000000238
32188  49.914  -33.791  -27.595 0.6000000238
28642  51.677  -38.023  -26.356 0.5000000000
21534  50.394  -45.540  -23.205 0.6000000238
23323  46.855  -42.768  -21.103 0.6000000238
138216  46.483  -41.313  -20.539 0.4000000060
22433  48.953  -44.287  -22.231 0.5000000000
22439  50.632  -44.955  -23.603 0.6000000238
17472  39.488  -50.212  -21.757 0.5000000000
132023  45.923  -41.503  -20.340 0.4000000060
19884  41.080  -48.140  -22.021 0.5000000000
19073  39.773  -48.846  -21.310 0.5000000000
23321  48.227  -43.742  -21.813 0.5000000000
25895  45.728  -40.083  -19.785 0.4000000060
19072  40.373  -48.544  -21.654 0.5000000000
20675  39.625  -46.700  -21.136 0.5000000000
24178  47.367  -42.416  -21.414 0.6000000238
20674  40.421  -46.763  -21.417 0.5000000000
23327  49.325  -43.955  -22.727 0.5000000000
22443  51.256  -44.966  -24.632 0.6000000238
26807  44.775  -38.774  -19.101 0.4000000060
26819  43.818  -39.224  -19.210 0.4000000060
140170  46.778  -41.240  -20.890 0.4000000060
19057  37.391  -48.835  -18.607 0.5000000000
24189  47.963  -42.912  -21.826 0.5000000000
19874  38.534  -47.413  -20.289 0.5000000000
19869  37.715  -47.574  -19.354 0.5000000000
23338  49.314  -43.303  -23.195 0.6000000238
23337  50.111  -43.330  -23.983 0.6000000238
22446  51.382  -44.795  -25.765 0.6000000238
142146  40.088  -44.408  -21.686 0.5000000000
21522  37.676  -45.408  -20.333 0.5000000000
19862  37.333  -47.099  -18.913 0.4000000060
25064  48.101  -41.919  -23.053 0.5000000000
135667  48.212  -42.597  -22.438 0.5000000000
25067  48.611  -41.339  -23.848 0.6000000238
25075  49.824  -41.713  -24.403 0.6000000238
23345  51.110  -43.388  -24.813 0.6000000238
126084  51.066  -41.030  -25.329 0.6000000238
24214  51.965  -42.885  -26.147 0.6000000238
26817  45.574  -39.512  -19.802 0.4000000060
123915  44.827  -38.346  -19.061 0.4000000060
22432  37.648  -44.177  -21.169 0.5000000000
141615  37.398  -45.693  -19.743 0.5000000000
20640  36.501  -46.424  -17.958 0.4000000060
23324  38.730  -43.956  -21.823 0.6000000238
20649  36.957  -46.622  -18.598 0.4000000060
25911  47.038  -40.934  -22.633 0.6000000238
25917  47.278  -40.173  -23.583 0.6000000238
25920  48.373  -40.501  -24.052 0.6000000238
26857  49.625  -39.861  -24.629 0.6000000238
28587  44.337  -37.518  -18.304 0.4000000060
23316  37.142  -43.938  -20.671 0.5000000000
21493  36.427  -45.658  -18.172 0.4000000060
121034  35.506  -45.910  -16.671 0.4000000060
26828  46.117  -40.164  -20.902 0.6000000238
26829  45.700  -39.533  -20.487 0.4000000060
26845  45.781  -39.553  -22.678 0.6000000238
25912  46.603  -40.755  -21.497 0.6000000238
27734  46.624  -38.473  -23.955 0.6000000238
26850  46.450  -39.414  -23.465 0.5000000000
133560  43.651  -37.720  -18.150 0.4000000060
140821  45.035  -38.567  -19.498 0.4000000060
24183  37.198  -42.737  -21.463 0.6000000238
22401  36.322  -44.407  -18.673 0.5000000000
21485  35.281  -45.107  -16.708 0.5000000000
21473  34.206  -45.690  -15.636 0.5000000000
27723  45.006  -38.875  -21.189 0.4000000060
27715  44.873  -38.396  -20.170 0.4000000060
27731  44.453  -38.407  -22.225 0.5000000000
27736  44.864  -38.429  -22.983 0.5000000000
28629  45.283  -37.723  -23.548 0.5000000000
26849  47.517  -39.046  -24.148 0.6000000238
27743  48.270  -38.374  -24.545 0.6000000238
26856  51.536  -39.703  -25.575 0.6000000238
30397  43.284  -35.614  -17.954 0.4000000060
29445  44.225  -36.654  -17.843 0.4000000060
30396  43.898  -36.166  -17.494 0.4000000060
30385  43.832  -36.070  -16.968 0.4000000060
26854  38.467  -39.817  -23.228 0.6000000238
30407  42.598  -35.624  -19.093 0.4000000060
29453  44.366  -36.995  -18.454 0.4000000060
24173  36.548  -42.417  -19.953 0.6000000238
23284  35.470  -43.597  -17.567 0.5000000000
22380  34.749  -44.318  -16.458 0.4000000060
28609  43.755  -37.458  -20.510 0.4000000060
27730  45.078  -39.036  -22.434 0.5000000000
29487  46.094  -37.150  -24.132 0.5000000000
28638  46.803  -37.623  -24.277 0.6000000238
27742  49.437  -38.491  -24.905 0.6000000238
138929  49.914  -38.110  -25.222 0.6000000238
31295  42.800  -35.088  -17.551 0.4000000060
26855  37.733  -39.868  -22.832 0.6000000238
135764  36.860  -41.224  -21.093 0.6000000238
24164  36.237  -42.566  -18.910 0.5000000000
22365  33.119  -44.359  -15.620 0.5000000000
133706  42.789  -36.078  -19.634 0.4000000060
28618  43.423  -37.388  -21.532 0.4000000060
28624  43.838  -37.734  -22.258 0.5000000000
132468  44.677  -37.149  -23.469 0.5000000000
28637  47.721  -37.376  -24.618 0.5000000000
31296  42.214  -34.520  -17.288 0.4000000060
25913  37.015  -40.407  -21.553 0.6000000238
121400  36.474  -40.935  -19.526 0.5000000000
24156  35.012  -42.146  -17.188 0.5000000000
29482  43.828  -37.047  -23.120 0.5000000000
29488  45.372  -36.707  -23.876 0.4000000060
29499  46.095  -36.162  -24.411 0.4000000060
29497  47.662  -36.552  -24.873 0.4000000060
29507  48.322  -36.234  -25.361 0.6000000238
29505  50.851  -37.066  -26.636 0.4000000060
32112  40.880  -33.295  -17.010 0.4000000060
31306  41.809  -34.622  -18.589 0.4000000060
26846  37.540  -38.930  -22.620 0.6000000238
30408  41.937  -35.025  -19.438 0.4000000060
28635  38.038  -37.415  -23.102 0.5000000000
121278  36.885  -39.810  -21.135 0.5000000000
121719  36.233  -41.023  -18.835 0.5000000000
121246  34.260  -41.880  -16.663 0.4000000060
26830  36.734  -39.462  -20.304 0.4000000060
30431  43.136  -35.458  -22.687 0.5000000000
30438  43.749  -35.146  -23.248 0.5000000000
31352  44.145  -34.466  -23.388 0.6000000238
30444  46.428  -35.403  -24.669 0.4000000060
130514  47.568  -35.884  -25.117 0.4000000060
30452  48.959  -35.793  -25.978 0.4000000060
31350  45.457  -34.492  -24.202 0.5000000000
28626  37.503  -37.349  -22.720 0.5000000000
26839  36.879  -39.092  -21.210 0.6000000238
28619  36.786  -37.462  -21.622 0.4000000060
32178  46.963  -33.933  -25.107 0.5000000000
31359  48.636  -34.841  -26.108 0.5000000000
33030  44.591  -32.812  -23.101 0.5000000000
31351  44.836  -34.489  -23.796 0.5000000000
31355  46.229  -34.483  -24.632 0.5000000000
32179  46.333  -33.398  -24.544 0.5000000000
143313  40.549  -32.768  -18.457 0.4000000060
33926  49.113  -31.385  -25.843 0.5000000000
32184  48.425  -33.899  -26.096 0.4000000060
32185  47.713  -33.448  -25.493 0.5000000000
32170  45.823  -33.018  -24.125 0.5000000000
32171  45.248  -33.135  -23.686 0.5000000000
30434  36.988  -35.756  -22.358 0.4000000060
142573  48.526  -31.389  -25.238 0.4000000060
33916  48.221  -30.940  -24.672 0.4000000060
127231  48.568  -32.129  -25.676 0.5000000000
126105  48.447  -33.023  -25.929 0.5000000000
33038  47.108  -32.759  -24.823 0.5000000000
33045  47.886  -32.631  -25.360 0.5000000000
33039  46.334  -32.523  -24.193 0.5000000000
33908  46.347  -31.252  -23.457 0.5000000000
33918  46.895  -31.709  -24.149 0.4000000060
22438  39.725  -43.938  -21.897 0.5000000000
23335  37.624  -43.121  -21.829 0.6000000238
133632  39.940  -45.390  -21.410 0.6000000238
142906  38.064  -41.264  -22.944 0.6000000238
17480  39.245  -50.765  -22.482 0.5000000000
30439  38.922  -36.008  -23.578 0.5000000000
28644  50.026  -37.494  -25.573 0.6000000238
29506  49.451  -36.617  -25.770 0.4000000060
123517  38.426  -46.667  -20.429 0.5000000000
120969  39.226  -45.439  -21.308 0.5000000000
20668  38.227  -45.812  -20.644 0.5000000000
127278  36.777  -45.954  -18.666 0.4000000060
20641  35.999  -46.487  -17.081 0.4000000060
26837  46.026  -40.091  -21.965 0.6000000238
125035  36.795  -43.737  -20.126 0.6000000238
21502  36.201  -45.031  -18.057 0.4000000060
28599  44.377  -37.500  -19.333 0.4000000060
25060  37.195  -41.929  -21.733 0.6000000238
23317  36.867  -43.115  -20.620 0.6000000238
123353  35.969  -43.824  -18.261 0.5000000000
123791  33.447  -45.806  -15.446 0.5000000000
20621  33.378  -46.586  -15.422 0.5000000000
22381  33.977  -44.267  -15.889 0.5000000000
25047  36.594  -41.579  -20.190 0.5000000000
23285  34.839  -42.990  -16.912 0.5000000000
24155  35.664  -42.296  -18.017 0.5000000000
30436  45.250  -35.814  -24.040 0.5000000000
140431  34.533  -42.413  -16.754 0.5000000000
29484  42.734  -36.085  -22.162 0.5000000000
27733  37.102  -38.806  -22.058 0.6000000238
30453  48.005  -35.398  -25.518 0.3000000119
33917  47.534  -31.107  -24.295 0.4000000060
7284  33.996  -64.756  -20.630 0.3000000119
7942  32.850  -63.623  -21.322 0.3000000119
7926  33.717  -63.723  -20.519 0.3000000119
9278  33.745  -61.792  -21.873 0.3000000119
8609  33.282  -62.379  -21.337 0.3000000119
9277  34.183  -61.267  -21.377 0.3000000119
9287  33.796  -61.754  -22.875 0.3000000119
9286  34.542  -61.376  -22.510 0.3000000119
11429  35.500  -58.838  -19.301 0.3000000119
10008  34.533  -60.705  -20.852 0.3000000119
10021  35.541  -60.595  -22.115 0.3000000119
137479  35.266  -61.071  -22.573 0.3000000119
11448  35.785  -58.982  -20.250 0.3000000119
11427  37.326  -58.041  -19.932 0.3000000119
11447  36.705  -58.617  -20.560 0.3000000119
10759  35.837  -60.005  -21.610 0.4000000060
10020  36.321  -60.508  -22.440 0.4000000060
10034  36.993  -61.240  -23.302 0.4000000060
119883  36.764  -62.121  -24.595 0.3000000119
11446  38.517  -58.532  -20.300 0.3000000119
11456  37.670  -58.685  -20.817 0.4000000060
10757  37.866  -59.365  -21.592 0.4000000060
10769  37.140  -60.459  -22.620 0.4000000060
11426  38.324  -57.939  -19.455 0.3000000119
10033  38.030  -61.399  -23.533 0.4000000060
121419  40.563  -58.835  -18.898 0.4000000060
11425  39.728  -58.774  -19.666 0.4000000060
9294  37.346  -62.124  -24.486 0.4000000060
10044  38.546  -61.348  -23.845 0.3000000119
11445  39.610  -59.258  -20.608 0.4000000060
11455  38.647  -59.152  -21.158 0.3000000119
10756  38.841  -59.898  -22.045 0.4000000060
11424  41.397  -59.376  -19.515 0.4000000060
10032  39.057  -60.785  -23.046 0.5000000000
123561  40.202  -53.354  -26.839 0.5000000000
11423  42.048  -59.176  -19.244 0.4000000060
138583  39.164  -55.089  -24.205 0.3000000119
14388  40.427  -55.044  -25.009 0.4000000060
11485  39.433  -58.789  -24.661 0.3000000119
16651  37.912  -51.290  -22.903 0.4000000060
16652  37.202  -51.414  -22.409 0.4000000060
18286  43.118  -49.474  -26.561 0.4000000060
18279  44.601  -49.616  -25.712 0.4000000060
17521  41.365  -50.750  -27.230 0.4000000060
11444  40.678  -59.539  -20.157 0.4000000060
10740  39.700  -59.828  -21.469 0.3000000119
136873  39.879  -60.382  -22.294 0.5000000000
17520  42.574  -50.931  -27.221 0.4000000060
15917  41.095  -52.513  -27.400 0.4000000060
10722  41.913  -59.533  -19.929 0.4000000060
14389  39.592  -54.613  -24.661 0.4000000060
10043  39.391  -60.630  -23.400 0.4000000060
14397  41.971  -54.614  -26.621 0.5000000000
10052  39.163  -60.594  -24.064 0.5000000000
136149  41.137  -55.607  -25.566 0.4000000060
13646  39.183  -55.926  -24.075 0.4000000060
10787  39.658  -59.730  -24.401 0.3000000119
12892  39.999  -56.644  -24.623 0.4000000060
18264  38.998  -50.123  -21.058 0.4000000060
123404  45.167  -48.114  -25.437 0.4000000060
11443  41.991  -59.413  -20.278 0.4000000060
10739  40.787  -59.988  -20.906 0.4000000060
16682  43.193  -51.841  -27.175 0.4000000060
15162  41.662  -53.327  -27.317 0.5000000000
10754  41.667  -59.749  -20.812 0.4000000060
10767  40.500  -60.361  -22.245 0.4000000060
15160  43.227  -53.295  -26.795 0.5000000000
12108  41.869  -58.782  -20.882 0.4000000060
12115  42.011  -58.766  -22.113 0.4000000060
10766  41.763  -59.678  -21.789 0.4000000060
10775  41.434  -59.918  -22.511 0.5000000000
10776  40.835  -59.978  -23.346 0.5000000000
15911  43.526  -52.597  -26.728 0.4000000060
15153  42.920  -54.022  -26.710 0.5000000000
12868  41.485  -58.058  -21.726 0.4000000060
10786  40.514  -59.610  -24.231 0.5000000000
14392  41.743  -55.261  -26.135 0.4000000060
11484  40.238  -59.089  -24.710 0.4000000060
12133  41.087  -57.664  -25.342 0.4000000060
125100  40.475  -57.510  -24.995 0.4000000060
135138  41.220  -56.406  -25.526 0.4000000060
17508  44.823  -50.475  -25.238 0.4000000060
121754  46.671  -48.868  -23.570 0.3000000119
126145  42.033  -59.246  -22.110 0.4000000060
11472  42.303  -58.940  -23.347 0.4000000060
15910  44.013  -52.608  -26.074 0.4000000060
20620  34.085  -46.900  -15.445 0.4000000060
12877  40.835  -56.179  -22.235 0.4000000060
143080  41.790  -57.830  -22.371 0.4000000060
11482  42.035  -58.929  -24.235 0.5000000000
11491  42.381  -58.283  -24.651 0.5000000000
15151  43.990  -53.313  -25.670 0.5000000000
14395  43.273  -54.671  -26.225 0.4000000060
12876  41.837  -56.942  -22.824 0.4000000060
11493  41.271  -58.234  -25.210 0.4000000060
13651  42.871  -55.408  -26.264 0.4000000060
12897  41.566  -57.011  -25.614 0.4000000060
13648  43.024  -56.053  -25.937 0.4000000060
19078  47.869  -47.771  -23.456 0.4000000060
17498  44.865  -51.327  -24.694 0.3000000119
12114  42.386  -58.061  -23.033 0.4000000060
12875  42.658  -57.200  -23.589 0.4000000060
17497  45.288  -51.163  -23.948 0.3000000119
13632  41.564  -55.732  -22.852 0.4000000060
12885  42.448  -56.278  -23.442 0.4000000060
12120  42.650  -57.827  -23.797 0.4000000060
12126  42.763  -57.648  -24.533 0.5000000000
14373  41.490  -54.697  -22.763 0.4000000060
14372  42.226  -54.320  -23.129 0.4000000060
12889  43.211  -56.876  -24.755 0.4000000060
12894  43.176  -56.512  -25.388 0.4000000060
14391  43.616  -54.807  -25.611 0.4000000060
20682  50.053  -46.445  -23.414 0.4000000060
13639  43.071  -55.752  -23.878 0.4000000060
10803  31.514  -59.702  -26.496 0.3000000119
12097  36.623  -57.819  -19.191 0.3000000119
11407  39.267  -58.016  -18.723 0.4000000060
12094  41.639  -57.918  -19.682 0.4000000060
12104  42.115  -59.011  -19.778 0.4000000060
12860  40.664  -56.921  -20.326 0.4000000060
12869  40.446  -56.556  -21.359 0.4000000060
131392  46.682  -49.430  -22.834 0.3000000119
13633  40.752  -55.127  -22.309 0.4000000060
19074  48.300  -48.119  -22.356 0.4000000060
17486  46.129  -50.354  -22.891 0.4000000060
16659  45.268  -51.717  -23.541 0.4000000060
15895  41.715  -52.957  -22.376 0.4000000060
14383  42.860  -54.854  -23.577 0.4000000060
14382  43.623  -54.837  -23.993 0.4000000060
14387  43.767  -55.093  -24.589 0.4000000060
15135  44.399  -53.538  -24.556 0.3000000119
15904  44.586  -52.773  -24.581 0.4000000060
135617  42.363  -53.465  -22.868 0.4000000060
15154  41.421  -53.899  -26.981 0.4000000060
19880  49.448  -46.939  -22.749 0.4000000060
7299  32.574  -64.408  -21.876 0.3000000119
8598  33.560  -62.646  -20.556 0.3000000119
8616  32.494  -62.740  -22.533 0.3000000119
10074  30.564  -60.688  -26.934 0.3000000119
10072  32.397  -59.915  -27.365 0.3000000119
10022  34.824  -60.850  -21.772 0.3000000119
11428  36.249  -58.324  -19.689 0.3000000119
10007  35.121  -60.274  -21.240 0.4000000060
10035  36.046  -61.132  -23.069 0.4000000060
11457  37.109  -59.008  -21.241 0.3000000119
10758  37.112  -59.647  -21.882 0.4000000060
10768  38.009  -60.269  -22.496 0.4000000060
11405  42.202  -58.773  -18.511 0.4000000060
10030  40.702  -60.311  -22.592 0.4000000060
10777  39.964  -60.276  -23.750 0.5000000000
136716  40.183  -60.431  -23.151 0.5000000000
12109  41.005  -57.575  -21.104 0.4000000060
12125  42.877  -57.212  -25.279 0.4000000060
126650  43.647  -55.304  -25.230 0.4000000060
136864  47.129  -45.666  -21.354 0.4000000060
21528  47.858  -45.149  -21.537 0.4000000060
22417  46.265  -44.330  -21.266 0.4000000060
23311  46.326  -43.515  -21.170 0.3000000119
22427  47.721  -44.163  -21.543 0.5000000000
21527  48.714  -45.686  -21.708 0.4000000060
21526  49.260  -45.243  -22.142 0.4000000060
19851  41.127  -47.675  -17.125 0.3000000119
122882  41.565  -47.164  -17.461 0.3000000119
24172  41.711  -42.253  -19.480 0.3000000119
25055  43.037  -42.057  -20.270 0.3000000119
132650  43.160  -40.697  -19.857 0.3000000119
25896  44.991  -40.268  -19.649 0.3000000119
21491  41.457  -45.359  -17.998 0.3000000119
22399  41.523  -44.572  -18.456 0.3000000119
24162  41.166  -42.746  -18.902 0.3000000119
19837  40.641  -47.370  -16.798 0.3000000119
21492  40.657  -46.105  -17.059 0.3000000119
25898  42.445  -40.415  -19.603 0.3000000119
27707  43.109  -38.945  -19.106 0.3000000119
22400  40.907  -44.099  -18.078 0.3000000119
25885  40.976  -40.869  -19.011 0.3000000119
139200  41.773  -41.238  -19.524 0.3000000119
24153  39.843  -42.343  -17.723 0.3000000119
132513  40.217  -42.966  -17.832 0.3000000119
26798  40.260  -39.719  -18.375 0.3000000119
25875  39.619  -40.991  -17.762 0.3000000119
126722  39.664  -40.096  -17.904 0.3000000119
22388  39.879  -44.221  -17.034 0.3000000119
26809  41.548  -39.476  -19.012 0.3000000119
28576  42.071  -37.307  -17.596 0.3000000119
29422  43.527  -36.121  -16.773 0.3000000119
25027  39.560  -41.715  -17.585 0.3000000119
26810  40.860  -39.957  -18.849 0.3000000119
29434  41.940  -36.715  -17.019 0.3000000119
26799  39.177  -39.655  -17.311 0.3000000119
28578  40.201  -37.661  -17.343 0.3000000119
27686  40.445  -38.197  -17.824 0.3000000119
29424  40.685  -36.235  -16.239 0.3000000119
31285  42.571  -34.514  -16.108 0.3000000119
29423  42.898  -36.089  -16.467 0.3000000119
30367  42.945  -34.949  -15.844 0.3000000119
32101  40.922  -33.239  -16.178 0.3000000119
32125  40.865  -33.348  -17.939 0.3000000119
33835  39.795  -31.919  -16.276 0.3000000119
32971  40.225  -32.560  -16.881 0.3000000119
125819  40.007  -32.123  -17.727 0.3000000119
23312  45.506  -43.891  -21.030 0.3000000119
21529  47.038  -44.698  -21.410 0.4000000060
25897  43.993  -40.507  -19.791 0.3000000119
28575  43.302  -37.203  -17.545 0.3000000119
138973  46.523  -46.062  -21.161 0.5000000000
130615  41.370  -46.234  -17.584 0.3000000119
24171  42.368  -42.669  -19.902 0.3000000119
24182  43.770  -42.629  -20.478 0.3000000119
24181  44.522  -42.270  -20.532 0.3000000119
24163  40.494  -42.308  -18.378 0.3000000119
22387  40.539  -44.577  -17.493 0.3000000119
26808  42.302  -39.172  -19.124 0.3000000119
25874  40.253  -40.647  -18.417 0.3000000119
28564  39.613  -37.551  -16.876 0.3000000119
28556  39.662  -36.715  -16.281 0.3000000119
27685  41.260  -37.917  -18.030 0.3000000119
125294  38.678  -40.113  -16.717 0.3000000119
140005  41.194  -36.787  -17.001 0.3000000119
15891  44.973  -52.255  -23.673 0.3000000119
16647  45.250  -51.964  -23.072 0.4000000060
17470  43.786  -50.672  -21.349 0.4000000060
138578  44.815  -50.818  -21.682 0.4000000060
18266  46.702  -49.817  -22.138 0.3000000119
18257  45.534  -49.128  -20.232 0.4000000060
18253  44.660  -49.066  -19.795 0.3000000119
17477  46.199  -50.470  -22.121 0.4000000060
18261  45.992  -49.729  -20.854 0.4000000060
19059  45.094  -48.533  -19.788 0.3000000119
18256  47.176  -48.981  -20.818 0.3000000119
138137  46.760  -49.451  -20.957 0.4000000060
19067  45.886  -48.545  -20.171 0.4000000060
19871  47.821  -47.686  -20.950 0.3000000119
20663  47.287  -46.728  -21.074 0.4000000060
21519  45.732  -45.998  -20.906 0.4000000060
19071  47.754  -48.607  -21.246 0.3000000119
19876  48.637  -47.595  -21.615 0.3000000119
19875  49.254  -47.038  -22.185 0.3000000119
19075  47.765  -48.713  -21.862 0.3000000119
19066  46.683  -48.474  -20.483 0.4000000060
131827  45.663  -50.832  -21.974 0.4000000060
12055  40.670  -58.128  -17.473 0.3000000119
15125  44.042  -53.882  -23.703 0.3000000119
12785  40.825  -56.297  -14.742 0.3000000119
12804  39.622  -56.699  -15.572 0.3000000119
12043  40.835  -57.716  -16.738 0.3000000119
131512  41.472  -58.673  -17.935 0.3000000119
16648  44.778  -52.053  -22.721 0.3000000119
15113  43.428  -53.182  -23.069 0.3000000119
12783  42.604  -56.326  -15.461 0.3000000119
12042  41.941  -58.024  -16.948 0.3000000119
12031  41.410  -57.325  -16.175 0.3000000119
12054  42.336  -58.310  -17.703 0.3000000119
12093  42.237  -58.646  -18.944 0.3000000119
16649  43.914  -51.901  -22.400 0.3000000119
13546  44.064  -55.450  -15.423 0.3000000119
12801  43.573  -56.363  -16.567 0.3000000119
13561  43.930  -55.935  -16.026 0.3000000119
12041  42.725  -57.630  -17.399 0.3000000119
137817  42.446  -57.442  -16.717 0.3000000119
12074  42.555  -58.081  -18.313 0.3000000119
13560  44.151  -55.667  -16.776 0.3000000119
12800  43.842  -56.109  -17.134 0.3000000119
12837  42.900  -57.330  -17.993 0.3000000119
12822  43.155  -56.903  -17.705 0.3000000119
12852  41.006  -56.796  -19.402 0.3000000119
13612  39.971  -55.895  -20.745 0.3000000119
14359  40.153  -54.623  -21.702 0.3000000119
13545  44.596  -55.088  -16.238 0.3000000119
12839  41.564  -56.657  -18.738 0.3000000119
141273  42.252  -56.471  -18.229 0.3000000119
13601  40.072  -55.858  -19.773 0.3000000119
16650  43.073  -52.190  -22.414 0.3000000119
14311  43.757  -54.998  -16.918 0.3000000119
13569  44.427  -54.944  -16.621 0.3000000119
13571  43.211  -55.533  -17.345 0.3000000119
12823  42.944  -56.609  -17.956 0.3000000119
13592  40.602  -55.906  -18.938 0.3000000119
13626  39.762  -55.040  -21.059 0.3000000119
15099  40.915  -53.277  -22.082 0.3000000119
16632  42.495  -51.625  -21.659 0.3000000119
17464  43.955  -50.011  -20.558 0.3000000119
15124  44.484  -53.403  -23.926 0.3000000119
13572  41.847  -55.332  -17.264 0.3000000119
13591  41.301  -55.941  -18.340 0.3000000119
14342  39.593  -54.747  -19.833 0.3000000119
15885  40.490  -52.879  -21.375 0.3000000119
121824  41.635  -58.370  -17.492 0.3000000119
12803  40.605  -56.732  -15.463 0.3000000119
12032  40.466  -57.134  -16.049 0.3000000119
8610  32.791  -62.879  -21.682 0.3000000119
8615  33.155  -62.270  -22.217 0.3000000119
9270  33.691  -61.850  -20.884 0.3000000119
9285  35.460  -61.440  -23.420 0.4000000060
10031  39.987  -60.516  -22.791 0.4000000060
10045  37.886  -62.001  -24.224 0.4000000060
10046  36.816  -61.883  -23.929 0.4000000060
10738  41.442  -59.741  -20.234 0.4000000060
10741  36.306  -59.348  -21.191 0.4000000060
10742  35.443  -59.664  -20.747 0.3000000119
10755  40.492  -60.229  -21.747 0.4000000060
10785  41.289  -59.446  -24.031 0.5000000000
10807  31.696  -59.885  -27.106 0.3000000119
10808  31.055  -60.121  -26.853 0.3000000119
11392  42.402  -58.456  -18.128 0.3000000119
11393  42.103  -58.753  -18.092 0.3000000119
11406  41.704  -59.024  -18.567 0.4000000060
11454  41.944  -59.361  -21.282 0.4000000060
11463  42.439  -58.423  -23.375 0.4000000060
11464  42.272  -58.835  -22.768 0.4000000060
11481  42.506  -58.366  -23.970 0.5000000000
11483  41.132  -58.942  -24.784 0.5000000000
11492  41.878  -58.412  -25.077 0.4000000060
12073  42.748  -57.847  -17.913 0.3000000119
12075  40.573  -58.475  -18.178 0.3000000119
12078  36.549  -57.519  -18.392 0.3000000119
12105  41.432  -58.036  -20.343 0.4000000060
12127  40.506  -58.310  -24.931 0.3000000119
12131  42.391  -57.843  -25.219 0.4000000060
12132  41.718  -57.760  -25.475 0.4000000060
12802  41.547  -56.694  -15.453 0.3000000119
12812  43.569  -56.235  -17.405 0.3000000119
12813  43.283  -56.820  -17.152 0.3000000119
12814  42.497  -56.895  -16.201 0.3000000119
12838  42.534  -57.163  -18.312 0.3000000119
12851  42.086  -57.648  -18.898 0.3000000119
12883  43.267  -56.388  -24.330 0.4000000060
12884  43.003  -56.617  -23.922 0.4000000060
12890  43.018  -57.134  -24.170 0.4000000060
12891  40.843  -56.942  -25.305 0.4000000060
12895  42.645  -56.647  -25.750 0.4000000060
12896  42.105  -56.649  -25.822 0.4000000060
13570  43.887  -55.642  -17.144 0.3000000119
13581  43.383  -56.095  -17.611 0.3000000119
13582  42.488  -55.945  -17.870 0.3000000119
13613  39.727  -55.241  -20.401 0.3000000119
13625  40.211  -55.561  -21.614 0.3000000119
13640  42.276  -55.257  -23.288 0.4000000060
13642  37.630  -54.849  -23.230 0.3000000119
13643  43.499  -56.013  -24.865 0.4000000060
13644  40.647  -56.015  -25.046 0.4000000060
13645  39.866  -55.522  -24.539 0.4000000060
13647  43.346  -55.891  -25.479 0.4000000060
13649  42.384  -55.970  -26.046 0.4000000060
13650  43.316  -55.400  -25.849 0.4000000060
14301  44.187  -54.450  -16.423 0.3000000119
14348  39.628  -54.633  -20.558 0.3000000119
14381  44.130  -54.233  -24.255 0.3000000119
14386  44.015  -54.440  -25.010 0.4000000060
14390  38.709  -54.302  -24.307 0.5000000000
14393  40.828  -54.708  -25.740 0.5000000000
14394  39.993  -54.231  -25.329 0.4000000060
14396  42.623  -54.712  -26.533 0.4000000060
14398  41.231  -54.348  -26.498 0.5000000000
14399  40.308  -53.852  -26.199 0.4000000060
14400  42.209  -54.039  -26.939 0.5000000000
15100  40.232  -53.725  -21.610 0.3000000119
15101  39.755  -54.225  -21.064 0.3000000119
15112  44.305  -53.169  -23.446 0.3000000119
15114  41.527  -53.756  -22.612 0.4000000060
15115  40.759  -54.144  -22.263 0.4000000060
15126  43.096  -54.097  -23.418 0.3000000119
15137  37.905  -53.740  -24.386 0.5000000000
15138  36.253  -53.446  -24.557 0.5000000000
15143  44.136  -53.732  -25.194 0.4000000060
15144  43.744  -54.123  -25.653 0.4000000060
15145  38.438  -53.430  -25.661 0.5000000000
15147  36.059  -53.262  -25.699 0.5000000000
15152  43.491  -53.780  -26.236 0.5000000000
15155  40.755  -53.728  -26.836 0.4000000060
15156  39.490  -53.214  -26.559 0.6000000238
15157  38.498  -53.099  -26.336 0.6000000238
15158  37.474  -53.103  -26.151 0.6000000238
15159  36.509  -53.026  -26.162 0.5000000000
15161  42.510  -53.361  -27.174 0.5000000000
15163  40.692  -53.208  -27.216 0.5000000000
15883  42.083  -52.278  -22.054 0.3000000119
15884  41.263  -52.522  -21.732 0.3000000119
15892  44.717  -52.593  -23.447 0.4000000060
15893  44.146  -52.588  -22.888 0.3000000119
15894  42.485  -52.769  -22.570 0.4000000060
15899  44.890  -52.267  -24.078 0.4000000060
15900  44.731  -52.826  -24.043 0.3000000119
15907  44.351  -53.203  -25.056 0.4000000060
15913  37.852  -52.649  -26.549 0.5000000000
15914  36.984  -52.631  -26.394 0.5000000000
15915  42.869  -52.629  -27.272 0.5000000000
15916  42.023  -52.629  -27.464 0.4000000060
15919  39.462  -52.229  -27.030 0.6000000238
16617  38.063  -51.284  -21.144 0.4000000060
16629  45.200  -51.447  -22.397 0.4000000060
16630  44.330  -51.390  -22.061 0.3000000119
16631  43.368  -51.428  -21.865 0.3000000119
16634  38.031  -51.396  -21.984 0.4000000060
16667  45.012  -51.758  -24.144 0.4000000060
16668  44.721  -52.120  -24.638 0.5000000000
16672  44.584  -51.875  -25.184 0.4000000060
16673  36.277  -51.015  -26.007 0.5000000000
16676  44.309  -51.912  -25.865 0.4000000060
16677  43.849  -51.895  -26.577 0.4000000060
16678  38.190  -51.060  -26.597 0.4000000060
16680  36.606  -51.960  -26.389 0.5000000000
16681  35.951  -52.271  -26.159 0.5000000000
16683  42.303  -51.795  -27.397 0.4000000060
16684  40.662  -51.560  -27.282 0.6000000238
16686  38.879  -51.697  -26.849 0.5000000000
17463  44.891  -49.687  -20.508 0.4000000060
17469  45.334  -50.266  -21.264 0.4000000060
17473  38.755  -50.875  -21.623 0.5000000000
17478  45.666  -51.182  -22.758 0.3000000119
17479  39.949  -50.220  -22.531 0.5000000000
17487  45.626  -51.036  -23.353 0.4000000060
17488  40.232  -50.181  -23.187 0.6000000238
17499  40.112  -50.232  -23.761 0.5000000000
17500  39.492  -50.256  -24.338 0.4000000060
17507  45.260  -50.484  -24.462 0.3000000119
17509  36.782  -49.966  -26.021 0.4000000060
17513  43.726  -50.311  -26.576 0.4000000060
17514  42.866  -50.180  -26.880 0.4000000060
17515  39.814  -49.777  -26.693 0.4000000060
17517  37.479  -50.338  -26.342 0.4000000060
17519  43.466  -51.060  -26.903 0.4000000060
17522  40.260  -50.549  -27.050 0.5000000000
17523  39.537  -50.375  -26.843 0.4000000060
18259  38.990  -49.423  -20.725 0.5000000000
18260  46.519  -49.844  -21.488 0.4000000060
18262  40.151  -49.482  -21.881 0.5000000000
18263  39.452  -49.476  -21.232 0.4000000060
18265  47.191  -49.265  -21.446 0.3000000119
18268  46.171  -49.651  -23.588 0.3000000119
18269  45.692  -50.432  -23.733 0.3000000119
18273  45.662  -49.686  -24.312 0.5000000000
18275  37.817  -49.653  -25.439 0.4000000060
18277  36.160  -49.505  -25.019 0.4000000060
18278  45.172  -49.690  -25.031 0.5000000000
18281  39.100  -49.441  -25.924 0.4000000060
18282  38.287  -49.485  -25.917 0.4000000060
18284  36.681  -49.639  -25.545 0.4000000060
18285  43.962  -49.552  -26.276 0.4000000060
18287  41.888  -49.893  -26.949 0.5000000000
18290  39.439  -49.521  -26.264 0.4000000060
18292  40.620  -49.791  -26.844 0.4000000060
19063  37.736  -48.405  -19.225 0.5000000000
19064  48.174  -48.114  -21.191 0.3000000119
19065  47.513  -48.330  -20.820 0.3000000119
19070  48.321  -48.161  -21.659 0.3000000119
19076  41.535  -48.509  -22.800 0.6000000238
19077  40.908  -49.007  -22.352 0.6000000238
19079  47.385  -48.645  -22.810 0.4000000060
19080  41.698  -48.578  -23.786 0.6000000238
19081  41.180  -49.234  -23.242 0.5000000000
19082  47.155  -47.702  -24.333 0.5000000000
19083  46.589  -48.270  -24.310 0.5000000000
19087  44.126  -48.760  -25.944 0.4000000060
19090  41.511  -48.354  -25.759 0.4000000060
19091  40.971  -48.728  -25.571 0.4000000060
19093  42.396  -48.680  -26.370 0.5000000000
19094  41.566  -48.587  -26.241 0.4000000060
19095  40.891  -48.761  -26.104 0.4000000060
19826  34.297  -47.669  -15.423 0.4000000060
19827  33.455  -47.427  -15.392 0.5000000000
19828  32.813  -47.523  -15.484 0.5000000000
19850  41.728  -47.940  -17.496 0.3000000119
19852  36.385  -47.221  -17.418 0.4000000060
19863  36.880  -47.364  -18.194 0.4000000060
19870  48.276  -47.748  -21.236 0.3000000119
19872  45.427  -47.895  -19.896 0.3000000119
19873  39.127  -47.189  -20.796 0.5000000000
19878  40.434  -47.672  -21.509 0.6000000238
19879  39.659  -48.038  -21.097 0.5000000000
19881  48.852  -47.548  -22.171 0.3000000119
19882  42.374  -47.268  -22.726 0.6000000238
19885  49.499  -46.727  -23.489 0.4000000060
19886  48.849  -47.379  -22.890 0.4000000060
19892  42.684  -47.562  -24.655 0.5000000000
19893  42.192  -48.015  -24.239 0.6000000238
19895  46.289  -47.242  -25.274 0.4000000060
19896  45.491  -47.425  -25.377 0.6000000238
19897  44.284  -47.939  -25.646 0.6000000238
19899  42.705  -47.743  -25.425 0.5000000000
20631  35.362  -46.610  -16.226 0.4000000060
20632  34.567  -46.385  -15.687 0.4000000060
20639  40.972  -46.879  -17.097 0.3000000119
20658  37.271  -46.282  -19.242 0.5000000000
20664  46.406  -46.695  -20.799 0.5000000000
20665  45.746  -47.103  -20.418 0.4000000060
20667  38.990  -46.194  -20.972 0.5000000000
20669  38.067  -47.128  -19.878 0.5000000000
20670  49.437  -46.243  -22.107 0.3000000119
20671  48.837  -46.723  -21.679 0.3000000119
20672  48.214  -47.160  -21.286 0.3000000119
20676  50.342  -46.090  -23.348 0.4000000060
20677  49.783  -46.508  -22.752 0.4000000060
20680  41.863  -46.868  -22.026 0.6999999881
20681  50.678  -46.050  -24.035 0.6999999881
20684  43.612  -46.435  -23.410 0.6999999881
20686  50.729  -45.727  -24.773 0.6999999881
20687  49.236  -46.399  -24.376 0.6999999881
20688  48.173  -46.605  -24.780 0.5000000000
20689  45.451  -46.277  -25.127 0.6000000238
20690  44.710  -46.511  -24.742 0.5000000000
20694  48.874  -45.984  -25.222 0.6999999881
20696  46.738  -46.454  -25.352 0.6999999881
20698  45.038  -46.895  -25.335 0.4000000060
20699  44.169  -47.152  -25.164 0.4000000060
21486  34.931  -45.762  -16.066 0.5000000000
21494  35.980  -45.646  -17.457 0.4000000060
21501  36.564  -45.229  -18.713 0.4000000060
21511  37.786  -46.268  -19.991 0.5000000000
21512  36.990  -45.497  -19.267 0.4000000060
21518  46.320  -45.278  -21.278 0.5000000000
21523  37.230  -45.053  -19.869 0.5000000000
21531  39.830  -46.058  -21.262 0.6000000238
21532  38.603  -45.436  -21.102 0.5000000000
21533  38.009  -44.962  -21.027 0.5000000000
21535  49.959  -45.805  -22.633 0.4000000060
21536  42.787  -45.509  -22.262 0.6999999881
21537  41.867  -45.885  -21.724 0.6999999881
21538  50.822  -45.654  -23.936 0.6000000238
21539  45.593  -44.972  -24.274 0.6000000238
21540  44.952  -45.353  -23.818 0.6000000238
21541  43.730  -45.574  -22.881 0.6000000238
21542  51.354  -45.040  -25.259 0.6000000238
21543  51.041  -45.474  -24.681 0.6000000238
21545  51.168  -45.262  -25.406 0.6000000238
21546  50.634  -45.421  -25.604 0.6999999881
21548  48.616  -45.481  -25.831 0.6999999881
21549  47.177  -45.704  -25.548 0.6999999881
21551  51.158  -44.865  -26.130 0.6000000238
21552  50.355  -45.042  -26.255 0.6999999881
22364  33.699  -45.030  -15.595 0.5000000000
22389  35.364  -44.327  -17.162 0.5000000000
22390  34.974  -43.747  -16.865 0.5000000000
22402  35.876  -44.355  -17.882 0.5000000000
22411  36.579  -44.010  -19.487 0.5000000000
22421  37.452  -44.645  -20.542 0.5000000000
22422  36.980  -44.366  -20.026 0.6000000238
22426  48.469  -44.681  -21.802 0.5000000000
22428  46.979  -43.755  -21.337 0.4000000060
22429  40.398  -44.903  -21.548 0.6000000238
22430  39.518  -44.686  -21.576 0.5000000000
22431  38.664  -44.803  -21.423 0.5000000000
22437  40.676  -44.144  -21.795 0.6000000238
22440  49.978  -44.075  -23.356 0.6000000238
22441  44.981  -44.596  -23.607 0.6999999881
22442  43.747  -43.967  -22.731 0.6999999881
22444  46.596  -43.622  -25.097 0.6000000238
22447  47.538  -44.906  -25.772 0.6999999881
22449  46.255  -45.102  -25.030 0.5000000000
22450  51.493  -44.261  -26.154 0.6000000238
22452  50.101  -44.499  -26.507 0.6999999881
22453  49.083  -44.390  -26.432 0.6999999881
23271  34.312  -43.566  -16.355 0.5000000000
23272  33.339  -43.483  -15.934 0.5000000000
23282  40.326  -43.720  -17.645 0.3000000119
23293  41.346  -43.655  -18.705 0.3000000119
23294  40.725  -43.260  -18.265 0.3000000119
23295  36.264  -43.531  -18.880 0.5000000000
23296  35.832  -43.119  -18.226 0.5000000000
23305  41.813  -43.179  -19.363 0.3000000119
23306  36.538  -43.242  -19.682 0.5000000000
23315  43.028  -43.004  -20.315 0.3000000119
23322  47.529  -43.249  -21.486 0.6000000238
23325  37.916  -43.701  -21.702 0.5000000000
23326  37.368  -43.470  -21.288 0.5000000000
23328  48.649  -43.338  -22.408 0.5000000000
23329  42.965  -43.789  -22.474 0.6000000238
23330  42.083  -43.508  -22.380 0.6000000238
23334  38.214  -43.094  -22.252 0.6999999881
23336  50.830  -44.176  -24.181 0.6000000238
23343  51.530  -44.349  -25.595 0.6000000238
23344  51.474  -44.132  -24.976 0.6000000238
23348  51.725  -43.502  -26.130 0.6000000238
23349  47.380  -43.924  -25.641 0.6000000238
23351  46.240  -42.744  -25.259 0.6999999881
23352  51.538  -43.637  -26.408 0.6999999881
23355  48.728  -43.600  -26.536 0.6000000238
24143  33.959  -42.674  -16.378 0.5000000000
24179  46.367  -42.081  -20.686 0.3000000119
24184  36.784  -42.192  -20.904 0.6000000238
24192  47.679  -42.182  -22.140 0.5000000000
24193  42.084  -42.834  -22.806 0.6000000238
24195  40.713  -42.610  -22.835 0.6000000238
24196  39.652  -42.602  -22.821 0.6999999881
24198  49.443  -42.584  -23.835 0.6000000238
24199  48.723  -42.609  -23.063 0.5000000000
24200  44.194  -42.525  -23.857 0.6000000238
24201  43.476  -42.533  -23.486 0.6000000238
24202  42.593  -42.488  -23.214 0.6000000238
24203  40.833  -41.933  -23.320 0.6999999881
24206  38.371  -41.867  -22.908 0.6999999881
24207  51.554  -42.685  -25.565 0.6000000238
24208  50.528  -42.556  -24.604 0.6000000238
24209  45.434  -42.431  -24.860 0.6999999881
24213  51.893  -42.927  -26.215 0.6999999881
24215  46.594  -42.210  -25.868 0.6999999881
24218  51.385  -43.017  -26.606 0.6999999881
24219  50.425  -42.594  -26.697 0.6999999881
24222  47.416  -42.496  -26.256 0.6000000238
25016  39.159  -41.390  -17.170 0.3000000119
25026  40.012  -41.576  -18.126 0.3000000119
25028  35.423  -41.445  -17.691 0.5000000000
25029  34.726  -41.228  -17.009 0.4000000060
25035  41.063  -41.806  -19.052 0.3000000119
25036  40.551  -41.422  -18.617 0.3000000119
25037  36.375  -41.696  -19.292 0.5000000000
25038  35.975  -41.617  -18.483 0.5000000000
25043  45.436  -40.783  -19.919 0.4000000060
25044  44.505  -41.040  -20.020 0.3000000119
25045  43.513  -41.233  -20.114 0.3000000119
25046  42.667  -41.256  -19.925 0.3000000119
25054  44.018  -41.805  -20.377 0.3000000119
25059  47.135  -41.588  -21.616 0.6000000238
25065  47.497  -41.549  -22.589 0.5000000000
25066  37.712  -41.710  -22.493 0.6000000238
25068  47.702  -41.092  -23.360 0.6000000238
25071  40.507  -41.289  -23.532 0.6999999881
25072  39.568  -41.243  -23.428 0.6999999881
25074  51.315  -41.867  -25.443 0.6000000238
25076  49.624  -40.777  -24.460 0.6000000238
25077  44.653  -41.294  -25.070 0.6000000238
25078  43.840  -41.300  -24.618 0.6000000238
25080  41.965  -41.094  -23.900 0.6000000238
25081  51.991  -42.583  -26.169 0.6999999881
25082  51.912  -42.231  -26.107 0.6000000238
25084  46.263  -41.578  -25.731 0.6999999881
25088  48.507  -41.349  -26.426 0.6000000238
25089  47.552  -41.429  -26.218 0.6999999881
25862  39.141  -40.537  -17.279 0.3000000119
25884  41.560  -40.277  -19.279 0.3000000119
25886  36.340  -40.219  -18.867 0.5000000000
25894  46.045  -40.111  -20.082 0.4000000060
25904  46.378  -40.725  -20.563 0.4000000060
25905  46.090  -40.726  -20.126 0.4000000060
25906  36.783  -40.347  -20.697 0.5000000000
25918  37.687  -40.800  -22.677 0.6000000238
25919  37.322  -40.231  -22.300 0.6000000238
25923  38.193  -40.617  -23.111 0.6000000238
25924  52.233  -40.350  -26.107 0.6999999881
25925  50.832  -40.327  -25.160 0.6999999881
25927  43.336  -40.517  -24.500 0.6000000238
25928  42.416  -40.600  -24.121 0.6999999881
25929  41.226  -40.660  -23.716 0.6999999881
25932  45.464  -40.490  -25.445 0.6000000238
25937  46.986  -41.099  -25.877 0.6999999881
26818  45.233  -39.483  -19.529 0.4000000060
26820  42.797  -39.593  -19.387 0.3000000119
26838  45.570  -39.571  -21.659 0.6000000238
26844  46.432  -40.208  -22.720 0.6000000238
26847  37.064  -39.659  -21.835 0.6000000238
26848  48.226  -39.721  -24.212 0.6000000238
26853  39.351  -39.702  -23.433 0.6999999881
26858  48.825  -39.079  -24.561 0.6000000238
26860  43.449  -39.617  -24.472 0.6000000238
26863  52.507  -39.722  -26.522 0.6999999881
26867  45.541  -39.741  -25.401 0.5000000000
26868  44.759  -40.016  -25.101 0.6000000238
26869  52.553  -39.148  -27.030 0.6000000238
27687  39.693  -38.290  -17.380 0.3000000119
27695  44.609  -38.076  -18.684 0.4000000060
27696  44.071  -38.361  -18.651 0.4000000060
27697  42.839  -38.492  -18.723 0.3000000119
27698  40.976  -38.868  -18.466 0.3000000119
27706  45.211  -38.912  -19.424 0.4000000060
27714  45.400  -38.909  -19.962 0.4000000060
27724  44.182  -38.072  -21.183 0.4000000060
27725  36.784  -38.262  -21.415 0.6000000238
27732  37.317  -38.112  -22.451 0.6000000238
27735  45.642  -38.717  -23.357 0.5000000000
27737  41.140  -38.348  -23.612 0.6999999881
27738  39.307  -38.300  -23.348 0.6999999881
27739  38.446  -38.239  -23.148 0.6999999881
27740  37.746  -38.188  -22.846 0.5000000000
27741  50.813  -38.558  -25.374 0.6999999881
27744  47.452  -38.108  -24.374 0.6000000238
27746  43.525  -38.809  -24.498 0.6999999881
27747  42.808  -38.384  -24.231 0.6999999881
27748  41.964  -38.361  -23.831 0.6999999881
27749  52.412  -38.554  -26.839 0.5000000000
27750  52.065  -38.510  -26.026 0.6999999881
27751  46.359  -38.822  -25.664 0.6000000238
27755  51.643  -38.481  -27.264 0.5000000000
27758  47.109  -38.499  -26.047 0.6000000238
28563  40.497  -36.914  -16.874 0.3000000119
28573  44.448  -37.020  -17.931 0.4000000060
28574  44.183  -37.030  -17.675 0.4000000060
28577  41.011  -37.353  -17.451 0.3000000119
28586  44.487  -37.670  -18.626 0.4000000060
28588  42.211  -37.995  -18.294 0.3000000119
28598  44.790  -38.080  -19.337 0.4000000060
28608  44.478  -37.906  -20.066 0.4000000060
28625  43.365  -37.147  -22.305 0.5000000000
28627  37.092  -37.368  -22.297 0.4000000060
28628  46.096  -37.922  -23.868 0.5000000000
28630  44.407  -37.823  -23.001 0.5000000000
28631  41.542  -37.579  -23.833 0.6999999881
28636  48.777  -37.823  -24.881 0.6000000238
28643  50.997  -38.138  -25.665 0.6000000238
28645  46.351  -38.018  -25.796 0.6000000238
28646  45.499  -37.478  -25.593 0.6000000238
28648  44.062  -36.652  -25.280 0.6999999881
28649  51.857  -37.904  -27.105 0.6000000238
28650  50.781  -37.863  -27.378 0.5000000000
28652  48.273  -37.531  -26.763 0.6000000238
28654  51.430  -37.396  -27.316 0.6000000238
29432  44.045  -36.576  -17.504 0.4000000060
29433  43.008  -36.662  -16.992 0.3000000119
29446  43.592  -36.277  -18.536 0.4000000060
29454  43.469  -36.815  -19.701 0.4000000060
29474  42.939  -36.737  -21.860 0.5000000000
29483  43.237  -36.434  -22.611 0.5000000000
29485  37.238  -36.578  -22.606 0.4000000060
29486  36.843  -36.649  -21.957 0.4000000060
29489  44.587  -36.334  -23.603 0.4000000060
29490  43.772  -35.987  -23.257 0.5000000000
29492  40.236  -36.799  -23.690 0.8000000119
29493  39.374  -36.772  -23.489 0.6000000238
29494  38.491  -36.700  -23.324 0.5000000000
29495  37.698  -36.490  -23.091 0.5000000000
29496  48.586  -37.035  -25.150 0.6000000238
29498  46.897  -36.793  -24.503 0.5000000000
29502  41.476  -35.919  -24.565 0.8000000119
29508  44.879  -36.627  -25.593 0.6000000238
29510  43.583  -35.903  -25.464 0.6000000238
29511  42.864  -35.743  -25.280 0.6999999881
29512  50.459  -36.283  -27.644 0.6000000238
29515  47.355  -36.176  -26.929 0.6000000238
29520  49.978  -35.898  -28.231 0.6000000238
29521  49.211  -36.173  -27.764 0.6000000238
30375  43.269  -35.587  -16.504 0.3000000119
30376  41.608  -35.554  -15.743 0.3000000119
30386  43.543  -35.624  -16.995 0.4000000060
30398  42.374  -35.198  -18.597 0.4000000060
30417  42.219  -35.492  -20.060 0.4000000060
30432  42.505  -35.402  -21.989 0.5000000000
30433  37.346  -35.904  -22.908 0.4000000060
30437  44.506  -35.321  -23.654 0.6000000238
30442  37.308  -35.177  -22.894 0.4000000060
30443  47.082  -35.090  -25.098 0.4000000060
30445  45.758  -35.250  -24.394 0.4000000060
30446  42.159  -35.406  -25.131 0.6999999881
30449  39.285  -35.184  -24.006 0.6000000238
30450  38.586  -34.637  -23.845 0.5000000000
30451  49.952  -36.198  -26.410 0.4000000060
30457  42.114  -34.596  -25.516 0.6999999881
30463  44.454  -35.049  -26.351 0.6999999881
30464  43.648  -34.664  -26.238 0.6999999881
30465  50.325  -35.458  -28.115 0.6000000238
30466  49.368  -35.370  -28.213 0.6000000238
30467  48.373  -35.424  -27.780 0.6000000238
30468  46.865  -34.856  -27.497 0.6999999881
30471  49.473  -34.755  -28.435 0.6000000238
31284  43.115  -35.037  -16.449 0.3000000119
31353  38.026  -34.286  -23.601 0.4000000060
31354  37.634  -34.687  -23.278 0.4000000060
31358  38.621  -33.974  -23.884 0.4000000060
31360  47.745  -34.428  -25.577 0.5000000000
31361  42.836  -34.413  -25.992 0.6000000238
31362  41.467  -34.103  -25.404 0.6000000238
31363  50.121  -34.670  -27.518 0.6000000238
31367  50.396  -34.952  -28.043 0.6000000238
31369  48.425  -34.683  -28.265 0.6000000238
31371  45.684  -34.042  -27.615 0.6999999881
31372  44.979  -33.839  -27.236 0.6999999881
31373  50.206  -34.871  -28.302 0.5000000000
31374  50.046  -34.786  -28.445 0.6000000238
31375  48.156  -33.953  -28.645 0.6999999881
31376  47.422  -33.710  -28.425 0.6999999881
32111  41.556  -33.930  -17.101 0.4000000060
32124  41.350  -33.971  -18.186 0.3000000119
32134  40.855  -33.260  -18.952 0.4000000060
32180  45.683  -33.731  -24.207 0.5000000000
32182  40.999  -33.700  -25.078 0.5000000000
32186  43.282  -33.340  -26.265 0.6000000238
32189  49.210  -33.396  -26.667 0.5000000000
32190  44.203  -33.510  -26.673 0.6999999881
32191  49.830  -33.201  -28.246 0.6000000238
32192  46.563  -33.767  -28.027 0.6999999881
32194  45.204  -33.247  -27.063 0.6999999881
33028  45.741  -32.447  -23.712 0.5000000000
33037  47.793  -31.809  -24.879 0.4000000060
33041  42.646  -32.462  -24.919 0.5000000000
33042  41.818  -32.696  -24.685 0.5000000000
33043  40.140  -33.219  -24.137 0.5000000000
33046  44.585  -32.374  -26.041 0.4000000060
33047  43.040  -32.792  -25.805 0.5000000000
33049  49.802  -32.870  -27.526 0.6000000238
33054  43.847  -32.893  -26.258 0.5000000000
33055  50.122  -31.502  -28.557 0.6000000238
33058  46.888  -32.820  -27.993 0.6999999881
33059  49.907  -32.125  -28.508 0.6000000238
33060  48.911  -32.700  -28.629 0.6000000238
33061  47.753  -32.778  -28.444 0.6999999881
33828  39.643  -31.111  -15.671 0.3000000119
33845  39.792  -31.644  -17.258 0.3000000119
33919  44.451  -31.064  -24.691 0.4000000060
33921  42.304  -32.093  -24.106 0.4000000060
33928  45.742  -31.232  -25.825 0.4000000060
33936  50.297  -30.914  -28.391 0.6000000238
33939  48.350  -31.442  -28.021 0.5000000000
33940  50.061  -30.979  -28.685 0.6000000238
33941  49.934  -31.208  -28.729 0.6000000238
34721  47.329  -30.760  -26.700 0.5000000000
34723  49.959  -30.002  -28.486 0.5000000000
35495  50.474  -29.527  -27.801 0.5000000000
118102  43.837  -32.418  -25.719 0.4000000060
118412  45.948  -42.955  -20.965 0.3000000119
119035  39.339  -53.567  -25.874 0.5000000000
119107  49.631  -32.933  -28.503 0.6000000238
119354  37.022  -53.429  -24.926 0.6000000238
119686  47.438  -31.640  -27.506 0.5000000000
119702  41.254  -33.979  -19.052 0.4000000060
119821  37.573  -62.000  -23.950 0.4000000060
119882  46.087  -32.991  -27.576 0.6999999881
120157  41.602  -33.548  -25.415 0.5000000000
120330  32.898  -46.949  -15.458 0.5000000000
120347  46.058  -40.205  -25.599 0.6000000238
120430  45.098  -32.647  -26.571 0.5000000000
120529  41.692  -36.209  -16.401 0.3000000119
120586  47.123  -48.258  -23.704 0.5000000000
120631  37.268  -41.069  -22.031 0.6000000238
121651  45.161  -33.905  -23.873 0.5000000000
122131  38.240  -49.967  -26.466 0.4000000060
122796  36.756  -44.769  -19.356 0.6000000238
123065  40.309  -49.785  -24.421 0.5000000000
123341  46.814  -47.592  -20.624 0.4000000060
123342  37.634  -46.864  -19.486 0.5000000000
123361  44.853  -48.827  -25.522 0.5000000000
123557  44.444  -39.702  -19.460 0.4000000060
123606  46.404  -49.130  -20.525 0.4000000060
124027  41.902  -38.794  -18.779 0.3000000119
124050  40.591  -48.085  -16.773 0.3000000119
124098  38.900  -48.053  -20.506 0.5000000000
124337  49.557  -34.267  -28.488 0.6000000238
124355  39.869  -39.099  -17.854 0.3000000119
124370  41.914  -36.831  -24.270 0.6999999881
124439  42.211  -57.225  -25.624 0.4000000060
124680  38.054  -39.019  -23.044 0.6000000238
124733  46.405  -34.252  -27.740 0.6999999881
125288  50.763  -36.844  -27.534 0.6000000238
125458  49.865  -44.846  -22.735 0.6000000238
125844  42.024  -59.379  -22.590 0.4000000060
125936  44.003  -40.031  -24.724 0.6000000238
125977  46.591  -47.651  -24.858 0.5000000000
126006  51.130  -37.091  -27.340 0.5000000000
126097  36.666  -40.872  -20.262 0.5000000000
126374  46.831  -45.266  -25.438 0.6999999881
126941  42.097  -45.013  -21.769 0.6999999881
127059  40.079  -35.435  -24.231 0.6000000238
127443  36.950  -38.014  -22.054 0.6000000238
127648  43.586  -48.173  -25.888 0.5000000000
127739  39.834  -47.272  -21.205 0.5000000000
127784  46.960  -35.984  -24.759 0.4000000060
127803  40.395  -32.720  -17.763 0.3000000119
127825  41.734  -59.476  -23.332 0.5000000000
128043  36.621  -40.225  -19.810 0.4000000060
128140  43.682  -53.134  -26.282 0.4000000060
128237  43.409  -40.024  -19.607 0.3000000119
128336  42.595  -36.938  -24.492 0.6000000238
128409  44.126  -51.137  -26.342 0.4000000060
128517  49.397  -43.056  -26.786 0.6999999881
128571  35.380  -42.835  -17.585 0.5000000000
128789  34.508  -45.004  -15.978 0.4000000060
128900  48.033  -46.170  -21.414 0.4000000060
128956  50.003  -30.610  -28.652 0.5000000000
129014  44.537  -51.209  -25.555 0.4000000060
129157  45.144  -35.079  -24.085 0.5000000000
129158  50.384  -43.280  -26.766 0.6999999881
129719  48.837  -42.010  -23.656 0.6000000238
129777  50.850  -44.574  -26.491 0.6999999881
130343  44.446  -45.132  -23.261 0.6999999881
130888  48.340  -42.786  -26.591 0.6000000238
131377  43.503  -38.069  -24.571 0.6999999881
131390  40.475  -49.250  -25.211 0.5000000000
131418  40.227  -38.451  -23.504 0.6999999881
131424  50.412  -39.096  -25.119 0.6000000238
131896  44.401  -52.572  -25.292 0.5000000000
132183  43.745  -36.519  -17.233 0.3000000119
132258  41.152  -60.203  -21.750 0.4000000060
132294  40.877  -45.391  -17.474 0.3000000119
132337  46.221  -40.905  -25.680 0.6000000238
132579  35.753  -44.902  -17.483 0.4000000060
133006  38.687  -39.157  -16.643 0.3000000119
133007  51.701  -43.487  -25.698 0.6000000238
133009  42.292  -41.890  -19.864 0.3000000119
133366  41.807  -49.074  -26.601 0.5000000000
133426  45.251  -35.148  -26.585 0.6999999881
133638  47.889  -45.454  -25.787 0.6999999881
133688  39.310  -34.277  -24.221 0.5000000000
133829  33.077  -62.990  -20.979 0.3000000119
133837  40.730  -33.374  -24.692 0.5000000000
133937  42.394  -49.448  -26.696 0.5000000000
134654  51.926  -41.101  -26.468 0.6999999881
134916  38.079  -42.374  -22.571 0.6000000238
135475  46.518  -36.356  -26.455 0.6000000238
135476  46.942  -41.856  -20.899 0.4000000060
135924  46.125  -47.940  -20.254 0.4000000060
136148  47.190  -49.213  -22.171 0.4000000060
136179  36.334  -52.708  -26.275 0.5000000000
136204  37.623  -42.520  -22.121 0.6000000238
136565  33.944  -46.256  -15.464 0.5000000000
136812  45.694  -41.123  -20.110 0.4000000060
136876  50.222  -35.292  -28.305 0.6000000238
136927  44.399  -44.255  -23.112 0.6999999881
137247  38.142  -36.009  -23.440 0.5000000000
137572  41.070  -44.791  -17.877 0.3000000119
137611  50.015  -31.494  -28.692 0.6000000238
137621  46.590  -41.361  -25.813 0.6999999881
137846  41.732  -56.199  -25.829 0.4000000060
138273  37.361  -39.513  -22.375 0.6000000238
138381  43.448  -55.636  -24.339 0.4000000060
138462  40.809  -39.006  -23.570 0.6999999881
139109  41.036  -57.194  -21.984 0.4000000060
139382  38.563  -51.157  -22.459 0.4000000060
139486  38.143  -44.335  -21.484 0.6000000238
139501  46.004  -50.261  -21.538 0.4000000060
139579  36.509  -59.933  -21.953 0.4000000060
140211  41.478  -51.848  -27.402 0.6000000238
140231  45.216  -32.397  -23.321 0.5000000000
140321  42.065  -39.781  -19.339 0.3000000119
140606  42.047  -59.376  -19.734 0.4000000060
141004  41.870  -40.604  -23.882 0.6999999881
141224  39.253  -38.893  -17.250 0.3000000119
141417  39.094  -50.653  -23.841 0.4000000060
142149  42.368  -55.228  -26.335 0.4000000060
142159  49.282  -31.899  -26.350 0.5000000000
142171  48.008  -37.890  -24.582 0.6000000238
142503  44.531  -50.278  -21.070 0.4000000060
143143  36.111  -61.568  -23.648 0.4000000060
