#!ascii label  , from subject sub-v1s12x0050116_ses-1 vox2ras=TkReg
981
98015  -51.509  27.283  11.829 0.0000000000
105774  -38.610  37.524  7.245 0.0000000000
98755  -39.184  27.334  16.424 0.0000000000
102177  -46.572  33.038  12.002 0.0000000000
105218  -43.957  36.214  3.553 0.0000000000
104501  -44.676  35.238  9.668 0.0000000000
102954  -45.234  33.222  7.639 0.0000000000
137837  -42.189  30.892  10.925 0.0000000000
92350  -45.575  19.695  18.880 0.0000000000
95358  -49.298  23.584  17.853 0.0000000000
108086  -31.460  41.400  6.642 0.0000000000
145414  -39.567  41.708  3.142 0.0000000000
106434  -45.850  37.946  -0.118 0.0000000000
98772  -45.940  27.214  15.969 0.0000000000
126697  -38.251  32.635  11.806 0.0000000000
101390  -43.968  31.500  14.641 0.0000000000
100769  -50.641  31.514  14.237 0.0000000000
98801  -45.159  27.862  12.430 0.0000000000
97197  -39.719  25.935  11.199 0.0000000000
128500  -51.357  28.854  9.057 0.0000000000
103037  -46.362  33.951  2.857 0.0000000000
103827  -47.404  34.751  5.262 0.0000000000
128560  -44.434  33.335  4.800 0.0000000000
102225  -42.559  32.372  6.452 0.0000000000
93151  -48.701  21.664  19.622 0.0000000000
94572  -49.033  22.506  21.252 0.0000000000
108069  -27.528  41.564  8.855 0.0000000000
133178  -43.171  40.102  1.451 0.0000000000
95362  -44.077  24.118  16.755 0.0000000000
139096  -42.393  27.191  16.646 0.0000000000
105757  -34.472  37.050  8.275 0.0000000000
138534  -38.111  35.592  9.762 0.0000000000
103769  -47.019  35.138  11.726 0.0000000000
102918  -43.760  33.605  12.008 0.0000000000
102152  -46.772  33.579  13.882 0.0000000000
101378  -48.173  32.437  15.288 0.0000000000
131786  -47.667  32.385  13.662 0.0000000000
99489  -47.024  29.298  13.327 0.0000000000
100765  -45.802  30.763  13.120 0.0000000000
99527  -41.292  28.579  11.818 0.0000000000
105796  -41.397  37.226  5.321 0.0000000000
105174  -41.835  36.480  8.103 0.0000000000
145372  -45.041  35.987  7.092 0.0000000000
103794  -47.504  35.116  8.483 0.0000000000
102941  -46.406  33.618  10.208 0.0000000000
101424  -44.218  31.636  11.348 0.0000000000
102191  -43.833  32.477  9.235 0.0000000000
101452  -40.702  31.296  8.327 0.0000000000
94619  -47.634  22.224  15.672 0.0000000000
95371  -50.081  23.181  15.711 0.0000000000
97168  -50.678  24.955  14.451 0.0000000000
106343  -26.302  38.148  9.334 0.0000000000
123660  -30.494  38.402  7.291 0.0000000000
106366  -34.672  38.967  5.899 0.0000000000
106373  -38.014  38.987  4.266 0.0000000000
105830  -41.395  37.771  2.690 0.0000000000
105248  -43.943  36.717  0.985 0.0000000000
103053  -46.546  33.718  -0.571 0.0000000000
104593  -47.929  35.666  -2.199 0.0000000000
94603  -46.073  22.813  18.625 0.0000000000
129009  -47.547  24.741  15.588 0.0000000000
98780  -48.729  27.423  14.303 0.0000000000
100745  -38.022  30.078  14.135 0.0000000000
127768  -40.988  34.219  10.199 0.0000000000
141341  -41.566  31.906  12.898 0.0000000000
100113  -41.501  29.753  15.378 0.0000000000
100096  -45.213  29.516  16.334 0.0000000000
138547  -49.180  30.234  15.895 0.0000000000
99492  -51.552  29.630  13.160 0.0000000000
98831  -49.321  28.130  11.070 0.0000000000
98034  -46.753  26.991  10.891 0.0000000000
97207  -43.600  26.146  10.137 0.0000000000
100145  -42.937  29.159  12.307 0.0000000000
124169  -42.203  27.175  11.712 0.0000000000
97211  -41.034  25.077  9.600 0.0000000000
97200  -51.035  25.936  11.488 0.0000000000
127459  -52.092  27.368  9.984 0.0000000000
98842  -52.388  28.494  10.045 0.0000000000
103036  -45.851  33.630  2.351 0.0000000000
140310  -45.892  33.522  3.785 0.0000000000
103026  -44.376  33.509  3.235 0.0000000000
140401  -43.517  33.181  4.699 0.0000000000
98757  -40.911  27.630  16.452 0.0000000000
105772  -36.103  37.478  7.634 0.0000000000
102935  -47.308  34.530  12.049 0.0000000000
102920  -46.513  34.277  12.773 0.0000000000
102169  -47.335  33.678  13.254 0.0000000000
102153  -47.465  33.465  13.838 0.0000000000
101408  -47.473  33.160  13.544 0.0000000000
100766  -46.791  30.945  13.450 0.0000000000
140090  -45.905  31.518  12.736 0.0000000000
105204  -43.346  36.527  4.354 0.0000000000
105185  -42.998  37.006  5.885 0.0000000000
105192  -44.597  36.319  5.613 0.0000000000
102972  -47.063  34.291  6.749 0.0000000000
129300  -47.274  35.176  7.327 0.0000000000
102956  -47.149  34.502  7.776 0.0000000000
103789  -47.823  34.943  9.776 0.0000000000
102950  -46.219  33.636  8.407 0.0000000000
102186  -44.665  32.811  9.229 0.0000000000
127930  -44.225  32.783  7.946 0.0000000000
101477  -41.901  31.877  7.892 0.0000000000
93890  -49.529  22.821  18.426 0.0000000000
94614  -49.763  22.749  17.076 0.0000000000
94615  -50.305  23.498  16.832 0.0000000000
96247  -50.605  24.406  15.119 0.0000000000
96231  -50.300  24.187  16.406 0.0000000000
108076  -29.476  41.213  7.583 0.0000000000
106920  -28.772  39.725  7.530 0.0000000000
107491  -30.714  40.261  6.580 0.0000000000
106359  -32.561  38.595  6.559 0.0000000000
107499  -32.913  40.554  5.639 0.0000000000
134430  -37.187  41.841  3.831 0.0000000000
107509  -37.232  40.571  3.989 0.0000000000
107515  -38.696  40.392  3.374 0.0000000000
106388  -40.345  38.172  3.261 0.0000000000
106975  -40.575  39.427  2.591 0.0000000000
107014  -44.359  39.091  0.688 0.0000000000
105852  -43.535  37.367  1.010 0.0000000000
105261  -45.203  36.548  0.053 0.0000000000
104574  -46.208  34.565  0.282 0.0000000000
105262  -46.388  35.866  -0.616 0.0000000000
104582  -47.182  34.556  -1.594 0.0000000000
105872  -47.448  36.606  -1.006 0.0000000000
93865  -41.410  21.359  20.437 0.0000000000
132993  -42.472  20.873  21.608 0.0000000000
93867  -43.605  21.696  20.431 0.0000000000
129639  -45.348  22.248  20.077 0.0000000000
129173  -43.780  22.576  18.528 0.0000000000
97980  -44.718  26.187  16.148 0.0000000000
96228  -45.400  24.559  16.110 0.0000000000
97160  -46.055  25.567  15.404 0.0000000000
97990  -48.349  26.368  14.265 0.0000000000
98779  -47.669  27.167  14.808 0.0000000000
101414  -36.455  32.064  12.456 0.0000000000
100759  -36.437  30.624  13.604 0.0000000000
101402  -38.203  31.350  12.760 0.0000000000
104508  -42.694  35.845  8.443 0.0000000000
104499  -41.283  35.376  9.149 0.0000000000
126690  -42.601  34.695  9.768 0.0000000000
102150  -44.051  32.752  13.491 0.0000000000
102148  -42.246  32.405  12.725 0.0000000000
122273  -42.359  31.890  13.365 0.0000000000
100749  -41.637  30.724  14.245 0.0000000000
100726  -42.771  30.411  15.172 0.0000000000
100114  -42.906  29.879  15.735 0.0000000000
100728  -44.473  30.572  15.625 0.0000000000
101379  -49.566  32.347  15.142 0.0000000000
100731  -47.958  31.307  15.863 0.0000000000
100733  -50.650  31.600  15.646 0.0000000000
100131  -50.779  29.978  15.065 0.0000000000
100770  -51.272  31.087  14.177 0.0000000000
100166  -50.987  29.596  12.113 0.0000000000
100150  -50.404  30.073  12.905 0.0000000000
99502  -46.556  28.517  12.892 0.0000000000
98803  -46.986  27.820  12.316 0.0000000000
98827  -45.568  27.258  11.883 0.0000000000
98043  -45.455  26.607  10.702 0.0000000000
98031  -44.349  26.757  11.342 0.0000000000
101422  -42.761  31.313  10.797 0.0000000000
100783  -43.707  30.852  11.798 0.0000000000
100782  -42.766  30.664  11.475 0.0000000000
98822  -40.386  27.222  11.646 0.0000000000
122362  -41.994  27.884  11.950 0.0000000000
127997  -41.165  26.842  11.574 0.0000000000
98040  -42.325  26.226  10.926 0.0000000000
97198  -40.546  25.688  10.849 0.0000000000
96299  -40.239  24.696  9.406 0.0000000000
96283  -49.042  24.461  11.665 0.0000000000
124717  -49.189  27.820  8.815 0.0000000000
104549  -45.926  35.323  3.421 0.0000000000
104541  -46.173  35.479  4.373 0.0000000000
103826  -47.068  34.344  4.534 0.0000000000
102996  -46.448  33.654  5.355 0.0000000000
126713  -45.659  33.437  5.857 0.0000000000
102227  -44.228  32.848  6.971 0.0000000000
102238  -43.519  32.687  6.218 0.0000000000
93155  -47.435  20.772  18.925 0.0000000000
93146  -48.348  20.992  21.008 0.0000000000
94605  -48.910  23.216  19.645 0.0000000000
126015  -30.087  42.853  8.527 0.0000000000
134438  -41.501  40.639  2.340 0.0000000000
126685  -45.381  40.705  1.284 0.0000000000
107016  -47.453  39.034  0.347 0.0000000000
95353  -42.834  23.649  17.498 0.0000000000
97154  -42.841  25.732  16.780 0.0000000000
129399  -44.490  27.100  16.470 0.0000000000
103776  -38.407  34.340  10.619 0.0000000000
103768  -46.611  35.359  11.120 0.0000000000
103780  -43.794  34.395  10.739 0.0000000000
103767  -45.744  34.774  11.576 0.0000000000
102904  -45.523  33.793  13.064 0.0000000000
102137  -45.809  32.783  14.328 0.0000000000
101391  -45.017  31.869  14.762 0.0000000000
102138  -47.005  33.170  14.480 0.0000000000
101393  -48.501  32.734  14.743 0.0000000000
100767  -48.591  31.601  13.946 0.0000000000
100140  -48.762  30.563  13.615 0.0000000000
100139  -47.581  30.447  13.509 0.0000000000
100138  -46.600  29.901  13.425 0.0000000000
100147  -44.905  29.271  12.983 0.0000000000
100780  -41.107  30.081  11.139 0.0000000000
98770  -37.150  27.976  15.863 0.0000000000
105787  -40.175  37.468  6.581 0.0000000000
105179  -39.786  37.283  7.931 0.0000000000
105778  -41.613  37.344  6.950 0.0000000000
139264  -43.291  36.589  7.461 0.0000000000
104510  -44.951  35.700  8.258 0.0000000000
104519  -46.560  35.641  6.200 0.0000000000
104515  -45.845  35.740  7.629 0.0000000000
104502  -46.783  35.570  9.860 0.0000000000
104503  -47.670  35.407  10.282 0.0000000000
103782  -47.835  35.212  10.783 0.0000000000
102934  -47.268  34.006  11.819 0.0000000000
102176  -45.279  32.269  11.427 0.0000000000
102181  -44.545  32.323  10.576 0.0000000000
102180  -43.633  32.207  9.956 0.0000000000
101435  -42.875  31.758  10.063 0.0000000000
102190  -43.359  32.466  8.420 0.0000000000
138621  -41.950  31.731  8.996 0.0000000000
93888  -47.742  21.393  17.317 0.0000000000
94620  -49.033  22.624  15.702 0.0000000000
95389  -49.366  23.862  14.129 0.0000000000
95390  -50.220  24.391  13.787 0.0000000000
96257  -50.823  25.158  13.315 0.0000000000
97177  -50.800  25.764  12.941 0.0000000000
105148  -27.840  36.721  9.513 0.0000000000
135808  -28.246  38.336  8.222 0.0000000000
105164  -30.053  36.920  8.837 0.0000000000
105768  -32.606  37.568  7.504 0.0000000000
105781  -34.664  37.782  6.961 0.0000000000
106363  -36.693  37.983  6.192 0.0000000000
108736  -33.610  41.973  5.684 0.0000000000
106934  -35.248  40.194  5.065 0.0000000000
106936  -36.783  39.014  5.139 0.0000000000
105793  -38.554  37.699  5.662 0.0000000000
105803  -39.739  37.651  4.733 0.0000000000
105202  -41.849  37.010  3.801 0.0000000000
105216  -42.616  36.849  2.704 0.0000000000
106416  -42.382  38.376  1.608 0.0000000000
105236  -43.392  36.876  1.497 0.0000000000
105227  -44.030  36.127  2.507 0.0000000000
104557  -45.518  35.269  1.696 0.0000000000
103873  -46.228  33.952  1.214 0.0000000000
103047  -44.756  33.730  -0.240 0.0000000000
103906  -45.985  34.117  -1.941 0.0000000000
106453  -48.537  38.077  -0.545 0.0000000000
94577  -47.072  22.673  20.617 0.0000000000
95341  -48.216  23.366  18.825 0.0000000000
95355  -44.677  23.392  17.264 0.0000000000
95364  -46.764  23.601  17.017 0.0000000000
95365  -48.307  23.733  17.220 0.0000000000
96246  -49.314  25.197  14.947 0.0000000000
97998  -49.416  26.416  13.820 0.0000000000
98787  -50.925  27.902  12.991 0.0000000000
100110  -38.321  29.093  15.195 0.0000000000
105160  -39.738  35.884  9.181 0.0000000000
103777  -39.966  34.439  10.252 0.0000000000
102930  -39.526  33.451  11.037 0.0000000000
102939  -42.302  33.697  10.933 0.0000000000
102174  -41.258  32.669  11.871 0.0000000000
102163  -39.878  32.211  12.132 0.0000000000
101404  -39.813  31.207  13.057 0.0000000000
100128  -39.597  29.751  14.777 0.0000000000
99473  -40.596  28.828  15.798 0.0000000000
126575  -41.862  28.631  16.216 0.0000000000
99458  -43.693  28.564  16.538 0.0000000000
99460  -45.680  28.790  16.519 0.0000000000
100729  -46.119  30.896  15.806 0.0000000000
100098  -46.870  29.667  16.319 0.0000000000
99476  -46.872  28.543  16.124 0.0000000000
99483  -49.142  28.658  14.911 0.0000000000
99490  -50.528  28.547  13.802 0.0000000000
99506  -51.581  28.789  12.610 0.0000000000
99551  -52.002  29.488  10.408 0.0000000000
98841  -49.963  28.515  10.422 0.0000000000
98840  -48.902  27.705  10.452 0.0000000000
99504  -48.570  28.810  12.584 0.0000000000
98830  -48.398  27.705  11.245 0.0000000000
98045  -46.921  26.827  9.989 0.0000000000
98051  -46.245  26.604  9.480 0.0000000000
98056  -43.898  26.100  9.275 0.0000000000
100784  -44.635  31.222  12.105 0.0000000000
100774  -44.192  30.280  12.488 0.0000000000
99500  -44.236  28.862  12.714 0.0000000000
99528  -42.144  28.859  12.040 0.0000000000
98799  -42.796  28.279  12.194 0.0000000000
98825  -43.780  27.227  11.813 0.0000000000
98041  -43.192  26.385  10.942 0.0000000000
97206  -42.823  25.913  10.258 0.0000000000
98035  -51.401  26.709  11.437 0.0000000000
98046  -51.498  26.615  10.733 0.0000000000
98047  -52.079  27.664  10.960 0.0000000000
137776  -52.314  28.129  9.306 0.0000000000
103035  -44.912  33.446  2.431 0.0000000000
103027  -45.409  33.490  3.122 0.0000000000
123579  -40.604  26.811  16.641 0.0000000000
98756  -40.035  27.454  16.402 0.0000000000
105773  -37.740  37.517  7.455 0.0000000000
105760  -37.466  37.287  8.166 0.0000000000
105761  -38.305  37.354  8.066 0.0000000000
102178  -47.271  33.873  12.603 0.0000000000
102921  -47.188  34.075  12.807 0.0000000000
101420  -46.978  32.812  12.817 0.0000000000
105191  -43.623  36.571  5.299 0.0000000000
105205  -44.297  36.254  4.633 0.0000000000
102955  -46.442  33.739  7.346 0.0000000000
129531  -46.783  34.076  8.023 0.0000000000
102949  -44.990  33.090  8.514 0.0000000000
93154  -46.188  20.239  18.371 0.0000000000
95343  -49.499  23.194  18.159 0.0000000000
94611  -49.882  23.146  17.588 0.0000000000
95359  -49.888  23.534  17.280 0.0000000000
95367  -50.376  23.860  16.829 0.0000000000
108077  -30.291  41.537  7.369 0.0000000000
107487  -29.980  40.611  7.015 0.0000000000
108085  -30.796  41.103  6.743 0.0000000000
135011  -31.903  40.041  6.130 0.0000000000
107493  -32.235  40.604  5.979 0.0000000000
108752  -38.795  42.066  3.426 0.0000000000
108743  -37.257  42.551  4.090 0.0000000000
108751  -37.820  41.977  3.607 0.0000000000
108108  -38.276  41.224  3.402 0.0000000000
108109  -39.089  41.125  3.139 0.0000000000
106974  -39.835  39.462  2.921 0.0000000000
107523  -40.250  40.221  2.699 0.0000000000
106433  -44.990  38.469  0.348 0.0000000000
105854  -44.919  37.478  0.172 0.0000000000
105871  -45.947  36.950  -0.416 0.0000000000
132716  -47.410  35.377  -1.490 0.0000000000
106451  -46.827  37.483  -0.489 0.0000000000
130764  -41.070  21.980  19.455 0.0000000000
93878  -41.653  21.742  19.860 0.0000000000
93866  -42.181  21.531  20.345 0.0000000000
93879  -42.397  21.901  19.757 0.0000000000
93880  -43.291  22.020  19.705 0.0000000000
130731  -45.164  26.942  16.212 0.0000000000
97984  -45.539  26.283  15.750 0.0000000000
97985  -46.352  26.276  15.271 0.0000000000
97986  -46.798  27.058  15.341 0.0000000000
102928  -36.907  33.443  11.496 0.0000000000
102161  -36.747  32.807  11.943 0.0000000000
101401  -37.217  31.479  12.740 0.0000000000
101416  -38.463  32.031  12.240 0.0000000000
104500  -43.387  35.271  9.175 0.0000000000
103788  -43.695  34.728  10.036 0.0000000000
101406  -43.323  31.884  13.898 0.0000000000
102149  -43.080  32.487  13.116 0.0000000000
101389  -42.390  31.264  14.019 0.0000000000
124984  -43.067  31.057  14.581 0.0000000000
100727  -43.643  30.716  15.253 0.0000000000
101375  -44.453  31.178  15.154 0.0000000000
100752  -50.267  32.113  14.793 0.0000000000
100732  -49.962  31.772  15.716 0.0000000000
101380  -50.613  32.036  15.293 0.0000000000
100734  -51.071  31.698  15.316 0.0000000000
100776  -50.875  30.714  13.567 0.0000000000
100141  -49.938  30.758  13.571 0.0000000000
98802  -46.053  27.818  12.436 0.0000000000
98032  -45.135  26.772  11.331 0.0000000000
98826  -44.701  27.267  11.906 0.0000000000
137475  -39.841  26.698  11.510 0.0000000000
98028  -40.514  26.382  11.352 0.0000000000
124065  -39.945  25.345  10.677 0.0000000000
97203  -39.253  25.265  10.780 0.0000000000
96284  -50.142  24.748  12.075 0.0000000000
99565  -51.240  28.607  8.261 0.0000000000
125753  -50.344  28.501  8.877 0.0000000000
104559  -46.325  34.574  2.962 0.0000000000
104550  -46.674  34.845  3.936 0.0000000000
103843  -46.624  34.261  3.652 0.0000000000
144312  -45.396  33.487  4.436 0.0000000000
103015  -46.262  33.611  4.520 0.0000000000
120663  -45.446  33.453  5.141 0.0000000000
102995  -44.586  33.112  5.861 0.0000000000
102994  -43.625  32.921  5.380 0.0000000000
102993  -42.872  32.852  5.014 0.0000000000
140315  -47.496  20.318  21.191 0.0000000000
93883  -49.309  22.903  19.899 0.0000000000
94592  -49.057  22.764  20.536 0.0000000000
109285  -29.597  43.391  9.163 0.0000000000
108124  -44.376  41.094  1.589 0.0000000000
108125  -46.200  41.276  1.990 0.0000000000
108118  -45.584  41.832  2.571 0.0000000000
97153  -42.125  26.191  16.849 0.0000000000
97978  -43.104  26.594  16.672 0.0000000000
97979  -43.953  26.438  16.521 0.0000000000
126593  -43.791  27.153  16.608 0.0000000000
105168  -33.726  36.719  8.637 0.0000000000
104482  -38.105  34.923  10.313 0.0000000000
102905  -46.622  33.909  13.346 0.0000000000
127116  -45.564  34.141  12.607 0.0000000000
102151  -45.390  33.249  13.661 0.0000000000
102154  -47.872  33.021  14.159 0.0000000000
128967  -47.845  33.075  14.491 0.0000000000
101409  -48.295  32.485  14.238 0.0000000000
139664  -47.841  31.651  13.688 0.0000000000
100137  -45.759  29.841  13.268 0.0000000000
100136  -44.930  30.082  13.045 0.0000000000
105795  -40.419  37.429  5.536 0.0000000000
105788  -41.126  37.358  6.313 0.0000000000
105789  -42.145  37.234  6.321 0.0000000000
105186  -43.888  36.602  6.252 0.0000000000
105181  -43.163  36.993  6.774 0.0000000000
126309  -44.152  36.431  7.084 0.0000000000
105176  -44.034  36.111  7.751 0.0000000000
105182  -44.771  35.935  7.534 0.0000000000
104542  -47.043  35.127  4.783 0.0000000000
104529  -46.389  35.625  5.325 0.0000000000
104530  -47.134  35.282  5.640 0.0000000000
104516  -46.959  35.416  8.118 0.0000000000
104511  -46.362  35.563  8.738 0.0000000000
104512  -47.347  35.393  9.306 0.0000000000
103792  -47.728  35.171  9.613 0.0000000000
102946  -46.834  34.124  9.475 0.0000000000
102942  -47.476  34.574  10.522 0.0000000000
142493  -47.086  34.068  11.062 0.0000000000
102182  -46.053  33.148  11.017 0.0000000000
102187  -45.229  32.892  9.990 0.0000000000
140523  -44.326  32.529  9.795 0.0000000000
102226  -43.268  32.550  6.964 0.0000000000
102208  -43.514  32.585  7.574 0.0000000000
122287  -42.646  32.298  7.574 0.0000000000
101453  -41.529  31.602  8.575 0.0000000000
93156  -48.240  21.487  18.438 0.0000000000
133168  -49.982  22.928  16.361 0.0000000000
94613  -48.902  22.299  16.424 0.0000000000
94631  -49.134  23.069  15.197 0.0000000000
95382  -49.959  23.435  14.955 0.0000000000
95383  -50.517  24.049  14.703 0.0000000000
134448  -50.658  24.565  14.479 0.0000000000
97176  -50.702  25.310  13.683 0.0000000000
106339  -25.387  38.395  9.912 0.0000000000
105739  -25.718  37.228  10.251 0.0000000000
105744  -26.382  37.315  9.671 0.0000000000
105147  -27.042  36.743  9.720 0.0000000000
105745  -27.323  37.398  9.164 0.0000000000
108065  -26.613  41.837  9.511 0.0000000000
131720  -27.508  40.756  8.487 0.0000000000
106351  -29.280  39.045  7.376 0.0000000000
106348  -28.514  38.988  7.760 0.0000000000
106349  -29.200  38.269  7.876 0.0000000000
105752  -29.679  37.541  8.337 0.0000000000
105765  -30.104  37.947  7.789 0.0000000000
105754  -31.408  37.178  8.192 0.0000000000
105767  -31.773  37.643  7.557 0.0000000000
106929  -33.790  39.119  5.940 0.0000000000
106356  -33.804  37.908  6.942 0.0000000000
106361  -34.225  38.414  6.417 0.0000000000
105782  -35.543  37.726  6.957 0.0000000000
106367  -35.505  38.786  5.834 0.0000000000
108097  -34.023  41.407  5.241 0.0000000000
108102  -34.773  41.496  4.908 0.0000000000
106953  -37.617  39.839  4.051 0.0000000000
106942  -36.576  39.731  4.726 0.0000000000
106943  -37.261  39.373  4.580 0.0000000000
106369  -37.506  38.641  4.952 0.0000000000
106370  -38.215  38.248  4.879 0.0000000000
105802  -38.951  37.905  4.851 0.0000000000
106375  -39.233  38.205  4.105 0.0000000000
106401  -40.817  38.282  2.789 0.0000000000
105829  -40.866  37.839  3.114 0.0000000000
105819  -41.895  37.189  3.034 0.0000000000
141139  -42.344  36.842  3.414 0.0000000000
107526  -42.169  40.724  2.085 0.0000000000
107525  -41.750  40.023  2.053 0.0000000000
106994  -42.954  39.261  1.361 0.0000000000
105226  -43.328  36.589  2.121 0.0000000000
105237  -44.322  36.155  1.483 0.0000000000
135825  -44.852  35.699  2.212 0.0000000000
104566  -45.476  35.404  0.825 0.0000000000
103884  -46.474  33.970  0.061 0.0000000000
103049  -46.208  33.761  0.362 0.0000000000
103043  -45.964  33.734  1.381 0.0000000000
129620  -45.988  33.515  -0.270 0.0000000000
103919  -47.307  34.737  -2.043 0.0000000000
103907  -46.948  33.993  -1.595 0.0000000000
103918  -46.430  34.549  -2.283 0.0000000000
103917  -45.291  34.700  -2.384 0.0000000000
104606  -46.719  35.160  -2.517 0.0000000000
106435  -48.361  38.440  -0.021 0.0000000000
93854  -45.230  21.557  21.585 0.0000000000
142360  -45.149  22.370  19.379 0.0000000000
94590  -46.260  22.686  19.532 0.0000000000
94604  -47.427  23.141  19.196 0.0000000000
94610  -46.753  23.175  18.065 0.0000000000
96224  -43.253  24.078  17.051 0.0000000000
95354  -43.704  23.499  17.359 0.0000000000
96236  -46.390  24.742  15.694 0.0000000000
131750  -46.207  24.156  16.322 0.0000000000
96229  -47.580  24.180  16.331 0.0000000000
96230  -48.909  24.548  16.042 0.0000000000
97999  -50.418  26.510  13.337 0.0000000000
98785  -49.573  27.175  13.695 0.0000000000
100744  -37.047  30.133  14.021 0.0000000000
128413  -37.359  29.096  14.954 0.0000000000
122413  -40.830  36.731  8.119 0.0000000000
144297  -40.161  36.998  8.166 0.0000000000
104506  -41.042  36.014  8.595 0.0000000000
103787  -41.608  34.740  9.679 0.0000000000
103786  -40.666  34.925  9.667 0.0000000000
145505  -39.753  33.888  10.627 0.0000000000
102938  -40.381  33.662  10.749 0.0000000000
132737  -44.376  34.284  11.376 0.0000000000
102940  -43.263  33.890  11.176 0.0000000000
102165  -41.584  32.375  12.403 0.0000000000
102175  -42.062  32.797  12.082 0.0000000000
102164  -40.800  32.102  12.373 0.0000000000
126692  -40.446  32.643  11.744 0.0000000000
101418  -40.096  31.698  12.607 0.0000000000
124096  -40.747  31.413  13.092 0.0000000000
100130  -41.287  30.236  14.774 0.0000000000
100748  -40.794  30.464  14.246 0.0000000000
100129  -40.576  29.896  14.914 0.0000000000
100112  -40.098  29.304  15.346 0.0000000000
138771  -40.833  29.373  15.470 0.0000000000
99456  -41.153  28.390  16.212 0.0000000000
99475  -42.254  29.302  15.934 0.0000000000
100095  -44.176  29.356  16.354 0.0000000000
100094  -43.227  29.288  16.221 0.0000000000
99459  -44.692  28.661  16.537 0.0000000000
126825  -46.368  31.790  15.448 0.0000000000
101376  -45.361  31.278  15.409 0.0000000000
100730  -47.112  31.639  15.676 0.0000000000
100116  -48.924  30.979  16.069 0.0000000000
100099  -47.660  30.231  16.120 0.0000000000
134997  -48.196  29.848  15.999 0.0000000000
99462  -47.244  29.367  16.196 0.0000000000
99477  -47.703  28.840  15.833 0.0000000000
99478  -48.698  29.253  15.633 0.0000000000
100142  -51.528  29.970  13.919 0.0000000000
99485  -51.002  29.541  14.260 0.0000000000
99491  -51.286  29.135  13.429 0.0000000000
99507  -51.671  29.313  12.262 0.0000000000
99532  -51.980  29.330  11.115 0.0000000000
99530  -50.402  28.947  11.324 0.0000000000
100148  -48.027  29.518  13.192 0.0000000000
100149  -49.200  29.742  13.119 0.0000000000
99503  -47.498  28.582  12.774 0.0000000000
98828  -46.442  27.303  11.736 0.0000000000
98829  -47.367  27.455  11.484 0.0000000000
98839  -47.728  27.313  10.461 0.0000000000
98044  -46.106  26.670  10.361 0.0000000000
98042  -44.775  26.513  10.673 0.0000000000
98049  -44.393  26.317  9.946 0.0000000000
97214  -43.226  25.859  9.591 0.0000000000
140906  -44.872  31.743  11.737 0.0000000000
100773  -43.235  30.047  12.174 0.0000000000
100146  -43.722  29.405  12.542 0.0000000000
129352  -44.370  29.558  12.795 0.0000000000
100163  -40.696  29.270  11.473 0.0000000000
141056  -41.672  27.246  11.707 0.0000000000
98824  -42.856  27.399  11.879 0.0000000000
137484  -43.432  27.855  12.174 0.0000000000
98030  -43.230  26.839  11.530 0.0000000000
134170  -42.617  26.741  11.449 0.0000000000
122649  -41.198  25.463  10.327 0.0000000000
97205  -42.004  25.685  10.339 0.0000000000
139106  -41.682  25.351  9.742 0.0000000000
97213  -42.464  25.552  9.446 0.0000000000
97187  -50.790  25.355  12.434 0.0000000000
97208  -50.845  25.827  10.590 0.0000000000
98054  -51.973  27.271  9.055 0.0000000000
139939  -46.110  33.663  3.161 0.0000000000
103014  -44.881  33.488  3.923 0.0000000000
103013  -43.867  33.449  4.060 0.0000000000
129550  -41.509  26.968  16.658 0.0000000000
105758  -35.927  37.223  8.271 0.0000000000
105170  -36.293  36.854  8.795 0.0000000000
105158  -38.478  36.340  9.137 0.0000000000
141292  -47.550  35.108  11.432 0.0000000000
103755  -47.171  34.640  12.163 0.0000000000
102906  -47.248  33.747  13.424 0.0000000000
101407  -46.847  31.896  13.213 0.0000000000
105190  -42.785  36.819  4.974 0.0000000000
105797  -42.267  37.080  5.450 0.0000000000
105187  -44.835  36.230  6.492 0.0000000000
102973  -47.118  34.125  5.677 0.0000000000
104531  -47.432  35.013  5.896 0.0000000000
103798  -47.295  34.603  6.362 0.0000000000
127659  -47.402  34.850  7.394 0.0000000000
103791  -47.634  34.948  8.651 0.0000000000
102951  -47.181  34.463  8.667 0.0000000000
102945  -45.684  33.325  9.280 0.0000000000
102192  -44.193  32.697  8.661 0.0000000000
93896  -46.696  21.334  16.556 0.0000000000
93885  -49.238  22.518  19.288 0.0000000000
93889  -48.967  22.089  17.972 0.0000000000
93898  -49.531  22.613  17.700 0.0000000000
94621  -50.517  23.541  16.237 0.0000000000
95372  -50.658  23.845  15.663 0.0000000000
95368  -50.755  23.911  16.399 0.0000000000
96239  -50.644  24.252  15.834 0.0000000000
97162  -50.370  24.795  15.119 0.0000000000
106340  -25.733  38.933  9.423 0.0000000000
108071  -29.006  41.640  8.201 0.0000000000
107481  -28.277  40.402  7.931 0.0000000000
107486  -29.123  40.466  7.465 0.0000000000
106921  -29.524  39.804  7.112 0.0000000000
134740  -30.757  38.822  6.844 0.0000000000
106353  -31.325  38.319  7.071 0.0000000000
106927  -32.058  39.291  6.303 0.0000000000
106928  -32.930  39.212  6.112 0.0000000000
106932  -33.326  39.861  5.635 0.0000000000
141942  -36.554  42.642  4.423 0.0000000000
108104  -36.162  41.399  4.332 0.0000000000
108105  -36.851  41.282  4.009 0.0000000000
107514  -37.924  40.486  3.648 0.0000000000
106954  -38.335  39.672  3.710 0.0000000000
106387  -39.599  38.670  3.380 0.0000000000
106955  -39.107  39.550  3.360 0.0000000000
106400  -40.290  38.770  2.861 0.0000000000
106402  -41.304  38.454  2.374 0.0000000000
106995  -43.819  39.789  1.076 0.0000000000
107013  -43.630  38.908  0.936 0.0000000000
106432  -44.027  38.071  0.620 0.0000000000
105853  -44.262  37.033  0.545 0.0000000000
105249  -44.720  36.291  0.620 0.0000000000
104573  -45.753  35.548  0.027 0.0000000000
104575  -46.773  34.564  -0.704 0.0000000000
103896  -46.952  33.873  -0.964 0.0000000000
105263  -48.041  36.164  -1.732 0.0000000000
93877  -40.215  21.648  19.739 0.0000000000
93864  -40.601  21.210  20.451 0.0000000000
93144  -41.080  20.909  21.053 0.0000000000
93145  -41.931  21.121  20.987 0.0000000000
93868  -44.700  21.795  20.699 0.0000000000
93881  -44.194  21.980  20.025 0.0000000000
94589  -44.248  22.256  19.333 0.0000000000
94602  -44.960  22.537  18.682 0.0000000000
97155  -44.010  25.000  16.430 0.0000000000
96227  -44.667  24.514  16.392 0.0000000000
97156  -44.673  25.207  16.134 0.0000000000
97157  -45.379  25.378  15.756 0.0000000000
97161  -47.063  25.371  15.102 0.0000000000
97989  -47.290  26.234  14.727 0.0000000000
101400  -36.482  31.267  13.059 0.0000000000
100760  -37.421  30.755  13.374 0.0000000000
100761  -38.525  30.653  13.496 0.0000000000
104507  -41.802  35.766  8.661 0.0000000000
127767  -42.211  35.268  9.143 0.0000000000
103778  -41.953  34.164  10.275 0.0000000000
102167  -43.773  33.137  12.825 0.0000000000
102166  -42.903  32.946  12.405 0.0000000000
101405  -41.618  31.350  13.539 0.0000000000
100750  -42.365  30.734  14.586 0.0000000000
100725  -41.959  30.320  14.972 0.0000000000
132257  -42.264  29.958  15.482 0.0000000000
137531  -43.247  30.258  15.535 0.0000000000
100115  -43.723  30.027  15.896 0.0000000000
138647  -44.553  29.959  16.061 0.0000000000
132028  -48.988  31.997  15.544 0.0000000000
100117  -50.062  30.988  15.961 0.0000000000
99479  -49.935  29.858  15.576 0.0000000000
100118  -50.946  30.926  15.510 0.0000000000
100133  -51.432  30.611  14.180 0.0000000000
100778  -51.429  30.495  13.741 0.0000000000
100152  -51.515  29.982  13.099 0.0000000000
100151  -51.240  30.098  12.899 0.0000000000
99505  -49.795  29.296  12.284 0.0000000000
98033  -45.925  26.836  11.192 0.0000000000
133709  -43.997  26.454  10.739 0.0000000000
101423  -43.357  31.283  11.239 0.0000000000
100165  -42.410  29.767  11.859 0.0000000000
99526  -40.286  28.264  11.633 0.0000000000
98823  -41.119  27.675  11.775 0.0000000000
98029  -41.897  26.702  11.415 0.0000000000
98039  -41.389  26.089  11.029 0.0000000000
97204  -40.463  25.130  10.204 0.0000000000
96291  -39.712  24.827  10.195 0.0000000000
96268  -48.288  24.223  12.257 0.0000000000
104548  -44.882  35.710  3.027 0.0000000000
104540  -45.070  35.816  3.985 0.0000000000
103028  -46.558  33.861  3.880 0.0000000000
103016  -47.002  33.902  4.823 0.0000000000
103807  -47.327  34.234  5.176 0.0000000000
102971  -46.459  33.724  6.262 0.0000000000
102970  -45.432  33.309  6.656 0.0000000000
102237  -42.934  32.636  5.707 0.0000000000
92351  -46.603  20.183  19.281 0.0000000000
137732  -47.024  20.247  20.244 0.0000000000
93150  -47.830  20.934  19.941 0.0000000000
93140  -48.689  20.908  22.220 0.0000000000
93147  -49.041  21.692  20.663 0.0000000000
94606  -49.333  23.041  19.188 0.0000000000
95342  -49.106  23.360  18.773 0.0000000000
108700  -28.375  42.086  8.763 0.0000000000
108701  -29.258  42.511  8.677 0.0000000000
108713  -29.789  42.014  8.012 0.0000000000
108714  -30.577  42.376  7.858 0.0000000000
108114  -40.830  41.014  2.625 0.0000000000
107542  -43.685  40.606  1.464 0.0000000000
141024  -44.374  40.445  1.208 0.0000000000
107543  -44.831  39.923  0.802 0.0000000000
130947  -46.096  38.861  0.260 0.0000000000
130334  -47.096  38.273  -0.154 0.0000000000
107561  -46.231  39.817  0.697 0.0000000000
107544  -46.958  40.515  1.492 0.0000000000
97146  -42.355  25.238  17.007 0.0000000000
96226  -43.201  24.884  16.767 0.0000000000
130889  -43.523  25.726  16.592 0.0000000000
137408  -37.111  34.062  11.035 0.0000000000
124202  -38.112  33.299  11.391 0.0000000000
104484  -46.094  35.441  10.239 0.0000000000
103781  -45.006  34.835  10.651 0.0000000000
102933  -45.012  34.213  12.102 0.0000000000
103754  -46.264  34.585  12.230 0.0000000000
102919  -44.641  33.682  12.633 0.0000000000
102168  -44.591  33.340  13.168 0.0000000000
102136  -44.534  32.346  14.152 0.0000000000
101392  -46.132  32.319  14.975 0.0000000000
101377  -47.293  32.645  15.102 0.0000000000
143108  -48.050  32.931  14.899 0.0000000000
100751  -49.177  32.286  14.639 0.0000000000
100768  -49.620  31.593  14.168 0.0000000000
99488  -46.262  29.231  13.262 0.0000000000
99501  -45.615  28.690  12.931 0.0000000000
132060  -44.820  28.513  12.699 0.0000000000
100781  -41.921  30.293  11.316 0.0000000000
105786  -39.140  37.508  6.493 0.0000000000
105775  -39.560  37.449  7.337 0.0000000000
105777  -40.963  37.402  7.029 0.0000000000
105180  -41.351  37.075  7.534 0.0000000000
121389  -42.334  37.029  7.337 0.0000000000
105175  -42.691  36.468  7.861 0.0000000000
131165  -43.307  36.188  7.970 0.0000000000
104509  -43.776  35.755  8.396 0.0000000000
126612  -44.413  35.512  8.914 0.0000000000
105206  -45.373  35.982  4.975 0.0000000000
105193  -45.607  35.991  5.922 0.0000000000
105188  -45.778  35.848  6.742 0.0000000000
104520  -47.175  35.277  6.418 0.0000000000
121712  -46.712  35.549  7.062 0.0000000000
120198  -45.568  35.517  9.247 0.0000000000
104485  -47.315  35.519  10.704 0.0000000000
104467  -47.431  35.404  11.194 0.0000000000
103783  -47.824  35.304  10.372 0.0000000000
119953  -47.572  34.763  11.397 0.0000000000
101428  -43.528  31.763  10.659 0.0000000000
101427  -42.058  31.332  10.202 0.0000000000
101454  -42.359  32.035  8.609 0.0000000000
102185  -43.020  32.182  9.312 0.0000000000
93167  -47.039  20.672  18.156 0.0000000000
144831  -47.134  20.899  17.688 0.0000000000
93907  -47.756  21.735  16.480 0.0000000000
93897  -48.845  22.089  17.187 0.0000000000
95381  -48.559  23.349  14.502 0.0000000000
96255  -48.783  24.154  13.200 0.0000000000
96269  -49.532  24.442  12.675 0.0000000000
96270  -50.601  24.807  13.091 0.0000000000
98014  -51.087  26.228  12.129 0.0000000000
130119  -26.436  38.880  8.970 0.0000000000
107480  -27.520  39.946  8.269 0.0000000000
106916  -27.743  39.110  8.194 0.0000000000
106347  -27.260  38.403  8.663 0.0000000000
105750  -28.006  37.717  8.629 0.0000000000
105163  -29.311  37.172  8.812 0.0000000000
105150  -30.320  36.365  9.506 0.0000000000
105165  -31.016  36.616  8.875 0.0000000000
105755  -32.263  37.120  8.099 0.0000000000
105756  -33.092  37.119  8.058 0.0000000000
106354  -32.176  38.088  7.010 0.0000000000
105769  -33.408  37.535  7.496 0.0000000000
105770  -34.220  37.460  7.577 0.0000000000
105771  -35.183  37.368  7.772 0.0000000000
105783  -36.385  37.701  6.887 0.0000000000
105784  -37.173  37.666  6.814 0.0000000000
108088  -32.858  41.705  6.033 0.0000000000
108096  -33.249  41.245  5.557 0.0000000000
107500  -33.692  40.611  5.352 0.0000000000
106933  -34.322  39.839  5.439 0.0000000000
107508  -35.726  40.776  4.607 0.0000000000
106941  -35.988  40.123  4.783 0.0000000000
106935  -35.948  39.424  5.283 0.0000000000
106368  -36.309  38.586  5.697 0.0000000000
105792  -37.417  37.839  6.114 0.0000000000
105785  -38.435  37.592  6.437 0.0000000000
105794  -39.494  37.553  5.639 0.0000000000
105804  -40.558  37.444  4.549 0.0000000000
105816  -39.939  37.845  3.847 0.0000000000
105805  -41.275  37.254  4.238 0.0000000000
105806  -42.000  36.979  4.663 0.0000000000
105203  -42.528  36.746  4.121 0.0000000000
105217  -42.994  36.586  3.493 0.0000000000
107524  -41.035  40.100  2.428 0.0000000000
106976  -41.321  39.259  2.232 0.0000000000
105839  -41.801  38.013  2.063 0.0000000000
106417  -43.188  38.252  1.131 0.0000000000
105841  -42.873  37.560  1.494 0.0000000000
105840  -42.322  37.654  1.854 0.0000000000
134771  -43.328  36.454  2.846 0.0000000000
131748  -45.711  35.229  2.553 0.0000000000
104558  -46.103  34.657  2.157 0.0000000000
104567  -46.109  34.394  1.242 0.0000000000
103044  -46.197  33.898  1.998 0.0000000000
103042  -45.232  33.484  1.615 0.0000000000
103058  -46.363  33.706  -1.315 0.0000000000
138464  -45.523  33.916  -1.534 0.0000000000
106452  -47.990  37.700  -0.571 0.0000000000
105873  -48.244  37.215  -1.187 0.0000000000
93870  -48.090  22.426  21.588 0.0000000000
93869  -46.170  22.186  21.136 0.0000000000
94578  -48.441  22.832  20.919 0.0000000000
94591  -48.030  23.109  20.199 0.0000000000
95357  -48.171  23.463  18.005 0.0000000000
95340  -43.276  23.004  17.907 0.0000000000
94608  -44.246  22.910  17.877 0.0000000000
94609  -45.334  22.908  17.895 0.0000000000
95363  -45.299  23.886  16.678 0.0000000000
95356  -45.684  23.343  17.324 0.0000000000
95366  -49.520  24.003  17.005 0.0000000000
96238  -49.853  24.698  15.623 0.0000000000
97166  -48.192  25.626  14.646 0.0000000000
97167  -49.577  25.581  14.382 0.0000000000
97175  -50.354  25.630  13.890 0.0000000000
98000  -50.913  26.862  12.506 0.0000000000
99471  -36.840  28.467  15.417 0.0000000000
98771  -37.833  28.409  15.665 0.0000000000
99472  -38.859  28.570  15.712 0.0000000000
105762  -39.129  37.366  7.982 0.0000000000
104497  -39.054  35.725  9.462 0.0000000000
104498  -40.433  35.634  9.154 0.0000000000
103785  -39.795  35.264  9.659 0.0000000000
104483  -38.945  34.919  10.111 0.0000000000
102937  -39.198  34.103  10.591 0.0000000000
102929  -38.661  33.672  11.000 0.0000000000
126696  -38.881  33.021  11.453 0.0000000000
103779  -42.900  34.240  10.468 0.0000000000
102917  -42.644  33.352  11.682 0.0000000000
102932  -41.746  33.208  11.449 0.0000000000
126691  -41.374  33.639  10.783 0.0000000000
144821  -40.178  33.138  11.296 0.0000000000
102173  -39.660  32.785  11.589 0.0000000000
102162  -39.061  32.379  11.944 0.0000000000
101417  -39.228  31.685  12.520 0.0000000000
101403  -39.049  31.072  13.042 0.0000000000
100762  -39.441  30.680  13.594 0.0000000000
100763  -40.298  30.810  13.630 0.0000000000
100747  -39.951  30.301  14.235 0.0000000000
100746  -39.032  30.202  14.186 0.0000000000
100111  -39.218  29.202  15.278 0.0000000000
126698  -39.762  28.684  15.730 0.0000000000
99454  -39.452  28.046  16.134 0.0000000000
99455  -40.318  28.191  16.160 0.0000000000
98758  -41.863  27.882  16.482 0.0000000000
142716  -42.538  27.807  16.554 0.0000000000
99457  -42.665  28.462  16.418 0.0000000000
98759  -43.209  27.667  16.615 0.0000000000
98760  -44.186  27.848  16.623 0.0000000000
98761  -45.187  27.832  16.465 0.0000000000
98762  -46.129  28.210  16.378 0.0000000000
100716  -45.258  30.352  15.905 0.0000000000
100717  -45.920  30.107  16.197 0.0000000000
100718  -46.831  30.426  16.094 0.0000000000
100097  -46.188  29.544  16.408 0.0000000000
99461  -46.492  29.024  16.445 0.0000000000
98773  -46.572  27.800  15.936 0.0000000000
98774  -47.265  27.909  15.579 0.0000000000
98775  -48.182  28.171  15.260 0.0000000000
99484  -50.138  29.084  14.637 0.0000000000
98781  -49.629  28.072  14.091 0.0000000000
98786  -50.206  27.617  13.493 0.0000000000
98805  -51.458  27.865  12.305 0.0000000000
136898  -52.283  28.781  10.764 0.0000000000
99552  -52.129  29.348  10.137 0.0000000000
99559  -51.943  29.351  9.663 0.0000000000
99531  -51.663  29.328  11.202 0.0000000000
99550  -51.296  29.119  10.448 0.0000000000
99558  -50.776  28.738  9.681 0.0000000000
98848  -49.535  28.098  9.650 0.0000000000
99529  -49.091  28.329  11.782 0.0000000000
98804  -47.987  27.972  12.095 0.0000000000
129449  -47.593  27.132  9.596 0.0000000000
98052  -47.072  26.778  9.135 0.0000000000
122881  -45.630  26.490  8.873 0.0000000000
98050  -45.331  26.479  9.864 0.0000000000
98057  -44.742  26.337  9.041 0.0000000000
101419  -45.630  31.940  12.158 0.0000000000
142639  -45.230  31.343  12.434 0.0000000000
100775  -45.048  30.830  12.697 0.0000000000
98800  -44.231  27.983  12.363 0.0000000000
99499  -43.538  28.569  12.445 0.0000000000
140605  -43.707  26.702  11.305 0.0000000000
94587  -41.836  22.180  19.302 0.0000000000
96237  -48.380  25.028  15.209 0.0000000000
96256  -50.785  24.883  13.914 0.0000000000
97977  -39.741  26.708  16.653 0.0000000000
98806  -51.963  28.530  11.667 0.0000000000
99453  -38.572  27.893  16.134 0.0000000000
99474  -41.370  29.054  15.857 0.0000000000
100132  -51.303  30.464  14.686 0.0000000000
100143  -51.539  30.157  13.648 0.0000000000
100167  -51.551  29.448  12.134 0.0000000000
100753  -51.076  31.857  14.835 0.0000000000
100754  -51.354  31.263  14.851 0.0000000000
100764  -41.024  30.917  13.707 0.0000000000
100777  -51.318  30.475  13.560 0.0000000000
101415  -37.542  32.176  12.219 0.0000000000
102172  -37.504  32.981  11.693 0.0000000000
102931  -40.893  33.141  11.306 0.0000000000
103052  -46.429  33.582  -0.843 0.0000000000
103057  -45.686  33.613  -0.925 0.0000000000
103059  -46.783  33.707  -1.055 0.0000000000
103766  -37.907  33.914  11.021 0.0000000000
103808  -47.361  34.594  5.770 0.0000000000
103858  -46.291  34.153  2.111 0.0000000000
103905  -44.902  34.391  -1.986 0.0000000000
104486  -47.722  35.364  10.832 0.0000000000
104521  -47.425  34.958  6.494 0.0000000000
104592  -47.781  35.400  -2.032 0.0000000000
104607  -47.596  35.415  -2.234 0.0000000000
105141  -27.697  36.249  10.051 0.0000000000
105149  -29.428  36.665  9.337 0.0000000000
105166  -31.939  36.667  8.724 0.0000000000
105167  -32.786  36.664  8.669 0.0000000000
105173  -39.558  36.940  8.375 0.0000000000
105225  -42.703  37.098  1.962 0.0000000000
105734  -25.213  37.637  10.790 0.0000000000
105743  -25.787  37.782  9.833 0.0000000000
105746  -28.493  37.069  9.071 0.0000000000
105751  -28.832  37.668  8.473 0.0000000000
105753  -30.534  37.321  8.277 0.0000000000
105759  -36.651  37.247  8.237 0.0000000000
105766  -30.933  37.778  7.674 0.0000000000
105776  -40.426  37.284  7.567 0.0000000000
105817  -40.673  37.638  3.683 0.0000000000
105818  -41.294  37.443  3.391 0.0000000000
105831  -42.102  37.420  2.368 0.0000000000
106338  -25.408  37.857  10.227 0.0000000000
106352  -29.824  38.535  7.445 0.0000000000
106355  -32.977  37.986  6.941 0.0000000000
106358  -31.318  39.002  6.571 0.0000000000
106360  -33.378  38.527  6.473 0.0000000000
106362  -35.905  38.127  6.294 0.0000000000
106374  -38.622  38.447  4.338 0.0000000000
106386  -38.767  38.884  3.771 0.0000000000
106415  -41.752  38.678  1.972 0.0000000000
106908  -25.440  39.644  9.638 0.0000000000
106917  -28.140  39.635  7.908 0.0000000000
106922  -30.064  39.099  6.979 0.0000000000
106924  -30.154  39.847  6.767 0.0000000000
106925  -30.706  39.455  6.637 0.0000000000
106926  -31.347  39.780  6.380 0.0000000000
106931  -32.523  39.907  5.875 0.0000000000
106993  -42.086  39.284  1.774 0.0000000000
107015  -45.233  39.272  0.525 0.0000000000
107492  -31.492  40.666  6.362 0.0000000000
107501  -34.503  40.747  5.067 0.0000000000
107507  -35.114  40.939  4.782 0.0000000000
107516  -39.471  40.298  3.047 0.0000000000
107541  -42.495  40.044  1.700 0.0000000000
108070  -28.234  41.233  8.304 0.0000000000
108075  -28.786  41.003  7.812 0.0000000000
108078  -31.167  41.942  7.213 0.0000000000
108087  -32.117  41.366  6.309 0.0000000000
108095  -32.629  41.103  5.819 0.0000000000
108103  -35.459  41.498  4.616 0.0000000000
108107  -37.522  41.245  3.682 0.0000000000
108113  -39.885  41.038  2.838 0.0000000000
108744  -38.157  42.722  3.908 0.0000000000
124560  -35.077  38.277  6.381 0.0000000000
126950  -40.144  36.372  8.640 0.0000000000
127064  -37.785  38.052  5.512 0.0000000000
127168  -37.894  37.637  6.704 0.0000000000
129055  -37.076  38.338  5.579 0.0000000000
129174  -36.924  37.481  7.543 0.0000000000
130765  -40.995  21.583  19.973 0.0000000000
132128  -44.156  25.723  16.375 0.0000000000
132822  -36.502  40.548  4.375 0.0000000000
133118  -40.837  38.813  2.547 0.0000000000
133903  -26.884  41.093  8.962 0.0000000000
139332  -37.039  40.011  4.340 0.0000000000
139721  -33.786  37.188  8.020 0.0000000000
139827  -42.851  21.700  20.214 0.0000000000
139960  -25.166  39.083  9.901 0.0000000000
141670  -31.874  38.625  6.657 0.0000000000
141993  -38.001  37.715  6.063 0.0000000000
142298  -49.137  22.277  18.561 0.0000000000
144676  -35.150  39.456  5.530 0.0000000000
144808  -48.883  32.540  15.155 0.0000000000
145646  -37.506  33.544  11.333 0.0000000000
