#!ascii label  , from subject sub-v1s10x0051055_ses-1 vox2ras=TkReg
565
47657  14.380  -11.069  -20.839 0.1428571492
46712  13.342  -11.371  -20.806 0.1428571492
47685  13.376  -10.579  -22.653 0.1428571492
46710  15.053  -11.500  -20.448 0.1428571492
47668  14.631  -10.651  -21.356 0.2857142985
47658  13.565  -10.904  -21.803 0.1428571492
47656  15.277  -10.874  -20.877 0.1428571492
48552  14.910  -9.853  -23.015 0.5714285970
47666  16.123  -10.155  -21.710 0.1428571492
47683  17.452  -9.809  -22.323 0.2857142985
48534  16.453  -9.767  -22.267 0.2857142985
49367  17.676  -9.093  -22.958 0.1428571492
111830  18.605  -7.159  -24.105 0.2857142985
50126  17.971  -7.630  -23.962 0.1428571492
51774  19.258  -5.252  -25.322 0.2857142985
50941  19.338  -6.560  -24.246 0.2857142985
52620  18.846  -4.899  -26.141 0.2857142985
53429  19.527  -3.606  -26.919 0.2857142985
55045  19.904  -2.037  -29.619 0.8571428657
54241  19.565  -2.788  -28.225 0.4285714328
53415  19.936  -3.951  -26.144 0.2857142985
55776  20.718  -0.709  -30.749 0.7142857313
55769  20.392  -1.390  -29.989 0.7142857313
54251  19.894  -2.406  -28.806 0.7142857313
57515  21.581  0.533  -30.714 0.8571428657
56646  21.021  -0.099  -31.183 0.5714285970
57526  20.758  0.226  -31.204 0.8571428657
55784  20.267  -0.999  -30.683 0.7142857313
55052  20.018  -1.432  -30.316 0.7142857313
58342  21.923  2.600  -31.584 0.4285714328
57525  21.260  0.815  -31.291 0.7142857313
59797  22.756  4.053  -31.784 0.2857142985
60528  22.631  4.555  -31.872 0.5714285970
59063  21.780  3.187  -31.682 0.7142857313
58332  21.574  1.772  -31.417 0.8571428657
106687  23.307  5.199  -32.106 0.1428571492
60527  23.528  4.797  -31.979 0.1428571492
59798  22.090  3.805  -31.825 0.5714285970
61931  23.865  7.212  -32.241 0.1428571492
61211  23.976  5.569  -32.319 0.1428571492
61212  23.451  5.869  -32.226 0.1428571492
97668  22.769  5.353  -31.903 0.4285714328
59786  21.654  3.721  -31.629 0.8571428657
63312  23.760  9.013  -32.211 0.1428571492
62628  23.935  8.009  -32.077 0.1428571492
62629  23.454  8.360  -31.847 0.1428571492
61225  23.360  6.777  -32.053 0.1428571492
61920  22.563  7.309  -31.221 0.4285714328
102482  22.726  6.288  -31.587 0.5714285970
61213  22.166  5.778  -30.991 0.7142857313
60518  21.631  4.449  -30.942 0.8571428657
63323  23.320  9.579  -32.573 0.1428571492
62617  22.858  8.185  -31.388 0.5714285970
61199  21.558  5.298  -30.464 0.8571428657
64037  23.454  10.123  -33.346 0.1428571492
63313  23.072  9.007  -31.677 0.1428571492
107446  22.813  9.643  -31.810 0.8571428657
109790  21.456  7.493  -30.371 0.8571428657
65577  22.916  11.637  -33.562 0.1428571492
112577  22.650  12.090  -34.483 0.1428571492
64024  22.854  10.114  -32.402 0.4285714328
64025  22.486  10.268  -31.131 0.8571428657
63314  22.278  9.547  -30.797 0.8571428657
62618  21.994  8.160  -30.678 0.8571428657
62619  20.892  8.307  -29.962 0.8571428657
64787  22.846  10.846  -32.825 0.4285714328
106952  21.274  9.700  -30.069 0.8571428657
63303  21.566  8.978  -30.302 0.8571428657
101616  22.905  12.688  -33.485 0.2857142985
105884  22.713  11.666  -32.469 0.5714285970
65558  22.623  12.289  -31.616 0.8571428657
64779  22.516  11.488  -31.611 0.8571428657
64769  22.072  11.265  -30.551 0.8571428657
64014  21.635  10.366  -30.274 0.8571428657
66370  22.784  13.498  -33.994 0.2857142985
103824  22.684  12.994  -32.022 0.8571428657
115896  21.897  12.006  -30.340 0.8571428657
65547  21.859  12.587  -30.326 0.8571428657
106425  21.184  11.049  -29.755 0.8571428657
66360  22.942  13.657  -32.609 0.8571428657
66351  22.916  13.835  -31.253 0.8571428657
66339  22.595  13.069  -30.813 0.8571428657
67121  22.541  13.994  -30.648 0.7142857313
66340  21.835  13.411  -30.307 0.7142857313
67148  22.939  14.364  -33.218 0.8571428657
67149  22.875  14.498  -31.901 0.8571428657
67883  22.696  15.220  -31.189 0.8571428657
68632  22.620  16.147  -31.606 0.8571428657
67139  22.249  14.836  -30.619 0.7142857313
68643  22.959  16.637  -33.368 0.7142857313
67898  22.905  15.945  -32.945 0.8571428657
68631  22.847  16.813  -32.218 0.8571428657
70038  23.311  18.201  -32.833 0.7142857313
67138  22.834  14.493  -30.937 0.8571428657
71492  21.344  20.042  -38.192 0.1428571492
69369  23.061  17.337  -33.809 0.8571428657
111433  23.296  18.198  -33.727 0.7142857313
70770  23.264  19.274  -34.696 0.7142857313
72216  21.676  21.525  -39.213 0.1428571492
71482  23.231  20.144  -35.726 0.5714285970
72198  23.494  20.859  -35.926 0.5714285970
117124  23.751  21.790  -36.275 0.5714285970
100210  23.146  21.551  -37.489 0.1428571492
72849  21.464  22.171  -40.285 0.1428571492
72828  23.894  22.891  -36.679 0.5714285970
73488  21.468  23.501  -40.612 0.1428571492
74139  21.243  24.324  -40.946 0.1428571492
101133  23.143  22.850  -38.389 0.1428571492
74796  21.028  25.428  -41.103 0.1428571492
72833  23.459  22.409  -37.557 0.5714285970
74795  22.216  24.927  -39.801 0.1428571492
75465  20.642  26.332  -41.817 0.1428571492
75458  22.144  25.964  -39.763 0.1428571492
45907  14.718  -12.112  -20.086 0.1428571492
100901  13.752  -12.092  -20.153 0.1428571492
47667  15.397  -10.384  -21.524 0.2857142985
47655  16.240  -10.681  -21.092 0.1428571492
99740  16.891  -10.301  -21.709 0.2857142985
101135  18.755  -7.783  -23.673 0.2857142985
49383  18.052  -8.357  -23.463 0.1428571492
52634  19.206  -4.264  -26.550 0.2857142985
57524  21.886  1.338  -30.927 0.2857142985
59052  22.559  2.965  -31.227 0.1428571492
101137  20.887  1.542  -31.285 0.8571428657
107110  21.978  4.200  -31.812 0.7142857313
63322  23.806  9.571  -33.061 0.1428571492
70775  22.769  19.244  -35.581 0.7142857313
71487  22.839  20.292  -36.571 0.2857142985
72848  21.631  22.868  -40.132 0.1428571492
74809  20.995  25.558  -42.546 0.1428571492
45892  12.973  -13.034  -20.010 0.1428571492
48535  15.544  -9.962  -22.259 0.4285714328
48550  16.759  -9.268  -22.933 0.2857142985
48551  15.838  -9.511  -22.961 0.4285714328
48570  15.242  -9.302  -23.602 0.2857142985
50125  19.296  -7.290  -23.813 0.2857142985
50942  18.352  -6.614  -24.653 0.2857142985
51762  18.836  -5.929  -24.920 0.2857142985
54252  19.502  -2.396  -28.784 0.7142857313
61930  24.405  7.332  -32.131 0.1428571492
63311  24.076  9.267  -32.624 0.1428571492
64046  23.792  10.516  -33.961 0.1428571492
64047  23.229  10.862  -33.892 0.2857142985
64800  22.950  11.557  -34.413 0.1428571492
106227  21.337  6.197  -30.243 0.8571428657
66371  22.320  12.729  -34.821 0.1428571492
67159  22.122  13.438  -34.944 0.1428571492
67158  22.450  14.172  -34.507 0.2857142985
109452  21.041  12.842  -29.934 0.8571428657
67912  22.789  15.044  -33.813 0.5714285970
109897  22.595  16.495  -34.453 0.5714285970
69379  22.289  16.782  -34.986 0.5714285970
70049  22.496  18.367  -35.416 0.7142857313
70780  22.190  19.307  -36.525 0.4285714328
70776  21.578  18.191  -36.662 0.2857142985
71488  21.568  19.487  -37.481 0.2857142985
72210  22.133  21.066  -38.218 0.1428571492
72215  22.808  21.993  -38.334 0.1428571492
73474  23.655  24.062  -37.760 0.2857142985
72841  22.257  22.496  -39.214 0.1428571492
74138  22.138  24.109  -39.817 0.1428571492
74132  23.105  24.358  -38.787 0.1428571492
74788  23.040  25.414  -38.746 0.1428571492
75459  21.035  26.640  -40.851 0.1428571492
75451  22.097  27.010  -39.701 0.1428571492
76079  20.648  27.282  -41.837 0.1428571492
115677  21.885  15.314  -35.528 0.4285714328
68656  21.826  16.008  -35.512 0.4285714328
69380  21.652  16.653  -35.957 0.4285714328
70050  21.628  17.383  -36.285 0.4285714328
70044  22.568  17.606  -34.927 0.5714285970
46711  14.291  -11.600  -20.429 0.1428571492
45908  12.685  -12.057  -20.416 0.1428571492
47684  14.459  -10.366  -22.295 0.4285714328
55785  20.064  -1.071  -30.585 0.7142857313
59062  22.275  3.334  -31.672 0.5714285970
61932  23.370  7.624  -31.858 0.2857142985
61224  24.137  6.475  -32.347 0.1428571492
61921  21.928  6.677  -30.715 0.8571428657
63302  22.436  8.779  -30.908 0.8571428657
109215  22.512  10.722  -31.771 0.8571428657
65546  22.369  12.155  -30.738 0.8571428657
64770  21.256  11.927  -29.920 0.8571428657
67899  22.879  15.218  -32.421 0.8571428657
72204  23.417  21.244  -36.588 0.5714285970
97077  21.361  22.830  -41.237 0.1428571492
100388  23.616  23.253  -37.607 0.4285714328
73487  22.515  23.411  -39.276 0.1428571492
74153  20.877  24.948  -42.286 0.1428571492
73494  21.073  23.805  -41.800 0.1428571492
73481  23.317  23.583  -38.361 0.1428571492
49382  19.600  -7.878  -23.544 0.1428571492
68655  22.529  15.737  -34.457 0.5714285970
51775  18.457  -5.533  -25.728 0.5714285970
50967  17.134  -5.873  -26.471 0.5714285970
50955  16.326  -6.597  -26.081 0.5714285970
51777  15.182  -6.103  -25.959 0.2857142985
51790  17.414  -5.427  -26.794 0.5714285970
52637  16.317  -5.441  -26.839 0.5714285970
102982  14.850  -6.640  -25.361 0.4285714328
51791  16.906  -5.625  -26.828 0.5714285970
51778  14.684  -5.263  -25.930 0.2857142985
51793  15.483  -5.428  -26.452 0.4285714328
53430  18.838  -3.960  -27.370 0.4285714328
52645  17.273  -4.331  -27.574 0.5714285970
52646  16.493  -4.661  -27.254 0.5714285970
112459  15.962  -4.144  -27.172 0.4285714328
53439  18.550  -3.579  -27.974 0.5714285970
53440  17.818  -3.648  -27.943 0.5714285970
53449  18.326  -3.087  -28.315 0.7142857313
54243  17.399  -2.831  -27.976 0.4285714328
54253  18.887  -2.559  -28.617 0.4285714328
52638  15.753  -4.743  -26.891 0.4285714328
52639  14.996  -4.606  -26.395 0.2857142985
53441  16.515  -3.841  -27.452 0.4285714328
97008  19.447  -2.057  -29.090 0.7142857313
55048  17.800  -1.301  -28.350 0.4285714328
56638  18.831  0.209  -28.866 0.7142857313
56639  17.805  0.463  -28.666 0.5714285970
57516  18.322  1.073  -28.904 0.7142857313
57517  17.399  1.115  -29.001 0.2857142985
55046  19.815  -1.691  -29.914 0.5714285970
97776  18.965  -1.385  -28.844 0.7142857313
56637  19.402  0.673  -29.391 0.7142857313
57528  18.842  1.669  -29.178 0.7142857313
58334  19.227  2.299  -29.335 0.7142857313
58335  18.150  2.465  -29.399 0.7142857313
57529  17.785  1.763  -29.247 0.4285714328
59056  17.703  3.208  -29.980 0.4285714328
56647  20.530  -0.554  -31.003 0.5714285970
105129  19.598  -0.254  -29.770 0.5714285970
57527  20.157  1.036  -30.189 0.5714285970
59055  19.517  3.111  -29.435 0.7142857313
59789  19.220  4.560  -29.599 0.7142857313
100274  18.594  3.839  -29.652 0.7142857313
59799  18.183  4.753  -29.998 0.5714285970
60530  17.853  5.540  -30.334 0.5714285970
58343  21.460  2.540  -31.502 0.7142857313
59054  20.630  3.063  -30.278 0.5714285970
58333  20.192  2.231  -29.858 0.5714285970
60520  19.934  5.145  -29.595 0.8571428657
59064  17.577  4.132  -30.455 0.4285714328
61201  19.519  6.010  -29.645 0.7142857313
61202  18.419  6.143  -29.876 0.7142857313
61215  19.130  6.904  -29.666 0.7142857313
103657  19.677  3.795  -29.509 0.7142857313
61200  20.657  5.711  -29.832 0.8571428657
61214  20.309  6.584  -29.733 0.8571428657
61924  18.285  7.496  -29.949 0.5714285970
106877  18.689  8.875  -29.976 0.2857142985
61922  20.240  7.515  -29.685 0.7142857313
63305  19.473  9.757  -29.688 0.7142857313
113511  21.042  6.933  -30.126 0.7142857313
61923  19.255  7.720  -29.658 0.8571428657
64015  20.567  10.292  -29.586 0.8571428657
107208  19.722  8.450  -29.592 0.8571428657
64016  19.753  10.614  -29.629 0.8571428657
64017  18.812  10.501  -30.162 0.7142857313
63304  20.446  9.244  -29.619 0.8571428657
64771  20.358  11.351  -29.573 0.8571428657
65548  19.741  12.176  -29.760 0.7142857313
67872  21.202  15.125  -30.347 0.7142857313
67884  21.887  15.849  -30.733 0.5714285970
67873  19.962  15.300  -30.275 0.7142857313
68617  22.483  16.996  -31.512 0.7142857313
69347  22.747  17.572  -31.769 0.8571428657
100873  22.529  18.240  -31.503 0.7142857313
68619  21.222  16.705  -30.621 0.7142857313
70022  22.239  18.910  -31.340 0.7142857313
70751  22.564  19.629  -31.615 0.7142857313
70023  21.448  18.902  -31.137 0.5714285970
106405  23.279  18.820  -32.276 0.7142857313
70750  23.266  19.639  -32.152 0.7142857313
70752  21.750  19.595  -31.394 0.5714285970
111834  23.294  20.438  -32.311 0.4285714328
71453  22.798  20.353  -31.888 0.5714285970
71454  22.016  20.329  -31.671 0.5714285970
98657  23.671  19.723  -33.786 0.5714285970
107879  21.032  19.510  -31.339 0.5714285970
71470  24.009  21.659  -33.674 0.5714285970
71461  23.008  20.995  -32.186 0.5714285970
72176  22.355  20.860  -31.988 0.5714285970
71455  20.983  20.274  -31.648 0.4285714328
70753  20.410  19.750  -31.553 0.4285714328
72807  22.419  22.230  -32.655 0.5714285970
71462  21.434  21.138  -32.087 0.5714285970
72190  23.895  22.357  -33.535 0.5714285970
71463  20.211  21.112  -32.211 0.4285714328
70026  17.977  19.140  -32.359 0.4285714328
72808  21.512  22.000  -32.522 0.5714285970
112332  20.749  22.492  -32.848 0.4285714328
55036  20.368  -2.013  -28.715 0.2857142985
102058  20.510  21.862  -32.576 0.4285714328
72183  19.442  21.849  -32.725 0.2857142985
50159  15.792  -7.532  -25.231 0.5714285970
51789  18.107  -5.207  -26.550 0.2857142985
52635  18.458  -4.569  -26.946 0.2857142985
107400  17.112  -3.526  -27.729 0.4285714328
53432  14.534  -3.777  -26.327 0.2857142985
53442  15.764  -3.398  -27.203 0.2857142985
55768  21.038  -1.013  -28.530 0.2857142985
56640  16.375  0.346  -28.864 0.2857142985
67122  21.595  14.262  -30.306 0.7142857313
67123  20.514  14.458  -30.185 0.7142857313
69340  21.871  18.229  -31.057 0.7142857313
70024  20.408  18.979  -31.315 0.5714285970
71456  19.892  20.360  -31.892 0.2857142985
71471  23.888  20.833  -33.496 0.5714285970
71475  23.644  20.196  -34.676 0.5714285970
71474  23.977  21.239  -34.330 0.5714285970
72182  22.351  21.484  -32.296 0.5714285970
116279  16.795  -2.326  -27.766 0.4285714328
59787  21.115  3.916  -30.627 0.7142857313
60519  20.986  4.792  -29.984 0.7142857313
109034  23.065  18.216  -32.022 0.8571428657
54242  19.001  -3.053  -28.432 0.5714285970
101837  20.170  13.007  -29.734 0.7142857313
56648  20.138  -0.171  -30.724 0.5714285970
51776  17.689  -5.759  -26.134 0.5714285970
50968  16.606  -6.036  -26.448 0.5714285970
50954  17.099  -6.385  -25.897 0.4285714328
51792  15.930  -6.174  -26.367 0.5714285970
50956  15.680  -6.902  -25.785 0.5714285970
52636  17.723  -4.863  -27.222 0.5714285970
51800  17.024  -5.151  -27.238 0.5714285970
50160  15.165  -7.362  -25.107 0.5714285970
52644  18.116  -4.218  -27.627 0.5714285970
54254  18.027  -2.341  -28.389 0.5714285970
55037  17.127  -1.912  -28.015 0.4285714328
55047  18.645  -1.987  -28.650 0.5714285970
55778  18.293  -0.435  -28.581 0.5714285970
55779  17.107  -0.163  -28.443 0.4285714328
55777  19.351  -0.873  -29.421 0.7142857313
107515  17.046  0.584  -28.779 0.2857142985
102591  18.528  3.068  -29.461 0.7142857313
59788  20.361  4.222  -29.706 0.5714285970
60521  18.826  5.382  -29.732 0.7142857313
114459  18.750  8.147  -29.801 0.5714285970
62620  17.883  8.119  -30.439 0.2857142985
115500  19.622  9.108  -29.614 0.8571428657
68618  22.048  16.800  -30.985 0.7142857313
69348  22.216  17.568  -31.229 0.7142857313
70021  22.913  18.902  -31.757 0.8571428657
55038  16.206  -1.836  -27.646 0.4285714328
48554  13.220  -10.066  -23.017 0.4285714328
52605  20.042  -4.901  -24.939 0.1428571492
52619  19.599  -4.580  -25.725 0.1428571492
54232  19.875  -3.039  -27.356 0.1428571492
54240  20.115  -2.506  -27.894 0.1428571492
111549  20.351  -4.314  -25.446 0.1428571492
54231  20.551  -2.615  -26.839 0.1428571492
53428  20.307  -3.324  -26.504 0.1428571492
54239  20.671  -2.043  -27.311 0.1428571492
109126  21.008  -0.687  -29.710 0.2857142985
66341  20.847  13.662  -30.074 0.5714285970
98050  21.588  29.486  -40.344 0.1428571492
65549  18.801  12.045  -30.381 0.4285714328
67124  19.527  14.509  -30.317 0.4285714328
67886  19.847  16.069  -30.405 0.4285714328
102935  23.308  26.530  -36.290 0.2857142985
74115  23.750  24.484  -34.478 0.2857142985
72823  24.128  23.042  -34.190 0.2857142985
74114  24.124  24.310  -35.302 0.2857142985
101572  17.512  14.896  -31.790 0.1428571492
108832  21.548  17.496  -30.822 0.5714285970
74772  23.291  25.151  -34.289 0.2857142985
72194  24.162  22.081  -34.232 0.4285714328
68622  18.435  16.186  -31.177 0.4285714328
69350  19.628  17.301  -30.888 0.5714285970
74108  23.202  24.523  -33.849 0.2857142985
68623  17.830  16.703  -31.892 0.4285714328
69351  18.920  17.880  -31.472 0.2857142985
73459  21.534  23.530  -33.229 0.1428571492
72816  22.470  22.998  -33.048 0.1428571492
73458  22.473  23.752  -33.352 0.1428571492
69352  18.017  17.644  -32.021 0.1428571492
70025  19.098  18.836  -31.653 0.4285714328
74110  21.625  24.306  -33.427 0.1428571492
75426  22.257  25.715  -33.746 0.1428571492
102751  18.242  18.396  -32.036 0.2857142985
72818  20.438  23.217  -33.260 0.2857142985
115099  18.571  22.216  -32.623 0.1428571492
74767  21.684  25.167  -33.564 0.1428571492
104911  20.610  24.080  -33.446 0.1428571492
98520  19.713  23.932  -33.400 0.1428571492
74111  20.804  24.763  -33.503 0.1428571492
102787  19.957  24.672  -33.476 0.1428571492
48572  13.723  -9.593  -23.299 0.4285714328
115455  13.676  -7.939  -23.745 0.2857142985
103576  19.733  -5.659  -24.595 0.1428571492
53414  20.672  -3.694  -25.771 0.1428571492
66342  19.872  13.799  -30.072 0.2857142985
73470  24.138  23.628  -36.006 0.2857142985
74773  22.885  25.709  -34.024 0.2857142985
74118  23.939  24.975  -35.797 0.2857142985
75434  22.500  26.366  -34.198 0.2857142985
99651  13.147  -7.955  -22.989 0.2857142985
104392  19.051  -8.485  -23.337 0.1428571492
48567  18.571  -9.074  -22.961 0.1428571492
50940  20.432  -6.234  -24.123 0.1428571492
56636  21.311  -0.150  -30.285 0.1428571492
69359  17.142  17.396  -32.522 0.1428571492
65559  19.097  13.023  -30.369 0.4285714328
67888  17.671  15.747  -31.785 0.2857142985
104789  19.993  18.098  -31.131 0.5714285970
103192  24.059  21.671  -34.876 0.4285714328
75439  23.053  26.495  -35.308 0.2857142985
74777  23.577  25.721  -35.831 0.2857142985
74121  24.034  24.418  -36.262 0.2857142985
74122  23.863  25.121  -36.588 0.2857142985
75443  23.410  26.663  -37.045 0.2857142985
75446  23.190  27.161  -37.724 0.1428571492
76629  22.574  28.602  -37.941 0.1428571492
75427  21.442  26.029  -33.681 0.2857142985
104755  22.684  27.281  -38.726 0.1428571492
76069  22.093  27.912  -39.576 0.1428571492
104904  22.954  26.446  -38.563 0.1428571492
57514  22.174  1.356  -29.498 0.2857142985
73473  23.905  23.783  -36.898 0.4285714328
75440  22.816  27.133  -35.850 0.2857142985
113096  23.627  25.026  -37.699 0.2857142985
74782  23.447  25.862  -37.907 0.1428571492
48571  14.401  -9.503  -23.499 0.4285714328
48553  13.947  -10.108  -23.103 0.4285714328
71481  23.773  20.959  -35.183 0.4285714328
72825  24.135  22.930  -35.774 0.2857142985
67885  20.753  15.960  -30.415 0.5714285970
68620  20.236  16.682  -30.549 0.5714285970
69341  21.037  18.215  -30.853 0.5714285970
73467  24.233  23.378  -35.112 0.2857142985
72809  19.752  22.567  -33.056 0.2857142985
72817  21.533  22.764  -32.885 0.2857142985
69349  20.640  17.433  -30.702 0.5714285970
72806  23.273  22.383  -32.961 0.2857142985
73464  23.695  23.846  -33.953 0.2857142985
52618  20.854  -4.620  -24.807 0.1428571492
67125  18.700  14.460  -30.742 0.2857142985
75433  23.237  25.785  -34.774 0.2857142985
102721  23.738  25.107  -35.068 0.2857142985
73463  24.094  23.813  -34.557 0.2857142985
68621  19.298  16.532  -30.723 0.4285714328
74766  22.642  25.149  -33.768 0.1428571492
104705  18.672  17.044  -31.341 0.4285714328
49368  13.208  -9.124  -23.028 0.2857142985
55028  21.295  -1.390  -27.194 0.1428571492
74779  23.632  25.934  -36.969 0.2857142985
113510  23.397  26.417  -37.606 0.2857142985
76068  22.731  27.933  -38.356 0.1428571492
61925  17.466  7.368  -30.913 0.2857142985
76051  21.265  27.629  -34.341 0.1428571492
114861  22.431  27.496  -35.581 0.1428571492
76613  20.946  28.436  -34.719 0.1428571492
99695  19.650  25.234  -33.298 0.1428571492
76059  21.976  27.878  -35.227 0.1428571492
75428  20.308  26.372  -33.687 0.1428571492
74769  19.603  26.008  -33.334 0.1428571492
75435  21.459  26.886  -33.956 0.1428571492
76052  19.816  27.573  -34.262 0.1428571492
77115  20.238  29.146  -34.914 0.1428571492
75436  20.367  27.062  -34.007 0.1428571492
76043  19.036  27.412  -33.557 0.1428571492
76614  19.299  28.291  -34.480 0.1428571492
61216  17.889  6.773  -30.253 0.2857142985
75429  19.484  26.956  -33.700 0.1428571492
76053  18.882  27.711  -34.092 0.1428571492
77121  20.760  29.660  -35.960 0.1428571492
53438  19.210  -3.376  -27.802 0.2857142985
76050  22.338  27.220  -34.861 0.1428571492
76064  22.516  27.780  -36.202 0.1428571492
76620  21.843  28.446  -35.807 0.1428571492
109247  19.276  26.585  -33.194 0.1428571492
101421  16.225  -7.903  -24.724 0.4285714328
50128  16.790  -8.074  -24.153 0.2857142985
50127  17.389  -8.003  -23.891 0.1428571492
50158  16.507  -7.162  -25.418 0.2857142985
97809  17.174  -7.533  -24.513 0.1428571492
50943  17.500  -6.841  -25.047 0.2857142985
49397  16.217  -8.426  -24.142 0.2857142985
50953  17.997  -6.181  -25.381 0.2857142985
50147  15.431  -8.033  -24.715 0.4285714328
50146  17.920  -7.155  -24.449 0.1428571492
48568  16.989  -8.560  -23.544 0.1428571492
68612  19.101  15.763  -30.553 0.2857142985
49398  14.884  -8.400  -24.404 0.2857142985
49385  14.687  -8.901  -23.984 0.2857142985
50148  14.681  -7.812  -24.603 0.2857142985
55049  16.637  -1.024  -28.076 0.2857142985
58336  17.307  2.317  -29.870 0.1428571492
62631  17.168  8.013  -31.542 0.1428571492
62630  17.510  8.826  -30.946 0.1428571492
63315  17.236  9.525  -31.519 0.1428571492
64773  18.189  11.238  -30.543 0.1428571492
64780  17.346  11.118  -31.385 0.1428571492
66353  17.596  13.546  -31.579 0.1428571492
67874  19.067  15.075  -30.473 0.1428571492
67141  17.235  14.168  -31.908 0.1428571492
67140  17.977  14.332  -31.433 0.1428571492
70754  19.591  19.641  -31.724 0.1428571492
71457  19.072  20.239  -32.142 0.1428571492
71464  19.010  21.052  -32.492 0.1428571492
71465  18.238  20.486  -32.486 0.1428571492
49384  15.474  -8.652  -24.170 0.1428571492
64772  19.345  11.295  -30.007 0.2857142985
65560  17.782  12.056  -31.038 0.1428571492
67887  18.330  15.219  -31.134 0.1428571492
54244  16.477  -2.863  -27.544 0.2857142985
58344  16.804  2.879  -30.603 0.1428571492
59800  17.334  4.998  -30.853 0.1428571492
60531  17.026  5.883  -31.276 0.1428571492
99456  17.620  6.168  -30.580 0.1428571492
61940  16.547  7.918  -32.193 0.1428571492
102930  17.007  8.780  -31.882 0.1428571492
112514  18.412  12.530  -30.665 0.1428571492
66361  16.879  13.412  -32.115 0.1428571492
70030  17.163  19.426  -32.858 0.1428571492
70755  18.587  19.706  -32.154 0.1428571492
63306  18.145  9.653  -30.431 0.1428571492
116524  17.233  18.543  -32.740 0.1428571492
54245  15.495  -2.493  -27.303 0.1428571492
66352  18.412  13.703  -30.992 0.1428571492
49399  14.280  -8.270  -24.151 0.2857142985
55780  16.035  -0.290  -28.438 0.1428571492
64026  17.638  10.401  -30.826 0.1428571492
49369  12.637  -8.457  -22.379 0.1428571492
103030  12.239  -7.774  -21.669 0.1428571492
98545  14.401  -7.041  -24.764 0.1428571492
58325  22.519  2.127  -29.771 0.1428571492
47686  12.718  -10.504  -22.537 0.1428571492
50129  13.166  -7.080  -23.570 0.1428571492
104098  13.925  -7.487  -24.260 0.1428571492
111554  14.410  -5.859  -25.389 0.1428571492
111403  21.998  14.772  -35.680 0.1428571492
51779  13.839  -5.026  -25.266 0.1428571492
67167  22.069  14.030  -35.271 0.1428571492
58331  22.203  2.176  -31.102 0.1428571492
53431  15.321  -3.953  -26.795 0.1428571492
49386  13.831  -8.798  -23.617 0.1428571492
48555  12.656  -9.565  -22.541 0.1428571492
50944  14.176  -6.347  -24.911 0.1428571492
59053  21.385  3.249  -31.428 0.7142857313
60529  22.160  4.860  -31.509 0.7142857313
64758  20.523  12.264  -29.664 0.8571428657
65568  22.835  12.259  -32.644 0.8571428657
66343  19.122  13.902  -30.472 0.4285714328
67924  22.065  14.803  -35.042 0.2857142985
69358  23.080  17.480  -32.580 0.8571428657
71460  23.654  20.148  -32.809 0.7142857313
71491  22.492  20.629  -37.384 0.1428571492
72181  23.141  21.646  -32.575 0.7142857313
72191  23.724  21.685  -33.054 0.5714285970
72197  23.867  21.602  -35.699 0.5714285970
72203  23.957  22.274  -36.054 0.4285714328
72815  23.393  23.210  -33.448 0.2857142985
72829  23.677  22.010  -36.789 0.5714285970
73457  23.104  23.969  -33.579 0.1428571492
73495  20.924  24.456  -42.163 0.1428571492
74109  22.489  24.479  -33.556 0.1428571492
74125  23.855  24.471  -37.047 0.2857142985
74146  20.774  24.653  -41.946 0.1428571492
74803  20.698  25.483  -42.134 0.1428571492
101940  24.195  22.434  -35.102 0.4285714328
103218  23.288  18.712  -34.239 0.7142857313
105747  23.535  21.007  -32.647 0.5714285970
114609  23.557  19.069  -33.050 0.7142857313
116349  15.829  -8.290  -24.479 0.4285714328
