#!ascii label  , from subject sub-v1s18x0051241_ses-1 vox2ras=TkReg
1869
6685  -47.167  -54.390  27.449 0.1000000015
6704  -46.922  -54.432  26.723 0.1000000015
6716  -45.242  -54.538  25.543 0.1000000015
6717  -46.229  -54.501  25.368 0.1000000015
6738  -46.640  -54.355  24.588 0.1000000015
6739  -47.566  -53.886  24.488 0.1000000015
116735  -46.330  -54.351  23.129 0.1000000015
112446  -47.690  -53.474  22.912 0.1000000015
7462  -48.792  -52.719  22.866 0.1000000015
7460  -47.240  -53.544  22.020 0.1000000015
7461  -48.265  -52.721  22.116 0.1000000015
7473  -47.948  -52.667  21.266 0.1000000015
7472  -47.218  -53.316  21.055 0.1000000015
110926  -48.561  -51.974  20.701 0.1000000015
115092  -47.314  -51.441  20.817 0.1000000015
7491  -47.683  -52.575  20.242 0.1000000015
8777  -47.769  -51.886  19.442 0.1000000015
7507  -47.648  -52.126  19.241 0.1000000015
7390  -48.030  -53.810  27.665 0.1000000015
7405  -47.533  -54.081  26.034 0.1000000015
7391  -48.652  -53.555  26.849 0.1000000015
116928  -48.207  -53.762  26.318 0.1000000015
7406  -49.109  -53.407  26.097 0.1000000015
7446  -48.162  -53.449  23.671 0.1000000015
7434  -50.123  -52.532  24.186 0.1000000015
8127  -48.912  -52.065  21.330 0.1000000015
9310  -44.313  -49.912  25.895 0.1000000015
9329  -44.280  -50.744  24.749 0.1000000015
9330  -45.113  -50.897  24.903 0.1000000015
8698  -45.812  -51.325  24.188 0.1000000015
8738  -46.435  -51.431  22.448 0.1000000015
8739  -47.656  -51.435  22.436 0.1000000015
102745  -47.467  -51.418  21.580 0.1000000015
110838  -48.620  -51.535  21.696 0.1000000015
8754  -48.242  -51.638  20.808 0.1000000015
8142  -48.505  -51.879  20.741 0.1000000015
6640  -48.625  -54.186  30.829 0.1000000015
8023  -48.658  -52.454  29.314 0.2000000030
121757  -48.541  -53.027  29.702 0.2000000030
114294  -48.515  -53.472  30.103 0.1000000015
8649  -49.478  -51.668  28.729 0.1000000015
116278  -48.927  -52.543  28.668 0.1000000015
102493  -48.392  -53.306  29.177 0.1000000015
8041  -50.044  -52.315  27.995 0.1000000015
8051  -49.289  -53.043  27.439 0.1000000015
12416  -50.209  -45.868  24.570 0.1000000015
11751  -50.229  -46.065  24.539 0.1000000015
8052  -50.847  -52.414  27.059 0.1000000015
7407  -50.401  -52.761  25.757 0.1000000015
7417  -49.399  -53.203  25.180 0.1000000015
11749  -48.879  -46.428  24.251 0.1000000015
11750  -49.791  -46.319  24.571 0.1000000015
11731  -48.945  -46.553  25.090 0.1000000015
11714  -47.189  -47.140  26.181 0.1000000015
11094  -47.957  -47.480  26.742 0.1000000015
118584  -46.243  -48.263  27.017 0.1000000015
120443  -51.434  -52.202  25.507 0.1000000015
7435  -51.112  -51.968  24.071 0.1000000015
8095  -49.919  -52.043  22.889 0.1000000015
11713  -45.993  -47.312  26.296 0.1000000015
11093  -46.585  -47.724  26.753 0.1000000015
9879  -45.739  -49.532  26.901 0.1000000015
102312  -45.910  -50.270  26.679 0.1000000015
8664  -47.141  -51.175  26.209 0.1000000015
8096  -50.377  -51.926  23.350 0.1000000015
106998  -49.800  -51.840  22.749 0.1000000015
11092  -45.523  -47.907  26.674 0.1000000015
9291  -45.008  -49.869  26.364 0.1000000015
9312  -46.227  -50.867  26.131 0.1000000015
8700  -48.412  -51.477  24.057 0.1000000015
8723  -47.965  -51.470  23.254 0.1000000015
9311  -45.303  -50.567  25.895 0.1000000015
8679  -45.959  -51.149  25.158 0.1000000015
118943  -46.705  -51.282  25.417 0.1000000015
8722  -46.672  -51.452  23.343 0.1000000015
117562  -48.822  -51.468  22.347 0.1000000015
104530  -48.921  -51.707  21.506 0.1000000015
108942  -48.862  -52.035  30.690 0.1000000015
122752  -49.062  -52.679  30.846 0.2000000030
7322  -49.516  -53.350  31.789 0.1000000015
7308  -49.526  -53.342  32.054 0.2000000030
7307  -48.381  -53.744  32.682 0.2000000030
8642  -48.727  -51.643  29.781 0.1000000015
13067  -48.411  -44.290  23.580 0.1000000015
13055  -49.638  -45.070  24.170 0.1000000015
104075  -51.047  -51.412  28.057 0.1000000015
8053  -51.720  -51.759  26.354 0.1000000015
8054  -51.880  -51.719  26.110 0.1000000015
113050  -50.210  -46.035  25.110 0.1000000015
11715  -48.629  -46.836  25.967 0.1000000015
8067  -51.638  -51.906  25.064 0.1000000015
11078  -48.435  -47.903  27.281 0.1000000015
11077  -47.175  -48.149  27.211 0.1000000015
9273  -46.603  -50.017  27.249 0.1000000015
8665  -47.890  -50.983  26.849 0.1000000015
8681  -48.259  -51.414  25.961 0.1000000015
8701  -49.842  -51.499  23.851 0.1000000015
8081  -51.531  -51.988  24.644 0.1000000015
8724  -49.454  -51.535  23.152 0.1000000015
8740  -49.314  -51.659  22.189 0.1000000015
9816  -48.642  -50.020  32.195 0.1000000015
9204  -48.838  -50.501  32.361 0.1000000015
122475  -48.550  -50.053  31.310 0.1000000015
9226  -48.962  -50.712  31.603 0.1000000015
8594  -49.891  -51.337  32.233 0.1000000015
8593  -49.940  -51.611  32.203 0.2000000030
7973  -50.004  -52.327  32.190 0.2000000030
8605  -49.397  -51.607  31.477 0.2000000030
7972  -48.747  -52.755  32.556 0.2000000030
7966  -47.585  -53.094  33.266 0.2000000030
113559  -48.743  -50.774  29.913 0.1000000015
9243  -48.613  -50.145  30.417 0.1000000015
9249  -49.444  -50.027  29.461 0.1000000015
8650  -50.996  -50.850  28.323 0.1000000015
13054  -48.046  -44.525  24.345 0.1000000015
12397  -48.778  -45.297  25.732 0.1000000015
12389  -48.418  -45.438  26.389 0.1000000015
8659  -51.483  -51.430  26.963 0.1000000015
13731  -47.082  -43.774  23.968 0.1000000015
13039  -49.272  -45.182  24.947 0.1000000015
12398  -49.902  -45.800  25.434 0.1000000015
11095  -49.524  -47.023  26.709 0.1000000015
121064  -49.621  -46.490  26.639 0.1000000015
10522  -49.804  -48.101  27.621 0.1000000015
9881  -50.077  -49.382  27.748 0.1000000015
9275  -50.325  -50.205  27.567 0.1000000015
8658  -50.943  -50.812  27.078 0.1000000015
8668  -51.769  -51.688  26.031 0.1000000015
117245  -47.760  -43.252  23.156 0.1000000015
10521  -47.947  -48.700  27.492 0.1000000015
105051  -48.681  -50.085  27.517 0.1000000015
8657  -48.950  -50.647  27.238 0.1000000015
8666  -49.534  -51.226  26.433 0.1000000015
112746  -50.641  -51.478  25.331 0.1000000015
14463  -48.003  -42.167  22.601 0.1000000015
14464  -48.848  -42.158  22.102 0.1000000015
15198  -48.515  -41.131  22.289 0.1000000015
9831  -47.583  -48.622  31.675 0.1000000015
9832  -48.245  -49.430  31.733 0.1000000015
11041  -47.117  -47.890  31.248 0.1000000015
10479  -48.119  -48.834  30.884 0.1000000015
108473  -47.893  -49.951  32.582 0.1000000015
8591  -47.794  -51.035  32.750 0.1000000015
8592  -49.258  -51.446  32.439 0.2000000030
10490  -47.799  -48.187  30.753 0.1000000015
9839  -48.403  -49.506  30.856 0.1000000015
8589  -47.655  -52.090  32.929 0.2000000030
11051  -48.199  -47.834  30.069 0.1000000015
113826  -48.718  -48.837  30.126 0.1000000015
15175  -45.917  -41.326  24.230 0.1000000015
107484  -46.335  -42.916  23.997 0.1000000015
13730  -46.018  -43.470  24.548 0.1000000015
13053  -46.819  -44.269  24.732 0.1000000015
13038  -47.783  -44.728  25.200 0.1000000015
12388  -47.343  -45.019  26.034 0.1000000015
11059  -48.132  -47.314  29.455 0.1000000015
11060  -49.142  -47.768  29.462 0.1000000015
115213  -49.290  -49.225  29.673 0.1000000015
9250  -50.563  -50.115  28.629 0.1000000015
12377  -48.835  -45.757  26.963 0.1000000015
11701  -49.442  -46.368  27.223 0.1000000015
11702  -49.673  -46.579  26.866 0.1000000015
10515  -50.744  -48.666  28.212 0.1000000015
9853  -50.694  -48.836  28.525 0.1000000015
9261  -51.326  -50.269  28.095 0.1000000015
15185  -46.494  -41.142  23.765 0.1000000015
11717  -49.712  -46.238  26.335 0.1000000015
11687  -49.922  -46.917  27.621 0.1000000015
105292  -50.623  -48.075  28.031 0.1000000015
10523  -50.657  -48.980  28.020 0.1000000015
9882  -51.097  -49.715  27.977 0.1000000015
117773  -51.316  -50.160  28.052 0.1000000015
14437  -46.304  -42.028  23.860 0.1000000015
14452  -47.284  -41.998  23.132 0.1000000015
14451  -46.758  -41.771  23.517 0.1000000015
15197  -47.717  -41.109  22.793 0.1000000015
15998  -49.050  -40.186  22.029 0.1000000015
15212  -49.280  -41.221  21.726 0.1000000015
114772  -47.153  -49.368  32.489 0.1000000015
11040  -46.338  -47.634  31.510 0.1000000015
10463  -47.035  -48.748  32.274 0.1000000015
9203  -46.783  -50.713  32.891 0.1000000015
11050  -47.449  -47.614  30.385 0.1000000015
11049  -46.600  -47.379  30.729 0.1000000015
9814  -46.301  -50.019  32.799 0.1000000015
8588  -46.540  -51.518  33.291 0.1000000015
11675  -47.387  -46.799  29.003 0.1000000015
11058  -46.948  -47.118  29.864 0.1000000015
14436  -45.814  -42.348  24.312 0.1000000015
13052  -45.931  -44.186  25.187 0.1000000015
13037  -46.692  -44.548  25.403 0.1000000015
118042  -48.471  -46.800  28.683 0.1000000015
11061  -50.241  -47.843  28.847 0.1000000015
8587  -45.681  -51.328  33.738 0.1000000015
8585  -46.061  -52.046  34.003 0.2000000030
14427  -45.270  -42.660  24.771 0.1000000015
108570  -47.743  -45.746  27.370 0.1000000015
11686  -49.143  -46.538  28.014 0.1000000015
113613  -50.384  -47.648  28.087 0.1000000015
15970  -46.219  -40.429  24.104 0.1000000015
15186  -47.102  -41.058  23.350 0.1000000015
15985  -47.601  -40.181  23.178 0.1000000015
16810  -48.124  -39.222  22.997 0.1000000015
15997  -48.324  -40.115  22.617 0.1000000015
16811  -48.774  -39.149  22.318 0.1000000015
11664  -45.202  -46.672  30.520 0.1000000015
11048  -45.805  -47.117  31.070 0.1000000015
11039  -45.576  -47.467  31.786 0.1000000015
11673  -45.395  -46.531  29.653 0.1000000015
10477  -46.098  -47.888  32.022 0.1000000015
11665  -46.034  -46.887  30.228 0.1000000015
10462  -46.197  -48.378  32.283 0.1000000015
12363  -46.322  -46.043  28.077 0.1000000015
11674  -46.319  -46.679  29.345 0.1000000015
115966  -45.336  -49.605  32.880 0.1000000015
15174  -45.327  -41.676  24.679 0.1000000015
114668  -44.848  -42.070  25.059 0.1000000015
14426  -44.708  -42.780  25.298 0.1000000015
13717  -45.264  -43.499  25.142 0.1000000015
114809  -45.232  -44.431  26.031 0.1000000015
12387  -46.279  -45.171  26.638 0.1000000015
12376  -46.564  -45.627  27.427 0.1000000015
11699  -47.275  -46.024  27.893 0.1000000015
11684  -46.770  -46.394  28.534 0.1000000015
9202  -45.378  -50.269  33.209 0.1000000015
9195  -45.870  -50.809  33.267 0.1000000015
15957  -45.473  -40.482  24.704 0.1000000015
104146  -47.510  -45.441  26.824 0.1000000015
11685  -47.913  -46.403  28.307 0.1000000015
8584  -45.360  -51.399  34.378 0.1000000015
16790  -46.056  -39.787  24.364 0.1000000015
112767  -46.329  -38.930  24.377 0.1000000015
16802  -46.613  -39.600  23.940 0.1000000015
17602  -47.053  -38.761  23.807 0.1000000015
114641  -47.388  -37.218  23.222 0.1000000015
17612  -48.304  -38.314  22.735 0.1000000015
18422  -47.457  -37.504  21.982 0.1000000015
11663  -44.389  -46.417  30.773 0.1000000015
11038  -44.997  -46.889  31.403 0.1000000015
11672  -44.585  -46.333  29.875 0.1000000015
11028  -44.674  -47.404  32.209 0.1000000015
11682  -44.857  -46.231  29.196 0.1000000015
12351  -44.195  -45.932  29.223 0.1000000015
10461  -44.596  -48.333  32.666 0.1000000015
107569  -45.363  -48.763  32.580 0.1000000015
108041  -44.768  -45.844  28.529 0.1000000015
15956  -44.740  -40.360  25.390 0.1000000015
13036  -45.243  -44.132  25.632 0.1000000015
12375  -45.433  -45.331  27.211 0.1000000015
12362  -45.536  -45.773  27.934 0.1000000015
9813  -44.554  -49.174  33.031 0.1000000015
9194  -45.086  -50.729  33.773 0.1000000015
16779  -45.166  -39.603  25.119 0.1000000015
15164  -44.830  -41.244  25.196 0.1000000015
114663  -44.323  -41.960  25.595 0.1000000015
13716  -44.669  -43.536  25.683 0.1000000015
13035  -44.726  -44.174  26.118 0.1000000015
13026  -45.174  -44.766  26.530 0.1000000015
9193  -44.499  -50.254  34.056 0.1000000015
17574  -45.620  -38.811  24.870 0.1000000015
17587  -46.189  -38.047  24.579 0.1000000015
109714  -46.284  -36.679  24.404 0.1000000015
17588  -46.864  -38.056  24.099 0.1000000015
18396  -47.199  -37.460  23.690 0.1000000015
18408  -47.342  -37.192  22.683 0.1000000015
13006  -43.315  -44.867  28.811 0.1000000015
12350  -43.577  -45.445  29.335 0.1000000015
12343  -43.811  -45.949  30.093 0.1000000015
11656  -44.080  -46.634  31.741 0.1000000015
104488  -43.553  -44.763  28.091 0.1000000015
11027  -43.864  -47.143  32.413 0.1000000015
13704  -44.140  -43.584  26.288 0.1000000015
13025  -44.212  -44.377  26.830 0.1000000015
13017  -44.046  -44.919  27.596 0.1000000015
12361  -43.939  -45.396  28.444 0.1000000015
10460  -43.897  -47.874  32.783 0.1000000015
16766  -44.529  -39.611  25.645 0.1000000015
15944  -44.170  -40.275  25.929 0.1000000015
14414  -44.172  -42.841  25.861 0.1000000015
13018  -44.659  -44.996  27.152 0.1000000015
10446  -43.894  -48.658  33.190 0.1000000015
17573  -44.932  -38.852  25.375 0.1000000015
9798  -44.658  -49.937  33.491 0.1000000015
8583  -44.849  -50.746  34.375 0.1000000015
109480  -45.417  -37.922  25.079 0.1000000015
18365  -45.582  -36.791  24.968 0.1000000015
19204  -45.809  -36.142  24.578 0.1000000015
113915  -46.238  -36.202  24.119 0.1000000015
122588  -45.742  -35.852  24.340 0.1000000015
20011  -45.068  -35.400  23.409 0.1000000015
19225  -46.862  -36.770  23.018 0.1000000015
11662  -43.705  -46.074  31.046 0.1000000015
11655  -43.422  -46.160  31.723 0.1000000015
11647  -43.249  -46.605  32.399 0.1000000015
15943  -43.669  -40.237  26.524 0.1000000015
15149  -43.518  -41.967  26.653 0.1000000015
14413  -43.704  -42.823  26.500 0.1000000015
13016  -43.576  -44.279  27.527 0.1000000015
105493  -44.685  -38.216  25.567 0.1000000015
17560  -44.209  -38.894  25.952 0.1000000015
121943  -44.028  -39.680  26.110 0.1000000015
112039  -43.878  -40.809  26.206 0.1000000015
15150  -43.855  -41.500  26.149 0.1000000015
18364  -44.803  -37.383  25.491 0.1000000015
19194  -44.860  -36.387  25.432 0.1000000015
19184  -44.225  -35.839  25.878 0.1000000015
121019  -45.425  -36.018  25.035 0.1000000015
20865  -44.432  -34.933  25.521 0.1000000015
20001  -45.402  -35.617  24.757 0.1000000015
20875  -44.259  -34.292  25.276 0.1000000015
20888  -44.660  -34.832  23.960 0.1000000015
12995  -42.849  -44.322  29.227 0.1000000015
12984  -43.198  -45.291  30.048 0.1000000015
12342  -43.325  -45.602  30.661 0.1000000015
12333  -43.120  -45.651  31.341 0.1000000015
12332  -42.556  -45.203  31.739 0.1000000015
13005  -43.074  -44.117  28.311 0.1000000015
13686  -43.218  -43.604  27.615 0.1000000015
107875  -44.139  -36.949  25.930 0.1000000015
18353  -43.475  -37.501  26.526 0.1000000015
20864  -43.942  -34.438  25.907 0.1000000015
20887  -44.220  -34.269  24.477 0.1000000015
21791  -43.574  -33.649  23.994 0.1000000015
12996  -43.111  -44.932  29.478 0.1000000015
12341  -42.776  -45.029  30.821 0.1000000015
13685  -42.825  -43.198  28.077 0.1000000015
17559  -43.618  -38.496  26.502 0.1000000015
16765  -43.654  -39.367  26.522 0.1000000015
108913  -43.539  -41.103  26.677 0.1000000015
15141  -43.176  -41.576  27.231 0.1000000015
123177  -42.754  -42.477  27.966 0.1000000015
19183  -43.479  -36.503  26.468 0.1000000015
19982  -43.616  -35.649  26.344 0.1000000015
21770  -43.760  -33.778  25.670 0.1000000015
21780  -43.800  -33.719  24.917 0.1000000015
22803  -43.213  -33.130  24.546 0.1000000015
22802  -42.602  -32.425  24.339 0.1000000015
13660  -42.412  -43.741  29.868 0.1000000015
110714  -42.539  -41.896  28.272 0.1000000015
14386  -42.504  -42.640  28.634 0.1000000015
13669  -42.632  -43.501  28.928 0.1000000015
18340  -42.885  -37.447  27.061 0.1000000015
113926  -43.128  -38.155  26.951 0.1000000015
16755  -43.328  -39.817  26.985 0.1000000015
15935  -43.162  -40.616  27.238 0.1000000015
15140  -42.770  -41.282  27.777 0.1000000015
121074  -43.123  -37.032  26.759 0.1000000015
21769  -43.162  -33.129  25.999 0.1000000015
22795  -42.875  -32.746  25.154 0.1000000015
23682  -41.659  -31.429  25.732 0.1000000015
122284  -42.479  -32.291  24.989 0.1000000015
15136  -42.329  -41.161  28.455 0.1000000015
121637  -42.622  -39.131  27.698 0.1000000015
16754  -42.892  -39.816  27.488 0.1000000015
15934  -42.605  -40.499  27.938 0.1000000015
19968  -43.061  -35.868  26.799 0.1000000015
20852  -43.379  -34.929  26.501 0.1000000015
21758  -43.453  -33.928  26.331 0.1000000015
112102  -42.394  -32.284  25.704 0.1000000015
24557  -41.165  -30.782  26.296 0.1000000015
19167  -42.853  -36.690  27.004 0.1000000015
20837  -42.764  -34.321  27.036 0.1000000015
21757  -42.890  -33.487  26.663 0.1000000015
22784  -42.441  -32.698  26.692 0.1000000015
22794  -42.013  -31.978  26.415 0.1000000015
24542  -41.187  -30.902  27.108 0.1000000015
112797  -41.505  -31.503  27.341 0.1000000015
113832  -42.758  -35.280  27.075 0.1000000015
21738  -42.362  -33.455  27.293 0.1000000015
22783  -41.867  -32.079  27.197 0.1000000015
112422  -41.573  -31.843  27.760 0.1000000015
119750  -45.912  -54.547  26.000 0.1000000015
6737  -45.690  -54.552  24.711 0.1000000015
6718  -47.102  -54.237  25.294 0.1000000015
7416  -48.053  -53.747  25.207 0.1000000015
6755  -47.054  -54.060  23.665 0.1000000015
7445  -46.937  -53.980  22.847 0.1000000015
7372  -48.672  -53.145  28.243 0.1000000015
114245  -47.712  -54.043  26.849 0.1000000015
7392  -49.935  -52.943  26.607 0.1000000015
7433  -48.724  -53.323  24.401 0.1000000015
7418  -50.940  -52.322  24.878 0.1000000015
8080  -50.479  -52.053  23.435 0.1000000015
122237  -44.765  -50.212  25.972 0.1000000015
8697  -44.872  -51.194  24.070 0.1000000015
8721  -45.569  -51.386  23.294 0.1000000015
7338  -49.118  -53.269  30.932 0.2000000030
11732  -50.002  -46.180  25.242 0.1000000015
10520  -46.594  -49.017  27.317 0.1000000015
10530  -45.632  -48.683  26.897 0.1000000015
9292  -46.822  -50.606  26.860 0.1000000015
9274  -47.593  -50.396  27.271 0.1000000015
8699  -46.956  -51.459  24.367 0.1000000015
8680  -47.624  -51.444  25.163 0.1000000015
8725  -49.922  -51.785  22.959 0.1000000015
108954  -48.832  -51.493  24.861 0.1000000015
8624  -48.652  -51.087  30.541 0.1000000015
7974  -50.073  -52.119  32.191 0.2000000030
7309  -50.007  -52.755  32.066 0.2000000030
8042  -51.361  -51.563  27.317 0.1000000015
8682  -51.597  -51.735  25.317 0.1000000015
11108  -49.777  -46.269  26.003 0.1000000015
9880  -47.528  -49.710  27.478 0.1000000015
119612  -49.365  -51.443  25.479 0.1000000015
8702  -50.852  -51.675  24.275 0.1000000015
11733  -49.969  -46.077  25.819 0.1000000015
9262  -51.472  -50.734  27.855 0.1000000015
13745  -46.839  -42.665  23.564 0.1000000015
120964  -49.720  -47.342  27.295 0.1000000015
120203  -48.718  -49.298  27.593 0.1000000015
8667  -51.357  -51.488  26.215 0.1000000015
13753  -48.642  -43.170  22.529 0.1000000015
10478  -46.770  -48.141  31.929 0.1000000015
9815  -47.862  -49.325  32.234 0.1000000015
10504  -49.617  -48.387  29.468 0.1000000015
108146  -46.816  -52.332  33.500 0.2000000030
115247  -50.288  -48.718  29.137 0.1000000015
10505  -50.402  -48.233  29.037 0.1000000015
9852  -50.413  -49.342  29.018 0.1000000015
11700  -48.429  -46.110  27.634 0.1000000015
11066  -49.550  -47.217  28.558 0.1000000015
114738  -47.386  -38.074  23.632 0.1000000015
11683  -45.640  -46.285  28.740 0.1000000015
18409  -47.888  -37.620  22.733 0.1000000015
12374  -44.674  -45.412  27.772 0.1000000015
19213  -46.290  -36.311  23.456 0.1000000015
20899  -44.439  -34.837  22.970 0.1000000015
15784  -49.351  -40.184  40.621 0.5000000000
10325  -49.887  -48.325  42.858 0.5000000000
10911  -49.591  -47.346  42.783 0.5000000000
15771  -49.797  -40.558  41.114 0.5000000000
110259  -50.213  -41.052  41.359 0.5000000000
11541  -50.248  -46.707  42.694 0.5000000000
16620  -48.370  -39.723  38.334 0.5000000000
15794  -48.799  -39.932  39.016 0.5000000000
113720  -49.221  -40.080  39.641 0.5000000000
15795  -49.387  -40.365  38.700 0.5000000000
110317  -49.824  -40.505  39.538 0.5000000000
14968  -50.902  -41.195  40.494 0.4000000060
10317  -52.723  -49.160  43.171 0.5000000000
9132  -52.344  -50.369  42.837 0.5000000000
10327  -53.176  -48.843  42.624 0.5000000000
102963  -53.137  -48.955  42.013 0.5000000000
10928  -52.977  -47.915  41.320 0.5000000000
112743  -53.531  -47.961  41.791 0.5000000000
10927  -52.142  -47.693  40.722 0.4000000060
105507  -51.326  -46.156  40.224 0.4000000060
11551  -46.623  -46.264  41.924 0.1000000015
10910  -48.567  -47.088  42.592 0.5000000000
16607  -48.632  -39.673  40.264 0.5000000000
16599  -48.706  -39.909  40.982 0.5000000000
15751  -49.515  -40.652  41.220 0.5000000000
110849  -50.268  -41.573  41.420 0.4000000060
113642  -49.558  -46.517  42.580 0.5000000000
16616  -47.821  -39.289  38.745 0.5000000000
16617  -48.294  -39.526  39.319 0.5000000000
17417  -47.308  -38.839  37.333 0.5000000000
17425  -46.767  -38.294  36.974 0.5000000000
16619  -47.904  -39.418  37.623 0.5000000000
17426  -47.411  -38.622  36.488 0.4000000060
16627  -47.766  -39.169  36.835 0.3000000119
15800  -48.932  -40.180  38.023 0.5000000000
15801  -49.578  -40.551  37.754 0.4000000060
14988  -50.646  -41.158  39.309 0.4000000060
120118  -48.553  -39.866  37.524 0.3000000119
14969  -51.708  -41.662  40.723 0.6999999881
14947  -51.873  -41.964  41.480 0.5000000000
16628  -48.471  -39.638  36.718 0.3000000119
15808  -49.087  -40.198  37.147 0.3000000119
15796  -50.068  -40.802  38.483 0.4000000060
14232  -52.934  -42.488  41.354 0.6000000238
13502  -52.831  -43.432  42.340 0.6000000238
12840  -51.454  -45.280  42.305 0.6000000238
10912  -50.941  -47.366  43.001 0.5000000000
10316  -51.779  -49.130  43.372 0.3000000119
15802  -50.278  -40.976  37.552 0.3000000119
15003  -51.511  -41.614  38.436 0.4000000060
14249  -53.449  -42.515  40.480 0.5000000000
14191  -53.665  -43.403  42.233 0.6000000238
111157  -53.799  -44.988  42.611 0.6000000238
11536  -52.963  -47.399  43.263 0.5000000000
10318  -53.303  -48.337  43.055 0.5000000000
120188  -52.592  -42.182  39.860 0.5000000000
14233  -54.148  -42.913  41.016 0.5000000000
12210  -54.833  -45.332  42.127 0.5000000000
12209  -54.357  -45.703  42.468 0.5000000000
10328  -53.650  -47.917  42.587 0.5000000000
15020  -50.645  -41.018  36.680 0.4000000060
15009  -52.135  -41.647  37.409 0.4000000060
14271  -53.630  -42.277  38.053 0.5000000000
14250  -54.781  -42.884  40.068 0.5000000000
12860  -55.327  -44.512  41.317 0.4000000060
11545  -54.421  -46.073  42.212 0.5000000000
10340  -53.860  -47.569  42.176 0.5000000000
15011  -53.332  -42.062  37.338 0.4000000060
14263  -54.483  -42.506  38.524 0.5000000000
123491  -55.863  -43.852  40.227 0.5000000000
12869  -55.508  -44.346  40.499 0.4000000060
11560  -53.574  -46.491  41.385 0.4000000060
10919  -53.648  -47.324  41.704 0.5000000000
14265  -55.937  -43.133  37.923 0.5000000000
12882  -55.558  -44.227  39.467 0.4000000060
12241  -53.280  -45.660  40.705 0.4000000060
12228  -52.478  -46.244  40.701 0.4000000060
12889  -55.683  -43.987  38.507 0.3000000119
12881  -54.518  -44.563  39.671 0.4000000060
12880  -53.141  -44.848  39.942 0.3000000119
12879  -51.945  -44.690  39.558 0.3000000119
12239  -51.105  -45.211  39.682 0.3000000119
123024  -45.549  -45.455  41.841 0.1000000015
11550  -45.924  -45.991  41.469 0.1000000015
12215  -45.504  -45.045  42.228 0.1000000015
12216  -46.076  -45.534  42.176 0.1000000015
12839  -46.974  -45.342  42.287 0.4000000060
12203  -47.509  -45.897  42.449 0.4000000060
11538  -47.313  -46.297  42.366 0.4000000060
11539  -48.046  -46.449  42.493 0.5000000000
12204  -48.286  -46.022  42.473 0.4000000060
11540  -48.800  -46.608  42.574 0.5000000000
16598  -48.074  -39.608  40.820 0.5000000000
15770  -49.113  -40.278  41.122 0.5000000000
14946  -49.499  -41.198  41.331 0.4000000060
12218  -48.690  -45.421  42.029 0.5000000000
12205  -49.159  -45.978  42.368 0.5000000000
115571  -47.389  -38.992  38.140 0.5000000000
17414  -47.248  -38.800  39.125 0.5000000000
16606  -47.787  -39.183  40.138 0.5000000000
18219  -46.245  -37.811  37.475 0.5000000000
17416  -46.779  -38.465  38.073 0.5000000000
12858  -50.035  -44.271  41.519 0.6000000238
18226  -46.385  -37.607  36.568 0.4000000060
18227  -46.999  -37.982  36.126 0.2000000030
18236  -47.373  -37.613  35.342 0.2000000030
17436  -47.655  -38.358  35.710 0.3000000119
16644  -48.769  -39.439  35.780 0.3000000119
16629  -49.294  -40.047  36.276 0.4000000060
18237  -48.050  -38.003  34.978 0.3000000119
17438  -49.056  -39.131  35.012 0.4000000060
15825  -50.213  -40.440  35.868 0.4000000060
16645  -49.541  -39.757  35.438 0.3000000119
15039  -52.073  -41.317  35.861 0.3000000119
15023  -54.179  -42.184  36.555 0.3000000119
14264  -55.701  -42.950  38.182 0.4000000060
15024  -54.857  -42.350  35.738 0.3000000119
13558  -55.783  -43.097  37.088 0.3000000119
12888  -54.919  -44.309  38.620 0.4000000060
102207  -53.678  -44.441  38.957 0.3000000119
14287  -55.601  -42.905  35.741 0.2000000030
13576  -55.583  -43.244  36.388 0.2000000030
13546  -53.918  -44.139  37.934 0.3000000119
12887  -52.711  -44.441  39.190 0.3000000119
118105  -55.189  -43.343  35.077 0.1000000015
13556  -53.340  -43.763  37.094 0.2000000030
122873  -52.990  -44.200  38.552 0.4000000060
14312  -51.758  -43.125  33.937 0.1000000015
12855  -45.644  -44.598  42.100 0.1000000015
12201  -46.165  -45.182  42.307 0.1000000015
12856  -46.564  -44.680  42.016 0.2000000030
117251  -47.519  -44.764  41.820 0.5000000000
12217  -47.842  -45.457  42.188 0.4000000060
123466  -48.273  -44.883  41.748 0.4000000060
115122  -47.280  -39.224  40.667 0.5000000000
15769  -48.472  -40.014  41.089 0.4000000060
14966  -48.453  -40.512  41.073 0.4000000060
14231  -48.839  -42.242  40.824 0.4000000060
113896  -49.275  -43.910  41.282 0.5000000000
12857  -49.030  -44.661  41.575 0.5000000000
17407  -47.022  -38.679  40.286 0.5000000000
18225  -45.772  -37.237  36.972 0.4000000060
19032  -45.431  -36.554  36.524 0.4000000060
19033  -46.049  -36.947  36.179 0.4000000060
102505  -45.762  -36.341  35.836 0.3000000119
19044  -46.390  -36.533  35.415 0.3000000119
19053  -46.773  -36.021  34.702 0.2000000030
19860  -46.522  -35.179  34.550 0.1000000015
18249  -47.817  -37.196  34.634 0.3000000119
19054  -47.634  -36.272  34.284 0.1000000015
17450  -48.748  -38.376  34.679 0.3000000119
19055  -48.339  -36.792  34.037 0.2000000030
18250  -48.519  -37.579  34.355 0.2000000030
17451  -49.468  -38.670  34.435 0.2000000030
15826  -51.004  -40.466  35.132 0.2000000030
15040  -53.062  -41.406  35.313 0.2000000030
16663  -50.527  -39.476  34.471 0.2000000030
15828  -52.847  -40.768  34.504 0.2000000030
16664  -51.307  -39.533  34.159 0.2000000030
15042  -55.203  -42.459  35.010 0.2000000030
13591  -55.575  -43.119  35.598 0.2000000030
15848  -53.639  -40.612  33.701 0.1000000015
15849  -54.304  -41.336  33.921 0.1000000015
13607  -54.625  -43.402  34.467 0.1000000015
13590  -54.370  -43.586  35.199 0.1000000015
109942  -54.210  -41.776  33.064 0.1000000015
14341  -54.297  -42.520  33.084 0.1000000015
13606  -53.635  -43.572  34.461 0.1000000015
13624  -53.421  -43.231  32.735 0.1000000015
13623  -52.940  -43.478  33.670 0.1000000015
14328  -52.380  -43.162  32.964 0.1000000015
15087  -51.212  -42.357  32.278 0.1000000015
116893  -46.259  -43.818  41.398 0.3000000119
14964  -44.842  -41.438  40.018 0.3000000119
14230  -46.157  -42.167  40.311 0.3000000119
13528  -47.236  -43.224  40.770 0.3000000119
13517  -47.319  -44.008  41.295 0.3000000119
14965  -46.034  -41.128  40.005 0.3000000119
13527  -46.697  -42.701  40.567 0.3000000119
13529  -48.126  -43.208  40.781 0.5000000000
102934  -48.364  -44.112  41.294 0.5000000000
113861  -46.158  -38.456  40.672 0.4000000060
15767  -47.032  -40.184  40.564 0.5000000000
119393  -47.977  -41.162  40.701 0.4000000060
19021  -44.574  -36.324  37.823 0.4000000060
18215  -45.620  -37.415  38.954 0.4000000060
17413  -46.644  -38.298  39.308 0.5000000000
19844  -43.887  -34.722  36.762 0.4000000060
19031  -44.737  -36.121  36.857 0.4000000060
19022  -45.217  -36.758  37.387 0.4000000060
18218  -45.650  -37.378  37.882 0.5000000000
19845  -44.453  -35.296  36.464 0.4000000060
19846  -45.175  -35.737  35.978 0.4000000060
118268  -44.309  -34.570  36.222 0.4000000060
21637  -44.398  -33.213  35.905 0.3000000119
19851  -44.767  -34.850  35.831 0.3000000119
20725  -45.008  -34.315  35.426 0.3000000119
19852  -45.382  -34.961  35.358 0.3000000119
20729  -45.484  -34.219  34.948 0.3000000119
19859  -45.930  -34.881  34.845 0.2000000030
20730  -46.256  -34.272  34.401 0.1000000015
20731  -46.905  -34.739  34.113 0.1000000015
19873  -47.924  -35.529  33.722 0.1000000015
19068  -48.273  -36.125  33.750 0.1000000015
18251  -49.227  -37.924  34.100 0.2000000030
19069  -48.871  -36.388  33.514 0.1000000015
18268  -49.019  -37.164  33.730 0.2000000030
17474  -49.955  -38.230  33.870 0.2000000030
16684  -50.841  -39.072  34.009 0.1000000015
16685  -51.617  -38.876  33.578 0.1000000015
16665  -52.206  -39.565  33.772 0.1000000015
120161  -52.518  -39.038  33.261 0.1000000015
15866  -54.056  -41.148  33.432 0.1000000015
15090  -53.713  -42.262  32.345 0.1000000015
15879  -53.713  -41.297  32.605 0.1000000015
14352  -52.791  -42.503  31.356 0.1000000015
15103  -52.951  -42.203  30.953 0.1000000015
15088  -51.788  -42.291  31.548 0.1000000015
15101  -51.250  -41.804  31.176 0.1000000015
15894  -50.399  -41.237  30.770 0.1000000015
15910  -49.492  -40.473  30.436 0.1000000015
16724  -49.703  -40.276  29.714 0.1000000015
14228  -44.298  -42.416  40.718 0.2000000030
15766  -45.343  -40.340  39.908 0.3000000119
16596  -45.840  -39.248  40.436 0.4000000060
17401  -45.483  -38.475  40.554 0.3000000119
19013  -44.513  -36.494  38.915 0.3000000119
19014  -45.117  -36.890  38.384 0.3000000119
18203  -45.673  -37.878  40.720 0.4000000060
19835  -43.469  -34.806  37.441 0.3000000119
18206  -45.042  -37.341  40.504 0.4000000060
106382  -45.310  -37.855  40.661 0.4000000060
22643  -43.852  -32.468  36.848 0.3000000119
20716  -43.429  -34.069  37.064 0.3000000119
20717  -43.979  -33.858  36.389 0.3000000119
23536  -44.248  -31.841  36.773 0.3000000119
21628  -44.013  -33.040  36.425 0.3000000119
22644  -44.318  -32.416  36.232 0.3000000119
21638  -44.990  -33.445  35.306 0.3000000119
21642  -45.650  -33.376  34.638 0.2000000030
21643  -46.369  -33.332  34.059 0.1000000015
22660  -46.559  -32.442  33.832 0.1000000015
23560  -46.810  -31.635  33.725 0.1000000015
20738  -46.940  -34.056  33.820 0.1000000015
21648  -47.748  -33.206  33.153 0.1000000015
104591  -47.604  -33.895  33.390 0.1000000015
20740  -48.201  -34.338  33.166 0.1000000015
19874  -48.729  -35.590  33.314 0.1000000015
19070  -49.695  -36.620  33.225 0.2000000030
19071  -50.379  -37.096  33.124 0.2000000030
18271  -51.405  -38.067  33.182 0.1000000015
18287  -51.186  -37.279  32.777 0.1000000015
119121  -51.812  -37.834  32.695 0.1000000015
17477  -52.845  -39.036  32.928 0.1000000015
17491  -52.257  -38.108  32.341 0.1000000015
17492  -52.607  -38.662  32.512 0.1000000015
15878  -53.113  -40.631  32.071 0.1000000015
16700  -52.851  -39.376  32.335 0.1000000015
15895  -52.980  -41.750  30.779 0.1000000015
15102  -52.413  -42.131  30.784 0.1000000015
121714  -51.469  -41.439  29.865 0.1000000015
15911  -52.374  -41.502  29.637 0.1000000015
107313  -50.537  -40.872  29.876 0.1000000015
118778  -50.635  -40.832  29.261 0.1000000015
16734  -50.117  -40.325  29.053 0.1000000015
17540  -49.712  -39.199  28.959 0.1000000015
14962  -42.825  -41.704  40.652 0.2000000030
14227  -43.441  -42.450  41.018 0.2000000030
15763  -42.412  -40.791  40.329 0.2000000030
15765  -44.310  -40.655  39.810 0.3000000119
16592  -42.076  -39.276  40.400 0.2000000030
120249  -43.793  -40.065  39.777 0.3000000119
16595  -44.724  -39.508  39.962 0.3000000119
19003  -45.090  -37.009  39.555 0.3000000119
17400  -44.399  -38.412  40.329 0.3000000119
20696  -43.041  -34.779  38.171 0.3000000119
109063  -43.556  -35.328  37.948 0.3000000119
19828  -44.000  -35.884  38.325 0.3000000119
19002  -44.493  -36.644  40.086 0.3000000119
18202  -44.500  -37.457  40.591 0.3000000119
22631  -43.341  -32.515  37.567 0.3000000119
22630  -42.875  -32.788  38.083 0.3000000119
19001  -43.838  -36.297  40.288 0.3000000119
18996  -44.244  -36.901  40.606 0.3000000119
17399  -43.512  -37.865  40.507 0.2000000030
23502  -44.384  -31.342  38.294 0.2000000030
23523  -43.789  -31.964  37.333 0.2000000030
23524  -44.229  -31.562  37.479 0.3000000119
108138  -44.766  -31.296  36.882 0.3000000119
23549  -44.780  -31.614  36.076 0.3000000119
22654  -44.762  -32.460  35.602 0.3000000119
115339  -45.161  -31.799  35.423 0.2000000030
22659  -45.907  -32.467  34.433 0.1000000015
24442  -46.205  -30.788  34.816 0.2000000030
24449  -46.606  -30.993  34.142 0.1000000015
24450  -47.562  -30.246  33.563 0.1000000015
25348  -48.237  -29.044  33.839 0.1000000015
107167  -49.976  -27.935  33.837 0.1000000015
24457  -47.690  -31.070  33.047 0.1000000015
106731  -48.192  -30.254  32.832 0.1000000015
25353  -48.562  -29.164  33.003 0.1000000015
26239  -49.850  -28.286  32.549 0.1000000015
27001  -50.721  -27.612  33.907 0.1000000015
105866  -52.191  -27.085  34.221 0.1000000015
21649  -48.344  -33.214  32.749 0.1000000015
22679  -48.536  -32.410  32.459 0.1000000015
24468  -49.416  -30.811  31.694 0.1000000015
25354  -49.292  -29.037  32.376 0.1000000015
26252  -50.524  -28.457  31.895 0.1000000015
26241  -51.416  -27.800  32.075 0.1000000015
19889  -48.929  -34.761  32.848 0.1000000015
20758  -48.673  -33.926  32.705 0.1000000015
118449  -49.863  -35.986  32.802 0.2000000030
19092  -50.572  -36.415  32.634 0.1000000015
17505  -52.534  -38.881  31.805 0.1000000015
16715  -52.557  -40.445  31.093 0.1000000015
15912  -52.682  -41.678  30.189 0.1000000015
16726  -52.527  -41.389  29.890 0.1000000015
15921  -52.335  -41.646  29.132 0.1000000015
15920  -51.650  -41.408  29.209 0.1000000015
16735  -51.337  -41.223  28.819 0.1000000015
18193  -41.101  -37.403  42.287 0.2000000030
16594  -43.764  -39.356  39.877 0.3000000119
18989  -41.638  -36.666  41.890 0.2000000030
18196  -41.542  -37.765  41.512 0.2000000030
17398  -42.521  -38.280  40.540 0.2000000030
16593  -43.104  -38.844  40.084 0.3000000119
20695  -42.506  -34.238  38.794 0.3000000119
119696  -42.903  -35.045  38.976 0.3000000119
19819  -43.284  -35.603  39.785 0.3000000119
19813  -43.358  -36.002  40.590 0.3000000119
22608  -42.619  -32.532  38.772 0.3000000119
21586  -42.186  -33.325  39.111 0.3000000119
19818  -42.569  -34.891  39.653 0.3000000119
19812  -42.724  -35.488  40.539 0.3000000119
18995  -43.525  -36.550  40.759 0.3000000119
23474  -44.256  -31.294  39.305 0.2000000030
23500  -43.139  -31.894  38.782 0.3000000119
18201  -43.702  -37.065  40.817 0.2000000030
23525  -44.812  -31.205  37.540 0.2000000030
23503  -45.239  -31.057  37.959 0.2000000030
24412  -45.400  -30.845  37.112 0.3000000119
120941  -45.841  -30.802  37.633 0.3000000119
23537  -45.240  -31.026  36.402 0.3000000119
24436  -45.528  -31.043  35.626 0.2000000030
24413  -46.185  -30.539  37.038 0.3000000119
24424  -46.622  -30.278  36.356 0.2000000030
24438  -47.111  -29.879  35.677 0.2000000030
114040  -47.771  -29.519  35.321 0.1000000015
22680  -49.292  -32.592  31.979 0.1000000015
24469  -50.201  -30.217  31.205 0.1000000015
20759  -49.497  -34.142  32.317 0.1000000015
21678  -49.694  -33.406  31.925 0.1000000015
22694  -49.924  -32.773  31.560 0.1000000015
23601  -50.686  -32.102  30.749 0.1000000015
110863  -49.712  -34.893  32.481 0.1000000015
20773  -50.081  -34.038  31.826 0.1000000015
20774  -50.673  -34.349  31.437 0.1000000015
21687  -50.772  -33.593  31.010 0.1000000015
19091  -50.291  -35.490  32.391 0.1000000015
19904  -50.844  -35.248  31.792 0.1000000015
20775  -51.242  -35.060  31.100 0.1000000015
19106  -51.359  -36.018  31.611 0.1000000015
19891  -50.991  -35.925  32.135 0.1000000015
19093  -51.432  -36.609  32.193 0.1000000015
18295  -51.800  -36.912  31.726 0.1000000015
17504  -52.091  -38.049  31.494 0.1000000015
19792  -40.534  -35.554  43.653 0.3000000119
20662  -40.974  -35.027  42.336 0.3000000119
19799  -41.346  -35.801  42.194 0.3000000119
18197  -42.122  -37.020  41.424 0.2000000030
108920  -42.917  -37.512  40.749 0.2000000030
111647  -41.495  -35.108  41.650 0.3000000119
19805  -41.938  -35.819  41.603 0.3000000119
18990  -42.361  -36.347  41.396 0.3000000119
22589  -42.129  -32.547  39.618 0.3000000119
21577  -41.427  -33.461  40.622 0.3000000119
20677  -41.592  -34.384  40.990 0.3000000119
19806  -42.484  -35.794  41.200 0.3000000119
18200  -42.874  -36.822  41.072 0.2000000030
107617  -44.111  -31.168  40.019 0.2000000030
22573  -42.080  -31.973  40.254 0.3000000119
112414  -44.820  -31.235  39.797 0.2000000030
23475  -45.640  -31.366  39.612 0.2000000030
23504  -45.969  -31.095  38.425 0.2000000030
23526  -46.580  -30.822  37.764 0.2000000030
24414  -47.134  -30.462  37.100 0.2000000030
122127  -47.676  -30.300  36.830 0.2000000030
19914  -51.532  -35.863  30.844 0.1000000015
18306  -51.766  -37.440  30.846 0.1000000015
17517  -51.940  -38.931  30.332 0.1000000015
16714  -52.281  -39.711  30.724 0.1000000015
19775  -40.719  -34.902  45.464 0.1000000015
20626  -40.657  -33.954  45.395 0.2000000030
107061  -40.472  -35.188  44.522 0.3000000119
109098  -40.459  -34.860  43.743 0.3000000119
20652  -40.500  -34.217  43.358 0.3000000119
20661  -40.698  -34.213  42.530 0.3000000119
114015  -41.110  -32.784  41.181 0.3000000119
21569  -40.778  -33.364  41.901 0.3000000119
103835  -42.955  -31.307  40.782 0.3000000119
23459  -42.182  -31.592  40.946 0.3000000119
23440  -41.702  -31.624  41.865 0.3000000119
22559  -41.116  -32.189  41.722 0.3000000119
23444  -45.226  -31.358  41.316 0.2000000030
113124  -46.280  -31.644  40.230 0.2000000030
23462  -47.104  -32.098  39.969 0.1000000015
110299  -46.930  -31.364  38.516 0.2000000030
22590  -47.860  -32.529  39.695 0.1000000015
23505  -47.682  -31.819  38.599 0.2000000030
23527  -47.609  -31.211  37.921 0.2000000030
23506  -48.322  -32.021  38.350 0.2000000030
23528  -48.543  -31.552  37.808 0.3000000119
21533  -40.500  -33.687  44.646 0.3000000119
21543  -40.550  -32.877  43.584 0.3000000119
22549  -40.758  -32.433  43.064 0.3000000119
22558  -40.786  -32.606  42.274 0.3000000119
102848  -44.051  -31.170  42.290 0.3000000119
23441  -42.585  -31.301  41.666 0.3000000119
22550  -41.120  -31.938  42.509 0.3000000119
23425  -45.015  -31.377  42.271 0.2000000030
22561  -47.512  -32.539  41.553 0.1000000015
22576  -48.347  -32.964  40.256 0.1000000015
22591  -48.531  -32.933  39.368 0.1000000015
22611  -48.798  -32.735  38.649 0.1000000015
22519  -41.498  -31.789  44.606 0.3000000119
23375  -42.726  -31.599  45.698 0.2000000030
23392  -41.124  -31.930  44.025 0.3000000119
23422  -41.123  -31.904  43.346 0.3000000119
23410  -42.137  -31.421  43.444 0.3000000119
117524  -44.542  -31.373  42.940 0.2000000030
103637  -43.797  -31.268  43.119 0.3000000119
23423  -42.318  -31.329  42.578 0.3000000119
22551  -46.465  -32.034  42.646 0.2000000030
106956  -45.757  -31.641  42.696 0.2000000030
21560  -48.638  -33.454  42.702 0.1000000015
22552  -48.088  -32.981  42.165 0.1000000015
21561  -49.298  -33.831  42.377 0.1000000015
21570  -48.719  -33.412  41.797 0.1000000015
21578  -48.819  -33.397  40.834 0.1000000015
21571  -49.366  -33.785  41.444 0.1000000015
21579  -49.470  -33.780  40.471 0.1000000015
21587  -48.955  -33.411  39.874 0.1000000015
21588  -49.620  -33.826  39.516 0.1000000015
23394  -43.156  -31.419  44.837 0.2000000030
23395  -44.111  -31.458  44.760 0.2000000030
109259  -42.649  -31.395  44.080 0.2000000030
106323  -45.599  -31.829  43.980 0.2000000030
108758  -43.537  -31.368  43.981 0.2000000030
119636  -47.465  -32.780  43.410 0.1000000015
22536  -46.837  -32.414  43.367 0.2000000030
20671  -49.975  -34.244  41.080 0.1000000015
20679  -50.094  -34.252  40.105 0.1000000015
20687  -50.243  -34.333  39.190 0.1000000015
19800  -51.187  -35.194  42.276 0.1000000015
20672  -50.591  -34.700  41.672 0.1000000015
19807  -51.416  -35.426  41.267 0.1000000015
19814  -51.343  -35.321  40.216 0.1000000015
104408  -51.929  -35.736  42.018 0.1000000015
19808  -52.614  -36.351  41.325 0.1000000015
103260  -51.048  -41.783  41.564 0.4000000060
117273  -50.400  -40.872  41.105 0.5000000000
15785  -50.188  -40.653  40.507 0.5000000000
114233  -50.959  -41.405  41.242 0.6000000238
13520  -50.838  -43.312  41.598 0.5000000000
14209  -49.738  -42.224  41.251 0.4000000060
113828  -50.393  -48.086  43.116 0.5000000000
13501  -52.222  -42.731  42.004 0.5000000000
12206  -50.216  -45.878  42.342 0.5000000000
107679  -51.476  -42.479  41.754 0.6000000238
102466  -51.193  -46.363  42.654 0.5000000000
10901  -51.346  -48.284  43.302 0.3000000119
9115  -51.561  -50.581  43.253 0.5000000000
12220  -50.490  -45.017  41.878 0.5000000000
10338  -49.453  -48.693  42.232 0.5000000000
14989  -51.564  -41.638  39.633 0.4000000060
109122  -52.497  -48.468  43.330 0.4000000060
10339  -53.539  -48.305  42.154 0.5000000000
111428  -52.838  -47.088  41.122 0.4000000060
12240  -52.123  -45.402  40.201 0.3000000119
12202  -46.765  -45.699  42.332 0.2000000030
15750  -48.964  -40.527  41.208 0.5000000000
14210  -50.571  -42.347  41.526 0.4000000060
15002  -50.674  -41.280  38.219 0.3000000119
14970  -52.468  -42.113  40.893 0.4000000060
14212  -52.481  -42.543  41.830 0.6000000238
17427  -48.054  -39.026  36.116 0.3000000119
15809  -49.827  -40.560  36.850 0.4000000060
14213  -53.584  -42.962  41.838 0.6000000238
12842  -53.777  -44.051  42.503 0.6000000238
12841  -52.210  -44.228  42.281 0.6000000238
13521  -51.846  -43.286  42.016 0.6000000238
12859  -51.141  -44.264  41.810 0.6000000238
12207  -52.402  -46.071  42.793 0.5000000000
11542  -52.152  -46.941  43.064 0.5000000000
15010  -52.605  -41.989  38.145 0.4000000060
15004  -52.225  -41.972  38.952 0.4000000060
111055  -53.981  -42.503  39.483 0.5000000000
114561  -54.438  -43.912  42.290 0.6000000238
14214  -54.609  -43.344  41.385 0.5000000000
12208  -53.618  -45.961  42.809 0.5000000000
104208  -52.751  -45.141  42.603 0.5000000000
10904  -53.651  -47.491  42.988 0.5000000000
15008  -51.080  -41.388  37.474 0.4000000060
14234  -55.349  -43.412  40.544 0.5000000000
12222  -54.961  -45.238  41.865 0.4000000060
13503  -55.150  -44.131  41.967 0.5000000000
10913  -53.982  -47.065  42.440 0.5000000000
15021  -51.611  -41.363  36.607 0.4000000060
15810  -51.204  -40.949  35.877 0.3000000119
104664  -55.342  -42.888  39.115 0.5000000000
14251  -55.713  -43.255  39.628 0.5000000000
12230  -54.944  -45.019  41.278 0.4000000060
12221  -54.630  -45.781  41.904 0.5000000000
14252  -55.922  -43.273  38.799 0.5000000000
12883  -55.899  -43.923  39.952 0.4000000060
11561  -54.241  -45.784  41.476 0.4000000060
12868  -55.042  -44.604  40.356 0.4000000060
13557  -55.891  -43.397  38.049 0.4000000060
14273  -55.775  -42.987  37.292 0.4000000060
13547  -55.964  -43.681  39.079 0.4000000060
15768  -47.694  -39.636  40.792 0.5000000000
14967  -48.640  -41.216  40.999 0.4000000060
12219  -49.594  -45.247  41.895 0.5000000000
18216  -46.189  -37.854  38.512 0.5000000000
13519  -49.923  -43.222  41.296 0.5000000000
18235  -46.660  -37.296  35.744 0.3000000119
19045  -47.107  -36.830  34.995 0.2000000030
17437  -48.367  -38.748  35.354 0.3000000119
16662  -49.795  -39.357  34.743 0.3000000119
16646  -50.284  -39.960  35.020 0.3000000119
15022  -52.840  -41.665  36.406 0.3000000119
14272  -54.732  -42.480  37.499 0.3000000119
15827  -51.961  -40.871  35.194 0.2000000030
107975  -53.827  -41.834  35.813 0.3000000119
14286  -55.370  -42.681  36.541 0.3000000119
111625  -55.756  -42.994  36.531 0.3000000119
13575  -55.130  -43.662  36.698 0.3000000119
12900  -55.249  -43.939  37.668 0.4000000060
104508  -55.094  -43.480  35.829 0.2000000030
102765  -54.428  -43.870  37.080 0.3000000119
13608  -55.541  -43.068  35.040 0.2000000030
102995  -54.089  -43.704  36.197 0.2000000030
120728  -52.857  -43.132  32.362 0.1000000015
16597  -46.767  -39.186  40.688 0.4000000060
17403  -46.528  -38.711  40.590 0.4000000060
112906  -47.878  -40.339  40.886 0.5000000000
117745  -47.811  -42.199  40.540 0.4000000060
13518  -49.082  -43.198  40.930 0.5000000000
19043  -46.001  -35.679  35.208 0.3000000119
19861  -47.227  -35.408  34.175 0.1000000015
17452  -50.190  -38.892  34.211 0.2000000030
15846  -50.939  -39.976  34.638 0.2000000030
17475  -50.736  -38.489  33.684 0.2000000030
15847  -51.804  -40.239  34.463 0.1000000015
15041  -54.397  -41.777  35.083 0.2000000030
111916  -52.747  -40.146  33.949 0.1000000015
15057  -54.002  -41.249  34.375 0.2000000030
15058  -54.729  -41.904  34.391 0.2000000030
16686  -53.078  -39.678  33.289 0.1000000015
15075  -54.665  -41.946  33.770 0.1000000015
15059  -55.104  -42.574  34.492 0.1000000015
13626  -54.807  -43.137  34.052 0.1000000015
13589  -53.205  -43.594  35.391 0.1000000015
113394  -54.058  -43.408  33.643 0.1000000015
13605  -52.419  -43.430  34.667 0.1000000015
13637  -53.665  -42.881  32.409 0.1000000015
14340  -53.151  -42.928  31.978 0.1000000015
14339  -52.172  -42.689  32.209 0.1000000015
120784  -50.896  -42.024  31.894 0.1000000015
13516  -45.660  -43.099  40.935 0.3000000119
14229  -45.251  -42.307  40.460 0.3000000119
115287  -47.100  -41.419  40.374 0.3000000119
120592  -46.251  -39.971  40.267 0.3000000119
119730  -45.843  -38.070  40.800 0.4000000060
18208  -46.157  -37.779  39.671 0.4000000060
17406  -46.420  -38.214  40.334 0.4000000060
19836  -44.058  -35.537  37.331 0.4000000060
20724  -44.526  -34.056  35.789 0.3000000119
21647  -47.071  -33.242  33.554 0.1000000015
20739  -47.572  -34.717  33.662 0.1000000015
105483  -48.283  -34.978  33.357 0.1000000015
18269  -49.793  -37.473  33.556 0.2000000030
19875  -49.327  -35.987  33.136 0.2000000030
18270  -50.579  -37.760  33.367 0.1000000015
17476  -52.251  -38.435  32.958 0.1000000015
15865  -53.609  -40.320  33.072 0.1000000015
113112  -53.227  -39.626  32.858 0.1000000015
15104  -53.333  -41.972  31.566 0.1000000015
15089  -53.200  -42.545  31.687 0.1000000015
15118  -52.659  -41.718  30.362 0.1000000015
15117  -51.924  -41.790  30.284 0.1000000015
14963  -43.814  -41.624  40.280 0.2000000030
19012  -43.930  -36.070  39.374 0.3000000119
18207  -45.648  -37.509  40.099 0.4000000060
20706  -43.108  -34.245  37.639 0.3000000119
21627  -43.555  -33.232  36.931 0.3000000119
22655  -45.301  -32.506  35.018 0.1000000015
23554  -46.243  -31.618  34.312 0.1000000015
107518  -47.125  -30.948  33.658 0.1000000015
22666  -47.356  -32.411  33.328 0.1000000015
111662  -48.107  -33.729  33.015 0.1000000015
22667  -47.850  -31.951  32.861 0.1000000015
19890  -49.476  -35.442  32.811 0.1000000015
15764  -43.318  -40.826  40.020 0.2000000030
115455  -42.021  -40.138  40.323 0.2000000030
113661  -42.854  -39.911  39.938 0.2000000030
20705  -42.758  -34.034  38.055 0.3000000119
19827  -43.438  -35.462  38.732 0.3000000119
23501  -43.610  -31.788  38.068 0.3000000119
22609  -43.093  -32.278  38.244 0.3000000119
108125  -43.697  -31.527  38.933 0.3000000119
23553  -45.637  -31.620  34.899 0.1000000015
24437  -46.300  -30.407  35.632 0.2000000030
25332  -46.759  -30.167  35.059 0.1000000015
24443  -47.020  -30.310  34.332 0.1000000015
25347  -47.657  -29.600  34.113 0.1000000015
24451  -47.996  -29.591  33.475 0.1000000015
26225  -49.381  -28.372  34.219 0.1000000015
26233  -50.215  -27.752  33.196 0.1000000015
26232  -49.518  -28.162  33.385 0.1000000015
23569  -48.315  -31.377  32.529 0.1000000015
110006  -48.740  -30.814  32.233 0.1000000015
26238  -49.140  -28.549  32.947 0.1000000015
24458  -48.915  -29.915  32.275 0.1000000015
25366  -49.952  -28.978  31.858 0.1000000015
27011  -50.895  -27.486  33.146 0.1000000015
27002  -51.568  -27.247  33.556 0.1000000015
121642  -52.143  -26.970  33.610 0.1000000015
21663  -49.027  -33.286  32.363 0.1000000015
23570  -48.961  -31.674  32.028 0.1000000015
106900  -49.604  -29.704  31.777 0.1000000015
121758  -50.082  -29.507  31.525 0.1000000015
25367  -50.601  -29.217  31.330 0.1000000015
27013  -52.250  -27.014  32.978 0.1000000015
114521  -51.871  -37.391  32.247 0.1000000015
18986  -40.990  -36.533  42.605 0.2000000030
17397  -41.752  -38.507  40.897 0.2000000030
19798  -40.802  -35.718  42.864 0.3000000119
18199  -42.219  -37.656  40.993 0.2000000030
20686  -42.063  -34.092  39.616 0.3000000119
18994  -42.995  -36.138  41.031 0.3000000119
21585  -41.777  -33.323  39.880 0.3000000119
20678  -42.138  -34.698  40.354 0.3000000119
20685  -41.732  -33.995  40.246 0.3000000119
19811  -42.078  -35.226  41.059 0.3000000119
23473  -43.400  -31.400  39.828 0.3000000119
105229  -45.120  -31.204  38.899 0.2000000030
23472  -42.703  -31.878  39.502 0.3000000119
24423  -45.842  -30.606  36.360 0.2000000030
25343  -47.372  -29.731  34.865 0.1000000015
25320  -47.907  -29.655  35.960 0.2000000030
23584  -49.628  -31.922  31.579 0.1000000015
23585  -50.137  -31.388  31.178 0.1000000015
25391  -51.026  -29.903  30.686 0.1000000015
21679  -50.281  -33.527  31.486 0.1000000015
114372  -50.179  -32.225  31.254 0.1000000015
22695  -50.461  -32.888  31.132 0.1000000015
20760  -50.239  -34.681  32.068 0.1000000015
19120  -51.622  -36.532  31.165 0.1000000015
18985  -40.621  -36.384  43.432 0.3000000119
113405  -40.618  -34.948  43.064 0.3000000119
20670  -41.062  -34.317  41.754 0.3000000119
22588  -41.618  -32.605  40.394 0.3000000119
22572  -41.532  -32.008  40.998 0.3000000119
118770  -41.148  -33.678  41.265 0.3000000119
23460  -43.762  -31.139  40.682 0.3000000119
23461  -45.440  -31.386  40.448 0.2000000030
120952  -42.638  -31.603  40.247 0.3000000119
23476  -46.431  -31.526  39.277 0.2000000030
24415  -48.151  -30.661  37.274 0.2000000030
24426  -48.124  -30.082  36.579 0.2000000030
19780  -40.795  -36.036  45.195 0.1000000015
20639  -40.424  -34.327  44.163 0.3000000119
21558  -40.557  -33.311  42.909 0.3000000119
23443  -44.340  -31.161  41.449 0.3000000119
23442  -43.448  -31.132  41.534 0.3000000119
23445  -46.093  -31.620  41.127 0.2000000030
23477  -47.367  -31.995  39.172 0.1000000015
22610  -48.088  -32.406  38.952 0.2000000030
21516  -40.707  -33.009  45.239 0.3000000119
22518  -40.910  -32.312  44.578 0.3000000119
23424  -43.166  -31.152  42.404 0.3000000119
23426  -45.886  -31.617  41.986 0.2000000030
22560  -46.707  -32.106  41.807 0.2000000030
22574  -46.926  -32.083  40.892 0.2000000030
22575  -47.678  -32.542  40.596 0.1000000015
22562  -48.220  -32.942  41.210 0.1000000015
21600  -49.167  -33.377  39.005 0.1000000015
23393  -42.272  -31.529  44.822 0.3000000119
104405  -42.915  -31.238  43.266 0.3000000119
104251  -45.279  -31.571  43.182 0.2000000030
115098  -47.320  -32.567  42.582 0.1000000015
21559  -47.995  -33.089  43.057 0.1000000015
20663  -49.895  -34.263  42.030 0.1000000015
23396  -45.066  -31.658  44.723 0.2000000030
21545  -48.565  -33.497  43.542 0.1000000015
20680  -50.672  -34.727  40.693 0.1000000015
9130  -51.111  -51.301  43.116 0.3000000119
8537  -49.973  -52.285  41.089 0.3000000119
110157  -50.588  -52.019  41.987 0.3000000119
5460  -45.988  -57.521  38.966 0.2000000030
4421  -43.780  -59.449  38.190 0.2000000030
108926  -48.692  -53.049  39.846 0.4000000060
106537  -47.992  -55.323  39.782 0.3000000119
8527  -51.025  -52.347  42.464 0.4000000060
120456  -48.511  -54.870  39.907 0.3000000119
6537  -47.222  -55.528  39.376 0.3000000119
9131  -51.654  -51.238  43.002 0.4000000060
7193  -50.042  -53.565  40.574 0.4000000060
102350  -47.778  -55.939  39.665 0.3000000119
4970  -45.440  -57.921  38.526 0.2000000030
7885  -51.008  -52.584  42.109 0.4000000060
7884  -50.818  -52.674  41.585 0.4000000060
6538  -48.071  -55.577  39.724 0.4000000060
9144  -51.905  -51.313  41.919 0.4000000060
9145  -52.365  -50.450  42.142 0.4000000060
6520  -49.073  -54.748  39.915 0.4000000060
6022  -47.621  -55.995  39.575 0.3000000119
4983  -45.684  -57.980  37.921 0.3000000119
8538  -51.498  -52.087  41.504 0.4000000060
7207  -50.136  -53.796  40.215 0.4000000060
6023  -48.286  -55.676  39.247 0.3000000119
5461  -46.318  -57.334  38.795 0.4000000060
9153  -52.271  -50.372  41.193 0.4000000060
6521  -49.798  -54.282  39.688 0.4000000060
6039  -47.794  -56.169  38.832 0.3000000119
9732  -52.605  -49.469  41.425 0.4000000060
8548  -51.530  -51.911  40.083 0.4000000060
105160  -51.097  -52.698  40.191 0.4000000060
6540  -49.486  -54.655  39.096 0.4000000060
9731  -52.081  -49.837  40.565 0.4000000060
7227  -50.469  -53.658  39.161 0.4000000060
6040  -48.518  -55.472  37.879 0.3000000119
10353  -52.313  -48.740  40.825 0.4000000060
8561  -51.510  -51.566  39.090 0.4000000060
7912  -51.338  -52.321  39.198 0.4000000060
6555  -49.824  -54.348  38.073 0.4000000060
9162  -51.652  -50.978  39.457 0.4000000060
8560  -51.080  -51.836  38.604 0.4000000060
7928  -50.930  -52.805  38.645 0.4000000060
7251  -50.517  -53.330  38.102 0.4000000060
6570  -49.028  -54.721  37.054 0.3000000119
9741  -51.685  -50.234  39.821 0.4000000060
7927  -50.488  -52.493  38.110 0.4000000060
7250  -50.064  -53.800  37.713 0.4000000060
6571  -49.555  -54.230  37.420 0.3000000119
6073  -47.756  -55.518  36.158 0.2000000030
10369  -51.580  -49.332  40.126 0.3000000119
9171  -51.281  -51.029  38.935 0.4000000060
9740  -51.213  -49.729  39.587 0.4000000060
108310  -50.630  -51.012  38.626 0.4000000060
8568  -49.638  -52.141  37.773 0.4000000060
7249  -49.492  -53.615  37.322 0.4000000060
107889  -48.499  -55.114  36.623 0.2000000030
6569  -48.451  -54.614  36.400 0.2000000030
109866  -47.480  -55.375  35.204 0.3000000119
10942  -51.395  -48.284  40.270 0.3000000119
9749  -50.624  -49.686  39.206 0.3000000119
7942  -49.024  -52.683  37.442 0.3000000119
114346  -47.714  -54.418  35.636 0.2000000030
7262  -49.022  -54.135  36.829 0.2000000030
114839  -48.011  -55.005  35.773 0.2000000030
6093  -47.133  -55.766  33.410 0.2000000030
11570  -51.261  -47.248  40.312 0.3000000119
10368  -50.724  -48.837  39.627 0.3000000119
8559  -50.006  -51.422  38.281 0.4000000060
7261  -48.107  -53.913  36.339 0.1000000015
10941  -50.586  -47.779  39.795 0.3000000119
10382  -49.902  -48.918  39.024 0.3000000119
9178  -49.140  -50.615  38.084 0.2000000030
7941  -47.986  -52.291  37.171 0.2000000030
6587  -47.566  -54.769  34.805 0.1000000015
9177  -48.370  -49.969  37.766 0.2000000030
104441  -48.384  -50.809  37.631 0.2000000030
7951  -47.448  -52.940  36.568 0.1000000015
6610  -47.583  -54.844  33.704 0.1000000015
10367  -49.936  -48.085  39.265 0.3000000119
10381  -49.125  -48.993  38.526 0.3000000119
11568  -49.854  -46.715  39.373 0.1000000015
10940  -50.008  -47.337  39.449 0.3000000119
9760  -48.362  -49.158  38.020 0.2000000030
8566  -47.576  -51.218  37.216 0.1000000015
7260  -46.927  -53.438  35.682 0.1000000015
7288  -47.404  -54.113  34.192 0.1000000015
12238  -50.232  -45.876  39.479 0.2000000030
10960  -49.386  -47.286  39.007 0.2000000030
10398  -48.425  -48.235  38.215 0.2000000030
9176  -47.627  -50.225  37.363 0.1000000015
8577  -47.025  -52.004  36.664 0.1000000015
7955  -46.119  -52.541  35.269 0.1000000015
6616  -47.934  -54.548  32.828 0.1000000015
6626  -48.126  -54.992  31.627 0.1000000015
117852  -48.805  -47.565  38.542 0.1000000015
9759  -47.648  -49.403  37.502 0.1000000015
8575  -46.185  -50.836  36.376 0.1000000015
7297  -47.214  -53.497  33.866 0.1000000015
6617  -48.561  -54.300  32.172 0.1000000015
6639  -47.622  -55.095  30.223 0.1000000015
9758  -46.960  -49.679  37.064 0.1000000015
7959  -45.770  -52.093  34.673 0.1000000015
7965  -46.708  -52.831  33.942 0.1000000015
6627  -48.848  -54.173  31.640 0.1000000015
121411  -49.048  -31.747  37.714 0.2000000030
12886  -52.088  -44.146  38.796 0.2000000030
12251  -50.299  -45.002  39.221 0.1000000015
11582  -49.391  -46.286  38.979 0.1000000015
11581  -48.775  -46.761  38.585 0.1000000015
10397  -47.673  -48.596  37.649 0.1000000015
10980  -48.223  -47.283  38.195 0.1000000015
8581  -45.493  -51.750  35.107 0.1000000015
7898  -50.095  -53.156  40.833 0.3000000119
8526  -50.694  -52.681  41.549 0.4000000060
108933  -46.512  -57.053  39.121 0.3000000119
7206  -49.007  -54.664  40.045 0.3000000119
7899  -50.520  -53.137  40.788 0.4000000060
9152  -51.967  -50.958  40.511 0.4000000060
9170  -49.900  -50.472  38.511 0.3000000119
6084  -47.313  -55.420  34.337 0.2000000030
9748  -49.892  -49.687  38.733 0.3000000119
7952  -48.509  -53.283  37.025 0.2000000030
121815  -49.139  -51.327  37.853 0.4000000060
9169  -49.108  -49.796  38.287 0.2000000030
6094  -47.527  -55.351  32.761 0.1000000015
7950  -46.552  -52.620  36.060 0.1000000015
7277  -47.154  -53.928  34.915 0.1000000015
10959  -49.259  -48.182  38.732 0.3000000119
120967  -46.745  -51.234  36.685 0.1000000015
7276  -46.524  -53.201  34.958 0.1000000015
7298  -47.754  -53.996  33.460 0.1000000015
115166  -47.938  -55.004  32.259 0.1000000015
9187  -46.918  -50.481  36.900 0.1000000015
8576  -46.063  -51.818  36.007 0.1000000015
7960  -46.278  -52.652  34.547 0.1000000015
107231  -48.236  -54.947  31.040 0.1000000015
9186  -46.317  -50.019  36.547 0.1000000015
10979  -47.669  -47.780  37.752 0.1000000015
10351  -47.782  -48.579  40.438 0.3000000119
9738  -47.918  -49.511  39.966 0.2000000030
107797  -47.343  -49.855  39.387 0.3000000119
117897  -47.985  -50.291  39.677 0.2000000030
10909  -47.839  -46.871  42.343 0.4000000060
10336  -48.051  -47.973  41.275 0.2000000030
10918  -48.291  -47.534  42.131 0.4000000060
10352  -48.434  -48.599  41.061 0.3000000119
9159  -47.531  -50.877  39.246 0.2000000030
10324  -49.036  -47.850  42.499 0.4000000060
9729  -48.528  -49.284  40.665 0.2000000030
9160  -48.483  -51.155  39.781 0.2000000030
8557  -46.509  -51.621  38.436 0.1000000015
8558  -47.366  -51.829  38.880 0.2000000030
7248  -46.241  -53.187  38.231 0.1000000015
9730  -49.360  -49.938  41.113 0.3000000119
7940  -45.555  -52.435  37.787 0.1000000015
8547  -48.198  -52.000  39.481 0.2000000030
7247  -45.381  -53.305  37.787 0.1000000015
6553  -45.017  -54.143  37.839 0.1000000015
6536  -45.605  -55.272  38.435 0.1000000015
115469  -42.957  -55.679  38.505 0.1000000015
6535  -44.550  -55.023  38.042 0.1000000015
6019  -45.181  -56.169  38.531 0.1000000015
6018  -43.495  -56.900  38.633 0.1000000015
115056  -44.065  -55.898  38.362 0.1000000015
9721  -49.841  -49.658  42.006 0.3000000119
7926  -47.953  -52.940  39.382 0.2000000030
114377  -47.055  -52.819  38.692 0.2000000030
7225  -47.101  -54.196  38.955 0.2000000030
5456  -41.788  -57.949  39.013 0.1000000015
9711  -50.302  -49.352  42.721 0.2000000030
9142  -50.224  -50.777  41.876 0.3000000119
110061  -46.527  -55.689  38.987 0.2000000030
113435  -44.680  -57.070  38.576 0.1000000015
4965  -41.278  -58.208  38.718 0.1000000015
5457  -42.862  -57.998  38.739 0.1000000015
7226  -47.881  -54.074  39.526 0.3000000119
10326  -50.786  -49.029  43.178 0.2000000030
6020  -46.276  -56.534  39.045 0.2000000030
111381  -45.867  -57.279  38.972 0.1000000015
4419  -42.258  -58.930  38.186 0.1000000015
4967  -43.374  -58.964  38.496 0.1000000015
4968  -44.391  -58.866  38.401 0.1000000015
4981  -42.321  -59.054  37.928 0.1000000015
9722  -50.651  -50.565  42.762 0.2000000030
4432  -44.073  -59.555  37.735 0.1000000015
4982  -45.060  -58.755  38.103 0.1000000015
4991  -42.730  -58.549  37.165 0.1000000015
4439  -43.029  -59.379  37.584 0.1000000015
9712  -50.956  -50.202  43.186 0.2000000030
4993  -45.084  -58.701  37.197 0.1000000015
4441  -44.385  -59.164  36.828 0.1000000015
104059  -44.980  -58.510  35.953 0.1000000015
6071  -41.931  -55.374  35.424 0.1000000015
5001  -43.216  -57.894  36.163 0.1000000015
4992  -43.460  -58.967  36.687 0.1000000015
5003  -44.413  -58.585  35.726 0.1000000015
5478  -47.159  -56.701  38.328 0.3000000119
5519  -43.833  -57.232  34.264 0.1000000015
10337  -48.700  -48.274  41.789 0.3000000119
9720  -49.064  -49.019  41.412 0.2000000030
8536  -49.189  -52.451  40.215 0.3000000119
5458  -44.039  -58.067  38.626 0.1000000015
4430  -42.799  -59.414  37.966 0.1000000015
9739  -48.727  -50.304  40.284 0.2000000030
9150  -49.215  -51.380  40.372 0.3000000119
5490  -42.456  -57.162  36.711 0.1000000015
5504  -42.844  -56.753  35.635 0.1000000015
5002  -43.873  -58.427  35.780 0.1000000015
6057  -41.449  -55.422  36.334 0.1000000015
5505  -43.541  -57.479  35.117 0.1000000015
5491  -45.637  -57.732  36.631 0.2000000030
5520  -44.621  -57.634  34.023 0.1000000015
6092  -44.422  -56.583  32.935 0.1000000015
5530  -44.906  -57.321  33.304 0.2000000030
6615  -44.329  -55.138  32.121 0.1000000015
5506  -45.549  -57.598  35.299 0.2000000030
5022  -45.138  -57.629  33.830 0.2000000030
6100  -44.742  -56.106  32.299 0.2000000030
5531  -45.631  -57.251  33.257 0.1000000015
6624  -44.743  -54.665  31.465 0.1000000015
105271  -45.332  -56.898  32.588 0.2000000030
111347  -45.926  -57.019  32.528 0.1000000015
5521  -45.546  -57.488  34.155 0.1000000015
6107  -45.108  -55.657  31.699 0.1000000015
6101  -45.550  -56.469  31.897 0.1000000015
6059  -47.110  -56.336  36.851 0.2000000030
5507  -46.284  -56.828  36.092 0.2000000030
111570  -46.138  -57.000  33.783 0.1000000015
5537  -45.916  -56.866  32.080 0.1000000015
5522  -46.268  -56.663  34.821 0.1000000015
6060  -47.833  -55.860  37.432 0.2000000030
6072  -46.993  -56.047  35.611 0.2000000030
5532  -46.415  -56.702  33.035 0.1000000015
6083  -46.722  -56.214  34.049 0.1000000015
5538  -46.327  -56.742  32.121 0.1000000015
5015  -44.939  -58.037  34.748 0.1000000015
10917  -47.609  -47.282  41.652 0.2000000030
10366  -47.202  -48.991  39.653 0.1000000015
14208  -44.696  -43.220  41.348 0.2000000030
13515  -44.283  -43.893  42.003 0.1000000015
14961  -42.034  -41.381  40.768 0.1000000015
104731  -40.694  -37.229  43.146 0.2000000030
17390  -40.964  -38.263  41.979 0.1000000015
15748  -40.434  -40.337  41.572 0.1000000015
16582  -40.756  -39.625  41.374 0.1000000015
115182  -41.420  -39.928  40.722 0.1000000015
15762  -41.653  -40.714  40.682 0.1000000015
11552  -47.260  -46.724  41.952 0.2000000030
108151  -45.117  -43.910  41.907 0.1000000015
16583  -41.388  -39.230  40.904 0.1000000015
17394  -41.173  -38.750  41.372 0.1000000015
19785  -40.552  -36.202  44.310 0.2000000030
14944  -41.314  -41.510  41.268 0.1000000015
15749  -40.957  -40.531  41.117 0.1000000015
17389  -40.556  -38.756  42.470 0.1000000015
10916  -46.974  -46.967  41.255 0.1000000015
10926  -47.367  -47.663  40.762 0.1000000015
23365  -43.340  -31.646  46.272 0.1000000015
23355  -42.779  -31.855  46.508 0.1000000015
22472  -42.131  -32.667  46.936 0.1000000015
21505  -41.521  -33.187  46.647 0.1000000015
19771  -41.813  -34.921  46.946 0.1000000015
22489  -41.712  -32.347  46.192 0.1000000015
21517  -41.110  -32.817  45.938 0.1000000015
23357  -44.229  -31.967  47.315 0.1000000015
22456  -43.042  -32.821  47.957 0.1000000015
21494  -42.615  -33.557  47.876 0.1000000015
20614  -42.450  -34.571  47.697 0.1000000015
23356  -43.456  -31.876  46.947 0.1000000015
22473  -42.794  -32.335  47.208 0.1000000015
20613  -41.933  -33.921  47.215 0.1000000015
18966  -42.188  -35.753  46.825 0.1000000015
23366  -44.173  -31.648  46.416 0.1000000015
20607  -43.636  -34.240  48.964 0.1000000015
23358  -44.992  -32.157  47.659 0.1000000015
22475  -44.269  -32.420  48.094 0.1000000015
22457  -43.687  -32.757  48.304 0.1000000015
21479  -43.462  -33.453  48.582 0.1000000015
23367  -44.971  -31.825  46.854 0.1000000015
19764  -43.049  -35.387  47.993 0.1000000015
23378  -45.482  -31.831  45.473 0.1000000015
23379  -45.947  -32.048  44.727 0.1000000015
22447  -46.065  -32.906  49.198 0.1000000015
21480  -44.309  -33.000  48.850 0.1000000015
21461  -44.118  -33.794  49.228 0.1000000015
22476  -45.756  -32.378  47.953 0.1000000015
102429  -45.733  -32.129  47.113 0.1000000015
22505  -46.341  -32.258  45.525 0.1000000015
24416  -49.053  -31.186  37.445 0.1000000015
24427  -48.974  -30.430  36.851 0.1000000015
25322  -49.754  -30.202  36.478 0.1000000015
103509  -46.973  -32.506  45.924 0.1000000015
108675  -46.616  -32.403  44.699 0.1000000015
22520  -46.402  -32.267  44.042 0.1000000015
22632  -49.079  -32.278  38.001 0.1000000015
24425  -47.387  -30.067  36.407 0.1000000015
25321  -48.845  -29.660  36.149 0.1000000015
23530  -50.331  -31.946  37.286 0.1000000015
25324  -51.243  -29.799  35.836 0.1000000015
121271  -49.736  -29.609  35.986 0.1000000015
102099  -45.015  -32.541  48.437 0.1000000015
21463  -45.631  -33.464  49.595 0.1000000015
114075  -44.651  -34.152  49.587 0.1000000015
25333  -48.442  -29.301  35.403 0.1000000015
20620  -40.905  -34.271  45.947 0.1000000015
19781  -41.113  -35.575  45.819 0.1000000015
21504  -40.939  -33.516  45.994 0.1000000015
23377  -44.588  -31.582  45.532 0.1000000015
107345  -42.498  -32.884  47.514 0.1000000015
20621  -41.338  -34.119  46.530 0.1000000015
109965  -41.622  -35.685  46.344 0.1000000015
19772  -42.446  -35.367  47.368 0.1000000015
22491  -45.690  -31.975  46.250 0.1000000015
22492  -46.414  -32.301  46.477 0.1000000015
23538  -49.918  -31.035  37.099 0.1000000015
25334  -49.299  -29.178  35.484 0.1000000015
13545  -52.670  -43.832  37.972 0.1000000015
13544  -51.481  -43.746  38.225 0.1000000015
13555  -52.099  -43.600  37.267 0.1000000015
10938  -45.388  -47.149  39.259 0.1000000015
10364  -45.732  -48.168  38.932 0.1000000015
9747  -45.989  -49.055  38.731 0.1000000015
10937  -44.695  -47.095  38.735 0.1000000015
10958  -44.984  -47.846  38.564 0.1000000015
10380  -45.252  -48.740  38.399 0.1000000015
10939  -46.212  -47.651  39.614 0.1000000015
11580  -44.149  -46.673  38.663 0.1000000015
10924  -45.981  -46.840  40.056 0.1000000015
10976  -43.408  -47.485  37.781 0.1000000015
11579  -43.383  -46.610  38.322 0.1000000015
11566  -44.610  -46.361  39.270 0.1000000015
104775  -42.566  -46.226  38.325 0.1000000015
11565  -43.804  -46.035  38.918 0.1000000015
9659  -42.784  -49.163  47.505 0.1000000015
10269  -41.772  -48.146  47.224 0.1000000015
9699  -42.173  -49.593  43.607 0.1000000015
9702  -42.064  -49.963  42.668 0.1000000015
10323  -41.500  -49.586  42.418 0.1000000015
9719  -40.622  -49.050  41.586 0.1000000015
10365  -46.463  -48.569  39.313 0.1000000015
9709  -39.990  -49.583  42.108 0.1000000015
11595  -42.509  -46.844  37.795 0.1000000015
11578  -41.886  -46.291  38.214 0.1000000015
9158  -46.789  -50.234  38.875 0.1000000015
9717  -38.774  -49.144  41.543 0.1000000015
10348  -39.033  -48.391  40.211 0.1000000015
10935  -39.899  -47.650  38.808 0.1000000015
11594  -41.562  -46.818  37.755 0.1000000015
11577  -41.275  -46.447  38.247 0.1000000015
12248  -43.003  -45.799  38.713 0.1000000015
9168  -46.844  -51.004  38.724 0.1000000015
9707  -38.014  -49.596  41.965 0.1000000015
10362  -38.573  -48.533  38.870 0.1000000015
11576  -40.837  -46.406  38.679 0.1000000015
10284  -41.756  -48.360  46.389 0.1000000015
10297  -42.298  -49.027  45.906 0.1000000015
10308  -41.564  -48.820  44.338 0.1000000015
11567  -45.321  -46.310  39.971 0.1000000015
10315  -41.679  -49.252  43.117 0.1000000015
10322  -41.139  -49.137  41.969 0.1000000015
109553  -41.288  -48.869  42.597 0.1000000015
9737  -46.665  -49.410  39.087 0.1000000015
10349  -40.063  -48.147  40.300 0.1000000015
10922  -40.132  -47.530  39.594 0.1000000015
10936  -40.439  -46.919  39.111 0.1000000015
12247  -42.182  -45.748  38.653 0.1000000015
12234  -41.079  -45.646  39.208 0.1000000015
10859  -41.275  -47.535  47.468 0.1000000015
10874  -41.246  -47.760  46.603 0.1000000015
10851  -41.186  -47.198  48.194 0.1000000015
11483  -41.006  -46.711  48.859 0.1000000015
115654  -45.777  -46.294  40.624 0.1000000015
116377  -41.414  -48.087  46.091 0.1000000015
10887  -41.064  -47.830  45.800 0.1000000015
11557  -44.686  -45.728  40.097 0.1000000015
11559  -46.350  -46.587  40.905 0.1000000015
10307  -40.956  -48.121  44.907 0.1000000015
116016  -44.124  -45.711  39.535 0.1000000015
10925  -46.649  -47.294  40.388 0.1000000015
10314  -41.029  -48.445  43.779 0.1000000015
120220  -40.966  -48.588  42.156 0.1000000015
103287  -40.738  -48.653  41.629 0.1000000015
10923  -40.308  -47.776  40.476 0.1000000015
10335  -40.422  -48.419  41.092 0.1000000015
10915  -40.541  -47.894  41.209 0.1000000015
11564  -40.643  -46.063  39.461 0.1000000015
11549  -40.233  -47.043  40.764 0.1000000015
11556  -40.378  -46.734  39.967 0.1000000015
12147  -40.442  -45.911  48.829 0.1000000015
10858  -40.849  -47.038  47.636 0.1000000015
11494  -40.438  -46.595  47.384 0.1000000015
12786  -40.057  -45.055  49.228 0.1000000015
119558  -40.300  -44.777  49.898 0.1000000015
116978  -43.977  -45.155  40.316 0.1000000015
11558  -45.306  -45.705  40.915 0.1000000015
106012  -40.640  -47.271  46.211 0.1000000015
10873  -40.769  -47.166  46.997 0.1000000015
12237  -43.430  -45.451  39.401 0.1000000015
10350  -46.962  -48.125  39.983 0.1000000015
10896  -40.399  -47.642  44.342 0.1000000015
108495  -40.480  -47.409  45.345 0.1000000015
106161  -40.813  -45.420  39.757 0.1000000015
12236  -42.580  -45.306  39.238 0.1000000015
10900  -40.515  -47.982  43.115 0.1000000015
11555  -40.012  -46.072  40.843 0.1000000015
10908  -40.599  -47.962  42.059 0.1000000015
10907  -40.082  -47.148  41.862 0.1000000015
122247  -40.195  -47.142  41.265 0.1000000015
12158  -40.129  -45.987  47.873 0.1000000015
11493  -39.912  -46.086  47.061 0.1000000015
12877  -43.042  -44.837  40.005 0.1000000015
105809  -40.429  -45.711  40.169 0.1000000015
12226  -41.340  -45.024  39.754 0.1000000015
116649  -39.590  -46.346  42.458 0.1000000015
10895  -39.829  -47.055  43.825 0.1000000015
10899  -39.902  -47.155  42.819 0.1000000015
12865  -42.611  -44.344  40.789 0.1000000015
12866  -43.512  -44.471  41.094 0.1000000015
12864  -41.638  -44.389  40.617 0.1000000015
11506  -40.273  -46.664  46.622 0.1000000015
12213  -40.090  -45.192  40.917 0.1000000015
12225  -40.773  -44.842  40.373 0.1000000015
123315  -41.075  -44.313  40.903 0.1000000015
11518  -40.066  -46.736  45.785 0.1000000015
11548  -39.805  -46.370  41.558 0.1000000015
12212  -39.717  -45.474  41.527 0.1000000015
11528  -39.874  -46.873  44.845 0.1000000015
11535  -39.474  -46.317  43.353 0.1000000015
12852  -43.126  -43.986  41.646 0.1000000015
12850  -40.570  -44.381  41.209 0.1000000015
12166  -39.484  -45.515  46.678 0.1000000015
12200  -39.364  -44.933  42.691 0.1000000015
12849  -39.891  -44.658  41.632 0.1000000015
119446  -39.503  -45.606  42.197 0.1000000015
11527  -39.440  -46.231  44.302 0.1000000015
13513  -42.787  -43.507  41.704 0.1000000015
106683  -41.403  -43.761  41.520 0.1000000015
12838  -39.695  -44.209  42.435 0.1000000015
13511  -40.509  -43.715  42.000 0.1000000015
12157  -39.634  -45.421  47.464 0.1000000015
109912  -39.335  -45.608  42.963 0.1000000015
11517  -39.476  -46.042  45.328 0.1000000015
120378  -42.138  -43.374  41.711 0.1000000015
11505  -39.735  -46.123  46.261 0.1000000015
12137  -40.558  -45.452  49.734 0.1000000015
14073  -42.005  -42.858  51.213 0.1000000015
13398  -40.616  -43.208  50.452 0.1000000015
13416  -40.020  -43.429  49.862 0.1000000015
12742  -40.928  -44.449  50.816 0.1000000015
9690  -42.114  -49.207  44.820 0.1000000015
9718  -39.743  -49.210  41.622 0.1000000015
10334  -39.856  -48.704  41.006 0.1000000015
10333  -38.486  -48.809  40.894 0.1000000015
115041  -39.371  -48.082  39.305 0.1000000015
10956  -40.332  -47.312  38.312 0.1000000015
10973  -40.476  -47.602  37.588 0.1000000015
10994  -41.535  -48.010  36.874 0.1000000015
10296  -41.573  -48.476  45.502 0.1000000015
12235  -41.757  -45.369  39.170 0.1000000015
12876  -42.159  -44.806  39.831 0.1000000015
12851  -42.292  -43.850  41.415 0.1000000015
13384  -41.693  -43.624  51.333 0.1000000015
120974  -40.069  -59.153  27.517 0.1000000015
4054  -42.451  -59.572  23.921 0.1000000015
4041  -42.435  -59.676  24.990 0.1000000015
4569  -41.498  -59.043  24.251 0.1000000015
4554  -41.331  -59.132  24.977 0.1000000015
104015  -41.871  -60.088  27.165 0.1000000015
4072  -42.938  -59.885  23.446 0.1000000015
4094  -43.057  -59.894  22.630 0.1000000015
3640  -43.103  -60.115  21.954 0.1000000015
5071  -38.927  -57.977  27.153 0.1000000015
4527  -39.390  -58.596  27.701 0.1000000015
4511  -39.171  -58.644  28.510 0.1000000015
5081  -39.067  -57.910  26.296 0.1000000015
4553  -40.623  -58.882  25.446 0.1000000015
4540  -40.510  -59.086  26.224 0.1000000015
110396  -40.726  -59.420  26.995 0.1000000015
3998  -40.409  -59.736  28.625 0.1000000015
4027  -41.614  -59.622  26.373 0.1000000015
4040  -41.617  -59.432  25.612 0.1000000015
4586  -41.657  -58.778  23.358 0.1000000015
4604  -42.706  -59.195  21.987 0.1000000015
4621  -43.149  -58.785  20.921 0.1000000015
115826  -37.687  -53.607  32.750 0.1000000015
6117  -37.131  -55.577  30.528 0.1000000015
7301  -37.519  -53.755  32.198 0.1000000015
5070  -38.445  -57.293  27.481 0.1000000015
4526  -38.744  -57.998  27.997 0.1000000015
4510  -38.486  -58.017  28.936 0.1000000015
5567  -37.730  -56.509  28.914 0.1000000015
5050  -37.600  -56.913  29.543 0.1000000015
6126  -37.382  -55.679  29.707 0.1000000015
5080  -38.584  -57.211  26.633 0.1000000015
4552  -39.794  -58.220  24.982 0.1000000015
4539  -39.750  -58.449  25.853 0.1000000015
4587  -42.522  -59.400  22.965 0.1000000015
7292  -38.137  -53.278  33.094 0.1000000015
6635  -37.114  -54.825  30.876 0.1000000015
112438  -38.151  -53.395  33.826 0.1000000015
5568  -37.954  -56.758  28.416 0.1000000015
121759  -37.868  -55.386  28.678 0.1000000015
6663  -37.659  -55.176  29.230 0.1000000015
5575  -38.157  -56.593  27.841 0.1000000015
113007  -38.220  -55.724  27.586 0.1000000015
4567  -39.928  -57.867  24.150 0.1000000015
4585  -40.721  -58.283  23.743 0.1000000015
5111  -40.907  -57.827  22.831 0.1000000015
5089  -38.726  -57.209  25.891 0.1000000015
6098  -36.946  -55.376  31.410 0.1000000015
114706  -37.472  -54.173  30.742 0.1000000015
5597  -38.764  -56.835  25.184 0.1000000015
5543  -37.097  -56.364  31.085 0.1000000015
5584  -38.333  -56.417  27.033 0.1000000015
6152  -38.445  -55.399  26.630 0.1000000015
5542  -36.849  -56.048  32.006 0.1000000015
6711  -38.764  -54.758  25.938 0.1000000015
6701  -39.194  -54.040  26.196 0.1000000015
7400  -40.666  -53.200  26.155 0.1000000015
7348  -37.844  -54.063  29.887 0.1000000015
105192  -38.128  -55.198  28.168 0.1000000015
7384  -38.728  -54.154  27.564 0.1000000015
7398  -39.165  -53.788  26.960 0.1000000015
6664  -38.379  -54.496  28.218 0.1000000015
6648  -37.819  -54.589  29.363 0.1000000015
6649  -38.260  -54.094  29.012 0.1000000015
7369  -39.216  -53.202  28.442 0.1000000015
6682  -38.410  -54.884  27.483 0.1000000015
7412  -39.848  -53.692  25.764 0.1000000015
4028  -42.623  -60.341  26.607 0.1000000015
4055  -43.072  -60.239  24.474 0.1000000015
4095  -43.058  -60.234  22.697 0.1000000015
4112  -43.078  -59.658  21.625 0.1000000015
4420  -42.964  -59.369  38.175 0.1000000015
4422  -44.512  -59.206  38.145 0.1000000015
4431  -43.337  -59.563  37.875 0.2000000030
4440  -43.690  -59.420  37.195 0.1000000015
4442  -44.631  -59.231  37.683 0.1000000015
4449  -43.947  -59.073  36.374 0.1000000015
4528  -39.886  -59.213  28.186 0.1000000015
4568  -40.613  -58.573  24.591 0.1000000015
4966  -42.363  -58.722  38.485 0.1000000015
4969  -44.947  -58.608  38.351 0.1000000015
5060  -37.952  -57.239  28.929 0.1000000015
5061  -38.269  -57.350  28.252 0.1000000015
5090  -39.168  -57.696  25.457 0.1000000015
5459  -45.216  -57.971  38.550 0.2000000030
5462  -47.055  -56.630  39.224 0.3000000119
5477  -41.799  -58.134  37.656 0.1000000015
5492  -46.417  -57.180  37.532 0.3000000119
5544  -46.276  -56.496  31.568 0.1000000015
5552  -37.301  -56.421  30.158 0.1000000015
5559  -37.503  -56.276  29.444 0.1000000015
6021  -47.170  -56.414  39.364 0.3000000119
6058  -42.207  -56.048  36.154 0.1000000015
6132  -37.653  -55.827  29.023 0.1000000015
6133  -37.925  -55.988  28.345 0.1000000015
6519  -48.545  -55.182  39.840 0.3000000119
6539  -48.678  -55.228  39.602 0.3000000119
6541  -50.143  -54.069  38.558 0.4000000060
6554  -49.136  -54.955  38.321 0.3000000119
6622  -37.180  -54.387  31.696 0.1000000015
6700  -38.734  -54.477  26.775 0.1000000015
6712  -39.289  -54.333  25.426 0.1000000015
7224  -46.153  -54.413  38.432 0.1000000015
7287  -46.834  -53.350  34.415 0.1000000015
7291  -37.634  -53.738  33.415 0.1000000015
7368  -38.714  -53.828  28.299 0.1000000015
7447  -49.388  -52.657  23.554 0.1000000015
7883  -50.464  -52.967  40.992 0.4000000060
7900  -51.099  -52.732  41.211 0.4000000060
7909  -48.652  -54.070  39.930 0.3000000119
7910  -49.449  -53.813  40.270 0.3000000119
7911  -50.784  -53.130  39.708 0.4000000060
7925  -46.198  -52.259  38.172 0.1000000015
7943  -50.044  -53.068  37.635 0.4000000060
7989  -49.719  -52.694  31.588 0.2000000030
8004  -48.683  -52.657  30.192 0.2000000030
8061  -51.216  -52.379  26.225 0.1000000015
8062  -51.809  -51.841  25.772 0.1000000015
8068  -51.845  -51.852  25.599 0.1000000015
8069  -51.930  -51.796  25.943 0.1000000015
8097  -50.709  -51.862  23.742 0.1000000015
8112  -49.307  -52.077  21.949 0.1000000015
8113  -49.365  -51.729  22.178 0.1000000015
8128  -48.975  -51.865  21.412 0.1000000015
8141  -48.139  -51.889  19.986 0.1000000015
8515  -51.077  -51.971  42.994 0.4000000060
8528  -51.171  -52.131  42.630 0.4000000060
8567  -48.603  -51.718  37.534 0.2000000030
8643  -49.561  -50.825  29.131 0.1000000015
8651  -51.515  -50.916  27.760 0.1000000015
8765  -48.129  -51.814  20.107 0.1000000015
9116  -52.144  -50.495  43.114 0.5000000000
9143  -50.912  -51.800  42.906 0.3000000119
9151  -49.727  -51.037  40.996 0.3000000119
9161  -51.253  -50.380  39.283 0.4000000060
9205  -49.361  -50.845  32.202 0.1000000015
9276  -51.405  -50.570  27.742 0.1000000015
9704  -51.382  -49.825  43.323 0.3000000119
9705  -52.129  -49.937  43.306 0.5000000000
9713  -52.580  -49.778  42.924 0.5000000000
9723  -52.750  -49.631  42.326 0.4000000060
9757  -44.777  -49.217  37.888 0.1000000015
9867  -50.893  -49.567  28.339 0.1000000015
9868  -50.970  -49.452  28.152 0.1000000015
9893  -44.273  -49.289  26.237 0.1000000015
10285  -42.308  -48.732  46.912 0.1000000015
10354  -53.054  -48.548  41.570 0.5000000000
10363  -39.260  -48.207  38.551 0.1000000015
10491  -48.563  -48.316  30.082 0.1000000015
10514  -50.619  -48.225  28.373 0.1000000015
10902  -52.157  -47.719  43.299 0.5000000000
10903  -53.090  -47.940  43.276 0.5000000000
10920  -54.230  -46.685  42.055 0.5000000000
10955  -39.733  -47.859  38.254 0.1000000015
10974  -41.144  -47.419  37.360 0.1000000015
11029  -45.448  -47.980  32.290 0.1000000015
11482  -40.666  -46.589  48.127 0.1000000015
11543  -53.325  -46.795  43.080 0.5000000000
11544  -54.016  -46.597  42.705 0.5000000000
11569  -50.488  -46.828  39.815 0.2000000030
11593  -40.883  -46.924  37.926 0.1000000015
11716  -49.530  -46.436  25.761 0.1000000015
12146  -39.827  -45.255  48.338 0.1000000015
12229  -54.214  -45.082  40.639 0.4000000060
12246  -41.458  -45.931  38.665 0.1000000015
12378  -49.659  -46.190  26.536 0.1000000015
12390  -49.483  -45.763  26.223 0.1000000015
12741  -40.446  -44.109  50.352 0.1000000015
12843  -54.668  -44.704  42.312 0.5000000000
12844  -55.201  -44.691  41.870 0.4000000060
12845  -55.496  -44.162  41.342 0.4000000060
12870  -55.742  -44.052  40.646 0.4000000060
12983  -42.750  -44.616  30.003 0.1000000015
13027  -45.927  -44.634  25.898 0.1000000015
13399  -41.024  -43.769  50.927 0.1000000015
13522  -54.529  -43.563  41.959 0.5000000000
13523  -55.301  -43.792  41.359 0.5000000000
13530  -55.842  -43.604  39.792 0.5000000000
13531  -55.711  -43.861  40.615 0.4000000060
13577  -55.717  -43.026  36.102 0.3000000119
13592  -55.635  -43.032  35.478 0.2000000030
13625  -54.288  -43.101  33.211 0.1000000015
13703  -43.606  -43.595  26.961 0.1000000015
14081  -41.279  -43.003  50.897 0.1000000015
14190  -52.929  -42.896  42.160 0.6000000238
14211  -51.792  -42.278  41.739 0.5000000000
14262  -53.193  -42.285  38.816 0.5000000000
14300  -55.529  -42.931  35.050 0.2000000030
14313  -55.301  -42.974  34.553 0.2000000030
14329  -54.849  -42.760  33.886 0.1000000015
14397  -42.865  -41.967  27.687 0.1000000015
14398  -43.190  -42.649  27.324 0.1000000015
14465  -49.490  -43.086  21.980 0.1000000015
15163  -44.290  -41.004  25.743 0.1000000015
15984  -46.867  -40.296  23.627 0.1000000015
16746  -42.411  -39.725  28.108 0.1000000015
16789  -45.708  -39.518  24.676 0.1000000015
16803  -47.353  -39.425  23.501 0.1000000015
17402  -46.027  -38.193  40.775 0.4000000060
17550  -43.131  -39.010  27.109 0.1000000015
17603  -47.749  -38.539  23.342 0.1000000015
18204  -46.050  -37.852  40.507 0.4000000060
18354  -44.147  -37.930  25.991 0.1000000015
18379  -46.055  -37.329  24.656 0.1000000015
18380  -46.673  -37.307  24.244 0.1000000015
18397  -47.777  -37.765  23.231 0.1000000015
19214  -46.840  -36.752  23.802 0.1000000015
19776  -41.192  -34.907  46.205 0.1000000015
19992  -44.939  -35.536  25.261 0.1000000015
20000  -45.310  -35.407  24.260 0.1000000015
20012  -45.783  -35.828  23.832 0.1000000015
20598  -45.285  -34.074  49.843 0.1000000015
20853  -43.929  -35.136  26.029 0.1000000015
21462  -44.832  -33.550  49.405 0.1000000015
21493  -42.117  -33.229  47.274 0.1000000015
21599  -42.582  -33.356  38.351 0.3000000119
21615  -43.036  -33.433  37.641 0.3000000119
22446  -45.220  -32.951  49.109 0.1000000015
22458  -45.708  -32.633  48.658 0.1000000015
22474  -43.557  -32.340  47.676 0.1000000015
22477  -46.505  -32.392  47.385 0.1000000015
22490  -42.321  -32.197  46.593 0.1000000015
22504  -41.227  -32.284  45.376 0.3000000119
22535  -40.784  -32.333  43.822 0.3000000119
22760  -41.662  -32.471  27.923 0.1000000015
22761  -42.013  -32.779  27.437 0.1000000015
23364  -42.237  -31.888  46.128 0.1000000015
23374  -41.874  -31.802  45.504 0.2000000030
23376  -43.678  -31.503  45.609 0.1000000015
23409  -41.548  -31.675  43.742 0.3000000119
23411  -46.110  -31.906  43.341 0.2000000030
23529  -49.539  -31.816  37.542 0.2000000030
23561  -47.377  -31.622  33.312 0.1000000015
23674  -41.570  -31.451  26.680 0.1000000015
25323  -50.504  -30.000  36.163 0.1000000015
26224  -48.652  -28.720  34.243 0.1000000015
26231  -48.860  -28.592  33.592 0.1000000015
26240  -50.735  -27.820  32.459 0.1000000015
27012  -51.480  -27.427  32.689 0.1000000015
27029  -52.205  -27.578  32.061 0.1000000015
102303  -55.622  -43.465  37.177 0.3000000119
103314  -50.666  -50.372  38.863 0.4000000060
103424  -37.394  -54.838  30.017 0.1000000015
104247  -46.635  -54.433  26.016 0.1000000015
104253  -48.778  -50.028  31.927 0.1000000015
104680  -42.707  -60.047  25.947 0.1000000015
105241  -41.616  -31.601  42.899 0.3000000119
105459  -44.984  -31.699  46.130 0.1000000015
105696  -40.454  -33.550  43.824 0.3000000119
105828  -37.993  -54.808  28.754 0.1000000015
106378  -50.300  -51.727  23.466 0.1000000015
106944  -44.585  -31.199  40.604 0.3000000119
107618  -44.569  -31.502  43.816 0.2000000030
111057  -46.226  -49.120  32.535 0.1000000015
111735  -40.554  -32.920  44.303 0.3000000119
111925  -48.389  -53.664  25.771 0.1000000015
112798  -53.086  -44.296  42.547 0.6000000238
113392  -39.728  -58.667  26.826 0.1000000015
113725  -39.217  -45.564  43.768 0.1000000015
113988  -47.964  -32.656  32.885 0.1000000015
114272  -49.514  -54.134  40.117 0.4000000060
114499  -50.007  -51.460  24.645 0.1000000015
114586  -41.977  -31.514  44.140 0.3000000119
116300  -45.666  -50.455  36.109 0.1000000015
116892  -44.971  -48.383  26.632 0.1000000015
117096  -43.226  -31.654  39.255 0.3000000119
117409  -44.912  -34.882  24.883 0.1000000015
117696  -44.566  -50.417  25.487 0.1000000015
118655  -45.776  -31.290  39.043 0.2000000030
119771  -49.943  -47.193  27.453 0.1000000015
120062  -43.125  -59.992  22.278 0.1000000015
120254  -40.500  -34.412  44.866 0.3000000119
120297  -43.857  -42.224  26.116 0.1000000015
120500  -51.970  -46.859  40.634 0.3000000119
121914  -40.879  -32.702  41.734 0.3000000119
122125  -41.032  -59.265  25.907 0.1000000015
122251  -39.556  -44.978  42.057 0.1000000015
122743  -43.407  -33.307  25.290 0.1000000015
122971  -42.479  -55.958  35.260 0.1000000015
123215  -55.202  -43.160  34.635 0.1000000015
123406  -48.602  -38.532  22.214 0.1000000015
