#!ascii label  , from subject sub-v1s10x0051147_ses-1 vox2ras=TkReg
1109
44502  -35.816  -33.034  41.853 0.0000000000
39996  -19.773  -38.580  46.669 0.0000000000
139489  -26.447  -33.023  43.190 0.0000000000
124221  -45.416  -7.140  30.337 0.0000000000
67858  -48.447  -6.255  26.179 0.0000000000
39913  -12.656  -38.040  52.195 0.0000000000
65244  -41.653  -9.239  33.728 0.0000000000
47166  -38.221  -30.056  40.718 0.0000000000
134944  -30.222  -33.631  42.087 0.0000000000
40836  -15.654  -37.251  48.843 0.0000000000
37203  -16.071  -41.451  52.432 0.0000000000
46233  -30.370  -31.244  37.680 0.0000000000
49216  -33.008  -28.049  36.006 0.0000000000
40042  -24.552  -38.250  43.817 0.0000000000
49124  -27.199  -27.820  41.127 0.0000000000
57200  -38.802  -19.360  30.766 0.0000000000
60301  -41.590  -15.519  30.502 0.0000000000
63606  -44.834  -11.717  31.181 0.0000000000
34275  -10.331  -44.830  55.146 0.0000000000
133037  -8.059  -45.933  58.629 0.0000000000
52767  -31.998  -24.318  37.989 0.0000000000
55465  -32.133  -21.641  36.166 0.0000000000
55509  -35.018  -21.420  33.548 0.0000000000
35327  -13.480  -43.537  53.041 0.0000000000
39087  -20.151  -39.857  49.375 0.0000000000
39104  -22.449  -39.987  48.704 0.0000000000
43702  -33.691  -34.429  41.862 0.0000000000
139982  -18.387  -35.035  46.680 0.0000000000
39986  -17.962  -38.146  47.860 0.0000000000
39084  -17.478  -39.542  49.544 0.0000000000
48091  -30.624  -29.759  39.898 0.0000000000
47173  -28.689  -30.332  39.413 0.0000000000
59516  -38.414  -16.520  31.477 0.0000000000
58027  -40.224  -17.931  30.446 0.0000000000
61120  -39.376  -14.480  31.705 0.0000000000
117878  -42.326  -10.756  31.410 0.0000000000
65252  -43.842  -9.425  29.581 0.0000000000
63618  -46.200  -11.756  30.963 0.0000000000
65257  -45.497  -9.764  28.369 0.0000000000
64484  -47.407  -10.395  27.492 0.0000000000
135142  -32.056  -26.052  41.128 0.0000000000
50998  -33.059  -25.734  37.590 0.0000000000
52738  -30.555  -24.195  40.246 0.0000000000
57115  -30.745  -19.619  37.826 0.0000000000
57132  -32.025  -19.124  36.137 0.0000000000
55498  -33.747  -21.565  34.595 0.0000000000
57958  -34.144  -18.051  34.744 0.0000000000
132526  -35.618  -18.695  33.093 0.0000000000
41801  -25.924  -36.062  42.581 0.0000000000
38150  -11.507  -41.272  52.974 0.0000000000
38182  -12.577  -40.735  51.533 0.0000000000
30626  -7.516  -48.797  60.119 0.0000000000
30624  -5.633  -48.224  60.386 0.0000000000
63591  -39.890  -11.503  34.258 0.0000000000
50105  -38.905  -27.281  40.096 0.0000000000
46163  -28.079  -32.136  43.656 0.0000000000
118466  -13.943  -37.202  50.377 0.0000000000
39063  -13.957  -40.352  50.664 0.0000000000
39066  -16.246  -39.900  49.973 0.0000000000
69584  -48.584  -4.836  25.117 0.0000000000
45335  -33.364  -32.537  39.239 0.0000000000
46225  -34.946  -31.254  38.456 0.0000000000
47221  -31.960  -29.844  36.617 0.0000000000
41765  -19.958  -36.604  45.362 0.0000000000
39999  -22.244  -38.994  45.870 0.0000000000
42720  -22.430  -35.651  44.443 0.0000000000
44469  -23.137  -33.506  43.228 0.0000000000
130272  -23.909  -31.778  41.583 0.0000000000
50074  -24.910  -27.422  42.945 0.0000000000
46191  -25.860  -30.708  41.696 0.0000000000
46203  -27.882  -30.944  40.913 0.0000000000
45318  -30.286  -32.994  40.045 0.0000000000
54661  -39.640  -22.460  32.656 0.0000000000
132002  -40.658  -12.290  31.747 0.0000000000
61948  -43.386  -13.742  30.973 0.0000000000
64490  -49.314  -10.620  26.286 0.0000000000
128262  -9.374  -46.280  56.824 0.0000000000
30637  -9.586  -48.813  59.184 0.0000000000
48156  -36.176  -29.026  37.279 0.0000000000
51000  -36.784  -26.928  37.765 0.0000000000
51911  -35.553  -24.877  38.439 0.0000000000
54514  -29.789  -22.121  39.720 0.0000000000
54575  -32.366  -22.605  37.109 0.0000000000
53621  -34.983  -22.923  38.830 0.0000000000
54577  -35.478  -22.187  37.324 0.0000000000
53706  -36.731  -23.296  35.158 0.0000000000
53726  -38.117  -23.412  33.971 0.0000000000
56339  -37.162  -20.610  31.845 0.0000000000
58006  -36.879  -17.743  32.610 0.0000000000
117108  -24.749  -39.993  47.649 0.0000000000
37179  -10.615  -42.257  54.461 0.0000000000
34290  -11.592  -44.689  54.011 0.0000000000
36322  -15.035  -42.397  52.390 0.0000000000
127923  -4.746  -48.109  59.507 0.0000000000
39116  -19.784  -39.432  48.211 0.0000000000
39088  -20.788  -39.899  49.098 0.0000000000
39118  -21.368  -39.733  47.682 0.0000000000
44486  -35.090  -33.728  41.929 0.0000000000
40864  -18.836  -37.226  46.455 0.0000000000
41736  -18.097  -36.712  46.937 0.0000000000
40855  -19.006  -38.190  47.046 0.0000000000
39971  -19.118  -39.168  48.327 0.0000000000
60272  -38.067  -15.184  33.364 0.0000000000
59517  -39.056  -16.206  31.132 0.0000000000
61103  -37.975  -14.250  33.720 0.0000000000
66955  -44.296  -7.414  31.477 0.0000000000
66078  -43.428  -8.260  30.749 0.0000000000
66079  -43.857  -8.378  29.935 0.0000000000
137130  -44.373  -9.302  29.096 0.0000000000
66082  -45.487  -8.068  29.003 0.0000000000
66083  -46.558  -8.033  28.634 0.0000000000
51870  -31.655  -25.505  40.829 0.0000000000
57927  -31.972  -18.001  37.363 0.0000000000
57957  -33.430  -18.383  35.068 0.0000000000
58720  -34.094  -17.532  35.646 0.0000000000
57959  -34.861  -17.244  35.156 0.0000000000
43688  -26.324  -34.763  42.659 0.0000000000
120067  -27.403  -35.818  43.728 0.0000000000
42722  -27.354  -34.795  44.010 0.0000000000
39040  -11.997  -40.016  52.221 0.0000000000
39050  -12.509  -39.711  51.553 0.0000000000
66099  -49.672  -8.325  24.600 0.0000000000
30625  -6.461  -48.382  60.499 0.0000000000
47132  -38.908  -30.707  42.065 0.0000000000
49147  -39.118  -28.722  40.854 0.0000000000
45291  -29.109  -32.852  42.808 0.0000000000
43672  -30.604  -34.495  43.560 0.0000000000
136947  -16.232  -35.888  48.342 0.0000000000
119509  -15.071  -35.926  49.583 0.0000000000
42621  -14.738  -35.727  50.234 0.0000000000
40835  -15.063  -37.452  49.301 0.0000000000
39081  -14.831  -38.970  49.781 0.0000000000
39082  -15.459  -38.824  49.486 0.0000000000
39054  -19.441  -40.199  51.250 0.0000000000
39052  -17.518  -40.305  51.037 0.0000000000
129853  -31.927  -32.427  38.434 0.0000000000
46223  -33.052  -31.610  37.682 0.0000000000
47206  -31.456  -30.497  37.118 0.0000000000
42700  -21.348  -35.174  45.310 0.0000000000
41767  -21.474  -36.771  44.655 0.0000000000
43656  -22.359  -35.007  45.088 0.0000000000
45266  -22.890  -32.424  44.814 0.0000000000
125463  -23.209  -31.183  43.987 0.0000000000
45302  -23.675  -32.512  41.859 0.0000000000
47113  -23.489  -30.194  42.809 0.0000000000
50064  -28.016  -27.551  43.133 0.0000000000
50076  -26.603  -27.244  42.464 0.0000000000
119544  -25.126  -29.160  41.367 0.0000000000
48066  -25.974  -29.084  40.973 0.0000000000
47126  -26.883  -30.834  41.753 0.0000000000
47147  -27.180  -30.218  41.018 0.0000000000
47174  -29.150  -30.572  38.455 0.0000000000
46213  -28.850  -31.190  38.966 0.0000000000
45346  -30.264  -32.240  38.492 0.0000000000
44524  -31.724  -33.219  39.862 0.0000000000
55551  -39.554  -21.161  31.638 0.0000000000
55526  -40.943  -21.816  32.042 0.0000000000
56359  -39.922  -20.596  31.212 0.0000000000
130589  -41.009  -16.917  30.414 0.0000000000
58028  -41.640  -18.344  30.537 0.0000000000
64452  -41.011  -10.275  34.383 0.0000000000
132783  -39.666  -11.744  32.918 0.0000000000
64454  -40.404  -10.645  33.012 0.0000000000
63605  -43.195  -11.243  31.264 0.0000000000
63604  -42.407  -11.606  31.468 0.0000000000
61941  -44.016  -12.991  31.473 0.0000000000
130416  -44.271  -13.902  31.208 0.0000000000
64485  -48.125  -10.738  27.143 0.0000000000
138090  -48.622  -9.566  26.885 0.0000000000
66092  -49.191  -8.775  26.363 0.0000000000
35295  -10.021  -44.140  55.396 0.0000000000
35282  -9.536  -43.930  56.303 0.0000000000
33339  -9.726  -45.456  56.043 0.0000000000
30645  -10.156  -48.466  58.579 0.0000000000
29758  -9.259  -49.542  60.425 0.0000000000
47209  -34.013  -30.353  36.708 0.0000000000
47192  -35.357  -30.520  38.027 0.0000000000
48175  -34.855  -28.760  36.266 0.0000000000
51016  -33.423  -25.702  37.305 0.0000000000
50154  -35.537  -26.908  36.665 0.0000000000
123333  -34.391  -25.293  37.407 0.0000000000
51922  -35.829  -25.752  37.727 0.0000000000
52778  -33.994  -24.422  37.638 0.0000000000
56260  -30.435  -20.498  40.485 0.0000000000
55464  -31.390  -21.178  36.461 0.0000000000
55450  -30.373  -21.266  37.444 0.0000000000
55452  -31.704  -21.979  36.715 0.0000000000
54553  -34.136  -22.581  37.847 0.0000000000
55441  -34.381  -22.392  37.823 0.0000000000
55442  -35.177  -22.363  38.241 0.0000000000
55467  -34.034  -22.121  36.738 0.0000000000
55508  -34.259  -21.218  33.949 0.0000000000
54609  -35.174  -22.535  35.306 0.0000000000
117005  -35.940  -22.735  34.461 0.0000000000
53707  -37.571  -23.569  34.721 0.0000000000
139697  -36.635  -22.495  33.250 0.0000000000
54659  -37.588  -22.357  32.773 0.0000000000
55521  -36.413  -21.639  32.694 0.0000000000
57977  -36.399  -17.087  34.221 0.0000000000
58005  -36.334  -18.222  32.832 0.0000000000
58730  -36.556  -17.443  33.428 0.0000000000
40017  -23.403  -38.813  45.087 0.0000000000
39132  -23.566  -39.591  46.504 0.0000000000
39144  -24.876  -39.389  45.567 0.0000000000
36306  -11.957  -42.926  52.710 0.0000000000
36305  -11.292  -42.751  53.229 0.0000000000
34306  -12.058  -44.194  53.423 0.0000000000
38184  -15.267  -41.095  50.838 0.0000000000
37201  -14.879  -41.836  51.536 0.0000000000
37202  -15.513  -41.878  52.116 0.0000000000
39055  -20.107  -40.196  50.981 0.0000000000
39056  -21.700  -40.399  50.914 0.0000000000
39072  -22.249  -40.311  50.184 0.0000000000
39073  -23.830  -40.387  50.423 0.0000000000
137062  -32.077  -34.807  42.430 0.0000000000
43674  -32.636  -35.367  43.622 0.0000000000
42665  -17.370  -35.095  47.333 0.0000000000
40852  -17.296  -36.247  47.415 0.0000000000
40843  -17.146  -37.746  48.160 0.0000000000
39956  -17.020  -38.939  49.082 0.0000000000
39970  -17.423  -38.508  48.558 0.0000000000
39086  -19.310  -39.814  49.677 0.0000000000
48113  -30.017  -29.859  38.794 0.0000000000
133819  -30.532  -29.835  38.061 0.0000000000
49108  -28.692  -28.075  41.801 0.0000000000
49143  -28.260  -28.641  40.512 0.0000000000
48090  -29.620  -29.572  39.618 0.0000000000
58014  -38.436  -18.627  30.899 0.0000000000
57211  -39.782  -19.210  30.570 0.0000000000
133902  -39.484  -17.664  30.585 0.0000000000
60300  -39.949  -15.896  30.707 0.0000000000
132441  -40.703  -15.458  30.642 0.0000000000
65246  -41.490  -9.450  32.537 0.0000000000
66075  -42.461  -8.602  31.892 0.0000000000
122012  -42.784  -9.575  30.794 0.0000000000
64462  -43.938  -11.052  30.937 0.0000000000
63607  -45.610  -11.779  31.130 0.0000000000
64468  -44.868  -10.996  29.882 0.0000000000
64474  -45.236  -10.629  28.963 0.0000000000
63633  -46.492  -11.384  28.508 0.0000000000
64483  -46.720  -10.196  27.770 0.0000000000
117291  -46.907  -8.722  28.209 0.0000000000
32426  -11.236  -46.201  55.653 0.0000000000
32416  -10.567  -46.649  56.296 0.0000000000
32407  -11.969  -47.180  57.110 0.0000000000
50984  -33.130  -26.851  39.001 0.0000000000
50167  -33.129  -27.377  36.598 0.0000000000
50983  -32.816  -25.974  38.483 0.0000000000
51910  -32.510  -25.165  38.087 0.0000000000
119320  -31.245  -24.284  38.534 0.0000000000
57098  -30.846  -19.172  39.511 0.0000000000
136358  -31.511  -18.173  38.239 0.0000000000
57131  -31.430  -19.477  36.629 0.0000000000
56286  -31.914  -20.714  35.815 0.0000000000
55482  -32.983  -21.510  35.169 0.0000000000
56299  -32.591  -20.638  35.181 0.0000000000
57161  -33.414  -19.892  34.255 0.0000000000
56322  -34.434  -20.316  33.552 0.0000000000
57173  -34.998  -19.535  33.217 0.0000000000
117759  -34.744  -17.909  34.251 0.0000000000
40897  -25.360  -37.298  42.968 0.0000000000
40020  -26.088  -38.969  44.695 0.0000000000
40887  -26.892  -37.758  43.734 0.0000000000
133557  -11.859  -41.671  52.352 0.0000000000
35338  -12.818  -42.973  52.502 0.0000000000
31520  -8.121  -47.842  58.942 0.0000000000
129346  -7.677  -45.961  58.973 0.0000000000
31519  -7.440  -47.826  59.630 0.0000000000
31514  -6.176  -47.643  60.036 0.0000000000
32379  -5.277  -46.576  59.306 0.0000000000
50968  -38.822  -26.424  40.216 0.0000000000
45279  -27.428  -32.310  43.747 0.0000000000
44461  -27.669  -33.307  44.762 0.0000000000
42562  -14.350  -35.680  51.409 0.0000000000
40826  -13.429  -37.772  50.813 0.0000000000
39051  -13.034  -39.258  51.082 0.0000000000
39939  -13.588  -38.748  50.510 0.0000000000
38199  -14.801  -40.402  50.411 0.0000000000
117660  -16.202  -40.827  51.093 0.0000000000
39083  -16.677  -39.448  49.525 0.0000000000
38201  -16.659  -40.401  50.605 0.0000000000
38169  -17.205  -40.627  52.844 0.0000000000
68681  -48.339  -5.444  25.727 0.0000000000
45320  -34.494  -32.660  40.407 0.0000000000
45321  -35.305  -32.347  40.651 0.0000000000
137608  -33.868  -32.112  38.885 0.0000000000
46235  -33.623  -31.116  37.213 0.0000000000
48172  -32.341  -29.312  36.233 0.0000000000
48133  -31.652  -29.516  37.985 0.0000000000
49178  -32.235  -28.735  37.275 0.0000000000
50134  -33.145  -27.465  38.359 0.0000000000
50966  -33.186  -27.088  40.388 0.0000000000
40866  -20.056  -38.160  45.982 0.0000000000
39997  -20.545  -38.791  46.391 0.0000000000
40878  -21.273  -37.702  44.997 0.0000000000
40883  -21.958  -37.460  44.522 0.0000000000
40895  -22.952  -36.912  43.608 0.0000000000
125073  -22.646  -33.847  45.038 0.0000000000
42736  -23.179  -35.493  43.204 0.0000000000
41791  -23.554  -36.417  42.996 0.0000000000
42746  -24.583  -35.561  42.242 0.0000000000
43700  -24.870  -33.785  41.696 0.0000000000
45288  -25.609  -32.353  41.981 0.0000000000
49080  -24.175  -27.778  44.333 0.0000000000
132841  -24.160  -28.881  42.225 0.0000000000
46190  -25.112  -30.837  41.616 0.0000000000
118926  -26.257  -31.835  42.518 0.0000000000
46176  -27.284  -31.498  42.516 0.0000000000
45305  -28.578  -32.315  42.384 0.0000000000
45306  -29.228  -32.835  41.901 0.0000000000
47163  -27.956  -30.228  40.235 0.0000000000
136100  -28.948  -32.353  40.531 0.0000000000
44497  -30.506  -33.582  41.491 0.0000000000
44499  -32.031  -33.980  41.008 0.0000000000
129593  -33.172  -33.516  40.533 0.0000000000
41752  -19.264  -36.248  45.852 0.0000000000
133250  -40.628  -19.389  30.665 0.0000000000
138087  -39.067  -12.803  33.254 0.0000000000
61937  -39.715  -13.615  31.807 0.0000000000
61122  -41.430  -13.940  30.837 0.0000000000
116440  -41.548  -11.154  31.698 0.0000000000
118479  -41.851  -13.024  31.178 0.0000000000
61133  -42.909  -14.475  30.635 0.0000000000
60303  -43.923  -15.821  30.529 0.0000000000
64495  -49.748  -10.131  25.638 0.0000000000
66094  -49.341  -8.543  25.600 0.0000000000
128068  -49.167  -7.924  26.030 0.0000000000
35267  -9.107  -44.054  57.142 0.0000000000
33327  -8.895  -45.944  57.356 0.0000000000
31546  -10.319  -47.171  56.834 0.0000000000
31535  -9.098  -47.372  57.663 0.0000000000
31526  -8.596  -47.484  58.250 0.0000000000
30636  -8.666  -48.720  59.151 0.0000000000
46215  -36.097  -31.165  39.660 0.0000000000
47176  -36.490  -30.521  39.228 0.0000000000
48118  -37.477  -29.375  39.322 0.0000000000
49218  -34.996  -27.985  36.177 0.0000000000
49200  -36.371  -28.201  37.066 0.0000000000
123997  -37.721  -28.571  39.080 0.0000000000
49165  -37.928  -27.695  39.020 0.0000000000
134522  -37.830  -26.437  39.249 0.0000000000
52755  -37.016  -24.691  39.894 0.0000000000
53599  -30.181  -23.493  39.940 0.0000000000
52751  -30.576  -23.858  38.742 0.0000000000
56268  -30.129  -20.710  38.706 0.0000000000
54551  -30.076  -22.424  38.173 0.0000000000
52776  -31.841  -23.680  37.717 0.0000000000
52768  -33.767  -23.524  37.750 0.0000000000
53641  -34.926  -23.245  38.911 0.0000000000
54593  -34.504  -22.277  36.025 0.0000000000
54595  -36.086  -22.642  36.705 0.0000000000
54644  -39.263  -23.095  33.310 0.0000000000
55523  -38.155  -21.715  32.215 0.0000000000
56357  -37.910  -20.379  31.409 0.0000000000
57185  -35.721  -20.030  32.608 0.0000000000
57187  -37.230  -19.633  31.631 0.0000000000
57199  -37.788  -18.791  31.342 0.0000000000
58763  -37.500  -17.102  32.114 0.0000000000
59509  -37.804  -16.445  32.189 0.0000000000
39131  -22.514  -39.503  46.629 0.0000000000
135560  -24.010  -40.158  48.796 0.0000000000
39122  -26.131  -39.965  47.159 0.0000000000
35296  -10.278  -43.615  54.856 0.0000000000
36291  -11.055  -41.868  53.647 0.0000000000
35311  -10.809  -44.033  54.145 0.0000000000
34289  -10.933  -44.800  54.592 0.0000000000
32427  -12.144  -46.267  55.699 0.0000000000
120160  -13.476  -40.988  51.127 0.0000000000
36320  -13.177  -42.285  51.950 0.0000000000
36307  -13.623  -42.903  52.448 0.0000000000
29747  -4.683  -49.677  61.340 0.0000000000
30623  -4.768  -48.437  60.015 0.0000000000
32378  -4.878  -46.707  59.113 0.0000000000
45292  -36.699  -32.736  42.076 0.0000000000
39987  -19.559  -38.985  47.519 0.0000000000
39117  -20.451  -39.522  47.749 0.0000000000
39988  -20.249  -39.088  47.025 0.0000000000
135314  -35.705  -33.734  42.280 0.0000000000
40865  -19.432  -37.950  46.367 0.0000000000
60277  -38.453  -14.951  32.568 0.0000000000
66959  -44.845  -7.287  30.825 0.0000000000
66958  -44.091  -7.729  30.641 0.0000000000
66965  -44.750  -7.670  29.853 0.0000000000
66966  -45.780  -7.283  29.664 0.0000000000
57941  -33.500  -17.476  36.566 0.0000000000
44482  -26.328  -33.787  42.897 0.0000000000
43671  -26.798  -34.314  43.429 0.0000000000
43658  -27.258  -33.839  44.191 0.0000000000
130373  -12.270  -38.566  52.662 0.0000000000
39912  -12.544  -38.837  51.801 0.0000000000
66979  -49.172  -7.755  25.128 0.0000000000
66981  -49.432  -7.455  24.295 0.0000000000
117656  -48.962  -6.963  24.767 0.0000000000
48074  -38.880  -29.571  41.132 0.0000000000
48075  -39.639  -29.001  41.573 0.0000000000
48097  -38.511  -29.230  40.432 0.0000000000
44483  -29.721  -33.330  42.394 0.0000000000
44472  -29.963  -33.900  43.593 0.0000000000
44484  -30.252  -33.908  42.806 0.0000000000
138690  -15.947  -36.593  48.575 0.0000000000
42643  -15.705  -35.680  49.009 0.0000000000
41707  -15.304  -36.613  49.146 0.0000000000
39954  -14.954  -38.287  49.529 0.0000000000
39955  -15.701  -38.043  48.996 0.0000000000
46222  -30.710  -31.833  37.960 0.0000000000
46234  -31.099  -31.273  37.539 0.0000000000
47205  -30.585  -30.662  37.531 0.0000000000
42701  -21.924  -34.732  45.518 0.0000000000
121133  -23.319  -30.015  45.030 0.0000000000
120324  -23.199  -30.801  44.832 0.0000000000
47099  -23.336  -30.246  43.944 0.0000000000
129683  -23.346  -30.868  43.211 0.0000000000
48031  -23.479  -29.302  44.410 0.0000000000
49106  -27.492  -27.466  42.239 0.0000000000
50063  -27.321  -27.319  43.264 0.0000000000
50089  -26.646  -27.513  41.611 0.0000000000
49123  -26.114  -28.026  40.976 0.0000000000
116525  -26.684  -28.475  40.793 0.0000000000
48067  -26.813  -29.280  40.768 0.0000000000
49142  -27.430  -28.504  40.697 0.0000000000
47189  -29.461  -30.503  37.956 0.0000000000
46220  -29.256  -31.168  38.182 0.0000000000
46221  -29.913  -31.571  37.987 0.0000000000
121312  -31.189  -32.414  38.488 0.0000000000
124106  -39.214  -20.597  31.221 0.0000000000
56372  -39.402  -20.029  30.815 0.0000000000
59530  -41.711  -16.426  30.399 0.0000000000
118751  -41.919  -17.385  30.403 0.0000000000
60302  -42.289  -15.962  30.390 0.0000000000
65237  -41.702  -9.639  34.443 0.0000000000
64455  -40.768  -10.109  33.469 0.0000000000
138054  -41.202  -9.705  33.868 0.0000000000
117170  -43.991  -11.703  31.316 0.0000000000
62764  -43.798  -12.327  31.460 0.0000000000
62765  -44.625  -12.226  31.477 0.0000000000
61942  -45.031  -13.027  31.685 0.0000000000
66090  -49.181  -8.389  27.174 0.0000000000
34274  -9.791  -44.759  55.773 0.0000000000
33351  -10.187  -45.312  55.531 0.0000000000
47224  -33.743  -29.548  36.249 0.0000000000
48154  -34.555  -29.543  36.501 0.0000000000
48174  -33.904  -28.836  36.022 0.0000000000
51919  -32.964  -24.927  37.640 0.0000000000
51920  -33.652  -25.159  37.435 0.0000000000
52777  -33.263  -24.249  37.563 0.0000000000
116464  -32.756  -22.222  36.806 0.0000000000
130273  -33.762  -22.237  37.008 0.0000000000
55466  -33.051  -21.965  36.179 0.0000000000
54624  -35.287  -22.204  34.019 0.0000000000
136725  -36.649  -22.783  33.718 0.0000000000
54641  -35.977  -22.187  33.334 0.0000000000
54642  -36.788  -22.227  32.871 0.0000000000
56337  -35.715  -21.157  32.871 0.0000000000
40033  -23.802  -38.439  44.290 0.0000000000
39143  -23.939  -39.282  45.727 0.0000000000
40018  -24.296  -38.957  44.961 0.0000000000
35326  -12.479  -43.575  53.013 0.0000000000
34307  -12.909  -44.153  53.516 0.0000000000
34292  -13.261  -44.613  54.204 0.0000000000
121222  -13.769  -44.068  53.842 0.0000000000
37214  -15.791  -41.392  51.613 0.0000000000
33317  -8.370  -45.475  58.112 0.0000000000
46196  -38.244  -31.124  41.672 0.0000000000
39070  -20.110  -40.023  50.166 0.0000000000
123693  -20.849  -40.200  50.581 0.0000000000
39071  -20.830  -40.039  49.774 0.0000000000
117158  -21.641  -40.009  49.272 0.0000000000
39089  -22.537  -40.142  49.448 0.0000000000
116762  -23.119  -40.264  49.937 0.0000000000
118890  -32.910  -34.791  42.295 0.0000000000
43625  -18.719  -34.560  46.794 0.0000000000
41750  -18.045  -35.598  46.793 0.0000000000
40853  -17.616  -37.274  47.545 0.0000000000
135887  -16.988  -36.999  47.907 0.0000000000
39101  -19.591  -39.577  48.884 0.0000000000
39100  -18.927  -39.406  49.013 0.0000000000
39069  -19.382  -40.058  50.576 0.0000000000
48114  -31.102  -29.846  38.953 0.0000000000
132888  -28.871  -28.409  40.976 0.0000000000
48069  -30.525  -29.577  41.034 0.0000000000
58772  -38.080  -17.244  31.466 0.0000000000
58785  -38.636  -17.846  30.859 0.0000000000
58773  -38.839  -17.013  30.924 0.0000000000
60288  -39.188  -15.360  31.442 0.0000000000
60289  -40.099  -15.012  30.967 0.0000000000
134778  -42.449  -8.380  32.751 0.0000000000
66073  -42.970  -7.988  32.483 0.0000000000
65251  -43.222  -9.057  30.268 0.0000000000
65249  -42.830  -8.766  31.026 0.0000000000
64466  -43.357  -10.049  30.317 0.0000000000
64467  -44.141  -10.567  30.083 0.0000000000
139175  -44.952  -9.930  28.688 0.0000000000
64479  -46.060  -10.576  28.271 0.0000000000
63639  -46.843  -10.968  27.906 0.0000000000
65258  -46.356  -9.550  28.029 0.0000000000
50965  -32.715  -26.318  39.720 0.0000000000
50999  -33.076  -26.476  37.666 0.0000000000
52739  -31.120  -24.856  40.490 0.0000000000
51889  -31.638  -25.223  39.782 0.0000000000
51909  -31.795  -24.806  38.798 0.0000000000
52752  -30.962  -24.547  39.378 0.0000000000
57939  -31.759  -18.686  36.770 0.0000000000
57148  -32.258  -19.803  35.507 0.0000000000
57975  -33.626  -18.970  34.393 0.0000000000
57162  -33.900  -19.579  33.913 0.0000000000
57163  -34.462  -19.046  33.701 0.0000000000
57976  -34.127  -18.655  34.149 0.0000000000
118241  -35.758  -16.918  34.834 0.0000000000
41792  -25.895  -36.661  42.765 0.0000000000
40886  -25.958  -37.947  43.492 0.0000000000
40898  -26.368  -37.188  43.153 0.0000000000
41783  -27.787  -36.309  44.446 0.0000000000
40879  -27.623  -37.334  44.338 0.0000000000
38167  -11.846  -40.927  52.209 0.0000000000
126838  -12.269  -42.308  52.285 0.0000000000
37200  -12.421  -41.614  51.878 0.0000000000
30635  -8.016  -48.488  59.484 0.0000000000
32380  -5.997  -46.815  59.581 0.0000000000
31513  -5.511  -47.546  59.803 0.0000000000
49127  -39.719  -28.096  41.101 0.0000000000
50092  -39.851  -27.255  41.062 0.0000000000
50969  -39.416  -26.813  40.615 0.0000000000
46150  -27.893  -32.247  44.072 0.0000000000
45268  -28.127  -32.561  44.704 0.0000000000
45280  -28.290  -32.433  44.090 0.0000000000
41693  -14.174  -36.240  50.764 0.0000000000
41692  -13.583  -36.890  51.220 0.0000000000
139634  -13.876  -38.000  50.226 0.0000000000
39065  -15.302  -39.628  49.919 0.0000000000
38200  -15.743  -40.407  50.389 0.0000000000
38186  -17.950  -40.259  51.781 0.0000000000
121562  -17.347  -40.452  51.954 0.0000000000
38185  -16.897  -40.563  51.348 0.0000000000
45319  -33.637  -32.891  40.070 0.0000000000
130597  -34.135  -32.344  39.597 0.0000000000
47207  -32.316  -30.629  36.778 0.0000000000
47208  -33.094  -30.628  36.638 0.0000000000
47222  -32.548  -30.092  36.455 0.0000000000
48115  -32.271  -29.674  39.175 0.0000000000
49164  -33.411  -28.364  39.247 0.0000000000
49179  -32.879  -28.118  37.822 0.0000000000
50118  -33.442  -27.654  39.721 0.0000000000
40877  -20.356  -37.546  45.403 0.0000000000
41766  -20.725  -36.759  44.994 0.0000000000
41780  -21.990  -36.759  44.349 0.0000000000
41781  -22.401  -36.418  44.133 0.0000000000
40884  -22.453  -37.234  44.099 0.0000000000
44459  -22.854  -33.300  44.403 0.0000000000
43670  -23.091  -34.581  43.303 0.0000000000
116530  -23.438  -34.965  42.658 0.0000000000
41799  -24.311  -36.217  42.544 0.0000000000
43685  -23.485  -34.127  42.352 0.0000000000
43699  -24.003  -33.339  41.718 0.0000000000
45303  -24.171  -32.473  41.584 0.0000000000
44495  -25.419  -33.274  41.897 0.0000000000
45304  -24.768  -31.832  41.582 0.0000000000
124075  -26.259  -27.155  44.123 0.0000000000
50050  -26.487  -27.119  44.936 0.0000000000
50049  -25.580  -27.127  44.484 0.0000000000
50048  -24.772  -27.280  44.862 0.0000000000
50060  -24.803  -27.306  43.895 0.0000000000
49103  -23.931  -28.714  42.934 0.0000000000
49104  -24.447  -28.144  42.502 0.0000000000
47145  -25.508  -29.989  41.426 0.0000000000
46174  -25.740  -31.417  41.890 0.0000000000
46161  -26.919  -31.941  43.132 0.0000000000
46175  -26.496  -31.229  42.098 0.0000000000
46192  -27.334  -30.975  41.661 0.0000000000
46193  -27.999  -31.589  41.879 0.0000000000
45316  -28.763  -32.311  41.373 0.0000000000
48089  -28.369  -29.406  39.975 0.0000000000
45331  -29.667  -32.446  39.197 0.0000000000
45330  -28.854  -32.017  39.648 0.0000000000
45317  -29.469  -32.656  40.185 0.0000000000
44509  -30.043  -33.125  40.859 0.0000000000
44510  -30.802  -33.424  40.764 0.0000000000
44523  -31.047  -33.240  40.115 0.0000000000
44525  -32.668  -33.023  39.713 0.0000000000
44513  -34.025  -33.345  40.829 0.0000000000
42699  -20.445  -35.750  45.224 0.0000000000
42683  -19.745  -35.196  45.754 0.0000000000
42698  -19.795  -35.922  45.452 0.0000000000
40876  -19.582  -37.355  45.854 0.0000000000
54645  -40.185  -23.004  33.195 0.0000000000
55553  -41.291  -21.184  31.643 0.0000000000
55527  -41.812  -21.791  31.976 0.0000000000
138165  -39.833  -18.393  30.492 0.0000000000
57212  -40.630  -18.603  30.510 0.0000000000
62739  -39.898  -12.220  34.904 0.0000000000
119927  -38.710  -12.947  34.129 0.0000000000
62738  -39.295  -12.318  34.228 0.0000000000
62746  -39.930  -12.134  32.335 0.0000000000
61938  -40.159  -12.848  31.806 0.0000000000
127117  -40.762  -13.383  31.281 0.0000000000
61939  -41.008  -12.737  31.433 0.0000000000
64459  -41.544  -10.142  31.885 0.0000000000
61940  -43.040  -12.880  31.246 0.0000000000
62763  -42.451  -12.325  31.385 0.0000000000
61947  -42.449  -13.764  30.825 0.0000000000
124208  -43.404  -15.131  30.559 0.0000000000
61123  -43.654  -14.425  30.796 0.0000000000
61135  -45.273  -15.071  31.149 0.0000000000
63617  -45.445  -11.565  30.440 0.0000000000
64489  -48.693  -10.159  26.660 0.0000000000
136267  -49.428  -11.326  26.488 0.0000000000
128010  -49.201  -9.942  26.156 0.0000000000
65266  -49.432  -9.388  25.777 0.0000000000
66977  -49.259  -8.201  26.656 0.0000000000
34263  -9.335  -44.803  56.536 0.0000000000
33328  -9.289  -45.612  56.718 0.0000000000
34254  -8.860  -44.916  57.454 0.0000000000
31547  -11.080  -47.282  56.831 0.0000000000
31537  -10.519  -47.624  57.354 0.0000000000
31527  -9.801  -47.941  57.844 0.0000000000
140144  -9.124  -47.833  57.998 0.0000000000
30644  -9.098  -48.299  58.448 0.0000000000
29750  -8.669  -49.756  60.951 0.0000000000
45336  -34.549  -31.838  39.032 0.0000000000
46204  -35.672  -31.727  40.171 0.0000000000
46214  -35.329  -31.507  39.323 0.0000000000
48134  -35.785  -29.778  37.644 0.0000000000
47193  -36.141  -30.174  38.437 0.0000000000
47177  -37.171  -30.132  39.639 0.0000000000
48135  -36.520  -29.433  38.070 0.0000000000
125230  -33.285  -26.403  36.965 0.0000000000
50168  -34.075  -27.457  36.261 0.0000000000
51025  -33.721  -26.732  36.622 0.0000000000
130859  -36.902  -27.789  37.674 0.0000000000
49180  -36.803  -28.639  37.790 0.0000000000
49181  -37.409  -28.202  38.330 0.0000000000
50135  -37.413  -27.339  38.318 0.0000000000
51912  -36.398  -25.567  38.511 0.0000000000
51913  -37.174  -26.340  38.641 0.0000000000
51892  -37.516  -25.701  39.480 0.0000000000
52754  -36.275  -24.739  39.253 0.0000000000
138876  -29.968  -22.077  40.577 0.0000000000
54515  -30.000  -22.795  40.297 0.0000000000
54534  -29.904  -22.872  39.419 0.0000000000
53620  -30.168  -23.486  39.247 0.0000000000
53619  -30.072  -23.028  38.738 0.0000000000
57106  -30.499  -19.843  38.555 0.0000000000
130247  -30.401  -20.073  39.275 0.0000000000
56274  -30.411  -20.530  37.771 0.0000000000
54574  -31.118  -22.376  37.140 0.0000000000
54573  -30.361  -21.978  37.530 0.0000000000
54552  -30.636  -22.625  37.686 0.0000000000
53658  -31.385  -23.071  37.584 0.0000000000
53659  -32.369  -23.143  37.474 0.0000000000
53660  -33.081  -23.370  37.558 0.0000000000
129522  -33.273  -22.724  37.449 0.0000000000
54554  -34.765  -22.612  38.388 0.0000000000
53640  -34.399  -22.904  38.349 0.0000000000
52753  -35.617  -23.845  39.243 0.0000000000
53622  -35.459  -23.085  39.232 0.0000000000
55455  -35.550  -22.185  37.969 0.0000000000
55483  -33.666  -22.062  35.606 0.0000000000
54610  -35.998  -22.821  35.680 0.0000000000
53676  -36.721  -23.152  36.135 0.0000000000
54626  -37.357  -23.133  33.865 0.0000000000
53708  -38.542  -23.803  34.684 0.0000000000
53727  -38.930  -23.548  33.964 0.0000000000
139758  -38.533  -23.159  33.462 0.0000000000
55522  -37.195  -21.525  32.319 0.0000000000
55549  -37.794  -21.059  31.793 0.0000000000
57186  -36.373  -19.237  32.372 0.0000000000
58013  -37.005  -18.592  32.068 0.0000000000
58771  -37.481  -17.849  31.869 0.0000000000
59501  -37.326  -16.797  32.817 0.0000000000
39998  -21.496  -39.037  46.257 0.0000000000
117494  -24.196  -39.851  47.140 0.0000000000
39120  -23.301  -39.847  47.353 0.0000000000
117109  -24.066  -39.998  47.944 0.0000000000
39091  -24.727  -40.323  49.367 0.0000000000
39105  -24.970  -40.211  48.405 0.0000000000
39146  -26.745  -39.247  45.264 0.0000000000
39145  -25.839  -39.385  45.439 0.0000000000
132557  -27.052  -39.816  46.961 0.0000000000
43630  -28.384  -34.571  45.353 0.0000000000
36274  -10.240  -42.750  55.092 0.0000000000
38131  -11.283  -40.713  53.973 0.0000000000
34305  -11.440  -44.010  53.612 0.0000000000
35324  -11.067  -43.352  53.661 0.0000000000
33353  -11.780  -45.774  55.030 0.0000000000
33368  -12.122  -45.309  54.413 0.0000000000
134351  -13.601  -39.624  50.648 0.0000000000
125504  -13.173  -40.143  51.040 0.0000000000
36321  -14.198  -42.437  52.080 0.0000000000
37213  -13.860  -41.763  51.468 0.0000000000
36308  -14.426  -43.034  52.896 0.0000000000
68683  -48.754  -5.492  24.770 0.0000000000
128347  -4.656  -48.819  60.105 0.0000000000
137604  -4.831  -48.279  59.807 0.0000000000
123570  -5.058  -47.572  59.575 0.0000000000
31512  -4.846  -47.654  59.373 0.0000000000
39102  -20.295  -39.713  48.625 0.0000000000
39103  -21.044  -39.849  48.434 0.0000000000
119069  -21.755  -39.911  48.337 0.0000000000
43692  -34.490  -34.418  42.190 0.0000000000
41751  -18.563  -36.203  46.388 0.0000000000
40854  -18.329  -37.632  47.202 0.0000000000
132746  -18.492  -38.167  47.459 0.0000000000
120644  -18.698  -38.626  47.765 0.0000000000
48070  -31.386  -30.090  40.967 0.0000000000
60276  -38.423  -15.831  31.883 0.0000000000
61106  -38.812  -13.934  32.744 0.0000000000
66076  -43.127  -8.081  31.572 0.0000000000
66954  -43.701  -7.765  31.304 0.0000000000
66081  -44.475  -8.593  29.275 0.0000000000
65255  -44.941  -9.176  28.714 0.0000000000
66086  -45.917  -8.840  28.410 0.0000000000
121381  -46.368  -7.460  29.110 0.0000000000
51871  -32.171  -25.874  40.259 0.0000000000
51856  -31.784  -25.707  41.775 0.0000000000
52727  -31.293  -25.038  41.531 0.0000000000
52726  -30.820  -24.341  41.224 0.0000000000
57940  -32.492  -18.168  36.440 0.0000000000
57956  -32.670  -18.791  35.576 0.0000000000
116108  -33.235  -17.999  35.816 0.0000000000
58721  -34.904  -16.914  35.886 0.0000000000
42748  -26.296  -35.562  42.682 0.0000000000
41793  -26.630  -36.244  42.987 0.0000000000
42737  -26.840  -35.273  43.177 0.0000000000
42723  -27.796  -35.334  44.659 0.0000000000
132709  -12.161  -39.243  52.231 0.0000000000
121447  -50.152  -8.958  24.600 0.0000000000
30617  -6.926  -49.129  60.931 0.0000000000
30616  -5.906  -48.880  60.965 0.0000000000
135870  -39.253  -28.158  40.669 0.0000000000
45290  -28.452  -32.382  43.304 0.0000000000
45281  -28.927  -32.874  43.720 0.0000000000
43659  -30.720  -34.776  44.624 0.0000000000
42644  -16.322  -35.055  48.487 0.0000000000
42622  -15.318  -35.031  49.884 0.0000000000
41706  -14.577  -36.664  49.816 0.0000000000
40827  -14.410  -37.706  49.808 0.0000000000
136391  -15.967  -39.332  49.579 0.0000000000
133720  -18.709  -39.942  50.231 0.0000000000
39068  -17.964  -39.972  50.252 0.0000000000
39053  -18.578  -40.173  51.133 0.0000000000
39041  -18.558  -40.250  52.108 0.0000000000
45334  -32.582  -32.552  38.796 0.0000000000
45349  -33.233  -32.133  38.446 0.0000000000
45348  -32.424  -32.061  38.079 0.0000000000
117670  -32.091  -31.349  37.377 0.0000000000
136685  -21.177  -36.044  44.890 0.0000000000
42719  -21.940  -35.771  44.781 0.0000000000
46149  -23.060  -31.565  44.829 0.0000000000
136377  -23.112  -31.887  44.065 0.0000000000
45277  -23.103  -32.560  43.670 0.0000000000
44480  -23.453  -33.210  42.272 0.0000000000
46160  -23.307  -31.681  43.087 0.0000000000
127518  -23.490  -30.959  42.338 0.0000000000
46188  -23.757  -31.037  41.751 0.0000000000
50051  -27.157  -27.273  44.291 0.0000000000
50062  -26.453  -27.169  43.387 0.0000000000
50075  -25.708  -27.221  42.646 0.0000000000
49105  -25.047  -27.669  42.042 0.0000000000
50088  -25.853  -27.517  41.735 0.0000000000
137013  -25.612  -28.600  41.089 0.0000000000
47146  -26.312  -30.214  41.344 0.0000000000
129360  -28.960  -29.548  39.547 0.0000000000
130205  -29.126  -31.786  38.797 0.0000000000
45332  -30.842  -32.840  39.284 0.0000000000
45333  -31.831  -32.805  39.056 0.0000000000
55524  -39.111  -21.782  32.139 0.0000000000
55525  -40.050  -21.801  32.107 0.0000000000
55552  -40.420  -21.193  31.655 0.0000000000
56360  -40.776  -20.563  31.275 0.0000000000
118752  -40.947  -17.738  30.432 0.0000000000
63592  -40.543  -10.965  34.534 0.0000000000
64451  -40.335  -10.747  33.837 0.0000000000
63597  -40.177  -11.311  32.646 0.0000000000
62761  -40.724  -11.596  31.954 0.0000000000
123033  -43.194  -11.991  31.445 0.0000000000
61124  -45.041  -14.177  31.419 0.0000000000
65262  -48.127  -9.756  27.195 0.0000000000
65263  -48.998  -9.311  26.577 0.0000000000
125884  -9.780  -46.154  56.319 0.0000000000
29763  -9.031  -49.229  59.698 0.0000000000
47191  -34.526  -30.890  37.567 0.0000000000
47210  -34.991  -30.124  37.180 0.0000000000
48155  -35.405  -29.334  36.871 0.0000000000
51026  -34.572  -26.710  36.537 0.0000000000
126744  -33.944  -25.970  36.894 0.0000000000
51017  -35.077  -25.996  36.987 0.0000000000
51018  -36.079  -26.500  37.258 0.0000000000
51921  -35.128  -25.328  37.626 0.0000000000
131833  -34.729  -24.591  37.886 0.0000000000
55424  -30.046  -21.299  40.290 0.0000000000
55463  -30.772  -20.798  36.975 0.0000000000
55451  -30.850  -21.601  36.969 0.0000000000
54576  -33.552  -22.475  37.352 0.0000000000
54535  -35.379  -22.727  38.832 0.0000000000
55453  -34.558  -22.154  37.574 0.0000000000
55468  -34.827  -22.000  37.065 0.0000000000
54608  -34.377  -22.280  35.012 0.0000000000
135569  -35.072  -22.353  34.610 0.0000000000
54625  -36.853  -23.162  34.383 0.0000000000
120977  -37.125  -22.718  33.260 0.0000000000
54643  -37.852  -22.953  33.332 0.0000000000
56338  -36.447  -20.864  32.361 0.0000000000
117408  -35.488  -17.703  33.871 0.0000000000
57992  -35.987  -17.755  33.494 0.0000000000
58762  -37.181  -17.326  32.492 0.0000000000
40016  -22.550  -38.663  45.263 0.0000000000
40000  -23.026  -39.171  45.850 0.0000000000
133417  -25.086  -39.875  47.051 0.0000000000
37199  -11.557  -42.152  52.758 0.0000000000
35325  -11.688  -43.500  53.200 0.0000000000
34291  -12.436  -44.716  53.942 0.0000000000
38183  -14.361  -41.144  50.915 0.0000000000
39043  -19.937  -40.310  51.833 0.0000000000
39044  -20.883  -40.374  51.507 0.0000000000
38187  -21.695  -40.544  51.717 0.0000000000
138412  -21.452  -40.223  50.140 0.0000000000
139933  -22.342  -40.456  50.829 0.0000000000
43690  -31.434  -34.500  42.216 0.0000000000
43673  -31.478  -34.846  43.080 0.0000000000
43608  -16.909  -34.535  47.991 0.0000000000
42664  -16.720  -35.523  47.845 0.0000000000
41718  -16.577  -36.444  48.054 0.0000000000
40842  -16.347  -37.350  48.425 0.0000000000
39969  -16.615  -38.226  48.700 0.0000000000
39957  -17.702  -39.082  49.055 0.0000000000
39958  -18.275  -38.935  48.574 0.0000000000
39085  -18.330  -39.557  49.472 0.0000000000
46232  -29.809  -30.828  37.753 0.0000000000
47190  -30.118  -30.186  37.797 0.0000000000
49107  -28.389  -27.779  42.551 0.0000000000
137683  -27.979  -27.780  41.707 0.0000000000
49125  -28.081  -28.090  41.052 0.0000000000
49144  -29.090  -28.937  40.196 0.0000000000
48068  -29.676  -28.901  40.993 0.0000000000
48112  -29.306  -30.083  38.994 0.0000000000
48131  -29.529  -30.135  38.132 0.0000000000
58026  -39.128  -18.523  30.617 0.0000000000
59528  -39.634  -16.753  30.656 0.0000000000
58786  -40.267  -17.258  30.473 0.0000000000
59529  -40.340  -16.581  30.520 0.0000000000
125042  -40.876  -16.123  30.500 0.0000000000
66069  -41.616  -9.085  33.069 0.0000000000
66072  -41.955  -8.853  32.557 0.0000000000
65248  -41.965  -9.327  31.852 0.0000000000
64460  -42.292  -9.905  31.308 0.0000000000
133520  -42.406  -9.221  31.304 0.0000000000
64461  -42.947  -10.443  30.949 0.0000000000
63616  -44.801  -11.403  30.674 0.0000000000
64473  -44.490  -10.055  29.166 0.0000000000
135810  -45.428  -11.317  29.671 0.0000000000
65261  -47.343  -9.429  27.713 0.0000000000
121867  -47.858  -8.483  27.981 0.0000000000
33352  -10.909  -45.460  55.165 0.0000000000
33340  -10.379  -45.923  55.776 0.0000000000
32417  -11.597  -46.758  56.307 0.0000000000
50153  -32.841  -27.299  36.940 0.0000000000
51890  -32.283  -25.547  39.164 0.0000000000
57107  -30.913  -18.927  38.434 0.0000000000
57116  -31.213  -18.916  37.443 0.0000000000
56275  -30.893  -19.931  37.133 0.0000000000
56285  -31.298  -20.336  36.462 0.0000000000
55481  -32.476  -21.346  35.611 0.0000000000
56311  -33.167  -20.681  34.592 0.0000000000
57149  -32.928  -19.585  34.805 0.0000000000
56312  -33.770  -20.589  34.077 0.0000000000
56323  -35.129  -20.523  33.118 0.0000000000
131913  -35.006  -18.539  33.610 0.0000000000
40043  -25.158  -37.980  43.477 0.0000000000
40019  -25.186  -39.039  44.818 0.0000000000
40035  -25.425  -38.528  44.070 0.0000000000
40036  -26.439  -38.450  44.116 0.0000000000
40021  -27.533  -38.763  45.178 0.0000000000
41782  -27.241  -36.845  43.597 0.0000000000
40037  -27.295  -38.250  44.415 0.0000000000
39029  -11.898  -39.301  53.139 0.0000000000
38151  -11.711  -40.326  53.112 0.0000000000
38168  -16.576  -41.051  52.826 0.0000000000
32397  -8.058  -46.743  58.774 0.0000000000
32390  -7.524  -46.887  59.220 0.0000000000
32389  -6.820  -47.038  59.625 0.0000000000
31515  -6.824  -47.903  60.041 0.0000000000
32388  -6.541  -46.210  59.344 0.0000000000
33296  -5.906  -45.854  59.252 0.0000000000
62733  -40.541  -12.337  35.503 0.0000000000
63587  -41.121  -10.845  35.124 0.0000000000
64447  -41.745  -10.236  35.127 0.0000000000
65238  -42.472  -9.504  35.219 0.0000000000
51873  -38.564  -25.522  40.539 0.0000000000
45278  -26.902  -32.653  43.683 0.0000000000
44460  -27.231  -33.149  44.166 0.0000000000
45267  -27.652  -32.656  44.362 0.0000000000
45256  -28.017  -32.869  45.130 0.0000000000
119775  -31.223  -34.948  43.912 0.0000000000
41684  -13.906  -36.112  51.740 0.0000000000
41683  -13.312  -36.637  52.146 0.0000000000
40820  -13.085  -37.476  51.693 0.0000000000
39926  -12.999  -38.363  51.313 0.0000000000
39940  -14.311  -38.556  49.971 0.0000000000
39064  -14.314  -39.498  50.199 0.0000000000
122142  -16.215  -38.802  49.186 0.0000000000
39067  -17.128  -40.066  50.070 0.0000000000
126054  -16.601  -40.905  52.011 0.0000000000
67861  -48.614  -6.273  25.237 0.0000000000
44514  -34.961  -33.055  41.235 0.0000000000
45307  -35.704  -32.562  41.238 0.0000000000
45337  -34.899  -32.043  39.887 0.0000000000
46224  -33.998  -31.600  38.161 0.0000000000
47223  -33.111  -29.869  36.273 0.0000000000
49215  -32.149  -28.452  35.964 0.0000000000
48152  -30.987  -30.182  37.425 0.0000000000
48132  -31.091  -29.840  37.522 0.0000000000
49177  -31.744  -29.291  36.977 0.0000000000
49163  -32.767  -28.981  38.476 0.0000000000
48171  -31.923  -29.081  36.431 0.0000000000
49197  -32.107  -28.522  36.379 0.0000000000
49198  -32.450  -28.017  36.737 0.0000000000
50152  -32.441  -27.936  36.297 0.0000000000
50952  -32.604  -26.513  40.965 0.0000000000
50953  -33.015  -27.081  41.430 0.0000000000
40014  -20.860  -38.352  45.669 0.0000000000
40015  -21.726  -38.522  45.433 0.0000000000
40031  -22.136  -38.125  44.829 0.0000000000
40032  -22.897  -38.319  44.576 0.0000000000
124022  -23.141  -37.782  43.916 0.0000000000
40885  -23.910  -37.944  43.658 0.0000000000
43643  -22.344  -33.797  45.592 0.0000000000
43657  -22.512  -34.441  45.083 0.0000000000
121864  -22.819  -34.165  44.231 0.0000000000
42721  -22.728  -35.115  44.242 0.0000000000
41790  -22.814  -36.024  43.715 0.0000000000
121638  -23.724  -37.332  43.299 0.0000000000
40896  -24.505  -37.670  43.274 0.0000000000
40904  -24.425  -36.946  42.793 0.0000000000
41800  -25.166  -36.351  42.482 0.0000000000
134493  -24.179  -34.208  41.841 0.0000000000
43686  -24.835  -34.696  41.916 0.0000000000
42747  -25.613  -35.341  42.271 0.0000000000
43687  -25.698  -34.128  42.116 0.0000000000
44481  -25.965  -33.016  42.520 0.0000000000
49079  -23.715  -28.445  44.812 0.0000000000
49091  -23.758  -28.562  43.858 0.0000000000
48051  -23.753  -29.496  42.431 0.0000000000
47143  -23.993  -30.423  41.625 0.0000000000
48052  -24.685  -28.569  41.797 0.0000000000
48065  -24.232  -29.571  41.770 0.0000000000
46189  -24.254  -31.017  41.523 0.0000000000
139583  -26.062  -32.324  42.549 0.0000000000
45289  -26.444  -32.372  43.017 0.0000000000
46162  -27.625  -32.032  43.413 0.0000000000
46177  -27.981  -31.913  42.976 0.0000000000
48088  -27.609  -29.340  40.465 0.0000000000
46212  -28.405  -31.116  39.903 0.0000000000
128868  -28.487  -31.746  40.677 0.0000000000
129005  -29.369  -32.767  41.055 0.0000000000
44496  -29.848  -33.227  41.626 0.0000000000
44498  -31.326  -33.962  41.414 0.0000000000
43701  -32.207  -34.440  41.664 0.0000000000
44500  -32.726  -34.025  41.046 0.0000000000
44512  -32.331  -33.591  40.451 0.0000000000
115969  -33.509  -33.940  41.222 0.0000000000
44501  -34.312  -33.831  41.532 0.0000000000
42682  -18.842  -35.305  46.321 0.0000000000
54663  -41.457  -22.328  32.507 0.0000000000
56373  -40.248  -19.981  30.818 0.0000000000
56374  -41.118  -19.904  30.958 0.0000000000
57213  -41.400  -19.177  30.714 0.0000000000
61916  -38.368  -13.595  34.262 0.0000000000
61919  -38.551  -13.290  33.654 0.0000000000
62745  -39.337  -12.316  33.011 0.0000000000
61923  -39.316  -12.991  32.652 0.0000000000
61121  -40.391  -14.198  31.141 0.0000000000
61131  -41.033  -14.782  30.697 0.0000000000
64457  -40.937  -10.032  32.686 0.0000000000
63598  -40.806  -10.751  32.262 0.0000000000
62762  -41.553  -12.131  31.536 0.0000000000
61132  -41.993  -14.619  30.610 0.0000000000
134239  -42.538  -15.274  30.482 0.0000000000
61134  -44.365  -14.887  30.862 0.0000000000
137379  -49.770  -9.592  25.328 0.0000000000
66095  -49.711  -9.095  25.075 0.0000000000
67862  -48.885  -7.120  25.870 0.0000000000
67854  -48.781  -6.556  26.979 0.0000000000
32405  -8.528  -46.537  57.974 0.0000000000
32415  -9.799  -46.763  56.729 0.0000000000
31536  -9.763  -47.318  57.219 0.0000000000
32406  -9.190  -46.754  57.220 0.0000000000
30627  -8.327  -49.012  59.674 0.0000000000
29757  -8.434  -49.410  60.207 0.0000000000
29756  -7.833  -49.591  60.800 0.0000000000
45322  -36.033  -32.010  40.880 0.0000000000
47175  -35.738  -30.872  38.846 0.0000000000
47165  -37.533  -30.467  40.353 0.0000000000
48096  -37.829  -29.704  40.052 0.0000000000
49217  -34.175  -28.184  36.032 0.0000000000
49199  -35.664  -28.532  36.628 0.0000000000
50169  -35.033  -27.343  36.339 0.0000000000
49219  -35.727  -27.714  36.557 0.0000000000
48136  -37.144  -29.019  38.564 0.0000000000
48119  -38.087  -28.894  39.769 0.0000000000
133661  -38.210  -28.210  39.525 0.0000000000
50120  -38.451  -27.660  39.647 0.0000000000
132173  -36.491  -26.222  37.945 0.0000000000
50119  -37.782  -26.967  38.908 0.0000000000
50985  -38.356  -26.929  39.500 0.0000000000
51893  -38.201  -26.041  39.824 0.0000000000
53581  -30.327  -23.505  40.975 0.0000000000
54499  -30.188  -22.565  41.229 0.0000000000
131052  -30.429  -23.981  39.497 0.0000000000
52766  -31.215  -23.780  38.101 0.0000000000
56266  -30.179  -20.662  39.640 0.0000000000
55434  -29.830  -21.441  39.158 0.0000000000
55440  -29.957  -21.517  38.176 0.0000000000
54550  -29.768  -22.237  38.838 0.0000000000
53639  -30.585  -23.171  38.167 0.0000000000
121551  -32.530  -23.954  37.602 0.0000000000
52769  -34.405  -23.699  38.132 0.0000000000
138617  -33.808  -23.005  37.840 0.0000000000
135011  -34.985  -24.010  38.599 0.0000000000
52741  -37.620  -24.271  40.388 0.0000000000
55435  -35.797  -22.561  38.769 0.0000000000
54594  -35.317  -22.416  36.358 0.0000000000
54660  -38.579  -22.557  32.830 0.0000000000
55550  -38.619  -20.997  31.576 0.0000000000
56358  -38.659  -20.189  31.056 0.0000000000
117779  -36.532  -20.090  32.097 0.0000000000
126617  -38.102  -19.591  31.134 0.0000000000
137443  -38.274  -19.106  30.977 0.0000000000
122322  -38.083  -18.075  31.244 0.0000000000
60271  -37.955  -15.720  32.758 0.0000000000
39129  -20.959  -39.342  46.988 0.0000000000
39130  -21.726  -39.551  47.032 0.0000000000
39119  -22.324  -39.856  47.696 0.0000000000
117236  -23.221  -40.000  48.271 0.0000000000
39090  -23.207  -40.109  49.138 0.0000000000
122861  -23.893  -40.250  49.629 0.0000000000
39134  -25.508  -39.689  46.288 0.0000000000
39121  -25.405  -40.090  47.684 0.0000000000
39106  -27.089  -40.092  47.837 0.0000000000
134019  -26.052  -40.301  48.166 0.0000000000
39092  -25.802  -40.491  49.206 0.0000000000
38214  -26.031  -40.674  50.041 0.0000000000
43644  -27.803  -34.280  44.911 0.0000000000
35283  -9.926  -43.294  55.736 0.0000000000
130360  -10.455  -44.317  54.778 0.0000000000
140039  -10.874  -42.659  53.824 0.0000000000
36290  -10.571  -43.106  54.286 0.0000000000
33354  -12.674  -45.624  55.123 0.0000000000
37212  -13.084  -41.515  51.539 0.0000000000
37188  -15.654  -42.022  52.803 0.0000000000
35328  -14.258  -43.609  53.526 0.0000000000
128921  -49.298  -6.807  24.153 0.0000000000
29748  -5.335  -49.508  61.460 0.0000000000
30615  -5.019  -48.904  60.653 0.0000000000
30614  -4.677  -49.301  60.670 0.0000000000
129604  -5.100  -48.167  60.074 0.0000000000
125320  -4.604  -47.893  58.945 0.0000000000
31525  -4.673  -47.058  58.592 0.0000000000
31518  -4.772  -47.253  59.089 0.0000000000
32377  -4.797  -46.585  59.012 0.0000000000
31538  -11.323  -47.650  57.542 0.0000000000
31539  -11.907  -47.488  57.836 0.0000000000
33367  -11.500  -45.255  54.585 0.0000000000
39133  -24.520  -39.645  46.370 0.0000000000
39135  -26.610  -39.615  46.174 0.0000000000
40034  -24.636  -38.685  44.363 0.0000000000
42745  -23.798  -35.623  42.559 0.0000000000
43689  -30.886  -34.428  42.736 0.0000000000
44470  -26.791  -33.447  43.624 0.0000000000
44471  -29.575  -33.411  43.222 0.0000000000
44485  -30.762  -34.033  42.118 0.0000000000
44487  -36.363  -33.441  42.407 0.0000000000
44494  -24.822  -32.861  41.607 0.0000000000
44511  -31.552  -33.596  40.606 0.0000000000
45287  -23.364  -32.544  42.604 0.0000000000
45345  -29.551  -31.874  38.455 0.0000000000
45347  -31.573  -31.955  37.934 0.0000000000
46139  -23.062  -31.210  45.480 0.0000000000
46173  -23.535  -31.748  42.035 0.0000000000
47125  -23.687  -30.279  41.977 0.0000000000
47144  -24.670  -30.167  41.560 0.0000000000
47154  -39.260  -29.938  41.805 0.0000000000
48041  -23.557  -29.407  43.373 0.0000000000
48117  -36.835  -29.796  38.869 0.0000000000
48153  -31.485  -29.760  36.944 0.0000000000
48173  -32.886  -28.903  35.947 0.0000000000
49092  -24.283  -27.923  43.392 0.0000000000
49122  -25.326  -28.182  41.350 0.0000000000
49146  -38.759  -28.236  40.181 0.0000000000
50052  -28.004  -27.625  43.965 0.0000000000
50061  -25.591  -27.145  43.551 0.0000000000
50106  -39.357  -27.635  40.591 0.0000000000
50155  -36.322  -27.339  37.065 0.0000000000
51891  -36.866  -25.436  39.185 0.0000000000
55454  -35.104  -22.067  37.713 0.0000000000
55499  -34.611  -21.902  34.283 0.0000000000
56298  -31.717  -19.903  36.037 0.0000000000
56361  -41.633  -20.493  31.318 0.0000000000
62741  -39.040  -12.594  33.680 0.0000000000
63594  -39.438  -11.899  33.577 0.0000000000
63595  -39.914  -11.267  33.368 0.0000000000
63627  -45.977  -11.707  29.973 0.0000000000
123290  -23.968  -34.913  42.122 0.0000000000
130058  -26.859  -38.815  44.674 0.0000000000
133526  -36.343  -24.016  39.797 0.0000000000
135677  -22.509  -37.838  44.368 0.0000000000
136264  -41.203  -9.548  33.207 0.0000000000
136696  -27.947  -35.894  45.108 0.0000000000
137049  -29.895  -29.942  38.048 0.0000000000
138306  -32.847  -31.133  37.040 0.0000000000
138639  -33.010  -34.401  41.576 0.0000000000
