#!ascii label  , from subject sub-v1s19x0051305_ses-1 vox2ras=TkReg
1848
106807  52.282  6.499  54.680 0.0000000000
43027  45.793  -9.502  70.928 0.0000000000
41941  36.148  -10.516  74.785 0.0000000000
42978  28.991  -9.319  77.710 0.0000000000
117992  43.988  -12.238  79.035 0.0000000000
39076  38.621  -13.769  65.168 0.0000000000
101992  48.838  4.489  58.888 0.0000000000
59665  60.754  9.019  51.275 0.0000000000
57715  50.875  6.135  66.204 0.0000000000
48038  44.690  -4.307  63.711 0.0000000000
41068  37.420  -11.673  58.702 0.0000000000
40800  36.311  -11.432  81.893 0.0000000000
41910  32.741  -10.339  76.788 0.0000000000
41825  32.570  -9.482  83.249 0.0000000000
118076  40.570  -12.535  77.891 0.0000000000
58601  55.840  8.114  65.197 0.0000000000
46983  49.820  -5.732  76.499 0.0000000000
47935  50.363  -3.853  71.928 0.0000000000
50660  50.262  -2.281  68.354 0.0000000000
45096  45.497  -7.562  66.701 0.0000000000
45138  39.553  -7.200  63.577 0.0000000000
42058  40.571  -10.757  65.542 0.0000000000
42079  34.316  -10.432  63.319 0.0000000000
39161  34.929  -12.728  58.548 0.0000000000
59655  55.737  8.509  52.524 0.0000000000
56991  56.179  5.822  50.144 0.0000000000
43086  32.951  -8.772  66.995 0.0000000000
42008  31.172  -10.175  69.801 0.0000000000
41922  44.414  -10.473  76.029 0.0000000000
38127  43.462  -14.999  67.723 0.0000000000
37231  42.715  -15.032  72.914 0.0000000000
40927  38.222  -11.263  69.627 0.0000000000
55991  52.110  4.374  57.720 0.0000000000
45873  29.489  -5.813  85.965 0.0000000000
42937  26.213  -9.153  81.273 0.0000000000
61499  57.852  10.991  56.401 0.0000000000
59561  55.730  8.336  58.421 0.0000000000
56875  53.288  5.806  60.863 0.0000000000
56854  49.655  5.448  62.248 0.0000000000
55069  45.885  3.051  62.930 0.0000000000
55883  53.272  4.689  69.871 0.0000000000
52351  47.279  0.886  66.125 0.0000000000
49819  44.086  -2.015  60.498 0.0000000000
48931  38.561  -3.778  59.921 0.0000000000
37358  39.383  -15.439  60.754 0.0000000000
40771  36.321  -10.540  84.225 0.0000000000
40791  34.769  -10.938  82.601 0.0000000000
42892  34.586  -9.170  85.098 0.0000000000
39812  37.750  -11.656  82.441 0.0000000000
45031  47.689  -7.293  74.370 0.0000000000
46056  48.089  -6.289  72.056 0.0000000000
46114  48.831  -6.676  68.968 0.0000000000
44060  46.047  -9.079  68.583 0.0000000000
44085  42.477  -8.653  66.602 0.0000000000
42021  43.172  -10.386  68.863 0.0000000000
41011  31.139  -11.285  62.602 0.0000000000
40047  31.945  -11.677  60.539 0.0000000000
58730  53.549  7.489  53.281 0.0000000000
57844  53.379  6.178  51.996 0.0000000000
56957  52.308  5.320  53.139 0.0000000000
41987  34.817  -9.780  71.040 0.0000000000
43068  32.212  -9.487  69.022 0.0000000000
43018  33.769  -9.765  72.114 0.0000000000
100861  30.655  -10.021  76.971 0.0000000000
41962  30.437  -9.936  73.571 0.0000000000
41930  28.883  -9.979  75.066 0.0000000000
41932  27.426  -10.651  75.564 0.0000000000
42956  46.743  -8.938  78.473 0.0000000000
40848  44.369  -11.723  77.945 0.0000000000
38996  43.594  -14.130  74.125 0.0000000000
38045  43.193  -13.915  76.905 0.0000000000
40860  38.442  -11.129  76.278 0.0000000000
39899  39.944  -11.913  74.106 0.0000000000
41969  37.590  -10.550  72.396 0.0000000000
119350  36.294  -9.836  69.372 0.0000000000
55992  50.056  4.145  58.290 0.0000000000
54207  50.491  3.082  57.690 0.0000000000
54188  49.326  3.330  58.562 0.0000000000
116244  25.243  -10.581  82.601 0.0000000000
57771  54.850  6.516  59.333 0.0000000000
58642  56.241  7.539  61.520 0.0000000000
58604  53.111  7.231  65.907 0.0000000000
57731  52.387  6.335  64.203 0.0000000000
56834  50.857  5.749  64.525 0.0000000000
55953  47.555  4.548  62.586 0.0000000000
100980  48.587  3.962  65.081 0.0000000000
48874  47.622  -3.541  65.579 0.0000000000
51478  48.844  -0.914  67.522 0.0000000000
50704  46.951  -2.152  64.570 0.0000000000
51527  45.766  -0.805  63.337 0.0000000000
48908  44.733  -3.216  62.543 0.0000000000
48928  41.383  -3.208  60.510 0.0000000000
48055  41.298  -4.174  61.707 0.0000000000
45181  37.054  -7.902  59.955 0.0000000000
37288  41.240  -15.987  66.573 0.0000000000
37320  41.643  -15.403  63.559 0.0000000000
38172  39.635  -15.213  62.883 0.0000000000
37402  34.795  -16.318  57.022 0.0000000000
58785  60.770  7.753  47.794 0.0000000000
109026  58.976  7.159  49.471 0.0000000000
40851  36.811  -10.754  77.847 0.0000000000
105704  34.255  -10.420  74.860 0.0000000000
41876  34.619  -10.413  78.525 0.0000000000
101702  33.133  -10.200  79.983 0.0000000000
42947  31.269  -9.303  80.866 0.0000000000
40814  41.428  -11.741  80.440 0.0000000000
118154  41.794  -13.543  78.423 0.0000000000
104474  40.065  -12.488  80.649 0.0000000000
39865  38.131  -11.755  79.088 0.0000000000
59506  56.684  9.377  63.104 0.0000000000
59468  53.126  8.493  67.427 0.0000000000
48817  51.018  -3.755  69.708 0.0000000000
47993  48.594  -5.031  67.262 0.0000000000
47138  44.826  -5.868  65.185 0.0000000000
47161  41.608  -5.654  63.450 0.0000000000
46156  41.949  -7.148  65.129 0.0000000000
43133  39.540  -9.519  63.769 0.0000000000
42097  39.417  -11.125  61.983 0.0000000000
40002  36.878  -12.058  64.831 0.0000000000
39102  37.325  -13.069  62.353 0.0000000000
41044  34.318  -11.386  60.483 0.0000000000
59653  57.382  8.637  52.008 0.0000000000
58758  56.712  7.016  50.107 0.0000000000
58759  55.377  7.086  50.727 0.0000000000
43013  31.726  -9.816  73.137 0.0000000000
44005  48.088  -8.104  76.940 0.0000000000
43012  44.729  -9.645  73.350 0.0000000000
114189  43.071  -11.649  70.709 0.0000000000
39911  43.425  -13.019  72.553 0.0000000000
117634  42.789  -15.751  69.802 0.0000000000
38109  40.620  -15.149  68.895 0.0000000000
38983  42.055  -13.592  75.746 0.0000000000
39015  40.234  -13.176  70.745 0.0000000000
39970  38.364  -12.573  67.632 0.0000000000
42048  36.663  -10.967  66.303 0.0000000000
43115  33.436  -8.733  65.107 0.0000000000
56922  52.134  5.610  56.047 0.0000000000
110692  51.571  4.122  54.760 0.0000000000
103641  51.484  3.393  55.722 0.0000000000
43913  31.263  -7.593  85.145 0.0000000000
43950  29.973  -8.035  82.250 0.0000000000
104250  27.708  -7.011  83.718 0.0000000000
113193  26.947  -9.089  78.776 0.0000000000
60595  59.241  10.064  53.850 0.0000000000
60598  55.950  9.166  54.293 0.0000000000
59628  54.713  8.757  55.366 0.0000000000
58698  53.751  7.385  56.794 0.0000000000
57794  53.855  6.242  58.042 0.0000000000
56885  52.645  5.228  59.444 0.0000000000
99225  50.974  5.328  59.630 0.0000000000
57745  54.615  6.587  62.674 0.0000000000
56853  51.810  5.826  61.956 0.0000000000
56879  49.204  5.481  60.522 0.0000000000
102084  47.128  4.618  60.869 0.0000000000
55093  45.641  3.238  60.847 0.0000000000
56800  51.350  5.427  68.101 0.0000000000
53203  52.098  1.400  69.591 0.0000000000
54079  49.902  2.393  68.345 0.0000000000
55015  49.235  3.444  67.047 0.0000000000
54109  46.915  2.146  65.233 0.0000000000
52397  44.865  0.228  62.368 0.0000000000
47182  39.176  -5.217  61.679 0.0000000000
39988  42.327  -13.152  65.624 0.0000000000
40018  40.619  -12.720  62.463 0.0000000000
101375  38.884  -14.042  59.362 0.0000000000
38232  36.870  -15.300  59.464 0.0000000000
37400  37.292  -16.356  57.691 0.0000000000
41794  35.796  -9.799  84.794 0.0000000000
44882  35.446  -7.880  84.685 0.0000000000
117246  46.169  -8.188  72.832 0.0000000000
46057  47.654  -6.666  72.730 0.0000000000
44042  46.630  -8.447  71.322 0.0000000000
44046  47.148  -8.301  70.604 0.0000000000
44047  46.232  -9.281  70.212 0.0000000000
114676  44.527  -9.499  68.589 0.0000000000
43046  44.767  -9.742  69.585 0.0000000000
100689  53.197  7.509  54.084 0.0000000000
57836  52.449  6.126  53.214 0.0000000000
57837  52.058  5.719  53.643 0.0000000000
99491  36.033  -10.376  72.877 0.0000000000
43029  34.207  -9.749  71.645 0.0000000000
41958  34.531  -10.243  73.144 0.0000000000
41896  29.949  -9.436  78.092 0.0000000000
102177  29.547  -9.876  75.654 0.0000000000
42998  28.683  -9.738  75.975 0.0000000000
41950  27.743  -10.847  74.810 0.0000000000
42989  28.177  -9.563  76.587 0.0000000000
110434  43.332  -9.890  80.091 0.0000000000
41842  44.969  -10.652  79.415 0.0000000000
41858  45.334  -10.322  78.989 0.0000000000
40825  44.239  -11.870  78.665 0.0000000000
103933  44.000  -12.788  77.752 0.0000000000
38952  43.618  -13.097  78.096 0.0000000000
40887  37.032  -10.688  75.152 0.0000000000
40895  38.134  -10.944  73.929 0.0000000000
99270  36.972  -10.515  73.055 0.0000000000
41986  36.375  -10.206  71.379 0.0000000000
55979  49.519  4.744  58.857 0.0000000000
55112  49.878  3.524  58.153 0.0000000000
55100  48.603  3.600  58.964 0.0000000000
58653  56.986  9.297  60.336 0.0000000000
105472  56.638  8.429  60.192 0.0000000000
58641  56.917  8.811  61.050 0.0000000000
57713  52.225  7.024  66.226 0.0000000000
119522  51.365  6.085  64.946 0.0000000000
57723  50.839  5.941  65.364 0.0000000000
56835  49.579  5.086  64.663 0.0000000000
56826  49.720  4.974  65.589 0.0000000000
48027  46.444  -4.165  64.599 0.0000000000
48886  47.282  -2.969  64.903 0.0000000000
48888  46.152  -3.728  63.949 0.0000000000
49794  46.235  -2.613  63.557 0.0000000000
48899  44.233  -3.882  63.000 0.0000000000
48910  42.956  -3.816  62.105 0.0000000000
48047  42.504  -4.379  62.578 0.0000000000
38142  40.000  -15.109  66.491 0.0000000000
37299  40.447  -15.606  64.991 0.0000000000
38162  39.171  -14.481  64.500 0.0000000000
59690  59.843  7.952  49.731 0.0000000000
59678  59.527  8.284  50.611 0.0000000000
40828  36.739  -11.175  79.620 0.0000000000
41875  35.363  -10.450  78.297 0.0000000000
40817  35.561  -10.985  80.646 0.0000000000
117300  34.030  -10.475  83.032 0.0000000000
41832  33.393  -10.238  81.571 0.0000000000
41833  32.684  -10.014  81.839 0.0000000000
41850  31.805  -9.745  80.352 0.0000000000
41834  32.121  -9.518  82.062 0.0000000000
41831  40.204  -10.396  81.296 0.0000000000
40798  40.799  -11.806  80.715 0.0000000000
105735  39.923  -11.087  81.622 0.0000000000
39819  36.918  -11.748  82.036 0.0000000000
119489  38.131  -12.092  81.136 0.0000000000
39842  37.596  -11.925  80.968 0.0000000000
40827  37.358  -11.289  79.010 0.0000000000
47922  49.678  -4.321  73.504 0.0000000000
49672  50.757  -2.450  73.567 0.0000000000
48775  51.469  -2.842  72.084 0.0000000000
120180  52.151  -2.186  71.223 0.0000000000
116945  50.693  -3.979  71.140 0.0000000000
45086  47.652  -7.320  68.097 0.0000000000
47096  49.212  -5.943  68.561 0.0000000000
46141  47.361  -6.304  66.959 0.0000000000
47124  46.850  -5.771  66.282 0.0000000000
46143  45.776  -6.819  66.336 0.0000000000
46154  43.699  -6.827  65.321 0.0000000000
45107  44.183  -7.294  65.893 0.0000000000
43100  41.021  -9.635  66.538 0.0000000000
44086  41.456  -8.703  66.305 0.0000000000
111386  40.177  -10.357  64.957 0.0000000000
42078  39.647  -10.348  63.202 0.0000000000
42077  40.067  -11.092  63.394 0.0000000000
40978  35.670  -11.138  64.093 0.0000000000
40013  36.115  -11.862  63.256 0.0000000000
41008  34.592  -11.118  62.283 0.0000000000
59654  56.573  8.572  52.184 0.0000000000
59668  56.777  8.150  51.464 0.0000000000
107058  54.771  7.269  51.355 0.0000000000
56977  54.378  5.546  51.359 0.0000000000
42050  31.865  -9.623  66.040 0.0000000000
113821  31.841  -10.065  66.750 0.0000000000
41909  33.613  -10.396  76.457 0.0000000000
100828  33.232  -10.269  74.029 0.0000000000
41927  32.374  -10.303  75.127 0.0000000000
41976  29.348  -10.762  72.471 0.0000000000
41975  30.011  -10.201  72.190 0.0000000000
41887  46.284  -9.976  77.977 0.0000000000
42986  47.302  -8.877  77.753 0.0000000000
42995  46.145  -9.181  76.621 0.0000000000
44015  46.317  -8.597  75.736 0.0000000000
41939  44.193  -10.569  74.858 0.0000000000
116089  43.998  -10.793  73.317 0.0000000000
40883  43.609  -12.215  74.064 0.0000000000
99556  42.890  -15.018  73.549 0.0000000000
37235  43.337  -14.966  72.437 0.0000000000
36515  42.514  -15.748  71.076 0.0000000000
37256  41.761  -15.662  69.910 0.0000000000
105377  41.533  -14.979  70.913 0.0000000000
38963  41.226  -13.018  78.005 0.0000000000
38032  42.414  -13.739  77.357 0.0000000000
102860  41.291  -12.840  77.073 0.0000000000
40907  39.463  -11.646  71.842 0.0000000000
39913  40.033  -12.178  72.286 0.0000000000
39930  39.629  -12.520  70.392 0.0000000000
39024  39.930  -13.211  69.943 0.0000000000
39961  38.522  -11.994  68.931 0.0000000000
103456  37.778  -12.138  67.113 0.0000000000
102741  37.947  -11.295  68.919 0.0000000000
43064  35.177  -9.372  68.212 0.0000000000
43104  35.150  -9.106  66.703 0.0000000000
44088  33.609  -8.564  66.622 0.0000000000
56910  52.398  5.027  57.026 0.0000000000
56923  51.669  4.640  55.988 0.0000000000
56024  51.454  3.678  56.273 0.0000000000
108045  51.086  2.213  57.630 0.0000000000
44885  30.915  -6.892  85.471 0.0000000000
43938  30.802  -8.007  83.465 0.0000000000
44900  29.629  -6.766  84.366 0.0000000000
113007  26.323  -8.468  82.413 0.0000000000
43952  27.209  -7.711  82.107 0.0000000000
43962  27.422  -8.031  81.042 0.0000000000
43963  26.601  -8.717  80.551 0.0000000000
41898  26.582  -10.393  77.626 0.0000000000
41865  26.304  -10.307  78.798 0.0000000000
60594  60.421  10.699  53.743 0.0000000000
61508  57.725  10.498  55.393 0.0000000000
60576  56.984  10.185  55.852 0.0000000000
59627  55.299  8.947  54.754 0.0000000000
60577  56.205  9.781  56.158 0.0000000000
119069  55.555  8.626  57.769 0.0000000000
59590  54.981  8.448  57.022 0.0000000000
58697  54.335  7.842  57.109 0.0000000000
57804  53.499  6.551  57.201 0.0000000000
58689  54.245  7.164  57.641 0.0000000000
57763  54.099  5.868  60.521 0.0000000000
101626  53.487  5.494  59.191 0.0000000000
56884  53.386  5.620  60.011 0.0000000000
56877  51.756  5.432  60.011 0.0000000000
56876  52.552  5.630  60.428 0.0000000000
59507  56.550  8.690  63.783 0.0000000000
58623  56.200  7.779  63.471 0.0000000000
58624  55.420  7.196  63.901 0.0000000000
56844  51.028  5.683  63.570 0.0000000000
56842  52.278  6.045  62.763 0.0000000000
117913  51.109  5.682  62.269 0.0000000000
56866  50.878  5.659  61.481 0.0000000000
56867  49.475  5.500  61.422 0.0000000000
56869  47.768  5.108  61.095 0.0000000000
56856  48.046  5.058  61.998 0.0000000000
55947  47.052  3.884  63.067 0.0000000000
55954  46.742  4.189  62.222 0.0000000000
55080  45.687  3.188  62.258 0.0000000000
120333  44.820  1.837  61.689 0.0000000000
55900  52.158  5.322  68.734 0.0000000000
50643  51.896  -1.716  69.730 0.0000000000
52325  52.390  0.465  69.839 0.0000000000
51470  50.693  -0.857  68.720 0.0000000000
52344  48.527  0.057  67.408 0.0000000000
52336  49.684  0.796  68.387 0.0000000000
53219  48.879  1.807  67.683 0.0000000000
55001  49.723  3.200  67.819 0.0000000000
54097  48.032  2.179  66.690 0.0000000000
114281  47.579  2.509  65.766 0.0000000000
53234  47.064  1.644  65.659 0.0000000000
50728  45.288  -1.426  62.042 0.0000000000
51538  45.353  -0.706  62.544 0.0000000000
50735  44.559  -1.463  60.640 0.0000000000
50741  44.444  -0.947  60.038 0.0000000000
118416  44.214  -1.494  60.088 0.0000000000
49832  42.791  -2.204  59.657 0.0000000000
48929  40.436  -3.404  60.418 0.0000000000
49834  39.888  -2.727  59.093 0.0000000000
46176  40.227  -6.549  63.649 0.0000000000
47171  40.444  -5.443  62.554 0.0000000000
46185  39.247  -6.415  62.642 0.0000000000
46216  36.707  -6.350  59.830 0.0000000000
39945  42.762  -13.197  69.420 0.0000000000
39959  42.435  -12.758  68.720 0.0000000000
100743  43.044  -13.966  67.002 0.0000000000
38183  40.975  -15.173  62.318 0.0000000000
39093  41.776  -13.917  63.270 0.0000000000
39113  40.486  -14.049  61.540 0.0000000000
39114  39.991  -13.544  61.126 0.0000000000
39141  39.383  -14.667  59.788 0.0000000000
40046  35.955  -12.601  60.058 0.0000000000
39128  37.236  -14.018  60.788 0.0000000000
38233  36.197  -14.423  59.166 0.0000000000
36609  36.269  -16.599  57.653 0.0000000000
38279  37.562  -15.626  57.306 0.0000000000
119215  56.149  6.385  50.009 0.0000000000
58767  57.698  6.834  49.741 0.0000000000
55181  52.454  3.832  54.214 0.0000000000
40789  36.425  -11.385  82.725 0.0000000000
40790  35.556  -11.191  82.250 0.0000000000
40781  35.449  -11.046  83.624 0.0000000000
41803  34.698  -10.174  84.492 0.0000000000
41804  33.913  -9.984  84.445 0.0000000000
40779  37.117  -11.320  83.129 0.0000000000
46010  49.497  -6.711  75.750 0.0000000000
46994  50.128  -5.398  75.689 0.0000000000
46024  49.423  -6.433  74.918 0.0000000000
46039  48.834  -5.576  73.492 0.0000000000
47038  49.115  -5.009  71.791 0.0000000000
47056  49.408  -5.350  70.752 0.0000000000
46090  48.610  -6.528  70.571 0.0000000000
45071  47.699  -7.792  69.276 0.0000000000
44069  45.661  -8.703  67.834 0.0000000000
44083  44.308  -8.459  66.857 0.0000000000
44070  44.685  -8.937  67.654 0.0000000000
43081  42.252  -9.820  67.458 0.0000000000
43082  41.424  -10.292  67.129 0.0000000000
42089  32.708  -10.388  62.686 0.0000000000
42099  32.985  -10.613  61.985 0.0000000000
99250  31.615  -11.101  62.061 0.0000000000
58740  54.270  7.788  52.677 0.0000000000
119387  54.278  7.367  51.919 0.0000000000
58741  53.682  7.035  52.272 0.0000000000
57845  52.816  5.703  52.552 0.0000000000
43050  34.104  -9.288  69.233 0.0000000000
43087  32.514  -9.333  67.644 0.0000000000
43051  33.298  -9.197  69.619 0.0000000000
43038  33.209  -9.220  70.482 0.0000000000
43039  32.337  -9.069  70.855 0.0000000000
115494  31.917  -10.260  76.752 0.0000000000
41928  31.455  -10.199  75.303 0.0000000000
41929  30.495  -10.053  75.464 0.0000000000
100754  29.709  -9.969  74.748 0.0000000000
39900  27.999  -12.363  74.082 0.0000000000
41873  45.309  -10.287  78.747 0.0000000000
40857  44.538  -11.253  77.591 0.0000000000
40871  43.762  -12.315  75.829 0.0000000000
38982  43.653  -13.397  75.958 0.0000000000
37218  43.512  -14.185  74.848 0.0000000000
37226  42.990  -14.662  74.333 0.0000000000
39874  39.052  -11.418  77.116 0.0000000000
102501  39.965  -11.817  75.775 0.0000000000
40872  39.266  -11.446  75.260 0.0000000000
118851  38.622  -11.022  73.297 0.0000000000
40914  37.851  -10.592  70.914 0.0000000000
42006  37.526  -10.554  69.437 0.0000000000
119426  37.110  -10.288  70.938 0.0000000000
41996  35.910  -9.765  69.909 0.0000000000
104094  51.277  4.260  58.228 0.0000000000
56005  51.358  3.812  57.306 0.0000000000
56006  50.624  3.568  57.790 0.0000000000
114944  49.960  3.093  58.137 0.0000000000
42916  25.459  -9.284  83.644 0.0000000000
42938  25.778  -9.830  81.587 0.0000000000
40819  25.857  -11.444  80.036 0.0000000000
39845  25.620  -11.829  80.874 0.0000000000
58677  56.228  8.434  59.108 0.0000000000
58678  55.460  7.488  58.981 0.0000000000
58665  56.217  8.102  59.547 0.0000000000
57752  55.603  6.876  60.771 0.0000000000
110152  54.739  6.304  61.012 0.0000000000
58602  54.942  7.668  65.464 0.0000000000
57730  53.390  6.613  64.306 0.0000000000
117870  52.727  6.547  64.824 0.0000000000
56833  51.595  6.019  64.271 0.0000000000
101444  50.099  5.377  64.002 0.0000000000
55952  48.409  4.899  62.897 0.0000000000
56836  49.357  5.098  63.999 0.0000000000
55946  47.953  4.281  63.576 0.0000000000
55067  47.295  3.535  63.929 0.0000000000
104792  48.879  -2.802  67.278 0.0000000000
50670  49.711  -1.777  67.960 0.0000000000
104263  48.362  -2.313  66.955 0.0000000000
50677  47.985  -1.624  66.642 0.0000000000
51495  47.222  -0.635  65.729 0.0000000000
119294  46.611  0.188  65.152 0.0000000000
50714  46.535  -1.459  64.276 0.0000000000
49801  45.467  -2.034  62.326 0.0000000000
107584  43.804  -2.612  61.043 0.0000000000
49821  42.282  -2.780  60.248 0.0000000000
48917  43.415  -3.228  61.598 0.0000000000
48919  41.724  -3.649  61.265 0.0000000000
48921  40.187  -3.934  60.892 0.0000000000
44128  38.609  -8.695  62.198 0.0000000000
45159  38.038  -7.389  61.630 0.0000000000
44147  37.643  -8.713  60.465 0.0000000000
44155  36.897  -8.508  59.233 0.0000000000
108251  36.382  -8.740  58.042 0.0000000000
107132  43.052  -15.622  66.595 0.0000000000
38150  42.749  -15.037  65.408 0.0000000000
37297  42.303  -15.661  65.392 0.0000000000
37321  40.866  -15.754  63.404 0.0000000000
37346  39.096  -15.416  61.182 0.0000000000
38250  34.979  -14.106  57.840 0.0000000000
38282  33.365  -15.232  56.654 0.0000000000
59706  61.400  8.804  48.375 0.0000000000
58766  60.149  7.720  48.751 0.0000000000
58786  59.383  6.873  48.866 0.0000000000
41906  36.264  -10.484  76.370 0.0000000000
41942  35.148  -10.457  74.818 0.0000000000
116034  35.710  -10.388  76.907 0.0000000000
100730  34.185  -10.368  77.112 0.0000000000
101529  33.882  -10.369  77.952 0.0000000000
40818  34.906  -10.664  80.838 0.0000000000
41861  33.631  -10.321  79.333 0.0000000000
41878  32.438  -10.209  78.356 0.0000000000
99935  31.975  -10.036  78.999 0.0000000000
100598  30.888  -9.424  79.282 0.0000000000
42959  30.247  -9.180  79.775 0.0000000000
40813  42.497  -12.056  79.988 0.0000000000
38940  43.234  -12.850  78.853 0.0000000000
39840  41.829  -12.650  80.022 0.0000000000
105402  41.313  -12.826  79.884 0.0000000000
38943  40.003  -12.988  79.703 0.0000000000
38907  39.062  -12.157  81.294 0.0000000000
38927  39.382  -12.737  80.336 0.0000000000
114702  39.695  -12.187  78.486 0.0000000000
40849  38.371  -11.321  77.801 0.0000000000
40862  37.140  -10.692  76.949 0.0000000000
55101  48.029  3.846  59.258 0.0000000000
54176  47.939  2.955  59.617 0.0000000000
60482  56.654  9.628  62.449 0.0000000000
59482  55.473  8.439  65.903 0.0000000000
113864  54.590  8.055  66.163 0.0000000000
58588  52.861  7.831  66.714 0.0000000000
58576  51.910  7.420  67.015 0.0000000000
50625  52.231  -1.759  70.400 0.0000000000
48832  50.736  -3.422  68.923 0.0000000000
47967  49.943  -5.095  69.351 0.0000000000
47979  50.136  -4.541  68.818 0.0000000000
48850  49.481  -3.449  67.742 0.0000000000
48004  48.371  -4.233  66.652 0.0000000000
47136  46.416  -5.304  65.651 0.0000000000
47146  45.154  -5.162  64.830 0.0000000000
47159  43.257  -5.207  63.847 0.0000000000
47148  43.645  -5.673  64.406 0.0000000000
46165  42.382  -6.526  64.658 0.0000000000
46167  40.638  -6.868  64.372 0.0000000000
44100  42.142  -8.142  66.119 0.0000000000
45111  40.612  -7.961  65.290 0.0000000000
45125  39.548  -7.876  63.956 0.0000000000
43140  38.925  -9.588  62.314 0.0000000000
43149  38.912  -10.391  61.650 0.0000000000
41042  38.800  -11.613  60.594 0.0000000000
39077  38.151  -13.007  65.650 0.0000000000
39095  37.862  -13.251  63.912 0.0000000000
40011  36.939  -12.493  63.072 0.0000000000
40033  35.937  -11.941  61.313 0.0000000000
41058  35.154  -11.814  60.003 0.0000000000
41046  32.754  -11.351  60.257 0.0000000000
41059  33.628  -11.445  59.756 0.0000000000
59667  57.799  8.415  51.450 0.0000000000
59679  58.209  8.054  50.773 0.0000000000
105975  55.936  6.833  50.316 0.0000000000
57864  55.483  6.258  50.411 0.0000000000
58750  54.750  6.473  50.897 0.0000000000
57865  54.864  5.897  50.826 0.0000000000
41959  33.784  -10.237  73.564 0.0000000000
41974  33.172  -9.985  73.076 0.0000000000
41988  31.500  -9.309  71.211 0.0000000000
41961  31.219  -9.957  73.722 0.0000000000
43022  30.602  -9.784  71.995 0.0000000000
44984  49.179  -6.853  76.901 0.0000000000
44013  48.271  -7.860  76.026 0.0000000000
44022  46.328  -8.074  74.164 0.0000000000
43017  44.885  -9.783  72.430 0.0000000000
41992  44.177  -10.474  71.107 0.0000000000
41983  43.704  -11.112  71.909 0.0000000000
99314  43.114  -12.418  71.131 0.0000000000
100057  43.319  -14.725  69.799 0.0000000000
38072  43.514  -14.117  73.173 0.0000000000
101564  43.438  -14.840  71.369 0.0000000000
116576  43.188  -15.504  68.318 0.0000000000
37277  42.041  -16.097  67.978 0.0000000000
37278  40.954  -15.884  67.623 0.0000000000
38129  39.741  -14.669  67.164 0.0000000000
99358  42.941  -13.454  77.932 0.0000000000
38055  42.813  -14.311  75.714 0.0000000000
38064  42.460  -14.268  74.291 0.0000000000
39898  40.616  -12.347  74.606 0.0000000000
38999  41.230  -13.218  73.147 0.0000000000
39007  41.351  -13.916  72.189 0.0000000000
38101  40.373  -13.941  69.927 0.0000000000
39046  39.809  -14.032  68.433 0.0000000000
102926  38.797  -13.452  67.009 0.0000000000
107143  37.699  -12.471  65.952 0.0000000000
40966  36.627  -11.656  65.140 0.0000000000
42068  35.570  -10.600  64.544 0.0000000000
43083  36.343  -9.995  67.319 0.0000000000
43113  35.463  -9.450  65.802 0.0000000000
43125  33.852  -9.775  63.736 0.0000000000
43134  32.813  -9.594  63.791 0.0000000000
57815  52.133  6.113  55.280 0.0000000000
57828  51.835  5.717  54.371 0.0000000000
116723  51.501  4.561  55.127 0.0000000000
54206  51.074  2.653  56.958 0.0000000000
53354  51.613  2.236  56.573 0.0000000000
54175  48.880  2.795  59.618 0.0000000000
101943  34.666  -7.540  85.038 0.0000000000
43900  33.497  -8.180  85.460 0.0000000000
42894  33.037  -8.780  85.289 0.0000000000
43902  32.185  -7.466  85.744 0.0000000000
115353  32.137  -8.692  84.469 0.0000000000
42915  31.211  -8.609  82.981 0.0000000000
42935  30.634  -8.908  81.339 0.0000000000
42949  29.581  -8.867  80.247 0.0000000000
44901  28.544  -6.647  84.109 0.0000000000
44924  29.059  -7.330  82.419 0.0000000000
43976  28.077  -8.176  80.375 0.0000000000
42970  28.222  -9.059  78.284 0.0000000000
42980  27.131  -9.598  77.475 0.0000000000
60629  60.310  9.394  52.261 0.0000000000
60610  59.786  9.808  53.118 0.0000000000
112166  58.490  9.483  53.075 0.0000000000
60612  56.635  8.980  53.015 0.0000000000
61506  59.473  11.299  54.902 0.0000000000
60583  57.741  9.956  54.528 0.0000000000
60613  55.825  8.874  53.409 0.0000000000
59642  55.127  8.725  53.883 0.0000000000
101805  54.517  8.546  54.430 0.0000000000
58722  53.344  7.779  54.955 0.0000000000
60578  55.437  9.187  56.161 0.0000000000
59613  53.951  8.312  55.658 0.0000000000
58711  52.772  6.942  55.383 0.0000000000
58699  53.147  6.819  56.339 0.0000000000
57805  52.846  5.988  56.704 0.0000000000
99675  52.863  4.915  58.056 0.0000000000
57784  54.136  5.952  58.842 0.0000000000
101487  53.449  5.518  58.426 0.0000000000
113442  52.350  4.730  58.564 0.0000000000
55977  51.671  4.907  59.139 0.0000000000
55978  50.565  4.854  58.920 0.0000000000
56886  49.980  5.422  59.744 0.0000000000
58632  56.799  8.660  62.049 0.0000000000
57744  55.486  6.850  62.192 0.0000000000
57753  54.614  6.406  61.818 0.0000000000
57739  53.795  6.507  63.286 0.0000000000
56852  52.736  6.031  62.099 0.0000000000
56864  52.535  5.850  61.313 0.0000000000
56865  51.724  5.703  60.940 0.0000000000
56887  48.838  5.098  59.519 0.0000000000
55969  48.107  4.841  59.762 0.0000000000
111991  47.144  4.354  60.236 0.0000000000
55962  47.267  4.691  61.697 0.0000000000
55963  46.581  4.249  61.384 0.0000000000
116082  51.920  7.427  67.746 0.0000000000
56811  50.811  5.551  67.408 0.0000000000
54989  52.548  3.062  69.642 0.0000000000
105285  50.179  -0.072  68.524 0.0000000000
53210  51.020  1.461  69.160 0.0000000000
55885  52.064  3.778  69.117 0.0000000000
55000  50.532  3.911  68.107 0.0000000000
55902  50.672  4.769  67.765 0.0000000000
55925  49.721  4.582  66.450 0.0000000000
117540  48.584  3.609  65.699 0.0000000000
55055  47.486  3.161  64.667 0.0000000000
54132  46.295  2.563  63.956 0.0000000000
52360  46.261  0.666  64.653 0.0000000000
114838  45.655  1.013  63.807 0.0000000000
53266  45.087  1.822  62.409 0.0000000000
52409  44.363  0.726  60.696 0.0000000000
115598  41.279  -2.520  59.395 0.0000000000
115843  40.484  -2.453  57.678 0.0000000000
48040  42.069  -4.999  63.008 0.0000000000
48049  40.028  -4.975  61.901 0.0000000000
48058  38.602  -4.789  61.103 0.0000000000
46194  38.123  -6.380  61.633 0.0000000000
47196  37.415  -5.260  60.469 0.0000000000
42005  42.635  -11.103  69.291 0.0000000000
40942  41.846  -11.382  68.060 0.0000000000
119290  41.376  -11.976  66.081 0.0000000000
39075  42.586  -13.703  65.094 0.0000000000
39999  41.722  -12.743  64.213 0.0000000000
40976  40.808  -11.734  64.233 0.0000000000
41006  40.056  -12.280  62.041 0.0000000000
40044  38.964  -12.499  60.323 0.0000000000
40059  37.983  -12.278  59.196 0.0000000000
38185  38.373  -14.351  62.274 0.0000000000
38202  38.273  -14.709  61.380 0.0000000000
37360  38.261  -15.548  60.129 0.0000000000
38248  36.344  -15.460  58.783 0.0000000000
37374  37.191  -16.015  58.888 0.0000000000
37385  38.559  -15.672  59.072 0.0000000000
38247  38.346  -15.491  58.282 0.0000000000
39177  37.634  -13.922  57.709 0.0000000000
58757  58.547  7.587  50.128 0.0000000000
57876  58.549  6.359  49.273 0.0000000000
56084  51.819  5.038  53.719 0.0000000000
44043  46.178  -8.954  71.587 0.0000000000
44035  46.373  -8.254  72.095 0.0000000000
116364  46.505  -8.959  70.749 0.0000000000
43034  45.617  -9.564  69.972 0.0000000000
43035  44.927  -9.883  70.536 0.0000000000
58723  52.714  7.074  54.434 0.0000000000
57827  52.253  6.397  53.958 0.0000000000
41956  36.309  -10.493  73.794 0.0000000000
99488  35.180  -10.247  72.637 0.0000000000
119405  35.500  -10.462  74.166 0.0000000000
114195  29.415  -9.705  76.386 0.0000000000
42988  28.834  -9.491  76.844 0.0000000000
40812  43.897  -11.851  79.422 0.0000000000
41843  44.159  -10.910  79.709 0.0000000000
40811  44.525  -11.503  79.221 0.0000000000
118348  44.334  -11.914  79.007 0.0000000000
40826  43.977  -12.141  79.062 0.0000000000
39863  43.733  -12.690  78.415 0.0000000000
39852  43.983  -12.502  78.767 0.0000000000
113181  36.902  -10.624  74.438 0.0000000000
55113  49.158  4.010  58.461 0.0000000000
55114  48.573  4.088  58.854 0.0000000000
60493  56.879  9.647  60.903 0.0000000000
107884  51.565  6.450  65.666 0.0000000000
56825  50.358  5.566  65.854 0.0000000000
48028  45.524  -4.431  64.291 0.0000000000
48037  45.511  -3.867  63.650 0.0000000000
48046  43.344  -4.145  62.794 0.0000000000
48039  43.730  -4.544  63.451 0.0000000000
116741  39.504  -14.518  66.373 0.0000000000
38152  39.292  -14.455  65.482 0.0000000000
40816  36.234  -11.266  81.031 0.0000000000
99826  36.067  -11.077  80.173 0.0000000000
100047  33.181  -10.049  83.179 0.0000000000
41823  33.327  -10.191  82.374 0.0000000000
41824  32.673  -9.794  82.553 0.0000000000
42932  39.919  -9.389  81.646 0.0000000000
41821  39.429  -10.364  82.074 0.0000000000
39829  37.697  -11.937  81.694 0.0000000000
39830  36.972  -11.710  81.478 0.0000000000
39843  36.888  -11.428  80.550 0.0000000000
47927  50.120  -3.695  72.953 0.0000000000
48763  50.490  -3.103  73.398 0.0000000000
49684  50.955  -2.693  72.820 0.0000000000
48776  50.762  -3.252  72.452 0.0000000000
48789  51.118  -3.438  71.571 0.0000000000
45087  46.864  -7.605  67.659 0.0000000000
106615  47.373  -6.967  67.505 0.0000000000
46132  46.266  -7.269  66.948 0.0000000000
46142  46.522  -6.532  66.612 0.0000000000
46144  44.992  -7.067  66.107 0.0000000000
45097  44.683  -7.798  66.458 0.0000000000
42047  40.455  -9.960  65.887 0.0000000000
43132  39.869  -10.345  64.026 0.0000000000
42067  40.330  -11.112  64.173 0.0000000000
40979  35.067  -10.854  63.558 0.0000000000
40994  34.776  -10.988  63.034 0.0000000000
58749  55.717  7.933  51.540 0.0000000000
58739  54.920  7.945  52.136 0.0000000000
43106  32.278  -9.422  66.855 0.0000000000
105705  33.006  -10.380  75.803 0.0000000000
40910  29.709  -11.712  71.465 0.0000000000
112145  44.706  -10.650  76.954 0.0000000000
41904  46.048  -9.748  77.390 0.0000000000
41921  45.213  -9.832  76.584 0.0000000000
42997  44.733  -9.685  75.420 0.0000000000
111612  43.756  -11.744  74.867 0.0000000000
37230  42.987  -15.170  73.070 0.0000000000
36498  42.988  -15.536  72.083 0.0000000000
37237  42.442  -15.135  72.125 0.0000000000
109902  42.084  -15.390  71.400 0.0000000000
38090  41.745  -14.756  71.737 0.0000000000
38964  40.638  -12.448  77.289 0.0000000000
40912  39.138  -11.624  70.978 0.0000000000
39946  39.008  -11.989  69.820 0.0000000000
40943  38.019  -11.875  68.110 0.0000000000
43065  34.147  -9.077  68.292 0.0000000000
43085  34.687  -9.035  67.469 0.0000000000
44061  33.809  -8.736  67.360 0.0000000000
116444  32.461  -8.953  66.311 0.0000000000
56911  51.825  4.235  56.879 0.0000000000
45859  30.623  -5.921  86.270 0.0000000000
111241  30.054  -6.487  85.255 0.0000000000
103346  30.584  -7.150  84.739 0.0000000000
43953  26.583  -8.459  81.533 0.0000000000
42951  26.386  -9.321  79.918 0.0000000000
41851  26.087  -10.337  79.771 0.0000000000
108259  60.514  11.133  53.671 0.0000000000
62418  59.946  11.575  54.066 0.0000000000
59572  54.941  7.939  57.658 0.0000000000
106000  54.965  7.488  58.213 0.0000000000
58611  56.083  7.902  64.366 0.0000000000
58612  55.219  7.387  64.703 0.0000000000
56845  50.240  5.488  63.022 0.0000000000
99808  50.872  5.636  62.798 0.0000000000
119032  50.472  5.588  62.256 0.0000000000
118000  49.160  5.393  61.841 0.0000000000
56855  48.860  5.263  62.272 0.0000000000
103264  46.281  3.575  62.645 0.0000000000
54150  45.218  2.564  61.792 0.0000000000
54140  45.493  2.526  62.687 0.0000000000
106919  52.886  5.246  69.311 0.0000000000
118135  50.837  -2.084  68.739 0.0000000000
50659  51.223  -1.520  69.077 0.0000000000
115277  50.463  -1.617  68.471 0.0000000000
52350  47.812  0.240  66.763 0.0000000000
112034  48.239  0.860  67.235 0.0000000000
53226  47.815  1.285  66.772 0.0000000000
54089  48.660  2.307  67.298 0.0000000000
53227  47.488  1.740  66.256 0.0000000000
49811  44.544  -2.072  61.152 0.0000000000
50729  44.908  -1.423  61.315 0.0000000000
49831  43.657  -1.863  59.836 0.0000000000
48930  39.517  -3.699  60.364 0.0000000000
48943  39.180  -3.199  59.519 0.0000000000
46177  39.568  -6.672  63.198 0.0000000000
39044  43.320  -14.719  68.335 0.0000000000
39045  42.993  -13.814  68.517 0.0000000000
39055  43.238  -14.398  67.678 0.0000000000
38199  40.350  -15.061  61.577 0.0000000000
38200  39.930  -15.252  60.960 0.0000000000
38216  40.108  -14.558  60.962 0.0000000000
38217  39.736  -14.992  60.420 0.0000000000
40060  35.439  -12.585  59.323 0.0000000000
39144  36.112  -13.472  59.551 0.0000000000
102175  35.622  -13.481  58.865 0.0000000000
56990  57.208  5.628  49.858 0.0000000000
111271  36.479  -11.065  83.662 0.0000000000
40780  36.089  -11.178  83.407 0.0000000000
40772  35.776  -10.891  84.069 0.0000000000
41795  35.151  -9.861  84.899 0.0000000000
41796  34.258  -9.651  85.009 0.0000000000
41801  36.652  -10.030  84.312 0.0000000000
41800  37.271  -10.032  83.946 0.0000000000
40770  36.895  -10.733  83.854 0.0000000000
114160  36.706  -11.295  83.100 0.0000000000
45018  48.448  -7.357  75.241 0.0000000000
114934  49.083  -6.995  75.278 0.0000000000
45030  48.595  -6.872  74.596 0.0000000000
46040  48.233  -6.117  73.087 0.0000000000
47039  48.578  -5.569  72.413 0.0000000000
47057  48.699  -5.928  71.280 0.0000000000
46075  48.128  -6.701  71.153 0.0000000000
111855  46.792  -8.938  69.944 0.0000000000
44045  47.312  -8.344  69.587 0.0000000000
44051  46.734  -8.762  69.030 0.0000000000
45078  46.476  -8.449  68.130 0.0000000000
43060  45.296  -9.132  68.333 0.0000000000
43061  43.706  -9.875  68.477 0.0000000000
43080  43.802  -9.439  67.834 0.0000000000
43062  42.928  -10.029  67.996 0.0000000000
42037  41.989  -10.521  67.820 0.0000000000
41010  31.712  -10.657  62.819 0.0000000000
58729  54.362  8.204  53.566 0.0000000000
57835  53.019  6.602  52.743 0.0000000000
56100  52.778  4.975  52.675 0.0000000000
43036  35.123  -9.677  70.316 0.0000000000
43037  34.198  -9.440  70.183 0.0000000000
103587  33.934  -9.515  70.959 0.0000000000
43030  33.263  -9.419  71.451 0.0000000000
43019  33.125  -9.674  72.314 0.0000000000
41894  31.347  -10.120  77.252 0.0000000000
41911  31.181  -10.151  76.314 0.0000000000
41948  28.873  -10.312  74.138 0.0000000000
41963  29.112  -10.527  73.268 0.0000000000
41964  28.488  -10.914  73.500 0.0000000000
40902  28.674  -12.103  72.748 0.0000000000
41949  28.092  -10.916  74.077 0.0000000000
40889  27.754  -11.624  74.346 0.0000000000
38994  28.613  -13.111  74.151 0.0000000000
39901  27.677  -12.233  74.726 0.0000000000
43970  45.462  -8.916  79.417 0.0000000000
40836  44.779  -11.016  78.785 0.0000000000
40847  44.972  -10.769  78.442 0.0000000000
115123  44.896  -10.912  78.021 0.0000000000
40858  44.001  -12.280  77.112 0.0000000000
116022  44.006  -12.658  77.770 0.0000000000
106072  43.504  -13.309  77.649 0.0000000000
38972  43.600  -13.408  76.841 0.0000000000
37211  43.371  -14.060  75.878 0.0000000000
37219  43.248  -14.418  75.076 0.0000000000
37212  43.120  -14.235  76.047 0.0000000000
40859  39.223  -11.444  76.113 0.0000000000
40873  38.678  -11.181  75.581 0.0000000000
40900  37.871  -10.700  73.184 0.0000000000
40899  38.429  -10.845  72.544 0.0000000000
41984  38.127  -10.706  71.749 0.0000000000
41985  37.309  -10.415  71.605 0.0000000000
113598  35.528  -10.076  71.441 0.0000000000
100528  35.713  -9.949  70.774 0.0000000000
43049  34.970  -9.534  69.599 0.0000000000
54187  49.851  2.729  58.780 0.0000000000
108932  25.293  -10.037  83.068 0.0000000000
42926  25.734  -9.214  82.744 0.0000000000
41826  25.432  -10.575  81.960 0.0000000000
41836  25.617  -10.485  81.293 0.0000000000
40804  25.425  -11.317  81.557 0.0000000000
58654  56.332  7.747  60.664 0.0000000000
115225  55.351  6.706  61.457 0.0000000000
58603  54.006  7.380  65.660 0.0000000000
57721  53.354  6.838  65.219 0.0000000000
57722  52.021  6.330  64.900 0.0000000000
55932  49.109  4.582  64.976 0.0000000000
112988  49.066  4.830  64.354 0.0000000000
55939  48.569  4.408  64.367 0.0000000000
55054  48.009  3.757  64.461 0.0000000000
116283  48.112  -3.439  66.247 0.0000000000
49763  48.248  -2.875  66.572 0.0000000000
50703  47.435  -2.220  65.357 0.0000000000
50690  47.531  -1.524  65.889 0.0000000000
108049  47.002  -1.308  65.090 0.0000000000
112198  46.482  -2.113  63.881 0.0000000000
48907  45.393  -3.005  62.804 0.0000000000
49795  45.750  -2.441  62.900 0.0000000000
111374  45.187  -2.580  62.325 0.0000000000
49802  44.421  -2.770  61.790 0.0000000000
49812  42.909  -3.000  60.931 0.0000000000
48911  42.118  -4.029  61.907 0.0000000000
48920  40.917  -3.778  61.050 0.0000000000
119950  38.330  -8.726  61.573 0.0000000000
44136  38.309  -8.168  61.790 0.0000000000
44146  38.185  -9.117  61.042 0.0000000000
43186  36.776  -9.157  58.676 0.0000000000
43199  36.389  -9.582  57.949 0.0000000000
37287  42.342  -15.980  66.112 0.0000000000
110826  41.546  -15.973  65.791 0.0000000000
38161  39.714  -15.123  63.812 0.0000000000
37310  40.303  -15.620  64.066 0.0000000000
37322  40.157  -15.599  63.223 0.0000000000
117177  39.985  -15.537  62.551 0.0000000000
37333  39.491  -15.379  61.996 0.0000000000
41889  36.286  -10.477  77.303 0.0000000000
41859  35.246  -10.540  79.035 0.0000000000
41891  34.767  -10.382  77.752 0.0000000000
40802  34.807  -10.828  81.715 0.0000000000
41848  33.357  -10.239  80.785 0.0000000000
41847  34.122  -10.413  80.196 0.0000000000
41877  33.275  -10.312  78.549 0.0000000000
101530  32.786  -10.196  79.173 0.0000000000
41862  32.278  -10.066  79.791 0.0000000000
41863  31.579  -9.744  79.572 0.0000000000
41864  31.055  -9.402  80.068 0.0000000000
41846  41.034  -10.596  80.606 0.0000000000
43974  41.572  -8.838  80.719 0.0000000000
42945  41.621  -9.847  80.389 0.0000000000
107711  42.436  -10.220  80.157 0.0000000000
41845  41.993  -10.924  80.187 0.0000000000
39827  40.119  -12.059  81.044 0.0000000000
39826  41.018  -12.497  80.337 0.0000000000
38925  40.591  -12.980  80.005 0.0000000000
37996  40.723  -13.059  79.691 0.0000000000
113452  40.041  -13.100  79.970 0.0000000000
40788  38.365  -11.660  82.231 0.0000000000
39817  38.871  -11.724  81.758 0.0000000000
101499  38.528  -11.801  81.716 0.0000000000
39841  38.301  -12.198  80.657 0.0000000000
101325  38.958  -12.451  80.872 0.0000000000
39854  38.641  -12.276  79.889 0.0000000000
38944  39.367  -12.666  79.623 0.0000000000
39864  39.019  -12.133  78.958 0.0000000000
101644  39.137  -11.675  78.107 0.0000000000
40838  38.505  -11.593  78.466 0.0000000000
113171  37.219  -11.073  78.322 0.0000000000
40850  37.568  -11.049  77.714 0.0000000000
59466  55.085  8.906  66.573 0.0000000000
59467  53.979  8.548  66.900 0.0000000000
58575  52.421  7.996  67.583 0.0000000000
115099  50.093  -4.829  75.246 0.0000000000
48801  51.619  -3.046  70.242 0.0000000000
49708  52.058  -2.343  70.678 0.0000000000
48816  51.297  -2.967  69.423 0.0000000000
47076  49.104  -6.093  70.288 0.0000000000
47951  50.018  -4.920  70.166 0.0000000000
47087  49.269  -6.180  69.426 0.0000000000
47110  48.687  -5.853  67.773 0.0000000000
47095  49.659  -5.156  68.631 0.0000000000
47981  49.191  -5.134  67.921 0.0000000000
47980  49.661  -4.406  68.117 0.0000000000
47992  49.047  -4.271  67.392 0.0000000000
47994  48.125  -5.013  66.728 0.0000000000
47125  46.074  -6.069  65.995 0.0000000000
47137  45.600  -5.586  65.421 0.0000000000
48017  45.981  -4.870  65.010 0.0000000000
47147  44.413  -5.451  64.619 0.0000000000
47139  44.066  -6.143  64.941 0.0000000000
46155  42.849  -7.015  65.181 0.0000000000
46166  41.511  -6.666  64.548 0.0000000000
45123  41.052  -7.326  64.973 0.0000000000
44084  43.407  -8.576  66.718 0.0000000000
45099  42.923  -8.046  66.211 0.0000000000
44101  40.682  -8.561  65.711 0.0000000000
44113  40.065  -8.610  65.060 0.0000000000
45124  40.107  -7.726  64.664 0.0000000000
44114  39.624  -8.653  64.292 0.0000000000
44121  39.272  -8.684  63.459 0.0000000000
43139  39.299  -9.582  62.995 0.0000000000
43148  39.342  -10.369  62.459 0.0000000000
41023  39.103  -11.334  61.286 0.0000000000
42098  38.663  -10.798  60.857 0.0000000000
39989  37.493  -12.490  65.221 0.0000000000
40001  37.319  -12.576  64.454 0.0000000000
40012  36.625  -12.148  64.035 0.0000000000
41024  35.274  -11.545  61.857 0.0000000000
40020  36.120  -11.934  62.266 0.0000000000
41043  35.185  -11.604  60.928 0.0000000000
116909  35.737  -12.054  60.602 0.0000000000
41027  32.274  -10.908  61.577 0.0000000000
41026  33.061  -10.973  61.130 0.0000000000
102450  32.326  -11.236  60.949 0.0000000000
41060  32.888  -11.606  59.470 0.0000000000
40063  32.622  -12.130  58.938 0.0000000000
40062  33.450  -11.793  58.907 0.0000000000
60630  58.560  9.054  52.281 0.0000000000
58748  56.233  7.502  50.765 0.0000000000
58751  54.072  6.584  51.492 0.0000000000
43067  32.681  -9.301  68.470 0.0000000000
42041  31.972  -9.963  67.414 0.0000000000
42025  32.079  -9.777  68.206 0.0000000000
41925  34.778  -10.441  75.567 0.0000000000
41943  34.623  -10.405  74.038 0.0000000000
41960  32.624  -10.064  73.528 0.0000000000
118357  33.217  -10.165  73.560 0.0000000000
43020  32.397  -9.700  72.674 0.0000000000
43021  31.421  -9.535  72.150 0.0000000000
41947  30.701  -10.032  74.452 0.0000000000
40909  30.236  -11.136  70.876 0.0000000000
41989  30.344  -10.299  71.453 0.0000000000
43984  46.985  -8.235  78.450 0.0000000000
106443  47.716  -8.342  77.464 0.0000000000
43992  47.973  -7.830  77.832 0.0000000000
43999  48.098  -7.864  77.407 0.0000000000
118713  47.727  -8.317  76.528 0.0000000000
104391  45.026  -9.090  74.819 0.0000000000
44023  45.709  -8.563  74.688 0.0000000000
43005  45.122  -9.021  73.908 0.0000000000
43011  45.302  -9.153  72.909 0.0000000000
41982  44.339  -10.363  72.050 0.0000000000
41967  44.353  -10.257  72.900 0.0000000000
40906  43.326  -12.200  71.862 0.0000000000
39918  43.326  -13.450  71.645 0.0000000000
39928  43.141  -13.309  70.817 0.0000000000
39022  43.364  -14.345  70.841 0.0000000000
38990  43.677  -13.681  74.550 0.0000000000
117018  43.656  -13.800  74.019 0.0000000000
100815  42.932  -15.813  71.043 0.0000000000
101470  43.364  -15.156  71.648 0.0000000000
37255  43.279  -15.293  70.228 0.0000000000
37261  43.174  -15.343  69.213 0.0000000000
36533  42.890  -15.681  69.165 0.0000000000
37268  42.734  -15.917  68.431 0.0000000000
36540  42.365  -15.929  69.020 0.0000000000
37263  41.216  -15.464  69.372 0.0000000000
37270  41.174  -15.784  68.626 0.0000000000
114507  40.554  -15.352  68.282 0.0000000000
37279  40.192  -15.093  67.746 0.0000000000
37271  40.194  -14.715  68.373 0.0000000000
38941  42.718  -12.981  78.851 0.0000000000
38954  42.937  -13.099  78.454 0.0000000000
38006  42.748  -13.193  78.480 0.0000000000
38047  42.240  -13.719  76.615 0.0000000000
108645  42.519  -13.994  76.018 0.0000000000
38056  42.492  -14.103  75.234 0.0000000000
38991  41.989  -13.588  74.768 0.0000000000
39890  39.925  -11.840  74.926 0.0000000000
113363  40.528  -12.254  75.391 0.0000000000
116512  40.319  -12.813  71.608 0.0000000000
105175  40.511  -12.544  72.930 0.0000000000
39912  40.704  -13.005  72.262 0.0000000000
39919  40.742  -13.523  71.449 0.0000000000
118788  40.681  -13.903  70.746 0.0000000000
39047  39.305  -13.368  68.378 0.0000000000
39036  39.781  -13.520  69.149 0.0000000000
39056  38.887  -13.247  67.697 0.0000000000
119115  39.431  -13.804  67.972 0.0000000000
115423  38.282  -12.940  66.434 0.0000000000
39057  38.335  -12.796  67.087 0.0000000000
40953  37.177  -11.528  66.664 0.0000000000
40958  36.927  -11.614  65.852 0.0000000000
42059  36.409  -11.097  65.523 0.0000000000
40967  36.099  -11.188  64.799 0.0000000000
42007  36.737  -10.065  68.852 0.0000000000
42024  36.835  -10.417  67.903 0.0000000000
43063  36.124  -9.754  68.121 0.0000000000
119152  34.732  -8.779  66.103 0.0000000000
43103  35.916  -9.693  66.663 0.0000000000
43114  34.565  -8.919  65.331 0.0000000000
42061  35.180  -9.752  64.832 0.0000000000
43124  34.271  -9.335  64.451 0.0000000000
113241  33.363  -9.228  64.258 0.0000000000
56935  51.687  5.280  55.203 0.0000000000
56041  51.444  3.992  55.438 0.0000000000
55127  51.064  3.191  57.040 0.0000000000
53345  51.555  1.914  57.175 0.0000000000
54160  48.647  2.176  60.194 0.0000000000
44898  35.213  -7.300  84.644 0.0000000000
44883  33.887  -7.165  85.383 0.0000000000
44870  33.364  -7.454  85.603 0.0000000000
43910  33.156  -8.366  85.449 0.0000000000
43901  32.863  -7.683  85.692 0.0000000000
43912  31.958  -7.842  85.393 0.0000000000
42895  32.401  -8.444  85.046 0.0000000000
42903  31.732  -8.141  84.724 0.0000000000
42904  31.600  -8.483  83.862 0.0000000000
43949  30.612  -8.124  82.742 0.0000000000
42925  30.145  -8.393  81.625 0.0000000000
42936  29.861  -8.575  80.979 0.0000000000
44902  27.674  -6.659  84.551 0.0000000000
45886  28.214  -6.292  85.003 0.0000000000
44914  28.381  -6.974  83.119 0.0000000000
43977  27.262  -8.346  80.195 0.0000000000
43961  28.408  -7.963  81.038 0.0000000000
43987  27.741  -8.453  79.621 0.0000000000
42950  28.687  -8.572  79.899 0.0000000000
42962  27.521  -8.829  78.895 0.0000000000
42971  27.387  -9.186  78.155 0.0000000000
41916  26.648  -10.836  76.883 0.0000000000
105984  26.314  -11.794  78.816 0.0000000000
60628  61.764  9.920  51.962 0.0000000000
60609  61.179  10.301  52.889 0.0000000000
60611  57.489  9.044  52.660 0.0000000000
60596  57.794  9.541  53.594 0.0000000000
60584  56.826  9.732  54.820 0.0000000000
60597  56.741  9.349  53.903 0.0000000000
120046  54.001  8.356  54.918 0.0000000000
60563  55.471  9.013  56.766 0.0000000000
59591  54.097  8.123  56.462 0.0000000000
59612  54.694  8.657  56.218 0.0000000000
58710  53.443  7.632  55.948 0.0000000000
56909  53.195  5.653  57.598 0.0000000000
57783  54.583  6.750  58.495 0.0000000000
56899  53.037  5.061  58.751 0.0000000000
59519  56.804  9.241  62.446 0.0000000000
58622  56.683  8.625  62.907 0.0000000000
57737  55.513  7.014  63.069 0.0000000000
58633  56.269  7.685  62.548 0.0000000000
57729  54.494  6.828  64.132 0.0000000000
57740  52.777  6.309  63.465 0.0000000000
57747  53.028  6.226  62.764 0.0000000000
100771  50.078  5.619  60.858 0.0000000000
56880  48.311  5.240  60.380 0.0000000000
55970  47.626  4.826  60.294 0.0000000000
55091  46.866  3.788  59.994 0.0000000000
55971  46.589  4.080  60.595 0.0000000000
55079  46.065  3.790  61.859 0.0000000000
55085  46.007  3.758  61.049 0.0000000000
55092  46.046  3.368  60.273 0.0000000000
56799  51.963  6.128  68.449 0.0000000000
57689  51.858  6.899  68.156 0.0000000000
56810  51.362  6.187  67.771 0.0000000000
53202  52.857  1.155  70.166 0.0000000000
107868  52.766  1.812  69.955 0.0000000000
54071  52.948  2.426  70.053 0.0000000000
54072  52.297  2.282  69.595 0.0000000000
50671  49.094  -1.576  67.646 0.0000000000
51471  49.999  -0.944  68.187 0.0000000000
103962  49.337  -0.160  67.972 0.0000000000
53212  49.408  1.671  68.143 0.0000000000
53211  50.156  1.570  68.666 0.0000000000
54078  50.716  2.272  68.883 0.0000000000
54999  51.526  2.913  69.106 0.0000000000
103482  50.541  3.087  68.511 0.0000000000
118270  51.177  3.667  68.680 0.0000000000
55014  49.905  4.131  67.283 0.0000000000
55915  50.272  4.966  67.000 0.0000000000
55030  49.361  3.983  66.598 0.0000000000
55031  48.859  3.539  66.335 0.0000000000
117464  47.558  2.900  65.159 0.0000000000
54120  47.134  2.640  64.955 0.0000000000
55056  46.823  2.903  64.291 0.0000000000
54121  46.491  2.212  64.584 0.0000000000
51526  46.121  -0.911  63.972 0.0000000000
52385  45.851  -0.080  63.985 0.0000000000
52386  45.360  0.108  63.192 0.0000000000
100979  45.090  1.015  62.892 0.0000000000
53267  44.688  1.117  62.076 0.0000000000
52398  44.538  0.460  61.531 0.0000000000
50742  44.012  -1.190  59.373 0.0000000000
99182  41.944  -2.404  59.495 0.0000000000
49822  41.514  -2.764  59.884 0.0000000000
49848  39.613  -2.690  58.326 0.0000000000
49847  40.252  -2.478  58.317 0.0000000000
49860  39.902  -2.711  57.722 0.0000000000
47160  42.419  -5.433  63.661 0.0000000000
47172  39.642  -5.684  62.298 0.0000000000
48057  39.539  -4.427  61.172 0.0000000000
45170  37.499  -7.654  60.829 0.0000000000
46195  37.518  -6.705  61.068 0.0000000000
47211  36.573  -5.863  59.288 0.0000000000
46207  37.122  -6.090  60.509 0.0000000000
104598  36.853  -5.535  59.853 0.0000000000
41993  43.497  -10.869  70.513 0.0000000000
40925  42.879  -11.401  70.063 0.0000000000
39969  42.290  -12.956  67.183 0.0000000000
40951  42.030  -12.384  68.052 0.0000000000
115838  41.816  -12.507  66.412 0.0000000000
39074  42.920  -14.410  65.596 0.0000000000
39084  42.585  -14.458  64.720 0.0000000000
40017  41.244  -13.265  62.830 0.0000000000
40009  41.599  -12.981  63.558 0.0000000000
40000  41.207  -12.278  63.892 0.0000000000
40010  40.947  -12.459  63.182 0.0000000000
41005  40.291  -11.845  62.778 0.0000000000
40057  39.226  -13.501  60.013 0.0000000000
40043  39.493  -13.033  60.718 0.0000000000
40058  38.603  -12.925  59.628 0.0000000000
102436  37.751  -13.351  62.932 0.0000000000
39094  38.443  -14.035  63.229 0.0000000000
39101  37.793  -13.836  61.952 0.0000000000
38219  37.136  -14.733  60.128 0.0000000000
38218  37.882  -14.994  60.583 0.0000000000
37347  38.582  -15.293  60.849 0.0000000000
38231  37.626  -15.554  59.739 0.0000000000
38266  34.706  -15.079  57.360 0.0000000000
38265  35.604  -15.374  58.111 0.0000000000
37401  35.625  -16.255  57.606 0.0000000000
115514  36.634  -16.594  57.620 0.0000000000
36608  36.902  -16.424  58.123 0.0000000000
37373  37.962  -15.828  59.392 0.0000000000
37386  37.749  -16.142  58.519 0.0000000000
111326  37.976  -15.924  57.834 0.0000000000
38280  37.045  -15.342  56.672 0.0000000000
38264  38.000  -15.051  57.652 0.0000000000
100590  37.759  -13.436  58.233 0.0000000000
58784  61.232  7.621  47.163 0.0000000000
104108  57.595  7.451  50.289 0.0000000000
110449  51.591  4.809  54.466 0.0000000000
56064  51.873  4.285  54.022 0.0000000000
42900  36.210  -9.387  84.627 0.0000000000
119033  36.219  -9.999  84.610 0.0000000000
42891  35.459  -9.259  84.869 0.0000000000
115615  34.917  -8.416  85.021 0.0000000000
45044  46.824  -7.581  73.810 0.0000000000
45043  47.284  -7.117  73.335 0.0000000000
45056  46.640  -7.628  72.790 0.0000000000
45055  47.181  -7.185  72.451 0.0000000000
109175  47.582  -6.979  71.808 0.0000000000
45066  47.647  -7.439  70.919 0.0000000000
44052  46.202  -9.244  69.465 0.0000000000
43045  45.434  -9.399  69.090 0.0000000000
43047  44.000  -10.090  69.181 0.0000000000
58731  52.780  6.926  53.588 0.0000000000
116538  35.784  -10.244  72.081 0.0000000000
41971  34.984  -10.079  71.871 0.0000000000
41972  34.415  -10.044  72.368 0.0000000000
41895  30.684  -9.847  77.698 0.0000000000
41912  30.197  -9.969  76.319 0.0000000000
41913  29.824  -9.699  77.152 0.0000000000
119413  28.338  -10.384  74.670 0.0000000000
41931  28.145  -10.143  75.329 0.0000000000
41914  27.829  -9.890  76.044 0.0000000000
42942  45.276  -9.761  79.470 0.0000000000
115239  45.713  -9.716  79.204 0.0000000000
40824  44.911  -11.054  79.035 0.0000000000
40837  44.237  -11.833  78.462 0.0000000000
39872  43.986  -12.841  77.761 0.0000000000
38962  43.854  -13.044  77.824 0.0000000000
38029  43.279  -13.364  77.842 0.0000000000
40874  37.882  -10.945  75.525 0.0000000000
40886  37.653  -10.810  74.608 0.0000000000
41940  37.324  -10.656  73.841 0.0000000000
41970  36.668  -10.378  72.238 0.0000000000
40793  25.185  -11.396  82.439 0.0000000000
113075  52.495  6.728  65.457 0.0000000000
102375  50.225  5.469  65.001 0.0000000000
48875  47.163  -3.835  64.973 0.0000000000
48887  46.746  -3.439  64.358 0.0000000000
49785  46.704  -2.724  64.172 0.0000000000
48897  45.866  -3.208  63.347 0.0000000000
48898  45.094  -3.568  63.168 0.0000000000
48909  43.851  -3.512  62.308 0.0000000000
104453  40.596  -15.653  65.975 0.0000000000
116777  39.928  -15.084  65.716 0.0000000000
38151  39.790  -15.109  64.777 0.0000000000
38173  39.114  -14.576  63.516 0.0000000000
59689  61.164  8.692  49.217 0.0000000000
40840  36.567  -10.877  78.705 0.0000000000
41874  36.090  -10.524  78.085 0.0000000000
40829  35.944  -10.795  79.363 0.0000000000
40830  35.191  -10.670  79.933 0.0000000000
40792  34.069  -10.512  82.069 0.0000000000
105436  32.785  -10.102  81.199 0.0000000000
41849  32.547  -10.073  80.569 0.0000000000
101759  32.095  -9.717  81.222 0.0000000000
42934  31.420  -9.199  81.687 0.0000000000
42946  40.725  -9.382  80.916 0.0000000000
40815  40.489  -11.433  80.966 0.0000000000
40799  39.962  -11.984  81.181 0.0000000000
114165  39.490  -12.012  81.294 0.0000000000
39818  37.793  -11.774  82.149 0.0000000000
39828  38.480  -11.936  81.494 0.0000000000
39855  37.643  -11.731  79.959 0.0000000000
47008  49.904  -4.568  74.538 0.0000000000
47921  50.073  -3.737  74.013 0.0000000000
48752  50.308  -3.030  74.406 0.0000000000
50593  52.055  -1.559  72.190 0.0000000000
49695  52.259  -1.669  71.505 0.0000000000
49696  51.973  -2.259  71.786 0.0000000000
48788  51.769  -2.864  71.179 0.0000000000
48802  51.217  -3.607  70.684 0.0000000000
46115  48.279  -7.028  68.500 0.0000000000
46129  48.663  -6.458  68.279 0.0000000000
46130  48.080  -6.585  67.695 0.0000000000
47111  48.113  -5.732  67.121 0.0000000000
47123  47.581  -5.405  66.536 0.0000000000
46152  45.291  -6.335  65.754 0.0000000000
46153  44.508  -6.585  65.530 0.0000000000
45108  43.304  -7.441  65.780 0.0000000000
43099  41.941  -9.340  66.916 0.0000000000
43101  40.675  -9.197  66.062 0.0000000000
43112  40.207  -9.353  65.435 0.0000000000
43123  39.807  -9.499  64.620 0.0000000000
42087  39.747  -11.089  62.672 0.0000000000
40977  36.313  -11.656  64.486 0.0000000000
40993  35.499  -11.335  63.480 0.0000000000
41007  35.364  -11.460  62.757 0.0000000000
41025  34.498  -11.272  61.405 0.0000000000
57853  53.828  5.840  51.512 0.0000000000
105706  33.893  -10.425  75.634 0.0000000000
41944  33.842  -10.359  74.278 0.0000000000
41926  33.310  -10.360  74.867 0.0000000000
41945  32.553  -10.243  74.316 0.0000000000
99437  31.981  -10.086  73.841 0.0000000000
111125  29.853  -10.094  73.015 0.0000000000
41990  29.714  -10.937  71.697 0.0000000000
42977  46.747  -9.483  78.089 0.0000000000
42976  47.095  -8.988  78.182 0.0000000000
42987  46.838  -9.299  77.437 0.0000000000
44007  47.050  -8.721  76.571 0.0000000000
42996  45.436  -9.071  75.690 0.0000000000
43006  44.614  -9.641  74.341 0.0000000000
41955  44.271  -10.303  73.774 0.0000000000
40892  43.674  -11.565  73.329 0.0000000000
39904  43.526  -12.625  73.330 0.0000000000
109605  43.258  -14.804  73.110 0.0000000000
38071  43.425  -14.421  73.437 0.0000000000
36489  43.132  -15.196  72.660 0.0000000000
36514  42.824  -15.706  71.618 0.0000000000
36534  42.360  -15.885  69.709 0.0000000000
36526  42.221  -15.790  70.365 0.0000000000
37246  41.409  -15.165  70.096 0.0000000000
38100  40.791  -14.793  69.598 0.0000000000
101795  41.770  -13.316  78.594 0.0000000000
38019  42.371  -13.586  77.842 0.0000000000
38020  41.970  -13.518  77.905 0.0000000000
38033  41.837  -13.407  77.276 0.0000000000
38973  41.609  -13.148  76.403 0.0000000000
40898  39.268  -11.362  72.774 0.0000000000
39906  39.942  -11.972  73.255 0.0000000000
39920  39.822  -12.305  71.308 0.0000000000
111815  39.532  -12.811  69.623 0.0000000000
39037  39.178  -12.741  68.979 0.0000000000
39960  38.708  -12.677  68.265 0.0000000000
42039  37.347  -11.282  67.556 0.0000000000
43084  35.598  -9.449  67.425 0.0000000000
44072  34.330  -8.681  66.705 0.0000000000
44087  33.968  -8.478  65.974 0.0000000000
43126  32.530  -9.177  64.578 0.0000000000
43116  32.409  -8.951  65.507 0.0000000000
100081  50.539  2.701  57.866 0.0000000000
44873  31.135  -6.536  86.022 0.0000000000
43924  30.992  -7.867  84.357 0.0000000000
43925  30.248  -7.401  83.888 0.0000000000
43939  29.994  -7.654  83.037 0.0000000000
44903  26.508  -7.743  83.972 0.0000000000
119617  27.070  -7.370  83.560 0.0000000000
44915  27.494  -7.242  82.942 0.0000000000
44925  28.068  -7.169  82.373 0.0000000000
43978  26.896  -8.749  79.533 0.0000000000
42963  26.508  -9.480  79.142 0.0000000000
41881  26.436  -10.333  78.232 0.0000000000
61516  59.627  10.807  54.489 0.0000000000
61507  58.804  10.843  55.105 0.0000000000
107523  58.430  11.217  55.858 0.0000000000
60585  56.089  9.472  55.198 0.0000000000
60586  55.504  9.199  55.497 0.0000000000
59589  55.944  9.215  57.529 0.0000000000
57762  54.878  6.362  60.194 0.0000000000
57772  54.180  5.864  59.670 0.0000000000
57738  54.759  6.770  63.432 0.0000000000
56843  51.918  6.043  63.508 0.0000000000
110016  51.497  5.821  62.813 0.0000000000
100295  50.106  5.590  61.655 0.0000000000
56868  48.669  5.348  61.370 0.0000000000
55086  45.614  3.267  61.486 0.0000000000
101389  45.306  2.843  61.087 0.0000000000
54151  44.852  2.243  60.903 0.0000000000
56798  52.756  5.971  69.114 0.0000000000
50642  52.360  -1.082  70.219 0.0000000000
52324  52.873  0.389  70.451 0.0000000000
111299  51.901  -0.998  69.640 0.0000000000
51469  51.769  -0.212  69.533 0.0000000000
101441  50.951  -0.087  69.056 0.0000000000
51484  48.213  -0.824  67.005 0.0000000000
52343  48.876  0.967  67.776 0.0000000000
54088  49.247  2.386  67.794 0.0000000000
109224  49.077  2.851  67.358 0.0000000000
55016  48.593  2.878  66.749 0.0000000000
54108  48.273  3.097  66.041 0.0000000000
118379  48.105  2.676  66.331 0.0000000000
53235  46.577  1.534  65.012 0.0000000000
51539  44.861  -0.573  61.656 0.0000000000
110355  44.462  -0.066  60.969 0.0000000000
108501  44.671  -0.806  60.771 0.0000000000
50744  42.322  -1.921  58.925 0.0000000000
49823  40.716  -2.832  59.761 0.0000000000
48942  39.915  -3.083  59.879 0.0000000000
46175  41.120  -6.258  63.910 0.0000000000
47162  40.791  -5.881  63.215 0.0000000000
47163  40.001  -6.095  62.938 0.0000000000
47173  38.866  -6.014  62.000 0.0000000000
45182  36.621  -7.606  59.132 0.0000000000
102621  37.010  -6.963  60.376 0.0000000000
117027  36.696  -7.085  59.696 0.0000000000
39929  42.814  -12.537  70.297 0.0000000000
40926  42.464  -12.091  69.490 0.0000000000
102456  42.682  -13.412  67.857 0.0000000000
39977  42.653  -13.507  66.334 0.0000000000
37331  41.269  -15.499  62.892 0.0000000000
38171  41.654  -14.894  62.979 0.0000000000
39100  40.818  -14.455  62.005 0.0000000000
110748  40.816  -13.595  62.179 0.0000000000
40030  40.314  -13.088  61.767 0.0000000000
39127  39.733  -14.048  60.454 0.0000000000
102610  36.810  -13.168  60.959 0.0000000000
39116  37.206  -13.313  61.561 0.0000000000
39129  36.596  -13.547  60.281 0.0000000000
39143  36.578  -14.338  59.735 0.0000000000
36619  36.680  -16.542  57.171 0.0000000000
55182  51.889  3.650  54.670 0.0000000000
108182  35.528  -11.164  83.037 0.0000000000
40782  34.850  -10.884  83.381 0.0000000000
41802  35.781  -10.264  84.552 0.0000000000
40773  35.056  -10.705  83.965 0.0000000000
41812  34.384  -10.408  83.863 0.0000000000
41813  33.716  -10.131  83.731 0.0000000000
41805  33.126  -9.629  84.046 0.0000000000
40778  37.971  -11.036  82.917 0.0000000000
41811  37.524  -10.763  83.489 0.0000000000
39813  37.181  -11.579  82.650 0.0000000000
45997  49.644  -6.386  76.487 0.0000000000
46995  50.047  -5.954  76.144 0.0000000000
100207  49.919  -6.149  75.644 0.0000000000
47009  49.908  -5.537  74.937 0.0000000000
46041  48.000  -6.696  73.717 0.0000000000
118299  49.309  -5.793  74.313 0.0000000000
103233  49.450  -5.091  74.013 0.0000000000
47023  49.086  -4.881  72.930 0.0000000000
47928  49.640  -4.312  72.361 0.0000000000
47936  49.966  -4.534  71.202 0.0000000000
46101  48.772  -6.694  69.815 0.0000000000
45069  47.759  -7.756  70.015 0.0000000000
46091  48.227  -7.096  70.304 0.0000000000
46102  48.259  -7.274  69.369 0.0000000000
45077  47.846  -7.504  68.755 0.0000000000
45088  46.027  -8.040  67.355 0.0000000000
45089  45.163  -8.266  67.125 0.0000000000
104480  43.863  -8.974  67.213 0.0000000000
44071  42.980  -9.261  67.233 0.0000000000
42046  40.857  -10.595  66.293 0.0000000000
42080  33.304  -10.090  63.184 0.0000000000
42088  33.815  -10.598  62.616 0.0000000000
108828  32.227  -10.665  62.215 0.0000000000
41028  31.693  -11.486  61.324 0.0000000000
99256  30.987  -11.903  61.961 0.0000000000
40021  30.782  -12.972  61.729 0.0000000000
59656  54.993  8.430  53.000 0.0000000000
56965  53.421  5.386  52.068 0.0000000000
43066  33.220  -9.003  67.942 0.0000000000
99684  33.349  -9.160  68.792 0.0000000000
115012  32.768  -9.227  69.175 0.0000000000
43052  32.398  -9.130  69.865 0.0000000000
43053  31.663  -9.648  69.485 0.0000000000
43040  31.575  -9.345  70.310 0.0000000000
105667  32.123  -10.315  76.002 0.0000000000
101633  29.752  -10.019  73.854 0.0000000000
40901  29.175  -11.601  72.118 0.0000000000
40888  28.201  -11.698  73.501 0.0000000000
39908  28.523  -12.578  73.427 0.0000000000
42958  45.750  -9.833  79.042 0.0000000000
41857  45.777  -9.799  78.811 0.0000000000
42967  46.388  -9.420  78.458 0.0000000000
41872  46.014  -9.851  78.423 0.0000000000
41905  45.367  -10.415  77.692 0.0000000000
109121  44.156  -11.378  76.575 0.0000000000
112443  43.958  -11.290  75.635 0.0000000000
39896  43.692  -13.302  75.403 0.0000000000
38989  43.687  -13.836  75.030 0.0000000000
38054  43.574  -13.697  75.701 0.0000000000
38062  43.642  -13.940  74.820 0.0000000000
37225  43.316  -14.505  74.102 0.0000000000
38073  42.905  -14.826  73.768 0.0000000000
39873  40.000  -11.977  77.748 0.0000000000
39881  40.002  -11.823  76.725 0.0000000000
40884  39.324  -11.458  74.440 0.0000000000
40885  38.551  -11.117  74.752 0.0000000000
40894  38.850  -11.207  73.916 0.0000000000
119590  39.040  -11.254  73.415 0.0000000000
40908  38.865  -11.122  71.848 0.0000000000
40913  38.456  -11.147  70.452 0.0000000000
119530  37.887  -10.717  70.158 0.0000000000
41994  37.332  -10.295  70.280 0.0000000000
107762  36.780  -10.007  69.726 0.0000000000
41995  36.569  -10.065  70.495 0.0000000000
43048  35.723  -9.651  68.999 0.0000000000
102116  34.803  -9.409  68.879 0.0000000000
101481  25.984  -8.425  83.775 0.0000000000
43941  25.989  -8.639  83.124 0.0000000000
109081  26.024  -9.151  81.975 0.0000000000
41835  26.038  -9.805  80.726 0.0000000000
41852  25.654  -10.877  80.679 0.0000000000
57761  55.768  7.262  59.920 0.0000000000
58613  54.293  6.951  64.990 0.0000000000
56846  49.326  5.229  63.181 0.0000000000
55945  48.764  4.835  63.739 0.0000000000
55068  46.476  3.170  63.477 0.0000000000
49751  49.583  -2.571  67.872 0.0000000000
49752  49.007  -2.161  67.532 0.0000000000
50676  48.560  -1.624  67.240 0.0000000000
49776  47.763  -2.892  65.785 0.0000000000
49764  47.837  -2.315  66.215 0.0000000000
51485  47.667  -0.730  66.358 0.0000000000
115601  47.352  0.011  66.148 0.0000000000
52359  46.984  0.179  65.653 0.0000000000
51496  46.818  -0.402  65.271 0.0000000000
50715  46.129  -1.545  63.584 0.0000000000
112068  46.108  -2.079  63.313 0.0000000000
50721  45.733  -1.613  62.827 0.0000000000
49810  45.070  -2.078  61.759 0.0000000000
49820  43.273  -2.436  60.369 0.0000000000
48927  42.157  -3.247  60.888 0.0000000000
48918  42.537  -3.508  61.453 0.0000000000
44127  38.895  -8.223  62.894 0.0000000000
45149  38.996  -7.263  62.963 0.0000000000
45150  38.549  -7.758  62.307 0.0000000000
44137  37.993  -8.294  61.239 0.0000000000
44154  37.286  -8.786  59.758 0.0000000000
44168  36.510  -8.215  58.516 0.0000000000
114436  43.394  -15.314  66.996 0.0000000000
38128  43.380  -14.837  67.053 0.0000000000
37286  42.847  -15.446  65.946 0.0000000000
37308  42.126  -15.319  64.518 0.0000000000
37298  41.355  -15.849  65.107 0.0000000000
37309  41.143  -15.791  64.228 0.0000000000
37332  40.565  -15.594  62.728 0.0000000000
37344  40.145  -15.467  62.097 0.0000000000
37345  39.685  -15.412  61.417 0.0000000000
39162  34.495  -13.128  57.932 0.0000000000
99954  35.164  -13.501  58.277 0.0000000000
39179  34.140  -13.778  57.445 0.0000000000
38267  33.716  -14.485  56.998 0.0000000000
38281  34.102  -15.427  56.840 0.0000000000
37412  33.985  -16.310  56.534 0.0000000000
103579  56.707  5.378  50.482 0.0000000000
41923  36.458  -10.553  75.574 0.0000000000
41924  35.682  -10.473  75.561 0.0000000000
41907  35.325  -10.419  76.288 0.0000000000
41890  35.556  -10.406  77.568 0.0000000000
104341  35.008  -10.343  76.994 0.0000000000
41908  34.461  -10.410  76.331 0.0000000000
41892  33.461  -10.362  77.206 0.0000000000
40801  35.543  -11.091  81.386 0.0000000000
41860  34.470  -10.438  79.304 0.0000000000
40803  34.122  -10.429  81.188 0.0000000000
116260  33.973  -10.367  78.740 0.0000000000
41893  32.979  -10.324  77.731 0.0000000000
99659  32.144  -10.249  77.509 0.0000000000
41879  31.506  -10.061  78.177 0.0000000000
115080  31.378  -9.740  78.897 0.0000000000
41880  30.781  -9.589  78.498 0.0000000000
42968  30.092  -9.265  78.949 0.0000000000
42944  42.363  -9.345  80.405 0.0000000000
41844  43.130  -11.198  79.905 0.0000000000
119641  43.054  -11.916  79.652 0.0000000000
39853  43.175  -12.806  78.912 0.0000000000
39839  42.884  -12.653  79.336 0.0000000000
38923  42.541  -12.907  79.247 0.0000000000
38924  41.990  -12.986  79.453 0.0000000000
38912  41.596  -12.776  79.889 0.0000000000
38008  41.361  -13.179  79.226 0.0000000000
38942  40.749  -13.116  79.025 0.0000000000
106230  40.383  -12.620  78.424 0.0000000000
40787  39.030  -11.431  81.994 0.0000000000
118595  39.345  -11.846  81.520 0.0000000000
38914  39.617  -12.023  81.140 0.0000000000
38915  38.964  -12.216  81.166 0.0000000000
38926  39.629  -12.633  80.671 0.0000000000
38955  39.848  -12.701  79.081 0.0000000000
106576  38.040  -11.105  77.022 0.0000000000
40839  37.860  -11.320  78.392 0.0000000000
40861  37.720  -10.917  76.345 0.0000000000
40875  37.101  -10.682  75.985 0.0000000000
55980  48.306  4.470  59.242 0.0000000000
113863  56.423  9.939  63.231 0.0000000000
60474  56.501  9.599  63.968 0.0000000000
59494  56.373  8.844  64.674 0.0000000000
59481  56.061  9.079  65.486 0.0000000000
119886  53.700  7.798  66.243 0.0000000000
57714  51.443  6.710  66.599 0.0000000000
105021  52.503  -1.075  70.784 0.0000000000
49736  51.349  -2.251  69.244 0.0000000000
49737  50.795  -2.667  68.798 0.0000000000
47950  50.609  -4.257  70.385 0.0000000000
47966  50.428  -4.475  69.552 0.0000000000
117559  49.604  -5.653  69.149 0.0000000000
114439  50.576  -4.056  69.047 0.0000000000
48833  50.175  -3.828  68.465 0.0000000000
49738  50.168  -3.019  68.353 0.0000000000
48851  48.689  -3.462  66.968 0.0000000000
113563  47.933  -3.975  66.023 0.0000000000
48006  47.187  -4.996  65.905 0.0000000000
48015  47.451  -4.238  65.643 0.0000000000
48016  46.799  -4.561  65.282 0.0000000000
114460  44.751  -4.866  64.313 0.0000000000
48029  44.085  -5.029  64.034 0.0000000000
47149  42.811  -5.892  64.233 0.0000000000
46164  43.238  -6.369  64.765 0.0000000000
47150  41.974  -6.076  64.080 0.0000000000
45137  39.982  -7.187  64.084 0.0000000000
45098  43.827  -7.971  66.274 0.0000000000
45109  42.426  -7.577  65.710 0.0000000000
45110  41.465  -7.869  65.652 0.0000000000
104423  39.219  -7.857  63.398 0.0000000000
116811  38.968  -8.979  62.803 0.0000000000
106917  38.549  -9.402  61.626 0.0000000000
43159  38.468  -9.960  60.981 0.0000000000
106186  38.312  -10.369  60.450 0.0000000000
39086  37.976  -13.106  64.801 0.0000000000
112099  37.295  -12.721  63.719 0.0000000000
40019  36.807  -12.538  62.258 0.0000000000
118091  36.481  -12.196  62.753 0.0000000000
40032  36.563  -12.536  61.509 0.0000000000
40045  36.309  -12.590  60.767 0.0000000000
41009  33.804  -10.891  61.743 0.0000000000
106733  33.830  -11.139  61.054 0.0000000000
41045  33.483  -11.237  60.517 0.0000000000
118557  34.395  -11.572  59.829 0.0000000000
40061  34.457  -11.904  59.170 0.0000000000
40078  34.053  -12.319  58.316 0.0000000000
59666  59.121  8.671  51.444 0.0000000000
59680  57.179  7.760  50.815 0.0000000000
57852  54.302  6.033  51.112 0.0000000000
42042  31.780  -10.821  67.096 0.0000000000
41973  33.807  -10.000  72.768 0.0000000000
43031  32.306  -9.346  71.767 0.0000000000
41946  31.729  -10.171  74.466 0.0000000000
43014  30.720  -9.795  72.824 0.0000000000
43032  30.874  -9.694  71.478 0.0000000000
41997  30.840  -10.058  70.692 0.0000000000
43993  47.369  -8.377  78.162 0.0000000000
45983  48.830  -6.754  77.387 0.0000000000
45982  49.415  -6.268  76.944 0.0000000000
45000  49.344  -6.805  76.385 0.0000000000
45017  48.995  -7.245  75.916 0.0000000000
119977  47.791  -7.744  75.191 0.0000000000
44014  47.287  -8.202  75.671 0.0000000000
44021  47.058  -7.850  74.676 0.0000000000
44030  46.325  -7.973  73.402 0.0000000000
44036  45.884  -8.740  72.464 0.0000000000
43016  45.526  -9.371  71.969 0.0000000000
43028  44.964  -9.894  71.489 0.0000000000
105800  43.419  -11.363  71.241 0.0000000000
41968  43.885  -10.927  72.665 0.0000000000
39944  43.128  -13.754  70.066 0.0000000000
39035  43.187  -14.239  69.175 0.0000000000
109208  43.316  -14.956  68.979 0.0000000000
115887  43.672  -12.840  74.789 0.0000000000
39897  43.610  -13.207  73.978 0.0000000000
39005  43.506  -14.085  72.505 0.0000000000
38080  43.431  -14.781  72.331 0.0000000000
39014  43.441  -14.494  71.758 0.0000000000
38099  43.382  -15.059  70.437 0.0000000000
38108  43.300  -15.140  69.458 0.0000000000
38117  43.350  -15.218  68.423 0.0000000000
37276  43.115  -15.751  67.510 0.0000000000
102896  42.219  -16.114  67.008 0.0000000000
37269  41.969  -16.028  68.668 0.0000000000
37289  40.317  -15.500  66.970 0.0000000000
38143  39.245  -14.059  66.901 0.0000000000
38953  43.214  -13.111  78.076 0.0000000000
38018  43.034  -13.394  77.965 0.0000000000
38030  42.767  -13.815  77.682 0.0000000000
38046  42.755  -14.070  76.650 0.0000000000
37213  42.963  -14.289  76.144 0.0000000000
38063  42.883  -14.583  74.802 0.0000000000
38074  42.338  -14.462  73.389 0.0000000000
39889  40.781  -12.438  76.286 0.0000000000
38984  41.342  -12.861  75.342 0.0000000000
39905  40.619  -12.454  73.704 0.0000000000
38992  41.373  -12.976  74.217 0.0000000000
38998  41.887  -13.760  73.800 0.0000000000
39006  41.748  -14.043  73.023 0.0000000000
38081  42.057  -14.607  72.567 0.0000000000
38091  41.149  -14.282  71.234 0.0000000000
39023  40.972  -14.520  70.413 0.0000000000
38110  40.230  -14.389  69.043 0.0000000000
109114  39.793  -14.368  67.874 0.0000000000
39065  38.809  -13.746  66.194 0.0000000000
39978  37.427  -12.066  66.255 0.0000000000
39990  37.170  -12.028  65.516 0.0000000000
42069  34.899  -10.274  63.999 0.0000000000
42023  37.440  -10.872  68.459 0.0000000000
42040  36.815  -10.743  67.078 0.0000000000
42049  36.176  -10.294  66.022 0.0000000000
42060  35.855  -10.423  65.219 0.0000000000
42081  32.256  -10.071  63.328 0.0000000000
42070  31.891  -9.738  64.116 0.0000000000
42082  31.431  -10.405  63.690 0.0000000000
100265  30.980  -11.056  63.294 0.0000000000
55141  51.300  3.104  56.339 0.0000000000
54221  51.548  2.745  56.062 0.0000000000
54159  49.392  2.295  60.590 0.0000000000
43909  34.059  -7.878  85.342 0.0000000000
42888  34.120  -8.540  85.291 0.0000000000
42893  33.714  -8.914  85.304 0.0000000000
42901  33.480  -9.367  84.877 0.0000000000
42902  32.719  -9.081  84.683 0.0000000000
44871  32.332  -6.965  85.902 0.0000000000
43911  32.646  -8.102  85.503 0.0000000000
42913  32.299  -9.122  83.940 0.0000000000
42914  31.845  -9.088  83.215 0.0000000000
42923  31.563  -9.104  82.475 0.0000000000
42924  30.810  -8.617  82.149 0.0000000000
42948  30.436  -9.078  80.564 0.0000000000
42960  29.344  -9.058  79.473 0.0000000000
44886  29.032  -6.184  85.022 0.0000000000
44913  29.332  -7.032  83.432 0.0000000000
43951  28.228  -7.503  81.666 0.0000000000
43960  29.254  -7.998  81.510 0.0000000000
43975  28.998  -8.300  80.653 0.0000000000
42961  28.424  -8.816  79.112 0.0000000000
42979  28.010  -9.283  77.357 0.0000000000
42990  27.535  -9.710  76.767 0.0000000000
41915  27.075  -10.457  76.328 0.0000000000
41897  26.931  -10.130  76.977 0.0000000000
40831  26.130  -11.178  79.193 0.0000000000
39867  26.543  -12.121  78.158 0.0000000000
61515  59.966  11.215  54.301 0.0000000000
61517  58.679  10.220  54.352 0.0000000000
59629  53.808  8.014  54.199 0.0000000000
60561  57.310  10.640  57.141 0.0000000000
103208  52.569  6.337  55.969 0.0000000000
59532  56.868  9.420  61.786 0.0000000000
57754  53.967  5.969  61.345 0.0000000000
57746  53.678  6.260  62.217 0.0000000000
56863  53.228  5.973  61.572 0.0000000000
56878  50.888  5.595  60.439 0.0000000000
57701  51.493  6.838  67.410 0.0000000000
57702  50.977  6.233  67.036 0.0000000000
54988  53.138  3.107  70.190 0.0000000000
107935  52.891  3.830  69.724 0.0000000000
52335  50.532  0.729  68.876 0.0000000000
54077  51.493  2.080  69.280 0.0000000000
55884  52.521  4.573  69.193 0.0000000000
55901  51.463  4.515  68.514 0.0000000000
56817  50.532  5.613  66.649 0.0000000000
56818  50.107  5.146  66.313 0.0000000000
55933  49.130  4.183  65.819 0.0000000000
55043  48.015  3.288  65.262 0.0000000000
54133  45.864  2.548  63.408 0.0000000000
112139  46.778  0.876  65.388 0.0000000000
53243  46.157  1.502  64.417 0.0000000000
54122  45.901  1.975  63.960 0.0000000000
53254  45.458  1.829  63.229 0.0000000000
53281  44.522  1.358  61.224 0.0000000000
51555  44.321  -0.028  60.115 0.0000000000
49833  41.520  -2.194  58.838 0.0000000000
102731  40.765  -2.450  58.939 0.0000000000
103575  42.879  -4.767  63.236 0.0000000000
48048  41.689  -4.585  62.358 0.0000000000
47170  41.254  -5.238  62.791 0.0000000000
103854  40.878  -4.778  62.127 0.0000000000
48056  40.480  -4.334  61.477 0.0000000000
48066  38.826  -4.221  60.613 0.0000000000
106852  38.571  -6.862  62.244 0.0000000000
47183  38.384  -5.539  61.447 0.0000000000
47184  37.705  -5.827  61.072 0.0000000000
47195  37.950  -5.126  60.972 0.0000000000
42003  44.163  -10.264  70.087 0.0000000000
42004  43.380  -10.612  69.681 0.0000000000
40941  42.160  -11.723  68.759 0.0000000000
42022  42.367  -10.800  68.526 0.0000000000
42038  41.539  -11.086  67.466 0.0000000000
99264  41.303  -11.420  66.663 0.0000000000
40964  41.021  -11.530  65.674 0.0000000000
39064  43.092  -14.327  66.306 0.0000000000
39987  42.822  -13.842  65.757 0.0000000000
108444  42.192  -13.569  64.167 0.0000000000
105059  42.049  -12.902  64.854 0.0000000000
110942  41.636  -12.374  65.532 0.0000000000
40975  41.300  -12.132  64.726 0.0000000000
40991  40.609  -11.760  63.593 0.0000000000
118473  39.798  -11.648  62.228 0.0000000000
40031  39.773  -12.633  61.382 0.0000000000
41041  39.308  -12.137  60.976 0.0000000000
41056  38.443  -11.882  59.874 0.0000000000
39085  38.511  -13.863  64.206 0.0000000000
38184  39.047  -14.807  62.536 0.0000000000
39115  37.690  -14.218  61.247 0.0000000000
38201  38.856  -15.107  61.648 0.0000000000
37359  38.801  -15.489  60.484 0.0000000000
38249  35.636  -14.384  58.521 0.0000000000
37387  36.405  -16.221  58.207 0.0000000000
37372  38.569  -15.610  59.826 0.0000000000
37371  39.233  -15.466  60.090 0.0000000000
38230  39.051  -15.414  59.552 0.0000000000
39142  39.053  -14.973  59.211 0.0000000000
39159  38.678  -14.729  58.745 0.0000000000
39160  38.178  -14.354  58.201 0.0000000000
40077  37.592  -12.621  58.476 0.0000000000
57891  59.650  6.177  48.614 0.0000000000
56083  52.289  4.747  53.372 0.0000000000
36513  43.217  -15.399  71.803 0.0000000000
36524  43.163  -15.554  70.540 0.0000000000
36525  42.788  -15.860  70.375 0.0000000000
36532  43.067  -15.546  69.888 0.0000000000
37203  43.025  -14.070  76.871 0.0000000000
37220  42.978  -14.495  75.301 0.0000000000
37224  43.464  -14.315  74.019 0.0000000000
37229  43.400  -14.657  72.943 0.0000000000
37236  42.690  -15.542  71.806 0.0000000000
37244  43.315  -15.397  71.050 0.0000000000
37245  41.873  -15.569  70.642 0.0000000000
37262  41.741  -15.816  69.221 0.0000000000
37995  41.397  -13.029  79.600 0.0000000000
38007  42.093  -13.209  79.033 0.0000000000
38031  42.883  -13.778  77.475 0.0000000000
38044  43.333  -13.796  76.879 0.0000000000
38130  39.337  -13.924  67.475 0.0000000000
38141  43.180  -15.013  66.292 0.0000000000
38160  42.120  -14.631  63.809 0.0000000000
38913  40.794  -12.568  80.297 0.0000000000
38939  43.613  -12.656  78.498 0.0000000000
38997  43.573  -13.642  73.312 0.0000000000
39099  41.311  -14.234  62.532 0.0000000000
39838  43.591  -12.476  79.031 0.0000000000
39880  43.811  -12.897  76.884 0.0000000000
39888  43.744  -12.812  76.176 0.0000000000
40076  38.256  -13.451  58.821 0.0000000000
40841  35.851  -10.586  78.709 0.0000000000
40876  27.366  -11.655  75.228 0.0000000000
40891  43.854  -11.160  74.023 0.0000000000
40893  39.393  -11.494  73.660 0.0000000000
40897  43.498  -11.880  72.612 0.0000000000
40952  41.687  -11.961  67.354 0.0000000000
40965  40.656  -11.298  64.870 0.0000000000
40992  36.027  -11.628  63.923 0.0000000000
41022  39.566  -11.860  61.647 0.0000000000
41841  45.476  -10.276  79.157 0.0000000000
41888  45.444  -10.348  78.328 0.0000000000
41957  35.354  -10.378  73.443 0.0000000000
42927  25.558  -9.882  82.317 0.0000000000
42969  29.165  -9.177  78.610 0.0000000000
42972  26.681  -9.664  78.270 0.0000000000
43102  36.414  -10.313  66.684 0.0000000000
43105  33.091  -8.580  66.088 0.0000000000
43926  25.920  -8.171  84.544 0.0000000000
44000  47.601  -8.379  77.841 0.0000000000
44006  47.526  -8.633  77.172 0.0000000000
44031  45.762  -8.459  73.463 0.0000000000
44874  30.420  -6.186  85.929 0.0000000000
45001  48.684  -7.392  76.739 0.0000000000
45067  46.994  -7.727  71.690 0.0000000000
46131  46.875  -6.947  67.129 0.0000000000
47086  49.599  -5.594  69.851 0.0000000000
48005  47.811  -4.632  66.220 0.0000000000
48896  46.394  -3.140  63.838 0.0000000000
49722  51.822  -2.391  69.925 0.0000000000
51460  52.460  -0.339  70.069 0.0000000000
51477  49.422  -1.112  67.828 0.0000000000
51510  46.429  -0.483  64.646 0.0000000000
52334  51.452  0.619  69.359 0.0000000000
53220  48.382  1.595  67.272 0.0000000000
103595  42.903  -15.368  72.481 0.0000000000
103786  38.504  -10.992  71.196 0.0000000000
103955  48.709  -6.233  74.048 0.0000000000
106057  35.299  -10.399  84.407 0.0000000000
107426  43.398  -15.234  70.950 0.0000000000
107830  46.523  -8.244  74.963 0.0000000000
112062  43.124  -13.633  77.651 0.0000000000
113176  49.759  -6.421  76.139 0.0000000000
114008  43.428  -15.284  67.600 0.0000000000
114546  51.310  -0.764  69.203 0.0000000000
115341  47.255  -8.011  68.614 0.0000000000
116076  37.890  -12.470  66.572 0.0000000000
118418  32.173  -9.377  82.692 0.0000000000
118651  38.825  -12.480  80.553 0.0000000000
