#!ascii label  , from subject sub-v1s11x0050153_ses-1 vox2ras=TkReg
1531
117082  -34.066  -25.892  42.264 0.0000000000
62483  -50.982  -10.401  24.296 0.0000000000
56432  -37.334  -17.574  33.102 0.0000000000
39282  -5.098  -37.154  35.140 0.0000000000
42033  -20.742  -33.839  41.182 0.0000000000
48382  -5.023  -26.720  38.747 0.0000000000
45736  -3.822  -29.500  44.127 0.0000000000
55559  -44.556  -17.754  27.307 0.0000000000
51307  -5.257  -23.806  32.835 0.0000000000
105485  -2.300  -41.468  41.324 0.0000000000
52172  -30.999  -22.974  38.184 0.0000000000
44842  -30.792  -30.533  39.353 0.0000000000
43846  -28.645  -31.134  42.761 0.0000000000
64967  -54.471  -7.281  21.865 0.0000000000
54664  -40.548  -19.988  29.819 0.0000000000
41119  -16.662  -34.641  37.279 0.0000000000
54592  -3.384  -19.365  37.185 0.0000000000
43922  -5.295  -32.369  36.384 0.0000000000
44941  -4.997  -30.723  32.564 0.0000000000
116020  -3.272  -34.340  31.299 0.0000000000
37201  -8.936  -37.816  46.331 0.0000000000
38133  -4.894  -37.544  45.932 0.0000000000
57220  -34.755  -16.713  36.584 0.0000000000
42891  -26.468  -32.585  45.530 0.0000000000
44834  -22.673  -30.612  39.388 0.0000000000
46627  -4.226  -28.607  41.201 0.0000000000
108225  -3.874  -32.850  39.224 0.0000000000
60087  -47.749  -13.840  26.182 0.0000000000
39148  -10.808  -36.522  43.463 0.0000000000
40152  -13.676  -35.509  40.267 0.0000000000
110541  -4.271  -25.096  34.553 0.0000000000
47584  -3.209  -27.194  29.740 0.0000000000
42894  -6.259  -32.254  44.871 0.0000000000
116457  -3.528  -35.301  42.582 0.0000000000
37282  -2.319  -38.631  38.210 0.0000000000
51195  -33.830  -23.216  42.734 0.0000000000
47486  -32.837  -27.714  39.818 0.0000000000
50245  -32.988  -24.104  40.767 0.0000000000
45769  -32.934  -29.188  40.693 0.0000000000
119709  -32.362  -29.434  38.323 0.0000000000
44778  -32.275  -30.170  43.028 0.0000000000
64113  -53.209  -8.699  23.467 0.0000000000
60937  -47.094  -12.283  23.004 0.0000000000
63310  -48.943  -9.902  22.198 0.0000000000
64133  -50.628  -8.440  21.402 0.0000000000
55502  -39.447  -18.688  31.700 0.0000000000
102456  -33.980  -17.497  32.155 0.0000000000
55515  -35.983  -17.718  30.123 0.0000000000
54661  -37.766  -18.894  28.892 0.0000000000
41144  -5.349  -34.333  35.789 0.0000000000
42099  -4.941  -32.947  32.854 0.0000000000
39306  -5.159  -35.606  32.492 0.0000000000
110167  -2.137  -37.534  30.913 0.0000000000
37378  -3.066  -38.775  32.173 0.0000000000
37219  -7.642  -38.425  43.673 0.0000000000
114590  -6.438  -39.935  44.493 0.0000000000
57187  -33.932  -16.337  38.467 0.0000000000
53745  -30.895  -20.481  40.354 0.0000000000
110143  -30.239  -21.661  37.355 0.0000000000
55422  -30.090  -18.309  38.727 0.0000000000
104958  -31.311  -17.184  36.867 0.0000000000
44746  -28.459  -30.158  48.465 0.0000000000
45780  -26.456  -29.611  39.463 0.0000000000
119464  -26.037  -30.355  41.437 0.0000000000
64988  -54.173  -7.637  18.512 0.0000000000
65912  -55.755  -7.145  16.357 0.0000000000
46611  -3.541  -28.808  42.831 0.0000000000
44825  -3.730  -31.349  40.387 0.0000000000
43853  -3.444  -31.052  41.469 0.0000000000
57301  -46.169  -16.298  26.896 0.0000000000
54692  -41.354  -19.482  26.875 0.0000000000
106202  -42.713  -17.462  25.369 0.0000000000
121676  -44.292  -16.027  24.394 0.0000000000
39132  -12.336  -36.531  46.055 0.0000000000
102996  -13.734  -36.413  44.809 0.0000000000
112905  -3.663  -24.809  38.705 0.0000000000
50278  -3.581  -24.450  37.177 0.0000000000
48412  -4.417  -25.698  36.196 0.0000000000
43957  -2.380  -31.035  30.867 0.0000000000
45885  -4.540  -28.762  31.377 0.0000000000
44976  -2.616  -30.315  29.849 0.0000000000
110196  -7.237  -33.992  46.067 0.0000000000
36231  -4.117  -39.190  43.957 0.0000000000
39142  -4.036  -37.056  44.410 0.0000000000
37231  -3.501  -38.572  42.476 0.0000000000
38200  -3.321  -37.327  40.104 0.0000000000
36272  -2.328  -39.517  40.139 0.0000000000
52969  -32.204  -22.244  40.660 0.0000000000
44757  -29.980  -30.773  46.445 0.0000000000
44766  -31.573  -30.025  44.934 0.0000000000
44800  -29.267  -30.611  41.074 0.0000000000
65883  -56.047  -6.370  20.613 0.0000000000
64980  -52.482  -7.340  19.693 0.0000000000
54674  -42.421  -19.517  28.636 0.0000000000
53838  -39.351  -20.758  27.453 0.0000000000
42977  -19.719  -32.848  38.219 0.0000000000
41109  -18.381  -34.625  38.514 0.0000000000
101743  -4.753  -22.424  34.842 0.0000000000
45801  -6.308  -29.379  37.882 0.0000000000
46674  -7.012  -28.589  35.999 0.0000000000
44914  -5.687  -31.640  34.555 0.0000000000
43012  -3.757  -32.142  32.194 0.0000000000
41232  -2.321  -34.325  30.219 0.0000000000
40094  -9.633  -35.440  49.180 0.0000000000
41028  -7.521  -34.982  48.103 0.0000000000
37191  -6.679  -38.177  46.944 0.0000000000
35280  -4.968  -39.945  44.864 0.0000000000
56389  -35.576  -17.408  34.848 0.0000000000
56386  -32.776  -17.176  34.627 0.0000000000
42028  -23.357  -32.921  43.029 0.0000000000
43820  -27.580  -31.929  44.612 0.0000000000
43842  -24.278  -31.648  42.227 0.0000000000
42963  -22.043  -31.923  40.733 0.0000000000
50237  -3.519  -24.788  40.448 0.0000000000
49241  -3.918  -25.746  42.264 0.0000000000
47481  -4.993  -28.100  40.087 0.0000000000
44849  -4.753  -31.115  38.946 0.0000000000
42976  -4.415  -32.497  38.421 0.0000000000
41117  -4.652  -34.407  37.668 0.0000000000
61702  -49.519  -11.437  25.466 0.0000000000
122126  -45.947  -14.268  23.948 0.0000000000
39103  -11.120  -36.709  48.218 0.0000000000
114204  -9.904  -37.068  45.067 0.0000000000
108689  -9.193  -37.004  42.212 0.0000000000
107236  -17.208  -35.690  40.112 0.0000000000
39187  -16.551  -36.000  41.624 0.0000000000
111676  -15.148  -36.220  43.402 0.0000000000
39183  -12.349  -35.800  41.697 0.0000000000
39201  -9.807  -36.400  40.591 0.0000000000
53758  -2.894  -20.372  38.782 0.0000000000
102517  -3.656  -23.033  36.140 0.0000000000
118538  -4.387  -24.423  33.358 0.0000000000
48453  -6.378  -27.178  33.241 0.0000000000
48468  -4.951  -26.055  31.473 0.0000000000
117440  -4.713  -25.119  30.931 0.0000000000
116221  -5.120  -30.793  45.206 0.0000000000
41047  -5.667  -35.006  46.580 0.0000000000
41972  -4.554  -33.317  45.376 0.0000000000
113194  -3.400  -31.826  43.157 0.0000000000
119804  -3.495  -33.714  40.921 0.0000000000
40181  -3.897  -35.510  38.861 0.0000000000
106163  -3.331  -38.047  37.212 0.0000000000
34522  -1.175  -42.544  39.637 0.0000000000
34540  -1.182  -41.497  37.501 0.0000000000
36375  -3.074  -40.318  34.190 0.0000000000
50235  -34.042  -24.854  41.989 0.0000000000
104542  -33.778  -23.670  43.455 0.0000000000
47477  -33.348  -26.584  41.161 0.0000000000
49261  -33.770  -25.199  41.613 0.0000000000
47467  -33.423  -27.324  41.564 0.0000000000
107582  -33.023  -27.773  40.355 0.0000000000
48338  -33.955  -25.958  42.832 0.0000000000
47460  -33.573  -27.400  42.269 0.0000000000
63294  -52.001  -9.660  23.958 0.0000000000
61735  -48.871  -11.336  24.013 0.0000000000
61751  -48.128  -11.170  22.941 0.0000000000
62522  -49.468  -10.284  22.957 0.0000000000
116303  -50.841  -9.402  22.723 0.0000000000
55484  -38.028  -17.724  32.474 0.0000000000
55486  -39.842  -18.330  32.725 0.0000000000
56409  -38.705  -17.683  33.713 0.0000000000
103046  -35.177  -17.511  31.378 0.0000000000
56451  -36.722  -17.587  32.000 0.0000000000
55499  -37.280  -17.771  31.217 0.0000000000
40248  -5.489  -35.219  35.286 0.0000000000
40266  -5.610  -35.095  34.186 0.0000000000
39292  -5.216  -37.154  33.771 0.0000000000
105198  -4.624  -37.335  32.585 0.0000000000
38278  -4.627  -38.015  33.270 0.0000000000
37242  -7.370  -38.459  41.647 0.0000000000
36265  -6.799  -39.171  42.248 0.0000000000
55408  -31.045  -18.759  41.074 0.0000000000
114814  -30.253  -19.085  39.924 0.0000000000
56323  -31.228  -17.369  39.717 0.0000000000
56333  -31.335  -17.110  38.702 0.0000000000
65894  -56.002  -6.714  18.581 0.0000000000
64992  -55.333  -8.066  17.207 0.0000000000
67501  -55.598  -4.283  17.555 0.0000000000
104822  -3.636  -29.077  43.520 0.0000000000
104221  -3.484  -30.364  41.651 0.0000000000
44773  -3.373  -30.373  42.745 0.0000000000
57294  -45.783  -16.963  27.348 0.0000000000
57296  -47.284  -16.130  27.941 0.0000000000
55557  -42.944  -18.555  27.293 0.0000000000
55567  -41.751  -18.629  26.350 0.0000000000
117911  -44.020  -17.813  26.855 0.0000000000
57299  -44.935  -16.815  26.246 0.0000000000
39120  -14.600  -36.334  46.995 0.0000000000
39135  -15.099  -36.467  46.149 0.0000000000
41080  -22.162  -34.123  43.077 0.0000000000
41085  -20.396  -34.546  41.550 0.0000000000
52225  -5.184  -23.269  33.626 0.0000000000
49292  -4.148  -25.660  38.710 0.0000000000
49303  -4.035  -25.426  37.640 0.0000000000
48392  -4.965  -26.424  37.731 0.0000000000
117334  -2.371  -32.021  30.198 0.0000000000
44964  -2.441  -30.421  30.261 0.0000000000
43978  -2.913  -31.340  29.707 0.0000000000
42008  -8.570  -33.343  43.721 0.0000000000
41977  -8.866  -34.183  45.811 0.0000000000
35305  -3.436  -40.457  43.038 0.0000000000
37218  -3.837  -38.833  43.223 0.0000000000
36252  -3.017  -39.887  41.914 0.0000000000
37240  -3.211  -39.043  41.725 0.0000000000
35361  -2.049  -41.003  40.665 0.0000000000
52123  -33.407  -22.519  42.033 0.0000000000
51229  -32.423  -23.501  40.208 0.0000000000
117389  -32.848  -21.698  41.766 0.0000000000
53735  -31.955  -20.388  41.665 0.0000000000
44801  -31.771  -30.310  41.462 0.0000000000
43849  -31.136  -30.724  41.822 0.0000000000
44818  -29.536  -30.505  40.231 0.0000000000
117765  -28.758  -30.300  39.997 0.0000000000
65882  -55.384  -6.821  21.390 0.0000000000
64135  -52.585  -7.999  21.982 0.0000000000
122096  -51.354  -7.651  20.560 0.0000000000
64973  -52.773  -7.342  20.534 0.0000000000
102339  -53.557  -7.162  20.017 0.0000000000
54666  -42.343  -19.599  29.387 0.0000000000
55534  -43.852  -18.870  30.136 0.0000000000
54655  -42.225  -19.455  30.324 0.0000000000
105915  -39.107  -19.524  29.541 0.0000000000
54671  -38.473  -19.630  28.736 0.0000000000
53821  -40.189  -20.342  28.998 0.0000000000
53830  -41.235  -20.225  28.454 0.0000000000
54600  -3.541  -19.104  36.578 0.0000000000
53002  -4.334  -20.864  35.664 0.0000000000
53001  -3.961  -21.325  36.023 0.0000000000
44885  -5.478  -31.514  37.140 0.0000000000
115562  -6.537  -30.314  36.400 0.0000000000
43930  -5.452  -32.013  35.497 0.0000000000
102317  -4.511  -33.467  32.269 0.0000000000
120973  -4.577  -32.441  32.695 0.0000000000
118400  -3.506  -33.431  31.631 0.0000000000
42123  -2.835  -33.053  31.278 0.0000000000
41217  -2.503  -34.720  30.524 0.0000000000
40299  -2.346  -35.895  30.451 0.0000000000
38131  -9.450  -37.373  47.674 0.0000000000
38127  -8.356  -37.023  48.365 0.0000000000
109418  -7.811  -38.037  47.120 0.0000000000
34469  -5.609  -41.287  43.124 0.0000000000
35293  -5.912  -40.282  44.504 0.0000000000
34468  -4.993  -41.596  43.416 0.0000000000
34467  -4.472  -41.322  43.714 0.0000000000
119378  -35.510  -17.218  35.592 0.0000000000
57218  -33.027  -16.692  36.880 0.0000000000
56371  -32.788  -17.013  35.497 0.0000000000
56372  -33.623  -17.041  35.255 0.0000000000
56388  -34.742  -17.332  34.606 0.0000000000
42890  -25.852  -33.005  45.893 0.0000000000
42006  -24.580  -33.874  44.842 0.0000000000
42899  -25.008  -33.231  44.463 0.0000000000
43822  -29.376  -31.463  44.327 0.0000000000
43803  -29.080  -31.248  45.932 0.0000000000
43845  -27.718  -31.263  43.080 0.0000000000
44812  -23.896  -30.389  40.304 0.0000000000
43861  -25.161  -31.269  42.201 0.0000000000
43879  -23.756  -30.857  40.965 0.0000000000
43859  -23.027  -31.960  41.748 0.0000000000
119682  -22.024  -31.189  39.509 0.0000000000
42979  -20.923  -32.005  38.871 0.0000000000
47462  -3.980  -27.521  42.183 0.0000000000
47463  -4.178  -27.109  41.676 0.0000000000
48364  -4.354  -26.876  40.971 0.0000000000
47480  -4.620  -27.658  40.657 0.0000000000
46643  -5.099  -28.989  39.867 0.0000000000
46642  -4.588  -29.018  40.577 0.0000000000
43902  -3.781  -32.121  39.591 0.0000000000
43903  -4.097  -32.125  39.037 0.0000000000
42975  -4.001  -32.461  39.108 0.0000000000
42062  -4.616  -33.288  37.787 0.0000000000
42061  -4.272  -33.824  38.440 0.0000000000
60890  -48.374  -12.695  25.427 0.0000000000
60879  -49.549  -11.831  26.370 0.0000000000
60878  -48.956  -12.718  26.946 0.0000000000
58249  -46.187  -15.338  25.578 0.0000000000
58252  -45.263  -15.295  24.428 0.0000000000
59196  -46.862  -14.121  24.898 0.0000000000
60902  -47.403  -13.171  24.430 0.0000000000
39098  -12.447  -35.897  48.597 0.0000000000
104952  -11.571  -36.598  45.284 0.0000000000
113221  -10.901  -36.781  45.867 0.0000000000
38145  -10.210  -36.840  44.220 0.0000000000
38153  -9.531  -37.020  43.736 0.0000000000
38170  -9.686  -36.774  42.900 0.0000000000
41108  -17.723  -34.882  38.173 0.0000000000
40189  -17.962  -35.200  38.863 0.0000000000
40188  -17.265  -35.230  38.615 0.0000000000
40167  -14.250  -35.428  39.635 0.0000000000
40155  -16.015  -35.605  40.147 0.0000000000
40140  -14.714  -35.639  41.067 0.0000000000
39166  -15.711  -36.155  42.863 0.0000000000
39184  -14.026  -35.695  41.645 0.0000000000
39164  -13.823  -35.860  42.353 0.0000000000
39205  -13.157  -35.624  41.074 0.0000000000
39221  -10.241  -36.045  39.673 0.0000000000
109119  -2.698  -20.914  39.321 0.0000000000
49315  -3.791  -24.797  35.783 0.0000000000
116627  -3.488  -23.077  36.781 0.0000000000
50301  -3.749  -24.297  35.145 0.0000000000
51287  -3.879  -23.883  34.691 0.0000000000
49344  -4.284  -24.681  33.762 0.0000000000
45856  -7.222  -29.515  33.977 0.0000000000
47531  -6.794  -27.820  33.980 0.0000000000
46695  -6.471  -28.535  32.602 0.0000000000
46722  -2.725  -28.035  30.099 0.0000000000
47574  -5.412  -27.083  31.415 0.0000000000
47573  -4.461  -26.617  30.647 0.0000000000
49370  -4.668  -25.319  31.074 0.0000000000
48482  -3.877  -26.221  29.875 0.0000000000
49395  -4.421  -25.659  29.900 0.0000000000
43806  -5.330  -31.716  45.317 0.0000000000
39099  -6.072  -36.530  46.984 0.0000000000
40098  -6.261  -35.286  47.033 0.0000000000
39114  -5.098  -36.250  46.189 0.0000000000
107781  -3.732  -36.687  43.834 0.0000000000
107265  -4.207  -35.507  44.950 0.0000000000
41067  -3.843  -34.599  44.291 0.0000000000
41992  -3.833  -33.422  44.489 0.0000000000
103094  -3.524  -33.978  42.483 0.0000000000
42023  -3.404  -33.009  41.765 0.0000000000
103648  -3.536  -35.315  41.657 0.0000000000
38213  -2.824  -37.965  39.525 0.0000000000
39200  -3.489  -36.434  39.734 0.0000000000
38224  -3.233  -37.339  38.484 0.0000000000
38233  -3.407  -37.491  37.797 0.0000000000
37283  -2.901  -38.385  37.353 0.0000000000
32508  -0.494  -44.049  38.624 0.0000000000
34532  -0.814  -42.292  38.650 0.0000000000
52114  -33.698  -22.223  42.626 0.0000000000
47495  -32.460  -28.163  38.492 0.0000000000
48377  -32.373  -26.897  39.177 0.0000000000
49287  -33.031  -26.109  40.577 0.0000000000
51216  -33.487  -23.806  41.438 0.0000000000
44821  -32.415  -29.650  40.269 0.0000000000
45781  -32.535  -29.372  39.560 0.0000000000
45796  -32.576  -28.770  38.656 0.0000000000
45760  -32.929  -29.403  41.576 0.0000000000
64129  -53.105  -8.267  22.729 0.0000000000
62526  -47.440  -10.407  21.637 0.0000000000
63315  -47.832  -9.775  21.217 0.0000000000
63324  -48.956  -9.003  21.080 0.0000000000
63317  -49.344  -9.369  21.760 0.0000000000
64127  -51.147  -8.878  22.298 0.0000000000
54652  -39.573  -19.182  30.892 0.0000000000
54647  -41.629  -19.291  31.305 0.0000000000
102105  -40.253  -18.837  32.149 0.0000000000
118965  -41.602  -18.371  33.127 0.0000000000
102947  -33.148  -17.481  31.949 0.0000000000
109902  -33.606  -17.515  31.361 0.0000000000
56468  -34.571  -17.580  30.163 0.0000000000
55533  -35.277  -17.690  29.739 0.0000000000
114154  -36.141  -18.251  28.624 0.0000000000
109834  -36.508  -17.961  29.680 0.0000000000
55518  -38.433  -18.551  30.437 0.0000000000
42989  -5.230  -32.737  36.284 0.0000000000
42997  -5.357  -32.747  34.913 0.0000000000
119479  -5.481  -33.616  34.204 0.0000000000
41183  -5.082  -34.405  32.443 0.0000000000
40289  -4.327  -35.336  31.755 0.0000000000
39320  -2.357  -36.709  30.840 0.0000000000
39304  -3.661  -37.301  31.841 0.0000000000
38297  -3.013  -37.997  31.749 0.0000000000
37220  -8.162  -37.998  44.449 0.0000000000
37199  -7.506  -38.843  45.638 0.0000000000
36244  -7.005  -39.350  44.202 0.0000000000
118566  -34.428  -16.570  37.146 0.0000000000
52978  -30.848  -22.070  38.542 0.0000000000
52988  -30.562  -21.980  37.804 0.0000000000
53766  -30.328  -20.855  38.975 0.0000000000
121308  -29.672  -19.529  38.619 0.0000000000
55430  -29.562  -18.824  37.484 0.0000000000
56343  -30.552  -17.559  37.379 0.0000000000
57201  -32.685  -16.642  37.759 0.0000000000
43801  -27.769  -32.055  46.615 0.0000000000
44798  -27.652  -30.530  41.599 0.0000000000
44784  -27.273  -30.874  42.337 0.0000000000
44815  -26.505  -30.067  40.964 0.0000000000
44836  -24.394  -29.856  39.830 0.0000000000
103632  -53.931  -8.832  16.923 0.0000000000
64180  -55.109  -8.870  15.929 0.0000000000
65001  -55.375  -7.684  15.856 0.0000000000
65910  -54.317  -6.869  15.857 0.0000000000
106449  -3.608  -29.047  42.070 0.0000000000
44807  -3.741  -30.220  41.031 0.0000000000
45764  -3.591  -30.177  41.418 0.0000000000
43869  -3.571  -31.481  40.754 0.0000000000
42954  -3.501  -32.017  40.482 0.0000000000
58245  -47.178  -15.184  26.803 0.0000000000
58236  -48.151  -15.047  27.902 0.0000000000
55579  -41.360  -18.178  25.536 0.0000000000
56483  -41.512  -17.537  24.823 0.0000000000
57309  -42.740  -16.600  24.114 0.0000000000
57303  -43.789  -16.805  25.071 0.0000000000
57304  -44.993  -16.325  25.552 0.0000000000
40100  -13.345  -35.853  48.333 0.0000000000
39105  -14.053  -36.160  47.781 0.0000000000
39133  -13.218  -36.467  45.742 0.0000000000
109345  -12.055  -36.457  44.301 0.0000000000
40207  -13.837  -35.093  37.936 0.0000000000
40165  -12.503  -35.504  39.268 0.0000000000
51234  -2.927  -23.311  39.535 0.0000000000
52148  -3.059  -23.034  38.622 0.0000000000
50266  -3.547  -24.464  38.092 0.0000000000
49302  -3.720  -24.962  36.785 0.0000000000
48431  -4.540  -25.587  35.340 0.0000000000
44939  -3.132  -31.204  31.746 0.0000000000
120645  -5.078  -29.306  31.845 0.0000000000
45883  -2.628  -29.694  30.651 0.0000000000
46708  -2.470  -28.792  30.078 0.0000000000
46734  -2.782  -28.206  29.566 0.0000000000
42906  -8.896  -33.018  42.845 0.0000000000
41993  -7.616  -33.097  44.137 0.0000000000
42887  -6.583  -33.221  45.323 0.0000000000
37198  -4.487  -38.374  44.910 0.0000000000
106207  -4.755  -36.908  45.806 0.0000000000
37207  -4.249  -38.442  44.310 0.0000000000
39147  -3.809  -37.316  43.662 0.0000000000
39160  -3.552  -36.893  42.521 0.0000000000
39179  -3.501  -36.498  41.662 0.0000000000
37241  -3.311  -38.218  41.836 0.0000000000
38199  -3.067  -38.139  40.430 0.0000000000
36289  -2.208  -39.111  39.390 0.0000000000
50283  -31.043  -24.858  37.793 0.0000000000
50273  -31.954  -24.825  39.281 0.0000000000
51243  -31.906  -23.826  39.405 0.0000000000
51242  -31.390  -23.333  38.741 0.0000000000
53757  -31.280  -21.283  40.153 0.0000000000
54560  -31.710  -19.440  41.796 0.0000000000
109241  -30.035  -31.358  43.779 0.0000000000
44772  -32.082  -30.088  44.046 0.0000000000
103652  -30.196  -31.295  43.020 0.0000000000
43862  -28.960  -30.810  41.894 0.0000000000
44839  -27.947  -30.129  40.258 0.0000000000
64977  -50.041  -7.663  19.050 0.0000000000
115426  -53.267  -7.416  19.124 0.0000000000
65889  -55.651  -6.803  19.498 0.0000000000
55547  -43.850  -18.636  28.344 0.0000000000
55549  -45.210  -18.164  28.543 0.0000000000
121000  -44.237  -18.705  29.554 0.0000000000
121570  -37.017  -19.149  27.873 0.0000000000
53839  -40.212  -20.604  27.524 0.0000000000
101662  -41.845  -19.483  27.482 0.0000000000
42048  -20.163  -33.321  39.713 0.0000000000
41102  -19.829  -34.034  40.069 0.0000000000
42056  -19.363  -33.546  38.573 0.0000000000
41121  -18.147  -34.351  37.763 0.0000000000
53014  -5.437  -21.554  34.756 0.0000000000
104172  -4.768  -23.092  34.230 0.0000000000
46657  -6.025  -28.259  38.115 0.0000000000
47501  -6.076  -27.549  37.276 0.0000000000
45817  -6.749  -29.485  36.799 0.0000000000
45846  -6.976  -30.119  34.760 0.0000000000
44928  -5.602  -31.223  33.497 0.0000000000
43937  -5.399  -32.440  34.215 0.0000000000
43943  -4.752  -32.141  32.981 0.0000000000
43950  -3.820  -31.681  32.249 0.0000000000
43958  -2.725  -31.534  31.429 0.0000000000
41050  -8.749  -34.551  47.527 0.0000000000
40092  -8.088  -35.414  48.657 0.0000000000
39101  -7.167  -36.894  47.779 0.0000000000
37190  -5.914  -38.229  46.674 0.0000000000
36223  -6.806  -39.328  45.536 0.0000000000
36222  -6.177  -39.434  45.764 0.0000000000
36213  -5.024  -38.850  45.690 0.0000000000
108246  -4.434  -39.671  44.481 0.0000000000
118838  -3.790  -40.500  43.491 0.0000000000
34484  -3.182  -41.871  42.844 0.0000000000
56407  -36.897  -17.566  33.601 0.0000000000
102521  -37.984  -17.593  34.080 0.0000000000
118234  -37.151  -17.537  35.055 0.0000000000
52202  -30.005  -22.581  36.343 0.0000000000
119857  -31.812  -17.372  33.000 0.0000000000
102049  -35.152  -17.501  33.944 0.0000000000
42019  -22.931  -33.829  43.419 0.0000000000
42027  -22.516  -33.360  42.657 0.0000000000
44754  -29.826  -30.352  47.268 0.0000000000
43802  -28.374  -31.614  46.218 0.0000000000
42892  -27.165  -32.214  45.112 0.0000000000
110668  -26.969  -31.247  42.940 0.0000000000
43844  -26.295  -31.525  43.193 0.0000000000
42917  -25.917  -32.415  44.211 0.0000000000
42932  -24.166  -32.294  42.883 0.0000000000
42931  -22.809  -32.599  42.191 0.0000000000
42949  -21.735  -32.692  41.145 0.0000000000
42969  -20.537  -32.647  39.309 0.0000000000
66741  -52.558  -5.517  16.587 0.0000000000
67497  -51.463  -3.969  17.175 0.0000000000
69152  -50.706  -2.481  16.999 0.0000000000
50250  -3.483  -24.640  39.706 0.0000000000
49279  -4.151  -25.822  39.662 0.0000000000
49252  -3.742  -25.081  41.677 0.0000000000
48373  -4.507  -26.546  40.177 0.0000000000
47489  -4.923  -27.114  39.749 0.0000000000
47490  -5.427  -27.986  39.180 0.0000000000
45800  -5.657  -30.314  38.479 0.0000000000
108859  -5.255  -31.341  37.984 0.0000000000
121861  -4.214  -31.365  39.497 0.0000000000
44848  -4.262  -31.769  38.976 0.0000000000
121108  -5.059  -32.494  37.126 0.0000000000
42069  -4.957  -33.123  36.766 0.0000000000
41128  -5.058  -34.416  36.745 0.0000000000
39272  -4.843  -36.326  36.556 0.0000000000
61714  -49.517  -11.122  24.618 0.0000000000
57325  -43.269  -16.087  23.718 0.0000000000
58260  -44.267  -15.226  23.451 0.0000000000
58279  -44.607  -14.553  23.041 0.0000000000
60921  -46.674  -13.019  23.395 0.0000000000
60923  -48.237  -11.981  23.978 0.0000000000
39096  -10.576  -35.969  48.997 0.0000000000
38132  -10.024  -37.301  47.417 0.0000000000
39117  -11.418  -36.855  47.328 0.0000000000
39130  -10.795  -36.996  46.624 0.0000000000
38140  -9.333  -37.494  45.545 0.0000000000
37233  -8.254  -37.668  42.721 0.0000000000
41094  -19.490  -34.738  40.416 0.0000000000
40156  -19.120  -35.394  40.803 0.0000000000
110906  -18.187  -36.139  41.480 0.0000000000
40169  -16.633  -35.472  39.376 0.0000000000
40143  -17.378  -36.013  41.072 0.0000000000
39188  -17.400  -36.220  41.984 0.0000000000
113322  -16.928  -36.411  43.441 0.0000000000
111675  -16.122  -36.331  43.670 0.0000000000
102994  -15.619  -36.496  45.393 0.0000000000
108103  -14.458  -36.285  44.050 0.0000000000
39150  -12.547  -36.237  43.426 0.0000000000
108436  -11.936  -36.147  42.894 0.0000000000
39223  -11.894  -35.653  39.939 0.0000000000
108275  -10.866  -35.994  41.071 0.0000000000
39181  -10.593  -36.273  41.737 0.0000000000
38189  -9.127  -36.879  41.226 0.0000000000
53768  -3.356  -20.204  37.356 0.0000000000
52971  -3.145  -22.195  38.004 0.0000000000
52179  -3.477  -22.398  36.945 0.0000000000
52989  -3.664  -21.744  36.511 0.0000000000
103828  -4.220  -22.737  35.150 0.0000000000
52212  -4.269  -23.383  34.527 0.0000000000
51306  -4.552  -23.876  33.342 0.0000000000
47509  -5.873  -26.963  36.374 0.0000000000
47519  -5.939  -26.816  35.208 0.0000000000
48432  -5.168  -26.030  34.573 0.0000000000
118634  -5.602  -28.677  31.920 0.0000000000
48462  -5.883  -26.791  32.319 0.0000000000
48451  -4.747  -25.428  33.605 0.0000000000
49353  -4.519  -24.983  33.042 0.0000000000
108255  -4.691  -24.578  32.724 0.0000000000
50339  -4.953  -24.605  32.208 0.0000000000
49382  -4.828  -25.112  30.443 0.0000000000
114346  -7.745  -34.571  47.074 0.0000000000
41957  -6.276  -34.221  46.520 0.0000000000
41974  -5.873  -33.613  45.986 0.0000000000
40115  -4.563  -35.977  45.543 0.0000000000
106650  -4.992  -34.091  45.970 0.0000000000
42885  -5.585  -32.803  45.504 0.0000000000
42883  -4.292  -32.365  45.137 0.0000000000
44759  -3.882  -30.835  44.731 0.0000000000
44767  -3.531  -30.380  43.757 0.0000000000
42918  -3.327  -31.599  42.331 0.0000000000
102957  -3.397  -32.221  41.340 0.0000000000
120906  -3.564  -33.960  39.852 0.0000000000
40138  -3.526  -35.447  40.865 0.0000000000
41099  -3.601  -34.686  39.705 0.0000000000
115360  -3.718  -34.018  39.410 0.0000000000
40202  -4.100  -35.886  38.312 0.0000000000
39264  -4.412  -36.500  37.250 0.0000000000
38242  -4.346  -37.246  36.606 0.0000000000
34497  -2.317  -42.160  41.558 0.0000000000
32485  -1.414  -43.687  40.243 0.0000000000
34510  -1.813  -41.946  40.696 0.0000000000
104211  -1.534  -41.306  39.901 0.0000000000
35379  -1.550  -40.494  39.215 0.0000000000
36321  -1.694  -39.869  37.774 0.0000000000
102207  -1.555  -41.015  36.890 0.0000000000
36322  -2.176  -39.121  37.615 0.0000000000
37316  -2.823  -39.396  36.258 0.0000000000
37317  -3.513  -38.915  35.874 0.0000000000
37330  -3.973  -39.149  34.555 0.0000000000
37353  -3.527  -39.428  33.216 0.0000000000
36400  -2.493  -39.840  32.127 0.0000000000
117671  -34.096  -25.316  42.130 0.0000000000
116104  -34.065  -24.273  42.975 0.0000000000
49240  -34.064  -25.141  42.762 0.0000000000
48358  -33.720  -26.153  41.580 0.0000000000
49262  -33.903  -25.553  41.782 0.0000000000
48348  -33.760  -26.539  41.873 0.0000000000
47468  -33.448  -26.747  41.437 0.0000000000
48347  -33.832  -26.570  42.501 0.0000000000
50216  -33.730  -24.509  43.447 0.0000000000
62504  -51.257  -10.105  23.957 0.0000000000
63295  -53.265  -9.240  24.394 0.0000000000
120351  -52.750  -9.784  24.813 0.0000000000
62502  -49.570  -10.777  23.808 0.0000000000
62503  -50.432  -10.310  23.620 0.0000000000
63293  -51.048  -9.768  23.353 0.0000000000
118679  -38.616  -17.761  33.024 0.0000000000
56433  -38.007  -17.624  33.343 0.0000000000
56431  -36.508  -17.552  32.926 0.0000000000
56450  -35.815  -17.541  32.136 0.0000000000
115513  -37.196  -17.596  32.514 0.0000000000
55500  -37.423  -17.688  31.996 0.0000000000
39273  -5.266  -36.245  35.709 0.0000000000
39283  -5.534  -36.155  34.652 0.0000000000
37331  -4.628  -38.177  34.529 0.0000000000
36274  -6.741  -39.113  41.311 0.0000000000
56314  -31.269  -17.672  40.693 0.0000000000
45742  -3.420  -29.698  42.720 0.0000000000
121307  -3.486  -29.781  43.322 0.0000000000
56476  -46.070  -17.305  28.007 0.0000000000
56475  -45.338  -17.671  27.837 0.0000000000
55558  -43.826  -18.291  27.489 0.0000000000
55569  -43.375  -18.036  26.750 0.0000000000
56480  -45.102  -17.209  26.977 0.0000000000
39122  -16.312  -36.510  47.288 0.0000000000
39121  -15.494  -36.389  47.168 0.0000000000
39136  -15.949  -36.575  46.395 0.0000000000
42026  -21.762  -33.726  42.314 0.0000000000
41086  -21.040  -34.104  41.957 0.0000000000
51323  -6.350  -23.125  33.109 0.0000000000
48391  -4.437  -26.015  38.198 0.0000000000
103850  -2.574  -32.138  29.866 0.0000000000
41960  -9.358  -34.337  46.824 0.0000000000
35321  -3.052  -40.526  42.398 0.0000000000
35338  -2.612  -40.614  41.483 0.0000000000
52950  -33.206  -22.011  42.016 0.0000000000
112956  -33.078  -21.398  42.213 0.0000000000
53736  -32.698  -20.657  42.272 0.0000000000
44819  -30.510  -30.562  40.078 0.0000000000
43881  -30.970  -30.541  40.587 0.0000000000
64966  -53.188  -7.491  21.417 0.0000000000
64974  -53.999  -7.157  20.911 0.0000000000
54665  -41.536  -19.898  29.671 0.0000000000
54654  -41.189  -19.643  30.494 0.0000000000
54663  -39.706  -19.569  30.141 0.0000000000
118373  -39.776  -20.021  29.526 0.0000000000
53822  -40.991  -20.252  29.049 0.0000000000
53776  -3.584  -19.837  36.633 0.0000000000
53785  -3.897  -20.330  36.091 0.0000000000
43923  -5.425  -31.882  36.413 0.0000000000
41200  -4.035  -34.295  31.681 0.0000000000
106403  -2.873  -34.001  31.049 0.0000000000
103983  -2.798  -35.030  30.950 0.0000000000
37193  -8.878  -37.712  47.138 0.0000000000
37192  -8.327  -37.831  47.352 0.0000000000
37197  -8.320  -38.041  46.720 0.0000000000
34450  -5.544  -40.818  43.821 0.0000000000
56359  -35.144  -16.947  36.028 0.0000000000
118892  -35.816  -17.086  36.186 0.0000000000
57221  -35.492  -16.751  36.732 0.0000000000
50282  -30.550  -24.005  37.202 0.0000000000
56357  -33.371  -16.847  36.047 0.0000000000
56373  -34.953  -17.144  35.332 0.0000000000
42877  -27.071  -32.421  47.081 0.0000000000
42881  -26.451  -32.702  46.479 0.0000000000
122691  -25.567  -32.999  45.010 0.0000000000
42900  -25.615  -32.834  44.680 0.0000000000
43832  -28.498  -31.527  43.683 0.0000000000
44835  -23.570  -30.202  39.598 0.0000000000
43898  -23.178  -30.783  40.258 0.0000000000
43897  -22.413  -31.278  40.154 0.0000000000
104101  -21.902  -30.844  38.849 0.0000000000
109233  -3.969  -28.229  41.784 0.0000000000
116746  -4.305  -27.687  41.301 0.0000000000
42968  -3.698  -32.510  39.626 0.0000000000
42054  -4.207  -32.958  38.624 0.0000000000
101706  -3.916  -33.464  39.054 0.0000000000
60102  -47.794  -13.448  25.584 0.0000000000
104811  -48.868  -12.446  26.234 0.0000000000
101866  -48.365  -13.247  26.331 0.0000000000
59185  -47.211  -14.157  25.596 0.0000000000
59184  -46.543  -14.646  25.209 0.0000000000
108298  -11.137  -36.576  44.292 0.0000000000
38154  -10.142  -36.712  43.380 0.0000000000
116582  -10.512  -36.478  42.654 0.0000000000
40210  -16.975  -34.993  37.960 0.0000000000
40153  -14.485  -35.532  40.369 0.0000000000
40139  -14.008  -35.565  40.892 0.0000000000
52960  -2.650  -21.669  39.574 0.0000000000
49330  -3.935  -24.627  34.912 0.0000000000
50313  -3.976  -24.231  34.403 0.0000000000
118558  -4.082  -24.493  34.268 0.0000000000
44942  -5.971  -30.396  33.033 0.0000000000
45871  -6.657  -29.583  33.134 0.0000000000
119281  -5.653  -29.644  32.370 0.0000000000
46723  -3.389  -27.222  30.202 0.0000000000
47585  -3.677  -26.476  30.054 0.0000000000
47594  -3.548  -26.886  29.469 0.0000000000
43807  -5.804  -31.907  45.163 0.0000000000
38134  -5.522  -37.329  46.553 0.0000000000
39115  -5.502  -36.372  46.564 0.0000000000
119234  -5.108  -36.857  46.189 0.0000000000
40123  -3.616  -35.941  43.565 0.0000000000
110651  -3.785  -35.493  44.114 0.0000000000
41071  -3.611  -34.881  43.384 0.0000000000
105861  -3.583  -33.760  43.388 0.0000000000
38223  -2.704  -37.930  38.683 0.0000000000
38232  -2.825  -38.044  37.916 0.0000000000
116548  -2.548  -38.601  37.614 0.0000000000
105735  -0.462  -45.314  37.443 0.0000000000
121329  -0.364  -44.868  38.697 0.0000000000
31582  -0.444  -44.484  37.954 0.0000000000
101914  -33.652  -22.823  42.425 0.0000000000
48386  -32.576  -27.689  39.143 0.0000000000
48378  -32.803  -26.926  40.053 0.0000000000
50234  -33.853  -24.359  41.797 0.0000000000
51206  -33.792  -23.524  42.067 0.0000000000
111609  -32.046  -29.989  39.665 0.0000000000
120201  -32.712  -29.266  40.128 0.0000000000
109309  -33.004  -27.136  40.575 0.0000000000
46639  -32.908  -28.300  39.823 0.0000000000
46646  -32.653  -28.304  39.031 0.0000000000
46622  -33.405  -28.100  41.777 0.0000000000
45752  -33.234  -28.902  42.040 0.0000000000
44802  -32.374  -29.800  41.078 0.0000000000
64130  -54.040  -8.098  23.289 0.0000000000
60936  -46.321  -12.652  22.715 0.0000000000
62521  -48.566  -10.539  22.590 0.0000000000
62520  -47.795  -10.797  22.310 0.0000000000
62527  -48.206  -10.183  21.882 0.0000000000
63316  -48.580  -9.575  21.486 0.0000000000
63313  -51.584  -9.275  23.066 0.0000000000
64128  -52.194  -8.658  22.672 0.0000000000
54645  -40.167  -19.237  31.401 0.0000000000
55470  -40.126  -18.053  33.471 0.0000000000
55487  -40.694  -18.409  32.886 0.0000000000
55471  -41.059  -18.036  33.692 0.0000000000
56461  -35.289  -17.569  30.557 0.0000000000
117215  -34.675  -17.505  30.848 0.0000000000
116421  -35.967  -17.900  29.367 0.0000000000
102205  -38.144  -18.202  31.057 0.0000000000
55517  -37.717  -18.223  30.333 0.0000000000
55519  -38.881  -18.655  31.022 0.0000000000
54651  -39.026  -19.018  30.265 0.0000000000
42079  -5.296  -33.183  35.657 0.0000000000
41164  -5.413  -33.581  35.187 0.0000000000
40280  -5.561  -34.995  33.168 0.0000000000
41165  -5.545  -34.214  33.629 0.0000000000
39321  -3.321  -36.302  31.415 0.0000000000
39305  -4.467  -36.423  32.033 0.0000000000
38298  -3.888  -38.079  32.430 0.0000000000
112979  -2.393  -39.113  31.562 0.0000000000
37208  -7.554  -38.719  44.749 0.0000000000
52967  -30.928  -21.589  39.258 0.0000000000
53756  -30.740  -20.896  39.667 0.0000000000
55415  -30.257  -18.490  39.412 0.0000000000
54580  -29.864  -19.237  39.140 0.0000000000
115000  -29.668  -18.935  38.347 0.0000000000
54589  -29.558  -19.766  38.007 0.0000000000
55431  -29.975  -18.143  37.897 0.0000000000
56332  -30.596  -17.615  38.279 0.0000000000
121920  -32.816  -16.474  38.921 0.0000000000
57200  -31.899  -16.819  38.002 0.0000000000
44752  -28.150  -31.177  48.231 0.0000000000
43798  -28.444  -31.589  47.230 0.0000000000
44838  -26.994  -29.909  40.256 0.0000000000
45768  -26.228  -29.795  40.334 0.0000000000
121070  -53.128  -7.867  18.221 0.0000000000
64157  -52.893  -8.516  17.400 0.0000000000
64991  -54.212  -8.287  17.603 0.0000000000
64993  -55.856  -7.426  16.807 0.0000000000
64167  -55.401  -8.208  16.394 0.0000000000
65002  -55.545  -7.741  16.213 0.0000000000
64190  -55.289  -8.299  15.824 0.0000000000
65911  -55.229  -6.948  16.006 0.0000000000
66743  -55.618  -6.243  16.642 0.0000000000
45757  -3.537  -29.791  41.758 0.0000000000
42938  -3.464  -31.725  41.062 0.0000000000
58244  -46.501  -15.618  26.422 0.0000000000
59162  -47.807  -14.733  27.206 0.0000000000
58234  -46.869  -15.882  27.230 0.0000000000
54705  -40.884  -19.033  26.098 0.0000000000
55580  -42.234  -17.965  25.867 0.0000000000
56484  -42.032  -17.666  25.256 0.0000000000
56492  -43.136  -16.972  24.847 0.0000000000
56485  -43.471  -17.254  25.528 0.0000000000
57300  -45.505  -16.629  26.596 0.0000000000
122618  -45.301  -16.459  26.095 0.0000000000
58243  -45.758  -16.072  26.016 0.0000000000
39134  -14.183  -36.454  45.912 0.0000000000
39119  -13.706  -36.391  46.810 0.0000000000
120767  -13.096  -36.451  44.971 0.0000000000
102997  -12.528  -36.493  45.090 0.0000000000
117197  -12.914  -36.378  44.364 0.0000000000
40184  -13.147  -35.350  38.614 0.0000000000
40206  -12.849  -35.232  37.791 0.0000000000
103135  -3.252  -24.038  38.946 0.0000000000
48400  -4.399  -25.816  37.182 0.0000000000
49291  -3.754  -24.947  37.789 0.0000000000
49316  -3.994  -25.290  36.509 0.0000000000
44952  -2.616  -30.696  31.171 0.0000000000
44953  -3.160  -30.373  31.461 0.0000000000
110878  -2.443  -29.493  30.167 0.0000000000
45906  -2.509  -29.418  29.876 0.0000000000
46733  -2.544  -28.749  29.825 0.0000000000
116673  -2.668  -28.793  29.656 0.0000000000
112249  -2.809  -29.401  29.581 0.0000000000
41994  -8.375  -33.789  44.768 0.0000000000
41976  -7.351  -33.497  45.057 0.0000000000
42895  -6.838  -32.705  44.518 0.0000000000
119775  -4.368  -38.969  44.565 0.0000000000
38151  -3.934  -38.032  43.429 0.0000000000
103138  -3.713  -38.122  42.911 0.0000000000
104151  -3.684  -37.462  43.019 0.0000000000
38168  -3.483  -37.624  42.285 0.0000000000
37249  -2.927  -38.923  40.732 0.0000000000
37255  -2.585  -38.682  39.857 0.0000000000
36288  -1.887  -39.716  39.325 0.0000000000
49322  -30.940  -25.823  37.211 0.0000000000
118148  -32.388  -25.292  39.816 0.0000000000
49297  -32.086  -25.906  39.194 0.0000000000
52141  -32.357  -22.794  40.470 0.0000000000
51228  -31.764  -22.926  39.560 0.0000000000
116423  -31.849  -22.426  40.005 0.0000000000
52979  -31.345  -22.261  39.338 0.0000000000
52958  -31.921  -21.660  40.788 0.0000000000
116590  -31.536  -30.313  38.171 0.0000000000
44765  -30.900  -30.523  45.185 0.0000000000
43823  -30.472  -31.078  44.463 0.0000000000
45745  -32.605  -29.603  43.453 0.0000000000
43864  -30.617  -30.718  41.288 0.0000000000
43835  -31.010  -30.985  42.763 0.0000000000
43848  -30.397  -31.017  42.137 0.0000000000
43847  -29.549  -31.113  42.447 0.0000000000
43863  -29.812  -30.855  41.558 0.0000000000
44799  -28.447  -30.574  41.390 0.0000000000
44817  -28.668  -30.390  40.654 0.0000000000
103491  -27.459  -29.893  39.459 0.0000000000
66719  -56.373  -5.973  20.152 0.0000000000
64132  -49.707  -8.765  21.289 0.0000000000
118751  -49.291  -8.542  20.684 0.0000000000
101573  -49.929  -8.172  20.546 0.0000000000
64972  -51.833  -7.412  20.190 0.0000000000
64971  -51.085  -7.529  19.932 0.0000000000
64979  -51.622  -7.450  19.368 0.0000000000
102426  -52.310  -7.560  18.808 0.0000000000
65888  -54.946  -6.963  20.333 0.0000000000
64981  -54.438  -7.214  19.398 0.0000000000
65884  -56.200  -6.304  19.454 0.0000000000
54675  -43.101  -19.027  28.511 0.0000000000
106855  -44.580  -18.546  28.968 0.0000000000
108700  -43.655  -18.895  29.185 0.0000000000
55522  -44.526  -18.638  31.017 0.0000000000
55505  -42.305  -18.921  31.998 0.0000000000
55546  -36.996  -18.648  28.549 0.0000000000
54680  -36.373  -18.720  27.873 0.0000000000
53827  -38.934  -20.467  28.114 0.0000000000
53837  -38.569  -20.713  27.293 0.0000000000
54682  -41.751  -19.845  28.105 0.0000000000
54683  -42.519  -19.187  27.858 0.0000000000
42063  -18.512  -33.690  37.401 0.0000000000
53798  -4.664  -20.419  35.288 0.0000000000
53013  -4.812  -21.298  35.196 0.0000000000
46665  -6.564  -28.486  37.120 0.0000000000
44901  -5.838  -31.456  35.536 0.0000000000
44902  -6.494  -30.646  35.592 0.0000000000
44915  -6.300  -30.939  34.709 0.0000000000
44929  -6.536  -30.468  33.839 0.0000000000
120278  -6.077  -31.123  34.122 0.0000000000
42090  -5.366  -33.076  34.236 0.0000000000
43005  -5.236  -32.596  33.598 0.0000000000
42111  -4.061  -32.750  32.194 0.0000000000
43951  -4.681  -31.570  32.806 0.0000000000
43949  -3.243  -31.711  31.879 0.0000000000
106641  -3.079  -32.006  31.767 0.0000000000
42122  -2.570  -33.679  30.705 0.0000000000
43028  -2.506  -32.748  30.901 0.0000000000
40093  -8.913  -35.123  48.880 0.0000000000
39094  -8.754  -36.028  48.944 0.0000000000
106738  -7.312  -37.820  47.489 0.0000000000
38126  -7.735  -37.214  48.026 0.0000000000
38129  -6.476  -37.414  47.144 0.0000000000
35281  -5.695  -39.935  45.009 0.0000000000
36221  -5.326  -39.472  45.490 0.0000000000
36214  -5.619  -38.957  46.145 0.0000000000
36220  -4.678  -39.119  45.122 0.0000000000
111009  -3.996  -41.602  43.546 0.0000000000
35306  -4.104  -40.916  43.697 0.0000000000
34466  -3.603  -41.251  43.297 0.0000000000
103407  -36.159  -17.536  33.950 0.0000000000
56391  -37.115  -17.577  34.299 0.0000000000
56390  -36.461  -17.520  34.892 0.0000000000
52187  -30.343  -22.293  37.056 0.0000000000
53012  -29.923  -22.048  36.214 0.0000000000
56370  -31.825  -17.173  35.340 0.0000000000
56385  -31.689  -17.303  34.417 0.0000000000
102052  -32.276  -17.327  33.770 0.0000000000
42021  -24.376  -33.504  44.153 0.0000000000
42005  -23.927  -34.139  44.469 0.0000000000
42020  -23.693  -33.641  43.786 0.0000000000
43811  -28.331  -31.633  45.433 0.0000000000
103872  -27.793  -31.896  45.078 0.0000000000
43810  -27.720  -31.938  45.711 0.0000000000
42902  -27.064  -32.016  44.332 0.0000000000
44783  -26.519  -31.020  42.457 0.0000000000
44796  -25.931  -30.815  41.986 0.0000000000
44782  -25.880  -31.264  42.556 0.0000000000
43843  -25.470  -31.698  42.967 0.0000000000
43829  -25.738  -32.086  43.660 0.0000000000
105596  -24.804  -31.839  42.735 0.0000000000
42933  -24.929  -32.339  43.415 0.0000000000
42950  -22.414  -32.259  41.470 0.0000000000
42962  -21.412  -32.427  40.390 0.0000000000
42049  -20.756  -32.850  40.076 0.0000000000
42970  -21.148  -32.215  39.623 0.0000000000
43917  -20.458  -31.666  37.485 0.0000000000
43910  -20.693  -31.798  38.138 0.0000000000
107703  -53.658  -5.586  16.524 0.0000000000
110652  -53.387  -6.240  16.250 0.0000000000
67515  -53.169  -4.874  16.834 0.0000000000
68300  -50.976  -3.217  17.167 0.0000000000
69153  -51.448  -2.574  17.342 0.0000000000
49278  -3.879  -25.258  39.212 0.0000000000
102651  -3.829  -25.285  40.079 0.0000000000
48363  -3.924  -25.801  41.395 0.0000000000
49268  -4.107  -25.985  40.621 0.0000000000
45787  -5.214  -29.950  39.443 0.0000000000
117685  -3.786  -30.810  40.622 0.0000000000
45774  -4.167  -30.253  40.509 0.0000000000
44826  -4.028  -31.077  40.075 0.0000000000
103295  -4.523  -32.149  38.371 0.0000000000
108628  -4.801  -32.412  37.825 0.0000000000
42983  -4.804  -32.735  37.524 0.0000000000
108342  -4.867  -33.682  37.061 0.0000000000
40247  -5.182  -35.326  36.265 0.0000000000
40225  -4.819  -35.439  37.117 0.0000000000
61703  -50.273  -10.907  25.226 0.0000000000
56392  -38.889  -17.542  34.671 0.0000000000
57310  -43.667  -16.410  24.399 0.0000000000
57326  -43.960  -15.818  23.871 0.0000000000
59194  -45.646  -14.675  24.135 0.0000000000
58261  -44.997  -14.942  23.734 0.0000000000
59203  -45.525  -14.245  23.470 0.0000000000
60138  -45.928  -13.451  23.083 0.0000000000
59204  -46.318  -13.785  23.799 0.0000000000
60903  -48.006  -12.586  24.560 0.0000000000
61713  -48.786  -11.893  24.801 0.0000000000
39102  -10.162  -36.974  48.261 0.0000000000
39116  -10.655  -37.129  47.441 0.0000000000
105388  -12.303  -36.598  47.190 0.0000000000
122045  -12.691  -36.359  48.058 0.0000000000
39143  -10.622  -36.795  45.094 0.0000000000
38141  -10.151  -37.100  45.899 0.0000000000
109582  -9.606  -37.454  46.282 0.0000000000
38143  -8.707  -37.685  44.988 0.0000000000
38144  -9.408  -37.262  44.609 0.0000000000
38169  -8.928  -37.180  43.231 0.0000000000
38188  -8.489  -37.408  41.692 0.0000000000
107339  -7.909  -37.934  41.944 0.0000000000
41101  -19.242  -34.512  39.662 0.0000000000
40171  -18.087  -35.458  39.644 0.0000000000
41093  -18.830  -35.183  40.040 0.0000000000
119112  -18.265  -35.767  40.584 0.0000000000
111594  -18.796  -35.857  41.234 0.0000000000
40187  -16.462  -35.245  38.603 0.0000000000
40168  -15.753  -35.378  39.223 0.0000000000
40141  -15.667  -35.764  41.156 0.0000000000
40142  -16.568  -35.825  40.820 0.0000000000
39168  -17.482  -36.375  42.893 0.0000000000
39167  -16.556  -36.224  42.638 0.0000000000
39165  -15.015  -36.001  42.565 0.0000000000
108101  -16.221  -36.485  44.789 0.0000000000
108102  -15.382  -36.378  44.373 0.0000000000
104568  -13.186  -35.800  42.021 0.0000000000
110621  -13.298  -36.027  42.830 0.0000000000
39163  -12.503  -35.985  42.515 0.0000000000
39162  -11.762  -36.022  42.257 0.0000000000
40164  -11.577  -35.618  39.036 0.0000000000
39202  -10.613  -35.989  40.462 0.0000000000
111159  -10.358  -36.226  41.075 0.0000000000
39180  -9.846  -36.555  41.513 0.0000000000
106735  -2.853  -19.722  38.995 0.0000000000
54591  -3.170  -19.596  38.118 0.0000000000
53767  -3.154  -20.526  38.079 0.0000000000
51246  -3.372  -23.828  37.827 0.0000000000
111304  -2.864  -22.150  38.884 0.0000000000
52164  -3.342  -23.062  37.474 0.0000000000
121420  -3.670  -22.390  36.316 0.0000000000
52196  -3.886  -22.361  35.786 0.0000000000
52211  -3.915  -23.289  35.232 0.0000000000
51288  -4.196  -23.970  33.938 0.0000000000
52224  -4.498  -23.618  33.877 0.0000000000
50326  -4.422  -24.197  33.345 0.0000000000
47510  -6.514  -27.805  36.515 0.0000000000
47520  -6.563  -27.588  35.631 0.0000000000
110948  -6.545  -27.419  34.780 0.0000000000
48433  -6.187  -26.853  34.179 0.0000000000
48452  -5.604  -26.327  33.373 0.0000000000
48461  -5.101  -25.748  32.556 0.0000000000
49359  -4.860  -25.154  32.041 0.0000000000
105263  -4.868  -24.918  31.712 0.0000000000
50354  -4.916  -24.804  31.316 0.0000000000
44760  -4.557  -30.366  45.080 0.0000000000
41049  -8.141  -34.755  47.924 0.0000000000
117383  -7.293  -34.739  47.416 0.0000000000
113170  -6.260  -34.725  46.789 0.0000000000
41048  -6.711  -34.643  46.945 0.0000000000
41975  -6.397  -33.756  46.035 0.0000000000
41046  -5.683  -34.275  46.345 0.0000000000
38137  -4.439  -36.878  45.250 0.0000000000
39129  -4.756  -36.312  45.824 0.0000000000
41059  -4.334  -34.340  45.268 0.0000000000
41060  -4.748  -35.066  45.790 0.0000000000
41973  -5.436  -33.519  45.870 0.0000000000
122345  -5.093  -33.423  45.759 0.0000000000
42884  -5.052  -32.677  45.550 0.0000000000
42903  -3.501  -32.719  43.343 0.0000000000
42893  -3.684  -32.288  44.330 0.0000000000
43814  -3.522  -31.323  44.000 0.0000000000
43824  -3.361  -31.054  42.933 0.0000000000
42032  -3.459  -32.990  40.960 0.0000000000
42039  -3.493  -32.604  40.228 0.0000000000
102418  -3.495  -33.580  40.363 0.0000000000
114581  -3.470  -36.457  40.610 0.0000000000
39219  -3.553  -36.475  39.019 0.0000000000
40150  -3.512  -35.499  40.088 0.0000000000
40163  -3.639  -35.547  39.442 0.0000000000
106219  -3.744  -34.780  39.271 0.0000000000
41107  -3.949  -34.359  38.924 0.0000000000
39253  -3.981  -36.633  37.830 0.0000000000
39263  -3.865  -37.402  37.229 0.0000000000
38252  -3.767  -38.100  36.486 0.0000000000
32472  -1.904  -43.270  40.975 0.0000000000
32497  -0.737  -43.697  39.167 0.0000000000
31556  -0.997  -44.212  39.594 0.0000000000
33543  -1.124  -43.327  39.665 0.0000000000
33534  -1.492  -42.801  40.321 0.0000000000
122144  -1.425  -42.133  40.007 0.0000000000
121736  -1.245  -41.889  39.563 0.0000000000
34533  -1.039  -41.486  38.351 0.0000000000
101774  -1.258  -41.296  39.104 0.0000000000
109593  -1.375  -40.582  38.436 0.0000000000
35415  -1.373  -40.748  37.676 0.0000000000
116961  -1.713  -40.298  37.157 0.0000000000
36339  -2.154  -39.668  36.948 0.0000000000
35430  -2.424  -40.014  36.204 0.0000000000
36356  -2.844  -40.149  35.414 0.0000000000
36357  -3.357  -39.676  35.124 0.0000000000
37318  -4.078  -38.466  35.535 0.0000000000
51196  -34.013  -24.030  42.299 0.0000000000
50225  -33.983  -23.738  42.882 0.0000000000
48369  -33.214  -26.396  40.864 0.0000000000
48370  -33.631  -25.905  41.380 0.0000000000
114743  -33.315  -27.952  41.219 0.0000000000
118485  -33.131  -28.315  40.609 0.0000000000
47476  -33.226  -27.392  40.987 0.0000000000
47454  -33.628  -27.158  42.949 0.0000000000
49228  -33.566  -25.621  43.587 0.0000000000
64112  -52.428  -9.146  23.484 0.0000000000
61734  -48.356  -11.427  23.521 0.0000000000
61733  -47.788  -11.835  23.311 0.0000000000
62501  -48.801  -10.871  23.334 0.0000000000
63311  -49.638  -9.691  22.390 0.0000000000
63312  -50.266  -9.774  22.859 0.0000000000
55501  -38.596  -18.174  31.725 0.0000000000
122322  -39.639  -18.517  32.245 0.0000000000
55485  -39.069  -18.118  32.430 0.0000000000
55469  -39.306  -17.911  33.217 0.0000000000
56410  -39.563  -17.755  34.032 0.0000000000
56429  -34.870  -17.523  32.213 0.0000000000
56462  -36.138  -17.612  31.097 0.0000000000
55516  -36.819  -17.839  30.300 0.0000000000
115852  -37.902  -17.868  31.701 0.0000000000
41145  -5.553  -34.257  34.751 0.0000000000
39293  -5.528  -35.962  33.484 0.0000000000
109665  -5.160  -36.567  32.777 0.0000000000
37354  -4.119  -38.758  33.287 0.0000000000
37232  -7.447  -38.435  42.581 0.0000000000
54571  -30.610  -19.562  40.474 0.0000000000
121957  -30.573  -18.902  40.419 0.0000000000
55407  -30.656  -18.229  40.089 0.0000000000
56322  -30.626  -17.775  39.161 0.0000000000
57174  -31.807  -16.822  39.379 0.0000000000
57175  -32.612  -16.517  39.527 0.0000000000
46578  -28.547  -29.100  48.372 0.0000000000
114022  -25.644  -29.374  39.091 0.0000000000
64982  -55.258  -7.311  18.653 0.0000000000
108231  -55.003  -7.790  17.963 0.0000000000
64989  -55.847  -7.290  17.715 0.0000000000
120337  -56.264  -6.984  17.209 0.0000000000
67502  -55.915  -4.250  17.946 0.0000000000
45747  -3.449  -29.715  42.155 0.0000000000
44779  -3.375  -30.380  42.095 0.0000000000
43836  -3.318  -30.989  42.142 0.0000000000
57295  -46.571  -16.644  27.753 0.0000000000
57289  -47.098  -16.666  28.384 0.0000000000
54693  -42.163  -18.926  27.080 0.0000000000
55568  -42.580  -18.293  26.571 0.0000000000
55581  -43.022  -17.722  26.065 0.0000000000
56479  -44.458  -17.360  26.544 0.0000000000
39106  -14.974  -36.031  47.852 0.0000000000
41073  -22.531  -34.553  43.831 0.0000000000
52213  -5.437  -22.466  34.346 0.0000000000
52214  -6.237  -22.426  33.880 0.0000000000
117902  -3.917  -25.251  38.406 0.0000000000
48401  -4.992  -26.296  36.774 0.0000000000
43965  -2.366  -31.503  30.500 0.0000000000
43977  -2.489  -31.260  30.067 0.0000000000
111489  -7.969  -33.979  45.638 0.0000000000
36242  -3.766  -39.774  43.403 0.0000000000
36253  -3.408  -39.579  42.637 0.0000000000
36263  -2.799  -39.716  41.099 0.0000000000
102389  -2.339  -40.242  40.659 0.0000000000
51215  -32.968  -23.264  40.993 0.0000000000
50260  -32.445  -24.412  40.013 0.0000000000
52132  -32.897  -22.549  41.326 0.0000000000
52959  -32.605  -21.939  41.337 0.0000000000
53747  -32.403  -21.274  41.550 0.0000000000
46653  -32.507  -29.019  38.180 0.0000000000
44787  -32.386  -30.042  41.995 0.0000000000
44786  -31.720  -30.528  42.421 0.0000000000
43865  -31.252  -30.498  41.098 0.0000000000
43880  -30.140  -30.654  40.784 0.0000000000
64141  -51.227  -7.936  21.094 0.0000000000
64965  -52.026  -7.644  21.076 0.0000000000
54667  -42.920  -19.266  29.085 0.0000000000
54656  -43.012  -19.192  29.753 0.0000000000
108364  -43.070  -19.104  30.478 0.0000000000
55521  -43.583  -18.869  31.082 0.0000000000
54672  -39.370  -20.195  28.900 0.0000000000
53828  -39.782  -20.564  28.234 0.0000000000
53829  -40.583  -20.442  28.352 0.0000000000
54673  -41.758  -19.995  28.892 0.0000000000
42984  -19.505  -32.586  37.459 0.0000000000
53786  -4.241  -19.930  35.594 0.0000000000
52197  -4.331  -21.878  35.464 0.0000000000
44867  -6.062  -30.564  37.363 0.0000000000
107147  -5.947  -31.133  36.424 0.0000000000
43020  -3.268  -32.546  31.755 0.0000000000
40312  -2.215  -35.269  30.093 0.0000000000
102933  -2.120  -36.177  30.020 0.0000000000
38128  -9.204  -36.960  48.456 0.0000000000
38130  -8.715  -37.502  47.822 0.0000000000
107405  -8.043  -37.688  47.778 0.0000000000
36212  -7.178  -38.380  46.768 0.0000000000
121262  -6.074  -40.402  44.055 0.0000000000
36232  -6.360  -39.818  45.091 0.0000000000
35292  -5.301  -40.462  44.404 0.0000000000
35291  -4.590  -40.544  44.204 0.0000000000
34449  -4.980  -41.003  43.927 0.0000000000
33492  -4.294  -41.988  43.343 0.0000000000
56374  -36.095  -17.368  35.575 0.0000000000
53784  -29.852  -21.168  36.922 0.0000000000
56356  -32.243  -16.975  36.276 0.0000000000
56387  -33.886  -17.265  34.419 0.0000000000
104297  -34.332  -17.139  35.095 0.0000000000
41991  -25.315  -33.350  45.232 0.0000000000
42915  -24.782  -32.956  43.929 0.0000000000
44764  -30.024  -30.959  45.684 0.0000000000
43812  -29.124  -31.367  45.187 0.0000000000
43821  -28.306  -31.692  44.615 0.0000000000
43831  -27.687  -31.726  43.985 0.0000000000
44813  -24.674  -30.286  40.769 0.0000000000
44795  -25.317  -30.606  41.489 0.0000000000
43860  -24.457  -30.994  41.569 0.0000000000
109781  -23.634  -31.480  41.655 0.0000000000
43878  -22.880  -31.456  41.035 0.0000000000
42971  -21.728  -31.737  39.948 0.0000000000
43896  -21.484  -31.547  39.206 0.0000000000
43911  -21.287  -31.312  38.434 0.0000000000
63358  -53.774  -9.588  15.740 0.0000000000
48349  -4.037  -26.361  41.788 0.0000000000
115636  -4.167  -26.414  41.284 0.0000000000
45775  -4.720  -29.835  40.098 0.0000000000
43887  -3.913  -31.717  39.670 0.0000000000
121146  -4.468  -32.872  38.203 0.0000000000
60891  -49.009  -12.065  25.634 0.0000000000
120988  -49.250  -12.298  26.700 0.0000000000
58248  -45.492  -15.649  25.183 0.0000000000
58251  -44.605  -15.532  24.096 0.0000000000
58253  -45.930  -15.017  24.795 0.0000000000
59195  -46.301  -14.329  24.442 0.0000000000
60116  -46.862  -13.731  24.405 0.0000000000
104969  -47.328  -13.640  24.960 0.0000000000
122260  -47.789  -13.123  24.971 0.0000000000
39097  -11.590  -35.950  48.778 0.0000000000
39131  -11.538  -36.707  46.396 0.0000000000
41100  -18.605  -34.915  39.261 0.0000000000
40170  -17.374  -35.448  39.243 0.0000000000
40186  -14.858  -35.315  39.041 0.0000000000
104490  -15.093  -35.491  39.820 0.0000000000
40154  -15.195  -35.604  40.515 0.0000000000
39186  -15.735  -35.940  42.110 0.0000000000
39185  -14.921  -35.790  41.803 0.0000000000
107679  -14.399  -35.856  42.272 0.0000000000
39151  -14.231  -36.055  43.015 0.0000000000
39241  -10.815  -35.796  39.142 0.0000000000
39239  -9.610  -36.296  39.144 0.0000000000
39220  -9.523  -36.438  39.839 0.0000000000
52970  -2.942  -21.288  38.599 0.0000000000
50290  -3.630  -24.391  36.108 0.0000000000
51258  -3.521  -23.713  36.672 0.0000000000
51269  -3.672  -23.814  35.556 0.0000000000
50314  -4.210  -24.264  33.827 0.0000000000
45834  -7.282  -29.138  34.916 0.0000000000
46684  -7.029  -28.180  34.920 0.0000000000
115878  -7.256  -28.680  34.214 0.0000000000
46688  -7.056  -28.691  33.429 0.0000000000
47544  -6.787  -27.901  33.127 0.0000000000
46709  -3.417  -28.269  30.614 0.0000000000
108338  -4.490  -27.629  30.891 0.0000000000
102498  -4.342  -25.903  30.474 0.0000000000
49381  -4.516  -25.545  30.380 0.0000000000
104862  -6.471  -35.853  47.346 0.0000000000
41027  -6.807  -34.904  47.407 0.0000000000
107833  -5.951  -35.872  46.894 0.0000000000
40110  -5.562  -35.670  46.588 0.0000000000
40119  -3.886  -36.248  44.326 0.0000000000
40114  -4.235  -36.381  44.921 0.0000000000
42007  -3.428  -32.931  42.510 0.0000000000
121557  -3.366  -32.201  42.570 0.0000000000
41083  -3.522  -34.074  41.585 0.0000000000
38214  -3.183  -37.257  39.228 0.0000000000
39237  -3.722  -36.608  38.401 0.0000000000
120220  -3.092  -38.029  37.558 0.0000000000
33542  -0.867  -42.828  39.167 0.0000000000
33554  -0.646  -43.044  38.488 0.0000000000
34539  -0.831  -42.177  37.956 0.0000000000
35442  -2.401  -40.588  35.666 0.0000000000
47505  -32.270  -28.261  37.853 0.0000000000
47494  -32.258  -27.658  38.364 0.0000000000
49286  -32.609  -26.096  39.929 0.0000000000
50261  -32.881  -25.208  40.569 0.0000000000
49275  -33.253  -25.562  40.911 0.0000000000
50246  -33.452  -24.717  41.261 0.0000000000
52133  -33.408  -23.056  41.716 0.0000000000
117503  -31.345  -30.405  39.861 0.0000000000
44844  -32.244  -29.718  38.896 0.0000000000
45770  -32.886  -28.886  40.002 0.0000000000
45782  -32.712  -28.797  39.279 0.0000000000
45795  -32.530  -29.191  38.780 0.0000000000
46609  -32.909  -28.786  43.635 0.0000000000
46610  -33.356  -27.886  43.172 0.0000000000
45746  -32.986  -29.064  42.809 0.0000000000
45751  -32.795  -29.578  42.472 0.0000000000
44820  -31.758  -30.200  40.547 0.0000000000
64955  -53.681  -7.737  22.338 0.0000000000
64968  -55.583  -6.900  22.383 0.0000000000
64956  -54.937  -7.462  22.929 0.0000000000
61750  -47.416  -11.491  22.673 0.0000000000
61756  -47.019  -11.049  22.063 0.0000000000
61755  -46.295  -11.401  21.751 0.0000000000
62525  -46.669  -10.650  21.402 0.0000000000
63323  -48.234  -9.186  20.767 0.0000000000
63318  -50.219  -9.203  22.101 0.0000000000
64134  -51.608  -8.283  21.750 0.0000000000
54653  -40.326  -19.560  30.668 0.0000000000
54646  -40.819  -19.416  31.118 0.0000000000
55503  -40.826  -19.196  31.671 0.0000000000
55504  -41.336  -18.866  32.274 0.0000000000
56449  -34.375  -17.507  31.442 0.0000000000
56460  -34.010  -17.537  30.715 0.0000000000
55532  -34.545  -17.687  29.266 0.0000000000
111867  -35.364  -17.886  28.887 0.0000000000
102790  -36.571  -18.207  29.133 0.0000000000
54662  -38.306  -18.791  29.626 0.0000000000
117600  -3.333  -18.920  37.539 0.0000000000
41182  -5.302  -33.500  33.184 0.0000000000
40301  -3.382  -35.167  31.305 0.0000000000
40300  -2.714  -35.830  30.968 0.0000000000
38318  -2.606  -37.385  31.308 0.0000000000
38296  -2.302  -38.295  31.265 0.0000000000
38139  -8.649  -37.946  45.700 0.0000000000
37200  -8.261  -38.320  46.032 0.0000000000
37209  -8.101  -38.231  45.313 0.0000000000
36255  -6.826  -39.150  43.250 0.0000000000
36243  -6.417  -39.941  43.764 0.0000000000
35307  -6.001  -40.590  43.406 0.0000000000
57204  -35.109  -16.544  37.300 0.0000000000
57203  -34.556  -16.412  37.879 0.0000000000
52171  -30.738  -22.464  37.976 0.0000000000
51252  -30.657  -23.045  37.529 0.0000000000
113868  -30.421  -21.485  38.232 0.0000000000
54581  -30.204  -20.085  39.694 0.0000000000
53765  -29.891  -20.720  38.202 0.0000000000
118808  -30.009  -21.183  37.619 0.0000000000
53775  -29.643  -20.518  37.389 0.0000000000
54599  -29.433  -19.621  37.018 0.0000000000
55441  -29.514  -18.706  36.564 0.0000000000
56342  -29.893  -18.029  36.990 0.0000000000
56344  -31.265  -17.150  37.747 0.0000000000
57217  -32.055  -16.852  37.239 0.0000000000
43797  -27.639  -31.911  47.671 0.0000000000
42882  -27.121  -32.318  46.057 0.0000000000
44785  -28.100  -30.852  42.175 0.0000000000
44797  -26.746  -30.488  41.706 0.0000000000
44814  -25.681  -30.065  40.878 0.0000000000
44837  -25.420  -29.644  39.983 0.0000000000
44855  -22.528  -30.253  38.478 0.0000000000
64178  -53.300  -9.191  16.556 0.0000000000
64166  -54.832  -8.662  16.700 0.0000000000
64179  -54.387  -9.201  16.219 0.0000000000
64189  -54.909  -8.816  15.342 0.0000000000
65000  -54.879  -7.579  15.592 0.0000000000
66742  -54.542  -6.174  16.317 0.0000000000
66729  -55.476  -5.241  17.178 0.0000000000
46636  -4.034  -29.534  40.991 0.0000000000
46635  -3.771  -29.418  41.498 0.0000000000
44806  -3.590  -30.824  41.052 0.0000000000
43886  -3.646  -31.826  40.130 0.0000000000
117449  -3.573  -32.175  39.985 0.0000000000
59174  -47.478  -14.472  26.442 0.0000000000
59175  -48.113  -14.031  26.826 0.0000000000
58235  -47.520  -15.437  27.558 0.0000000000
55578  -40.342  -18.588  25.332 0.0000000000
56491  -42.323  -17.211  24.723 0.0000000000
57311  -44.323  -16.417  24.956 0.0000000000
56486  -44.269  -16.949  25.708 0.0000000000
59173  -46.791  -14.869  26.022 0.0000000000
39104  -13.189  -36.374  47.565 0.0000000000
39149  -11.625  -36.372  43.512 0.0000000000
41118  -15.876  -34.619  37.153 0.0000000000
40231  -15.078  -34.668  37.067 0.0000000000
40208  -14.770  -34.918  37.757 0.0000000000
107810  -14.583  -35.135  38.389 0.0000000000
40185  -14.009  -35.275  38.849 0.0000000000
40166  -13.393  -35.437  39.464 0.0000000000
40151  -12.788  -35.552  40.144 0.0000000000
40183  -12.277  -35.424  38.434 0.0000000000
52147  -2.747  -22.558  39.572 0.0000000000
49331  -4.066  -25.130  35.547 0.0000000000
44940  -3.904  -31.014  32.095 0.0000000000
45870  -4.348  -29.968  31.787 0.0000000000
45884  -3.303  -29.324  31.087 0.0000000000
44951  -2.468  -30.264  30.602 0.0000000000
116285  -2.709  -28.812  30.399 0.0000000000
116224  -2.650  -28.317  29.785 0.0000000000
47583  -2.815  -27.885  29.663 0.0000000000
47593  -3.083  -27.598  29.451 0.0000000000
42905  -7.883  -32.601  43.235 0.0000000000
117841  -7.142  -32.412  43.803 0.0000000000
37194  -4.755  -38.302  45.510 0.0000000000
38138  -4.573  -37.633  45.354 0.0000000000
38142  -4.317  -37.724  44.702 0.0000000000
102502  -4.078  -37.862  44.040 0.0000000000
120463  -4.074  -38.485  43.775 0.0000000000
106273  -3.590  -36.583  43.103 0.0000000000
40129  -3.541  -36.146  42.325 0.0000000000
38187  -3.362  -37.529  41.190 0.0000000000
38186  -3.224  -38.381  41.201 0.0000000000
37268  -2.379  -38.549  39.030 0.0000000000
36307  -2.033  -39.161  38.748 0.0000000000
50295  -30.596  -24.975  37.115 0.0000000000
51253  -31.014  -23.697  38.010 0.0000000000
48397  -31.819  -26.668  38.272 0.0000000000
49296  -31.589  -25.416  38.498 0.0000000000
50272  -31.483  -24.286  38.606 0.0000000000
52157  -31.163  -22.631  38.718 0.0000000000
53746  -31.574  -20.893  40.950 0.0000000000
54572  -31.162  -19.968  41.141 0.0000000000
44758  -30.794  -30.267  45.924 0.0000000000
43833  -29.341  -31.376  43.337 0.0000000000
116390  -31.898  -29.798  44.758 0.0000000000
44777  -31.587  -30.604  43.460 0.0000000000
43834  -30.818  -31.074  43.692 0.0000000000
106342  -28.013  -30.339  40.978 0.0000000000
64140  -50.725  -7.865  20.583 0.0000000000
117941  -49.741  -7.876  19.769 0.0000000000
64146  -49.303  -7.917  19.240 0.0000000000
55548  -44.595  -18.236  28.060 0.0000000000
103104  -45.462  -18.297  29.268 0.0000000000
55520  -42.676  -19.112  31.174 0.0000000000
53848  -40.798  -20.199  27.179 0.0000000000
53840  -41.016  -20.284  27.846 0.0000000000
105130  -41.370  -19.897  27.495 0.0000000000
54684  -43.259  -18.747  27.904 0.0000000000
42040  -20.443  -33.579  40.443 0.0000000000
42047  -19.585  -33.793  39.328 0.0000000000
41110  -18.996  -34.237  38.919 0.0000000000
42055  -18.757  -33.960  38.171 0.0000000000
41120  -17.431  -34.562  37.473 0.0000000000
41132  -16.314  -34.343  36.556 0.0000000000
47500  -5.558  -27.210  38.101 0.0000000000
45833  -6.990  -29.719  35.753 0.0000000000
43929  -5.384  -32.499  35.354 0.0000000000
43938  -5.424  -32.216  34.702 0.0000000000
43944  -5.347  -31.934  33.815 0.0000000000
43029  -2.746  -32.251  31.391 0.0000000000
107122  -2.418  -31.894  30.979 0.0000000000
43037  -2.362  -32.487  30.447 0.0000000000
41029  -8.353  -34.913  48.473 0.0000000000
116125  -7.431  -35.551  48.295 0.0000000000
39093  -7.738  -36.274  48.450 0.0000000000
39100  -7.012  -36.003  47.966 0.0000000000
113831  -6.629  -36.522  47.453 0.0000000000
37196  -7.701  -38.458  46.407 0.0000000000
36215  -6.438  -38.761  46.450 0.0000000000
37195  -5.184  -38.238  46.135 0.0000000000
35290  -4.107  -40.110  43.912 0.0000000000
34465  -3.174  -41.131  42.806 0.0000000000
101709  -2.747  -41.473  42.163 0.0000000000
56408  -37.451  -17.576  33.687 0.0000000000
104907  -37.870  -17.515  34.865 0.0000000000
56375  -36.836  -17.427  35.631 0.0000000000
51262  -30.288  -23.133  36.751 0.0000000000
56427  -32.536  -17.426  32.448 0.0000000000
56428  -33.420  -17.436  32.876 0.0000000000
56406  -34.477  -17.475  33.128 0.0000000000
116935  -34.450  -17.427  33.955 0.0000000000
56430  -35.494  -17.520  33.065 0.0000000000
41074  -23.258  -34.335  44.138 0.0000000000
42034  -21.411  -33.413  41.545 0.0000000000
44753  -29.030  -30.783  47.779 0.0000000000
44756  -29.162  -31.172  46.806 0.0000000000
42901  -26.366  -32.421  44.692 0.0000000000
105588  -27.033  -31.605  43.611 0.0000000000
43830  -26.432  -32.043  43.951 0.0000000000
42916  -25.351  -32.672  44.059 0.0000000000
42914  -24.197  -32.933  43.560 0.0000000000
43841  -23.529  -32.139  42.294 0.0000000000
42035  -22.110  -33.013  41.881 0.0000000000
42041  -21.088  -33.142  40.794 0.0000000000
42978  -20.326  -32.433  38.562 0.0000000000
65918  -53.294  -6.970  15.784 0.0000000000
67514  -51.977  -4.720  16.920 0.0000000000
107208  -51.274  -5.348  16.607 0.0000000000
69172  -50.152  -2.463  16.606 0.0000000000
51219  -3.054  -23.844  40.012 0.0000000000
48381  -4.499  -26.266  39.214 0.0000000000
49267  -3.740  -25.234  40.880 0.0000000000
46649  -5.779  -29.159  38.825 0.0000000000
120870  -5.443  -29.015  39.404 0.0000000000
43914  -5.107  -32.030  37.408 0.0000000000
44827  -4.480  -30.686  39.792 0.0000000000
43904  -4.685  -31.788  38.349 0.0000000000
107256  -5.201  -33.629  36.244 0.0000000000
62482  -50.309  -10.689  24.390 0.0000000000
62484  -51.861  -10.210  24.718 0.0000000000
103031  -51.093  -10.616  24.974 0.0000000000
56469  -45.947  -17.800  28.682 0.0000000000
121640  -42.770  -16.221  23.609 0.0000000000
57324  -42.787  -15.818  23.185 0.0000000000
58259  -43.551  -15.525  23.302 0.0000000000
105240  -43.169  -15.315  22.846 0.0000000000
58278  -43.793  -14.929  22.829 0.0000000000
119914  -44.104  -14.486  22.667 0.0000000000
59214  -44.378  -14.065  22.481 0.0000000000
59215  -45.144  -13.834  22.755 0.0000000000
60129  -46.959  -13.289  23.947 0.0000000000
60922  -47.459  -12.603  23.796 0.0000000000
39095  -9.665  -36.296  48.976 0.0000000000
38135  -9.516  -37.514  46.928 0.0000000000
107857  -11.973  -36.524  48.100 0.0000000000
38136  -10.137  -37.284  46.765 0.0000000000
106154  -8.366  -37.730  43.640 0.0000000000
38152  -8.859  -37.485  44.112 0.0000000000
41095  -20.123  -34.300  40.790 0.0000000000
41084  -19.765  -34.974  41.161 0.0000000000
40144  -19.393  -35.598  41.557 0.0000000000
39169  -18.940  -36.313  42.782 0.0000000000
120684  -16.946  -35.381  38.948 0.0000000000
39189  -18.206  -36.319  42.352 0.0000000000
106922  -18.240  -36.449  43.261 0.0000000000
39153  -17.592  -36.520  43.802 0.0000000000
102993  -16.941  -36.681  45.399 0.0000000000
102995  -14.743  -36.449  45.083 0.0000000000
108104  -13.528  -36.228  43.732 0.0000000000
104504  -11.289  -36.278  42.810 0.0000000000
39204  -12.145  -35.691  40.822 0.0000000000
39222  -11.069  -35.748  39.802 0.0000000000
39203  -11.330  -35.787  40.593 0.0000000000
39182  -11.441  -35.926  41.480 0.0000000000
116407  -11.118  -36.187  42.179 0.0000000000
39161  -9.971  -36.615  42.199 0.0000000000
38203  -8.935  -36.851  40.329 0.0000000000
113414  -8.543  -37.241  40.964 0.0000000000
52980  -3.340  -21.283  37.456 0.0000000000
111289  -3.630  -20.770  36.666 0.0000000000
51322  -4.718  -24.215  32.825 0.0000000000
111106  -5.537  -26.825  37.267 0.0000000000
48413  -5.126  -26.226  35.754 0.0000000000
47561  -6.434  -27.578  32.644 0.0000000000
46710  -5.330  -27.965  31.515 0.0000000000
47560  -6.054  -27.711  31.997 0.0000000000
50340  -5.165  -24.259  32.377 0.0000000000
50355  -5.276  -24.519  31.780 0.0000000000
50367  -5.370  -24.634  30.915 0.0000000000
50386  -5.644  -24.886  30.095 0.0000000000
49396  -5.104  -25.346  29.729 0.0000000000
41959  -8.288  -34.328  46.518 0.0000000000
41958  -6.902  -34.379  46.690 0.0000000000
42886  -6.005  -32.955  45.478 0.0000000000
40109  -5.070  -35.566  46.165 0.0000000000
112580  -5.254  -34.795  46.239 0.0000000000
43805  -4.581  -31.465  45.226 0.0000000000
43804  -3.887  -31.638  44.809 0.0000000000
45729  -3.975  -30.053  44.636 0.0000000000
108166  -3.365  -31.587  41.682 0.0000000000
102127  -3.318  -32.199  41.979 0.0000000000
102625  -3.454  -32.238  40.782 0.0000000000
42046  -3.627  -33.216  39.656 0.0000000000
114938  -3.526  -34.419  40.920 0.0000000000
41092  -3.529  -34.562  40.272 0.0000000000
41116  -4.244  -34.907  38.382 0.0000000000
40203  -4.406  -35.636  37.814 0.0000000000
113715  -4.794  -36.977  35.995 0.0000000000
114129  -4.426  -37.746  35.786 0.0000000000
33504  -2.798  -42.393  42.275 0.0000000000
33523  -1.961  -42.622  41.047 0.0000000000
35360  -1.849  -40.347  39.995 0.0000000000
34521  -0.975  -42.040  39.124 0.0000000000
36306  -1.687  -39.812  38.582 0.0000000000
111639  -1.923  -39.272  38.152 0.0000000000
33565  -1.120  -42.126  37.143 0.0000000000
37298  -2.581  -38.921  37.088 0.0000000000
37299  -3.109  -38.620  36.748 0.0000000000
36216  -6.969  -38.926  46.137 0.0000000000
39118  -12.950  -36.481  46.685 0.0000000000
40099  -6.923  -35.364  47.745 0.0000000000
44816  -27.310  -30.172  40.985 0.0000000000
44841  -30.053  -30.561  39.614 0.0000000000
44862  -32.048  -29.890  38.231 0.0000000000
45733  -31.429  -29.786  45.464 0.0000000000
45761  -33.245  -28.663  41.298 0.0000000000
45812  -32.225  -29.379  37.657 0.0000000000
46616  -33.299  -28.365  42.576 0.0000000000
46654  -32.466  -28.571  38.271 0.0000000000
50226  -34.086  -24.548  42.455 0.0000000000
52968  -31.595  -21.942  40.013 0.0000000000
54590  -29.776  -20.082  38.829 0.0000000000
56478  -43.787  -17.533  26.229 0.0000000000
57185  -32.290  -16.646  38.652 0.0000000000
57312  -44.828  -15.872  24.759 0.0000000000
64970  -50.348  -7.688  19.843 0.0000000000
65013  -55.028  -8.270  15.431 0.0000000000
65895  -56.280  -6.565  17.700 0.0000000000
67513  -50.587  -3.907  16.937 0.0000000000
102303  -25.837  -32.817  45.159 0.0000000000
109035  -28.334  -30.182  39.421 0.0000000000
116384  -31.382  -30.466  44.436 0.0000000000
119913  -51.104  -4.519  16.906 0.0000000000
122561  -4.052  -32.831  44.945 0.0000000000
122568  -34.019  -25.904  42.116 0.0000000000
