#!ascii label  , from subject sub-v1s11x0050153_ses-1 vox2ras=TkReg
466
66371  -25.560  -6.570  -36.802 0.0000000000
63052  -21.066  -10.222  -34.184 0.0000000000
62287  -28.383  -11.015  -36.360 0.0000000000
117352  -23.900  -14.521  -33.655 0.0000000000
76316  -25.155  5.907  -34.880 0.0000000000
73920  -27.822  2.668  -35.850 0.0000000000
70523  -20.867  -1.545  -37.401 0.0000000000
120022  -22.460  -18.681  -30.426 0.0000000000
61492  -22.144  -12.078  -34.321 0.0000000000
59779  -21.369  -14.170  -32.733 0.0000000000
75542  -26.390  4.164  -35.131 0.0000000000
104370  -22.964  1.675  -34.925 0.0000000000
101230  -21.085  -5.995  -36.575 0.0000000000
67961  -19.878  -4.319  -35.899 0.0000000000
68784  -22.761  -3.836  -37.611 0.0000000000
69608  -25.499  -2.475  -35.068 0.0000000000
68762  -28.322  -3.813  -34.996 0.0000000000
66361  -29.815  -6.431  -35.486 0.0000000000
101355  -18.729  -8.046  -33.936 0.0000000000
120280  -22.013  -8.487  -36.675 0.0000000000
120078  -26.569  -8.556  -36.496 0.0000000000
63065  -24.480  -10.616  -35.685 0.0000000000
60700  -26.012  -13.397  -35.219 0.0000000000
57943  -27.660  -16.544  -34.552 0.0000000000
71376  -20.488  -0.009  -36.249 0.0000000000
71367  -24.580  0.113  -34.556 0.0000000000
72291  -29.688  0.381  -36.276 0.0000000000
57910  -20.368  -15.720  -31.180 0.0000000000
57919  -22.827  -16.306  -32.005 0.0000000000
61467  -19.846  -12.822  -32.082 0.0000000000
60682  -19.347  -14.025  -31.415 0.0000000000
73902  -22.623  2.345  -34.834 0.0000000000
73095  -21.399  1.889  -35.707 0.0000000000
66383  -21.827  -6.417  -37.560 0.0000000000
66392  -21.105  -5.502  -37.940 0.0000000000
67185  -24.060  -5.347  -37.059 0.0000000000
67964  -25.923  -4.568  -35.929 0.0000000000
67158  -26.640  -5.376  -35.833 0.0000000000
67160  -28.542  -5.376  -35.394 0.0000000000
66359  -27.830  -6.219  -35.690 0.0000000000
101346  -19.778  -9.286  -33.756 0.0000000000
101114  -20.463  -7.988  -35.286 0.0000000000
115093  -21.677  -9.067  -35.451 0.0000000000
63825  -23.260  -9.443  -35.959 0.0000000000
63063  -22.630  -10.364  -35.322 0.0000000000
60694  -23.346  -13.567  -33.970 0.0000000000
61494  -23.871  -12.386  -34.634 0.0000000000
59801  -24.435  -13.777  -34.274 0.0000000000
59803  -27.065  -14.652  -35.179 0.0000000000
58868  -25.860  -15.091  -34.381 0.0000000000
76307  -23.557  5.083  -34.350 0.0000000000
76306  -22.911  5.696  -34.193 0.0000000000
77095  -24.575  6.845  -35.056 0.0000000000
78560  -24.578  8.159  -36.312 0.0000000000
77107  -25.609  6.743  -37.013 0.0000000000
109404  -26.959  3.748  -35.677 0.0000000000
68770  -19.864  -3.114  -36.820 0.0000000000
69606  -19.672  -2.130  -36.307 0.0000000000
71402  -21.176  -0.676  -37.070 0.0000000000
107227  -21.745  0.328  -36.333 0.0000000000
71395  -22.451  -0.333  -36.103 0.0000000000
103686  -29.024  -1.859  -34.867 0.0000000000
71383  -28.158  -0.536  -34.579 0.0000000000
71396  -30.041  -0.534  -36.107 0.0000000000
63077  -27.867  -10.187  -36.496 0.0000000000
115192  -29.073  -8.667  -36.227 0.0000000000
56991  -20.874  -17.981  -30.070 0.0000000000
115744  -21.009  -16.856  -30.735 0.0000000000
108459  -21.860  -16.059  -31.648 0.0000000000
57006  -23.054  -17.549  -31.322 0.0000000000
63038  -20.034  -10.692  -32.945 0.0000000000
62259  -21.667  -11.555  -34.175 0.0000000000
61484  -20.984  -12.079  -33.274 0.0000000000
60692  -21.722  -13.118  -33.458 0.0000000000
59787  -21.972  -13.769  -33.251 0.0000000000
75532  -24.239  4.190  -34.381 0.0000000000
76317  -25.670  5.224  -34.985 0.0000000000
75533  -25.283  3.950  -34.447 0.0000000000
115671  -24.345  2.318  -34.717 0.0000000000
111754  -25.285  1.651  -34.595 0.0000000000
101151  -19.333  -6.327  -34.774 0.0000000000
66369  -20.194  -4.985  -36.187 0.0000000000
67987  -20.537  -3.995  -38.322 0.0000000000
69639  -21.421  -2.708  -38.043 0.0000000000
69621  -23.007  -2.114  -36.573 0.0000000000
105054  -23.781  -3.022  -36.294 0.0000000000
103448  -26.882  -3.292  -34.961 0.0000000000
69612  -29.634  -2.728  -35.213 0.0000000000
67965  -30.508  -4.247  -35.720 0.0000000000
55267  -22.929  -19.519  -30.230 0.0000000000
56174  -23.939  -19.090  -30.947 0.0000000000
101124  -20.122  -6.807  -35.384 0.0000000000
115282  -21.304  -7.612  -36.995 0.0000000000
115195  -22.875  -7.800  -37.137 0.0000000000
100937  -26.142  -7.203  -36.581 0.0000000000
101225  -24.126  -8.566  -36.468 0.0000000000
115222  -25.633  -9.974  -36.268 0.0000000000
63067  -26.204  -10.617  -36.178 0.0000000000
62261  -22.777  -11.661  -34.752 0.0000000000
61506  -25.537  -12.060  -35.444 0.0000000000
61508  -27.270  -12.378  -35.936 0.0000000000
108661  -28.138  -13.685  -35.730 0.0000000000
59804  -28.456  -15.144  -35.160 0.0000000000
76330  -26.313  5.312  -37.381 0.0000000000
72275  -21.754  1.584  -35.781 0.0000000000
73098  -23.113  0.877  -35.105 0.0000000000
73084  -26.036  1.141  -34.546 0.0000000000
106892  -24.640  -1.194  -34.847 0.0000000000
71369  -26.859  0.050  -34.401 0.0000000000
73100  -28.653  1.681  -35.682 0.0000000000
65480  -28.606  -7.836  -36.034 0.0000000000
114323  -30.513  -7.864  -35.788 0.0000000000
59753  -19.164  -14.594  -30.999 0.0000000000
58836  -20.102  -15.011  -31.516 0.0000000000
58844  -21.565  -15.083  -32.240 0.0000000000
58846  -23.203  -15.654  -32.626 0.0000000000
57007  -23.755  -17.844  -31.629 0.0000000000
57921  -24.441  -16.807  -32.681 0.0000000000
58854  -24.733  -16.147  -33.236 0.0000000000
73078  -21.140  2.056  -35.381 0.0000000000
66385  -23.726  -6.329  -37.201 0.0000000000
67184  -23.054  -5.462  -37.429 0.0000000000
66386  -24.939  -5.927  -37.027 0.0000000000
67170  -25.400  -5.371  -36.622 0.0000000000
103772  -25.777  -5.871  -36.627 0.0000000000
119949  -26.317  -5.797  -36.230 0.0000000000
118995  -26.258  -6.392  -36.465 0.0000000000
63045  -19.937  -10.000  -33.237 0.0000000000
63803  -19.084  -9.371  -33.023 0.0000000000
122787  -20.490  -9.931  -33.755 0.0000000000
101231  -20.651  -9.482  -34.327 0.0000000000
63816  -21.390  -9.663  -34.788 0.0000000000
63062  -22.052  -9.876  -35.235 0.0000000000
63053  -21.646  -10.441  -34.613 0.0000000000
59789  -24.906  -14.758  -34.043 0.0000000000
59802  -25.346  -14.282  -34.469 0.0000000000
76308  -24.480  5.259  -34.548 0.0000000000
115521  -23.960  6.105  -34.558 0.0000000000
77100  -25.409  6.686  -35.771 0.0000000000
74751  -27.129  2.962  -35.393 0.0000000000
74761  -27.761  3.623  -37.192 0.0000000000
73931  -28.242  2.968  -36.868 0.0000000000
69630  -20.533  -2.466  -37.568 0.0000000000
69620  -19.896  -2.466  -36.779 0.0000000000
70522  -20.313  -2.013  -37.178 0.0000000000
70513  -20.069  -1.700  -36.763 0.0000000000
70524  -21.402  -1.209  -37.390 0.0000000000
70515  -21.787  -0.833  -37.116 0.0000000000
70517  -30.246  -1.405  -36.043 0.0000000000
71385  -29.765  -1.072  -35.294 0.0000000000
115211  -28.905  -10.240  -36.412 0.0000000000
63078  -29.896  -10.485  -36.300 0.0000000000
56163  -21.540  -18.725  -29.994 0.0000000000
56173  -21.736  -18.082  -30.350 0.0000000000
56997  -21.403  -17.447  -30.560 0.0000000000
57906  -21.703  -16.860  -31.029 0.0000000000
56998  -22.339  -17.660  -30.816 0.0000000000
62252  -20.422  -11.527  -32.986 0.0000000000
61477  -20.492  -12.456  -32.757 0.0000000000
59778  -20.560  -13.499  -32.528 0.0000000000
61478  -21.216  -12.737  -33.236 0.0000000000
60688  -21.337  -13.418  -33.058 0.0000000000
112697  -22.825  4.042  -34.373 0.0000000000
74745  -23.372  3.127  -34.524 0.0000000000
106996  -23.655  2.302  -34.718 0.0000000000
73903  -24.119  1.706  -34.752 0.0000000000
108329  -24.959  2.358  -34.618 0.0000000000
73082  -23.455  1.161  -34.893 0.0000000000
115092  -19.983  -6.037  -35.495 0.0000000000
66380  -20.592  -5.301  -36.818 0.0000000000
67205  -21.728  -4.774  -39.200 0.0000000000
67194  -20.732  -4.880  -38.368 0.0000000000
116254  -21.623  -4.135  -39.095 0.0000000000
68793  -21.085  -3.486  -38.600 0.0000000000
68783  -22.225  -3.725  -38.460 0.0000000000
68771  -22.891  -3.021  -37.038 0.0000000000
68785  -23.616  -3.853  -36.846 0.0000000000
68760  -26.419  -4.110  -35.495 0.0000000000
68773  -25.510  -3.942  -35.816 0.0000000000
103264  -27.762  -3.289  -34.908 0.0000000000
69611  -28.672  -2.923  -34.898 0.0000000000
68763  -29.322  -3.580  -35.112 0.0000000000
68764  -30.098  -3.481  -35.449 0.0000000000
67956  -29.841  -4.265  -35.318 0.0000000000
67161  -29.561  -5.653  -35.397 0.0000000000
67162  -30.297  -5.070  -35.510 0.0000000000
66375  -31.573  -6.539  -36.154 0.0000000000
54456  -22.618  -20.172  -29.632 0.0000000000
55254  -23.519  -20.028  -29.897 0.0000000000
100943  -18.515  -7.121  -34.139 0.0000000000
100944  -19.443  -7.382  -34.649 0.0000000000
115283  -21.276  -8.488  -35.707 0.0000000000
115284  -21.221  -8.073  -36.493 0.0000000000
101189  -21.618  -8.169  -37.065 0.0000000000
101635  -22.074  -7.902  -37.372 0.0000000000
115287  -22.439  -8.356  -36.832 0.0000000000
118764  -23.693  -7.958  -36.732 0.0000000000
119545  -23.224  -8.318  -36.679 0.0000000000
63826  -23.920  -10.009  -35.808 0.0000000000
101166  -24.059  -9.347  -36.166 0.0000000000
63075  -24.759  -9.968  -36.067 0.0000000000
63066  -25.336  -10.627  -35.942 0.0000000000
62260  -22.187  -11.374  -34.594 0.0000000000
121037  -25.318  -12.793  -35.129 0.0000000000
61505  -24.570  -12.045  -35.031 0.0000000000
60712  -25.998  -12.705  -35.425 0.0000000000
61507  -26.385  -12.159  -35.726 0.0000000000
60713  -26.737  -13.077  -35.582 0.0000000000
106895  -27.572  -13.162  -35.798 0.0000000000
58870  -27.217  -15.635  -34.800 0.0000000000
113503  -27.728  -15.185  -35.110 0.0000000000
58871  -28.074  -15.860  -34.832 0.0000000000
58872  -28.921  -15.885  -34.824 0.0000000000
76318  -26.113  4.890  -35.409 0.0000000000
76323  -26.267  5.167  -36.305 0.0000000000
67151  -19.287  -5.173  -34.821 0.0000000000
71377  -20.859  0.680  -36.153 0.0000000000
107960  -21.436  1.672  -35.782 0.0000000000
72287  -21.085  0.924  -36.094 0.0000000000
71379  -22.875  0.173  -35.492 0.0000000000
72277  -22.537  0.854  -35.540 0.0000000000
72278  -23.491  0.439  -35.018 0.0000000000
72264  -24.158  0.739  -34.732 0.0000000000
72265  -25.266  0.566  -34.462 0.0000000000
69622  -23.860  -2.115  -35.792 0.0000000000
70504  -23.840  -1.278  -35.273 0.0000000000
70505  -25.649  -1.587  -34.752 0.0000000000
72279  -28.696  0.129  -34.792 0.0000000000
118831  -27.800  -0.080  -34.492 0.0000000000
72280  -29.289  0.554  -35.428 0.0000000000
113214  -28.698  0.985  -35.156 0.0000000000
72290  -29.272  1.154  -35.953 0.0000000000
73116  -29.424  1.114  -36.944 0.0000000000
100934  -26.412  -8.033  -36.530 0.0000000000
101352  -26.931  -7.502  -36.414 0.0000000000
65479  -27.719  -7.695  -36.245 0.0000000000
101163  -30.157  -8.585  -36.013 0.0000000000
57905  -20.199  -16.443  -30.596 0.0000000000
58830  -19.793  -15.545  -30.931 0.0000000000
58845  -22.374  -15.571  -32.246 0.0000000000
57920  -23.649  -16.538  -32.334 0.0000000000
56189  -24.192  -18.641  -31.481 0.0000000000
119742  -19.758  -13.540  -31.858 0.0000000000
109188  -19.998  -14.210  -31.859 0.0000000000
73901  -21.754  2.577  -34.829 0.0000000000
73081  -22.041  1.895  -35.445 0.0000000000
73096  -21.855  1.729  -35.773 0.0000000000
66382  -21.647  -6.151  -37.360 0.0000000000
66381  -21.269  -5.677  -37.155 0.0000000000
67182  -21.591  -5.605  -37.951 0.0000000000
67183  -22.155  -5.589  -37.854 0.0000000000
67977  -23.365  -4.642  -37.281 0.0000000000
67962  -24.327  -4.602  -36.751 0.0000000000
67952  -26.388  -4.812  -35.784 0.0000000000
67953  -26.991  -4.747  -35.510 0.0000000000
67955  -28.919  -4.433  -35.129 0.0000000000
67159  -27.426  -5.433  -35.582 0.0000000000
66360  -28.817  -6.307  -35.572 0.0000000000
100945  -19.369  -8.634  -34.036 0.0000000000
101116  -19.598  -8.177  -34.475 0.0000000000
115147  -20.141  -8.764  -34.466 0.0000000000
101176  -20.986  -8.896  -34.990 0.0000000000
115102  -21.776  -8.568  -36.282 0.0000000000
101193  -22.491  -8.857  -36.222 0.0000000000
115285  -22.164  -9.116  -35.742 0.0000000000
63824  -22.655  -9.601  -35.656 0.0000000000
122682  -23.081  -10.712  -35.375 0.0000000000
60698  -22.434  -12.615  -34.145 0.0000000000
61493  -23.001  -12.357  -34.504 0.0000000000
110456  -23.677  -12.961  -34.349 0.0000000000
61495  -24.529  -12.907  -34.685 0.0000000000
106689  -25.310  -13.564  -34.768 0.0000000000
60701  -26.643  -13.866  -35.319 0.0000000000
104659  -26.114  -14.286  -34.903 0.0000000000
113521  -26.574  -15.058  -34.757 0.0000000000
58869  -26.550  -15.629  -34.500 0.0000000000
114272  -22.581  4.954  -34.032 0.0000000000
77799  -24.690  7.540  -35.683 0.0000000000
77114  -25.482  6.663  -38.091 0.0000000000
75549  -26.625  4.462  -35.982 0.0000000000
74754  -27.210  4.057  -36.598 0.0000000000
69605  -19.404  -2.415  -35.668 0.0000000000
70501  -19.479  -1.600  -35.823 0.0000000000
71391  -20.282  -0.838  -36.573 0.0000000000
71392  -20.936  -0.128  -36.580 0.0000000000
71393  -21.451  0.175  -36.448 0.0000000000
71403  -21.600  -0.402  -36.823 0.0000000000
71394  -21.989  -0.213  -36.601 0.0000000000
70503  -23.130  -0.612  -35.471 0.0000000000
69610  -27.649  -2.378  -34.751 0.0000000000
70506  -26.868  -1.529  -34.667 0.0000000000
70507  -27.997  -1.294  -34.617 0.0000000000
72281  -29.545  -0.151  -35.317 0.0000000000
101188  -27.681  -9.237  -36.542 0.0000000000
100929  -28.099  -8.486  -36.388 0.0000000000
120819  -28.429  -9.092  -36.472 0.0000000000
115154  -29.800  -9.282  -36.273 0.0000000000
56996  -20.703  -17.229  -30.410 0.0000000000
57911  -20.987  -16.253  -31.160 0.0000000000
57912  -22.524  -16.911  -31.420 0.0000000000
63046  -20.669  -10.732  -33.558 0.0000000000
63047  -21.362  -10.952  -34.094 0.0000000000
62253  -21.132  -11.515  -33.633 0.0000000000
61485  -21.506  -12.102  -33.757 0.0000000000
61486  -21.879  -12.617  -33.803 0.0000000000
60693  -22.424  -13.210  -33.765 0.0000000000
103929  -22.838  -14.122  -33.496 0.0000000000
75531  -21.821  4.380  -33.830 0.0000000000
76309  -25.173  4.872  -34.643 0.0000000000
74746  -24.518  3.047  -34.525 0.0000000000
74747  -25.509  3.143  -34.578 0.0000000000
74748  -26.433  3.281  -34.869 0.0000000000
73908  -26.670  2.562  -34.796 0.0000000000
73085  -26.424  1.927  -34.534 0.0000000000
67179  -20.053  -4.443  -36.408 0.0000000000
67181  -20.624  -5.133  -37.547 0.0000000000
67180  -20.225  -4.734  -36.995 0.0000000000
67973  -19.953  -3.956  -36.542 0.0000000000
68781  -19.982  -3.338  -37.189 0.0000000000
69638  -20.911  -2.749  -37.968 0.0000000000
104243  -21.478  -1.937  -37.607 0.0000000000
70525  -21.824  -1.518  -37.433 0.0000000000
69633  -22.331  -2.154  -37.302 0.0000000000
68759  -24.806  -3.002  -35.562 0.0000000000
68772  -24.600  -3.853  -36.298 0.0000000000
101699  -25.905  -3.252  -35.234 0.0000000000
69609  -26.400  -2.439  -34.834 0.0000000000
70508  -29.990  -1.964  -35.421 0.0000000000
70509  -30.376  -2.129  -36.027 0.0000000000
69623  -30.598  -2.758  -36.634 0.0000000000
68786  -30.968  -3.585  -36.980 0.0000000000
62273  -28.805  -11.886  -36.179 0.0000000000
55253  -22.087  -19.417  -29.929 0.0000000000
56999  -23.308  -18.332  -31.000 0.0000000000
115286  -20.647  -6.357  -36.030 0.0000000000
115206  -20.939  -7.242  -36.116 0.0000000000
100946  -21.204  -6.759  -36.572 0.0000000000
65491  -21.642  -7.327  -37.382 0.0000000000
65492  -22.260  -7.256  -37.519 0.0000000000
66370  -24.702  -6.848  -37.004 0.0000000000
101181  -24.621  -7.756  -36.702 0.0000000000
115196  -25.610  -7.894  -36.597 0.0000000000
100942  -25.931  -8.671  -36.451 0.0000000000
115205  -23.227  -8.828  -36.380 0.0000000000
101304  -25.078  -9.219  -36.359 0.0000000000
100933  -26.707  -9.133  -36.487 0.0000000000
115474  -27.144  -9.782  -36.504 0.0000000000
63068  -27.022  -10.478  -36.385 0.0000000000
62286  -27.594  -10.957  -36.341 0.0000000000
119328  -21.799  -11.042  -34.463 0.0000000000
62267  -22.668  -11.048  -35.058 0.0000000000
62269  -24.106  -11.255  -35.281 0.0000000000
62262  -23.582  -11.802  -34.858 0.0000000000
115709  -24.996  -11.312  -35.540 0.0000000000
62270  -25.896  -11.347  -35.823 0.0000000000
62271  -26.881  -11.383  -36.115 0.0000000000
62272  -27.851  -11.734  -36.208 0.0000000000
61509  -28.266  -12.742  -36.024 0.0000000000
60715  -28.953  -13.455  -35.753 0.0000000000
60714  -27.360  -13.836  -35.545 0.0000000000
59819  -27.909  -14.497  -35.438 0.0000000000
115515  -25.806  5.688  -35.556 0.0000000000
76322  -25.939  5.959  -36.610 0.0000000000
75566  -26.813  4.780  -38.044 0.0000000000
118609  -21.214  1.840  -35.738 0.0000000000
73097  -22.434  1.346  -35.507 0.0000000000
72289  -21.946  0.759  -36.110 0.0000000000
72276  -22.003  1.295  -35.899 0.0000000000
119345  -24.397  1.196  -34.710 0.0000000000
73083  -25.032  1.009  -34.596 0.0000000000
118106  -26.992  1.529  -34.550 0.0000000000
102278  -22.270  -1.101  -36.909 0.0000000000
71380  -23.903  -0.422  -34.909 0.0000000000
70495  -26.250  -0.762  -34.517 0.0000000000
71381  -25.114  -0.653  -34.561 0.0000000000
71368  -25.685  -0.045  -34.300 0.0000000000
72266  -26.168  0.519  -34.415 0.0000000000
73099  -27.859  1.450  -34.906 0.0000000000
73910  -28.083  2.090  -35.483 0.0000000000
73932  -28.782  2.331  -37.213 0.0000000000
66372  -26.730  -6.821  -36.346 0.0000000000
66374  -28.207  -7.035  -35.831 0.0000000000
65470  -29.176  -7.133  -35.662 0.0000000000
65481  -29.591  -7.902  -35.835 0.0000000000
65471  -30.200  -7.193  -35.577 0.0000000000
59766  -19.620  -14.561  -31.414 0.0000000000
59767  -20.706  -14.585  -32.154 0.0000000000
58837  -20.909  -15.468  -31.670 0.0000000000
59780  -22.362  -14.713  -32.807 0.0000000000
58853  -23.939  -15.449  -33.164 0.0000000000
105437  -23.333  -17.057  -31.783 0.0000000000
57913  -24.094  -17.349  -32.181 0.0000000000
108474  -23.995  -16.113  -32.794 0.0000000000
111484  -24.566  -15.307  -33.556 0.0000000000
58855  -25.325  -15.642  -33.786 0.0000000000
58835  -19.543  -14.995  -31.135 0.0000000000
59788  -23.235  -14.906  -33.172 0.0000000000
59820  -28.743  -14.300  -35.477 0.0000000000
60699  -22.929  -12.926  -34.190 0.0000000000
62268  -23.283  -11.216  -35.186 0.0000000000
63054  -22.170  -10.712  -34.867 0.0000000000
63064  -23.213  -10.126  -35.597 0.0000000000
63076  -26.443  -9.908  -36.424 0.0000000000
65490  -21.571  -6.607  -36.999 0.0000000000
65493  -23.035  -7.074  -37.387 0.0000000000
66362  -30.747  -6.496  -35.590 0.0000000000
66373  -27.372  -6.904  -36.107 0.0000000000
66384  -22.582  -6.357  -37.454 0.0000000000
67168  -19.905  -4.846  -35.785 0.0000000000
67169  -24.848  -5.186  -36.793 0.0000000000
67171  -25.985  -5.205  -36.216 0.0000000000
67195  -21.392  -5.228  -38.827 0.0000000000
67196  -22.067  -5.281  -39.001 0.0000000000
67951  -19.511  -4.549  -35.280 0.0000000000
67954  -27.896  -4.640  -35.286 0.0000000000
67963  -25.271  -4.678  -36.368 0.0000000000
67974  -20.007  -3.990  -37.057 0.0000000000
67975  -20.320  -4.415  -37.684 0.0000000000
67976  -22.485  -4.721  -38.249 0.0000000000
67986  -20.194  -3.637  -37.652 0.0000000000
67988  -22.103  -4.430  -39.075 0.0000000000
68761  -27.366  -3.986  -35.211 0.0000000000
68774  -30.633  -3.500  -36.003 0.0000000000
68782  -20.180  -3.070  -37.550 0.0000000000
68792  -20.507  -3.207  -37.971 0.0000000000
68794  -21.781  -3.542  -38.706 0.0000000000
69607  -24.739  -1.956  -35.199 0.0000000000
69613  -30.288  -2.735  -35.673 0.0000000000
69629  -20.053  -2.757  -37.197 0.0000000000
69631  -21.092  -2.046  -37.666 0.0000000000
69632  -21.827  -2.361  -37.747 0.0000000000
69640  -21.925  -3.004  -38.294 0.0000000000
70502  -19.831  -1.417  -36.335 0.0000000000
70514  -20.604  -1.134  -37.052 0.0000000000
70516  -23.009  -1.263  -35.985 0.0000000000
71378  -22.172  0.588  -36.038 0.0000000000
71382  -27.306  -0.706  -34.528 0.0000000000
71384  -28.924  -0.770  -34.797 0.0000000000
71404  -29.948  -0.239  -37.116 0.0000000000
72267  -26.991  0.879  -34.475 0.0000000000
72274  -20.307  0.773  -35.800 0.0000000000
72288  -21.655  1.017  -36.028 0.0000000000
73121  -29.341  1.031  -37.978 0.0000000000
73904  -25.898  2.464  -34.571 0.0000000000
73909  -27.351  2.204  -34.940 0.0000000000
73921  -28.497  2.299  -36.256 0.0000000000
74755  -27.547  3.364  -36.258 0.0000000000
75534  -25.951  3.848  -34.656 0.0000000000
75541  -25.837  4.528  -34.807 0.0000000000
75557  -26.724  4.657  -36.990 0.0000000000
76329  -25.909  6.016  -37.764 0.0000000000
100927  -29.006  -9.457  -36.381 0.0000000000
100936  -27.170  -8.377  -36.487 0.0000000000
101282  -23.759  -7.300  -36.991 0.0000000000
101444  -22.291  -2.975  -37.906 0.0000000000
110639  -25.359  -7.254  -36.778 0.0000000000
112911  -21.090  -4.458  -39.042 0.0000000000
114310  -26.905  -6.150  -35.985 0.0000000000
115072  -20.400  -5.609  -36.037 0.0000000000
115235  -25.081  -8.434  -36.504 0.0000000000
116084  -27.862  0.598  -34.615 0.0000000000
116185  -28.362  -9.632  -36.492 0.0000000000
116396  -20.903  1.514  -35.749 0.0000000000
117257  -29.471  -4.948  -35.266 0.0000000000
117548  -23.684  -10.649  -35.489 0.0000000000
121671  -25.968  -9.394  -36.379 0.0000000000
