#!ascii label  , from subject sub-v1s17x0051140_ses-1 vox2ras=TkReg
1928
7419  -8.932  -88.534  3.910 0.5000000000
5685  -10.603  -91.400  2.607 0.5000000000
130399  -10.353  -92.115  3.239 0.5000000000
5179  -9.996  -92.845  2.896 0.5000000000
8679  -8.700  -86.728  4.225 0.5000000000
7409  -8.684  -87.957  4.404 0.5000000000
8023  -10.054  -87.430  4.857 0.5000000000
7410  -9.540  -88.195  4.737 0.5000000000
8012  -10.949  -87.538  5.175 0.6000000238
6814  -9.880  -89.139  3.905 0.5000000000
4205  -9.300  -94.298  2.894 0.5000000000
6224  -10.718  -90.618  3.200 0.5000000000
4199  -9.106  -94.162  3.949 0.5000000000
5678  -10.670  -91.391  3.613 0.6000000238
4646  -9.534  -93.468  3.437 0.6000000238
5670  -10.818  -91.278  4.714 0.6000000238
5172  -9.864  -92.693  3.832 0.6000000238
4191  -9.105  -94.091  5.169 0.6999999881
132304  -10.683  -91.709  6.044 0.6999999881
4622  -9.534  -93.124  5.586 0.6999999881
5137  -10.623  -92.448  6.886 0.6999999881
4623  -9.902  -92.958  6.526 0.6999999881
4604  -9.545  -93.841  6.378 0.6999999881
8691  -10.035  -86.314  3.735 0.5000000000
8024  -11.588  -87.223  4.850 0.6000000238
8692  -10.720  -86.517  3.405 0.6000000238
8037  -12.015  -87.402  3.515 0.6000000238
6803  -11.160  -89.567  4.884 0.5000000000
4190  -8.739  -94.892  4.421 0.5000000000
3726  -8.225  -95.486  4.866 0.5000000000
3283  -7.934  -96.446  7.094 0.6999999881
135525  -8.252  -95.671  5.867 0.6999999881
3702  -8.517  -95.826  6.646 0.6999999881
136368  -10.959  -90.761  3.941 0.6000000238
6213  -11.718  -89.979  5.482 0.6999999881
147029  -9.119  -95.499  6.986 0.6999999881
6204  -11.426  -90.891  5.851 0.6999999881
5655  -11.333  -91.661  6.820 0.6999999881
4150  -9.767  -95.208  7.230 0.6999999881
5138  -11.507  -92.307  7.175 0.6999999881
4606  -11.085  -93.077  7.244 0.6999999881
4605  -10.326  -93.482  7.074 0.6999999881
3689  -10.225  -95.586  7.832 0.6999999881
4624  -11.454  -93.830  6.903 0.6999999881
4166  -11.325  -94.717  6.804 0.6999999881
4152  -11.163  -95.088  7.138 0.6999999881
3704  -11.670  -95.500  6.886 0.6999999881
8702  -10.298  -85.889  2.711 0.5000000000
8703  -10.815  -86.377  2.145 0.6000000238
8065  -11.200  -87.064  1.546 0.6000000238
8050  -11.270  -86.985  2.802 0.6000000238
7445  -12.010  -88.614  1.617 0.6000000238
8025  -12.405  -87.473  4.972 0.6000000238
7420  -12.451  -88.091  3.209 0.6000000238
8014  -12.513  -87.917  5.468 0.6000000238
2865  -7.969  -97.657  8.212 0.6999999881
6789  -11.631  -89.066  5.514 0.6999999881
3271  -8.192  -96.861  8.021 0.6999999881
2848  -8.550  -97.905  8.669 0.6999999881
2445  -9.983  -98.381  9.151 0.6999999881
7386  -13.548  -88.932  6.163 0.6999999881
3259  -8.659  -97.292  8.709 0.6999999881
137630  -10.767  -98.426  9.209 0.6999999881
6206  -12.771  -90.226  6.614 0.6999999881
6199  -13.986  -90.145  6.545 0.6999999881
3688  -9.418  -95.851  7.713 0.6999999881
3260  -9.428  -96.890  9.258 0.6999999881
2432  -9.738  -97.963  9.543 0.6999999881
2433  -10.450  -98.085  9.757 0.6999999881
6197  -12.586  -90.929  6.851 0.6999999881
5155  -13.240  -91.964  6.311 0.6999999881
3273  -9.789  -96.187  8.528 0.6999999881
2819  -10.907  -97.088  10.359 0.6999999881
4625  -12.047  -93.800  6.124 0.6999999881
3675  -10.748  -95.946  8.495 0.6999999881
3261  -10.313  -96.443  9.355 0.6999999881
4178  -11.759  -94.724  6.103 0.6999999881
3690  -11.245  -95.548  7.621 0.6999999881
3677  -12.046  -95.683  9.464 0.6999999881
3727  -11.958  -95.287  5.395 0.6999999881
128379  -12.565  -95.615  8.336 0.6999999881
3718  -12.416  -95.866  5.569 0.6999999881
9368  -10.107  -85.139  2.150 0.5000000000
9377  -10.857  -85.368  1.343 0.6000000238
8713  -11.623  -86.147  0.488 0.6000000238
9992  -11.390  -84.854  1.180 0.5000000000
8723  -11.978  -86.680  0.153 0.6000000238
10646  -10.528  -83.417  2.051 0.5000000000
9985  -10.627  -84.556  1.776 0.5000000000
8066  -11.599  -87.780  0.984 0.6000000238
8079  -13.031  -87.598  -0.252 0.6000000238
6834  -12.306  -89.245  0.843 0.6000000238
144331  -12.527  -88.189  -0.047 0.6000000238
7421  -13.247  -88.474  3.747 0.6000000238
7399  -13.681  -88.525  5.499 0.6999999881
6816  -13.541  -89.205  3.358 0.6999999881
6792  -14.497  -89.634  5.438 0.6999999881
7422  -13.888  -89.001  4.223 0.6999999881
2446  -11.586  -98.504  8.838 0.6999999881
5662  -14.038  -91.382  5.497 0.6999999881
5672  -14.423  -90.836  4.670 0.6999999881
2834  -11.912  -97.828  10.183 0.6999999881
2448  -13.087  -98.349  8.788 0.6999999881
5671  -14.063  -91.631  4.266 0.6999999881
2820  -11.668  -97.188  10.551 0.6999999881
2835  -12.826  -97.927  9.837 0.6999999881
2466  -12.782  -98.550  7.893 0.6999999881
4641  -12.769  -93.251  4.354 0.6000000238
3648  -12.180  -96.129  10.643 0.6999999881
2821  -12.551  -97.290  10.550 0.6999999881
2850  -13.669  -97.898  9.403 0.6999999881
2449  -13.986  -98.240  8.494 0.6999999881
2467  -13.590  -98.487  7.824 0.6999999881
4640  -12.267  -93.954  4.895 0.6999999881
3665  -12.467  -95.666  10.398 0.6999999881
3666  -13.236  -95.331  10.594 0.6000000238
3233  -13.918  -96.265  10.716 0.6999999881
2822  -13.829  -96.852  10.482 0.6999999881
3728  -12.245  -95.617  4.616 0.6000000238
3692  -13.005  -95.839  7.309 0.6999999881
4139  -13.642  -94.618  9.466 0.6000000238
4116  -13.860  -94.980  10.644 0.6000000238
142059  -13.256  -96.165  5.619 0.6000000238
3706  -13.163  -96.063  6.395 0.6000000238
4153  -13.503  -95.176  8.302 0.6000000238
4140  -14.170  -94.261  8.884 0.5000000000
4128  -14.177  -94.097  9.882 0.5000000000
4551  -14.850  -93.702  10.185 0.5000000000
3707  -13.977  -95.768  6.213 0.6000000238
4168  -15.230  -94.582  6.439 0.5000000000
4154  -14.360  -94.728  7.761 0.5000000000
9379  -11.951  -85.439  0.677 0.6000000238
10659  -11.976  -84.031  1.695 0.6000000238
143023  -14.396  -85.979  0.572 0.5000000000
9381  -15.067  -85.336  1.067 0.6999999881
10647  -11.530  -83.224  2.069 0.5000000000
11321  -11.994  -82.222  2.425 0.6000000238
10648  -12.505  -83.112  2.132 0.6000000238
11936  -10.118  -80.833  3.384 0.6000000238
11320  -11.007  -82.294  2.283 0.6000000238
8080  -14.153  -87.396  -0.214 0.4000000060
11947  -11.483  -81.346  2.721 0.6000000238
7476  -13.094  -88.580  -0.290 0.5000000000
6840  -12.600  -88.954  0.081 0.6000000238
6835  -12.810  -90.036  1.326 0.6000000238
6239  -14.081  -90.586  2.816 0.6999999881
150211  -13.544  -90.157  2.269 0.6000000238
5679  -14.266  -91.102  3.540 0.6999999881
134078  -13.472  -92.483  3.779 0.6000000238
5181  -13.486  -92.714  2.759 0.6000000238
4647  -12.274  -94.343  3.784 0.6000000238
3234  -14.577  -95.706  10.600 0.6000000238
2837  -14.892  -97.098  9.495 0.6000000238
2851  -14.456  -97.738  9.001 0.6999999881
2866  -14.728  -98.072  8.159 0.6999999881
2469  -14.858  -98.283  7.326 0.6999999881
128004  -12.574  -95.981  3.810 0.6000000238
3651  -14.407  -94.938  10.665 0.6000000238
2483  -14.946  -98.424  6.422 0.6999999881
3719  -14.220  -95.882  5.347 0.6000000238
4579  -14.766  -93.566  9.392 0.4000000060
4552  -15.597  -93.361  10.254 0.4000000060
3653  -15.746  -94.575  10.437 0.5000000000
3667  -15.504  -95.442  10.302 0.6000000238
2852  -15.216  -97.485  8.599 0.6000000238
2874  -15.612  -97.997  6.869 0.6000000238
4180  -15.261  -95.003  5.679 0.5000000000
4626  -15.848  -94.190  6.054 0.5000000000
4608  -15.668  -93.796  6.845 0.5000000000
4590  -14.830  -93.791  8.287 0.5000000000
4129  -16.573  -94.292  10.155 0.4000000060
3679  -16.795  -95.582  9.048 0.6000000238
10662  -15.187  -83.730  1.836 0.6000000238
140756  -13.998  -85.294  0.959 0.6000000238
9382  -16.073  -85.365  1.265 0.6000000238
11948  -12.439  -81.280  2.849 0.6000000238
11323  -14.076  -82.040  2.591 0.5000000000
11950  -14.651  -81.214  2.919 0.6000000238
11929  -14.448  -80.802  4.080 0.6000000238
8725  -14.746  -86.687  0.248 0.6000000238
11925  -10.840  -80.627  4.151 0.6999999881
11927  -12.663  -80.892  4.281 0.6000000238
11287  -13.922  -81.545  5.580 0.6000000238
7477  -13.947  -89.029  -0.616 0.5000000000
8081  -15.176  -87.363  -0.030 0.6000000238
11284  -10.946  -81.921  5.667 0.6000000238
11286  -12.907  -81.887  5.538 0.6999999881
6267  -13.862  -90.186  -0.568 0.5000000000
11285  -11.940  -81.960  5.615 0.6999999881
6260  -13.227  -90.248  -0.171 0.6000000238
10603  -12.207  -83.513  6.595 0.6000000238
5686  -14.079  -91.424  2.275 0.6000000238
6253  -13.915  -91.284  1.115 0.6000000238
5698  -14.270  -92.035  1.174 0.6000000238
5182  -13.962  -92.226  2.130 0.6000000238
4656  -12.949  -93.645  2.366 0.6000000238
3745  -12.742  -95.262  2.222 0.6000000238
3323  -15.324  -96.232  2.184 0.6000000238
3315  -13.069  -96.189  3.052 0.6000000238
3748  -16.161  -95.895  2.692 0.6000000238
3738  -15.205  -95.858  3.984 0.6000000238
3264  -16.414  -96.378  8.593 0.6000000238
2853  -15.973  -97.131  8.158 0.6000000238
2868  -16.204  -97.401  7.280 0.6000000238
4193  -16.171  -95.020  4.406 0.5000000000
4627  -16.544  -93.871  5.703 0.5000000000
4592  -16.082  -93.094  7.317 0.5000000000
132564  -17.227  -97.328  5.957 0.6000000238
3669  -17.137  -94.758  9.504 0.4000000060
3265  -17.205  -95.964  8.147 0.6000000238
3274  -16.729  -96.697  7.687 0.6000000238
141541  -15.734  -82.761  2.139 0.6000000238
10651  -16.838  -82.638  1.989 0.5000000000
10663  -17.370  -83.358  1.725 0.6000000238
9987  -18.021  -84.038  1.850 0.5000000000
10650  -14.608  -82.912  2.231 0.6000000238
11310  -16.235  -81.401  3.007 0.6000000238
9996  -15.742  -84.520  1.471 0.5000000000
9383  -17.020  -84.750  1.647 0.5000000000
8715  -16.359  -85.946  1.391 0.5000000000
11941  -15.153  -80.953  3.400 0.5000000000
11324  -16.184  -81.877  2.470 0.6000000238
126127  -14.636  -81.045  5.124 0.5000000000
8714  -15.640  -86.767  0.508 0.6000000238
10604  -13.082  -83.272  6.722 0.6999999881
11267  -13.445  -82.421  6.209 0.6000000238
10585  -13.507  -83.695  7.421 0.6000000238
132648  -14.400  -90.987  -0.464 0.5000000000
9923  -12.380  -84.804  7.607 0.5000000000
9943  -12.733  -84.073  7.167 0.6999999881
5711  -14.101  -91.370  0.337 0.5000000000
5189  -14.428  -92.878  0.703 0.5000000000
4657  -13.628  -93.095  1.858 0.6000000238
3341  -14.697  -95.697  0.364 0.6000000238
3754  -13.265  -95.641  1.599 0.5000000000
3332  -15.243  -96.285  1.374 0.6000000238
130804  -14.654  -96.289  1.691 0.6000000238
4201  -16.727  -95.030  3.831 0.5000000000
4141  -18.116  -94.292  9.168 0.5000000000
3694  -18.114  -95.596  7.827 0.5000000000
3284  -17.985  -96.696  6.376 0.6000000238
11311  -17.250  -82.012  2.901 0.6000000238
10653  -18.121  -83.302  1.901 0.6000000238
11301  -16.849  -82.318  4.631 0.6000000238
9369  -16.767  -85.604  1.818 0.5000000000
11918  -15.903  -81.383  4.629 0.6000000238
11917  -15.325  -81.330  5.422 0.6999999881
8083  -16.893  -87.671  0.837 0.6000000238
11249  -13.924  -82.880  6.903 0.6000000238
142010  -14.250  -82.110  6.374 0.6000000238
7479  -16.609  -88.160  -0.048 0.6000000238
10575  -13.778  -84.003  8.191 0.6000000238
10576  -14.262  -83.624  8.528 0.6000000238
6849  -14.721  -89.724  -0.822 0.5000000000
141275  -14.738  -92.171  0.404 0.5000000000
9288  -12.351  -85.580  8.700 0.5000000000
9904  -12.760  -85.156  8.313 0.6000000238
4225  -13.817  -94.482  0.602 0.5000000000
3780  -15.444  -95.040  -0.295 0.6000000238
3766  -14.207  -95.117  0.294 0.5000000000
3343  -16.993  -96.056  0.264 0.5000000000
3333  -16.178  -96.152  1.563 0.5000000000
3695  -18.923  -95.382  7.822 0.6000000238
3276  -18.757  -96.012  7.080 0.6000000238
11302  -18.040  -82.817  4.199 0.6000000238
11313  -18.625  -83.105  2.800 0.5000000000
9371  -18.368  -84.292  2.378 0.5000000000
11289  -17.387  -82.780  5.463 0.6999999881
129951  -17.662  -85.198  2.833 0.5000000000
11251  -15.720  -82.202  7.492 0.6999999881
11288  -16.148  -82.078  5.587 0.6000000238
8693  -16.949  -86.813  3.028 0.5000000000
11250  -14.797  -82.295  7.120 0.6000000238
8052  -16.709  -86.722  1.950 0.5000000000
7461  -17.463  -88.284  0.342 0.6000000238
10564  -15.060  -83.018  9.622 0.6999999881
6851  -16.705  -88.950  -0.551 0.6000000238
10563  -14.459  -83.687  9.229 0.6000000238
6863  -16.379  -90.110  -0.959 0.6000000238
9865  -13.732  -84.879  11.166 0.6999999881
9892  -14.033  -84.447  9.651 0.6999999881
5719  -15.162  -91.694  -0.255 0.5000000000
5725  -15.083  -91.001  -0.695 0.5000000000
9289  -12.912  -85.426  9.078 0.6000000238
5205  -15.419  -92.735  -0.046 0.5000000000
9255  -12.627  -85.612  10.715 0.5000000000
4687  -15.900  -93.839  -0.461 0.6000000238
4686  -15.261  -93.753  -0.152 0.5000000000
9254  -11.906  -85.885  10.875 0.6000000238
4236  -14.894  -94.354  -0.045 0.5000000000
3342  -16.253  -96.051  0.001 0.6000000238
3769  -18.840  -95.413  0.244 0.5000000000
10605  -18.626  -82.855  4.677 0.6999999881
10632  -19.229  -83.202  4.050 0.5000000000
9967  -19.331  -84.237  3.617 0.5000000000
11253  -17.705  -82.366  7.091 0.8000000119
128047  -17.533  -82.657  6.408 0.6999999881
9357  -18.610  -84.642  3.174 0.5000000000
151084  -17.319  -86.283  4.127 0.5000000000
137246  -16.210  -82.077  8.928 0.6999999881
11252  -16.804  -82.404  7.428 0.6999999881
140115  -16.373  -82.375  6.605 0.8000000119
127872  -15.988  -82.202  8.213 0.6999999881
8682  -17.070  -86.947  3.974 0.5000000000
144712  -15.485  -82.643  10.250 0.6999999881
130527  -15.709  -82.349  9.588 0.6999999881
7433  -17.196  -87.677  1.911 0.6000000238
8039  -17.055  -87.339  2.704 0.5000000000
10529  -15.146  -83.043  11.755 0.6000000238
10550  -15.155  -83.171  10.670 0.6000000238
6864  -17.084  -89.589  -0.768 0.6000000238
9866  -14.208  -84.262  11.676 0.6999999881
9878  -14.249  -84.414  10.690 0.6999999881
5726  -15.847  -91.482  -0.617 0.6000000238
6276  -16.796  -90.996  -0.872 0.6000000238
9852  -13.431  -84.557  12.150 0.6000000238
5213  -16.463  -93.146  -0.447 0.6000000238
4238  -16.241  -94.309  -0.557 0.6000000238
9242  -11.503  -85.593  11.699 0.6000000238
3787  -16.893  -94.715  -0.559 0.6000000238
129918  -18.182  -95.435  -0.095 0.5000000000
143881  -18.536  -81.988  6.558 0.6000000238
11271  -19.811  -82.400  5.018 0.5000000000
10621  -19.704  -82.881  4.549 0.5000000000
9332  -18.158  -85.491  5.153 0.5000000000
11871  -17.706  -81.525  8.280 0.8000000119
8670  -17.525  -86.594  5.479 0.5000000000
11842  -16.368  -81.388  10.424 0.6999999881
7462  -18.330  -88.414  0.499 0.6000000238
11852  -9.004  -81.831  8.896 0.6000000238
11185  -15.502  -82.165  11.924 0.8000000119
11853  -9.752  -82.572  9.116 0.6000000238
11168  -14.494  -82.214  12.824 0.6999999881
11818  -15.146  -81.752  12.544 0.8000000119
6852  -17.572  -89.062  -0.515 0.6000000238
10527  -9.597  -83.244  11.744 0.6000000238
11167  -13.776  -82.790  12.968 0.6000000238
137379  -17.802  -91.613  -0.683 0.6000000238
5214  -17.424  -92.724  -0.581 0.6000000238
11164  -11.036  -83.085  12.452 0.6000000238
9850  -11.751  -84.087  12.877 0.6000000238
9851  -12.599  -84.375  12.638 0.6000000238
4695  -17.261  -93.722  -0.632 0.6000000238
138981  -18.006  -93.325  -0.676 0.6000000238
9228  -12.721  -85.001  12.071 0.5000000000
4248  -18.357  -94.607  -0.618 0.5000000000
3784  -19.849  -94.834  -0.382 0.5000000000
4249  -19.961  -94.539  -0.825 0.5000000000
11898  -20.336  -81.515  5.446 0.5000000000
11272  -20.500  -82.215  5.330 0.5000000000
11883  -18.428  -81.457  7.256 0.6000000238
12505  -18.967  -80.786  6.641 0.5000000000
144754  -16.796  -81.241  9.737 0.8000000119
12495  -18.194  -80.808  8.044 0.6999999881
12481  -16.723  -80.557  10.266 0.8000000119
148401  -16.247  -80.880  11.143 0.8000000119
7434  -18.003  -88.277  2.209 0.6000000238
8027  -17.930  -87.950  4.706 0.5000000000
12463  -8.111  -80.234  10.419 0.6000000238
12452  -15.830  -80.445  11.843 0.8000000119
7435  -19.020  -88.370  2.383 0.5000000000
11838  -10.468  -81.756  9.379 0.6999999881
12476  -9.628  -81.317  9.736 0.6000000238
11817  -14.447  -81.332  12.772 0.8000000119
6865  -17.932  -89.657  -0.759 0.6000000238
145542  -18.813  -88.660  -0.118 0.6000000238
7447  -18.771  -88.359  1.372 0.6000000238
137663  -10.661  -82.700  9.462 0.6000000238
141076  -18.613  -90.900  -0.838 0.6000000238
145538  -17.769  -90.775  -0.863 0.6000000238
6854  -19.241  -89.069  -0.545 0.6000000238
11182  -10.482  -83.048  11.822 0.6000000238
141955  -12.860  -82.840  13.041 0.6000000238
11816  -13.674  -81.474  12.755 0.5000000000
137378  -18.987  -91.729  -0.781 0.6000000238
11165  -11.937  -82.759  12.648 0.6000000238
4697  -19.688  -93.783  -1.077 0.6000000238
5216  -19.388  -92.743  -0.936 0.6000000238
150713  -21.083  -93.029  -1.384 0.5000000000
4699  -21.225  -93.821  -1.298 0.5000000000
4250  -20.921  -94.289  -1.072 0.5000000000
135104  -22.964  -93.792  -1.021 0.5000000000
13134  -18.450  -80.171  7.527 0.6000000238
13114  -17.172  -79.905  9.637 0.6999999881
13675  -7.109  -77.881  11.386 0.6000000238
13693  -7.227  -78.800  11.219 0.6000000238
13076  -16.075  -79.614  11.266 0.8000000119
7414  -18.509  -88.252  4.077 0.5000000000
13070  -7.993  -79.255  11.693 0.6000000238
13680  -15.684  -79.118  11.233 0.8000000119
7425  -19.189  -88.321  3.388 0.5000000000
12464  -9.097  -80.492  10.642 0.6999999881
13073  -14.096  -79.721  11.480 0.8000000119
7463  -19.254  -88.457  0.507 0.6000000238
130946  -19.842  -88.322  1.969 0.6000000238
12477  -10.858  -81.151  9.379 0.8000000119
11831  -13.344  -81.036  12.166 0.6999999881
6278  -19.221  -90.300  -0.897 0.6000000238
7483  -20.393  -88.667  -0.235 0.6000000238
11216  -11.468  -82.589  9.717 0.6999999881
11199  -11.863  -82.555  10.524 0.6999999881
11815  -12.922  -81.692  12.439 0.6000000238
141075  -19.587  -91.002  -0.979 0.6000000238
6856  -21.310  -89.170  -0.905 0.6000000238
11183  -11.331  -82.719  11.658 0.6000000238
6280  -20.993  -90.371  -1.274 0.5000000000
137376  -21.017  -92.158  -1.374 0.5000000000
133962  -17.974  -79.580  8.193 0.6000000238
13731  -18.431  -79.531  7.154 0.5000000000
139058  -7.533  -74.865  10.389 0.6000000238
13714  -17.374  -79.191  9.060 0.6999999881
135925  -7.160  -76.253  11.067 0.6000000238
13113  -16.838  -79.194  9.947 0.6999999881
13713  -16.586  -78.470  9.676 0.6000000238
13676  -7.693  -78.495  11.975 0.6000000238
14922  -7.176  -76.999  11.595 0.6000000238
13712  -15.948  -78.346  10.279 0.6000000238
14336  -15.217  -78.172  10.180 0.6999999881
13072  -9.549  -79.222  11.698 0.8000000119
13096  -14.463  -79.153  11.106 0.6999999881
134540  -14.482  -78.359  9.843 0.6000000238
12465  -10.040  -80.586  10.350 0.8000000119
12467  -13.617  -80.216  10.781 0.8000000119
13132  -13.288  -79.812  8.578 0.6999999881
11855  -12.047  -81.919  9.283 0.6999999881
12479  -12.543  -81.319  8.987 0.6000000238
12494  -13.033  -80.688  8.815 0.8000000119
16932  -7.882  -74.218  9.586 0.6000000238
15515  -7.329  -75.363  11.500 0.6000000238
14291  -8.058  -77.313  12.915 0.6999999881
14360  -13.757  -77.847  8.016 0.6000000238
145800  -8.851  -78.413  12.584 0.6999999881
13678  -9.758  -78.605  11.876 0.6999999881
13728  -13.469  -78.800  8.348 0.6999999881
13148  -12.762  -79.585  7.729 0.6000000238
152257  -9.842  -79.026  11.481 0.8000000119
13695  -10.076  -79.447  10.424 0.6000000238
13111  -10.975  -80.711  8.930 0.5000000000
13131  -12.515  -80.379  8.066 0.6999999881
13746  -11.317  -79.448  6.818 0.6999999881
13766  -11.711  -78.698  6.436 0.6000000238
13094  -10.354  -80.238  10.016 0.8000000119
134946  -10.791  -80.282  8.227 0.6000000238
12493  -12.297  -80.873  8.491 0.6000000238
137030  -8.703  -73.112  9.487 0.6000000238
16914  -8.442  -73.040  10.400 0.6000000238
134844  -7.529  -74.264  11.447 0.6999999881
152176  -7.770  -74.113  10.468 0.6000000238
15495  -7.468  -75.601  12.527 0.6999999881
14885  -8.348  -76.566  13.292 0.6999999881
14311  -8.844  -77.844  12.934 0.6999999881
140670  -9.869  -77.804  12.139 0.6000000238
13748  -12.987  -78.544  7.506 0.6000000238
14326  -9.853  -78.138  11.482 0.6000000238
13726  -9.660  -78.894  8.811 0.6000000238
147125  -12.123  -77.915  6.166 0.5000000000
13765  -10.885  -78.800  6.244 0.6000000238
14396  -11.422  -78.067  5.912 0.5000000000
14991  -11.692  -76.607  5.535 0.5000000000
14393  -9.443  -77.798  6.681 0.6000000238
14414  -10.388  -77.275  5.589 0.5000000000
19179  -9.678  -70.904  8.678 0.6000000238
17639  -9.172  -72.480  9.849 0.6000000238
134710  -7.886  -73.541  10.927 0.6999999881
149331  -8.611  -72.468  10.862 0.6999999881
129208  -7.529  -73.925  12.362 0.6999999881
130854  -7.702  -75.029  13.029 0.6999999881
152584  -8.148  -75.322  13.382 0.6000000238
14886  -9.330  -76.511  13.277 0.5000000000
14923  -9.923  -76.962  12.273 0.6999999881
15516  -9.912  -76.022  12.378 0.6000000238
142623  -9.778  -77.334  11.313 0.6000000238
150926  -9.526  -77.356  10.342 0.6000000238
15537  -9.450  -75.802  9.754 0.6000000238
14376  -9.153  -77.643  7.554 0.6000000238
14954  -9.051  -76.813  8.151 0.5000000000
15551  -9.796  -75.177  8.070 0.5000000000
15567  -9.919  -75.312  7.040 0.5000000000
23205  -9.398  -65.486  10.314 0.6999999881
22334  -9.849  -66.064  9.731 0.6999999881
23193  -9.793  -64.627  10.550 0.6999999881
19168  -10.159  -70.148  9.206 0.6000000238
21526  -10.166  -67.437  9.438 0.6999999881
24095  -10.390  -64.817  10.647 0.6999999881
151509  -10.508  -64.120  11.562 0.6999999881
24068  -10.591  -63.954  12.227 0.6000000238
18402  -9.982  -71.100  9.500 0.6999999881
19957  -10.233  -69.115  9.431 0.6999999881
21515  -10.411  -67.736  9.982 0.6999999881
23194  -10.853  -65.230  10.956 0.6999999881
133274  -9.078  -71.783  10.879 0.6999999881
19156  -10.183  -70.452  10.091 0.6999999881
22322  -10.760  -66.585  10.834 0.6999999881
16161  -7.683  -74.104  13.024 0.6999999881
16145  -8.947  -74.451  13.558 0.6000000238
15481  -9.342  -75.746  13.390 0.6000000238
15497  -9.843  -75.140  12.673 0.6000000238
16162  -10.086  -74.174  12.137 0.6000000238
14932  -9.796  -76.401  11.496 0.6000000238
15526  -9.784  -75.631  11.545 0.6000000238
16181  -9.984  -74.164  11.258 0.6000000238
16213  -9.651  -74.931  10.064 0.5000000000
16193  -9.983  -74.236  10.377 0.6000000238
16916  -11.248  -73.536  10.524 0.6000000238
15550  -9.323  -75.875  8.681 0.5000000000
16232  -9.727  -75.064  9.096 0.5000000000
16194  -10.652  -73.898  9.920 0.5000000000
23192  -8.815  -64.904  10.917 0.6999999881
24082  -10.124  -64.025  11.057 0.6999999881
149671  -10.147  -63.349  12.425 0.6000000238
24034  -10.156  -63.234  13.991 0.6000000238
24035  -10.508  -64.209  14.310 0.6000000238
23159  -10.935  -64.586  13.684 0.4000000060
22323  -11.045  -66.020  11.303 0.6000000238
24084  -11.044  -64.942  11.611 0.5000000000
24050  -11.061  -64.562  12.791 0.5000000000
148729  -11.723  -65.657  14.281 0.4000000060
23146  -11.409  -65.710  15.107 0.5000000000
133265  -8.282  -72.052  11.709 0.6999999881
140581  -9.707  -70.505  11.157 0.8000000119
20720  -10.502  -68.267  10.841 0.6999999881
22310  -11.468  -66.122  12.353 0.5000000000
21467  -12.141  -66.498  13.167 0.4000000060
22296  -12.127  -66.037  13.680 0.4000000060
22283  -12.199  -66.276  14.612 0.4000000060
22284  -12.470  -66.855  15.248 0.4000000060
18370  -8.622  -71.285  11.948 0.8000000119
18371  -9.063  -70.637  12.055 0.8000000119
19142  -10.345  -69.163  11.586 0.8000000119
149085  -10.555  -68.464  11.546 0.8000000119
20692  -11.329  -68.006  12.453 0.6000000238
21483  -11.777  -67.123  12.719 0.5000000000
21468  -12.495  -67.295  13.345 0.4000000060
22297  -12.601  -66.706  13.839 0.4000000060
17622  -7.838  -72.571  12.310 0.6999999881
16856  -8.021  -73.299  13.334 0.8000000119
18339  -8.900  -71.651  13.363 0.6999999881
17586  -9.631  -72.217  13.416 0.5000000000
20693  -12.127  -67.872  12.943 0.5000000000
137465  -12.800  -68.223  13.453 0.4000000060
21455  -13.122  -67.383  14.828 0.4000000060
16857  -8.870  -73.592  13.560 0.6000000238
16146  -10.000  -74.182  12.818 0.5000000000
16859  -10.318  -73.385  13.021 0.5000000000
16881  -10.706  -73.318  12.199 0.6000000238
16902  -10.601  -73.599  11.352 0.6000000238
16903  -11.437  -73.211  11.368 0.6000000238
130505  -9.588  -63.405  11.433 0.6000000238
24935  -8.794  -62.629  12.286 0.5000000000
24937  -9.929  -62.908  13.014 0.5000000000
24906  -9.856  -62.680  14.633 0.4000000060
24021  -10.229  -63.775  15.094 0.5000000000
141115  -10.570  -64.583  15.080 0.5000000000
23119  -10.804  -65.155  16.227 0.5000000000
23133  -11.137  -65.787  15.918 0.5000000000
23102  -11.219  -65.744  17.583 0.5000000000
22273  -11.733  -66.337  15.595 0.5000000000
22244  -11.531  -66.469  17.977 0.5000000000
19128  -10.008  -69.914  12.428 0.6999999881
19915  -10.611  -69.237  12.264 0.6000000238
19129  -11.008  -69.743  12.606 0.5000000000
19916  -11.346  -68.980  12.632 0.5000000000
22274  -11.989  -67.001  16.145 0.5000000000
22262  -11.720  -67.010  17.199 0.5000000000
19107  -8.537  -71.366  13.112 0.8000000119
19108  -8.985  -70.933  13.172 0.6999999881
18340  -9.712  -71.342  13.274 0.6000000238
149827  -12.013  -69.153  12.884 0.5000000000
19899  -12.653  -69.287  13.215 0.4000000060
20667  -13.398  -68.075  14.249 0.5000000000
21447  -12.778  -67.481  15.773 0.4000000060
21440  -12.357  -67.648  16.759 0.5000000000
130228  -10.740  -71.963  13.085 0.5000000000
18341  -11.747  -71.529  12.847 0.5000000000
19110  -11.656  -70.528  12.824 0.6000000238
19111  -12.655  -70.281  13.108 0.5000000000
19112  -13.436  -69.940  13.705 0.5000000000
19887  -13.855  -69.390  14.443 0.5000000000
16860  -11.096  -72.689  12.626 0.5000000000
17587  -11.723  -72.201  12.733 0.5000000000
18342  -12.581  -71.222  13.045 0.5000000000
17609  -12.220  -72.609  12.450 0.6000000238
17588  -12.588  -72.192  12.904 0.6000000238
25717  -8.999  -61.802  13.314 0.5000000000
25703  -9.337  -61.796  14.199 0.5000000000
25688  -9.582  -62.037  15.204 0.4000000060
24891  -9.954  -62.998  15.610 0.4000000060
25702  -8.557  -61.364  13.864 0.5000000000
26397  -9.290  -61.503  15.862 0.4000000060
24022  -10.526  -64.529  15.753 0.6000000238
24006  -10.596  -64.464  16.534 0.5000000000
23101  -10.901  -65.091  17.043 0.5000000000
23987  -11.097  -64.996  18.003 0.4000000060
23091  -11.485  -65.758  18.760 0.4000000060
128715  -11.729  -65.347  19.684 0.4000000060
26396  -8.969  -61.124  16.687 0.4000000060
130814  -9.439  -61.842  16.594 0.4000000060
25673  -9.657  -62.362  16.119 0.4000000060
24877  -10.113  -63.039  16.457 0.5000000000
24892  -10.263  -63.811  16.049 0.5000000000
24864  -10.675  -63.519  17.761 0.5000000000
132530  -9.802  -62.391  16.910 0.4000000060
25658  -9.909  -62.317  17.785 0.4000000060
25659  -10.455  -62.841  18.193 0.5000000000
24853  -10.854  -63.412  18.706 0.4000000060
23971  -11.041  -64.149  18.344 0.4000000060
23972  -11.368  -64.829  19.022 0.4000000060
23959  -11.727  -64.716  20.018 0.4000000060
27063  -8.265  -60.496  17.302 0.4000000060
26378  -8.901  -61.287  17.620 0.4000000060
26379  -9.397  -61.794  17.330 0.4000000060
26358  -7.884  -61.443  19.247 0.4000000060
26348  -8.720  -61.958  19.319 0.4000000060
26349  -9.289  -61.854  18.372 0.4000000060
25636  -9.462  -62.359  19.371 0.4000000060
25646  -10.020  -62.478  18.786 0.5000000000
25647  -10.552  -62.929  19.052 0.5000000000
24837  -10.940  -63.379  19.652 0.4000000060
24838  -11.287  -64.036  19.464 0.4000000060
25637  -10.156  -62.926  20.069 0.4000000060
25628  -10.443  -63.025  21.074 0.4000000060
25629  -11.311  -62.964  21.036 0.4000000060
142501  -11.382  -63.707  20.228 0.4000000060
23945  -11.876  -64.095  20.485 0.4000000060
27048  -7.082  -60.681  19.146 0.4000000060
26347  -7.212  -61.729  20.181 0.3000000119
26339  -8.114  -62.276  20.280 0.3000000119
25635  -9.073  -62.561  20.321 0.4000000060
26314  -6.556  -60.874  22.348 0.4000000060
136011  -7.187  -62.147  21.872 0.3000000119
26338  -7.560  -62.355  21.235 0.3000000119
25626  -8.508  -62.613  21.261 0.4000000060
27031  -9.668  -61.066  21.623 0.5000000000
26332  -10.824  -61.761  21.373 0.4000000060
26340  -11.617  -62.129  21.127 0.4000000060
25631  -13.615  -62.515  20.179 0.3000000119
27841  -9.478  -59.926  20.710 0.5000000000
27041  -10.156  -60.410  20.844 0.5000000000
27042  -10.909  -60.505  20.568 0.4000000060
27043  -11.712  -61.101  20.628 0.4000000060
26341  -12.556  -61.545  20.441 0.3000000119
26337  -6.576  -61.731  21.191 0.4000000060
27008  -6.504  -60.169  22.372 0.4000000060
27029  -7.299  -60.497  22.348 0.4000000060
148695  -8.147  -60.241  21.863 0.5000000000
27828  -8.886  -60.560  21.691 0.5000000000
27839  -7.562  -59.456  21.594 0.4000000060
27840  -8.526  -59.677  21.039 0.5000000000
27847  -8.875  -59.230  20.051 0.5000000000
27848  -9.706  -59.348  19.660 0.4000000060
27049  -11.054  -59.798  19.597 0.4000000060
147045  -12.174  -60.216  19.307 0.3000000119
28693  -8.317  -58.719  19.512 0.3000000119
28694  -9.121  -58.980  19.163 0.3000000119
28695  -9.899  -59.107  18.859 0.3000000119
27028  -6.017  -60.873  22.177 0.4000000060
28687  -7.150  -58.676  20.888 0.3000000119
29584  -6.688  -58.264  20.212 0.4000000060
128365  -11.095  -59.474  18.839 0.3000000119
28686  -6.279  -58.448  21.051 0.3000000119
29587  -5.713  -57.288  18.934 0.3000000119
10660  -12.995  -83.914  1.763 0.6000000238
10661  -14.062  -83.829  1.849 0.5000000000
13745  -10.488  -79.310  6.895 0.6000000238
13727  -10.252  -79.637  7.910 0.6000000238
4654  -10.242  -93.054  1.941 0.5000000000
5173  -10.322  -91.994  4.176 0.6000000238
148265  -10.987  -88.745  5.211 0.5000000000
5153  -10.030  -92.381  5.924 0.6999999881
4177  -9.103  -94.561  5.988 0.6999999881
142180  -9.455  -94.760  6.656 0.6999999881
5140  -12.656  -92.002  6.996 0.6999999881
4164  -9.954  -94.361  7.092 0.6999999881
137811  -10.983  -93.883  7.199 0.6999999881
6826  -12.485  -89.319  1.775 0.5000000000
3246  -10.203  -96.960  9.899 0.6999999881
5167  -13.428  -92.264  4.976 0.6999999881
5166  -12.695  -93.006  5.631 0.6999999881
3247  -10.926  -96.529  10.091 0.6999999881
4192  -11.994  -94.810  4.878 0.6999999881
9380  -12.945  -85.293  0.733 0.6000000238
3649  -12.843  -95.965  10.865 0.6999999881
4655  -12.489  -94.231  2.866 0.6000000238
147181  -12.940  -96.287  4.706 0.6000000238
3693  -13.813  -95.558  7.112 0.5000000000
12532  -12.256  -80.742  3.639 0.6999999881
3736  -12.578  -95.568  3.017 0.6000000238
3263  -15.645  -96.756  9.052 0.6000000238
2867  -15.448  -97.782  7.735 0.6000000238
3730  -14.093  -96.202  4.356 0.5000000000
4642  -16.752  -94.256  4.934 0.5000000000
3680  -17.645  -95.202  8.660 0.5000000000
11949  -13.548  -81.158  2.966 0.6000000238
11915  -12.315  -81.249  4.996 0.6999999881
7478  -15.112  -88.799  -0.651 0.6000000238
4215  -13.051  -94.946  1.381 0.5000000000
3321  -13.441  -96.146  2.292 0.5000000000
3747  -15.235  -96.111  3.088 0.6000000238
3322  -14.311  -96.330  2.438 0.5000000000
3739  -16.096  -95.539  3.569 0.5000000000
2869  -17.007  -96.995  6.814 0.6000000238
3682  -19.527  -94.817  8.203 0.5000000000
10587  -15.120  -82.511  8.044 0.6000000238
7413  -17.862  -88.113  3.877 0.5000000000
10562  -9.019  -83.259  9.529 0.6000000238
9849  -10.442  -84.269  12.701 0.6000000238
4247  -17.550  -94.383  -0.623 0.6000000238
11198  -10.369  -83.192  10.530 0.6000000238
13059  -14.886  -79.922  12.236 0.8000000119
137283  -11.155  -82.975  10.358 0.6000000238
6867  -19.821  -89.594  -0.807 0.6000000238
11184  -12.231  -82.165  11.813 0.6000000238
5727  -20.532  -91.102  -1.239 0.6000000238
13696  -14.162  -79.003  10.271 0.8000000119
133523  -20.544  -88.303  0.874 0.6000000238
11840  -13.237  -80.943  11.095 0.6000000238
12466  -12.796  -81.634  10.337 0.6999999881
12478  -11.740  -81.235  8.869 0.6000000238
14345  -9.434  -78.001  9.688 0.6000000238
13129  -11.011  -80.014  7.435 0.6999999881
14359  -9.168  -77.868  8.527 0.6000000238
15566  -9.579  -76.202  6.576 0.5000000000
15482  -9.592  -75.024  13.205 0.5000000000
128661  -9.224  -76.877  9.414 0.6000000238
16233  -10.341  -74.601  8.551 0.5000000000
22347  -9.671  -66.863  9.552 0.6999999881
20733  -10.055  -67.949  9.074 0.6000000238
22349  -10.300  -66.005  9.929 0.6999999881
19942  -10.406  -69.053  10.385 0.8000000119
21499  -11.087  -66.997  11.740 0.6000000238
24936  -9.525  -62.925  12.121 0.6000000238
23160  -11.563  -65.273  13.443 0.5000000000
23178  -11.383  -65.210  12.430 0.5000000000
20658  -13.534  -68.072  15.277 0.5000000000
24918  -9.231  -62.385  12.817 0.5000000000
22261  -11.430  -66.400  16.431 0.5000000000
19109  -9.724  -70.591  12.975 0.6000000238
133420  -10.697  -71.011  12.983 0.6000000238
26410  -8.985  -61.109  14.816 0.5000000000
23986  -10.781  -64.327  17.392 0.5000000000
24863  -10.315  -62.915  17.284 0.6000000238
27062  -7.695  -60.514  18.285 0.4000000060
26359  -8.482  -61.231  18.364 0.4000000060
24824  -11.063  -63.255  20.525 0.4000000060
25627  -9.501  -62.781  21.164 0.4000000060
25621  -9.933  -62.541  21.535 0.4000000060
24825  -11.966  -63.376  20.756 0.4000000060
25630  -12.903  -62.965  20.667 0.4000000060
26329  -7.429  -61.731  22.317 0.3000000119
26330  -8.500  -62.111  22.289 0.5000000000
26331  -9.363  -62.132  22.061 0.4000000060
130720  -10.362  -61.085  21.312 0.5000000000
27032  -10.055  -61.846  21.715 0.4000000060
26342  -13.022  -62.193  20.506 0.4000000060
126009  -10.304  -59.827  20.075 0.5000000000
27050  -11.693  -60.277  19.831 0.4000000060
28688  -8.029  -58.953  20.481 0.4000000060
128418  -10.528  -59.234  18.617 0.4000000060
28692  -7.450  -58.452  19.852 0.4000000060
133534  -5.833  -57.801  20.162 0.3000000119
29588  -6.652  -57.982  19.176 0.3000000119
1516  -14.995  -100.758  3.420 0.5000000000
1503  -15.491  -101.265  3.453 0.5000000000
1232  -16.478  -102.353  4.352 0.5000000000
1494  -16.666  -101.689  3.778 0.5000000000
1222  -16.567  -102.743  5.159 0.5000000000
1495  -17.154  -101.857  4.190 0.5000000000
1478  -17.709  -102.186  5.952 0.6000000238
2125  -15.194  -100.109  3.196 0.5000000000
1517  -15.711  -100.543  3.300 0.5000000000
1504  -16.311  -100.988  3.316 0.5000000000
1505  -17.274  -101.116  3.597 0.5000000000
128912  -17.919  -101.785  6.626 0.6000000238
1506  -18.084  -100.959  3.835 0.6000000238
1488  -18.281  -101.854  5.249 0.6000000238
2124  -14.288  -100.094  3.085 0.4000000060
2490  -10.987  -98.392  4.824 0.4000000060
2491  -11.837  -98.489  5.131 0.4000000060
141040  -11.646  -98.516  4.003 0.5000000000
140955  -12.514  -98.814  3.713 0.5000000000
2520  -12.548  -99.253  2.699 0.5000000000
2105  -13.248  -99.224  3.537 0.5000000000
136714  -13.142  -98.830  4.651 0.5000000000
2123  -13.166  -99.870  2.819 0.5000000000
2106  -14.052  -99.616  3.396 0.5000000000
1470  -18.374  -101.361  6.921 0.6000000238
133181  -18.773  -100.754  7.269 0.6000000238
2107  -14.945  -99.795  3.265 0.5000000000
141685  -15.718  -99.877  3.190 0.5000000000
2506  -15.534  -98.905  4.211 0.5000000000
1471  -19.197  -101.247  6.555 0.6000000238
2108  -16.475  -99.863  3.133 0.5000000000
1786  -18.696  -100.377  3.684 0.6000000238
131905  -19.083  -101.480  5.406 0.6000000238
1762  -19.710  -100.742  6.940 0.6000000238
1489  -19.728  -101.098  5.310 0.6000000238
1768  -20.183  -100.915  6.309 0.6000000238
1763  -20.653  -100.514  6.761 0.6999999881
1481  -20.323  -100.920  5.884 0.6000000238
1764  -21.514  -100.305  6.626 0.6999999881
144574  -9.324  -98.649  6.725 0.6000000238
136956  -9.953  -98.606  7.362 0.6000000238
2464  -10.799  -98.569  8.139 0.6000000238
140436  -10.234  -98.534  6.331 0.5000000000
137382  -11.195  -98.451  5.865 0.5000000000
137383  -12.373  -98.557  7.175 0.6000000238
2504  -12.369  -98.624  4.625 0.5000000000
137381  -12.088  -98.529  5.874 0.5000000000
2493  -13.366  -98.717  5.649 0.5000000000
129346  -13.835  -98.850  5.088 0.5000000000
2494  -14.206  -98.694  5.851 0.5000000000
2505  -14.553  -98.874  4.795 0.5000000000
2060  -18.380  -99.541  8.499 0.6999999881
2061  -19.234  -99.321  8.280 0.6000000238
2451  -19.273  -98.538  8.834 0.8000000119
2507  -16.566  -98.759  3.939 0.5000000000
2522  -17.929  -99.163  3.269 0.5000000000
2110  -18.277  -99.603  3.284 0.6000000238
144200  -20.065  -99.847  7.571 0.6999999881
2062  -19.902  -99.044  8.232 0.6999999881
1497  -19.328  -100.808  4.458 0.6000000238
2069  -21.145  -99.949  7.282 0.6999999881
1778  -19.968  -100.484  4.580 0.6000000238
1775  -21.050  -100.506  5.708 0.6000000238
1776  -21.851  -100.180  5.814 0.6999999881
139158  -22.099  -99.981  7.128 0.6999999881
2065  -22.697  -99.412  7.613 0.6000000238
2462  -8.034  -98.438  7.667 0.5000000000
2463  -9.519  -98.489  8.367 0.6000000238
141374  -11.936  -98.558  7.971 0.6000000238
2482  -13.209  -98.602  7.075 0.6000000238
136059  -14.094  -98.565  6.953 0.6000000238
2495  -15.175  -98.571  5.400 0.5000000000
2484  -15.797  -98.168  5.963 0.6000000238
2437  -18.312  -98.499  9.439 0.6999999881
2881  -16.641  -97.877  5.519 0.5000000000
2854  -19.762  -97.856  9.171 0.5000000000
2824  -18.746  -96.824  10.435 0.6000000238
2496  -16.104  -98.391  4.960 0.6000000238
2509  -18.396  -98.591  3.598 0.5000000000
2452  -20.240  -98.465  8.569 0.6000000238
2524  -19.839  -98.886  3.499 0.5000000000
2063  -20.683  -99.194  7.995 0.6999999881
2453  -21.137  -98.518  8.383 0.6000000238
2112  -20.212  -99.206  3.614 0.5000000000
2064  -21.646  -99.311  7.781 0.6000000238
2857  -22.504  -97.935  8.738 0.6000000238
2098  -21.739  -99.111  4.396 0.5000000000
2083  -22.155  -99.669  5.228 0.6000000238
149332  -23.219  -99.572  7.344 0.5000000000
2076  -23.617  -99.525  6.531 0.5000000000
141801  -24.011  -98.780  8.224 0.5000000000
2443  -7.892  -98.072  8.113 0.6000000238
128375  -8.613  -98.274  8.353 0.6000000238
2864  -7.325  -97.920  7.765 0.4000000060
2875  -16.402  -97.634  6.410 0.5000000000
2838  -19.355  -97.176  9.799 0.6000000238
2882  -17.465  -97.694  5.123 0.5000000000
151229  -20.209  -97.356  9.373 0.5000000000
2510  -19.290  -98.479  3.693 0.5000000000
2839  -21.027  -97.185  9.337 0.5000000000
3251  -20.968  -96.618  9.775 0.5000000000
3237  -20.499  -96.192  10.153 0.5000000000
2511  -20.218  -98.309  3.851 0.5000000000
2856  -21.562  -97.857  8.802 0.5000000000
2841  -22.926  -97.280  9.208 0.5000000000
139695  -20.902  -98.368  3.933 0.6000000238
136822  -22.480  -97.806  4.365 0.6000000238
2455  -23.074  -98.745  8.225 0.5000000000
2858  -23.470  -98.078  8.727 0.6000000238
2514  -23.353  -98.644  4.905 0.6000000238
2498  -24.303  -98.280  5.216 0.5000000000
3294  -7.630  -96.261  6.259 0.4000000060
127146  -18.036  -97.240  5.498 0.5000000000
4122  -21.240  -95.100  10.758 0.5000000000
2883  -18.782  -97.467  4.949 0.5000000000
134134  -20.362  -97.685  4.423 0.5000000000
3239  -22.342  -96.463  9.770 0.5000000000
152142  -22.405  -95.359  10.683 0.5000000000
4110  -22.051  -94.353  11.381 0.5000000000
132136  -22.677  -93.043  12.650 0.5000000000
5022  -23.873  -92.042  14.100 0.5000000000
3297  -21.807  -97.051  5.270 0.6000000238
3307  -22.195  -97.528  4.482 0.6000000238
3253  -23.578  -96.723  9.695 0.5000000000
2897  -23.256  -97.463  4.607 0.6000000238
145480  -24.556  -96.814  9.883 0.5000000000
3310  -24.334  -96.593  4.749 0.5000000000
2887  -25.797  -96.953  5.338 0.5000000000
3708  -19.935  -95.986  7.062 0.5000000000
3659  -22.998  -95.789  10.373 0.5000000000
3640  -22.834  -94.997  11.069 0.5000000000
4542  -22.984  -93.644  12.273 0.5000000000
4531  -23.412  -93.206  12.864 0.5000000000
3286  -20.332  -96.539  6.413 0.5000000000
3709  -20.976  -95.989  6.960 0.6000000238
3660  -23.867  -95.392  10.895 0.5000000000
129070  -23.726  -94.738  11.559 0.5000000000
4510  -24.338  -93.363  13.190 0.5000000000
5040  -24.469  -92.738  13.809 0.5000000000
5562  -25.020  -91.954  14.736 0.5000000000
3309  -23.748  -96.700  4.828 0.5000000000
3240  -24.152  -96.147  10.302 0.5000000000
3222  -24.896  -95.852  10.857 0.5000000000
4156  -20.267  -94.829  7.935 0.5000000000
4097  -25.373  -94.409  12.663 0.5000000000
145227  -24.696  -93.942  12.729 0.5000000000
135562  -25.012  -93.285  13.613 0.5000000000
5007  -26.316  -92.311  15.147 0.4000000060
4511  -25.645  -93.609  13.697 0.4000000060
9984  -9.670  -84.141  2.228 0.4000000060
12475  -8.705  -80.949  9.681 0.5000000000
14930  -6.911  -77.108  10.552 0.5000000000
13692  -6.773  -78.186  10.547 0.5000000000
16212  -7.658  -74.900  9.195 0.5000000000
15536  -7.414  -75.511  9.812 0.5000000000
13110  -7.286  -79.741  9.955 0.5000000000
21514  -8.747  -67.256  10.112 0.5000000000
22321  -8.436  -65.904  10.903 0.5000000000
24067  -8.723  -63.352  11.782 0.5000000000
152024  -18.720  -96.518  6.452 0.5000000000
2876  -18.867  -96.928  5.830 0.5000000000
1479  -18.669  -101.722  6.102 0.6000000238
2109  -17.367  -99.659  3.199 0.6000000238
1480  -19.617  -101.318  5.996 0.6000000238
1787  -19.479  -100.065  3.807 0.6000000238
1770  -21.655  -100.295  6.291 0.6999999881
2479  -10.954  -98.523  6.915 0.6000000238
2508  -17.500  -98.660  3.669 0.5000000000
1780  -21.401  -99.877  4.978 0.6000000238
1765  -22.244  -100.067  6.634 0.6000000238
2084  -22.914  -99.622  5.722 0.6000000238
126237  -18.450  -97.406  10.250 0.6999999881
2893  -18.661  -97.969  4.184 0.5000000000
2113  -20.557  -98.775  3.710 0.5000000000
2099  -22.546  -98.906  4.654 0.6000000238
147704  -23.602  -99.507  7.200 0.5000000000
3254  -24.515  -97.395  9.409 0.5000000000
2840  -21.986  -97.225  9.259 0.5000000000
3658  -21.902  -95.636  10.415 0.5000000000
2885  -21.264  -97.615  4.466 0.5000000000
3295  -19.755  -96.905  5.898 0.5000000000
3298  -22.749  -96.868  5.085 0.5000000000
3287  -21.377  -96.568  6.237 0.5000000000
144474  -23.619  -94.200  12.066 0.5000000000
3641  -24.669  -95.166  11.492 0.5000000000
4096  -24.504  -94.456  12.165 0.5000000000
5024  -25.334  -92.837  14.213 0.5000000000
3628  -25.481  -95.052  12.069 0.4000000060
4499  -26.025  -93.418  14.138 0.4000000060
3612  -19.955  -95.017  13.530 0.5000000000
4080  -19.562  -94.356  12.990 0.6000000238
4527  -19.696  -93.905  12.309 0.6000000238
3627  -19.036  -95.266  12.225 0.6000000238
3210  -18.606  -96.601  12.081 0.4000000060
4528  -20.376  -92.962  12.672 0.4000000060
4109  -21.031  -94.380  11.224 0.4000000060
4108  -20.014  -94.334  11.473 0.5000000000
4107  -19.337  -94.689  11.830 0.6000000238
3639  -19.602  -95.076  11.201 0.5000000000
4121  -20.414  -94.965  10.906 0.4000000060
3626  -18.691  -95.913  11.960 0.5000000000
3656  -19.951  -95.599  10.611 0.5000000000
2823  -18.184  -97.042  10.982 0.6000000238
2436  -17.605  -98.713  10.035 0.6000000238
2055  -17.174  -99.499  9.898 0.6000000238
1755  -16.833  -100.212  9.402 0.6000000238
1760  -18.139  -100.220  8.051 0.6000000238
1758  -16.624  -101.128  8.220 0.6000000238
1761  -17.380  -101.332  7.426 0.5000000000
1469  -17.200  -102.051  6.807 0.5000000000
1207  -16.448  -102.366  6.789 0.4000000060
1215  -16.457  -102.884  6.004 0.5000000000
5006  -25.688  -92.339  14.801 0.3000000119
1231  -15.626  -102.619  4.210 0.4000000060
7436  -20.421  -88.187  2.286 0.4000000060
7437  -21.094  -88.035  2.135 0.4000000060
7465  -20.994  -88.364  0.254 0.5000000000
16933  -11.621  -74.021  9.612 0.5000000000
16917  -12.136  -73.528  10.865 0.5000000000
16182  -13.093  -73.993  10.872 0.5000000000
16905  -13.327  -73.892  11.763 0.4000000060
130569  -13.242  -71.853  13.393 0.4000000060
15518  -15.284  -75.140  11.743 0.4000000060
18343  -13.360  -70.933  13.576 0.4000000060
138450  -13.777  -72.357  13.841 0.4000000060
133615  -13.454  -72.819  13.282 0.4000000060
149284  -13.735  -70.534  13.941 0.4000000060
133033  -14.017  -71.074  14.294 0.4000000060
16148  -14.663  -74.788  13.550 0.4000000060
141529  -13.986  -70.213  14.379 0.4000000060
19095  -14.293  -70.633  14.948 0.4000000060
17558  -15.347  -73.159  15.852 0.4000000060
20659  -13.957  -68.886  15.247 0.4000000060
19087  -14.215  -69.827  15.287 0.4000000060
129973  -13.700  -68.577  15.967 0.4000000060
22233  -11.910  -66.673  19.035 0.3000000119
22245  -11.897  -67.106  18.245 0.4000000060
145646  -12.429  -64.531  20.510 0.3000000119
23077  -12.317  -65.201  20.344 0.3000000119
22222  -12.140  -66.063  19.979 0.3000000119
16184  -14.626  -75.116  11.941 0.4000000060
16164  -14.543  -75.042  12.808 0.4000000060
16884  -13.463  -73.629  12.672 0.4000000060
16163  -13.996  -74.572  12.253 0.4000000060
152352  -14.339  -74.170  13.750 0.4000000060
17566  -14.278  -73.321  14.177 0.4000000060
16132  -15.310  -74.843  13.872 0.4000000060
16842  -14.826  -74.348  14.265 0.4000000060
149466  -14.545  -72.231  15.107 0.4000000060
18323  -14.191  -72.153  14.516 0.4000000060
131818  -27.276  -96.889  19.236 0.3000000119
3535  -26.716  -96.115  18.922 0.3000000119
2736  -26.349  -97.564  19.439 0.4000000060
142517  -26.579  -96.955  19.068 0.3000000119
3554  -25.859  -95.658  18.558 0.4000000060
3147  -24.606  -96.120  18.670 0.3000000119
3148  -25.468  -96.216  18.705 0.3000000119
142701  -25.272  -95.137  18.261 0.4000000060
3127  -24.032  -96.617  19.306 0.3000000119
3552  -24.169  -95.603  18.200 0.3000000119
4039  -24.647  -95.054  17.977 0.3000000119
3146  -23.638  -96.265  18.625 0.3000000119
3566  -22.880  -95.366  17.538 0.3000000119
4037  -22.946  -94.641  17.159 0.3000000119
3161  -22.492  -96.083  17.625 0.3000000119
3580  -22.332  -95.423  17.022 0.3000000119
4047  -22.220  -94.439  16.518 0.3000000119
132979  -21.896  -96.393  16.906 0.3000000119
3579  -21.762  -95.413  16.365 0.3000000119
3589  -21.458  -95.250  15.508 0.3000000119
2398  -22.776  -98.275  14.991 0.3000000119
2765  -21.798  -97.098  16.296 0.3000000119
2778  -21.845  -96.872  15.294 0.3000000119
3185  -21.550  -96.031  14.938 0.3000000119
3599  -21.178  -95.249  14.608 0.3000000119
130988  -22.297  -97.498  14.666 0.4000000060
4026  -25.781  -94.734  18.466 0.3000000119
2718  -25.870  -98.131  20.120 0.4000000060
4025  -25.066  -94.455  18.092 0.4000000060
2734  -24.389  -97.112  19.869 0.3000000119
4038  -23.633  -94.212  17.330 0.4000000060
3145  -22.810  -96.621  18.308 0.3000000119
2749  -22.674  -97.692  18.392 0.3000000119
151264  -21.396  -94.609  15.500 0.4000000060
2385  -22.707  -98.607  15.971 0.3000000119
2362  -22.513  -98.171  17.572 0.4000000060
4065  -21.131  -94.558  15.000 0.4000000060
3203  -21.397  -95.901  14.066 0.3000000119
2374  -23.434  -99.604  16.275 0.3000000119
4027  -26.524  -95.130  18.847 0.3000000119
4467  -26.372  -94.133  18.959 0.3000000119
4004  -27.254  -94.569  19.364 0.3000000119
4466  -25.548  -93.671  18.492 0.3000000119
139863  -24.994  -92.735  18.317 0.3000000119
2309  -25.620  -99.803  21.553 0.4000000060
4465  -24.708  -93.578  17.949 0.3000000119
140733  -24.252  -92.580  17.816 0.3000000119
145933  -23.770  -97.273  19.780 0.3000000119
2717  -24.738  -97.836  20.404 0.4000000060
4475  -23.915  -93.455  17.478 0.4000000060
4987  -23.461  -92.332  17.349 0.3000000119
4048  -22.931  -93.397  16.883 0.4000000060
4996  -22.135  -92.376  16.346 0.4000000060
2733  -23.238  -97.179  19.106 0.3000000119
2324  -23.590  -98.911  20.925 0.3000000119
4481  -21.548  -93.035  15.833 0.4000000060
145540  -21.250  -92.526  15.478 0.4000000060
2732  -22.998  -98.206  19.130 0.3000000119
2338  -23.159  -99.217  19.731 0.3000000119
4498  -20.415  -92.858  14.335 0.4000000060
132363  -20.558  -92.275  13.924 0.5000000000
2352  -22.977  -98.975  18.683 0.3000000119
3598  -20.506  -94.513  14.208 0.4000000060
134854  -20.125  -93.568  13.969 0.4000000060
128745  -20.263  -92.814  13.564 0.5000000000
2008  -24.177  -100.338  15.629 0.3000000119
138035  -26.219  -93.126  19.064 0.3000000119
4449  -26.996  -93.498  19.396 0.3000000119
2308  -24.586  -99.661  21.688 0.4000000060
5529  -22.522  -91.294  16.413 0.4000000060
5542  -22.054  -91.044  15.456 0.4000000060
5021  -21.083  -92.079  15.159 0.4000000060
5558  -21.211  -91.634  14.571 0.5000000000
5050  -21.211  -92.513  12.707 0.4000000060
1968  -23.285  -99.388  20.545 0.3000000119
5036  -20.804  -92.147  13.402 0.4000000060
1967  -22.948  -100.459  20.397 0.3000000119
4529  -20.996  -93.060  12.157 0.4000000060
4540  -21.408  -93.674  11.734 0.4000000060
148493  -23.138  -100.131  18.667 0.3000000119
2000  -23.456  -99.941  17.055 0.3000000119
1681  -23.753  -101.113  16.890 0.3000000119
4980  -25.321  -91.940  18.607 0.3000000119
4988  -23.908  -91.616  17.649 0.3000000119
148565  -22.345  -90.887  15.920 0.3000000119
2307  -23.643  -99.949  21.744 0.4000000060
5559  -22.011  -91.115  14.731 0.5000000000
5038  -22.521  -92.124  13.408 0.4000000060
1962  -23.061  -100.186  21.219 0.4000000060
5051  -22.112  -92.520  12.853 0.4000000060
1647  -21.931  -101.094  20.104 0.3000000119
1961  -22.253  -100.659  21.212 0.3000000119
128905  -22.759  -101.034  19.681 0.3000000119
1661  -23.205  -101.059  18.350 0.3000000119
130109  -23.669  -101.473  16.293 0.3000000119
1360  -23.409  -101.320  17.113 0.3000000119
5516  -23.280  -91.093  17.070 0.3000000119
6072  -22.974  -90.500  16.233 0.4000000060
5560  -22.725  -91.166  14.508 0.4000000060
1646  -21.182  -100.815  19.661 0.3000000119
130943  -20.543  -100.268  19.193 0.3000000119
1659  -22.098  -101.164  19.260 0.3000000119
1658  -21.071  -100.875  18.682 0.3000000119
1351  -23.029  -101.365  17.664 0.3000000119
1977  -20.104  -100.121  18.494 0.3000000119
1680  -20.513  -100.802  16.961 0.3000000119
1670  -21.332  -101.070  17.707 0.3000000119
1358  -21.643  -101.255  16.831 0.3000000119
1350  -22.291  -101.334  17.500 0.3000000119
6090  -24.128  -90.069  15.952 0.3000000119
5544  -24.043  -90.661  15.316 0.4000000060
1689  -19.724  -100.445  16.239 0.3000000119
152135  -19.764  -100.687  15.439 0.3000000119
140652  -26.240  -89.531  17.570 0.3000000119
6656  -24.959  -89.689  16.954 0.3000000119
6091  -24.843  -90.561  15.671 0.3000000119
6657  -25.641  -89.592  17.008 0.3000000119
142423  -25.920  -89.948  16.577 0.3000000119
6092  -25.751  -90.588  15.974 0.3000000119
16883  -12.807  -73.116  12.112 0.5000000000
21427  -12.224  -67.694  17.895 0.5000000000
20650  -13.089  -68.150  16.335 0.4000000060
17610  -12.958  -72.832  12.627 0.4000000060
137887  -17.970  -97.707  10.702 0.6000000238
3655  -19.161  -95.725  10.953 0.5000000000
5052  -22.869  -92.690  13.032 0.4000000060
5572  -23.017  -91.744  13.940 0.4000000060
5561  -24.154  -91.459  14.675 0.4000000060
5545  -25.550  -91.501  15.306 0.3000000119
16216  -12.688  -74.296  9.369 0.5000000000
147421  -13.685  -74.519  10.568 0.4000000060
15498  -15.019  -75.324  12.569 0.4000000060
3129  -25.888  -96.844  19.047 0.3000000119
2755  -22.265  -97.052  17.664 0.3000000119
129849  -22.234  -97.950  16.593 0.3000000119
2327  -26.304  -99.107  20.657 0.4000000060
4064  -20.692  -93.725  14.713 0.4000000060
2326  -25.172  -98.730  21.005 0.4000000060
2716  -23.959  -97.863  20.394 0.3000000119
5528  -21.962  -91.468  15.897 0.4000000060
1978  -23.130  -100.869  18.876 0.3000000119
5571  -22.110  -91.495  13.960 0.4000000060
1989  -23.325  -100.709  18.170 0.3000000119
5543  -23.304  -90.430  15.617 0.4000000060
1960  -21.308  -100.385  21.118 0.3000000119
1359  -22.889  -101.545  16.847 0.3000000119
140367  -23.687  -90.138  16.220 0.3000000119
1690  -20.723  -101.039  15.893 0.3000000119
1468  -16.380  -101.726  7.613 0.5000000000
1460  -16.006  -101.420  8.598 0.5000000000
1452  -16.051  -101.341  9.420 0.5000000000
2051  -17.241  -99.839  10.552 0.5000000000
2423  -17.981  -97.779  11.182 0.4000000060
3698  -21.551  -95.184  7.121 0.4000000060
3611  -19.363  -95.135  12.824 0.5000000000
3211  -19.935  -96.445  12.920 0.3000000119
149677  -21.599  -97.291  12.995 0.3000000119
3613  -20.787  -95.331  13.973 0.4000000060
2790  -21.907  -96.714  14.210 0.3000000119
1950  -22.765  -100.227  22.057 0.3000000119
2293  -22.749  -99.790  22.867 0.3000000119
1951  -23.544  -100.415  22.567 0.3000000119
2719  -26.823  -98.431  19.859 0.3000000119
2695  -22.516  -98.907  22.922 0.3000000119
1923  -24.203  -100.444  23.136 0.3000000119
148766  -24.206  -100.547  22.777 0.3000000119
1953  -25.840  -100.416  22.233 0.3000000119
1954  -26.711  -100.271  22.222 0.3000000119
1940  -25.971  -100.522  22.860 0.3000000119
2679  -23.742  -99.230  23.404 0.3000000119
2282  -24.451  -99.950  23.509 0.3000000119
1924  -25.192  -100.370  23.254 0.3000000119
2284  -26.285  -99.333  23.470 0.3000000119
2328  -27.204  -99.225  20.539 0.3000000119
2680  -24.596  -98.912  23.443 0.3000000119
2311  -27.409  -99.721  21.475 0.3000000119
1955  -27.486  -99.821  22.459 0.3000000119
993  -16.037  -103.168  5.421 0.3000000119
2813  -18.340  -97.194  11.591 0.5000000000
2041  -17.570  -99.104  11.059 0.4000000060
2050  -16.797  -100.133  10.048 0.5000000000
2797  -21.029  -96.857  13.064 0.3000000119
16133  -16.075  -74.497  14.386 0.3000000119
16843  -15.518  -74.302  14.708 0.3000000119
133212  -14.058  -69.241  16.106 0.3000000119
143638  -15.824  -102.274  7.387 0.4000000060
1189  -14.757  -103.104  8.837 0.4000000060
137501  -19.154  -104.426  9.246 0.4000000060
966  -17.515  -104.025  9.592 0.4000000060
1177  -17.473  -102.512  10.434 0.4000000060
1438  -17.110  -101.418  10.665 0.4000000060
1747  -17.273  -100.512  10.800 0.4000000060
1191  -16.023  -102.934  9.893 0.4000000060
1437  -16.359  -101.353  10.144 0.4000000060
1746  -16.776  -100.619  10.370 0.4000000060
599  -19.949  -104.776  9.673 0.3000000119
1193  -20.232  -103.537  9.528 0.4000000060
1440  -19.199  -102.273  10.438 0.4000000060
1175  -15.829  -102.017  9.771 0.4000000060
967  -18.494  -104.041  9.415 0.4000000060
956  -16.959  -103.172  10.079 0.4000000060
777  -19.492  -104.562  9.393 0.3000000119
1192  -19.391  -103.789  9.461 0.4000000060
1178  -18.573  -103.014  10.092 0.4000000060
1176  -16.567  -102.220  10.275 0.4000000060
1439  -18.136  -101.888  10.707 0.4000000060
1423  -17.849  -100.892  11.018 0.4000000060
779  -21.090  -103.911  9.705 0.3000000119
969  -20.724  -103.834  9.522 0.3000000119
134781  -19.555  -103.053  9.858 0.3000000119
1179  -20.296  -102.587  9.993 0.3000000119
1735  -19.172  -100.376  11.293 0.3000000119
2425  -18.949  -98.663  11.893 0.3000000119
1424  -18.896  -101.221  10.934 0.3000000119
2415  -19.297  -97.895  12.259 0.3000000119
2805  -19.182  -96.927  12.507 0.3000000119
2804  -18.622  -97.324  12.096 0.3000000119
143024  -18.510  -99.863  11.426 0.3000000119
2424  -18.358  -98.042  11.734 0.3000000119
2042  -18.216  -99.061  11.514 0.3000000119
2349  -14.706  -98.220  18.290 0.3000000119
2745  -14.827  -97.674  18.042 0.3000000119
2351  -19.965  -98.456  19.049 0.3000000119
3575  -15.571  -95.416  16.304 0.3000000119
3585  -15.635  -95.742  15.435 0.3000000119
3183  -17.371  -96.037  15.115 0.3000000119
3184  -18.051  -96.648  15.657 0.3000000119
3173  -18.687  -96.316  16.426 0.3000000119
133332  -18.880  -97.128  17.019 0.3000000119
3143  -19.760  -96.902  18.175 0.3000000119
2748  -20.162  -97.416  18.928 0.3000000119
3586  -16.286  -95.034  15.524 0.3000000119
3587  -17.156  -95.070  15.270 0.3000000119
3588  -18.079  -95.509  15.666 0.3000000119
137421  -19.068  -95.656  16.782 0.3000000119
3160  -19.308  -96.396  17.344 0.3000000119
142811  -19.800  -101.742  10.549 0.3000000119
136259  -15.002  -97.798  16.704 0.3000000119
3193  -16.572  -96.528  14.693 0.3000000119
2775  -15.188  -97.060  15.050 0.3000000119
146336  -14.997  -97.025  16.489 0.3000000119
3192  -15.743  -96.721  14.716 0.3000000119
3597  -16.622  -95.630  15.006 0.3000000119
4045  -18.178  -94.068  16.202 0.3000000119
586  -19.682  -105.367  10.118 0.3000000119
598  -19.169  -105.127  9.479 0.3000000119
763  -20.722  -104.440  9.912 0.3000000119
776  -18.682  -104.927  9.100 0.4000000060
778  -20.298  -104.221  9.531 0.3000000119
957  -17.797  -103.365  9.977 0.4000000060
968  -19.922  -104.117  9.350 0.4000000060
1000  -15.377  -103.563  5.366 0.3000000119
1007  -15.902  -103.037  4.788 0.3000000119
1200  -15.056  -102.518  8.560 0.4000000060
1208  -17.002  -102.424  6.227 0.4000000060
1216  -17.031  -102.500  5.654 0.6000000238
1223  -17.346  -102.238  4.970 0.5000000000
1245  -15.980  -101.898  3.715 0.5000000000
1341  -22.313  -101.238  18.292 0.3000000119
1342  -23.081  -101.228  18.200 0.3000000119
1425  -19.946  -100.975  10.876 0.3000000119
1459  -15.449  -101.889  9.028 0.5000000000
1496  -18.691  -101.261  4.546 0.6000000238
1502  -14.631  -101.458  3.583 0.5000000000
1640  -21.811  -100.885  20.738 0.3000000119
1648  -22.378  -100.979  20.489 0.3000000119
1660  -22.898  -101.174  18.817 0.3000000119
1669  -20.343  -100.525  17.830 0.3000000119
1671  -23.376  -101.099  17.702 0.3000000119
1733  -17.736  -99.938  11.189 0.3000000119
1734  -18.384  -100.454  11.240 0.4000000060
1754  -16.458  -100.697  9.766 0.5000000000
1759  -17.193  -100.547  8.373 0.6000000238
1769  -20.921  -100.616  6.273 0.6000000238
1771  -22.297  -100.071  6.256 0.6000000238
1774  -20.353  -100.709  5.333 0.6000000238
1779  -20.652  -100.165  4.742 0.6000000238
1784  -16.868  -100.272  3.173 0.5000000000
1785  -17.768  -100.277  3.340 0.6000000238
1797  -15.322  -100.316  3.331 0.5000000000
1922  -23.412  -100.203  23.075 0.3000000119
1925  -26.102  -100.112  23.317 0.3000000119
1936  -22.500  -100.010  22.465 0.3000000119
1937  -23.137  -100.227  22.710 0.3000000119
1938  -23.674  -100.465  22.906 0.3000000119
1939  -25.043  -100.583  22.826 0.3000000119
1941  -26.796  -100.164  22.981 0.3000000119
1952  -24.907  -100.367  22.340 0.3000000119
1988  -23.123  -99.635  17.843 0.3000000119
2001  -23.870  -100.575  16.591 0.3000000119
2043  -19.304  -99.493  11.618 0.3000000119
2056  -17.846  -99.123  9.299 0.6999999881
2059  -17.493  -99.790  8.928 0.6000000238
2068  -19.068  -100.063  7.742 0.6999999881
2070  -22.853  -99.844  7.067 0.5000000000
2075  -22.890  -99.857  6.661 0.6000000238
2085  -23.748  -99.122  5.697 0.5000000000
2093  -13.925  -99.095  4.223 0.5000000000
2094  -14.750  -99.258  3.805 0.5000000000
2095  -16.174  -99.400  3.442 0.5000000000
2096  -20.135  -99.747  3.951 0.5000000000
2097  -20.849  -99.334  4.080 0.5000000000
2111  -19.608  -99.388  3.504 0.6000000238
2126  -15.813  -100.156  3.206 0.5000000000
2281  -23.750  -100.001  23.365 0.3000000119
2283  -25.376  -99.686  23.523 0.3000000119
2292  -22.024  -99.345  22.533 0.3000000119
2310  -26.580  -99.875  21.393 0.3000000119
2325  -24.204  -98.668  21.062 0.4000000060
2339  -23.388  -98.180  19.977 0.3000000119
2360  -14.954  -98.225  17.558 0.3000000119
2373  -22.850  -98.947  16.914 0.3000000119
2429  -17.675  -98.391  10.755 0.4000000060
2430  -18.035  -98.048  10.128 0.6000000238
2434  -11.312  -98.227  9.714 0.6999999881
2435  -12.211  -98.312  9.366 0.6999999881
2438  -18.820  -97.867  9.557 0.6999999881
2444  -9.187  -98.161  9.012 0.6999999881
2447  -12.347  -98.489  8.566 0.6999999881
2450  -18.606  -98.974  8.845 0.8000000119
2454  -22.093  -98.625  8.266 0.6000000238
2465  -11.599  -98.541  7.333 0.6000000238
2468  -14.260  -98.383  7.751 0.6999999881
2478  -8.413  -98.693  6.945 0.5000000000
2480  -11.846  -98.516  6.573 0.6000000238
2481  -12.750  -98.615  6.310 0.6000000238
2492  -12.624  -98.625  5.411 0.5000000000
2497  -17.003  -98.186  4.576 0.5000000000
2512  -21.250  -98.597  4.010 0.6000000238
2513  -22.068  -98.345  4.188 0.6000000238
2515  -23.638  -97.745  4.571 0.6000000238
2521  -17.042  -99.285  3.298 0.5000000000
2523  -18.928  -99.098  3.338 0.5000000000
2678  -23.140  -99.526  23.190 0.3000000119
2735  -25.406  -97.260  19.678 0.4000000060
2737  -27.085  -97.689  19.388 0.3000000119
2754  -19.265  -97.438  17.651 0.3000000119
2779  -22.179  -97.722  15.646 0.3000000119
2798  -21.813  -97.071  13.416 0.3000000119
2831  -9.745  -97.426  9.617 0.6999999881
2832  -10.330  -97.538  9.929 0.6999999881
2833  -11.036  -97.665  10.220 0.6999999881
2836  -14.147  -97.328  9.876 0.6999999881
2842  -23.774  -97.517  9.177 0.5000000000
2849  -9.175  -97.675  9.218 0.6999999881
2855  -20.662  -97.851  8.922 0.5000000000
2873  -6.778  -97.778  7.230 0.4000000060
2884  -19.633  -97.302  5.108 0.5000000000
2886  -25.123  -97.531  5.150 0.5000000000
2892  -17.855  -98.064  4.274 0.5000000000
2894  -19.498  -97.828  4.287 0.5000000000
2895  -20.895  -98.002  4.007 0.5000000000
2896  -21.583  -98.029  4.078 0.5000000000
2898  -23.856  -97.135  4.630 0.5000000000
2899  -24.394  -97.283  4.691 0.5000000000
2900  -25.064  -96.690  4.794 0.5000000000
3128  -24.993  -96.629  19.172 0.3000000119
3149  -26.126  -96.386  18.798 0.3000000119
3172  -15.162  -96.418  15.783 0.3000000119
3174  -21.600  -96.202  15.960 0.3000000119
3191  -15.503  -96.316  15.092 0.3000000119
3201  -19.727  -95.707  13.117 0.3000000119
3202  -20.632  -95.970  13.496 0.3000000119
3221  -18.496  -96.500  11.516 0.5000000000
3230  -11.594  -96.587  10.534 0.6999999881
3231  -12.330  -96.598  10.733 0.6999999881
3232  -13.200  -96.539  10.775 0.6999999881
3235  -18.690  -96.341  10.912 0.5000000000
3236  -19.465  -96.351  10.344 0.5000000000
3238  -21.395  -96.202  10.044 0.5000000000
3248  -14.445  -96.620  10.276 0.6999999881
3249  -15.221  -96.309  9.963 0.6000000238
3250  -16.026  -95.975  9.532 0.6000000238
3252  -21.568  -96.717  9.630 0.5000000000
3262  -11.197  -96.084  9.389 0.6999999881
3270  -7.487  -97.307  7.620 0.6999999881
3272  -8.950  -96.521  8.369 0.6999999881
3275  -17.620  -96.296  7.277 0.6000000238
3285  -19.374  -96.475  6.479 0.5000000000
3296  -20.644  -97.117  5.422 0.5000000000
3308  -23.034  -97.234  4.685 0.5000000000
3330  -13.945  -96.143  1.584 0.6000000238
3331  -14.604  -96.123  0.996 0.6000000238
3334  -16.460  -96.172  0.662 0.5000000000
3347  -16.734  -95.894  -0.126 0.6000000238
3551  -23.222  -95.780  18.033 0.3000000119
3553  -25.035  -95.630  18.365 0.4000000060
3567  -23.767  -95.021  17.616 0.3000000119
3577  -18.662  -95.413  16.291 0.3000000119
3596  -15.974  -95.884  14.953 0.3000000119
3638  -19.005  -95.391  11.583 0.6000000238
3650  -13.684  -95.655  10.777 0.6999999881
3652  -15.028  -94.912  10.640 0.6000000238
3654  -18.741  -95.943  11.379 0.5000000000
3657  -20.918  -95.605  10.461 0.4000000060
3664  -11.685  -96.048  10.214 0.6999999881
3668  -16.332  -95.134  9.932 0.4000000060
3676  -11.683  -95.815  8.392 0.6999999881
3678  -12.942  -95.158  9.626 0.6000000238
3681  -18.611  -94.929  8.419 0.5000000000
3687  -8.697  -96.172  7.463 0.6999999881
3691  -12.170  -95.802  7.438 0.6999999881
3696  -19.655  -95.408  7.619 0.6000000238
3697  -20.603  -95.322  7.474 0.5000000000
3703  -8.869  -95.224  6.245 0.6999999881
3705  -12.348  -95.883  6.571 0.6999999881
3710  -21.888  -95.864  6.625 0.6000000238
3717  -11.844  -95.342  6.173 0.6999999881
3729  -13.205  -96.344  3.847 0.6000000238
3731  -15.207  -95.462  4.856 0.6000000238
3737  -14.082  -96.356  3.387 0.5000000000
3746  -12.942  -95.786  2.410 0.5000000000
3755  -13.938  -95.720  0.856 0.5000000000
3756  -17.276  -95.944  1.130 0.5000000000
3765  -13.568  -95.227  0.876 0.5000000000
3767  -15.482  -95.658  -0.063 0.6000000238
3768  -17.864  -95.819  0.351 0.5000000000
3779  -14.844  -94.762  -0.025 0.5000000000
3781  -16.422  -95.443  -0.356 0.6000000238
3782  -17.283  -95.736  -0.104 0.5000000000
3783  -19.066  -95.071  -0.151 0.5000000000
3788  -18.351  -94.998  -0.412 0.5000000000
3789  -19.139  -94.736  -0.524 0.5000000000
4046  -21.615  -94.611  15.956 0.3000000119
4053  -16.991  -94.471  15.674 0.3000000119
4054  -17.704  -94.563  15.720 0.3000000119
4055  -18.356  -94.816  16.028 0.3000000119
4094  -19.350  -94.659  12.445 0.6000000238
4095  -23.936  -93.814  12.560 0.5000000000
4111  -22.921  -94.296  11.700 0.5000000000
4117  -14.320  -94.383  10.461 0.5000000000
4118  -15.099  -94.169  10.537 0.4000000060
4123  -21.910  -94.978  10.904 0.5000000000
4127  -13.675  -94.699  10.221 0.5000000000
4151  -10.464  -95.062  7.319 0.6999999881
4155  -15.048  -94.221  7.281 0.5000000000
4165  -10.711  -94.447  7.236 0.6999999881
4167  -14.585  -95.082  6.806 0.5000000000
4176  -8.754  -95.024  5.404 0.5000000000
4179  -14.708  -95.287  6.084 0.6000000238
4181  -15.982  -94.599  5.270 0.5000000000
4200  -12.225  -95.266  3.779 0.6000000238
4207  -12.331  -94.933  2.917 0.6000000238
4208  -12.662  -94.571  2.152 0.6000000238
4226  -14.457  -94.594  0.171 0.5000000000
4237  -15.466  -94.398  -0.323 0.5000000000
4239  -20.453  -94.677  -0.582 0.5000000000
4240  -21.091  -94.614  -0.511 0.5000000000
4246  -16.865  -94.212  -0.614 0.6000000238
4251  -21.679  -94.358  -0.860 0.5000000000
4252  -22.500  -94.183  -0.680 0.5000000000
4482  -22.128  -93.460  16.329 0.4000000060
4486  -20.897  -92.878  15.138 0.4000000060
4509  -19.871  -93.578  13.188 0.5000000000
4530  -21.915  -93.152  12.293 0.4000000060
4532  -25.192  -93.790  13.170 0.5000000000
4539  -20.511  -93.615  11.859 0.5000000000
4541  -22.261  -93.813  11.854 0.5000000000
4591  -15.473  -93.415  7.726 0.5000000000
4607  -11.792  -92.952  7.067 0.6999999881
4609  -16.311  -93.482  6.498 0.5000000000
4639  -9.432  -93.310  4.461 0.6000000238
4648  -12.824  -93.415  3.286 0.6000000238
4665  -13.158  -94.079  1.453 0.5000000000
4666  -13.903  -93.507  1.016 0.6000000238
4676  -14.590  -94.093  0.126 0.5000000000
4694  -16.514  -93.908  -0.583 0.6000000238
4696  -18.169  -94.045  -0.739 0.6000000238
4698  -20.444  -94.048  -1.187 0.5000000000
4979  -24.565  -91.718  18.138 0.3000000119
4995  -21.512  -92.121  15.717 0.4000000060
4997  -22.797  -92.038  16.873 0.3000000119
5020  -20.744  -92.192  14.522 0.5000000000
5023  -24.584  -92.235  14.311 0.5000000000
5025  -26.156  -92.951  14.609 0.4000000060
5037  -21.596  -91.979  13.359 0.4000000060
5039  -23.518  -92.568  13.470 0.4000000060
5139  -12.140  -92.289  7.154 0.6999999881
5154  -12.445  -92.640  6.655 0.6999999881
5164  -9.835  -92.543  4.839 0.6999999881
5165  -10.304  -91.957  5.126 0.6999999881
5174  -13.971  -91.878  3.134 0.6999999881
5180  -10.423  -92.263  2.307 0.5000000000
5202  -14.936  -93.140  0.217 0.5000000000
5206  -15.752  -93.216  -0.267 0.5000000000
5212  -15.859  -92.372  -0.315 0.6000000238
5215  -18.403  -92.579  -0.700 0.6000000238
5217  -20.409  -93.080  -1.251 0.5000000000
5517  -24.262  -90.684  17.626 0.3000000119
5541  -21.580  -91.489  15.249 0.4000000060
5557  -20.841  -91.824  14.007 0.5000000000
5570  -21.357  -91.619  13.970 0.5000000000
5656  -12.158  -91.672  7.073 0.6999999881
5657  -12.984  -91.367  6.905 0.6999999881
5661  -11.939  -91.099  6.733 0.6999999881
5710  -13.771  -90.854  -0.211 0.6000000238
5718  -14.547  -91.470  -0.067 0.5000000000
6060  -25.398  -89.717  17.436 0.3000000119
6073  -24.320  -89.936  16.621 0.3000000119
6074  -25.035  -89.936  16.410 0.3000000119
6089  -22.558  -90.729  15.482 0.4000000060
6102  -22.728  -90.760  15.064 0.5000000000
6198  -13.273  -90.570  6.740 0.6999999881
6200  -14.336  -89.723  6.105 0.6999999881
6205  -12.155  -90.426  6.333 0.6999999881
6207  -13.765  -90.997  6.453 0.6999999881
6208  -14.402  -90.446  5.754 0.6999999881
6212  -11.204  -90.421  4.696 0.6999999881
6214  -14.599  -90.153  4.891 0.6999999881
6225  -14.378  -90.248  3.929 0.6999999881
6252  -13.681  -90.690  1.673 0.6000000238
6268  -14.590  -90.497  -0.739 0.5000000000
6275  -15.842  -90.788  -0.881 0.5000000000
6277  -18.296  -90.276  -0.882 0.6000000238
6279  -20.156  -90.330  -1.051 0.6000000238
6776  -13.285  -89.647  6.525 0.6999999881
6777  -13.978  -89.461  6.358 0.6999999881
6790  -12.390  -89.522  6.088 0.6999999881
6791  -14.184  -89.112  5.890 0.6999999881
6802  -10.461  -88.950  4.696 0.5000000000
6804  -14.366  -89.576  4.576 0.6999999881
6815  -10.776  -89.901  3.949 0.5000000000
6817  -14.092  -89.556  3.835 0.6999999881
6827  -13.180  -89.564  2.420 0.5000000000
6828  -13.905  -89.854  3.100 0.6999999881
6841  -12.733  -89.833  0.253 0.6000000238
6848  -13.140  -89.505  -0.302 0.5000000000
6850  -15.817  -89.398  -0.826 0.6000000238
6853  -18.401  -89.099  -0.521 0.6000000238
6855  -20.557  -89.116  -0.712 0.6000000238
6866  -18.829  -89.672  -0.769 0.6000000238
6868  -20.740  -89.706  -1.033 0.5000000000
7396  -11.290  -88.188  5.433 0.5000000000
7397  -12.208  -88.513  5.696 0.6000000238
7398  -12.998  -88.357  5.813 0.6000000238
7400  -14.174  -88.962  5.082 0.6999999881
7401  -18.694  -88.138  4.830 0.5000000000
7411  -10.479  -88.061  5.235 0.5000000000
7412  -13.550  -88.384  4.664 0.6999999881
7423  -17.534  -87.901  3.084 0.5000000000
7424  -18.266  -88.290  3.200 0.5000000000
7426  -19.984  -88.148  3.502 0.5000000000
7432  -12.702  -88.831  2.701 0.6000000238
7446  -17.751  -88.149  1.174 0.6000000238
7448  -20.507  -88.249  1.575 0.6000000238
7449  -21.282  -88.155  1.134 0.4000000060
7459  -12.102  -88.390  0.489 0.6000000238
7460  -15.627  -88.037  -0.269 0.6000000238
7464  -20.110  -88.447  0.388 0.6000000238
7480  -17.268  -88.589  -0.203 0.6000000238
7481  -17.982  -88.652  -0.131 0.6000000238
7482  -19.630  -88.665  -0.135 0.6000000238
7484  -21.127  -88.701  -0.441 0.6000000238
8013  -11.792  -87.740  5.379 0.6000000238
8015  -13.113  -87.900  5.145 0.6999999881
8016  -17.743  -87.494  5.419 0.5000000000
8021  -8.275  -87.360  4.206 0.5000000000
8022  -9.089  -87.377  4.585 0.5000000000
8026  -17.430  -87.661  4.008 0.5000000000
8036  -11.441  -86.936  4.014 0.6000000238
8038  -12.798  -87.757  4.247 0.6000000238
8051  -11.719  -87.804  2.257 0.6000000238
8053  -20.717  -87.936  3.034 0.4000000060
8077  -11.512  -86.903  0.627 0.6000000238
8078  -12.077  -87.483  0.096 0.6000000238
8082  -16.094  -87.424  0.290 0.6000000238
8090  -13.725  -88.155  -0.364 0.5000000000
8091  -14.618  -88.118  -0.393 0.6000000238
8680  -9.629  -86.754  4.422 0.5000000000
8681  -10.652  -86.894  4.498 0.6000000238
8704  -16.977  -85.928  2.502 0.5000000000
8711  -10.642  -85.737  1.791 0.6000000238
8712  -11.003  -86.207  1.086 0.6000000238
8724  -13.617  -86.632  0.028 0.6000000238
8726  -16.318  -86.869  1.007 0.6000000238
9226  -10.959  -85.054  12.393 0.6000000238
9227  -11.908  -84.963  12.370 0.6000000238
9243  -12.330  -85.456  11.551 0.5000000000
9244  -13.070  -85.220  11.405 0.5000000000
9256  -13.285  -85.302  10.529 0.6999999881
9270  -12.831  -85.603  9.883 0.6000000238
9271  -13.431  -85.152  9.683 0.6000000238
9305  -12.014  -85.440  8.086 0.5000000000
9343  -17.634  -85.901  4.611 0.5000000000
9344  -18.574  -85.053  4.124 0.5000000000
9355  -9.608  -85.674  3.115 0.5000000000
9356  -17.172  -86.201  3.384 0.5000000000
9370  -17.482  -84.872  2.068 0.5000000000
9378  -11.298  -85.623  0.830 0.6000000238
9389  -12.464  -86.069  0.283 0.6000000238
9390  -13.412  -85.905  0.416 0.6000000238
9391  -15.356  -86.089  0.755 0.6000000238
9853  -14.030  -83.725  12.487 0.6999999881
9877  -13.771  -84.887  10.334 0.6999999881
9905  -13.475  -84.755  8.767 0.6000000238
9906  -14.019  -84.140  8.845 0.6000000238
9924  -13.150  -84.488  7.869 0.6999999881
9942  -11.885  -84.323  6.962 0.5000000000
9976  -18.975  -83.950  2.825 0.5000000000
9986  -11.171  -84.094  1.787 0.5000000000
9988  -18.553  -83.671  2.253 0.5000000000
9993  -12.425  -84.681  1.157 0.6000000238
9994  -13.501  -84.596  1.312 0.6000000238
9995  -14.600  -84.578  1.438 0.6000000238
9997  -16.820  -84.241  1.548 0.6000000238
9998  -17.609  -83.881  1.672 0.6000000238
10505  -10.967  -83.677  12.805 0.6000000238
10506  -12.304  -83.497  12.968 0.6000000238
10507  -13.192  -83.662  12.878 0.6000000238
10508  -14.595  -83.043  12.529 0.6999999881
10528  -14.612  -83.640  11.998 0.6999999881
10548  -9.404  -83.275  10.512 0.6000000238
10549  -14.628  -83.779  10.159 0.6000000238
10577  -14.768  -83.083  8.667 0.6000000238
10586  -14.310  -83.170  7.818 0.6000000238
10622  -20.347  -82.994  4.875 0.5000000000
10633  -19.215  -83.618  3.467 0.5000000000
10639  -18.761  -83.507  2.679 0.5000000000
10649  -13.533  -83.016  2.219 0.5000000000
10652  -17.627  -82.728  1.978 0.6000000238
11149  -13.959  -81.992  13.000 0.5000000000
11166  -13.331  -82.192  12.931 0.5000000000
11169  -15.053  -82.483  12.399 0.6000000238
11197  -9.944  -83.147  9.547 0.6000000238
11200  -12.412  -82.079  10.703 0.6999999881
11201  -15.573  -82.494  11.070 0.6999999881
11202  -15.915  -82.088  10.369 0.6999999881
11214  -9.214  -83.098  9.042 0.6000000238
11215  -10.781  -83.045  9.781 0.6000000238
11217  -16.319  -81.802  9.664 0.6999999881
11233  -15.454  -82.526  8.842 0.6999999881
11234  -17.091  -82.118  8.152 0.6999999881
11254  -18.548  -82.417  5.957 0.6999999881
11266  -12.533  -82.671  6.164 0.6999999881
11268  -14.867  -81.605  6.138 0.6000000238
11269  -15.531  -81.823  6.181 0.6999999881
11270  -18.567  -82.669  5.318 0.6999999881
11303  -18.761  -83.076  3.443 0.5000000000
11312  -18.114  -82.574  3.114 0.6000000238
11322  -13.009  -82.116  2.544 0.6000000238
11325  -17.121  -82.126  2.394 0.5000000000
11326  -18.025  -82.648  2.374 0.6000000238
11327  -18.488  -83.213  2.324 0.5000000000
11830  -12.805  -81.544  11.492 0.6000000238
11839  -12.264  -82.202  9.862 0.6999999881
11841  -15.934  -81.654  11.268 0.8000000119
11854  -11.293  -82.009  9.346 0.6999999881
11856  -17.401  -80.811  9.144 0.8000000119
11870  -16.983  -81.651  9.035 0.6999999881
11884  -19.383  -81.393  5.993 0.5000000000
11897  -19.656  -81.883  5.476 0.5000000000
11914  -11.363  -81.143  5.075 0.6000000238
11916  -13.216  -81.196  4.905 0.6000000238
11926  -11.813  -80.785  4.298 0.6999999881
11928  -13.476  -80.857  4.196 0.6000000238
11930  -15.663  -81.026  3.823 0.6000000238
11931  -16.490  -81.613  3.696 0.6000000238
11937  -11.065  -80.745  3.184 0.6000000238
11938  -11.917  -80.822  3.170 0.6999999881
11939  -12.765  -80.859  3.285 0.6999999881
11940  -13.582  -80.829  3.549 0.6000000238
11946  -10.534  -81.388  2.674 0.6000000238
11951  -15.527  -81.314  2.839 0.6000000238
12438  -13.997  -80.706  12.528 0.8000000119
12439  -14.688  -80.499  12.479 0.8000000119
12440  -15.215  -80.239  12.281 0.8000000119
12450  -9.392  -79.877  11.286 0.6999999881
12451  -13.714  -80.344  11.847 0.6999999881
12453  -16.341  -80.196  11.074 0.8000000119
12480  -13.171  -81.018  9.774 0.6000000238
12533  -12.948  -80.804  3.717 0.6000000238
13058  -14.343  -80.050  12.181 0.8000000119
13071  -8.856  -79.382  11.851 0.8000000119
13074  -14.706  -79.496  11.791 0.8000000119
13075  -15.376  -79.627  11.819 0.8000000119
13090  -6.868  -79.058  10.387 0.5000000000
13091  -7.567  -79.555  10.911 0.6000000238
13092  -8.476  -79.856  11.256 0.6000000238
13093  -9.939  -79.550  11.010 0.8000000119
13095  -13.962  -79.536  10.703 0.8000000119
13097  -16.597  -79.688  10.516 0.6999999881
13112  -13.631  -79.917  9.702 0.8000000119
13130  -11.600  -80.532  8.131 0.6000000238
13133  -17.838  -80.084  8.706 0.6000000238
13147  -11.869  -80.012  7.417 0.6999999881
13664  -8.214  -78.151  12.577 0.6999999881
13665  -9.192  -78.840  12.234 0.8000000119
13677  -8.474  -78.810  12.226 0.6999999881
13679  -15.080  -78.988  11.347 0.8000000119
13694  -9.944  -78.826  11.099 0.8000000119
13697  -15.519  -78.631  10.801 0.6999999881
13698  -16.253  -78.940  10.620 0.6000000238
13708  -9.831  -78.868  10.084 0.6000000238
13709  -10.320  -79.787  9.292 0.5000000000
13710  -13.848  -78.953  9.299 0.6999999881
13711  -14.125  -78.069  8.959 0.6000000238
13729  -17.061  -78.396  8.664 0.6000000238
13744  -9.595  -78.676  7.431 0.6000000238
13747  -12.189  -79.193  7.033 0.6000000238
13750  -18.961  -79.406  5.918 0.5000000000
13764  -10.075  -78.498  6.353 0.6000000238
13767  -12.511  -78.193  6.725 0.5000000000
14292  -8.859  -77.189  13.239 0.6999999881
14293  -9.550  -77.347  12.860 0.6000000238
14325  -7.534  -77.661  12.204 0.6000000238
14335  -9.733  -78.082  10.717 0.6000000238
14348  -16.305  -77.854  8.929 0.6000000238
14394  -9.865  -77.617  5.904 0.6000000238
14395  -10.588  -78.017  5.797 0.6000000238
14415  -11.139  -77.351  5.559 0.5000000000
14903  -7.667  -76.433  12.785 0.6999999881
14904  -9.806  -76.599  12.855 0.6999999881
14931  -7.147  -76.194  10.131 0.5000000000
14943  -9.540  -76.577  10.518 0.6000000238
14967  -9.169  -76.885  7.089 0.5000000000
14981  -9.483  -77.050  6.313 0.6000000238
14982  -9.907  -76.713  5.791 0.5000000000
14990  -10.728  -76.565  5.524 0.5000000000
15479  -7.872  -75.805  13.175 0.6999999881
15480  -8.625  -75.887  13.481 0.6000000238
15496  -9.751  -75.915  13.046 0.6000000238
15517  -9.856  -75.021  11.921 0.6000000238
15525  -7.296  -75.641  10.596 0.6000000238
15527  -9.700  -74.884  10.986 0.6000000238
16128  -16.034  -74.227  15.061 0.3000000119
16144  -8.157  -74.684  13.405 0.6000000238
16147  -14.115  -74.390  13.113 0.4000000060
16149  -15.488  -75.149  13.076 0.4000000060
16150  -16.098  -74.683  13.467 0.4000000060
16180  -7.470  -74.711  12.367 0.6999999881
16183  -13.995  -74.690  11.206 0.4000000060
16195  -12.375  -73.969  10.201 0.5000000000
16196  -13.321  -74.410  10.068 0.4000000060
16214  -10.143  -74.389  9.486 0.5000000000
16249  -10.476  -74.738  7.595 0.5000000000
16834  -15.024  -73.796  15.030 0.3000000119
16841  -13.925  -73.680  13.422 0.4000000060
16858  -9.677  -74.027  13.335 0.6000000238
16880  -7.682  -73.263  12.723 0.6999999881
16882  -11.790  -72.927  11.992 0.6000000238
16900  -7.646  -73.371  11.891 0.6999999881
16901  -8.046  -72.825  11.366 0.6999999881
16904  -12.478  -73.344  11.467 0.5000000000
16915  -10.429  -73.774  10.659 0.6000000238
17567  -14.686  -72.888  15.091 0.4000000060
17584  -7.964  -72.485  13.076 0.6999999881
17585  -8.680  -72.573  13.437 0.6999999881
17608  -8.194  -71.726  12.683 0.8000000119
17653  -8.909  -72.528  8.612 0.6000000238
18338  -8.363  -71.896  13.237 0.8000000119
18386  -9.615  -71.733  9.897 0.6999999881
18387  -9.730  -71.154  10.449 0.6999999881
18401  -9.547  -71.786  9.046 0.6000000238
19126  -8.690  -71.001  12.694 0.8000000119
19127  -9.233  -70.496  12.619 0.6999999881
19141  -9.675  -70.071  11.920 0.8000000119
19157  -10.161  -69.807  10.875 0.8000000119
19169  -10.341  -69.744  9.911 0.6999999881
19898  -11.926  -69.675  12.844 0.5000000000
19900  -13.398  -68.932  13.842 0.5000000000
19917  -12.053  -68.615  12.910 0.5000000000
20668  -13.713  -68.646  14.564 0.5000000000
20691  -10.771  -68.604  12.064 0.6000000238
20707  -10.747  -67.922  11.608 0.8000000119
20734  -10.173  -68.232  9.360 0.6999999881
21498  -10.638  -67.361  10.815 0.6999999881
21525  -9.993  -67.287  9.212 0.6999999881
22333  -9.044  -66.416  10.261 0.5000000000
22335  -10.470  -66.796  10.032 0.6999999881
22336  -10.655  -65.962  10.515 0.6999999881
22348  -10.111  -66.709  9.504 0.6999999881
23120  -11.089  -65.768  16.701 0.5000000000
23132  -10.875  -65.142  15.471 0.5000000000
23145  -11.073  -65.018  14.533 0.4000000060
23177  -9.266  -63.954  11.085 0.6000000238
23206  -10.095  -65.313  10.055 0.6999999881
23207  -10.464  -65.437  10.379 0.6999999881
24049  -10.481  -63.814  13.218 0.6000000238
24069  -10.970  -64.531  11.908 0.5000000000
24083  -10.654  -64.581  11.224 0.6999999881
24826  -12.837  -63.868  20.599 0.3000000119
24878  -10.458  -63.689  16.880 0.5000000000
24919  -9.601  -62.402  13.642 0.5000000000
24954  -10.096  -63.532  11.715 0.6999999881
25619  -8.001  -62.402  21.920 0.3000000119
25620  -8.939  -62.491  21.808 0.4000000060
25622  -10.797  -62.655  21.297 0.4000000060
26328  -6.521  -61.568  22.068 0.4000000060
27007  -6.002  -60.229  22.274 0.4000000060
27030  -8.231  -61.192  22.286 0.5000000000
27051  -12.359  -60.690  19.832 0.3000000119
27827  -6.779  -59.726  22.226 0.4000000060
27849  -10.457  -59.407  19.263 0.5000000000
127132  -17.323  -82.274  3.661 0.6000000238
127559  -20.242  -96.791  9.749 0.5000000000
127874  -17.384  -87.292  4.765 0.5000000000
127980  -15.526  -96.171  0.597 0.6000000238
127991  -21.317  -93.927  15.460 0.4000000060
128274  -21.450  -96.465  13.594 0.3000000119
128849  -12.245  -62.530  20.849 0.4000000060
128947  -13.056  -67.373  13.969 0.4000000060
129057  -11.136  -65.456  11.741 0.6000000238
129409  -11.344  -66.309  17.155 0.5000000000
130101  -17.863  -98.457  11.279 0.4000000060
130216  -7.296  -76.259  11.997 0.6000000238
130296  -19.787  -88.354  1.180 0.6000000238
130395  -9.366  -75.964  7.577 0.5000000000
130842  -17.145  -87.365  3.400 0.5000000000
130949  -10.556  -91.746  1.763 0.5000000000
131150  -21.782  -93.919  16.032 0.4000000060
131272  -8.243  -73.662  9.949 0.6000000238
131355  -15.148  -81.938  2.526 0.6000000238
131802  -23.344  -90.858  14.911 0.4000000060
131969  -14.283  -80.865  3.328 0.6000000238
132012  -17.843  -101.607  4.380 0.6000000238
132085  -19.034  -94.326  -0.845 0.6000000238
132122  -13.394  -97.377  10.271 0.6999999881
132313  -15.212  -80.905  12.462 0.8000000119
132466  -12.119  -87.280  4.363 0.6000000238
132468  -14.824  -74.969  11.012 0.4000000060
132609  -19.880  -88.265  2.771 0.5000000000
132755  -23.525  -100.629  17.393 0.3000000119
133463  -8.943  -98.576  7.625 0.6000000238
133557  -11.871  -65.795  12.994 0.4000000060
133593  -18.081  -104.700  9.146 0.4000000060
133626  -25.193  -96.614  10.352 0.5000000000
133666  -8.965  -61.517  22.162 0.5000000000
134301  -22.888  -98.096  4.350 0.6000000238
134429  -18.790  -93.498  -0.844 0.6000000238
134479  -9.606  -75.695  10.734 0.6000000238
134747  -14.726  -83.778  11.175 0.6999999881
135428  -16.035  -94.772  -0.497 0.6000000238
135686  -15.489  -74.622  10.921 0.4000000060
135898  -16.672  -92.024  -0.543 0.6000000238
135998  -16.407  -100.802  8.991 0.5000000000
136034  -22.184  -93.862  -1.209 0.5000000000
136041  -14.306  -93.706  0.419 0.5000000000
136241  -27.156  -95.450  19.173 0.3000000119
136471  -9.618  -73.120  13.430 0.5000000000
136772  -13.305  -90.648  0.464 0.6000000238
136802  -24.722  -91.226  15.143 0.3000000119
137377  -19.982  -91.927  -1.112 0.6000000238
137910  -18.138  -97.639  4.799 0.5000000000
137918  -12.614  -86.794  -0.058 0.6000000238
138362  -12.349  -99.669  2.180 0.5000000000
138815  -6.626  -78.507  9.825 0.5000000000
139281  -14.073  -92.680  1.369 0.6000000238
139486  -15.430  -82.043  6.774 0.6999999881
139747  -15.996  -88.624  -0.526 0.6000000238
139769  -9.408  -78.184  12.511 0.6999999881
140172  -15.664  -81.334  12.050 0.8000000119
140183  -8.819  -75.205  13.533 0.6000000238
140423  -17.499  -95.213  -0.409 0.6000000238
140473  -14.788  -78.597  10.685 0.6999999881
140778  -8.253  -74.016  13.457 0.6000000238
141131  -19.064  -95.959  12.563 0.5000000000
141629  -10.375  -68.458  9.916 0.8000000119
141727  -23.091  -100.216  19.428 0.3000000119
141946  -16.357  -83.549  1.729 0.6000000238
142585  -17.378  -90.250  -0.919 0.6000000238
142879  -12.625  -82.280  12.712 0.6000000238
143140  -11.196  -84.431  12.706 0.6000000238
143646  -15.338  -90.270  -0.915 0.6000000238
143929  -21.714  -88.222  0.430 0.5000000000
144325  -13.538  -98.653  6.372 0.6000000238
144588  -15.444  -99.467  3.503 0.5000000000
144670  -15.182  -80.924  4.514 0.5000000000
145063  -17.970  -100.812  7.572 0.5000000000
145647  -10.309  -98.434  5.385 0.4000000060
145873  -14.885  -95.218  0.029 0.6000000238
145970  -13.955  -80.982  4.792 0.6000000238
146072  -17.306  -86.655  4.644 0.5000000000
146094  -15.084  -92.183  0.080 0.5000000000
146239  -10.555  -70.316  12.771 0.6000000238
146324  -15.964  -86.229  0.927 0.6000000238
146337  -10.055  -68.758  8.991 0.6000000238
146417  -7.473  -76.941  12.348 0.6999999881
146565  -24.338  -94.343  17.682 0.4000000060
146643  -13.729  -71.660  13.895 0.4000000060
146893  -9.232  -71.064  11.324 0.8000000119
147090  -23.141  -101.679  16.012 0.3000000119
147174  -10.311  -72.710  13.173 0.5000000000
147685  -8.841  -82.597  8.718 0.6000000238
147817  -11.554  -83.357  12.858 0.6000000238
147896  -19.004  -99.626  3.425 0.6000000238
148033  -17.750  -85.520  3.740 0.5000000000
148122  -11.565  -80.642  3.629 0.6999999881
148624  -12.869  -88.931  6.176 0.6999999881
148637  -12.609  -81.675  9.555 0.6000000238
149007  -19.891  -94.161  13.596 0.5000000000
149098  -18.673  -104.624  9.133 0.4000000060
149141  -16.733  -87.248  1.411 0.5000000000
149311  -25.557  -97.593  5.638 0.5000000000
149323  -13.012  -86.326  0.109 0.6000000238
149341  -8.119  -96.026  6.431 0.4000000060
149647  -10.835  -83.029  11.070 0.6000000238
149659  -19.250  -101.237  4.950 0.6000000238
149662  -17.902  -82.006  7.581 0.8000000119
149698  -19.929  -88.983  -0.544 0.6000000238
149744  -19.714  -101.114  6.377 0.6000000238
149754  -15.960  -81.077  11.634 0.8000000119
149804  -13.677  -96.327  2.798 0.5000000000
150026  -27.712  -97.520  19.519 0.3000000119
150067  -15.127  -80.822  3.960 0.5000000000
150137  -22.022  -97.333  17.017 0.3000000119
150610  -12.178  -88.368  2.461 0.6000000238
150904  -10.260  -98.402  4.585 0.4000000060
150943  -24.137  -100.347  22.320 0.3000000119
150958  -19.374  -88.370  1.715 0.6000000238
150979  -12.789  -66.876  14.486 0.4000000060
151152  -22.312  -99.978  5.829 0.6999999881
152356  -16.497  -89.499  -0.808 0.6000000238
152420  -16.208  -100.274  3.185 0.5000000000
152596  -23.419  -91.430  14.413 0.4000000060
152602  -17.423  -99.098  10.517 0.4000000060
152606  -14.976  -75.199  13.225 0.4000000060
152682  -17.747  -94.794  -0.552 0.6000000238
