#!ascii label  , from subject sub-v1s22x0050444_ses-1 vox2ras=TkReg
726
68682  23.538  -13.288  -16.374 0.2500000000
68681  24.265  -13.193  -16.830 0.2500000000
67842  24.068  -13.920  -16.573 0.7500000000
70236  22.592  -11.342  -16.095 0.2500000000
116770  23.066  -11.830  -16.396 0.1250000000
70235  23.215  -11.033  -16.642 0.3750000000
112349  23.057  -13.003  -16.087 0.2500000000
68697  24.873  -13.610  -17.192 0.8750000000
67857  25.366  -14.414  -17.311 0.8750000000
113054  23.651  -11.865  -16.784 0.3750000000
69461  24.565  -11.829  -17.340 0.8750000000
69447  24.003  -12.551  -16.830 0.7500000000
69460  26.164  -12.766  -17.840 1.0000000000
107420  25.441  -12.915  -17.562 1.0000000000
69446  24.779  -12.681  -17.315 0.8750000000
68696  25.782  -13.577  -17.571 1.0000000000
68695  26.611  -13.489  -17.825 1.0000000000
71072  22.493  -10.595  -16.297 0.2500000000
70249  23.991  -11.343  -17.063 0.7500000000
71083  24.647  -10.998  -17.380 0.8750000000
114792  26.557  -11.961  -18.006 1.0000000000
112776  25.595  -12.050  -17.779 1.0000000000
70248  25.448  -11.188  -17.648 1.0000000000
69459  26.970  -12.717  -17.983 1.0000000000
116771  23.609  -10.221  -16.974 0.6250000000
71084  23.961  -10.799  -17.093 0.8750000000
117122  27.287  -11.951  -17.894 1.0000000000
70247  26.281  -11.116  -17.852 1.0000000000
69458  27.670  -12.717  -17.834 1.0000000000
69445  28.708  -12.727  -16.926 1.0000000000
68693  28.062  -13.454  -17.744 1.0000000000
74263  21.080  -7.007  -15.645 0.2500000000
110711  22.730  -10.082  -16.574 0.2500000000
71860  22.349  -9.254  -16.378 0.3750000000
71874  24.153  -9.699  -17.214 1.0000000000
71859  23.370  -9.324  -16.906 0.6250000000
116017  24.472  -10.298  -17.305 1.0000000000
71093  26.313  -10.290  -17.850 1.0000000000
71082  25.430  -10.408  -17.613 1.0000000000
70245  27.627  -11.168  -17.633 1.0000000000
70246  26.982  -11.191  -17.915 1.0000000000
71081  26.859  -10.517  -17.923 1.0000000000
123677  28.347  -12.235  -17.231 1.0000000000
70233  28.806  -11.248  -16.667 1.0000000000
115853  28.815  -12.028  -16.704 1.0000000000
118117  22.078  -7.058  -16.266 0.5000000000
73469  21.610  -7.603  -15.903 0.3750000000
73468  22.403  -7.778  -16.465 0.3750000000
72625  22.809  -8.508  -16.683 0.5000000000
72644  23.750  -8.415  -17.118 0.8750000000
72643  24.355  -9.021  -17.344 1.0000000000
122158  24.593  -8.266  -17.511 1.0000000000
71092  26.876  -9.992  -18.019 1.0000000000
72642  25.266  -8.805  -17.712 1.0000000000
71079  27.731  -10.188  -17.687 1.0000000000
71080  27.256  -10.022  -17.950 1.0000000000
122566  28.755  -10.577  -16.774 1.0000000000
117078  28.232  -10.800  -17.255 1.0000000000
70232  29.824  -11.707  -16.113 0.8750000000
116707  21.109  -6.359  -15.687 0.5000000000
118452  22.807  -7.209  -16.720 0.5000000000
111536  23.516  -7.012  -17.092 0.6250000000
73486  24.076  -7.640  -17.324 1.0000000000
73467  23.241  -7.757  -16.918 0.7500000000
126115  25.139  -8.161  -17.740 1.0000000000
72624  28.408  -8.614  -17.285 1.0000000000
72640  27.875  -8.724  -17.923 1.0000000000
72641  27.421  -8.822  -18.206 1.0000000000
72653  26.836  -8.868  -18.258 1.0000000000
71858  28.726  -9.333  -16.893 1.0000000000
71870  28.088  -9.404  -17.631 1.0000000000
71871  27.585  -9.451  -17.981 1.0000000000
71071  28.399  -10.051  -17.206 1.0000000000
114025  29.520  -10.761  -16.266 0.8750000000
74262  21.819  -6.335  -16.143 0.5000000000
74261  22.818  -6.439  -16.689 0.8750000000
74285  25.875  -6.454  -18.175 1.0000000000
73484  25.540  -7.225  -17.986 1.0000000000
73482  28.103  -7.783  -17.614 1.0000000000
73494  27.310  -7.316  -18.331 1.0000000000
118453  26.479  -8.140  -18.228 1.0000000000
74260  28.449  -7.148  -17.018 1.0000000000
71857  29.691  -9.340  -16.208 1.0000000000
72623  29.223  -8.505  -16.450 1.0000000000
73466  28.711  -7.809  -16.790 1.0000000000
75057  21.613  -5.676  -15.980 0.5000000000
75055  23.282  -5.669  -16.824 0.8750000000
74277  23.766  -6.214  -17.192 1.0000000000
75870  26.110  -4.652  -18.147 1.0000000000
74275  25.257  -6.009  -17.898 1.0000000000
117576  24.577  -6.061  -17.582 1.0000000000
75054  28.287  -5.481  -16.585 1.0000000000
75067  27.775  -5.833  -17.380 1.0000000000
75053  29.037  -5.868  -16.126 1.0000000000
113251  28.404  -6.372  -16.796 1.0000000000
74273  27.976  -6.803  -17.564 1.0000000000
73464  29.941  -7.886  -15.779 1.0000000000
78224  23.943  -1.430  -16.649 1.0000000000
78226  22.447  -1.641  -15.130 0.3750000000
77485  24.560  -2.076  -17.234 0.8750000000
76720  25.163  -3.762  -17.728 1.0000000000
75858  27.778  -5.083  -16.951 1.0000000000
115115  27.245  -4.359  -17.655 1.0000000000
79027  24.109  -0.583  -16.611 0.8750000000
78235  24.659  -1.131  -17.096 1.0000000000
78234  25.239  -1.596  -17.446 1.0000000000
78233  25.892  -1.564  -17.563 1.0000000000
76719  26.209  -3.171  -17.926 1.0000000000
75847  27.586  -4.389  -17.032 1.0000000000
76707  27.314  -3.636  -17.267 1.0000000000
75846  28.161  -4.550  -16.288 1.0000000000
79037  25.419  -0.928  -17.360 1.0000000000
78223  26.472  -1.530  -17.257 1.0000000000
77483  27.427  -2.873  -16.822 1.0000000000
77484  26.941  -2.194  -17.030 1.0000000000
79036  26.105  -0.862  -17.355 1.0000000000
83598  23.387  5.081  -14.777 0.1250000000
83597  23.562  5.769  -14.403 0.1250000000
82900  24.505  4.426  -16.459 0.2500000000
83616  24.623  5.194  -16.399 0.1250000000
82907  25.063  4.857  -17.130 0.3750000000
84356  24.843  5.824  -16.356 0.2500000000
82906  25.614  5.366  -17.504 0.5000000000
83624  25.149  5.683  -17.258 0.2500000000
84367  25.397  6.406  -17.387 0.2500000000
109027  25.747  6.366  -17.947 0.2500000000
116911  25.960  6.554  -18.231 0.2500000000
83622  26.446  6.278  -17.591 0.3750000000
84376  26.230  6.927  -18.253 0.2500000000
69448  23.313  -12.478  -16.407 0.2500000000
69431  22.716  -12.281  -15.823 0.1250000000
74274  27.466  -6.406  -18.113 1.0000000000
67844  23.017  -14.440  -15.773 0.1250000000
67858  24.537  -14.565  -16.842 0.6250000000
66993  24.956  -15.261  -17.055 0.7500000000
66992  25.864  -15.186  -17.453 1.0000000000
67855  27.020  -14.217  -17.855 1.0000000000
67854  27.746  -14.222  -17.791 1.0000000000
123141  28.952  -13.904  -16.841 1.0000000000
71847  22.003  -9.957  -15.941 0.3750000000
72627  21.473  -8.007  -15.644 0.2500000000
72626  21.998  -8.415  -16.163 0.2500000000
69444  29.509  -12.631  -16.359 0.8750000000
71069  30.219  -10.079  -16.010 0.8750000000
71846  30.843  -9.266  -15.583 0.8750000000
77470  22.079  -2.122  -14.918 0.1250000000
123013  21.517  -5.107  -15.819 0.3750000000
75848  23.112  -4.824  -16.660 0.6250000000
73465  29.267  -6.984  -16.265 1.0000000000
72622  30.059  -8.708  -15.851 0.8750000000
78225  23.426  -1.762  -16.260 0.5000000000
77487  22.994  -2.761  -16.256 0.3750000000
76708  23.416  -3.127  -16.569 0.8750000000
75038  28.790  -5.103  -16.012 1.0000000000
75829  28.949  -4.369  -15.648 1.0000000000
76691  28.404  -3.652  -15.768 1.0000000000
79026  24.804  -0.336  -17.021 1.0000000000
77482  27.993  -2.849  -16.036 1.0000000000
79779  25.010  0.372  -16.909 0.8750000000
119631  25.758  0.375  -16.977 1.0000000000
111952  26.638  -0.924  -17.009 1.0000000000
78221  27.619  -2.085  -16.413 1.0000000000
83587  23.126  5.240  -13.718 0.1250000000
118015  23.541  4.286  -15.092 0.1250000000
82182  25.198  3.295  -16.941 0.6250000000
124887  25.004  4.086  -17.030 0.6250000000
82899  26.098  4.885  -17.343 0.5000000000
83607  24.075  5.506  -15.423 0.2500000000
83615  26.620  5.502  -16.924 0.5000000000
84347  24.336  6.168  -15.228 0.2500000000
83623  25.981  5.875  -17.790 0.5000000000
84366  25.392  6.993  -17.343 0.1250000000
84377  25.882  6.792  -18.315 0.2500000000
85149  26.402  7.848  -18.170 0.2500000000
84365  27.243  6.645  -17.122 0.3750000000
85148  27.850  8.154  -17.433 0.2500000000
84378  25.602  6.982  -18.114 0.1250000000
68683  23.051  -13.736  -15.920 0.1250000000
67843  23.362  -14.178  -16.135 0.3750000000
67856  26.227  -14.275  -17.623 1.0000000000
68694  27.389  -13.462  -17.918 1.0000000000
126577  25.925  -10.748  -17.767 1.0000000000
117176  27.886  -12.063  -17.579 1.0000000000
69457  28.214  -12.759  -17.494 1.0000000000
68680  28.573  -13.385  -17.222 1.0000000000
71873  24.951  -9.646  -17.508 1.0000000000
71872  25.823  -9.617  -17.794 1.0000000000
70234  28.265  -11.590  -17.232 1.0000000000
108877  27.274  -10.582  -17.829 1.0000000000
73485  24.924  -7.559  -17.734 1.0000000000
71884  27.132  -9.485  -18.149 1.0000000000
71885  26.564  -9.552  -18.044 1.0000000000
72654  26.122  -8.863  -18.009 1.0000000000
71070  29.176  -10.015  -16.576 0.8750000000
74276  24.328  -6.863  -17.491 1.0000000000
118564  25.676  -8.021  -17.915 1.0000000000
118565  27.128  -8.128  -18.366 1.0000000000
118770  27.613  -8.033  -18.125 1.0000000000
117375  26.435  -5.860  -18.323 1.0000000000
117063  25.081  -6.711  -17.847 1.0000000000
74284  26.818  -6.611  -18.416 1.0000000000
73496  26.200  -7.326  -18.216 1.0000000000
73483  27.703  -7.268  -18.015 1.0000000000
73495  26.831  -7.497  -18.400 1.0000000000
127716  29.289  -7.784  -16.342 1.0000000000
75056  22.456  -5.620  -16.460 0.6250000000
75070  24.064  -5.259  -17.202 0.7500000000
75079  25.786  -5.438  -18.093 1.0000000000
75860  25.432  -4.567  -17.885 1.0000000000
75078  26.444  -5.262  -18.228 1.0000000000
76729  26.948  -4.381  -17.931 1.0000000000
75869  26.749  -4.805  -18.150 1.0000000000
75859  27.492  -5.027  -17.619 1.0000000000
75077  27.056  -5.602  -18.309 1.0000000000
117231  23.708  -2.305  -16.613 0.7500000000
77486  24.150  -2.933  -17.016 1.0000000000
75861  24.690  -4.462  -17.460 1.0000000000
76731  25.814  -3.860  -18.103 1.0000000000
76721  24.468  -3.653  -17.264 1.0000000000
116077  25.548  -3.199  -17.864 1.0000000000
76718  26.860  -3.747  -17.752 1.0000000000
110269  24.893  -2.976  -17.548 1.0000000000
77496  25.538  -2.382  -17.681 1.0000000000
77494  26.867  -2.959  -17.462 1.0000000000
76706  27.761  -3.664  -16.469 1.0000000000
77495  26.313  -2.280  -17.560 1.0000000000
78222  27.116  -1.431  -16.731 1.0000000000
79024  26.404  -0.181  -16.920 1.0000000000
79025  25.597  -0.226  -17.221 1.0000000000
82890  23.969  4.770  -15.634 0.1250000000
82881  23.377  4.472  -14.298 0.1250000000
82901  23.967  3.947  -15.802 0.3750000000
82181  25.666  4.242  -17.291 0.7500000000
85142  27.538  7.327  -17.266 0.2500000000
67830  22.920  -14.329  -15.652 0.1250000000
106605  23.774  -14.758  -16.343 0.6250000000
112746  26.619  -14.829  -17.677 1.0000000000
76692  22.287  -3.580  -15.876 0.5000000000
75831  22.163  -4.911  -16.246 0.6250000000
75849  22.610  -4.248  -16.324 0.7500000000
75862  23.954  -4.277  -16.947 0.8750000000
76709  22.692  -3.565  -16.231 0.8750000000
76722  23.873  -3.567  -16.838 1.0000000000
79777  27.138  0.183  -16.331 1.0000000000
78209  27.170  -0.637  -16.524 1.0000000000
82173  23.628  3.418  -15.270 0.3750000000
82183  24.458  3.648  -16.511 0.5000000000
84364  28.349  6.511  -16.592 0.3750000000
63658  26.623  -18.770  -16.883 0.7500000000
116022  28.036  -18.979  -17.136 0.7500000000
64520  26.002  -18.317  -16.973 0.7500000000
64521  25.351  -17.804  -16.875 0.7500000000
64519  27.577  -18.061  -17.031 0.7500000000
126327  27.245  -18.604  -16.965 0.7500000000
119519  26.756  -18.072  -17.089 0.7500000000
65342  26.136  -17.524  -17.230 0.7500000000
64518  28.500  -18.244  -17.073 0.7500000000
113080  27.030  -17.194  -17.257 0.7500000000
66154  25.268  -15.996  -17.118 0.7500000000
66153  26.326  -16.760  -17.374 0.7500000000
106286  26.073  -16.064  -17.412 0.8750000000
65341  28.972  -17.538  -16.987 0.7500000000
111244  27.984  -17.324  -17.027 0.7500000000
123725  27.579  -16.545  -17.228 0.7500000000
109652  26.947  -16.109  -17.480 0.8750000000
66991  26.573  -15.443  -17.576 0.8750000000
66151  28.366  -16.488  -17.012 0.7500000000
66152  27.721  -15.764  -17.323 0.8750000000
66990  27.263  -15.064  -17.670 0.8750000000
66137  28.953  -15.974  -16.900 0.7500000000
114813  28.287  -15.638  -17.132 0.8750000000
66989  28.024  -14.988  -17.470 0.8750000000
67839  30.060  -14.903  -16.426 0.8750000000
67840  29.153  -14.602  -16.696 0.8750000000
68692  32.030  -14.176  -16.926 0.3750000000
67838  30.866  -14.353  -16.285 0.6250000000
68678  30.189  -13.405  -16.173 0.7500000000
68679  29.205  -13.337  -16.624 0.7500000000
68691  32.867  -14.047  -17.893 0.5000000000
68677  31.374  -13.516  -16.125 0.5000000000
125763  31.700  -13.013  -16.025 0.7500000000
69443  30.819  -12.640  -15.926 0.7500000000
69456  33.150  -13.293  -17.923 0.1250000000
115711  32.026  -12.524  -15.984 0.6250000000
70231  31.253  -11.745  -15.770 0.6250000000
114621  34.431  -13.535  -19.532 0.1250000000
69455  33.649  -12.992  -19.053 0.1250000000
70244  33.117  -11.988  -17.194 0.1250000000
71078  33.198  -11.199  -17.179 0.1250000000
71067  32.550  -10.729  -16.169 0.6250000000
71055  32.066  -10.267  -15.610 0.6250000000
71056  31.306  -10.169  -15.613 0.7500000000
70255  33.871  -12.054  -19.215 0.1250000000
114536  33.604  -10.123  -18.806 0.1250000000
71066  33.019  -10.346  -16.809 0.1250000000
71856  32.569  -9.921  -16.100 0.5000000000
71845  31.974  -9.445  -15.464 0.6250000000
72609  31.487  -8.554  -15.372 0.7500000000
70269  34.679  -11.963  -19.975 0.1250000000
117455  32.651  -9.202  -16.039 0.5000000000
72620  33.056  -8.617  -16.409 0.5000000000
72621  32.408  -8.452  -15.658 0.6250000000
72610  30.670  -8.440  -15.487 0.7500000000
109710  24.269  0.266  -16.520 0.6250000000
79781  24.158  1.112  -16.220 0.5000000000
79780  24.591  1.026  -16.521 0.7500000000
73449  32.536  -7.543  -15.587 0.6250000000
74242  30.815  -6.279  -15.236 0.6250000000
74243  29.905  -6.118  -15.584 0.8750000000
74259  33.145  -7.065  -15.826 0.5000000000
74241  31.696  -6.471  -15.228 0.6250000000
75035  31.551  -5.699  -15.254 0.6250000000
75036  30.606  -5.457  -15.292 0.7500000000
75828  29.868  -4.175  -15.393 0.8750000000
76690  29.275  -3.543  -15.418 0.8750000000
77469  28.778  -2.831  -15.444 0.8750000000
118190  29.303  -2.067  -15.131 0.8750000000
74258  33.371  -6.602  -16.516 0.3750000000
75034  32.450  -5.967  -15.438 0.5000000000
75825  32.305  -5.177  -15.519 0.5000000000
75827  30.586  -4.626  -15.300 0.6250000000
75066  33.341  -5.834  -17.268 0.2500000000
75052  32.961  -5.518  -15.832 0.3750000000
75826  31.448  -4.910  -15.312 0.5000000000
80597  24.246  1.783  -16.271 0.6250000000
80596  25.041  1.706  -16.591 0.7500000000
114225  25.420  0.993  -16.733 0.8750000000
79778  26.409  0.790  -16.599 0.8750000000
78208  27.897  -1.202  -15.964 0.7500000000
78207  28.946  -1.300  -15.287 0.8750000000
115502  30.693  -3.936  -15.298 0.6250000000
76689  30.266  -3.403  -15.297 0.7500000000
75845  32.809  -4.692  -15.938 0.3750000000
76687  32.236  -4.376  -15.488 0.5000000000
77467  30.761  -2.643  -15.239 0.7500000000
75844  33.181  -5.156  -16.532 0.2500000000
81394  24.716  2.442  -16.534 0.6250000000
80595  25.962  1.633  -16.690 0.8750000000
117310  27.297  0.947  -16.093 0.7500000000
79011  27.776  -0.258  -15.865 0.8750000000
78206  30.154  -1.302  -15.072 0.7500000000
76717  32.866  -3.291  -16.864 0.2500000000
76704  32.606  -2.964  -16.043 0.5000000000
126889  32.123  -3.717  -15.411 0.5000000000
75856  33.329  -4.872  -17.467 0.2500000000
119741  24.417  2.987  -16.460 0.5000000000
81393  25.581  2.455  -16.774 0.6250000000
81392  26.420  2.412  -16.659 0.7500000000
80594  26.831  1.633  -16.397 0.7500000000
81391  27.258  2.379  -16.267 0.7500000000
80577  27.689  1.687  -15.916 0.7500000000
80576  28.659  1.710  -15.520 0.7500000000
116819  28.103  1.014  -15.572 0.7500000000
79769  29.053  0.991  -15.329 0.7500000000
79768  29.550  0.213  -15.261 0.7500000000
109156  29.895  0.974  -15.302 0.7500000000
78205  31.357  -0.890  -15.384 0.5000000000
79008  30.483  -0.324  -15.268 0.6250000000
77481  32.321  -2.339  -15.786 0.3750000000
78220  31.960  -1.624  -15.525 0.3750000000
111781  26.052  3.252  -17.053 0.6250000000
118566  27.695  3.117  -15.921 0.7500000000
81379  28.188  2.412  -15.734 0.7500000000
80575  29.732  1.685  -15.363 0.7500000000
80574  30.391  1.315  -15.434 0.6250000000
110808  31.832  -0.088  -15.996 0.3750000000
79767  30.638  0.622  -15.427 0.3750000000
77493  32.706  -2.475  -17.539 0.1250000000
78232  32.516  -1.587  -17.237 0.1250000000
79022  32.370  -0.953  -16.586 0.2500000000
118389  26.781  3.124  -16.595 0.6250000000
82172  27.209  3.893  -16.117 0.7500000000
117694  28.688  3.159  -15.586 0.6250000000
81378  29.204  2.440  -15.484 0.7500000000
80573  30.966  1.421  -15.638 0.3750000000
112774  30.516  1.845  -15.506 0.3750000000
79776  31.937  0.424  -16.564 0.2500000000
79766  31.435  0.717  -15.934 0.3750000000
125588  32.232  -1.335  -19.246 0.1250000000
117868  32.371  -1.178  -18.450 0.1250000000
125746  32.612  -1.890  -18.133 0.1250000000
82180  26.360  3.954  -17.000 0.6250000000
82170  29.159  3.912  -15.559 0.3750000000
82171  28.148  3.884  -15.613 0.3750000000
113732  29.691  3.201  -15.562 0.3750000000
81389  31.307  2.342  -16.607 0.2500000000
81377  30.179  2.447  -15.509 0.3750000000
79800  31.931  0.193  -18.202 0.1250000000
118384  31.658  1.047  -16.600 0.3750000000
78248  32.102  -1.542  -20.098 0.1250000000
79789  32.206  0.173  -17.203 0.1250000000
83606  28.142  5.197  -15.897 0.3750000000
82898  26.846  4.681  -16.485 0.3750000000
82889  27.702  4.580  -15.838 0.3750000000
82887  29.451  4.535  -15.708 0.3750000000
82888  28.626  4.550  -15.650 0.3750000000
82179  30.719  3.643  -16.331 0.3750000000
82169  30.115  4.043  -15.742 0.3750000000
82189  31.043  3.132  -17.223 0.3750000000
81376  30.955  2.277  -15.782 0.3750000000
109001  30.516  3.112  -15.801 0.3750000000
122736  30.596  0.839  -20.494 0.1250000000
79790  31.803  0.864  -17.532 0.1250000000
80611  31.594  1.661  -17.111 0.2500000000
79054  31.762  -0.751  -19.687 0.1250000000
83612  29.437  5.748  -16.419 0.2500000000
82896  30.518  4.513  -16.442 0.2500000000
82897  29.917  4.916  -16.003 0.3750000000
83605  29.095  5.142  -15.835 0.3750000000
123431  30.727  3.570  -18.232 0.1250000000
81426  30.014  2.106  -20.778 0.1250000000
81406  31.254  2.341  -17.873 0.1250000000
83613  28.536  5.709  -16.158 0.3750000000
83611  30.311  5.368  -16.718 0.2500000000
114089  30.580  4.212  -18.564 0.1250000000
111448  30.476  4.962  -18.951 0.1250000000
80639  30.121  1.393  -21.167 0.1250000000
82200  29.990  3.474  -20.683 0.1250000000
112275  30.492  6.410  -19.863 0.1250000000
82913  29.871  4.321  -20.824 0.1250000000
108528  30.061  4.916  -20.381 0.1250000000
81437  29.994  2.776  -20.720 0.1250000000
80652  30.245  1.996  -20.568 0.1250000000
73463  33.085  -7.830  -16.003 0.6250000000
76688  31.372  -3.331  -15.315 0.5000000000
75857  33.085  -4.279  -16.685 0.3750000000
118639  28.431  0.299  -15.477 0.7500000000
79010  28.657  -0.495  -15.444 0.7500000000
77466  31.752  -2.441  -15.377 0.5000000000
112215  31.132  -1.809  -15.214 0.7500000000
80638  30.589  1.508  -20.061 0.1250000000
82905  30.625  4.852  -17.474 0.2500000000
82910  30.075  4.226  -20.067 0.1250000000
81427  29.924  2.625  -20.827 0.1250000000
70230  32.496  -11.681  -16.240 0.5000000000
71068  31.738  -10.943  -15.655 0.6250000000
109221  30.632  -10.913  -15.799 0.7500000000
73462  33.384  -7.951  -16.810 0.3750000000
118213  33.341  -7.351  -16.388 0.3750000000
74272  33.414  -6.614  -17.484 0.2500000000
118226  30.210  -2.117  -15.096 0.7500000000
81407  30.785  2.945  -18.836 0.1250000000
114859  33.457  -6.345  -18.219 0.1250000000
63648  26.992  -19.939  -16.789 0.7500000000
63649  26.569  -19.373  -16.767 0.7500000000
64509  25.324  -18.604  -16.571 0.7500000000
62854  28.696  -20.362  -17.392 0.7500000000
63657  27.236  -19.253  -16.898 0.7500000000
63656  28.811  -19.701  -17.499 0.7500000000
66139  24.686  -16.591  -16.737 0.6250000000
66138  25.472  -16.887  -17.150 0.7500000000
64517  29.445  -18.491  -17.387 0.6250000000
66150  29.399  -16.861  -16.996 0.6250000000
66136  29.877  -16.309  -16.867 0.6250000000
66974  30.435  -15.740  -16.730 0.5000000000
67853  31.747  -14.945  -17.129 0.3750000000
66973  30.900  -15.165  -16.631 0.5000000000
114829  32.651  -14.687  -17.791 0.1250000000
68690  33.720  -14.080  -18.983 0.1250000000
69472  35.362  -13.181  -19.862 0.1250000000
69483  35.692  -12.610  -20.218 0.1250000000
71091  33.856  -11.037  -19.169 0.1250000000
71869  33.448  -9.475  -18.092 0.1250000000
72639  33.373  -8.691  -17.411 0.1250000000
81395  23.956  2.471  -16.123 0.5000000000
76727  33.263  -3.844  -18.716 0.1250000000
77501  32.820  -2.446  -18.558 0.1250000000
82184  23.874  3.139  -15.972 0.3750000000
77505  32.618  -2.374  -19.622 0.1250000000
78255  31.685  -1.496  -21.480 0.1250000000
124642  32.291  -2.176  -20.642 0.1250000000
125318  30.687  0.417  -20.724 0.1250000000
79839  30.532  0.375  -22.267 0.1250000000
84363  29.315  6.602  -16.799 0.2500000000
84374  30.298  6.612  -17.696 0.1250000000
107288  30.373  7.347  -18.257 0.1250000000
113539  29.977  4.973  -20.886 0.1250000000
83629  30.244  5.697  -20.701 0.1250000000
79815  30.465  1.026  -21.560 0.1250000000
82208  30.136  3.515  -20.824 0.1250000000
73452  30.326  -6.985  -15.501 0.7500000000
73451  30.994  -7.723  -15.268 0.7500000000
108671  23.371  -0.795  -16.249 0.3750000000
113362  28.367  -2.046  -15.647 0.8750000000
67841  28.436  -14.218  -17.360 0.8750000000
75037  29.640  -5.112  -15.572 0.8750000000
114287  27.366  5.191  -16.208 0.3750000000
83614  27.507  5.928  -16.439 0.3750000000
85141  28.681  7.349  -16.990 0.1250000000
64508  25.972  -19.051  -16.750 0.7500000000
115321  28.921  -19.015  -17.405 0.7500000000
65332  24.721  -17.344  -16.621 0.7500000000
117167  24.612  -15.922  -16.761 0.6250000000
66975  29.477  -15.450  -16.666 0.7500000000
66976  28.642  -15.127  -16.973 0.8750000000
117331  29.694  -14.068  -16.428 0.7500000000
69442  32.328  -13.307  -16.740 0.5000000000
127653  33.331  -14.527  -18.420 0.1250000000
118874  33.258  -12.554  -17.814 0.2500000000
69441  32.735  -12.535  -16.940 0.3750000000
69473  34.638  -12.838  -19.830 0.1250000000
70243  33.467  -12.010  -18.124 0.1250000000
111880  33.577  -11.324  -18.303 0.1250000000
71077  33.435  -10.420  -17.841 0.1250000000
71855  33.137  -9.519  -16.911 0.1250000000
123277  31.870  -7.914  -15.336 0.6250000000
122781  31.095  -6.941  -15.188 0.6250000000
77468  29.731  -2.771  -15.236 0.7500000000
115182  31.453  -4.145  -15.286 0.5000000000
114456  32.682  -3.748  -15.902 0.3750000000
79009  29.563  -0.636  -15.196 0.7500000000
76705  32.263  -3.071  -15.574 0.5000000000
76716  33.218  -3.997  -17.674 0.1250000000
79023  32.092  -0.812  -15.875 0.3750000000
79007  31.308  -0.056  -15.579 0.3750000000
77480  32.559  -2.389  -16.531 0.1250000000
78219  32.368  -1.604  -16.140 0.3750000000
79775  32.218  -0.273  -16.548 0.3750000000
79035  32.353  -0.547  -17.503 0.1250000000
80593  31.378  1.592  -16.172 0.3750000000
79045  32.031  -0.428  -18.628 0.1250000000
113376  32.530  -1.787  -18.980 0.1250000000
79046  31.358  0.154  -19.624 0.1250000000
79801  31.330  0.864  -19.041 0.1250000000
115394  30.761  4.009  -17.247 0.3750000000
81390  30.989  2.919  -16.247 0.3750000000
80624  31.330  1.597  -18.465 0.1250000000
78249  31.255  -0.756  -21.184 0.1250000000
79055  30.855  -0.056  -20.889 0.1250000000
84362  30.038  6.231  -17.019 0.2500000000
83621  30.466  5.789  -17.823 0.2500000000
81418  30.259  2.795  -20.303 0.1250000000
81417  30.706  2.218  -19.517 0.1250000000
83627  30.473  5.719  -19.387 0.1250000000
82195  30.404  3.536  -19.582 0.1250000000
84380  30.621  7.252  -19.496 0.1250000000
107408  30.523  6.552  -18.590 0.1250000000
62844  26.730  -20.631  -16.557 0.7500000000
62855  27.920  -19.937  -17.090 0.7500000000
62842  28.197  -20.819  -16.985 0.7500000000
121138  25.424  -19.317  -16.398 0.7500000000
63650  26.084  -19.863  -16.533 0.7500000000
65333  24.201  -16.993  -16.346 0.5000000000
110198  30.207  -17.022  -17.210 0.6250000000
71883  33.649  -9.473  -19.132 0.1250000000
76728  33.027  -3.172  -18.064 0.1250000000
79060  30.443  -0.082  -22.058 0.1250000000
79814  30.352  0.620  -21.524 0.1250000000
64510  24.654  -18.129  -16.352 0.5000000000
62066  27.472  -21.329  -16.649 0.6250000000
62841  29.756  -20.853  -17.394 0.3750000000
126088  30.695  -19.969  -17.563 0.2500000000
62852  30.172  -20.176  -17.860 0.3750000000
66988  31.519  -15.796  -17.255 0.3750000000
81380  23.636  2.623  -15.577 0.2500000000
62843  27.472  -20.530  -16.783 0.6250000000
64516  30.379  -18.764  -17.764 0.5000000000
65340  30.028  -17.784  -17.317 0.5000000000
65339  30.817  -17.508  -17.483 0.3750000000
62063  30.040  -21.339  -16.722 0.5000000000
62074  29.012  -20.985  -17.354 0.6250000000
121577  27.727  -22.175  -16.660 0.6250000000
64497  24.025  -18.352  -15.702 0.3750000000
64496  24.627  -19.056  -16.007 0.3750000000
63651  25.135  -20.010  -16.034 0.6250000000
62050  29.634  -22.089  -16.368 0.3750000000
62065  28.492  -21.751  -16.868 0.6250000000
119628  23.614  -17.761  -15.475 0.2500000000
62049  30.282  -21.762  -15.701 0.3750000000
62840  30.403  -20.572  -17.164 0.2500000000
66977  24.220  -15.401  -16.557 0.3750000000
63655  30.576  -19.476  -17.805 0.2500000000
64515  30.812  -18.197  -17.665 0.3750000000
124665  31.321  -18.020  -17.583 0.2500000000
66149  30.889  -16.641  -17.235 0.2500000000
66148  31.847  -16.562  -17.480 0.2500000000
72611  21.556  -8.385  -15.608 0.1250000000
75039  20.972  -5.925  -15.602 0.2500000000
105512  32.468  -15.311  -17.652 0.2500000000
112708  21.236  -4.985  -15.603 0.2500000000
73470  21.030  -7.251  -15.560 0.1250000000
71861  21.792  -8.981  -15.876 0.2500000000
66978  23.554  -15.547  -16.069 0.2500000000
75830  21.966  -4.278  -15.902 0.3750000000
62853  29.412  -20.282  -17.676 0.5000000000
117938  29.734  -19.478  -17.827 0.5000000000
105482  32.323  -15.902  -17.546 0.2500000000
64511  24.120  -17.608  -16.072 0.3750000000
62064  29.359  -21.598  -16.988 0.5000000000
62830  30.595  -20.876  -16.114 0.2500000000
62839  31.054  -20.063  -16.644 0.2500000000
62067  26.494  -21.421  -16.389 0.6250000000
61222  29.874  -22.483  -15.688 0.3750000000
61235  28.989  -22.362  -16.669 0.5000000000
64507  31.148  -18.713  -17.621 0.2500000000
65338  31.517  -17.344  -17.505 0.2500000000
105298  21.849  -9.372  -15.870 0.1250000000
61237  26.265  -22.321  -16.266 0.5000000000
61223  29.267  -22.887  -16.058 0.2500000000
60325  28.596  -23.497  -16.298 0.3750000000
61224  28.239  -22.761  -16.685 0.5000000000
61225  25.181  -22.245  -15.691 0.3750000000
62052  24.787  -21.367  -15.608 0.5000000000
62051  25.623  -21.484  -16.030 0.5000000000
122333  25.189  -20.823  -15.880 0.3750000000
62845  25.868  -20.703  -16.247 0.5000000000
60327  24.325  -23.366  -14.985 0.1250000000
108768  25.060  -23.119  -15.435 0.3750000000
62831  24.493  -20.567  -15.571 0.2500000000
59385  24.890  -24.761  -15.216 0.1250000000
59383  26.330  -24.141  -15.828 0.3750000000
60324  29.275  -23.721  -15.556 0.2500000000
59393  27.666  -24.331  -16.375 0.3750000000
60337  26.500  -23.073  -16.287 0.5000000000
60311  23.606  -23.663  -14.593 0.1250000000
59394  26.991  -23.713  -16.223 0.3750000000
61227  23.742  -22.026  -14.859 0.1250000000
62819  23.129  -20.686  -14.670 0.1250000000
110760  33.440  -7.255  -17.187 0.1250000000
109868  27.043  -22.032  -16.524 0.5000000000
63635  24.314  -19.806  -15.621 0.2500000000
63636  23.711  -19.241  -15.315 0.2500000000
60323  29.867  -23.136  -15.280 0.2500000000
61236  27.237  -22.846  -16.576 0.5000000000
121987  28.755  -22.880  -16.475 0.3750000000
60336  27.845  -23.588  -16.585 0.3750000000
60338  25.824  -22.987  -15.918 0.3750000000
118983  24.385  -21.880  -15.293 0.2500000000
62053  23.892  -21.173  -15.109 0.1250000000
61226  24.370  -22.571  -15.170 0.2500000000
60328  23.625  -22.830  -14.757 0.1250000000
62832  23.728  -20.229  -15.177 0.1250000000
59373  23.663  -24.434  -14.521 0.1250000000
59372  24.305  -24.195  -14.838 0.1250000000
60326  25.664  -23.692  -15.674 0.3750000000
59392  28.161  -24.161  -16.402 0.2500000000
59384  25.606  -24.484  -15.578 0.2500000000
58491  27.362  -25.068  -16.199 0.2500000000
66140  23.992  -16.287  -16.312 0.2500000000
59381  28.690  -24.348  -15.871 0.2500000000
107278  24.973  -23.938  -15.289 0.1250000000
59382  26.982  -24.445  -16.011 0.2500000000
117027  26.417  -25.017  -15.881 0.1250000000
66128  23.394  -16.323  -15.581 0.1250000000
79770  24.113  0.380  -16.359 0.1250000000
122299  23.866  -0.209  -16.366 0.1250000000
79762  23.917  0.677  -15.457 0.1250000000
122548  23.743  1.223  -15.453 0.1250000000
80578  23.485  2.447  -15.202 0.1250000000
80557  23.588  1.524  -15.249 0.1250000000
124824  23.610  1.526  -15.349 0.1250000000
81367  23.535  2.765  -15.093 0.1250000000
79012  23.385  -0.236  -15.343 0.1250000000
116517  24.480  2.315  -14.343 0.1250000000
78210  22.670  -0.973  -15.083 0.1250000000
114201  20.829  -5.787  -15.503 0.1250000000
126925  23.478  -18.432  -15.201 0.1250000000
65325  23.331  -17.200  -15.225 0.1250000000
126676  20.792  -2.767  -14.416 0.1250000000
78996  23.593  -0.165  -15.206 0.1250000000
79754  24.233  0.792  -15.077 0.1250000000
80544  25.060  1.716  -14.378 0.1250000000
81350  23.746  3.818  -13.757 0.1250000000
81351  23.693  3.334  -14.651 0.1250000000
66979  23.216  -14.919  -15.892 0.1250000000
80598  23.784  2.089  -15.892 0.1250000000
65324  23.728  -17.042  -15.857 0.1250000000
76693  21.698  -4.143  -15.680 0.1250000000
105816  23.098  -15.909  -15.211 0.1250000000
66129  23.152  -16.718  -15.044 0.1250000000
118758  23.458  2.557  -15.118 0.1250000000
80545  24.115  1.609  -14.792 0.1250000000
78987  24.915  0.271  -14.779 0.1250000000
81334  24.705  2.936  -12.808 0.1250000000
61208  30.377  -22.532  -15.054 0.1250000000
62048  30.911  -21.270  -15.360 0.1250000000
62829  31.327  -20.514  -15.403 0.1250000000
63634  31.653  -19.645  -15.830 0.1250000000
63647  31.134  -19.417  -17.403 0.1250000000
64506  31.652  -18.803  -17.140 0.1250000000
65323  32.539  -17.638  -15.998 0.1250000000
64505  32.178  -18.257  -16.696 0.1250000000
65331  31.806  -18.004  -17.346 0.1250000000
65329  32.793  -16.965  -16.346 0.1250000000
65337  32.150  -17.099  -17.348 0.1250000000
66134  33.198  -16.353  -16.663 0.1250000000
66135  32.659  -16.682  -17.072 0.1250000000
66147  32.524  -16.272  -17.458 0.1250000000
58490  28.111  -24.962  -16.249 0.1250000000
59380  29.423  -24.574  -15.252 0.1250000000
60310  29.962  -23.906  -14.879 0.1250000000
60309  30.509  -23.299  -14.684 0.1250000000
113040  31.641  -22.149  -14.371 0.1250000000
61207  31.064  -22.721  -14.516 0.1250000000
62034  31.449  -21.328  -14.725 0.1250000000
62818  31.966  -20.720  -14.503 0.1250000000
63633  32.209  -19.140  -15.280 0.1250000000
64495  31.970  -18.953  -16.262 0.1250000000
64494  32.392  -18.392  -15.658 0.1250000000
65322  33.091  -17.131  -15.521 0.1250000000
66987  33.007  -15.508  -17.833 0.1250000000
66986  33.557  -15.230  -17.806 0.1250000000
67852  33.258  -14.952  -18.201 0.1250000000
62035  30.910  -21.931  -14.884 0.1250000000
65330  32.346  -17.463  -16.942 0.1250000000
58489  28.827  -25.200  -15.654 0.1250000000
63646  31.514  -19.389  -16.694 0.1250000000
66146  33.117  -15.968  -17.360 0.1250000000
124434  33.256  -16.623  -15.952 0.1250000000
58480  29.566  -25.459  -15.140 0.1250000000
59371  30.344  -24.862  -14.625 0.1250000000
62033  32.175  -21.539  -14.200 0.1250000000
66972  33.618  -15.608  -16.925 0.1250000000
73450  31.787  -7.229  -15.257 0.6250000000
74239  33.118  -6.286  -15.772 0.5000000000
74240  32.526  -6.758  -15.478 0.6250000000
75051  33.279  -5.864  -16.263 0.3750000000
75068  27.395  -5.549  -17.986 1.0000000000
75069  24.975  -5.299  -17.689 1.0000000000
75868  27.208  -4.957  -17.999 1.0000000000
76730  26.461  -4.076  -18.067 1.0000000000
119526  23.262  -3.902  -16.592 1.0000000000
121751  26.258  -23.502  -15.987 0.3750000000
124913  23.532  3.943  -14.844 0.1250000000
125451  27.710  0.427  -15.811 0.7500000000
125978  31.697  -0.461  -15.700 0.3750000000
