#!ascii label  , from subject sub-v1s12x0050130_ses-1 vox2ras=TkReg
1107
47557  17.725  -34.581  44.402 0.0000000000
42539  31.560  -38.908  46.958 0.0000000000
63642  36.924  -17.174  29.672 0.0000000000
56038  27.751  -26.707  38.700 0.0000000000
52332  32.609  -32.366  42.774 0.0000000000
70813  49.013  -10.093  23.237 0.0000000000
118050  37.046  -17.764  33.869 0.0000000000
115906  30.860  -19.414  33.092 0.0000000000
44805  12.955  -37.205  43.040 0.0000000000
46649  24.748  -34.864  46.284 0.0000000000
134739  27.442  -36.148  41.459 0.0000000000
49514  20.507  -32.221  41.366 0.0000000000
67340  43.083  -13.308  26.315 0.0000000000
45732  20.745  -35.068  49.227 0.0000000000
43692  15.164  -37.390  47.424 0.0000000000
66475  42.361  -15.531  29.756 0.0000000000
116191  9.730  -36.261  47.776 0.0000000000
42504  5.495  -39.450  48.855 0.0000000000
60865  30.681  -20.893  38.344 0.0000000000
114238  30.059  -30.105  41.487 0.0000000000
49576  33.085  -33.482  35.147 0.0000000000
46754  29.846  -35.857  37.656 0.0000000000
114899  36.400  -17.512  36.129 0.0000000000
119197  34.338  -18.139  33.235 0.0000000000
63602  33.215  -17.888  35.441 0.0000000000
116978  39.224  -17.377  36.217 0.0000000000
46698  15.996  -36.279  41.279 0.0000000000
44872  14.608  -37.593  40.751 0.0000000000
44825  15.224  -36.563  43.264 0.0000000000
48486  21.406  -33.607  45.990 0.0000000000
128104  23.280  -32.849  43.582 0.0000000000
48515  18.723  -33.081  42.692 0.0000000000
47591  17.448  -34.629  40.564 0.0000000000
64598  37.601  -16.236  28.479 0.0000000000
63631  39.868  -17.241  31.444 0.0000000000
64592  39.764  -16.181  29.660 0.0000000000
65575  39.902  -15.390  28.694 0.0000000000
125162  14.582  -38.146  49.421 0.0000000000
44744  13.268  -36.728  47.926 0.0000000000
44709  12.452  -36.893  50.216 0.0000000000
44656  6.233  -38.153  53.519 0.0000000000
44680  6.849  -37.607  51.397 0.0000000000
42478  4.712  -39.751  51.353 0.0000000000
40463  3.305  -41.534  50.598 0.0000000000
40444  2.563  -41.847  53.156 0.0000000000
55042  30.611  -27.786  43.912 0.0000000000
129295  31.360  -31.189  41.734 0.0000000000
52387  32.273  -31.292  38.613 0.0000000000
50491  33.552  -32.796  39.060 0.0000000000
47623  25.571  -34.038  39.372 0.0000000000
45860  28.361  -35.612  39.699 0.0000000000
46776  27.388  -34.461  37.692 0.0000000000
47664  28.172  -34.542  35.794 0.0000000000
119961  29.192  -23.850  38.723 0.0000000000
59935  28.441  -22.669  36.408 0.0000000000
57012  27.390  -25.245  35.756 0.0000000000
71614  52.110  -8.950  20.393 0.0000000000
70836  49.684  -10.260  20.535 0.0000000000
62771  37.096  -18.228  31.689 0.0000000000
119861  34.323  -18.129  31.297 0.0000000000
63609  39.003  -17.496  34.237 0.0000000000
44762  27.324  -36.980  46.212 0.0000000000
43728  28.882  -37.363  43.846 0.0000000000
46675  25.725  -35.268  43.769 0.0000000000
118653  24.813  -33.538  41.364 0.0000000000
115217  22.049  -32.673  38.404 0.0000000000
67316  46.149  -14.434  28.443 0.0000000000
68260  45.874  -13.300  26.772 0.0000000000
114076  46.766  -11.498  24.985 0.0000000000
69994  46.567  -11.116  22.502 0.0000000000
46652  18.599  -34.885  46.670 0.0000000000
45761  16.511  -36.329  46.245 0.0000000000
45734  18.100  -36.346  48.641 0.0000000000
46626  22.860  -34.887  47.903 0.0000000000
66483  43.144  -14.566  28.607 0.0000000000
114009  14.425  -36.761  45.154 0.0000000000
45779  11.149  -37.128  44.928 0.0000000000
44773  8.484  -38.334  45.567 0.0000000000
45699  9.698  -36.621  50.567 0.0000000000
44729  7.211  -37.862  48.634 0.0000000000
38531  0.679  -43.311  54.345 0.0000000000
63572  33.061  -18.313  38.226 0.0000000000
56969  29.736  -24.908  40.648 0.0000000000
55999  30.433  -25.660  42.225 0.0000000000
54195  28.551  -28.749  40.255 0.0000000000
53277  31.255  -30.602  38.400 0.0000000000
136614  33.118  -31.834  34.633 0.0000000000
50524  30.708  -32.414  32.336 0.0000000000
43767  30.710  -38.163  41.917 0.0000000000
45835  31.837  -35.979  40.912 0.0000000000
47619  32.901  -34.470  39.801 0.0000000000
47661  31.306  -35.353  35.351 0.0000000000
48642  29.381  -33.983  33.732 0.0000000000
61851  30.402  -19.627  35.994 0.0000000000
60926  28.779  -21.289  33.817 0.0000000000
64474  36.339  -17.667  37.112 0.0000000000
64523  34.787  -17.596  35.810 0.0000000000
64500  34.571  -17.743  36.629 0.0000000000
115362  37.747  -17.609  37.939 0.0000000000
46688  16.515  -35.681  42.970 0.0000000000
45807  15.642  -36.497  42.806 0.0000000000
45806  16.089  -36.167  43.398 0.0000000000
47546  18.864  -34.114  45.543 0.0000000000
48506  20.345  -32.870  44.397 0.0000000000
128814  17.926  -34.196  43.734 0.0000000000
47566  16.886  -35.033  42.402 0.0000000000
64595  37.028  -16.666  28.932 0.0000000000
63637  38.186  -17.539  30.840 0.0000000000
64567  39.615  -16.951  30.661 0.0000000000
64581  38.441  -16.787  29.792 0.0000000000
64593  38.952  -16.328  29.436 0.0000000000
43578  5.405  -38.682  53.839 0.0000000000
43592  5.633  -38.659  52.850 0.0000000000
42471  4.610  -39.726  52.372 0.0000000000
41424  4.272  -40.344  50.786 0.0000000000
41411  3.457  -40.901  52.299 0.0000000000
131752  2.596  -42.007  51.787 0.0000000000
52311  31.730  -31.036  43.831 0.0000000000
52333  31.911  -31.855  42.235 0.0000000000
51410  32.129  -32.345  40.536 0.0000000000
115481  32.775  -33.115  40.551 0.0000000000
42548  31.785  -37.857  46.379 0.0000000000
48573  25.059  -33.343  37.741 0.0000000000
47621  26.308  -34.342  38.603 0.0000000000
48601  25.194  -33.324  36.924 0.0000000000
47667  25.897  -33.623  35.903 0.0000000000
56989  28.531  -25.108  38.865 0.0000000000
57881  28.214  -24.662  37.640 0.0000000000
69983  49.729  -10.505  24.236 0.0000000000
69982  50.951  -10.524  24.207 0.0000000000
70821  50.910  -9.612  22.856 0.0000000000
71601  51.295  -9.440  22.132 0.0000000000
70830  49.618  -10.026  21.354 0.0000000000
62753  36.870  -18.102  32.945 0.0000000000
62773  35.746  -18.349  31.650 0.0000000000
62765  35.710  -18.362  32.335 0.0000000000
62768  32.480  -18.398  32.769 0.0000000000
62767  33.398  -18.208  32.300 0.0000000000
61868  31.984  -18.991  31.666 0.0000000000
63598  38.039  -17.571  35.219 0.0000000000
118279  37.814  -17.642  33.794 0.0000000000
63628  37.985  -17.749  32.765 0.0000000000
115061  14.069  -37.070  41.935 0.0000000000
44806  11.524  -37.898  43.422 0.0000000000
45757  25.925  -35.804  46.038 0.0000000000
44778  26.945  -36.467  45.114 0.0000000000
46665  25.598  -35.303  44.779 0.0000000000
49498  21.989  -32.245  42.604 0.0000000000
48513  23.886  -33.102  42.992 0.0000000000
49523  22.364  -32.120  41.167 0.0000000000
48560  23.349  -32.643  39.726 0.0000000000
49536  21.390  -32.396  39.838 0.0000000000
49526  19.506  -32.874  39.933 0.0000000000
129966  30.740  -30.248  36.296 0.0000000000
129730  44.869  -13.644  27.427 0.0000000000
67337  46.419  -13.749  27.336 0.0000000000
68261  44.874  -13.196  26.729 0.0000000000
69178  45.065  -11.821  24.548 0.0000000000
69185  45.061  -11.620  23.260 0.0000000000
69986  46.569  -11.009  23.725 0.0000000000
46638  19.379  -35.089  48.070 0.0000000000
45746  18.605  -35.721  48.284 0.0000000000
45733  18.902  -35.961  49.051 0.0000000000
46627  21.684  -34.823  48.481 0.0000000000
46637  20.643  -34.430  47.939 0.0000000000
66482  44.636  -14.725  29.292 0.0000000000
121130  42.771  -15.079  29.181 0.0000000000
66494  40.037  -14.416  27.470 0.0000000000
44755  15.942  -36.924  47.092 0.0000000000
44768  15.210  -36.748  45.976 0.0000000000
43709  14.844  -37.076  46.747 0.0000000000
45735  12.339  -36.048  47.654 0.0000000000
45748  12.504  -36.587  46.186 0.0000000000
45750  10.579  -36.438  46.307 0.0000000000
44771  10.370  -37.063  45.482 0.0000000000
44745  8.742  -37.222  46.665 0.0000000000
45677  9.322  -36.859  52.403 0.0000000000
43644  5.890  -38.796  49.342 0.0000000000
44711  7.022  -37.735  49.547 0.0000000000
43643  6.557  -38.388  48.978 0.0000000000
43678  6.890  -38.738  47.189 0.0000000000
57851  30.474  -23.707  40.637 0.0000000000
54173  29.827  -28.714  42.866 0.0000000000
55057  30.254  -27.407  43.223 0.0000000000
54180  29.499  -28.426  42.259 0.0000000000
55080  29.308  -26.776  41.422 0.0000000000
54189  28.990  -28.954  41.030 0.0000000000
53267  29.738  -30.134  39.799 0.0000000000
129289  30.448  -30.559  40.100 0.0000000000
51430  33.583  -31.742  37.330 0.0000000000
52396  33.038  -31.009  37.223 0.0000000000
50508  33.200  -32.583  34.816 0.0000000000
50513  32.112  -32.743  33.718 0.0000000000
49584  31.816  -33.568  34.012 0.0000000000
43771  28.134  -36.822  42.937 0.0000000000
43747  29.749  -37.244  43.138 0.0000000000
43790  28.754  -36.504  42.167 0.0000000000
45880  29.526  -35.690  38.540 0.0000000000
44899  30.271  -36.348  40.150 0.0000000000
45878  30.882  -36.161  38.568 0.0000000000
46734  32.031  -35.227  39.553 0.0000000000
46751  31.946  -35.991  38.124 0.0000000000
47646  33.009  -35.213  36.993 0.0000000000
46771  31.075  -36.243  36.869 0.0000000000
121535  26.617  -33.896  33.727 0.0000000000
47678  28.298  -34.439  34.803 0.0000000000
62725  31.521  -19.440  37.827 0.0000000000
132888  31.682  -18.905  37.157 0.0000000000
61844  30.513  -19.986  36.932 0.0000000000
58905  27.858  -23.170  35.508 0.0000000000
59961  28.436  -21.677  34.724 0.0000000000
71621  52.960  -8.753  19.708 0.0000000000
114202  36.460  -17.699  34.258 0.0000000000
63622  35.618  -18.165  33.396 0.0000000000
63600  35.061  -17.583  34.861 0.0000000000
122498  33.510  -17.889  34.518 0.0000000000
62748  32.048  -18.362  34.286 0.0000000000
133255  38.599  -17.389  37.511 0.0000000000
64498  37.879  -17.472  36.143 0.0000000000
45819  15.308  -37.158  40.883 0.0000000000
44850  14.649  -37.121  41.753 0.0000000000
136633  14.024  -36.808  42.733 0.0000000000
48485  22.488  -33.769  46.240 0.0000000000
47554  24.391  -34.078  45.017 0.0000000000
48494  21.540  -33.114  45.062 0.0000000000
49486  21.117  -32.485  43.401 0.0000000000
49500  19.521  -32.455  42.055 0.0000000000
48548  18.661  -33.178  40.548 0.0000000000
48533  17.940  -33.760  41.150 0.0000000000
47578  16.810  -35.113  41.292 0.0000000000
67349  42.368  -13.346  25.466 0.0000000000
44724  19.600  -36.464  49.988 0.0000000000
64560  41.029  -16.826  31.641 0.0000000000
64578  40.777  -16.429  30.434 0.0000000000
65564  41.149  -16.066  30.025 0.0000000000
133983  41.242  -15.363  29.148 0.0000000000
65570  40.180  -15.747  29.312 0.0000000000
65576  38.941  -15.440  28.298 0.0000000000
42531  15.317  -38.231  48.525 0.0000000000
43694  14.893  -37.579  47.584 0.0000000000
43676  13.966  -37.426  48.296 0.0000000000
44727  12.634  -36.594  49.249 0.0000000000
128502  10.855  -36.342  49.022 0.0000000000
45679  7.643  -37.285  52.804 0.0000000000
44668  6.299  -38.167  52.622 0.0000000000
43609  5.774  -38.676  51.292 0.0000000000
42491  5.394  -39.335  49.818 0.0000000000
41432  4.450  -40.457  49.770 0.0000000000
53229  30.732  -29.946  43.424 0.0000000000
129204  30.913  -30.558  41.872 0.0000000000
53254  30.921  -30.952  40.421 0.0000000000
52362  31.780  -31.873  40.283 0.0000000000
51423  33.605  -32.039  38.431 0.0000000000
120161  33.944  -33.092  36.716 0.0000000000
46722  26.333  -34.678  40.153 0.0000000000
45839  27.707  -35.747  40.382 0.0000000000
45862  27.362  -35.268  39.836 0.0000000000
113414  27.936  -34.796  38.339 0.0000000000
46774  28.702  -34.804  37.206 0.0000000000
46787  28.787  -34.798  36.362 0.0000000000
47650  27.451  -34.224  36.802 0.0000000000
48617  25.714  -33.858  34.918 0.0000000000
58887  29.809  -22.775  38.766 0.0000000000
60867  29.612  -21.619  37.332 0.0000000000
58892  28.692  -23.045  37.395 0.0000000000
58894  28.026  -23.585  36.323 0.0000000000
71606  52.866  -9.315  21.430 0.0000000000
71615  50.904  -9.377  20.383 0.0000000000
134666  37.480  -17.762  30.625 0.0000000000
115996  36.096  -17.444  29.735 0.0000000000
133628  36.083  -18.164  30.643 0.0000000000
114954  34.272  -18.181  31.997 0.0000000000
62775  33.338  -18.348  31.460 0.0000000000
64519  40.038  -17.125  35.779 0.0000000000
135542  40.037  -17.185  35.269 0.0000000000
64552  40.609  -17.139  33.918 0.0000000000
133290  39.661  -17.393  32.753 0.0000000000
63633  38.355  -17.680  31.572 0.0000000000
42552  29.081  -37.970  45.926 0.0000000000
42566  29.795  -37.713  45.244 0.0000000000
43717  28.320  -37.554  44.853 0.0000000000
121432  27.326  -36.572  43.513 0.0000000000
45815  26.850  -36.096  42.502 0.0000000000
122308  24.704  -34.116  44.019 0.0000000000
46696  25.439  -34.622  42.456 0.0000000000
46695  25.893  -34.872  41.811 0.0000000000
47590  24.994  -33.561  40.569 0.0000000000
119395  24.162  -32.867  39.203 0.0000000000
133139  23.312  -32.775  37.787 0.0000000000
119450  47.673  -13.438  26.952 0.0000000000
68269  45.309  -12.722  26.166 0.0000000000
69164  46.521  -12.270  25.723 0.0000000000
69163  47.511  -12.322  25.839 0.0000000000
69177  47.876  -11.647  25.240 0.0000000000
69969  48.243  -11.076  24.587 0.0000000000
69992  48.080  -10.427  22.642 0.0000000000
69996  48.118  -10.829  21.525 0.0000000000
46667  18.253  -34.667  45.886 0.0000000000
46669  16.565  -35.782  44.894 0.0000000000
45760  17.229  -35.819  46.794 0.0000000000
44765  16.795  -36.412  47.276 0.0000000000
43690  16.038  -37.389  47.863 0.0000000000
44725  18.794  -36.928  50.001 0.0000000000
43673  15.993  -38.025  48.737 0.0000000000
42501  16.118  -38.721  50.066 0.0000000000
114743  30.375  -38.972  47.012 0.0000000000
43687  28.051  -38.044  46.629 0.0000000000
44763  26.714  -36.597  46.685 0.0000000000
45743  25.590  -35.949  46.903 0.0000000000
45729  24.429  -35.719  48.012 0.0000000000
46634  24.301  -35.024  47.032 0.0000000000
47534  21.950  -34.001  46.694 0.0000000000
47536  19.432  -34.296  46.517 0.0000000000
66481  45.611  -14.663  29.283 0.0000000000
67318  44.088  -14.393  28.638 0.0000000000
67331  42.899  -13.720  27.270 0.0000000000
66485  41.343  -14.885  28.562 0.0000000000
66492  41.982  -13.948  27.406 0.0000000000
67341  42.212  -13.576  26.467 0.0000000000
45778  15.695  -36.391  44.860 0.0000000000
44782  14.559  -36.649  44.583 0.0000000000
114405  13.405  -37.009  43.991 0.0000000000
113361  14.123  -37.020  46.270 0.0000000000
44770  13.210  -36.869  45.698 0.0000000000
44785  11.844  -37.321  44.321 0.0000000000
113394  10.899  -37.725  44.128 0.0000000000
44787  9.506  -38.349  44.410 0.0000000000
45698  10.788  -36.666  50.706 0.0000000000
45710  9.409  -36.454  49.651 0.0000000000
45711  8.524  -36.583  49.949 0.0000000000
45738  8.753  -36.513  48.099 0.0000000000
127533  8.167  -37.914  47.026 0.0000000000
39460  1.570  -42.711  54.231 0.0000000000
64460  34.570  -17.986  38.570 0.0000000000
60851  30.523  -21.739  38.934 0.0000000000
58869  30.202  -22.953  39.520 0.0000000000
56988  29.083  -24.529  39.194 0.0000000000
56037  28.430  -25.934  39.349 0.0000000000
56017  29.663  -25.616  41.156 0.0000000000
56018  29.044  -26.362  40.795 0.0000000000
55092  27.780  -27.738  39.184 0.0000000000
53269  28.270  -29.299  38.676 0.0000000000
53279  29.965  -30.039  38.129 0.0000000000
52398  31.566  -30.325  36.175 0.0000000000
52388  31.824  -30.933  38.315 0.0000000000
52397  32.398  -30.615  36.706 0.0000000000
52405  32.360  -30.648  35.512 0.0000000000
50522  32.273  -31.885  33.344 0.0000000000
50535  31.191  -31.807  31.575 0.0000000000
51394  33.396  -33.116  43.347 0.0000000000
42581  31.175  -37.679  44.740 0.0000000000
43744  31.430  -37.474  43.159 0.0000000000
44840  32.026  -36.594  42.729 0.0000000000
118581  30.036  -36.760  40.833 0.0000000000
44859  31.464  -37.435  41.424 0.0000000000
45813  32.686  -35.991  42.532 0.0000000000
47574  33.054  -35.031  41.946 0.0000000000
48545  33.452  -34.076  41.030 0.0000000000
49522  33.300  -33.736  40.730 0.0000000000
49548  33.746  -33.881  38.525 0.0000000000
48599  32.930  -34.639  36.236 0.0000000000
48613  32.592  -34.327  35.360 0.0000000000
47663  29.619  -35.244  35.382 0.0000000000
48616  30.120  -35.057  34.709 0.0000000000
48627  31.355  -34.303  34.313 0.0000000000
49595  29.423  -33.314  32.892 0.0000000000
63579  33.021  -18.131  37.360 0.0000000000
62741  31.765  -18.532  35.207 0.0000000000
61861  30.656  -19.311  34.057 0.0000000000
60897  29.084  -20.917  35.725 0.0000000000
121867  29.366  -20.442  34.976 0.0000000000
61862  30.130  -19.955  33.615 0.0000000000
70838  48.716  -10.914  20.849 0.0000000000
113817  36.343  -17.818  37.974 0.0000000000
64475  35.701  -17.818  37.531 0.0000000000
64476  34.800  -17.892  37.522 0.0000000000
46677  17.179  -34.979  43.620 0.0000000000
46678  16.565  -35.638  44.050 0.0000000000
47556  18.417  -34.043  44.617 0.0000000000
64582  37.634  -16.872  29.588 0.0000000000
63656  36.204  -16.951  29.110 0.0000000000
63641  37.765  -17.277  30.150 0.0000000000
63640  38.757  -17.101  30.403 0.0000000000
128991  4.799  -39.192  53.701 0.0000000000
42460  4.997  -39.162  53.001 0.0000000000
42461  4.484  -39.678  53.279 0.0000000000
41417  4.138  -40.314  51.813 0.0000000000
41410  4.034  -40.259  52.796 0.0000000000
52320  32.204  -31.683  43.274 0.0000000000
52347  32.284  -32.393  41.826 0.0000000000
51402  32.769  -32.820  41.997 0.0000000000
42524  31.719  -38.638  46.826 0.0000000000
42549  31.459  -38.271  46.477 0.0000000000
135933  24.426  -33.121  36.839 0.0000000000
48618  25.033  -33.503  35.905 0.0000000000
56990  28.063  -25.702  38.425 0.0000000000
56999  27.907  -25.427  37.673 0.0000000000
131115  49.961  -10.029  23.649 0.0000000000
70822  49.651  -9.823  22.534 0.0000000000
70829  50.327  -9.625  22.016 0.0000000000
63620  37.221  -17.821  33.489 0.0000000000
135013  36.225  -18.288  32.766 0.0000000000
63621  36.416  -18.080  33.280 0.0000000000
62758  31.556  -18.701  33.511 0.0000000000
61864  31.654  -18.989  32.408 0.0000000000
115010  31.415  -19.485  31.697 0.0000000000
135532  30.971  -19.623  32.311 0.0000000000
63611  37.843  -17.605  34.297 0.0000000000
129580  37.528  -17.680  33.834 0.0000000000
63629  37.551  -17.797  33.227 0.0000000000
44828  13.381  -37.257  42.270 0.0000000000
44852  12.781  -38.190  41.512 0.0000000000
44829  12.487  -37.829  42.319 0.0000000000
44830  11.575  -38.350  42.522 0.0000000000
132842  12.203  -37.679  42.980 0.0000000000
46648  25.456  -35.316  45.717 0.0000000000
45775  25.939  -35.671  45.184 0.0000000000
46666  25.017  -34.766  45.375 0.0000000000
49513  21.669  -32.025  41.678 0.0000000000
49512  22.684  -32.307  41.899 0.0000000000
49524  21.488  -32.085  40.774 0.0000000000
49535  22.551  -32.342  40.382 0.0000000000
49537  20.373  -32.714  39.342 0.0000000000
49525  20.425  -32.442  40.369 0.0000000000
52406  31.523  -30.341  34.700 0.0000000000
67339  43.934  -13.473  27.164 0.0000000000
46628  20.196  -34.894  48.727 0.0000000000
46629  19.333  -35.462  48.698 0.0000000000
119875  19.780  -35.578  49.207 0.0000000000
65562  42.786  -15.745  30.534 0.0000000000
66474  43.275  -15.303  29.899 0.0000000000
43691  15.537  -37.310  47.509 0.0000000000
43708  15.150  -36.966  46.714 0.0000000000
45736  10.915  -35.965  47.400 0.0000000000
45737  9.670  -36.480  46.853 0.0000000000
45669  9.158  -36.830  53.221 0.0000000000
43662  6.045  -38.940  48.430 0.0000000000
43679  6.266  -39.213  47.576 0.0000000000
53237  29.911  -29.607  42.150 0.0000000000
54188  29.473  -29.292  41.651 0.0000000000
53256  29.742  -30.054  40.822 0.0000000000
53255  30.506  -30.558  40.961 0.0000000000
50507  33.532  -32.574  35.600 0.0000000000
49583  32.601  -33.183  34.402 0.0000000000
44846  27.309  -36.240  41.958 0.0000000000
44844  28.184  -36.610  42.235 0.0000000000
44865  27.764  -36.365  41.624 0.0000000000
45879  30.222  -35.934  38.525 0.0000000000
46736  31.334  -35.990  38.749 0.0000000000
46752  31.315  -36.223  37.865 0.0000000000
46772  30.146  -36.234  36.799 0.0000000000
61840  31.267  -20.234  38.507 0.0000000000
61841  30.904  -20.080  37.732 0.0000000000
122172  30.468  -20.679  37.656 0.0000000000
64521  36.524  -17.513  35.111 0.0000000000
64540  35.867  -17.576  34.703 0.0000000000
64522  35.688  -17.517  35.527 0.0000000000
63601  34.121  -17.650  35.124 0.0000000000
62747  32.966  -18.058  33.997 0.0000000000
63614  32.604  -18.154  34.854 0.0000000000
64472  39.474  -17.156  37.334 0.0000000000
113752  37.123  -17.543  36.633 0.0000000000
64473  37.842  -17.489  37.077 0.0000000000
113649  37.234  -17.505  35.638 0.0000000000
44849  15.295  -36.735  42.356 0.0000000000
44826  14.963  -36.816  42.540 0.0000000000
44827  14.504  -36.770  42.692 0.0000000000
48493  22.566  -33.450  45.529 0.0000000000
48507  18.852  -33.347  43.870 0.0000000000
48514  19.778  -32.590  43.181 0.0000000000
48532  18.575  -32.975  41.615 0.0000000000
48516  17.958  -33.699  42.200 0.0000000000
117115  16.413  -35.718  41.875 0.0000000000
46697  16.471  -35.821  40.776 0.0000000000
64561  40.414  -17.181  32.193 0.0000000000
64579  40.073  -16.491  30.249 0.0000000000
64566  40.370  -16.805  30.872 0.0000000000
65551  41.429  -16.329  30.593 0.0000000000
65565  40.466  -16.104  29.855 0.0000000000
65569  40.849  -15.708  29.487 0.0000000000
65572  38.483  -16.017  28.755 0.0000000000
42519  14.951  -38.447  49.258 0.0000000000
43659  14.554  -37.995  48.704 0.0000000000
43642  13.422  -37.270  49.860 0.0000000000
45708  11.662  -36.487  49.576 0.0000000000
118548  6.927  -37.254  54.133 0.0000000000
44655  6.934  -37.610  53.158 0.0000000000
42470  5.289  -39.167  51.986 0.0000000000
121423  5.810  -38.545  52.104 0.0000000000
42477  5.310  -39.270  50.840 0.0000000000
42492  4.822  -39.812  50.304 0.0000000000
42505  4.937  -39.916  49.293 0.0000000000
41418  3.653  -40.862  51.211 0.0000000000
41425  3.869  -40.960  50.199 0.0000000000
128411  2.838  -41.591  52.393 0.0000000000
40450  2.342  -42.254  52.468 0.0000000000
39468  2.124  -42.437  53.170 0.0000000000
52321  31.554  -31.203  42.773 0.0000000000
117403  31.259  -30.612  43.323 0.0000000000
53235  31.074  -30.570  42.540 0.0000000000
52349  31.327  -31.358  40.777 0.0000000000
51417  32.845  -32.805  39.803 0.0000000000
51418  32.452  -32.210  39.843 0.0000000000
132964  33.105  -32.273  39.270 0.0000000000
50497  34.048  -32.494  37.415 0.0000000000
50496  34.071  -32.682  38.219 0.0000000000
130903  25.993  -34.393  39.763 0.0000000000
46721  26.831  -35.031  39.948 0.0000000000
46739  26.261  -34.495  39.365 0.0000000000
46777  26.783  -34.304  37.851 0.0000000000
46757  27.295  -34.732  38.553 0.0000000000
46756  28.581  -34.951  38.089 0.0000000000
46775  28.052  -34.615  37.486 0.0000000000
58888  29.277  -23.055  38.193 0.0000000000
135238  28.615  -23.787  37.777 0.0000000000
124760  27.702  -25.060  36.819 0.0000000000
57897  28.135  -24.148  36.962 0.0000000000
57913  27.705  -24.375  36.150 0.0000000000
71608  50.435  -9.633  21.134 0.0000000000
130671  50.195  -9.943  20.258 0.0000000000
62778  36.874  -18.130  30.808 0.0000000000
62772  36.342  -18.328  31.321 0.0000000000
114458  35.128  -18.181  31.164 0.0000000000
131637  35.742  -18.271  31.047 0.0000000000
62781  34.460  -18.056  30.590 0.0000000000
63623  34.834  -18.113  33.588 0.0000000000
62755  34.996  -18.307  33.068 0.0000000000
118968  34.285  -18.189  32.695 0.0000000000
137102  32.501  -18.765  31.353 0.0000000000
61876  32.737  -18.810  30.790 0.0000000000
64496  39.786  -17.191  36.472 0.0000000000
115395  39.534  -17.329  35.842 0.0000000000
64539  39.582  -17.371  34.799 0.0000000000
64538  40.314  -17.184  34.742 0.0000000000
63608  39.801  -17.359  34.110 0.0000000000
125037  40.109  -17.261  33.243 0.0000000000
63618  39.269  -17.468  33.475 0.0000000000
62763  37.293  -18.068  32.513 0.0000000000
114265  38.400  -17.706  32.225 0.0000000000
62762  37.792  -17.943  32.032 0.0000000000
63634  37.648  -17.953  31.252 0.0000000000
43704  27.893  -37.647  46.158 0.0000000000
134598  28.224  -37.660  45.499 0.0000000000
43718  27.795  -37.375  45.555 0.0000000000
45792  26.229  -35.832  44.223 0.0000000000
44800  26.850  -36.333  44.242 0.0000000000
45804  26.799  -36.251  43.346 0.0000000000
44824  27.292  -36.478  42.762 0.0000000000
45805  26.335  -35.733  43.123 0.0000000000
48503  23.950  -33.446  44.074 0.0000000000
48530  24.491  -33.467  42.233 0.0000000000
47576  25.191  -34.169  41.922 0.0000000000
47575  25.504  -34.178  41.137 0.0000000000
48575  23.096  -32.619  38.624 0.0000000000
130519  23.989  -32.735  38.344 0.0000000000
48549  18.188  -34.031  40.083 0.0000000000
48561  18.870  -33.590  39.493 0.0000000000
116744  17.809  -34.604  39.541 0.0000000000
68259  46.773  -13.398  26.843 0.0000000000
68270  44.004  -12.707  25.026 0.0000000000
123658  44.574  -12.675  25.975 0.0000000000
117583  45.923  -11.755  25.087 0.0000000000
69165  45.627  -12.293  25.579 0.0000000000
69970  47.372  -11.116  24.431 0.0000000000
69985  47.452  -10.682  23.384 0.0000000000
69984  48.586  -10.499  23.894 0.0000000000
46653  17.703  -35.262  46.245 0.0000000000
45747  17.652  -36.005  47.799 0.0000000000
44753  17.256  -36.673  48.184 0.0000000000
44754  16.467  -37.012  47.769 0.0000000000
44741  17.025  -37.218  48.533 0.0000000000
123128  17.546  -37.857  49.874 0.0000000000
43656  16.948  -37.856  49.446 0.0000000000
43657  16.252  -38.042  49.081 0.0000000000
42516  16.055  -38.354  49.416 0.0000000000
42541  29.165  -38.699  47.135 0.0000000000
44752  26.008  -36.474  47.192 0.0000000000
45745  23.843  -35.179  47.674 0.0000000000
46635  23.274  -34.744  47.358 0.0000000000
47525  22.587  -34.391  47.073 0.0000000000
46651  19.416  -34.692  47.322 0.0000000000
124624  20.328  -34.220  47.205 0.0000000000
63643  35.122  -17.505  29.282 0.0000000000
67330  43.516  -14.052  27.950 0.0000000000
66487  42.602  -14.257  27.995 0.0000000000
65574  40.654  -15.323  28.940 0.0000000000
118262  40.445  -14.865  28.284 0.0000000000
67343  40.303  -13.878  26.552 0.0000000000
66493  41.042  -14.240  27.663 0.0000000000
67342  41.323  -13.720  26.639 0.0000000000
45777  16.253  -36.217  45.307 0.0000000000
44779  15.933  -36.580  45.781 0.0000000000
44769  14.813  -36.773  45.745 0.0000000000
44781  14.954  -36.609  44.979 0.0000000000
44783  14.106  -36.798  44.284 0.0000000000
117565  13.890  -36.882  45.141 0.0000000000
44743  13.800  -37.132  47.522 0.0000000000
44742  14.364  -37.234  47.192 0.0000000000
44756  13.531  -36.896  46.668 0.0000000000
45763  11.412  -36.628  45.789 0.0000000000
45762  12.142  -37.002  45.281 0.0000000000
44784  12.871  -37.052  44.662 0.0000000000
44772  9.354  -37.798  45.247 0.0000000000
45687  9.481  -36.802  51.540 0.0000000000
45709  10.544  -36.529  49.831 0.0000000000
44679  7.583  -37.123  51.110 0.0000000000
44695  7.646  -37.109  50.190 0.0000000000
44710  7.685  -37.056  49.260 0.0000000000
45723  8.573  -36.517  49.016 0.0000000000
44728  7.826  -37.060  48.322 0.0000000000
44746  8.301  -37.235  47.521 0.0000000000
114921  7.570  -38.049  47.676 0.0000000000
39459  2.193  -42.178  53.916 0.0000000000
40437  1.963  -42.163  54.700 0.0000000000
39461  1.084  -43.031  54.315 0.0000000000
62717  31.852  -19.390  38.794 0.0000000000
59915  30.904  -21.967  39.721 0.0000000000
59916  30.493  -22.477  39.547 0.0000000000
135547  30.524  -22.890  39.967 0.0000000000
56980  30.084  -24.200  40.497 0.0000000000
57857  29.637  -24.008  39.602 0.0000000000
56981  29.465  -24.700  39.963 0.0000000000
56982  28.946  -25.146  39.531 0.0000000000
56027  29.150  -25.577  40.225 0.0000000000
55070  30.122  -26.614  42.487 0.0000000000
56016  30.213  -25.347  41.693 0.0000000000
55081  28.657  -27.585  40.861 0.0000000000
56028  28.522  -26.649  40.156 0.0000000000
55091  28.164  -27.714  39.977 0.0000000000
54196  28.141  -28.686  39.447 0.0000000000
53268  28.872  -29.594  39.452 0.0000000000
53266  30.482  -30.324  38.983 0.0000000000
114951  29.675  -29.994  38.959 0.0000000000
53278  30.692  -30.170  37.958 0.0000000000
114944  31.136  -30.176  37.228 0.0000000000
52363  31.407  -31.344  39.936 0.0000000000
52376  31.591  -31.193  39.063 0.0000000000
52404  33.040  -30.966  36.003 0.0000000000
51441  32.937  -31.112  34.976 0.0000000000
51444  32.654  -31.375  33.986 0.0000000000
50523  31.595  -32.164  32.771 0.0000000000
50536  30.310  -32.273  31.435 0.0000000000
42567  29.253  -37.658  44.803 0.0000000000
134027  30.314  -37.660  45.063 0.0000000000
42601  29.796  -37.375  43.797 0.0000000000
43768  30.210  -37.569  42.394 0.0000000000
122525  30.776  -37.870  42.746 0.0000000000
43766  31.167  -37.980  42.348 0.0000000000
43743  31.876  -37.157  43.796 0.0000000000
44841  31.476  -37.549  42.178 0.0000000000
44882  28.183  -35.887  40.267 0.0000000000
44881  28.525  -36.205  40.864 0.0000000000
44901  28.762  -35.948  40.088 0.0000000000
45837  31.080  -36.634  40.304 0.0000000000
44878  30.975  -37.294  40.712 0.0000000000
45825  31.589  -36.656  41.231 0.0000000000
45824  32.003  -36.150  41.612 0.0000000000
46694  32.740  -35.531  41.883 0.0000000000
46704  32.387  -35.607  41.274 0.0000000000
47606  32.457  -34.917  40.054 0.0000000000
47605  32.785  -34.771  40.522 0.0000000000
125202  33.161  -34.366  40.586 0.0000000000
49521  33.464  -33.878  41.414 0.0000000000
48558  33.340  -33.950  40.391 0.0000000000
49534  33.240  -33.691  39.968 0.0000000000
48572  33.214  -34.301  38.984 0.0000000000
47647  32.391  -35.414  36.564 0.0000000000
48598  33.389  -34.635  37.202 0.0000000000
48600  32.143  -35.050  35.684 0.0000000000
46786  29.258  -35.363  36.152 0.0000000000
121248  28.893  -34.888  35.543 0.0000000000
122916  28.716  -34.166  34.025 0.0000000000
47677  29.323  -34.683  34.581 0.0000000000
133883  30.302  -34.422  34.132 0.0000000000
48641  30.072  -33.751  33.522 0.0000000000
133383  33.724  -18.144  38.586 0.0000000000
64477  33.842  -18.011  37.879 0.0000000000
62736  30.839  -19.282  36.353 0.0000000000
62735  31.536  -18.802  36.249 0.0000000000
62742  30.969  -18.972  35.550 0.0000000000
62749  31.169  -18.771  34.597 0.0000000000
61856  30.492  -19.433  35.047 0.0000000000
59946  29.012  -21.678  36.548 0.0000000000
60883  29.557  -20.889  36.534 0.0000000000
60898  28.811  -20.999  34.825 0.0000000000
60912  29.404  -20.488  34.145 0.0000000000
60925  29.584  -20.649  33.195 0.0000000000
131200  53.639  -8.697  19.269 0.0000000000
71630  52.678  -8.827  18.616 0.0000000000
71629  53.804  -8.632  18.556 0.0000000000
70831  48.901  -10.372  21.450 0.0000000000
70000  48.286  -11.585  20.917 0.0000000000
64499  35.467  -17.666  36.646 0.0000000000
64524  33.909  -17.680  36.071 0.0000000000
113818  37.070  -17.650  37.554 0.0000000000
45817  16.056  -36.259  42.364 0.0000000000
45794  15.608  -36.351  43.853 0.0000000000
47545  20.026  -33.722  45.952 0.0000000000
48495  20.501  -33.365  45.320 0.0000000000
48496  19.418  -33.516  45.013 0.0000000000
115934  18.148  -33.768  43.072 0.0000000000
47565  17.549  -34.384  42.806 0.0000000000
115662  39.008  -17.359  31.118 0.0000000000
64580  39.311  -16.634  30.015 0.0000000000
64594  38.050  -16.504  29.199 0.0000000000
42503  14.811  -38.461  50.218 0.0000000000
43641  14.262  -37.773  50.064 0.0000000000
129658  13.781  -37.638  50.684 0.0000000000
40449  2.993  -41.244  53.010 0.0000000000
52348  31.803  -32.005  41.187 0.0000000000
118331  32.509  -32.665  40.354 0.0000000000
47622  25.652  -33.937  38.609 0.0000000000
47635  25.819  -33.782  37.873 0.0000000000
47652  26.099  -33.634  37.110 0.0000000000
47651  26.802  -33.920  36.930 0.0000000000
57880  28.625  -24.487  38.404 0.0000000000
56998  28.262  -25.072  38.180 0.0000000000
69968  49.328  -11.172  24.801 0.0000000000
69967  50.584  -11.282  24.967 0.0000000000
62764  36.478  -18.327  32.198 0.0000000000
62774  35.061  -18.286  31.832 0.0000000000
62756  33.420  -18.089  33.146 0.0000000000
62776  32.544  -18.560  31.956 0.0000000000
64520  38.876  -17.489  35.516 0.0000000000
63610  38.389  -17.568  34.267 0.0000000000
63619  38.350  -17.596  33.563 0.0000000000
124502  14.195  -37.482  41.148 0.0000000000
136951  11.066  -38.403  42.948 0.0000000000
45756  26.578  -36.168  45.964 0.0000000000
45774  26.415  -36.004  45.134 0.0000000000
49485  22.349  -32.556  43.526 0.0000000000
49497  23.029  -32.565  42.768 0.0000000000
48531  23.595  -32.753  42.087 0.0000000000
48546  24.059  -32.960  41.408 0.0000000000
133289  24.382  -33.142  40.827 0.0000000000
120153  23.647  -32.733  40.624 0.0000000000
49549  22.296  -32.495  39.309 0.0000000000
49550  21.267  -32.675  38.820 0.0000000000
53294  30.140  -30.240  37.055 0.0000000000
67328  45.396  -14.077  27.877 0.0000000000
125677  46.102  -14.105  27.749 0.0000000000
67338  45.599  -13.655  27.331 0.0000000000
69179  44.396  -12.250  24.478 0.0000000000
69184  45.797  -11.326  24.115 0.0000000000
69987  45.792  -11.298  22.882 0.0000000000
45759  18.341  -35.394  47.304 0.0000000000
46636  22.120  -34.603  47.655 0.0000000000
66473  44.192  -15.103  29.940 0.0000000000
113908  43.686  -14.852  29.278 0.0000000000
121491  42.266  -14.780  28.569 0.0000000000
44766  16.161  -36.693  46.740 0.0000000000
44767  15.730  -36.738  46.249 0.0000000000
118256  14.542  -36.912  45.997 0.0000000000
44757  12.935  -36.493  47.078 0.0000000000
45749  11.827  -35.993  46.650 0.0000000000
45751  9.494  -36.986  45.998 0.0000000000
117723  8.835  -37.688  45.931 0.0000000000
43608  6.310  -38.198  50.834 0.0000000000
44696  6.887  -37.628  50.475 0.0000000000
43628  6.410  -38.291  49.891 0.0000000000
43661  6.733  -38.520  48.080 0.0000000000
58848  30.570  -23.249  40.381 0.0000000000
58847  31.001  -23.245  41.001 0.0000000000
54172  30.252  -28.852  43.498 0.0000000000
55056  30.912  -26.708  43.690 0.0000000000
55058  29.781  -27.619  42.647 0.0000000000
56000  29.890  -26.130  41.851 0.0000000000
55071  29.570  -27.212  42.082 0.0000000000
54181  29.103  -28.031  41.649 0.0000000000
53257  29.147  -29.601  40.315 0.0000000000
123274  32.980  -31.445  38.162 0.0000000000
134844  32.625  -31.153  37.997 0.0000000000
51435  33.487  -31.669  36.300 0.0000000000
51440  33.347  -31.765  35.340 0.0000000000
50512  32.737  -32.327  34.180 0.0000000000
49593  31.288  -32.989  33.312 0.0000000000
43749  28.537  -37.075  43.445 0.0000000000
42602  29.314  -37.305  43.649 0.0000000000
43770  28.603  -36.812  42.779 0.0000000000
43769  29.604  -37.053  42.515 0.0000000000
43788  29.843  -37.183  41.889 0.0000000000
45859  29.178  -35.761  39.374 0.0000000000
44900  29.526  -36.105  40.157 0.0000000000
45858  29.874  -35.933  39.359 0.0000000000
45857  30.575  -36.174  39.364 0.0000000000
45855  31.291  -36.088  39.703 0.0000000000
46720  31.652  -35.752  40.082 0.0000000000
46735  31.696  -35.707  39.104 0.0000000000
129808  32.328  -35.439  38.532 0.0000000000
127559  33.079  -35.201  37.897 0.0000000000
47632  32.530  -35.644  37.531 0.0000000000
47633  31.918  -36.074  37.108 0.0000000000
47648  31.631  -35.751  36.146 0.0000000000
47679  27.584  -34.294  35.201 0.0000000000
48628  27.433  -34.088  34.318 0.0000000000
48643  28.075  -34.030  33.868 0.0000000000
49596  28.470  -33.554  33.121 0.0000000000
49612  27.777  -33.361  32.299 0.0000000000
63573  32.510  -18.697  38.664 0.0000000000
63580  32.244  -18.726  37.832 0.0000000000
62726  31.070  -19.332  37.064 0.0000000000
61845  30.079  -20.297  36.467 0.0000000000
58904  28.129  -22.361  35.172 0.0000000000
59947  28.579  -21.701  35.602 0.0000000000
71623  51.170  -9.327  19.690 0.0000000000
131839  36.229  -17.935  33.684 0.0000000000
63612  35.516  -17.879  34.032 0.0000000000
63613  34.478  -17.847  34.246 0.0000000000
63624  33.934  -17.981  33.736 0.0000000000
62757  32.467  -18.264  33.523 0.0000000000
116893  39.158  -17.270  36.817 0.0000000000
64497  38.585  -17.414  36.450 0.0000000000
136837  38.370  -17.494  35.815 0.0000000000
63599  37.265  -17.591  34.660 0.0000000000
115205  15.093  -37.111  41.498 0.0000000000
45818  15.545  -36.675  41.707 0.0000000000
44804  13.734  -36.875  43.292 0.0000000000
47543  24.308  -34.433  45.886 0.0000000000
47544  23.463  -33.945  45.928 0.0000000000
47555  23.493  -33.551  45.049 0.0000000000
48504  22.757  -32.992  44.491 0.0000000000
48505  21.644  -32.697  44.228 0.0000000000
49499  20.729  -32.282  42.385 0.0000000000
49515  19.443  -32.556  40.982 0.0000000000
47577  17.374  -34.423  41.759 0.0000000000
68262  43.922  -12.945  26.152 0.0000000000
68271  43.183  -13.072  25.258 0.0000000000
45718  20.414  -35.701  49.678 0.0000000000
44723  20.397  -35.873  49.779 0.0000000000
64557  41.246  -16.770  32.237 0.0000000000
64559  41.800  -16.478  31.515 0.0000000000
121479  40.592  -16.960  31.423 0.0000000000
64565  41.099  -16.652  31.052 0.0000000000
65563  41.892  -15.973  30.223 0.0000000000
65568  41.545  -15.667  29.613 0.0000000000
65571  39.410  -15.858  29.073 0.0000000000
43693  15.046  -37.861  47.953 0.0000000000
124994  14.981  -37.995  48.081 0.0000000000
43675  14.571  -37.665  47.995 0.0000000000
43660  14.076  -37.612  49.142 0.0000000000
44726  13.412  -36.988  48.785 0.0000000000
136853  12.734  -36.445  48.413 0.0000000000
45720  11.730  -36.116  48.535 0.0000000000
45721  10.597  -36.164  48.300 0.0000000000
44654  7.782  -37.061  53.647 0.0000000000
44667  6.889  -37.656  52.288 0.0000000000
44681  6.287  -38.130  51.753 0.0000000000
43629  5.811  -38.746  50.308 0.0000000000
116127  4.676  -40.671  48.828 0.0000000000
54161  30.686  -28.868  44.254 0.0000000000
53236  30.412  -29.934  42.581 0.0000000000
53245  30.534  -30.338  41.680 0.0000000000
53244  30.927  -30.821  41.211 0.0000000000
52375  32.023  -31.647  39.499 0.0000000000
51424  32.783  -31.747  39.052 0.0000000000
50500  33.827  -32.457  36.463 0.0000000000
49575  33.588  -33.275  35.967 0.0000000000
46705  26.705  -35.281  40.682 0.0000000000
45826  27.534  -36.035  41.016 0.0000000000
45840  27.231  -35.560  40.526 0.0000000000
45861  27.905  -35.401  39.653 0.0000000000
46738  26.900  -34.810  39.147 0.0000000000
46737  27.460  -35.042  39.259 0.0000000000
45882  28.330  -35.227  39.007 0.0000000000
45881  28.917  -35.409  38.685 0.0000000000
46755  29.214  -35.310  37.692 0.0000000000
46773  29.490  -35.735  36.833 0.0000000000
46788  28.116  -34.516  36.630 0.0000000000
47665  27.483  -34.167  35.883 0.0000000000
47666  26.728  -33.836  35.871 0.0000000000
47680  26.717  -34.028  34.900 0.0000000000
60866  30.193  -21.530  38.040 0.0000000000
59925  29.710  -22.298  38.100 0.0000000000
59934  29.115  -22.399  37.373 0.0000000000
58893  28.359  -23.444  36.992 0.0000000000
71607  51.664  -9.231  21.333 0.0000000000
70841  50.517  -9.883  19.685 0.0000000000
115995  36.908  -17.674  30.203 0.0000000000
62779  36.354  -17.912  30.280 0.0000000000
62780  35.326  -18.029  30.559 0.0000000000
62754  35.674  -18.323  32.911 0.0000000000
62766  35.035  -18.324  32.485 0.0000000000
62782  33.586  -18.347  30.704 0.0000000000
133706  39.524  -17.357  35.329 0.0000000000
115339  39.609  -17.441  32.175 0.0000000000
63627  38.884  -17.579  32.720 0.0000000000
63632  39.042  -17.535  31.875 0.0000000000
136602  29.954  -38.424  46.437 0.0000000000
42550  30.935  -38.265  46.018 0.0000000000
42551  29.770  -38.093  45.928 0.0000000000
43729  28.446  -37.312  44.142 0.0000000000
44777  27.414  -36.942  45.263 0.0000000000
44799  27.484  -36.758  44.266 0.0000000000
43750  28.037  -36.969  43.708 0.0000000000
44823  27.724  -36.730  43.116 0.0000000000
117299  26.878  -35.876  41.848 0.0000000000
46676  25.172  -34.669  44.415 0.0000000000
46687  25.238  -34.558  43.317 0.0000000000
47564  24.574  -33.803  43.204 0.0000000000
46686  25.857  -35.144  42.760 0.0000000000
45816  26.440  -35.551  42.223 0.0000000000
45828  26.545  -35.414  41.433 0.0000000000
46706  26.164  -34.769  40.906 0.0000000000
47607  25.662  -34.208  40.220 0.0000000000
48559  24.277  -33.061  40.112 0.0000000000
47608  24.963  -33.502  39.688 0.0000000000
48574  24.838  -33.315  38.638 0.0000000000
48586  24.084  -32.876  37.470 0.0000000000
54203  27.457  -27.854  38.291 0.0000000000
132824  48.176  -12.966  26.502 0.0000000000
69166  44.831  -12.397  25.347 0.0000000000
68268  46.207  -12.835  26.290 0.0000000000
68267  47.150  -12.902  26.393 0.0000000000
129858  48.926  -12.758  26.404 0.0000000000
69162  48.469  -12.366  25.902 0.0000000000
69176  48.869  -11.744  25.376 0.0000000000
70823  48.650  -10.258  22.209 0.0000000000
46668  17.319  -35.159  44.987 0.0000000000
45776  16.870  -35.768  45.738 0.0000000000
45719  19.311  -36.229  49.630 0.0000000000
44739  18.478  -36.635  49.436 0.0000000000
43655  18.049  -37.403  49.793 0.0000000000
44740  17.722  -37.011  48.976 0.0000000000
43672  16.508  -37.600  48.605 0.0000000000
43674  15.472  -37.879  48.177 0.0000000000
42530  15.689  -38.231  48.804 0.0000000000
42517  15.751  -38.436  49.299 0.0000000000
42518  15.335  -38.489  49.232 0.0000000000
41430  16.064  -39.023  50.476 0.0000000000
41431  15.366  -38.663  49.953 0.0000000000
42525  31.380  -38.736  46.908 0.0000000000
115361  30.827  -38.927  46.861 0.0000000000
119841  29.483  -38.358  46.507 0.0000000000
114753  28.769  -38.227  46.560 0.0000000000
43705  27.499  -37.377  46.427 0.0000000000
43688  27.439  -37.644  46.939 0.0000000000
44764  26.144  -36.212  46.582 0.0000000000
45758  25.198  -35.407  46.590 0.0000000000
45744  24.826  -35.554  47.326 0.0000000000
46650  23.678  -34.519  46.652 0.0000000000
134875  22.868  -34.114  46.593 0.0000000000
47526  21.431  -34.253  47.240 0.0000000000
47535  20.766  -33.948  46.675 0.0000000000
47547  18.061  -34.516  45.089 0.0000000000
66480  46.586  -14.653  29.347 0.0000000000
67317  45.073  -14.388  28.581 0.0000000000
67329  44.480  -13.989  27.953 0.0000000000
66484  41.919  -15.268  29.100 0.0000000000
66488  41.845  -14.438  28.063 0.0000000000
45793  16.096  -36.114  44.396 0.0000000000
44801  15.220  -36.499  44.358 0.0000000000
44780  15.390  -36.588  45.386 0.0000000000
44802  14.798  -36.600  43.716 0.0000000000
44803  14.304  -36.688  43.553 0.0000000000
43710  14.710  -37.169  46.890 0.0000000000
121122  12.497  -37.317  43.694 0.0000000000
119478  10.147  -38.191  44.073 0.0000000000
44786  10.252  -37.687  44.717 0.0000000000
44808  9.742  -38.682  43.809 0.0000000000
45697  11.553  -36.714  50.468 0.0000000000
45722  9.764  -36.328  48.820 0.0000000000
45678  8.421  -37.006  52.552 0.0000000000
45688  8.485  -36.926  51.752 0.0000000000
45700  8.526  -36.697  50.875 0.0000000000
130329  8.931  -36.608  47.337 0.0000000000
44758  8.293  -38.106  46.331 0.0000000000
43677  7.630  -38.429  46.760 0.0000000000
43695  7.789  -38.689  45.959 0.0000000000
40443  2.876  -41.340  53.841 0.0000000000
39469  1.650  -42.918  53.490 0.0000000000
64459  35.535  -17.905  38.284 0.0000000000
59924  30.136  -22.328  38.805 0.0000000000
57879  29.727  -23.344  39.143 0.0000000000
57856  30.137  -23.563  39.986 0.0000000000
56968  30.282  -24.726  41.268 0.0000000000
56029  28.094  -26.902  39.491 0.0000000000
54202  27.779  -28.563  38.788 0.0000000000
53280  29.076  -29.800  38.413 0.0000000000
53295  29.268  -29.986  37.473 0.0000000000
53265  30.987  -30.913  39.499 0.0000000000
128654  32.342  -30.879  37.773 0.0000000000
52389  31.804  -30.488  37.465 0.0000000000
52410  32.276  -30.662  34.343 0.0000000000
128460  32.332  -31.154  32.955 0.0000000000
51455  31.840  -31.369  32.254 0.0000000000
127561  33.041  -32.848  42.786 0.0000000000
42564  31.300  -37.849  45.613 0.0000000000
42563  31.616  -37.748  45.925 0.0000000000
113882  31.777  -37.494  45.132 0.0000000000
43746  30.320  -37.529  43.283 0.0000000000
118610  31.373  -37.569  44.315 0.0000000000
43725  32.090  -37.281  44.652 0.0000000000
45803  32.837  -36.342  43.328 0.0000000000
44883  27.960  -36.207  40.912 0.0000000000
44862  29.634  -36.778  41.412 0.0000000000
125676  30.168  -37.327  41.272 0.0000000000
44879  30.617  -36.964  40.629 0.0000000000
44861  30.616  -37.637  40.932 0.0000000000
44843  30.769  -38.176  41.239 0.0000000000
44858  31.747  -36.786  42.028 0.0000000000
45814  32.210  -36.254  42.282 0.0000000000
45812  33.021  -35.950  43.026 0.0000000000
46693  33.050  -35.558  42.490 0.0000000000
46718  32.526  -35.152  40.761 0.0000000000
47589  33.250  -34.511  41.427 0.0000000000
48544  33.488  -34.141  41.727 0.0000000000
49511  33.529  -33.851  42.129 0.0000000000
50469  33.321  -33.603  41.607 0.0000000000
50470  32.936  -33.212  41.378 0.0000000000
50477  33.085  -33.487  40.832 0.0000000000
50485  33.067  -33.379  39.953 0.0000000000
49558  34.026  -33.200  38.552 0.0000000000
48585  33.469  -34.580  38.213 0.0000000000
124395  33.795  -34.112  37.571 0.0000000000
49559  34.090  -33.327  37.599 0.0000000000
49566  33.617  -33.873  36.627 0.0000000000
49567  33.222  -33.959  35.777 0.0000000000
49577  32.256  -33.995  34.647 0.0000000000
47649  29.787  -35.967  35.930 0.0000000000
47662  30.412  -35.473  35.276 0.0000000000
48615  30.906  -34.991  34.676 0.0000000000
48614  31.785  -34.700  34.955 0.0000000000
49585  30.897  -33.759  33.721 0.0000000000
49594  30.358  -33.161  32.987 0.0000000000
49611  28.727  -33.005  31.965 0.0000000000
49610  29.738  -32.664  32.081 0.0000000000
64501  33.870  -17.864  36.994 0.0000000000
63590  33.069  -17.959  36.407 0.0000000000
63591  32.271  -18.419  36.791 0.0000000000
63603  32.371  -18.278  35.799 0.0000000000
60882  30.092  -20.856  37.176 0.0000000000
61852  29.810  -20.167  35.629 0.0000000000
61857  29.962  -19.917  34.564 0.0000000000
123224  49.167  -10.477  20.812 0.0000000000
70837  49.295  -10.878  20.359 0.0000000000
42502  15.809  -38.685  49.894 0.0000000000
42523  32.280  -38.485  46.994 0.0000000000
42537  32.227  -38.126  46.941 0.0000000000
42538  31.758  -38.693  46.814 0.0000000000
42540  30.052  -38.739  46.912 0.0000000000
42553  28.444  -37.865  45.967 0.0000000000
42565  30.844  -37.852  45.259 0.0000000000
42568  28.801  -37.568  44.473 0.0000000000
42580  31.581  -37.579  45.095 0.0000000000
42582  30.607  -37.602  44.544 0.0000000000
42583  29.887  -37.501  44.525 0.0000000000
42584  29.269  -37.494  44.174 0.0000000000
42600  30.312  -37.512  43.973 0.0000000000
43658  14.863  -38.184  48.551 0.0000000000
43706  27.074  -37.163  46.942 0.0000000000
43707  15.509  -36.883  46.708 0.0000000000
43715  32.534  -37.229  44.967 0.0000000000
43716  32.184  -37.354  45.478 0.0000000000
43726  31.645  -37.429  44.271 0.0000000000
43727  30.919  -37.676  43.769 0.0000000000
43730  27.932  -37.223  44.585 0.0000000000
43745  31.132  -37.722  43.097 0.0000000000
43748  29.094  -37.079  43.165 0.0000000000
43787  30.338  -37.811  41.521 0.0000000000
43789  29.366  -36.719  42.029 0.0000000000
44821  32.146  -36.781  43.433 0.0000000000
44822  31.717  -37.012  42.891 0.0000000000
44839  32.411  -36.404  43.019 0.0000000000
44842  31.237  -38.105  41.599 0.0000000000
44845  27.736  -36.574  42.413 0.0000000000
44860  31.171  -37.818  40.965 0.0000000000
44863  28.994  -36.348  41.534 0.0000000000
44864  28.328  -36.381  41.552 0.0000000000
44877  31.243  -37.156  40.856 0.0000000000
44880  29.225  -36.327  40.853 0.0000000000
45802  33.272  -36.224  43.629 0.0000000000
45823  32.430  -35.894  41.898 0.0000000000
45827  27.109  -35.841  41.260 0.0000000000
45836  31.415  -36.402  40.543 0.0000000000
45838  30.845  -36.605  40.149 0.0000000000
45856  31.040  -36.231  39.446 0.0000000000
45883  27.810  -35.011  38.994 0.0000000000
46685  33.392  -35.562  43.215 0.0000000000
46719  32.119  -35.414  40.492 0.0000000000
46753  30.543  -36.188  37.720 0.0000000000
47620  32.698  -34.801  39.004 0.0000000000
47634  26.379  -34.169  38.042 0.0000000000
48547  23.172  -32.496  41.249 0.0000000000
48571  33.294  -33.972  39.611 0.0000000000
49547  33.472  -33.456  39.246 0.0000000000
51401  33.182  -33.215  42.273 0.0000000000
51409  32.445  -32.678  41.098 0.0000000000
57850  30.765  -23.560  40.970 0.0000000000
113971  14.307  -38.023  50.988 0.0000000000
115182  31.306  -37.573  43.712 0.0000000000
116304  32.839  -34.996  41.224 0.0000000000
117163  28.686  -35.583  39.389 0.0000000000
117259  15.901  -37.778  48.325 0.0000000000
118512  30.730  -36.029  35.914 0.0000000000
120379  30.384  -38.421  46.314 0.0000000000
120380  30.918  -38.744  46.812 0.0000000000
121110  27.067  -36.546  45.908 0.0000000000
122806  29.300  -37.814  45.403 0.0000000000
123383  30.368  -37.994  45.647 0.0000000000
127996  29.089  -36.781  42.568 0.0000000000
129828  28.748  -37.757  45.215 0.0000000000
130797  26.735  -34.514  38.468 0.0000000000
133115  15.729  -38.915  50.412 0.0000000000
133506  24.968  -34.169  42.611 0.0000000000
133777  29.215  -35.105  36.801 0.0000000000
135403  14.939  -37.416  47.370 0.0000000000
137383  27.688  -36.767  43.611 0.0000000000
