#!ascii label  , from subject sub-v1s11x0050152_ses-1 vox2ras=TkReg
935
16204  -37.257  -62.202  -8.624 0.5000000000
15377  -35.553  -61.827  -8.977 0.8000000119
17886  -34.839  -59.206  -9.606 0.8000000119
17035  -35.427  -60.224  -9.277 0.8000000119
17036  -36.103  -60.226  -9.136 0.8000000119
15365  -37.567  -62.775  -8.010 0.5000000000
16203  -36.667  -61.754  -8.935 0.5000000000
122024  -36.588  -60.914  -8.778 0.6000000238
18798  -33.898  -57.853  -9.617 0.6999999881
17889  -34.953  -58.170  -9.960 0.6999999881
17888  -36.174  -59.413  -9.111 0.8000000119
17033  -36.767  -60.054  -8.445 0.6999999881
14494  -37.617  -63.638  -7.096 0.6000000238
16192  -37.303  -61.993  -7.670 0.5000000000
16173  -36.770  -61.122  -6.237 0.6000000238
123628  -33.037  -56.597  -8.073 0.6999999881
16184  -37.092  -61.240  -7.385 0.6000000238
17014  -36.756  -60.406  -5.738 0.6000000238
20693  -33.684  -56.656  -9.064 0.6999999881
19710  -33.597  -57.417  -9.137 0.6999999881
17887  -35.503  -58.796  -9.540 0.6999999881
17028  -36.910  -60.382  -7.146 0.6000000238
17853  -36.868  -59.527  -5.427 0.6000000238
17881  -36.648  -59.143  -8.336 0.8000000119
125891  -36.877  -58.886  -7.225 0.8000000119
17869  -36.757  -59.584  -6.419 0.6999999881
118199  -37.575  -63.432  -5.799 0.4000000060
16174  -37.082  -61.711  -5.473 0.6000000238
21625  -34.244  -55.267  -8.951 0.6999999881
127879  -37.195  -60.102  -4.926 0.6000000238
19711  -34.846  -56.606  -9.176 0.6999999881
19724  -34.968  -57.508  -9.943 0.6999999881
18791  -35.872  -57.866  -8.835 0.6999999881
126090  -36.554  -58.349  -8.104 0.6000000238
18768  -36.822  -58.755  -5.937 0.6999999881
138138  -38.266  -57.251  -5.110 0.5000000000
19712  -35.487  -57.239  -8.415 0.6000000238
19713  -36.282  -57.660  -7.729 0.6000000238
18781  -36.871  -58.075  -6.958 0.6000000238
119565  -37.640  -57.100  -5.505 0.6000000238
19678  -36.991  -56.911  -6.038 0.6000000238
126453  -38.096  -55.858  -5.668 0.5000000000
15324  -38.342  -62.527  -4.799 0.4000000060
15323  -37.669  -62.514  -5.214 0.5000000000
22530  -33.804  -54.607  -8.734 0.6999999881
16997  -38.254  -61.250  -4.637 0.6000000238
17016  -38.244  -60.361  -4.620 0.6000000238
20694  -34.493  -55.817  -8.708 0.6999999881
17854  -37.555  -59.352  -4.804 0.6000000238
20695  -35.051  -56.680  -7.935 0.6999999881
122263  -38.184  -58.610  -4.747 0.5000000000
19681  -39.551  -57.267  -5.008 0.6000000238
19696  -35.829  -57.093  -7.272 0.6999999881
20677  -36.198  -56.771  -6.431 0.6000000238
20658  -38.336  -56.543  -5.389 0.5000000000
20659  -39.209  -56.501  -5.177 0.5000000000
20657  -37.553  -56.364  -5.707 0.5000000000
23529  -32.345  -53.128  -7.947 0.6000000238
117219  -33.883  -53.211  -9.192 0.6000000238
15343  -39.512  -63.221  -4.614 0.5000000000
16175  -40.153  -62.289  -4.638 0.5000000000
121941  -33.761  -54.144  -8.754 0.6999999881
22513  -32.499  -54.450  -7.434 0.6999999881
16998  -39.232  -61.240  -4.589 0.5000000000
115986  -39.556  -60.373  -4.681 0.5000000000
131531  -41.424  -59.551  -5.480 0.4000000060
115495  -34.215  -54.727  -8.783 0.6999999881
131231  -39.754  -59.593  -4.794 0.5000000000
121300  -34.349  -55.065  -8.734 0.6999999881
21606  -34.536  -55.692  -7.468 0.6999999881
18772  -40.891  -58.488  -5.354 0.5000000000
20654  -34.846  -56.133  -6.337 0.6999999881
20655  -35.577  -56.298  -5.941 0.6000000238
19682  -40.487  -57.523  -5.225 0.5000000000
20656  -36.715  -56.217  -5.795 0.6000000238
20660  -40.103  -56.643  -5.176 0.5000000000
134095  -36.921  -55.485  -5.480 0.5000000000
21582  -37.561  -55.642  -5.631 0.5000000000
21583  -38.313  -55.102  -5.651 0.5000000000
21585  -40.138  -55.115  -5.319 0.5000000000
21584  -39.214  -55.071  -5.527 0.5000000000
22494  -40.646  -54.366  -5.390 0.3000000119
139268  -42.811  -60.080  -5.458 0.3000000119
134818  -31.709  -52.554  -8.128 0.6000000238
24514  -32.816  -52.674  -8.736 0.6000000238
17017  -41.855  -61.375  -5.249 0.4000000060
17870  -42.431  -59.812  -5.609 0.4000000060
23515  -34.360  -53.769  -8.403 0.6000000238
18773  -41.885  -58.831  -5.659 0.5000000000
22514  -34.198  -54.469  -7.723 0.6999999881
22488  -33.951  -55.052  -6.083 0.6999999881
21580  -34.922  -55.850  -5.374 0.5000000000
20661  -41.056  -56.850  -5.398 0.5000000000
21581  -36.013  -55.770  -5.354 0.5000000000
117313  -41.574  -56.113  -5.594 0.4000000060
122882  -40.609  -55.956  -5.306 0.3000000119
22495  -41.625  -54.445  -5.609 0.4000000060
22492  -38.856  -54.354  -5.571 0.5000000000
22493  -39.686  -54.345  -5.460 0.4000000060
132589  -33.610  -51.686  -9.559 0.6000000238
25498  -34.313  -51.814  -9.604 0.6000000238
24531  -34.455  -52.737  -9.421 0.6000000238
24515  -34.624  -52.976  -8.915 0.6000000238
24502  -33.899  -53.180  -7.156 0.6000000238
19698  -42.492  -58.191  -6.010 0.3000000119
19683  -41.461  -57.817  -5.578 0.4000000060
128418  -33.751  -54.479  -5.755 0.6000000238
122068  -42.836  -57.320  -6.357 0.3000000119
22471  -33.869  -54.725  -4.957 0.6000000238
21579  -34.378  -55.592  -6.213 0.6999999881
21608  -42.510  -56.253  -6.185 0.3000000119
20678  -42.018  -57.083  -5.762 0.3000000119
22472  -34.731  -54.883  -4.501 0.6000000238
135103  -42.699  -55.375  -6.349 0.3000000119
23472  -35.222  -54.029  -4.008 0.5000000000
134726  -34.793  -55.420  -4.869 0.5000000000
22490  -36.508  -55.022  -5.052 0.5000000000
23516  -42.133  -53.673  -5.982 0.3000000119
22515  -42.459  -54.587  -6.148 0.3000000119
22491  -37.493  -54.761  -5.425 0.5000000000
23497  -41.178  -53.559  -5.529 0.3000000119
22473  -36.895  -54.150  -4.867 0.5000000000
23496  -40.165  -53.589  -5.487 0.4000000060
25497  -33.830  -50.956  -9.745 0.5000000000
26475  -34.225  -51.090  -9.599 0.6000000238
25477  -33.979  -51.384  -8.025 0.5000000000
23493  -33.673  -53.917  -6.341 0.6000000238
24482  -33.299  -53.126  -5.393 0.5000000000
23518  -43.618  -54.061  -7.435 0.3000000119
23470  -33.566  -53.906  -4.843 0.6000000238
135815  -43.249  -53.412  -7.353 0.3000000119
23517  -42.916  -53.913  -6.668 0.3000000119
130204  -34.157  -54.146  -4.184 0.6000000238
124248  -35.885  -54.548  -4.507 0.5000000000
24483  -37.710  -52.916  -4.902 0.5000000000
23495  -39.292  -53.644  -5.510 0.4000000060
24485  -39.062  -52.279  -5.456 0.4000000060
26452  -33.231  -50.552  -7.764 0.5000000000
130089  -32.737  -51.166  -6.651 0.5000000000
135398  -33.283  -51.828  -6.866 0.5000000000
25478  -34.276  -52.303  -7.943 0.5000000000
25465  -32.612  -51.668  -5.674 0.5000000000
117990  -44.511  -53.026  -8.347 0.3000000119
23532  -43.809  -53.310  -8.075 0.3000000119
23471  -33.823  -53.491  -4.016 0.6000000238
23454  -34.640  -53.333  -3.696 0.6000000238
24461  -35.631  -53.308  -3.825 0.5000000000
23474  -37.092  -53.270  -4.660 0.5000000000
24487  -40.590  -52.795  -5.627 0.4000000060
25468  -40.205  -51.425  -5.985 0.4000000060
26451  -31.886  -50.377  -6.388 0.5000000000
26440  -32.028  -50.985  -5.458 0.5000000000
119327  -32.352  -51.308  -4.616 0.5000000000
125006  -45.874  -53.177  -7.573 0.4000000060
125705  -45.218  -52.707  -8.087 0.4000000060
24458  -32.860  -52.185  -4.709 0.5000000000
25428  -34.186  -52.088  -3.282 0.5000000000
24519  -44.531  -52.053  -8.685 0.4000000060
24518  -43.942  -52.506  -8.627 0.3000000119
125336  -33.780  -51.456  -3.137 0.4000000060
24532  -43.372  -52.045  -8.678 0.3000000119
24443  -34.643  -52.571  -3.454 0.5000000000
24444  -35.451  -52.678  -3.586 0.4000000060
24462  -36.401  -52.775  -4.055 0.4000000060
25467  -39.443  -51.487  -5.657 0.4000000060
27432  -30.948  -49.719  -5.700 0.5000000000
26426  -31.347  -50.361  -5.045 0.5000000000
135015  -31.892  -50.722  -4.509 0.5000000000
24520  -45.824  -52.644  -7.406 0.4000000060
25446  -32.724  -51.544  -3.997 0.5000000000
26409  -32.961  -50.432  -3.217 0.4000000060
25490  -44.659  -51.381  -8.742 0.4000000060
24534  -44.293  -51.385  -9.199 0.4000000060
26410  -33.549  -50.819  -3.019 0.4000000060
24533  -44.000  -51.770  -9.171 0.4000000060
25430  -36.114  -51.448  -3.511 0.4000000060
26428  -36.923  -51.157  -3.886 0.4000000060
25449  -37.450  -51.731  -4.429 0.4000000060
24464  -37.903  -52.275  -4.859 0.4000000060
26430  -38.350  -50.775  -4.946 0.4000000060
26442  -39.731  -50.922  -5.938 0.4000000060
26454  -40.381  -50.681  -6.439 0.4000000060
27419  -30.971  -49.515  -4.564 0.4000000060
25482  -45.531  -52.046  -7.120 0.4000000060
25481  -44.919  -51.401  -7.814 0.4000000060
26408  -31.623  -50.056  -3.959 0.5000000000
129366  -32.319  -50.074  -3.418 0.4000000060
130222  -34.577  -51.438  -3.060 0.4000000060
26479  -44.388  -50.884  -9.369 0.4000000060
120314  -36.280  -50.620  -3.349 0.4000000060
26413  -37.138  -50.194  -3.712 0.4000000060
26455  -41.225  -50.728  -7.207 0.3000000119
26441  -39.077  -50.669  -5.559 0.4000000060
27403  -31.290  -49.105  -3.732 0.4000000060
120572  -31.709  -48.716  -3.214 0.5000000000
28344  -33.084  -48.888  -2.701 0.4000000060
26467  -44.521  -50.690  -8.552 0.4000000060
27389  -33.547  -49.268  -2.656 0.4000000060
134118  -33.757  -50.049  -2.730 0.4000000060
27391  -35.018  -49.215  -2.563 0.4000000060
26396  -34.882  -50.006  -2.655 0.4000000060
126029  -35.708  -50.166  -2.946 0.4000000060
128902  -37.933  -50.061  -4.410 0.4000000060
27433  -38.600  -49.917  -5.072 0.4000000060
26464  -40.776  -50.087  -7.078 0.4000000060
27434  -39.259  -49.757  -5.672 0.4000000060
121827  -40.183  -50.045  -6.546 0.4000000060
28321  -31.914  -48.030  -2.777 0.4000000060
28322  -32.899  -48.210  -2.693 0.4000000060
28323  -33.797  -48.518  -2.605 0.4000000060
28324  -34.706  -48.595  -2.554 0.4000000060
27406  -35.646  -49.458  -2.760 0.4000000060
27408  -36.936  -49.347  -3.381 0.4000000060
27454  -41.019  -49.469  -7.664 0.4000000060
27420  -37.588  -49.297  -3.839 0.4000000060
27421  -38.261  -49.176  -4.459 0.4000000060
28360  -38.544  -48.307  -4.569 0.4000000060
120279  -38.922  -49.042  -5.135 0.4000000060
127080  -39.551  -48.930  -5.814 0.4000000060
29234  -32.648  -47.369  -2.602 0.4000000060
29235  -33.581  -47.585  -2.657 0.4000000060
29236  -34.455  -47.809  -2.653 0.4000000060
117380  -36.124  -47.164  -3.197 0.4000000060
28325  -35.478  -48.679  -2.653 0.4000000060
29255  -36.671  -47.858  -3.207 0.4000000060
29256  -37.443  -47.713  -3.618 0.4000000060
29266  -38.131  -47.597  -4.115 0.4000000060
27446  -40.440  -49.490  -6.859 0.3000000119
27445  -39.849  -49.590  -6.258 0.4000000060
30196  -32.323  -46.503  -2.515 0.4000000060
30197  -33.364  -46.642  -2.691 0.4000000060
133813  -33.609  -45.771  -2.835 0.4000000060
30198  -34.272  -46.959  -2.835 0.4000000060
129101  -35.641  -46.594  -3.343 0.4000000060
30228  -37.641  -46.894  -3.908 0.4000000060
30229  -38.321  -46.809  -4.403 0.4000000060
27455  -41.668  -49.494  -8.646 0.4000000060
29281  -39.195  -47.338  -5.208 0.4000000060
28380  -40.151  -48.860  -6.498 0.5000000000
128542  -40.415  -48.101  -6.863 0.4000000060
29282  -39.605  -47.429  -5.727 0.5000000000
123678  -33.787  -44.895  -2.923 0.4000000060
31220  -34.323  -45.564  -3.269 0.4000000060
30210  -34.099  -46.245  -3.008 0.4000000060
31221  -35.041  -45.453  -3.766 0.4000000060
126812  -35.655  -45.944  -3.736 0.4000000060
30241  -38.936  -46.781  -4.963 0.4000000060
29292  -40.127  -47.376  -6.428 0.5000000000
32269  -33.996  -43.821  -2.894 0.4000000060
32270  -34.606  -44.670  -3.532 0.4000000060
32271  -35.196  -44.881  -4.148 0.4000000060
128541  -39.358  -46.882  -5.454 0.4000000060
128533  -39.723  -46.733  -6.019 0.5000000000
33297  -33.883  -42.922  -2.808 0.4000000060
126380  -34.657  -43.799  -3.550 0.4000000060
32280  -35.180  -44.160  -4.235 0.4000000060
30254  -39.749  -45.961  -6.307 0.5000000000
35228  -34.279  -41.024  -3.508 0.4000000060
34261  -34.192  -42.314  -3.092 0.4000000060
129484  -34.461  -41.720  -3.593 0.4000000060
33298  -34.415  -43.086  -3.282 0.4000000060
129631  -34.820  -41.940  -4.299 0.4000000060
34272  -35.168  -42.656  -4.775 0.5000000000
35227  -33.813  -41.459  -2.925 0.4000000060
136453  -37.769  -53.687  -5.222 0.5000000000
24484  -38.348  -52.852  -5.235 0.5000000000
24486  -39.957  -52.144  -5.691 0.4000000060
120216  -36.674  -63.042  -9.226 0.5000000000
17034  -34.656  -60.217  -8.890 0.8000000119
17879  -33.630  -59.304  -8.199 0.8000000119
128793  -33.394  -58.308  -8.520 0.6999999881
128299  -38.195  -64.740  -8.090 0.5000000000
19695  -32.648  -57.490  -7.079 0.6999999881
127037  -37.922  -64.622  -6.364 0.5000000000
20674  -32.914  -55.764  -7.873 0.6999999881
15342  -38.393  -63.439  -5.017 0.4000000060
21624  -33.785  -55.103  -8.784 0.6999999881
23530  -33.638  -53.749  -8.753 0.6999999881
14479  -39.438  -64.477  -4.630 0.4000000060
15344  -41.173  -63.313  -4.373 0.4000000060
23528  -30.683  -53.008  -7.542 0.6000000238
17018  -42.472  -61.117  -5.180 0.4000000060
25496  -32.506  -51.158  -9.302 0.6000000238
26473  -32.769  -50.166  -9.478 0.5000000000
26474  -33.635  -49.974  -9.519 0.5000000000
26462  -32.465  -49.909  -7.544 0.5000000000
27444  -31.509  -49.511  -6.873 0.4000000060
27431  -30.652  -48.849  -5.186 0.4000000060
28341  -30.627  -47.687  -3.965 0.4000000060
28342  -31.128  -48.157  -3.386 0.4000000060
29251  -30.844  -47.281  -3.288 0.4000000060
134321  -31.681  -46.610  -2.579 0.4000000060
136331  -32.939  -45.969  -2.596 0.4000000060
31205  -33.048  -45.243  -2.558 0.4000000060
32252  -33.130  -44.306  -2.531 0.4000000060
33287  -33.177  -43.200  -2.483 0.4000000060
36150  -33.812  -40.533  -3.128 0.4000000060
16201  -35.184  -61.004  -8.970 0.8000000119
115473  -35.608  -59.571  -9.357 0.8000000119
15356  -37.292  -62.695  -6.735 0.5000000000
17885  -33.983  -58.766  -9.283 0.6999999881
17015  -37.319  -60.958  -4.927 0.6000000238
135670  -37.022  -59.030  -5.248 0.6999999881
17855  -38.743  -59.482  -4.627 0.6000000238
19679  -37.807  -57.832  -5.102 0.6000000238
18782  -37.082  -57.774  -5.846 0.6000000238
22531  -34.188  -54.285  -8.742 0.6999999881
18771  -39.893  -58.142  -4.924 0.5000000000
23531  -34.350  -53.591  -9.132 0.6000000238
16176  -41.587  -62.235  -4.710 0.5000000000
116571  -40.627  -61.376  -4.882 0.5000000000
18783  -42.641  -59.052  -5.724 0.3000000119
136468  -38.203  -54.308  -5.517 0.5000000000
24501  -33.210  -52.425  -6.179 0.6000000238
23473  -36.247  -53.664  -4.300 0.5000000000
23494  -38.562  -53.650  -5.455 0.5000000000
25466  -38.722  -51.474  -5.313 0.4000000060
24463  -37.244  -52.482  -4.508 0.4000000060
25479  -40.989  -51.330  -6.479 0.4000000060
29233  -31.788  -47.141  -2.623 0.4000000060
33308  -34.964  -43.267  -4.023 0.4000000060
15400  -19.748  -62.122  -11.582 0.4000000060
15412  -20.333  -61.893  -12.024 0.4000000060
14569  -22.281  -61.935  -11.996 0.4000000060
14570  -23.216  -62.018  -11.946 0.4000000060
14552  -21.599  -62.690  -11.316 0.4000000060
14553  -22.665  -62.885  -11.337 0.4000000060
14554  -23.648  -63.053  -11.291 0.4000000060
14555  -24.631  -63.194  -11.148 0.4000000060
14573  -26.101  -62.688  -11.579 0.5000000000
13730  -22.167  -63.802  -10.362 0.4000000060
14532  -24.071  -63.889  -10.338 0.4000000060
14533  -24.954  -63.813  -10.093 0.5000000000
14557  -26.406  -63.269  -10.606 0.5000000000
15385  -27.621  -63.197  -9.904 0.6000000238
13713  -22.094  -64.472  -9.424 0.4000000060
13715  -23.598  -64.286  -9.578 0.4000000060
118775  -25.118  -63.903  -9.155 0.4000000060
134029  -27.082  -63.211  -10.462 0.5000000000
14478  -38.445  -64.624  -5.297 0.3000000119
16159  -41.909  -62.920  -4.313 0.3000000119
15404  -27.991  -63.219  -10.451 0.5000000000
12870  -37.282  -66.139  -10.204 0.5000000000
135060  -38.240  -65.723  -7.737 0.4000000060
14487  -25.411  -63.622  -6.640 0.4000000060
14517  -26.450  -63.448  -8.813 0.5000000000
14535  -26.802  -63.331  -9.703 0.5000000000
13670  -24.032  -64.364  -7.648 0.4000000060
134303  -23.807  -64.364  -9.047 0.4000000060
14536  -28.867  -63.419  -9.785 0.6000000238
134901  -29.377  -63.815  -9.865 0.6000000238
13691  -30.553  -64.513  -9.165 0.6999999881
13696  -37.543  -65.321  -9.783 0.5000000000
13717  -29.826  -64.333  -10.402 0.6999999881
12865  -32.189  -65.422  -9.602 0.6999999881
12868  -35.369  -65.924  -10.063 0.6999999881
13719  -31.278  -65.123  -9.834 0.6999999881
12866  -33.183  -65.639  -9.522 0.6999999881
15360  -26.915  -63.299  -8.080 0.5000000000
15374  -27.299  -63.248  -8.971 0.6000000238
14518  -28.609  -63.217  -8.855 0.6000000238
115172  -29.859  -63.704  -8.106 0.6000000238
14488  -26.318  -63.403  -7.158 0.4000000060
15362  -28.599  -63.064  -7.752 0.6000000238
126794  -29.365  -63.620  -9.019 0.6000000238
13671  -30.550  -64.197  -8.217 0.6000000238
13692  -31.416  -64.746  -8.596 0.6000000238
16160  -42.180  -61.901  -4.814 0.3000000119
14519  -29.975  -64.056  -8.797 0.6000000238
13693  -32.450  -65.033  -8.499 0.6999999881
13695  -36.692  -65.058  -9.794 0.6000000238
14521  -37.755  -63.925  -8.988 0.5000000000
15333  -26.562  -62.740  -5.527 0.6000000238
123839  -27.273  -62.630  -5.881 0.6000000238
139671  -28.818  -62.563  -6.046 0.6999999881
15350  -28.701  -62.883  -6.795 0.6000000238
15363  -29.141  -63.132  -7.234 0.6000000238
13672  -31.247  -64.249  -7.514 0.6000000238
15348  -26.820  -62.955  -6.432 0.5000000000
122635  -28.018  -62.910  -7.162 0.6000000238
137417  -31.967  -64.557  -7.757 0.6000000238
13673  -32.809  -64.530  -7.643 0.6999999881
129359  -34.713  -64.057  -8.122 0.6999999881
12851  -33.449  -65.133  -8.508 0.6999999881
123506  -37.252  -63.292  -9.164 0.6000000238
13676  -35.598  -64.433  -9.024 0.6999999881
15321  -28.911  -62.035  -4.796 0.6000000238
15322  -29.728  -62.012  -4.888 0.6999999881
120840  -29.970  -62.472  -5.423 0.6999999881
15351  -29.565  -62.881  -6.296 0.6999999881
14490  -31.771  -63.410  -6.355 0.6000000238
15364  -35.734  -62.782  -8.964 0.5000000000
13659  -33.116  -63.874  -7.012 0.6999999881
14505  -33.956  -63.588  -7.333 0.6999999881
14507  -35.416  -63.649  -8.674 0.6000000238
16172  -32.238  -61.139  -5.430 0.6999999881
16189  -33.829  -60.938  -7.241 0.6999999881
15337  -30.709  -62.008  -5.063 0.6999999881
120908  -32.465  -61.967  -5.735 0.6000000238
131504  -33.065  -61.901  -6.126 0.5000000000
15338  -31.225  -62.559  -5.564 0.6999999881
15352  -31.966  -62.727  -5.885 0.6000000238
14492  -33.379  -63.092  -6.680 0.6999999881
131544  -35.017  -62.396  -8.407 0.5000000000
14491  -32.511  -63.297  -6.449 0.6000000238
14506  -34.735  -63.153  -7.910 0.6999999881
17868  -33.391  -59.779  -7.269 0.6999999881
17032  -33.895  -60.209  -7.889 0.6999999881
18780  -33.140  -59.078  -7.333 0.6999999881
15355  -34.362  -62.377  -7.505 0.6000000238
16190  -34.371  -60.983  -8.077 0.6999999881
12871  -37.964  -66.032  -9.636 0.5000000000
15354  -33.631  -62.251  -6.672 0.6000000238
14556  -25.572  -63.305  -10.895 0.4000000060
13690  -23.944  -64.378  -8.522 0.4000000060
131746  -26.174  -63.554  -8.048 0.4000000060
14501  -25.508  -63.753  -7.657 0.4000000060
12867  -34.212  -65.814  -9.715 0.6999999881
12852  -34.313  -65.214  -8.838 0.6999999881
15376  -29.204  -63.312  -8.072 0.6000000238
14503  -30.481  -63.795  -7.344 0.6000000238
135127  -27.492  -62.836  -6.599 0.6999999881
119772  -31.188  -63.153  -6.035 0.6000000238
15339  -31.687  -61.964  -5.388 0.6999999881
15353  -32.839  -62.534  -6.204 0.6000000238
16181  -32.838  -61.418  -5.890 0.6000000238
16155  -30.114  -61.380  -4.519 0.5000000000
15332  -25.763  -62.812  -5.131 0.4000000060
15319  -27.319  -62.116  -4.663 0.5000000000
16996  -31.124  -60.598  -4.598 0.6000000238
14474  -24.428  -63.500  -5.277 0.4000000060
15317  -25.406  -62.187  -4.427 0.5000000000
15318  -26.443  -62.276  -4.663 0.5000000000
16152  -27.667  -61.577  -4.207 0.5000000000
16994  -29.640  -60.783  -4.053 0.5000000000
17841  -30.602  -59.621  -4.203 0.5000000000
16154  -29.293  -61.477  -4.387 0.5000000000
17013  -31.748  -60.455  -4.975 0.6000000238
17851  -31.846  -59.616  -5.005 0.5000000000
17842  -31.286  -59.936  -4.586 0.5000000000
17852  -32.314  -59.148  -5.696 0.6999999881
129630  -31.287  -59.125  -4.587 0.6000000238
122952  -32.001  -58.277  -5.482 0.6000000238
15316  -24.579  -62.408  -4.476 0.5000000000
132913  -26.566  -61.135  -3.837 0.5000000000
16974  -27.470  -60.397  -3.610 0.5000000000
17823  -29.082  -59.563  -3.564 0.5000000000
16976  -29.164  -60.293  -3.696 0.5000000000
133611  -32.710  -58.943  -6.564 0.6000000238
18751  -30.589  -58.568  -4.217 0.6000000238
19676  -31.728  -57.605  -5.353 0.5000000000
19677  -32.229  -57.542  -6.027 0.6000000238
16150  -25.341  -61.261  -4.051 0.5000000000
17821  -26.948  -59.838  -3.623 0.5000000000
17839  -27.341  -58.988  -3.729 0.5000000000
17822  -28.244  -59.233  -3.544 0.5000000000
18750  -29.697  -58.035  -3.964 0.5000000000
18790  -32.875  -58.284  -7.305 0.6000000238
19661  -30.543  -57.547  -4.482 0.5000000000
20653  -31.801  -56.858  -5.730 0.6000000238
16991  -24.542  -60.767  -4.254 0.5000000000
16992  -25.432  -60.407  -4.014 0.5000000000
18747  -26.766  -58.497  -4.458 0.5000000000
18766  -27.140  -57.837  -5.015 0.5000000000
19673  -26.878  -57.629  -6.059 0.6000000238
18748  -27.452  -58.228  -4.248 0.4000000060
19694  -27.314  -57.126  -6.636 0.4000000060
19675  -28.349  -56.913  -5.090 0.5000000000
19660  -29.118  -57.316  -4.400 0.5000000000
18749  -28.775  -57.959  -3.927 0.4000000060
20691  -27.996  -55.972  -7.328 0.4000000060
20671  -28.296  -56.153  -6.478 0.5000000000
20650  -29.610  -56.173  -5.191 0.5000000000
133275  -28.283  -55.375  -7.454 0.4000000060
20651  -30.506  -56.182  -5.134 0.6000000238
20634  -30.763  -56.785  -4.833 0.6000000238
20673  -31.955  -55.878  -6.348 0.6000000238
21604  -32.669  -55.038  -7.476 0.6000000238
20649  -28.688  -56.345  -5.543 0.5000000000
21623  -28.929  -54.942  -7.125 0.5000000000
22511  -30.624  -54.245  -6.330 0.5000000000
20672  -29.059  -55.706  -5.860 0.5000000000
22543  -28.890  -53.882  -8.036 0.4000000060
23527  -29.633  -53.585  -7.661 0.5000000000
22487  -30.867  -54.836  -5.857 0.6000000238
21578  -30.983  -55.531  -5.523 0.6000000238
21603  -31.587  -55.071  -6.274 0.6000000238
22529  -30.154  -53.766  -6.963 0.5000000000
119371  -30.936  -51.656  -8.576 0.3000000119
124630  -29.631  -52.385  -8.340 0.4000000060
23541  -29.719  -53.110  -8.053 0.4000000060
24513  -30.745  -52.400  -8.162 0.5000000000
23513  -31.257  -53.582  -6.861 0.5000000000
23514  -32.371  -53.836  -7.561 0.6000000238
27443  -30.777  -48.923  -6.261 0.3000000119
28379  -31.401  -48.622  -7.519 0.3000000119
27452  -32.385  -49.264  -8.114 0.4000000060
27464  -32.904  -49.112  -9.241 0.4000000060
117205  -30.399  -47.006  -4.633 0.3000000119
31202  -30.906  -45.930  -2.824 0.3000000119
125026  -30.556  -46.979  -3.788 0.3000000119
130704  -31.291  -45.407  -2.655 0.3000000119
122629  -31.806  -45.316  -2.464 0.3000000119
32251  -32.365  -44.842  -2.423 0.3000000119
33286  -32.264  -43.886  -2.381 0.3000000119
123447  -32.389  -42.990  -2.389 0.3000000119
34246  -33.517  -42.287  -2.624 0.3000000119
28372  -30.502  -48.177  -5.818 0.3000000119
125365  -32.383  -60.148  -5.492 0.5000000000
16128  -27.200  -61.071  -3.767 0.5000000000
136363  -29.880  -57.418  -4.317 0.5000000000
136556  -31.375  -55.685  -5.784 0.6000000238
12086  -37.475  -66.869  -9.850 0.3000000119
12886  -33.062  -66.179  -10.756 0.6000000238
12887  -35.042  -66.871  -11.184 0.6000000238
12789  -38.615  -65.710  -4.040 0.3000000119
12815  -39.151  -65.739  -4.143 0.3000000119
12824  -38.125  -66.089  -5.328 0.3000000119
13649  -39.219  -65.380  -4.607 0.3000000119
12015  -37.670  -66.184  -5.902 0.3000000119
12039  -37.867  -65.902  -6.617 0.3000000119
13660  -38.117  -65.448  -6.875 0.3000000119
12110  -34.069  -67.060  -11.650 0.6000000238
12888  -36.076  -66.983  -11.008 0.5000000000
13592  -38.578  -64.701  -3.337 0.3000000119
13613  -40.395  -65.202  -3.707 0.3000000119
13633  -39.683  -65.559  -4.115 0.3000000119
13650  -40.251  -65.173  -4.169 0.3000000119
12064  -37.476  -66.761  -8.156 0.3000000119
136801  -37.621  -66.990  -9.149 0.3000000119
12112  -36.147  -67.433  -10.742 0.4000000060
14476  -26.029  -63.198  -6.059 0.4000000060
14445  -37.680  -64.017  -3.418 0.3000000119
127110  -39.155  -64.480  -3.110 0.3000000119
14428  -40.951  -63.849  -3.335 0.3000000119
13635  -41.009  -64.772  -3.907 0.3000000119
14587  -24.236  -62.387  -12.347 0.5000000000
13761  -24.715  -63.640  -12.673 0.5000000000
14568  -21.309  -61.912  -12.039 0.4000000060
15423  -21.954  -62.024  -12.129 0.4000000060
14585  -22.395  -62.287  -12.393 0.4000000060
13759  -22.809  -63.235  -12.630 0.5000000000
14591  -27.661  -63.652  -12.173 0.5000000000
14589  -26.308  -63.077  -12.485 0.5000000000
15415  -24.689  -62.110  -12.070 0.5000000000
14588  -25.395  -62.516  -12.356 0.5000000000
15414  -23.684  -62.076  -12.022 0.4000000060
12917  -30.148  -65.789  -12.409 0.6000000238
13746  -29.583  -64.939  -12.098 0.6000000238
134457  -29.108  -64.204  -11.401 0.5000000000
14590  -26.869  -62.790  -12.184 0.5000000000
14572  -25.148  -62.333  -11.809 0.3000000119
15416  -25.699  -62.246  -12.099 0.4000000060
15424  -26.193  -62.440  -12.191 0.5000000000
12919  -31.564  -66.514  -12.204 0.6000000238
13733  -30.489  -64.982  -11.126 0.6000000238
15417  -27.253  -63.008  -11.538 0.4000000060
14576  -28.517  -63.641  -11.202 0.5000000000
12063  -36.349  -66.947  -7.681 0.3000000119
11221  -35.507  -67.983  -10.853 0.4000000060
12885  -32.096  -65.814  -10.854 0.6000000238
14560  -29.102  -63.859  -10.601 0.4000000060
12037  -36.702  -66.540  -6.741 0.3000000119
11993  -37.631  -66.309  -5.171 0.3000000119
123185  -37.016  -67.347  -9.175 0.3000000119
137363  -34.875  -67.552  -11.519 0.5000000000
13718  -30.518  -64.730  -10.150 0.6000000238
133025  -32.881  -66.701  -11.817 0.6000000238
12903  -31.133  -65.773  -11.878 0.6000000238
119363  -36.105  -67.731  -9.840 0.3000000119
12918  -30.827  -66.296  -12.342 0.5000000000
117530  -31.382  -66.911  -12.299 0.5000000000
12144  -32.323  -67.018  -12.196 0.5000000000
11257  -32.082  -67.742  -11.531 0.4000000060
126824  -32.766  -67.600  -11.850 0.5000000000
12142  -29.797  -67.149  -12.439 0.5000000000
12159  -30.067  -66.572  -12.584 0.5000000000
11255  -29.988  -67.409  -11.729 0.4000000060
11237  -31.497  -67.630  -10.766 0.4000000060
11238  -33.119  -68.186  -11.086 0.4000000060
11259  -34.272  -67.734  -11.571 0.5000000000
13766  -28.952  -65.238  -12.417 0.5000000000
12938  -29.509  -65.967  -12.654 0.5000000000
11220  -34.602  -68.177  -10.663 0.4000000060
8891  -16.204  -70.312  -8.390 0.3000000119
8200  -16.138  -70.999  -8.605 0.3000000119
8892  -16.786  -69.975  -8.632 0.3000000119
9681  -18.104  -69.105  -10.887 0.3000000119
9680  -17.514  -69.698  -10.971 0.4000000060
9660  -17.139  -69.316  -8.713 0.3000000119
10429  -18.185  -68.335  -9.343 0.3000000119
9698  -17.839  -69.562  -12.154 0.4000000060
10452  -18.371  -68.811  -11.985 0.4000000060
10442  -18.630  -68.396  -10.369 0.3000000119
11232  -18.570  -67.616  -9.529 0.3000000119
9724  -19.628  -68.690  -13.404 0.4000000060
10478  -20.250  -68.520  -13.642 0.4000000060
10453  -19.042  -68.309  -12.547 0.4000000060
11250  -19.089  -67.721  -10.269 0.4000000060
12125  -19.601  -66.546  -10.517 0.4000000060
12136  -20.104  -66.677  -11.245 0.4000000060
10456  -22.336  -68.352  -12.446 0.3000000119
10467  -20.752  -68.630  -13.366 0.4000000060
10479  -21.053  -68.256  -13.799 0.4000000060
11293  -20.651  -68.113  -13.803 0.4000000060
12168  -21.299  -67.290  -13.643 0.4000000060
12152  -20.803  -66.854  -12.995 0.4000000060
12137  -20.745  -66.099  -11.760 0.4000000060
11253  -24.431  -67.441  -11.292 0.3000000119
10469  -22.638  -68.076  -13.362 0.4000000060
118466  -23.576  -67.335  -13.640 0.4000000060
10480  -21.907  -68.019  -13.826 0.4000000060
12169  -22.850  -67.196  -13.740 0.4000000060
135631  -23.655  -66.783  -13.575 0.4000000060
134813  -22.170  -66.955  -13.698 0.4000000060
12154  -22.864  -66.134  -13.244 0.4000000060
138727  -21.417  -66.110  -12.583 0.4000000060
11283  -24.637  -67.333  -13.052 0.4000000060
11295  -24.213  -67.201  -13.447 0.4000000060
12943  -24.514  -66.358  -13.392 0.4000000060
12942  -23.697  -65.852  -13.220 0.4000000060
131388  -21.764  -65.143  -12.496 0.4000000060
12916  -20.399  -65.401  -11.605 0.4000000060
12171  -24.993  -67.045  -13.472 0.4000000060
12944  -25.512  -66.536  -13.441 0.4000000060
12933  -25.105  -65.242  -13.042 0.4000000060
12932  -24.163  -64.915  -12.921 0.4000000060
131566  -22.354  -64.628  -12.669 0.4000000060
13760  -23.727  -63.416  -12.637 0.4000000060
12173  -26.336  -66.724  -13.425 0.4000000060
12935  -26.913  -65.947  -13.275 0.4000000060
123949  -26.962  -63.627  -12.445 0.4000000060
12141  -28.636  -67.257  -12.678 0.4000000060
12156  -27.215  -66.955  -13.286 0.4000000060
12936  -27.807  -66.160  -13.105 0.4000000060
12108  -30.763  -67.291  -10.142 0.3000000119
12109  -31.536  -67.475  -9.926 0.3000000119
13762  -25.676  -64.049  -12.745 0.4000000060
12157  -28.233  -66.987  -13.131 0.4000000060
11218  -32.426  -67.733  -9.992 0.3000000119
13764  -27.362  -64.816  -12.722 0.4000000060
10465  -18.565  -69.110  -12.808 0.4000000060
11279  -19.587  -67.946  -13.257 0.4000000060
11280  -20.326  -67.687  -13.553 0.4000000060
11267  -19.728  -67.499  -12.141 0.4000000060
10470  -23.202  -67.989  -12.411 0.4000000060
10468  -21.695  -68.375  -13.398 0.4000000060
10457  -23.597  -67.820  -11.366 0.3000000119
117223  -22.033  -67.614  -13.827 0.4000000060
136499  -24.580  -67.398  -12.246 0.3000000119
133288  -24.021  -67.612  -12.305 0.4000000060
11282  -23.604  -67.623  -13.279 0.4000000060
12170  -24.223  -67.062  -13.555 0.4000000060
11284  -25.595  -67.144  -13.263 0.4000000060
116477  -23.263  -64.726  -12.819 0.4000000060
13763  -26.528  -64.524  -12.783 0.4000000060
9700  -19.737  -69.515  -12.120 0.3000000119
8942  -17.777  -70.464  -12.276 0.3000000119
8941  -17.442  -70.623  -12.189 0.3000000119
8943  -18.283  -70.052  -12.420 0.3000000119
9699  -18.939  -69.669  -12.489 0.3000000119
9712  -18.165  -69.750  -12.492 0.3000000119
9713  -18.911  -69.156  -12.995 0.3000000119
10454  -20.549  -69.058  -12.437 0.3000000119
9714  -19.769  -69.034  -13.194 0.3000000119
10455  -21.431  -68.666  -12.432 0.3000000119
11269  -25.202  -67.227  -12.306 0.3000000119
12128  -26.936  -67.138  -12.398 0.3000000119
12140  -27.694  -67.262  -13.043 0.3000000119
116468  -29.210  -67.399  -12.043 0.3000000119
116391  -21.983  -68.562  -11.355 0.3000000119
12139  -26.953  -67.198  -13.127 0.3000000119
8890  -15.546  -70.834  -8.377 0.3000000119
8904  -16.660  -70.628  -8.934 0.3000000119
8905  -17.190  -70.013  -9.574 0.3000000119
9659  -16.381  -69.520  -8.414 0.3000000119
9668  -17.797  -69.122  -9.612 0.3000000119
9711  -17.581  -70.165  -12.252 0.3000000119
10420  -17.492  -68.537  -8.820 0.3000000119
10443  -18.983  -68.158  -11.238 0.4000000060
10466  -19.256  -68.665  -13.265 0.4000000060
11219  -33.468  -68.024  -10.274 0.4000000060
11233  -19.210  -67.096  -9.960 0.4000000060
11239  -34.098  -68.190  -11.299 0.4000000060
11240  -34.940  -67.987  -11.357 0.4000000060
11251  -19.521  -67.395  -10.944 0.4000000060
11256  -30.976  -67.530  -11.367 0.4000000060
11258  -32.813  -67.981  -11.515 0.5000000000
11268  -20.295  -67.104  -12.473 0.4000000060
11270  -30.792  -67.251  -12.206 0.5000000000
11271  -31.803  -67.324  -12.043 0.5000000000
11272  -33.483  -67.952  -11.676 0.5000000000
11281  -22.789  -67.700  -13.722 0.4000000060
11292  -19.900  -68.368  -13.565 0.4000000060
11294  -21.356  -67.955  -13.926 0.4000000060
12014  -37.094  -66.378  -5.808 0.3000000119
12038  -37.537  -66.286  -6.865 0.3000000119
12065  -38.048  -66.243  -7.941 0.3000000119
12084  -33.750  -67.628  -9.231 0.3000000119
12087  -37.981  -66.576  -9.010 0.3000000119
12111  -35.417  -67.608  -11.182 0.5000000000
12113  -36.769  -66.947  -10.522 0.3000000119
12129  -27.838  -67.282  -12.406 0.3000000119
12131  -33.371  -67.405  -11.895 0.5000000000
12138  -26.218  -67.213  -12.872 0.4000000060
12143  -30.624  -66.907  -12.441 0.5000000000
12153  -22.040  -66.143  -13.093 0.4000000060
12155  -26.393  -67.072  -13.307 0.3000000119
12158  -29.178  -66.843  -12.826 0.4000000060
12172  -25.796  -67.018  -13.469 0.4000000060
12788  -38.852  -65.416  -3.669 0.3000000119
12825  -38.795  -65.740  -4.585 0.3000000119
12869  -36.468  -66.146  -10.410 0.5000000000
12884  -31.240  -65.413  -10.960 0.6000000238
12904  -31.891  -66.278  -11.821 0.6000000238
12934  -26.030  -65.606  -13.203 0.4000000060
12937  -28.699  -66.195  -12.904 0.4000000060
13593  -39.524  -65.284  -3.539 0.3000000119
13594  -39.974  -64.678  -3.225 0.3000000119
13595  -40.794  -64.597  -3.513 0.3000000119
13611  -37.994  -65.018  -3.674 0.3000000119
13612  -39.831  -65.583  -3.912 0.3000000119
13634  -40.431  -65.226  -3.932 0.3000000119
13651  -40.930  -64.808  -4.051 0.3000000119
13658  -32.070  -64.053  -6.933 0.6000000238
13674  -33.883  -64.495  -7.845 0.6999999881
13675  -34.887  -64.893  -8.779 0.6999999881
13689  -23.337  -64.503  -8.864 0.4000000060
13694  -35.796  -65.257  -9.635 0.6000000238
13697  -38.082  -64.989  -9.312 0.5000000000
13714  -22.816  -64.377  -9.540 0.4000000060
13716  -24.334  -64.168  -9.278 0.4000000060
13731  -23.150  -63.829  -10.431 0.4000000060
13732  -29.773  -64.542  -11.275 0.6000000238
13745  -28.624  -64.187  -11.937 0.5000000000
13747  -30.403  -65.305  -11.979 0.6000000238
13765  -28.217  -65.022  -12.551 0.4000000060
14425  -38.367  -63.762  -3.055 0.3000000119
14446  -41.371  -64.162  -3.825 0.3000000119
14477  -30.521  -62.788  -5.739 0.6999999881
14489  -30.436  -63.335  -6.508 0.6000000238
14493  -34.008  -62.896  -7.114 0.6999999881
14500  -24.742  -64.020  -7.200 0.4000000060
14502  -29.746  -63.397  -7.238 0.6000000238
14504  -31.186  -63.724  -6.714 0.6000000238
14508  -37.787  -63.579  -8.348 0.6000000238
14515  -24.776  -64.096  -8.289 0.4000000060
14516  -25.647  -63.726  -8.580 0.4000000060
14520  -36.304  -63.802  -9.224 0.6000000238
14534  -25.853  -63.560  -9.655 0.5000000000
14537  -29.882  -64.174  -9.552 0.6000000238
14558  -27.851  -63.251  -11.175 0.4000000060
14559  -28.428  -63.389  -10.489 0.5000000000
14571  -24.182  -62.112  -11.917 0.3000000119
14574  -27.335  -62.995  -11.821 0.5000000000
14575  -27.972  -63.457  -11.657 0.5000000000
14586  -23.243  -62.321  -12.379 0.4000000060
15286  -40.910  -62.938  -3.162 0.3000000119
15320  -28.110  -62.056  -4.739 0.5000000000
15334  -27.725  -62.406  -5.301 0.6000000238
15335  -28.489  -62.369  -5.391 0.6000000238
15336  -29.261  -62.392  -5.449 0.6999999881
15340  -37.033  -61.875  -6.498 0.6000000238
15341  -37.217  -62.453  -5.829 0.5000000000
15349  -28.070  -62.620  -6.183 0.6999999881
15361  -27.849  -63.056  -8.206 0.6000000238
15375  -27.985  -63.138  -9.161 0.6000000238
15378  -36.285  -62.148  -9.141 0.5000000000
15379  -36.962  -62.542  -9.081 0.5000000000
15380  -37.469  -63.007  -8.855 0.5000000000
15386  -28.297  -63.238  -9.785 0.6000000238
15401  -20.606  -62.269  -11.522 0.4000000060
15402  -26.870  -63.019  -11.256 0.5000000000
15403  -27.486  -63.197  -10.836 0.5000000000
15413  -22.775  -62.027  -12.055 0.4000000060
16127  -26.037  -60.835  -3.847 0.5000000000
16129  -28.010  -60.977  -3.787 0.5000000000
16148  -23.984  -61.424  -4.326 0.5000000000
16151  -26.872  -61.627  -4.171 0.5000000000
16153  -28.482  -61.532  -4.279 0.5000000000
16156  -30.783  -61.187  -4.644 0.5000000000
16157  -37.818  -61.825  -4.771 0.5000000000
16158  -38.794  -62.014  -4.650 0.5000000000
16171  -31.410  -61.261  -4.953 0.6000000238
16182  -33.426  -61.331  -6.484 0.6999999881
16183  -34.082  -61.615  -7.279 0.6999999881
16191  -37.117  -61.445  -8.392 0.6000000238
16202  -36.004  -61.139  -9.175 0.8000000119
16973  -26.716  -60.567  -3.680 0.5000000000
16975  -28.363  -60.176  -3.542 0.5000000000
16993  -28.845  -60.918  -3.860 0.5000000000
16995  -30.417  -60.532  -4.327 0.6000000238
17019  -42.692  -60.480  -5.356 0.3000000119
17026  -32.921  -60.715  -5.980 0.6000000238
17027  -33.407  -60.470  -6.798 0.6000000238
17820  -26.190  -60.095  -3.763 0.5000000000
17837  -25.678  -59.576  -4.209 0.5000000000
17838  -26.448  -59.278  -3.936 0.5000000000
17840  -29.830  -59.981  -3.806 0.5000000000
17856  -40.851  -60.333  -5.211 0.4000000060
17857  -42.078  -60.558  -5.510 0.4000000060
17867  -32.887  -59.775  -6.391 0.5000000000
17871  -43.008  -59.550  -5.547 0.3000000119
17880  -34.191  -59.559  -8.831 0.8000000119
18731  -28.120  -58.411  -3.789 0.4000000060
18732  -28.963  -58.679  -3.616 0.5000000000
18733  -29.834  -59.057  -3.705 0.5000000000
18746  -26.012  -58.797  -4.737 0.5000000000
18765  -26.444  -58.193  -5.436 0.5000000000
18767  -31.778  -58.866  -5.072 0.6000000238
18769  -37.325  -58.562  -5.224 0.6999999881
18770  -39.278  -58.772  -4.722 0.5000000000
18799  -34.416  -58.277  -9.829 0.6999999881
18800  -35.428  -57.987  -9.623 0.6999999881
18801  -36.095  -58.587  -9.054 0.6999999881
18802  -34.506  -57.566  -9.930 0.6999999881
19659  -28.034  -57.643  -4.515 0.4000000060
19662  -31.356  -58.148  -4.794 0.5000000000
19674  -27.564  -57.263  -5.564 0.6000000238
19680  -38.803  -57.819  -4.790 0.5000000000
19697  -36.659  -57.342  -6.758 0.6000000238
19709  -33.136  -57.446  -8.222 0.6999999881
19722  -34.138  -57.039  -9.628 0.6999999881
19723  -34.653  -57.018  -9.671 0.6999999881
20632  -29.164  -56.678  -4.889 0.5000000000
20633  -30.001  -56.838  -4.640 0.6000000238
20648  -27.923  -56.693  -6.064 0.5000000000
20652  -31.221  -56.287  -5.388 0.6000000238
20670  -27.684  -56.597  -7.052 0.4000000060
20675  -34.820  -56.252  -7.289 0.6999999881
20676  -35.342  -56.574  -6.758 0.6999999881
20692  -33.734  -55.813  -8.888 0.6999999881
20704  -34.320  -56.277  -9.178 0.6999999881
21561  -35.459  -55.330  -4.832 0.5000000000
21577  -30.124  -55.420  -5.551 0.5000000000
21586  -41.122  -55.218  -5.406 0.3000000119
21600  -28.622  -55.552  -6.796 0.5000000000
21601  -29.405  -55.099  -6.261 0.5000000000
21602  -30.200  -54.778  -6.006 0.5000000000
21605  -34.304  -54.931  -7.992 0.6999999881
21607  -42.036  -55.330  -5.786 0.3000000119
21609  -43.297  -55.836  -6.791 0.3000000119
21622  -28.372  -54.747  -7.781 0.4000000060
22489  -34.313  -55.322  -5.205 0.6999999881
22510  -29.762  -54.473  -6.605 0.5000000000
22512  -31.444  -54.307  -6.567 0.6000000238
22516  -43.243  -54.853  -6.861 0.3000000119
22528  -29.257  -54.255  -7.443 0.5000000000
24445  -36.023  -52.145  -3.656 0.4000000060
24459  -33.426  -52.957  -4.298 0.5000000000
24460  -33.928  -52.808  -3.649 0.6000000238
24503  -40.846  -52.006  -5.928 0.4000000060
24517  -43.181  -52.686  -7.869 0.3000000119
24529  -32.340  -52.022  -8.812 0.6000000238
24530  -33.876  -52.437  -9.460 0.6000000238
25427  -33.092  -51.206  -3.508 0.5000000000
25429  -35.215  -51.892  -3.320 0.4000000060
25447  -33.332  -52.089  -3.713 0.4000000060
25448  -36.725  -51.954  -4.007 0.4000000060
25450  -38.104  -51.553  -4.850 0.4000000060
25487  -34.183  -50.721  -9.068 0.6000000238
25488  -34.648  -51.868  -9.272 0.5000000000
25491  -45.182  -52.010  -8.120 0.4000000060
25501  -44.092  -51.113  -9.530 0.4000000060
26411  -34.319  -50.806  -2.820 0.4000000060
26412  -35.317  -50.915  -3.037 0.4000000060
26427  -32.370  -50.783  -3.830 0.4000000060
26429  -37.656  -50.923  -4.384 0.4000000060
26453  -39.697  -50.296  -6.093 0.4000000060
26463  -33.341  -49.885  -8.665 0.5000000000
27390  -34.297  -49.281  -2.569 0.4000000060
27404  -31.982  -49.413  -3.324 0.5000000000
27405  -32.848  -49.573  -2.951 0.4000000060
27407  -36.355  -49.780  -3.156 0.4000000060
27453  -33.064  -49.279  -9.042 0.4000000060
28343  -32.393  -48.813  -2.927 0.4000000060
28345  -36.342  -48.813  -2.963 0.4000000060
28346  -37.181  -48.573  -3.432 0.4000000060
28358  -30.758  -48.590  -4.201 0.4000000060
28359  -37.900  -48.438  -3.932 0.4000000060
28373  -39.232  -48.102  -5.291 0.4000000060
28381  -40.636  -48.820  -7.328 0.3000000119
28387  -41.256  -48.801  -8.223 0.3000000119
29237  -35.166  -48.034  -2.649 0.4000000060
29252  -31.321  -47.478  -2.935 0.4000000060
29253  -35.210  -47.236  -2.941 0.4000000060
29254  -35.879  -47.940  -2.783 0.4000000060
29267  -38.740  -47.489  -4.713 0.4000000060
29280  -30.406  -47.348  -5.584 0.3000000119
30195  -31.182  -46.725  -2.814 0.4000000060
30209  -30.707  -46.502  -3.307 0.3000000119
30211  -34.885  -46.279  -3.293 0.4000000060
30213  -36.909  -47.028  -3.518 0.4000000060
31203  -31.594  -46.027  -2.566 0.3000000119
31204  -32.350  -45.654  -2.461 0.3000000119
32249  -30.856  -45.126  -2.934 0.3000000119
32250  -31.526  -44.683  -2.533 0.3000000119
34262  -34.708  -42.484  -3.799 0.4000000060
115661  -30.517  -47.953  -4.860 0.4000000060
116785  -27.269  -63.094  -7.287 0.5000000000
117138  -38.276  -65.587  -5.589 0.3000000119
117953  -34.736  -61.729  -8.267 0.8000000119
118815  -37.042  -60.784  -8.146 0.6000000238
119084  -33.949  -66.344  -10.653 0.6000000238
119335  -31.279  -57.162  -4.961 0.5000000000
120727  -38.792  -55.795  -5.452 0.5000000000
120815  -39.659  -55.826  -5.296 0.5000000000
122123  -39.663  -52.905  -5.542 0.4000000060
122200  -38.430  -52.089  -5.159 0.4000000060
122276  -32.440  -56.679  -6.779 0.6000000238
122347  -38.965  -53.061  -5.482 0.5000000000
122458  -22.812  -68.181  -11.365 0.3000000119
123236  -26.098  -61.564  -4.120 0.5000000000
124261  -40.338  -59.138  -5.094 0.5000000000
126551  -32.775  -42.340  -2.369 0.3000000119
126815  -36.822  -67.347  -10.204 0.4000000060
127195  -37.245  -64.186  -9.386 0.5000000000
127310  -32.472  -58.300  -6.293 0.6000000238
127700  -32.255  -67.895  -10.882 0.4000000060
128535  -39.881  -48.137  -6.071 0.4000000060
129607  -38.256  -66.009  -4.600 0.3000000119
130275  -38.304  -65.810  -8.735 0.4000000060
131017  -27.658  -59.717  -3.532 0.5000000000
131583  -34.314  -54.582  -8.646 0.6999999881
131708  -39.291  -65.696  -3.879 0.3000000119
132182  -35.197  -57.292  -9.494 0.6999999881
132468  -36.000  -67.386  -8.502 0.3000000119
133599  -36.889  -59.597  -7.531 0.6999999881
135808  -27.068  -62.490  -5.154 0.6000000238
136155  -26.651  -62.519  -11.955 0.4000000060
137730  -18.248  -68.734  -9.949 0.3000000119
138536  -40.174  -63.989  -2.973 0.3000000119
138853  -36.824  -61.057  -5.563 0.6000000238
138937  -38.830  -57.059  -5.024 0.5000000000
139072  -30.890  -60.175  -4.381 0.5000000000
