#!ascii label  , from subject sub-v1s20x0050274_ses-1 vox2ras=TkReg
788
129014  -10.171  -43.165  67.050 0.0000000000
61213  -32.712  -20.206  66.050 0.0000000000
66734  -38.591  -15.381  60.752 0.0000000000
64696  -47.944  -16.823  54.821 0.0000000000
57157  -28.945  -24.833  66.925 0.0000000000
64619  -43.551  -16.319  58.195 0.0000000000
70819  -47.217  -11.010  50.597 0.0000000000
76571  -47.556  -4.634  50.727 0.0000000000
61193  -35.074  -20.358  67.052 0.0000000000
63428  -38.165  -18.033  64.355 0.0000000000
64569  -35.171  -16.995  62.959 0.0000000000
126385  -9.927  -42.146  72.589 0.0000000000
38716  -14.939  -42.157  72.366 0.0000000000
41740  -19.791  -40.068  73.821 0.0000000000
43917  -23.717  -37.930  73.581 0.0000000000
48078  -26.044  -33.109  72.624 0.0000000000
52993  -27.245  -28.106  71.468 0.0000000000
58114  -31.116  -22.880  70.447 0.0000000000
149252  -43.014  -19.144  60.076 0.0000000000
78567  -47.212  -2.681  49.215 0.0000000000
62277  -33.467  -19.540  67.683 0.0000000000
63418  -35.601  -18.138  65.866 0.0000000000
62318  -34.502  -18.693  64.455 0.0000000000
39663  -10.882  -40.850  70.865 0.0000000000
39639  -12.457  -42.255  72.257 0.0000000000
50095  -26.121  -31.077  70.886 0.0000000000
139948  -26.748  -30.626  72.092 0.0000000000
148375  -25.969  -28.262  69.868 0.0000000000
59154  -30.610  -22.506  66.981 0.0000000000
58122  -28.744  -22.847  69.718 0.0000000000
132682  -31.240  -20.963  69.163 0.0000000000
59122  -33.646  -21.828  69.103 0.0000000000
146402  -39.188  -15.551  63.490 0.0000000000
130068  -40.415  -17.822  62.342 0.0000000000
65642  -41.799  -15.919  62.119 0.0000000000
130133  -45.927  -16.903  56.382 0.0000000000
154064  -46.705  -17.272  57.624 0.0000000000
150364  -48.994  -18.524  56.199 0.0000000000
62465  -48.802  -19.021  53.748 0.0000000000
71755  -48.512  -9.654  52.865 0.0000000000
154299  -47.978  -12.294  53.050 0.0000000000
55161  -25.970  -27.089  67.039 0.0000000000
63592  -44.379  -18.264  53.639 0.0000000000
73680  -47.455  -8.407  50.491 0.0000000000
74617  -49.331  -7.142  52.682 0.0000000000
78569  -49.583  -2.694  48.917 0.0000000000
59168  -36.514  -22.908  65.459 0.0000000000
62306  -36.579  -19.268  65.687 0.0000000000
65610  -36.460  -16.481  64.661 0.0000000000
127291  -10.402  -43.481  70.526 0.0000000000
38735  -17.235  -42.345  71.139 0.0000000000
39628  -17.233  -41.209  73.378 0.0000000000
39644  -19.394  -41.475  72.586 0.0000000000
131058  -21.661  -40.314  72.722 0.0000000000
136977  -23.825  -39.100  72.923 0.0000000000
43938  -25.465  -37.819  72.739 0.0000000000
46056  -24.905  -35.643  72.898 0.0000000000
48096  -28.861  -33.255  71.322 0.0000000000
57116  -26.977  -25.096  69.930 0.0000000000
56117  -28.586  -25.354  70.834 0.0000000000
55130  -30.688  -26.663  69.149 0.0000000000
141125  -32.501  -24.543  68.266 0.0000000000
140197  -34.507  -23.246  67.305 0.0000000000
146500  -44.963  -16.832  60.187 0.0000000000
67801  -47.353  -14.911  52.473 0.0000000000
64712  -49.733  -16.879  53.889 0.0000000000
148273  -9.297  -43.362  68.938 0.0000000000
62304  -32.918  -19.272  66.635 0.0000000000
62305  -33.542  -18.779  66.162 0.0000000000
61214  -33.182  -19.423  65.844 0.0000000000
51095  -26.395  -30.398  68.515 0.0000000000
52034  -26.275  -29.606  69.857 0.0000000000
148920  -25.944  -28.892  68.438 0.0000000000
60172  -31.895  -21.630  65.974 0.0000000000
59140  -30.824  -21.613  67.492 0.0000000000
61201  -31.807  -20.389  67.494 0.0000000000
61191  -32.334  -19.897  67.864 0.0000000000
66702  -40.489  -15.584  62.709 0.0000000000
66716  -40.637  -15.220  61.823 0.0000000000
136709  -47.459  -16.909  55.323 0.0000000000
64660  -48.290  -17.304  56.561 0.0000000000
64680  -49.039  -16.948  55.735 0.0000000000
62451  -49.139  -18.910  54.633 0.0000000000
63593  -49.586  -18.001  54.550 0.0000000000
72676  -49.821  -9.423  51.983 0.0000000000
70805  -50.175  -11.103  51.703 0.0000000000
70821  -50.262  -11.468  50.049 0.0000000000
149264  -46.680  -7.395  49.255 0.0000000000
139243  -47.503  -6.557  50.657 0.0000000000
130435  -48.415  -7.543  53.255 0.0000000000
75579  -48.275  -5.699  52.926 0.0000000000
76548  -49.216  -5.401  52.434 0.0000000000
77498  -48.214  -4.343  52.046 0.0000000000
78557  -49.068  -2.480  49.773 0.0000000000
60163  -35.810  -21.153  66.522 0.0000000000
60174  -36.786  -21.165  65.529 0.0000000000
61203  -36.219  -19.793  66.286 0.0000000000
64538  -35.237  -17.569  65.230 0.0000000000
64539  -35.886  -17.421  65.395 0.0000000000
133119  -35.865  -16.227  64.518 0.0000000000
66686  -36.730  -15.178  63.787 0.0000000000
65631  -35.553  -15.694  63.053 0.0000000000
38742  -11.318  -43.527  71.071 0.0000000000
38732  -11.102  -43.206  72.164 0.0000000000
38723  -13.251  -42.447  72.098 0.0000000000
41751  -18.434  -39.695  73.403 0.0000000000
40624  -18.901  -40.520  73.738 0.0000000000
39636  -17.997  -41.780  73.293 0.0000000000
39631  -19.257  -40.973  73.695 0.0000000000
40642  -20.698  -41.001  71.864 0.0000000000
40626  -20.530  -40.138  73.705 0.0000000000
41745  -23.845  -38.353  73.260 0.0000000000
42874  -25.359  -38.452  72.596 0.0000000000
42861  -24.671  -37.934  72.810 0.0000000000
48077  -25.158  -33.133  72.459 0.0000000000
47098  -24.717  -34.530  72.544 0.0000000000
47089  -25.178  -34.697  72.890 0.0000000000
46058  -26.391  -35.972  72.448 0.0000000000
47091  -26.866  -35.007  72.173 0.0000000000
47092  -28.122  -35.324  71.895 0.0000000000
48079  -26.853  -33.798  72.192 0.0000000000
51998  -26.831  -28.813  71.440 0.0000000000
50065  -28.692  -30.982  72.069 0.0000000000
51045  -29.468  -30.048  72.073 0.0000000000
54050  -28.710  -28.041  71.596 0.0000000000
55144  -26.526  -26.237  68.648 0.0000000000
57136  -27.722  -24.845  68.109 0.0000000000
59093  -29.650  -22.495  70.503 0.0000000000
147589  -28.767  -23.448  70.855 0.0000000000
57094  -30.028  -24.127  71.012 0.0000000000
56123  -29.948  -25.170  70.168 0.0000000000
57105  -30.488  -24.550  70.110 0.0000000000
57107  -31.862  -23.965  69.274 0.0000000000
60134  -34.191  -20.904  67.923 0.0000000000
58136  -33.637  -22.583  68.524 0.0000000000
59141  -34.845  -21.687  67.251 0.0000000000
58168  -35.624  -23.118  66.458 0.0000000000
126383  -8.969  -41.025  71.526 0.0000000000
127292  -8.058  -41.598  72.217 0.0000000000
138024  -8.325  -42.930  72.137 0.0000000000
62328  -37.870  -19.532  64.130 0.0000000000
62338  -38.384  -19.472  62.707 0.0000000000
63475  -41.602  -18.274  61.363 0.0000000000
65690  -42.741  -16.275  58.853 0.0000000000
139198  -43.190  -15.641  59.665 0.0000000000
65691  -44.622  -15.704  58.803 0.0000000000
129037  -46.493  -19.635  57.065 0.0000000000
62401  -46.003  -19.257  57.801 0.0000000000
142942  -50.014  -14.309  52.529 0.0000000000
68782  -48.239  -13.814  52.614 0.0000000000
66841  -49.339  -15.396  52.931 0.0000000000
66840  -48.086  -15.612  52.952 0.0000000000
65763  -49.837  -16.089  53.222 0.0000000000
64725  -50.204  -17.419  53.316 0.0000000000
76584  -45.948  -4.860  48.604 0.0000000000
77521  -47.364  -3.753  50.054 0.0000000000
133327  -46.132  -3.588  48.735 0.0000000000
79655  -46.729  -2.316  48.003 0.0000000000
62278  -34.294  -19.833  67.575 0.0000000000
152334  -35.717  -19.122  66.529 0.0000000000
63405  -34.512  -18.677  66.572 0.0000000000
63426  -34.184  -18.416  65.468 0.0000000000
63438  -34.989  -18.118  63.916 0.0000000000
126386  -10.725  -41.591  72.240 0.0000000000
127587  -10.790  -42.581  72.601 0.0000000000
40638  -14.266  -41.360  72.093 0.0000000000
140452  -25.495  -32.208  72.149 0.0000000000
49034  -26.234  -32.221  72.442 0.0000000000
50063  -26.373  -30.740  71.906 0.0000000000
141332  -26.625  -28.913  71.355 0.0000000000
54056  -26.598  -27.619  71.219 0.0000000000
58165  -29.843  -23.786  66.999 0.0000000000
58146  -28.800  -23.798  68.316 0.0000000000
59120  -29.681  -22.591  68.476 0.0000000000
59121  -30.004  -21.758  69.077 0.0000000000
60117  -30.977  -21.684  69.913 0.0000000000
59108  -32.429  -21.968  70.039 0.0000000000
61168  -32.222  -20.730  69.319 0.0000000000
61180  -33.472  -20.518  68.761 0.0000000000
128839  -9.868  -40.686  70.506 0.0000000000
65621  -38.652  -16.939  64.316 0.0000000000
137417  -39.398  -18.114  62.916 0.0000000000
64559  -39.919  -17.286  63.526 0.0000000000
148446  -41.791  -17.535  62.165 0.0000000000
63464  -42.588  -17.674  61.563 0.0000000000
64658  -45.096  -16.654  56.891 0.0000000000
65709  -46.167  -16.421  58.193 0.0000000000
64638  -46.835  -17.055  57.511 0.0000000000
62415  -47.913  -18.639  56.731 0.0000000000
71770  -47.745  -10.290  52.294 0.0000000000
69810  -47.715  -11.800  52.676 0.0000000000
131408  -48.206  -11.677  53.035 0.0000000000
69812  -49.562  -12.725  52.375 0.0000000000
60173  -32.457  -21.582  65.202 0.0000000000
58179  -31.377  -23.217  65.192 0.0000000000
65653  -40.133  -15.694  60.297 0.0000000000
63531  -42.774  -17.811  56.242 0.0000000000
128922  -44.568  -17.400  55.886 0.0000000000
63555  -45.286  -17.543  55.339 0.0000000000
63577  -45.443  -17.794  54.065 0.0000000000
72681  -47.519  -9.300  50.942 0.0000000000
73660  -48.260  -8.576  52.938 0.0000000000
73662  -49.075  -8.313  53.093 0.0000000000
148063  -50.007  -8.372  50.993 0.0000000000
78547  -48.454  -2.963  50.886 0.0000000000
77534  -49.457  -3.134  49.830 0.0000000000
60175  -37.243  -21.655  64.754 0.0000000000
130843  -37.519  -20.012  64.666 0.0000000000
62319  -37.526  -19.022  64.853 0.0000000000
63407  -36.058  -18.758  66.140 0.0000000000
63419  -37.018  -18.294  65.154 0.0000000000
152065  -37.919  -17.931  64.519 0.0000000000
66677  -37.977  -16.422  64.511 0.0000000000
66699  -37.433  -14.919  63.235 0.0000000000
61246  -34.447  -20.092  63.230 0.0000000000
62337  -34.885  -19.165  62.438 0.0000000000
65640  -34.820  -16.362  62.165 0.0000000000
38760  -10.162  -43.203  68.246 0.0000000000
38751  -11.234  -43.416  69.467 0.0000000000
39668  -18.101  -41.623  70.063 0.0000000000
40653  -14.430  -40.648  71.134 0.0000000000
39642  -15.114  -41.501  72.389 0.0000000000
39634  -16.570  -41.463  72.840 0.0000000000
38720  -17.946  -42.062  72.734 0.0000000000
133749  -23.195  -40.467  71.539 0.0000000000
40645  -23.918  -40.192  71.673 0.0000000000
44961  -23.856  -36.903  72.868 0.0000000000
46055  -24.570  -35.498  72.770 0.0000000000
44952  -24.572  -37.166  72.829 0.0000000000
44953  -25.223  -36.928  72.773 0.0000000000
154485  -26.457  -37.227  72.442 0.0000000000
49036  -27.708  -31.700  72.134 0.0000000000
54098  -26.024  -27.350  68.288 0.0000000000
55129  -26.353  -26.815  70.116 0.0000000000
55109  -26.698  -26.470  71.036 0.0000000000
57104  -27.785  -23.843  69.785 0.0000000000
131987  -27.606  -24.881  70.769 0.0000000000
55102  -27.494  -26.844  71.404 0.0000000000
151976  -29.185  -27.153  70.972 0.0000000000
54070  -30.434  -27.585  69.838 0.0000000000
128945  -32.592  -25.280  67.409 0.0000000000
58135  -32.971  -23.108  68.916 0.0000000000
57139  -33.538  -24.071  67.686 0.0000000000
56166  -34.326  -24.776  66.511 0.0000000000
57159  -34.942  -24.418  66.319 0.0000000000
38749  -8.509  -43.403  70.584 0.0000000000
66736  -41.742  -15.398  60.913 0.0000000000
65654  -43.707  -16.104  60.882 0.0000000000
63477  -44.086  -17.779  60.534 0.0000000000
64605  -45.904  -16.896  59.015 0.0000000000
63490  -44.938  -18.432  59.294 0.0000000000
62390  -43.643  -19.878  59.280 0.0000000000
64708  -45.252  -17.696  53.325 0.0000000000
139636  -47.356  -17.002  53.858 0.0000000000
69826  -46.830  -12.804  51.717 0.0000000000
68802  -46.462  -13.537  51.586 0.0000000000
66839  -46.947  -15.540  52.531 0.0000000000
65773  -47.792  -16.150  53.209 0.0000000000
64710  -48.662  -16.744  54.491 0.0000000000
64724  -49.837  -17.571  53.667 0.0000000000
51104  -26.188  -30.489  67.679 0.0000000000
52046  -26.219  -29.653  68.920 0.0000000000
149234  -25.817  -28.909  67.525 0.0000000000
60162  -32.115  -20.703  66.573 0.0000000000
133061  -31.437  -21.156  66.976 0.0000000000
61202  -32.401  -19.866  67.054 0.0000000000
152016  -39.064  -15.078  61.620 0.0000000000
66715  -39.818  -14.956  62.116 0.0000000000
146496  -39.787  -15.230  61.118 0.0000000000
63578  -49.559  -17.797  55.343 0.0000000000
64697  -49.527  -16.897  55.139 0.0000000000
72682  -50.623  -9.403  51.159 0.0000000000
71777  -50.694  -10.173  50.919 0.0000000000
75623  -47.354  -5.657  50.037 0.0000000000
76560  -47.693  -5.498  51.560 0.0000000000
75595  -47.893  -5.984  52.630 0.0000000000
76546  -47.989  -5.080  52.480 0.0000000000
77497  -47.877  -4.581  51.804 0.0000000000
60152  -35.217  -21.057  66.896 0.0000000000
142326  -35.691  -20.395  66.641 0.0000000000
64545  -35.214  -17.346  64.482 0.0000000000
64546  -35.635  -16.912  64.848 0.0000000000
64557  -35.477  -16.635  63.946 0.0000000000
65619  -35.704  -15.814  63.756 0.0000000000
65630  -35.307  -16.154  63.033 0.0000000000
144735  -10.066  -42.948  72.518 0.0000000000
39641  -14.104  -42.035  72.385 0.0000000000
38724  -14.000  -42.581  72.197 0.0000000000
41752  -19.335  -39.645  73.640 0.0000000000
40625  -19.824  -40.394  73.720 0.0000000000
39632  -19.996  -40.790  73.596 0.0000000000
41741  -20.448  -39.867  73.765 0.0000000000
42859  -23.447  -38.208  73.793 0.0000000000
42860  -23.839  -38.118  73.225 0.0000000000
43918  -24.271  -37.785  72.896 0.0000000000
133737  -25.352  -33.576  72.663 0.0000000000
47090  -25.893  -34.146  72.658 0.0000000000
51999  -27.315  -28.773  71.626 0.0000000000
51044  -28.273  -29.656  72.164 0.0000000000
52000  -28.099  -28.755  71.854 0.0000000000
52995  -28.992  -28.764  71.964 0.0000000000
52994  -27.917  -28.068  71.621 0.0000000000
56163  -27.426  -25.543  67.617 0.0000000000
59094  -30.535  -22.428  70.540 0.0000000000
59083  -29.839  -22.815  71.015 0.0000000000
58113  -30.378  -23.194  71.011 0.0000000000
57095  -30.760  -23.687  70.453 0.0000000000
57106  -31.139  -24.478  69.460 0.0000000000
58123  -31.536  -23.421  69.928 0.0000000000
60151  -34.656  -20.964  67.433 0.0000000000
143185  -34.235  -21.555  67.837 0.0000000000
59156  -35.557  -22.018  66.638 0.0000000000
126384  -9.881  -41.193  71.894 0.0000000000
133808  -9.062  -41.809  72.337 0.0000000000
148108  -9.331  -42.537  72.557 0.0000000000
62320  -37.968  -18.669  64.253 0.0000000000
63450  -38.234  -19.104  63.537 0.0000000000
63439  -38.580  -18.269  63.738 0.0000000000
62363  -42.720  -18.703  60.581 0.0000000000
62362  -41.961  -18.829  60.649 0.0000000000
135055  -42.407  -19.348  60.070 0.0000000000
62378  -42.943  -19.710  59.624 0.0000000000
139201  -43.945  -15.545  59.268 0.0000000000
70818  -46.842  -11.638  50.057 0.0000000000
67804  -50.299  -15.072  52.579 0.0000000000
67803  -49.635  -14.846  52.731 0.0000000000
63397  -34.044  -19.037  67.121 0.0000000000
62317  -33.796  -19.270  65.033 0.0000000000
63427  -34.695  -17.878  64.939 0.0000000000
40652  -13.721  -41.072  71.472 0.0000000000
50107  -26.652  -31.689  69.365 0.0000000000
136595  -25.833  -31.739  71.385 0.0000000000
132301  -25.933  -31.617  72.133 0.0000000000
50078  -25.994  -31.300  71.809 0.0000000000
137489  -26.149  -28.852  70.276 0.0000000000
52020  -26.258  -29.520  70.803 0.0000000000
53014  -26.279  -28.793  70.873 0.0000000000
53001  -26.568  -28.187  71.230 0.0000000000
138957  -26.436  -27.744  71.081 0.0000000000
58166  -30.438  -23.367  66.556 0.0000000000
58147  -30.032  -22.965  67.442 0.0000000000
60150  -31.157  -20.817  68.030 0.0000000000
60149  -30.597  -21.315  68.579 0.0000000000
60132  -30.558  -21.465  69.354 0.0000000000
60118  -31.883  -21.409  69.864 0.0000000000
62276  -32.880  -19.757  68.009 0.0000000000
61179  -32.697  -20.197  68.659 0.0000000000
62263  -33.286  -19.976  68.336 0.0000000000
62264  -33.732  -20.121  68.154 0.0000000000
39675  -10.675  -40.549  69.372 0.0000000000
65622  -39.477  -16.558  63.797 0.0000000000
66703  -41.161  -15.633  62.229 0.0000000000
65632  -41.211  -16.331  62.621 0.0000000000
64573  -41.876  -16.806  62.352 0.0000000000
64583  -42.472  -16.999  61.866 0.0000000000
65722  -46.241  -16.615  57.420 0.0000000000
64659  -47.296  -17.011  56.845 0.0000000000
63533  -48.788  -17.755  56.395 0.0000000000
63532  -48.138  -17.589  56.788 0.0000000000
62434  -48.309  -19.633  54.725 0.0000000000
149025  -48.119  -10.233  52.896 0.0000000000
70790  -47.921  -10.984  52.755 0.0000000000
70791  -48.523  -10.711  52.820 0.0000000000
68785  -50.186  -13.633  52.268 0.0000000000
59167  -32.006  -22.250  65.139 0.0000000000
64657  -43.845  -17.288  56.525 0.0000000000
145757  -43.798  -18.590  54.197 0.0000000000
63576  -44.724  -18.032  54.451 0.0000000000
64695  -45.941  -17.475  54.842 0.0000000000
74659  -47.347  -7.498  50.004 0.0000000000
73687  -46.890  -8.310  49.378 0.0000000000
72689  -47.259  -9.240  49.842 0.0000000000
72675  -47.753  -9.384  52.161 0.0000000000
73671  -47.695  -8.513  51.839 0.0000000000
74616  -48.803  -6.889  53.280 0.0000000000
141681  -48.982  -7.727  53.229 0.0000000000
73672  -49.598  -8.066  52.253 0.0000000000
137204  -50.223  -8.311  50.650 0.0000000000
74627  -49.707  -7.601  51.455 0.0000000000
76561  -49.436  -4.720  51.834 0.0000000000
78556  -47.546  -2.833  50.067 0.0000000000
78546  -47.939  -3.081  50.882 0.0000000000
79625  -48.015  -2.619  50.540 0.0000000000
59181  -36.689  -23.079  64.628 0.0000000000
59182  -37.007  -22.456  64.303 0.0000000000
59169  -36.863  -22.251  65.102 0.0000000000
61215  -36.635  -20.061  65.707 0.0000000000
61216  -37.194  -20.566  65.131 0.0000000000
146970  -37.061  -19.501  65.277 0.0000000000
62307  -37.061  -18.796  65.234 0.0000000000
63406  -35.379  -18.728  66.430 0.0000000000
64547  -36.699  -17.504  65.067 0.0000000000
138942  -36.411  -18.152  65.550 0.0000000000
64548  -37.486  -17.877  64.792 0.0000000000
65611  -37.319  -17.041  64.670 0.0000000000
65612  -38.017  -17.440  64.547 0.0000000000
66676  -37.043  -15.976  64.345 0.0000000000
66698  -36.485  -15.034  62.904 0.0000000000
38750  -9.712  -43.387  69.749 0.0000000000
146329  -10.538  -43.348  69.178 0.0000000000
146369  -12.200  -43.560  70.672 0.0000000000
38721  -11.628  -42.764  72.281 0.0000000000
38722  -12.436  -42.856  72.071 0.0000000000
37832  -16.366  -42.840  70.097 0.0000000000
38743  -16.913  -42.467  70.415 0.0000000000
39667  -17.466  -42.042  70.190 0.0000000000
39654  -17.847  -41.954  70.837 0.0000000000
128094  -15.011  -40.685  71.770 0.0000000000
39635  -17.260  -41.610  73.163 0.0000000000
39637  -18.857  -41.497  73.316 0.0000000000
39643  -18.570  -41.847  72.436 0.0000000000
39655  -18.558  -41.614  71.019 0.0000000000
39656  -19.205  -41.481  71.638 0.0000000000
40655  -19.483  -41.068  70.629 0.0000000000
40643  -21.511  -40.792  71.947 0.0000000000
148154  -21.973  -40.756  71.217 0.0000000000
40658  -22.700  -40.578  70.812 0.0000000000
40644  -22.412  -40.584  71.997 0.0000000000
41754  -23.141  -39.497  73.102 0.0000000000
41766  -23.718  -39.800  72.451 0.0000000000
41767  -24.398  -39.582  72.206 0.0000000000
41768  -25.319  -39.263  72.028 0.0000000000
148053  -25.250  -38.044  72.766 0.0000000000
148240  -25.932  -38.709  72.169 0.0000000000
42875  -26.059  -38.178  72.522 0.0000000000
42888  -26.898  -37.891  72.051 0.0000000000
43939  -26.335  -37.694  72.400 0.0000000000
47088  -24.875  -34.805  72.908 0.0000000000
46046  -24.718  -36.430  72.821 0.0000000000
144196  -24.901  -36.909  72.811 0.0000000000
46047  -25.040  -36.536  72.837 0.0000000000
44954  -25.951  -36.759  72.629 0.0000000000
44963  -26.971  -36.714  72.336 0.0000000000
43940  -27.467  -37.292  72.029 0.0000000000
47100  -28.649  -34.416  71.471 0.0000000000
138560  -28.983  -35.469  71.623 0.0000000000
131403  -26.833  -31.474  72.274 0.0000000000
150985  -26.891  -32.012  72.313 0.0000000000
54112  -25.879  -27.516  67.378 0.0000000000
130327  -26.126  -27.014  67.773 0.0000000000
139045  -26.794  -25.613  69.157 0.0000000000
56142  -26.559  -26.167  69.373 0.0000000000
56129  -26.643  -26.269  70.132 0.0000000000
55116  -26.599  -26.582  70.722 0.0000000000
55117  -26.799  -25.893  70.680 0.0000000000
58134  -29.043  -23.011  68.889 0.0000000000
58133  -28.384  -23.399  69.299 0.0000000000
58121  -28.315  -23.180  69.990 0.0000000000
57084  -28.841  -24.017  71.052 0.0000000000
57083  -28.175  -23.980  70.743 0.0000000000
56116  -28.275  -24.541  70.874 0.0000000000
140260  -27.720  -25.430  71.015 0.0000000000
55111  -27.960  -26.227  71.182 0.0000000000
54058  -28.476  -27.168  71.296 0.0000000000
145486  -28.865  -26.501  70.841 0.0000000000
55119  -30.110  -26.389  69.738 0.0000000000
57119  -31.827  -24.822  68.627 0.0000000000
56146  -32.880  -24.641  67.749 0.0000000000
59109  -33.132  -21.831  69.714 0.0000000000
58125  -32.768  -22.495  69.727 0.0000000000
138287  -33.269  -22.346  69.286 0.0000000000
58149  -33.924  -23.303  67.727 0.0000000000
56165  -33.526  -24.817  67.045 0.0000000000
57140  -34.306  -24.096  67.075 0.0000000000
59157  -36.133  -22.751  66.133 0.0000000000
58169  -36.090  -23.590  65.674 0.0000000000
58180  -36.416  -23.581  65.017 0.0000000000
126387  -9.378  -43.358  71.426 0.0000000000
63462  -39.701  -18.316  62.015 0.0000000000
65668  -40.431  -16.128  59.590 0.0000000000
66753  -41.094  -15.618  60.247 0.0000000000
65671  -43.829  -15.697  60.145 0.0000000000
66719  -43.088  -15.683  60.835 0.0000000000
65655  -44.435  -16.113  60.399 0.0000000000
64595  -44.068  -16.904  60.784 0.0000000000
63478  -44.871  -17.780  60.047 0.0000000000
64620  -46.327  -16.960  58.303 0.0000000000
65693  -45.889  -16.470  58.810 0.0000000000
62391  -45.485  -18.813  58.496 0.0000000000
61319  -44.520  -19.641  58.808 0.0000000000
62380  -44.208  -19.234  59.484 0.0000000000
64722  -46.212  -17.142  53.023 0.0000000000
69827  -47.208  -12.059  51.715 0.0000000000
138366  -47.551  -12.569  52.459 0.0000000000
67822  -47.812  -14.329  52.529 0.0000000000
68803  -47.420  -13.454  52.280 0.0000000000
67821  -46.844  -14.184  52.057 0.0000000000
67820  -45.947  -14.198  51.478 0.0000000000
66856  -46.322  -14.845  52.003 0.0000000000
66855  -45.868  -15.565  52.053 0.0000000000
65761  -48.914  -16.158  53.577 0.0000000000
65760  -48.871  -16.653  53.949 0.0000000000
64711  -49.744  -17.172  54.408 0.0000000000
62290  -32.808  -19.492  67.356 0.0000000000
62291  -33.323  -18.980  66.945 0.0000000000
51085  -26.475  -31.073  69.857 0.0000000000
51072  -26.326  -30.313  70.379 0.0000000000
51084  -26.450  -30.369  69.387 0.0000000000
53026  -26.055  -28.899  69.382 0.0000000000
59155  -31.213  -22.071  66.511 0.0000000000
61190  -31.842  -20.376  68.472 0.0000000000
153118  -38.906  -14.980  63.073 0.0000000000
66689  -39.933  -15.839  63.345 0.0000000000
66701  -39.595  -15.173  62.910 0.0000000000
66717  -41.450  -15.499  61.616 0.0000000000
64678  -46.740  -16.880  55.849 0.0000000000
64679  -48.166  -16.990  56.187 0.0000000000
64661  -48.942  -17.253  56.227 0.0000000000
63556  -49.426  -17.764  56.032 0.0000000000
62435  -49.192  -18.737  55.499 0.0000000000
71756  -49.123  -9.958  52.610 0.0000000000
150061  -49.807  -10.295  52.011 0.0000000000
130260  -50.510  -10.790  51.171 0.0000000000
74643  -47.631  -7.471  51.462 0.0000000000
132406  -47.899  -7.807  52.700 0.0000000000
74626  -47.871  -6.954  52.741 0.0000000000
74615  -48.267  -6.536  53.130 0.0000000000
75580  -48.612  -6.212  53.096 0.0000000000
75581  -49.107  -6.243  52.912 0.0000000000
76528  -48.714  -5.670  52.895 0.0000000000
153899  -49.014  -4.706  52.357 0.0000000000
77499  -48.877  -4.145  52.012 0.0000000000
79640  -47.580  -2.098  49.055 0.0000000000
133248  -47.839  -2.334  49.928 0.0000000000
79641  -48.418  -2.014  49.460 0.0000000000
79642  -49.126  -2.166  49.061 0.0000000000
78584  -49.811  -2.651  47.830 0.0000000000
142048  -36.374  -21.860  66.039 0.0000000000
60164  -36.290  -20.667  66.220 0.0000000000
65603  -36.065  -16.794  65.066 0.0000000000
65620  -36.170  -15.592  64.210 0.0000000000
66685  -35.965  -15.285  63.489 0.0000000000
66697  -35.675  -15.444  62.490 0.0000000000
127585  -10.234  -43.374  71.922 0.0000000000
37827  -11.983  -43.424  71.683 0.0000000000
134336  -16.050  -42.428  72.231 0.0000000000
39629  -17.736  -41.367  73.455 0.0000000000
39630  -18.414  -41.198  73.582 0.0000000000
153362  -19.526  -41.209  73.320 0.0000000000
39645  -20.091  -41.120  72.748 0.0000000000
40632  -20.826  -40.558  72.912 0.0000000000
40627  -21.342  -39.955  73.647 0.0000000000
41755  -24.591  -38.770  72.702 0.0000000000
42873  -24.569  -38.168  72.860 0.0000000000
48094  -25.000  -32.909  71.909 0.0000000000
48093  -24.902  -33.689  72.243 0.0000000000
48076  -24.991  -33.994  72.774 0.0000000000
46057  -25.382  -35.991  72.773 0.0000000000
47099  -27.678  -34.434  71.828 0.0000000000
48095  -27.873  -33.515  71.717 0.0000000000
51043  -27.194  -29.653  71.903 0.0000000000
145786  -27.715  -30.629  72.233 0.0000000000
141630  -28.777  -30.363  72.188 0.0000000000
52008  -29.883  -29.454  71.735 0.0000000000
53002  -29.741  -28.717  71.600 0.0000000000
55175  -26.450  -26.784  66.683 0.0000000000
55162  -26.411  -26.623  67.764 0.0000000000
56162  -26.792  -25.917  68.132 0.0000000000
56143  -27.168  -25.313  68.428 0.0000000000
57117  -27.348  -24.730  69.203 0.0000000000
59092  -28.912  -22.784  70.360 0.0000000000
58112  -29.129  -22.960  70.872 0.0000000000
57085  -29.434  -23.477  71.057 0.0000000000
57093  -29.070  -24.280  71.020 0.0000000000
56122  -29.370  -24.886  70.669 0.0000000000
56131  -30.564  -25.495  69.444 0.0000000000
57120  -32.426  -23.939  68.792 0.0000000000
60133  -33.913  -21.187  68.649 0.0000000000
59123  -33.902  -21.886  68.453 0.0000000000
141433  -34.187  -22.437  67.740 0.0000000000
58150  -34.915  -22.598  67.101 0.0000000000
57141  -35.031  -23.607  66.752 0.0000000000
40665  -8.176  -40.903  71.170 0.0000000000
127274  -9.308  -42.940  72.312 0.0000000000
133171  -41.376  -17.832  62.054 0.0000000000
62350  -40.519  -18.404  61.452 0.0000000000
62361  -41.055  -18.946  60.626 0.0000000000
65689  -41.656  -16.426  58.844 0.0000000000
65670  -42.313  -15.825  59.544 0.0000000000
65672  -44.946  -15.849  59.574 0.0000000000
62402  -46.818  -18.575  57.300 0.0000000000
63511  -46.385  -17.941  57.928 0.0000000000
68783  -48.967  -13.859  52.644 0.0000000000
131942  -48.116  -13.011  52.810 0.0000000000
67802  -48.746  -14.589  52.728 0.0000000000
129902  -48.422  -15.119  52.813 0.0000000000
66827  -49.058  -15.809  53.236 0.0000000000
151609  -49.541  -16.369  53.536 0.0000000000
76570  -46.943  -4.739  49.454 0.0000000000
78555  -46.884  -3.321  49.184 0.0000000000
78566  -46.496  -2.989  48.567 0.0000000000
79639  -47.010  -2.434  48.544 0.0000000000
79656  -47.185  -1.910  48.219 0.0000000000
61192  -34.518  -20.387  67.565 0.0000000000
62292  -35.566  -19.682  66.704 0.0000000000
63398  -34.976  -19.295  66.889 0.0000000000
137916  -34.840  -18.309  66.164 0.0000000000
63404  -33.834  -18.739  66.560 0.0000000000
63416  -34.167  -18.396  66.117 0.0000000000
63417  -34.699  -18.029  65.652 0.0000000000
145153  -35.187  -17.464  63.633 0.0000000000
39638  -11.504  -42.045  72.386 0.0000000000
39640  -13.441  -41.866  72.168 0.0000000000
43937  -23.542  -37.620  73.507 0.0000000000
129038  -25.590  -32.733  72.471 0.0000000000
49033  -25.833  -32.115  72.323 0.0000000000
50064  -26.245  -31.521  72.201 0.0000000000
51056  -26.288  -30.288  71.371 0.0000000000
51041  -26.562  -29.784  71.575 0.0000000000
51042  -26.695  -29.689  71.663 0.0000000000
52991  -26.685  -28.189  71.284 0.0000000000
54047  -26.795  -27.735  71.318 0.0000000000
57137  -28.510  -24.515  67.768 0.0000000000
57138  -29.228  -24.188  67.420 0.0000000000
59138  -29.472  -23.436  67.915 0.0000000000
59139  -30.251  -22.084  67.997 0.0000000000
59106  -29.389  -22.347  69.645 0.0000000000
59107  -30.105  -21.856  69.965 0.0000000000
59095  -31.536  -22.197  70.188 0.0000000000
58115  -31.989  -22.650  70.050 0.0000000000
60119  -32.770  -21.251  69.810 0.0000000000
61169  -32.980  -20.727  69.350 0.0000000000
60120  -33.395  -21.189  69.335 0.0000000000
61181  -33.978  -20.523  68.117 0.0000000000
140983  -38.682  -17.734  64.061 0.0000000000
63440  -39.312  -17.622  63.631 0.0000000000
64570  -40.192  -17.498  63.073 0.0000000000
64571  -40.575  -17.278  62.962 0.0000000000
65623  -40.486  -16.684  63.219 0.0000000000
63451  -41.101  -17.491  62.463 0.0000000000
63463  -41.932  -17.842  61.883 0.0000000000
63476  -42.343  -18.213  61.243 0.0000000000
131020  -43.128  -18.099  60.958 0.0000000000
64637  -44.298  -16.529  57.450 0.0000000000
65707  -44.743  -15.925  58.176 0.0000000000
65708  -45.442  -16.142  57.841 0.0000000000
64639  -47.679  -17.291  56.961 0.0000000000
63512  -47.307  -17.615  57.192 0.0000000000
71775  -47.472  -10.538  51.223 0.0000000000
70804  -47.498  -11.208  51.754 0.0000000000
70792  -49.408  -10.940  52.365 0.0000000000
135061  -48.973  -11.761  52.675 0.0000000000
69811  -48.623  -12.655  52.771 0.0000000000
68784  -49.489  -13.467  52.490 0.0000000000
146380  -32.420  -21.034  65.822 0.0000000000
61229  -32.757  -20.899  65.333 0.0000000000
60182  -32.888  -21.251  64.609 0.0000000000
150286  -29.312  -24.999  66.264 0.0000000000
57158  -30.192  -24.122  66.180 0.0000000000
58178  -30.770  -23.703  65.709 0.0000000000
58167  -31.045  -22.947  66.117 0.0000000000
148508  -31.553  -22.502  65.677 0.0000000000
66752  -38.653  -15.705  59.911 0.0000000000
66735  -39.273  -15.635  60.298 0.0000000000
65667  -39.338  -16.142  59.482 0.0000000000
65687  -39.970  -16.565  59.032 0.0000000000
64618  -41.936  -16.914  58.208 0.0000000000
143729  -42.413  -17.101  57.684 0.0000000000
64636  -43.121  -17.123  57.134 0.0000000000
63554  -44.109  -18.126  54.985 0.0000000000
146033  -46.562  -17.347  54.509 0.0000000000
72688  -46.920  -9.960  49.304 0.0000000000
71783  -47.389  -10.148  50.315 0.0000000000
134082  -47.570  -9.952  51.353 0.0000000000
72658  -48.183  -9.528  52.876 0.0000000000
72659  -48.559  -8.901  52.978 0.0000000000
73661  -48.723  -8.285  53.201 0.0000000000
72660  -48.929  -8.927  52.887 0.0000000000
130238  -49.501  -8.678  52.372 0.0000000000
128852  -50.080  -8.755  51.397 0.0000000000
71776  -50.671  -9.543  50.496 0.0000000000
75612  -49.631  -6.711  51.067 0.0000000000
77509  -47.915  -3.873  51.309 0.0000000000
78538  -48.397  -3.610  51.445 0.0000000000
77510  -49.002  -3.456  51.284 0.0000000000
79633  -48.453  -2.494  50.287 0.0000000000
79626  -49.063  -2.927  50.561 0.0000000000
61231  -37.561  -21.061  64.427 0.0000000000
62293  -36.175  -19.192  66.198 0.0000000000
140361  -36.536  -18.746  65.621 0.0000000000
149369  -37.583  -18.342  64.753 0.0000000000
64549  -38.408  -17.648  64.314 0.0000000000
66688  -38.634  -15.914  64.090 0.0000000000
66687  -37.733  -15.434  64.055 0.0000000000
66700  -38.375  -15.151  63.515 0.0000000000
66733  -37.514  -15.263  60.750 0.0000000000
61230  -33.190  -20.283  65.003 0.0000000000
141013  -34.418  -19.556  64.059 0.0000000000
150972  -34.743  -19.622  62.835 0.0000000000
130130  -34.874  -19.117  63.389 0.0000000000
63449  -35.147  -18.162  62.856 0.0000000000
65641  -35.106  -15.884  62.332 0.0000000000
66751  -37.868  -15.526  59.937 0.0000000000
129337  -11.089  -43.308  68.305 0.0000000000
37821  -11.891  -43.159  72.053 0.0000000000
39633  -15.753  -41.646  72.422 0.0000000000
38726  -16.874  -42.284  72.114 0.0000000000
38727  -17.797  -42.140  71.919 0.0000000000
40628  -22.299  -39.848  73.149 0.0000000000
40633  -23.158  -40.185  72.344 0.0000000000
41769  -25.958  -39.006  71.383 0.0000000000
44951  -24.088  -37.491  72.956 0.0000000000
46067  -24.300  -35.171  72.071 0.0000000000
44962  -24.339  -36.545  72.761 0.0000000000
43919  -24.895  -37.476  72.762 0.0000000000
43920  -25.668  -37.377  72.710 0.0000000000
49035  -27.052  -32.656  72.222 0.0000000000
49052  -28.228  -32.479  71.691 0.0000000000
53039  -25.865  -28.125  67.905 0.0000000000
129690  -25.955  -28.002  69.004 0.0000000000
55143  -26.341  -26.666  68.653 0.0000000000
130193  -26.117  -27.061  69.275 0.0000000000
54083  -25.994  -27.495  70.008 0.0000000000
54069  -26.330  -27.219  70.732 0.0000000000
55108  -26.550  -27.054  71.086 0.0000000000
54057  -26.705  -27.119  71.256 0.0000000000
57118  -28.035  -24.134  68.724 0.0000000000
57103  -27.404  -24.510  70.240 0.0000000000
58111  -28.522  -23.322  70.646 0.0000000000
58110  -27.934  -23.828  70.514 0.0000000000
57091  -27.055  -25.156  70.513 0.0000000000
57082  -27.123  -25.336  70.788 0.0000000000
129324  -26.872  -26.166  71.162 0.0000000000
54049  -27.982  -27.409  71.477 0.0000000000
54059  -29.576  -27.813  71.186 0.0000000000
55118  -29.404  -25.904  70.363 0.0000000000
55112  -29.772  -27.095  70.489 0.0000000000
58124  -32.306  -23.235  69.535 0.0000000000
58148  -33.441  -23.397  68.244 0.0000000000
57121  -33.018  -23.979  68.296 0.0000000000
56191  -35.338  -24.958  65.026 0.0000000000
57160  -35.575  -23.970  66.082 0.0000000000
56183  -35.390  -24.576  65.550 0.0000000000
152451  -38.684  -18.764  63.030 0.0000000000
132602  -40.841  -15.334  61.014 0.0000000000
66718  -42.304  -15.684  61.379 0.0000000000
66755  -42.882  -15.532  60.267 0.0000000000
65644  -42.940  -16.160  61.424 0.0000000000
64584  -43.276  -16.936  61.334 0.0000000000
63465  -43.433  -17.543  61.044 0.0000000000
62364  -43.470  -18.606  60.335 0.0000000000
65692  -45.457  -15.953  58.681 0.0000000000
152810  -45.589  -16.137  59.155 0.0000000000
65673  -45.568  -16.543  59.425 0.0000000000
63501  -45.770  -17.635  58.762 0.0000000000
63489  -44.248  -18.543  59.985 0.0000000000
62379  -43.595  -19.236  59.804 0.0000000000
64709  -46.408  -17.406  53.856 0.0000000000
70810  -46.989  -11.624  50.963 0.0000000000
69832  -46.664  -12.352  50.708 0.0000000000
68813  -46.355  -13.063  50.934 0.0000000000
68801  -45.797  -13.604  50.660 0.0000000000
65772  -46.565  -16.292  52.678 0.0000000000
64723  -47.563  -16.692  53.508 0.0000000000
63610  -49.358  -18.160  53.595 0.0000000000
63611  -49.777  -17.960  52.929 0.0000000000
63628  -48.548  -18.312  52.430 0.0000000000
52007  -26.427  -29.410  71.340 0.0000000000
52992  -26.949  -28.222  71.393 0.0000000000
54048  -27.163  -27.397  71.424 0.0000000000
55101  -26.929  -26.674  71.326 0.0000000000
55110  -27.256  -26.158  71.238 0.0000000000
56114  -26.840  -25.889  70.985 0.0000000000
56115  -27.136  -25.625  71.030 0.0000000000
56130  -26.796  -25.700  70.064 0.0000000000
56164  -28.192  -25.176  67.228 0.0000000000
57092  -27.565  -24.612  70.610 0.0000000000
62279  -34.917  -19.887  67.173 0.0000000000
63491  -45.436  -17.308  59.527 0.0000000000
64558  -39.052  -17.378  63.925 0.0000000000
64572  -41.183  -17.168  62.655 0.0000000000
65643  -42.321  -16.281  61.883 0.0000000000
66737  -42.466  -15.493  60.782 0.0000000000
68804  -50.404  -13.593  52.011 0.0000000000
70822  -50.525  -10.912  50.705 0.0000000000
71771  -50.352  -10.166  51.425 0.0000000000
75596  -49.559  -6.429  52.093 0.0000000000
75611  -47.689  -6.477  51.861 0.0000000000
76547  -48.539  -4.989  52.512 0.0000000000
130221  -26.111  -28.027  70.606 0.0000000000
130434  -50.680  -8.735  50.699 0.0000000000
145548  -34.539  -22.051  67.507 0.0000000000
147140  -26.451  -26.551  69.511 0.0000000000
147868  -41.624  -17.645  62.133 0.0000000000
150399  -35.823  -24.213  65.394 0.0000000000
152392  -31.706  -22.722  65.147 0.0000000000
153399  -36.249  -18.517  65.811 0.0000000000
153608  -42.630  -16.733  58.249 0.0000000000
