#!ascii label  , from subject sub-v1s10x0051086_ses-1 vox2ras=TkReg
1339
7944  -22.135  -70.739  -20.175 0.5000000000
7094  -21.238  -71.238  -19.820 0.6000000238
4874  -26.689  -74.385  -21.450 0.3000000119
7093  -20.339  -71.494  -19.398 0.5000000000
5613  -24.935  -73.181  -22.327 0.4000000060
4883  -25.284  -73.317  -22.508 0.4000000060
141417  -26.098  -73.616  -22.592 0.4000000060
4885  -26.389  -74.067  -22.088 0.3000000119
128692  -24.978  -73.123  -23.116 0.4000000060
7161  -20.420  -71.231  -23.570 0.5000000000
7146  -21.007  -71.134  -22.663 0.5000000000
7108  -21.300  -71.193  -20.730 0.5000000000
7160  -19.571  -71.454  -23.325 0.6000000238
7145  -20.145  -71.367  -21.951 0.5000000000
7124  -20.517  -71.438  -21.042 0.6000000238
4887  -28.620  -74.059  -21.941 0.3000000119
7106  -19.934  -71.523  -20.348 0.5000000000
6341  -24.704  -72.152  -22.426 0.5000000000
149904  -24.698  -71.905  -21.442 0.5000000000
4886  -27.742  -74.002  -22.202 0.3000000119
7123  -19.592  -71.538  -21.129 0.6000000238
7107  -20.691  -71.429  -20.313 0.5000000000
6355  -24.740  -72.078  -23.486 0.5000000000
134727  -24.801  -72.941  -23.085 0.4000000060
4891  -25.472  -73.266  -23.035 0.4000000060
5614  -26.815  -73.750  -22.513 0.3000000119
147477  -27.083  -74.264  -22.000 0.3000000119
6360  -24.892  -72.273  -24.427 0.4000000060
145767  -24.867  -72.921  -23.621 0.4000000060
129438  -25.560  -72.964  -23.767 0.4000000060
7175  -19.670  -71.909  -26.794 0.6999999881
129350  -19.984  -71.499  -25.620 0.6999999881
124691  -20.920  -71.200  -25.209 0.6999999881
136609  -22.047  -70.728  -21.217 0.5000000000
6378  -19.144  -72.427  -27.540 0.6999999881
6368  -18.759  -72.236  -26.633 0.6999999881
7169  -19.242  -71.631  -24.882 0.8000000119
127622  -19.686  -71.421  -24.036 0.5000000000
7159  -18.917  -71.690  -23.929 0.6999999881
7957  -22.932  -70.466  -20.827 0.5000000000
7168  -18.463  -72.083  -25.629 0.6999999881
7990  -23.667  -70.446  -22.260 0.4000000060
7991  -24.242  -70.716  -22.335 0.5000000000
5617  -29.300  -73.874  -22.088 0.3000000119
6354  -17.960  -72.110  -23.671 0.6000000238
128624  -24.101  -70.548  -22.887 0.5000000000
7147  -24.494  -71.017  -22.975 0.5000000000
5616  -28.434  -73.655  -22.235 0.3000000119
126353  -18.700  -71.718  -23.086 0.5000000000
7163  -24.534  -71.104  -24.088 0.5000000000
7179  -24.372  -71.322  -26.055 0.4000000060
7172  -24.536  -71.128  -25.100 0.4000000060
5638  -25.591  -72.704  -24.531 0.4000000060
5628  -26.104  -73.272  -23.237 0.4000000060
6369  -24.928  -72.087  -25.553 0.3000000119
5637  -25.364  -72.532  -24.870 0.4000000060
130402  -18.731  -71.350  -28.713 0.5000000000
7207  -19.129  -72.094  -28.578 0.6000000238
8045  -19.718  -71.494  -28.915 0.6000000238
6390  -19.573  -72.470  -28.061 0.6000000238
7186  -19.784  -72.316  -27.713 0.6000000238
8844  -17.269  -69.166  -28.469 0.5000000000
8043  -17.201  -70.311  -28.518 0.5000000000
136404  -17.928  -71.185  -28.599 0.6000000238
6400  -18.623  -72.456  -28.212 0.6000000238
6389  -18.863  -72.601  -27.966 0.6999999881
7162  -21.237  -70.964  -23.460 0.6000000238
4863  -31.805  -73.751  -20.557 0.3000000119
8842  -15.745  -69.605  -28.159 0.6999999881
8042  -16.298  -70.458  -28.384 0.6000000238
7204  -16.133  -71.556  -28.272 0.6000000238
6399  -17.797  -72.467  -28.191 0.6000000238
134110  -17.350  -72.640  -27.828 0.6999999881
6377  -18.240  -72.570  -27.381 0.6999999881
8008  -21.901  -70.706  -23.861 0.6000000238
7988  -21.909  -70.648  -23.033 0.6000000238
7977  -22.838  -70.430  -21.736 0.5000000000
9688  -15.858  -68.790  -28.050 0.6999999881
8041  -15.546  -70.568  -28.128 0.6000000238
7203  -15.271  -71.602  -27.990 0.6000000238
6398  -16.821  -72.380  -28.101 0.6000000238
132167  -16.866  -72.772  -27.312 0.6999999881
6366  -17.001  -72.752  -25.962 0.6999999881
8003  -23.506  -70.422  -23.125 0.5000000000
4888  -29.365  -74.031  -21.813 0.3000000119
9677  -15.768  -68.959  -27.736 0.6999999881
8834  -15.407  -69.781  -27.744 0.6000000238
8038  -14.905  -70.865  -27.731 0.6999999881
6386  -15.420  -72.697  -27.422 0.6000000238
5656  -15.953  -72.979  -27.057 0.6000000238
144381  -18.224  -72.029  -24.628 0.6999999881
8009  -22.721  -70.531  -24.300 0.5000000000
8010  -23.649  -70.507  -24.564 0.5000000000
7195  -14.444  -71.770  -27.640 0.6000000238
5654  -13.766  -73.040  -27.015 0.6000000238
6365  -16.320  -73.020  -25.546 0.6000000238
139823  -17.270  -72.511  -24.332 0.6000000238
8020  -22.864  -70.710  -25.344 0.5000000000
8037  -14.119  -71.241  -27.398 0.6999999881
7194  -13.512  -71.961  -27.396 0.6000000238
143921  -13.590  -72.824  -27.177 0.6000000238
5655  -14.845  -73.014  -26.853 0.6000000238
5651  -15.544  -73.136  -26.237 0.5000000000
5644  -15.817  -73.244  -25.490 0.5000000000
6353  -17.000  -72.712  -23.371 0.5000000000
143536  -17.725  -72.252  -22.656 0.5000000000
8021  -23.968  -70.728  -25.508 0.5000000000
127355  -25.939  -72.771  -27.326 0.3000000119
5652  -25.968  -72.790  -25.981 0.3000000119
5645  -25.709  -72.632  -25.278 0.3000000119
6371  -26.443  -72.562  -25.040 0.4000000060
5639  -25.993  -72.897  -24.256 0.4000000060
128468  -25.264  -72.540  -27.423 0.3000000119
6379  -24.897  -72.270  -26.641 0.3000000119
9703  -18.602  -68.042  -28.332 0.5000000000
8845  -18.314  -69.155  -28.531 0.5000000000
8847  -20.325  -69.346  -28.835 0.5000000000
136203  -19.974  -70.381  -29.042 0.5000000000
10632  -18.334  -67.420  -27.618 0.5000000000
10642  -17.722  -67.607  -28.053 0.5000000000
9702  -17.406  -68.158  -28.293 0.5000000000
137666  -19.047  -70.338  -28.736 0.5000000000
126935  -20.744  -72.069  -28.613 0.6000000238
7196  -20.357  -72.249  -28.124 0.6000000238
10631  -16.775  -67.803  -28.036 0.5000000000
7188  -20.990  -71.842  -27.556 0.6000000238
7177  -21.730  -71.156  -25.766 0.8000000119
4864  -33.370  -73.360  -19.756 0.3000000119
9679  -17.077  -67.856  -27.210 0.6000000238
9690  -16.628  -67.885  -27.792 0.6000000238
9701  -16.434  -68.322  -28.177 0.6000000238
126271  -21.793  -71.963  -27.816 0.4000000060
5601  -32.207  -73.280  -20.558 0.3000000119
9678  -16.258  -68.404  -27.372 0.6999999881
8019  -21.873  -70.787  -24.778 0.6000000238
4877  -30.570  -74.105  -21.468 0.3000000119
4889  -30.006  -74.050  -21.917 0.3000000119
8830  -15.667  -69.512  -26.668 0.6999999881
7189  -22.496  -71.620  -27.080 0.4000000060
6345  -29.938  -73.461  -22.068 0.3000000119
8829  -14.955  -70.057  -27.009 0.6000000238
8828  -14.677  -70.523  -27.358 0.6999999881
8032  -23.216  -71.156  -26.276 0.4000000060
5615  -27.530  -73.309  -22.526 0.3000000119
8018  -14.475  -70.279  -26.038 0.6000000238
129502  -12.841  -70.721  -26.690 0.6999999881
6384  -13.018  -72.660  -27.164 0.6000000238
5641  -13.328  -73.337  -26.135 0.5000000000
5642  -14.327  -73.382  -25.675 0.5000000000
5636  -16.361  -73.203  -23.988 0.6000000238
7190  -23.360  -71.687  -27.167 0.4000000060
8033  -23.916  -71.219  -26.380 0.4000000060
6405  -26.237  -72.207  -28.634 0.3000000119
6394  -26.644  -72.692  -27.679 0.3000000119
6395  -27.580  -72.444  -27.643 0.3000000119
127276  -27.117  -72.715  -26.976 0.3000000119
5646  -25.996  -72.756  -25.241 0.4000000060
5629  -26.861  -73.130  -23.078 0.3000000119
6374  -12.026  -72.542  -26.545 0.6000000238
5631  -12.758  -73.241  -25.716 0.5000000000
6358  -13.248  -73.235  -24.769 0.5000000000
5633  -14.838  -73.513  -24.656 0.5000000000
5624  -15.536  -73.648  -23.444 0.5000000000
5625  -15.880  -73.622  -23.330 0.6000000238
5612  -16.663  -73.136  -22.451 0.5000000000
7191  -24.144  -71.725  -27.009 0.3000000119
6393  -25.751  -72.620  -28.027 0.3000000119
6364  -11.933  -72.783  -26.192 0.5000000000
5622  -14.209  -73.380  -24.210 0.5000000000
5623  -15.036  -73.609  -23.701 0.5000000000
6352  -14.471  -73.358  -23.202 0.5000000000
11544  -19.633  -66.584  -27.240 0.5000000000
10633  -19.824  -66.903  -27.900 0.5000000000
9704  -19.771  -68.313  -28.494 0.5000000000
9705  -20.714  -68.507  -28.612 0.5000000000
8848  -21.226  -69.313  -29.029 0.5000000000
8858  -20.831  -70.249  -29.272 0.5000000000
10620  -18.192  -67.451  -27.021 0.5000000000
10643  -19.347  -67.450  -28.148 0.5000000000
8051  -21.302  -71.070  -29.375 0.4000000060
10619  -17.305  -67.673  -27.716 0.5000000000
8052  -22.126  -70.831  -29.442 0.4000000060
4849  -33.886  -73.520  -19.116 0.3000000119
125990  -33.667  -73.037  -20.244 0.3000000119
9680  -18.010  -68.293  -26.279 0.6000000238
7209  -21.443  -72.038  -28.724 0.4000000060
130125  -21.823  -72.073  -28.386 0.4000000060
8831  -17.208  -68.936  -26.260 0.6000000238
134945  -31.769  -73.656  -21.061 0.3000000119
5600  -31.148  -73.652  -21.438 0.3000000119
145922  -16.546  -69.465  -26.146 0.6000000238
7198  -22.583  -72.082  -28.065 0.4000000060
8819  -16.112  -69.870  -25.385 0.6000000238
7211  -23.148  -71.964  -28.746 0.4000000060
7199  -23.582  -72.134  -27.949 0.4000000060
6344  -29.102  -73.192  -22.203 0.3000000119
8818  -15.212  -70.116  -25.794 0.6999999881
7200  -24.484  -72.244  -27.668 0.3000000119
6404  -25.461  -72.235  -28.638 0.3000000119
10634  -20.591  -67.096  -27.946 0.5000000000
10644  -20.219  -67.578  -28.304 0.5000000000
10645  -21.125  -67.868  -28.363 0.5000000000
10646  -22.125  -68.213  -28.510 0.4000000060
11534  -19.045  -66.934  -27.072 0.5000000000
8849  -22.184  -69.094  -29.193 0.4000000060
8859  -21.698  -70.043  -29.416 0.4000000060
11535  -19.610  -66.355  -26.386 0.6000000238
8861  -23.390  -69.661  -29.565 0.4000000060
8053  -22.976  -70.579  -29.527 0.4000000060
6347  -32.366  -72.918  -21.144 0.3000000119
5581  -32.826  -73.092  -20.409 0.3000000119
8820  -17.020  -69.512  -25.335 0.6000000238
7218  -22.570  -71.565  -29.210 0.4000000060
7210  -22.181  -72.012  -28.742 0.4000000060
7219  -23.455  -71.300  -29.406 0.4000000060
6402  -23.948  -71.773  -29.124 0.4000000060
6391  -24.108  -72.105  -28.498 0.3000000119
7222  -26.053  -71.402  -29.196 0.3000000119
8817  -14.638  -69.967  -25.356 0.6000000238
11545  -20.165  -66.542  -27.429 0.5000000000
10622  -21.705  -67.108  -26.917 0.5000000000
10623  -22.595  -67.374  -26.517 0.4000000060
10636  -22.368  -67.697  -27.650 0.4000000060
11536  -20.014  -66.177  -26.742 0.5000000000
133258  -20.407  -66.314  -26.890 0.5000000000
9691  -23.053  -68.278  -28.415 0.4000000060
10621  -19.029  -67.037  -26.543 0.6000000238
12420  -20.004  -65.826  -25.726 0.6000000238
12432  -20.106  -65.871  -26.087 0.6000000238
9707  -23.000  -68.799  -29.110 0.4000000060
9670  -18.747  -67.693  -26.099 0.6000000238
11523  -19.718  -66.341  -25.421 0.6000000238
9716  -24.281  -69.157  -29.419 0.4000000060
137861  -24.093  -69.564  -29.587 0.4000000060
9669  -17.899  -69.040  -25.254 0.6000000238
137690  -23.808  -70.331  -29.646 0.4000000060
149232  -24.464  -70.105  -29.675 0.4000000060
7220  -24.413  -71.070  -29.581 0.4000000060
8863  -25.646  -69.809  -29.389 0.4000000060
5599  -30.642  -73.737  -22.015 0.3000000119
6328  -31.107  -72.706  -21.656 0.3000000119
8811  -17.339  -69.373  -24.570 0.6000000238
8055  -25.862  -70.623  -29.453 0.4000000060
6326  -28.824  -72.236  -21.908 0.3000000119
142845  -30.606  -72.994  -22.000 0.3000000119
8810  -16.631  -69.582  -24.525 0.6000000238
8808  -15.019  -69.596  -24.663 0.6000000238
8801  -16.229  -69.276  -23.697 0.6999999881
9649  -17.732  -68.906  -23.096 0.6999999881
8809  -15.848  -69.716  -24.551 0.6000000238
148262  -16.864  -68.999  -23.154 0.6999999881
131377  -16.934  -68.681  -22.435 0.6999999881
9647  -15.440  -68.559  -23.324 0.6000000238
142280  -18.707  -68.568  -22.596 0.6999999881
9622  -19.113  -68.360  -21.756 0.6000000238
9648  -16.198  -68.679  -22.844 0.6999999881
9621  -18.391  -68.522  -21.767 0.6999999881
11538  -21.969  -66.615  -26.097 0.5000000000
10607  -22.926  -66.901  -25.665 0.5000000000
12433  -20.463  -65.818  -26.125 0.5000000000
11524  -21.228  -65.653  -25.930 0.5000000000
11525  -22.335  -66.000  -25.534 0.5000000000
10608  -23.888  -67.043  -25.514 0.5000000000
10624  -23.502  -67.566  -26.223 0.4000000060
10637  -23.246  -67.883  -27.353 0.4000000060
12411  -20.111  -65.620  -25.105 0.6000000238
12421  -20.467  -65.332  -25.462 0.6000000238
131531  -20.879  -64.884  -25.491 0.6000000238
12422  -21.634  -64.862  -25.608 0.6000000238
9693  -24.792  -68.647  -27.694 0.4000000060
10599  -19.083  -68.002  -25.198 0.6000000238
13294  -20.896  -64.268  -25.168 0.6000000238
13295  -21.427  -63.782  -25.423 0.6000000238
9709  -24.473  -68.818  -28.916 0.4000000060
9660  -18.623  -68.648  -24.666 0.6000000238
10600  -19.551  -67.329  -24.860 0.6000000238
11515  -20.323  -65.607  -24.426 0.6000000238
13278  -20.914  -64.461  -24.431 0.6000000238
13288  -20.969  -63.884  -24.977 0.6000000238
8850  -25.018  -69.237  -29.308 0.4000000060
8836  -27.285  -69.635  -28.035 0.4000000060
9661  -19.312  -68.218  -24.313 0.6000000238
143214  -20.280  -67.093  -23.654 0.6000000238
12401  -20.716  -65.294  -23.835 0.6000000238
12402  -21.355  -64.765  -23.596 0.6000000238
13280  -22.458  -63.670  -23.853 0.6000000238
148611  -27.189  -70.017  -28.502 0.4000000060
9659  -17.939  -69.118  -24.132 0.6000000238
10592  -20.087  -67.709  -23.133 0.5000000000
11495  -20.559  -67.025  -22.979 0.6000000238
12388  -21.321  -65.604  -22.904 0.6000000238
12403  -22.025  -64.415  -23.491 0.6000000238
13281  -23.658  -63.862  -23.349 0.6999999881
8802  -17.125  -69.269  -23.830 0.6999999881
132254  -18.691  -68.734  -23.685 0.6000000238
12387  -20.846  -66.198  -22.952 0.6000000238
13264  -22.910  -64.586  -23.019 0.6000000238
134162  -24.702  -63.636  -23.113 0.6000000238
14167  -25.513  -63.265  -22.733 0.6000000238
12375  -21.890  -66.027  -22.099 0.6000000238
12390  -23.315  -65.266  -22.218 0.6000000238
13265  -23.725  -64.680  -22.573 0.6000000238
14166  -25.095  -63.909  -22.168 0.6000000238
9635  -19.630  -68.175  -22.464 0.6000000238
11482  -20.884  -66.938  -22.127 0.6000000238
11484  -22.229  -66.363  -21.249 0.5000000000
12376  -22.751  -65.840  -21.727 0.6000000238
13253  -24.763  -64.488  -21.619 0.6000000238
10572  -21.061  -67.104  -21.229 0.5000000000
9633  -16.193  -68.203  -22.116 0.6999999881
135001  -18.583  -68.443  -21.090 0.6999999881
128501  -19.386  -68.226  -20.966 0.5000000000
135560  -20.675  -67.503  -20.869 0.6000000238
11469  -21.689  -66.817  -20.802 0.5000000000
12359  -23.060  -66.174  -20.845 0.5000000000
10555  -21.153  -67.294  -20.431 0.6000000238
138783  -18.519  -61.673  -18.750 0.6000000238
14104  -18.162  -62.864  -17.817 0.6000000238
14120  -18.273  -62.549  -19.599 0.6000000238
11526  -23.333  -66.217  -25.305 0.5000000000
11527  -24.276  -66.290  -25.277 0.5000000000
9681  -24.101  -68.046  -27.036 0.5000000000
9682  -24.802  -68.150  -26.700 0.4000000060
15081  -22.080  -62.768  -25.546 0.5000000000
143263  -22.079  -63.859  -25.727 0.5000000000
14202  -23.114  -62.387  -26.030 0.5000000000
9683  -25.500  -68.412  -26.845 0.4000000060
140510  -26.250  -68.616  -26.916 0.4000000060
14201  -22.672  -62.344  -25.776 0.5000000000
149050  -23.334  -62.217  -26.000 0.5000000000
147440  -25.185  -68.996  -28.693 0.4000000060
9694  -25.789  -69.021  -27.768 0.4000000060
9696  -27.729  -69.041  -27.179 0.4000000060
14181  -22.990  -62.792  -24.416 0.5000000000
14194  -23.424  -62.263  -25.268 0.5000000000
15083  -23.011  -62.211  -25.948 0.5000000000
8835  -26.453  -69.410  -28.288 0.4000000060
14182  -24.057  -62.903  -24.128 0.6000000238
15084  -24.529  -62.611  -24.706 0.6000000238
144579  -24.980  -63.078  -23.704 0.6000000238
14183  -25.596  -62.850  -23.660 0.5000000000
15061  -26.590  -62.315  -22.555 0.4000000060
16063  -27.012  -62.018  -23.056 0.4000000060
15070  -27.198  -62.077  -23.785 0.4000000060
14155  -25.266  -63.907  -21.366 0.6000000238
138474  -25.551  -63.480  -21.871 0.6000000238
15046  -26.106  -62.884  -21.972 0.5000000000
16056  -27.174  -61.581  -22.379 0.4000000060
16064  -27.620  -61.319  -23.163 0.4000000060
17002  -28.024  -60.275  -22.949 0.4000000060
9632  -15.460  -67.832  -22.652 0.6999999881
12378  -24.464  -65.063  -21.063 0.6000000238
125927  -25.655  -63.267  -21.247 0.5000000000
16057  -27.593  -60.807  -22.399 0.4000000060
9607  -18.839  -68.421  -20.271 0.6000000238
11470  -22.475  -66.616  -20.379 0.5000000000
12360  -23.714  -65.984  -20.432 0.5000000000
14139  -25.318  -63.672  -20.651 0.5000000000
15028  -26.090  -62.565  -21.005 0.5000000000
16050  -27.305  -60.887  -21.660 0.4000000060
16994  -27.611  -60.114  -21.961 0.4000000060
10554  -20.520  -67.696  -20.238 0.6000000238
12348  -24.419  -65.422  -19.727 0.5000000000
15992  -18.135  -61.668  -16.810 0.6999999881
14991  -18.119  -62.450  -16.618 0.6000000238
14975  -17.524  -62.366  -15.068 0.6999999881
14094  -18.114  -62.832  -17.166 0.6000000238
14966  -16.913  -62.720  -14.080 0.6000000238
14103  -17.602  -63.597  -17.953 0.6000000238
126667  -17.376  -63.718  -15.711 0.6000000238
14055  -16.999  -63.535  -13.865 0.6000000238
14033  -17.895  -63.461  -12.659 0.6000000238
150243  -18.773  -63.334  -12.393 0.6000000238
146857  -17.946  -63.100  -19.256 0.5000000000
125896  -17.308  -64.058  -17.078 0.6000000238
13173  -17.194  -64.375  -15.304 0.6000000238
13129  -17.531  -64.258  -13.769 0.6000000238
14044  -17.913  -64.012  -13.109 0.6000000238
10609  -24.812  -67.114  -25.533 0.5000000000
13222  -17.429  -63.637  -18.874 0.5000000000
146779  -17.144  -64.181  -17.622 0.5000000000
12248  -18.130  -65.019  -14.025 0.5000000000
13130  -18.488  -64.554  -13.414 0.5000000000
134073  -22.691  -65.182  -25.475 0.4000000060
12423  -23.675  -65.348  -25.330 0.5000000000
10610  -25.719  -67.211  -25.690 0.5000000000
10627  -26.180  -67.951  -26.232 0.4000000060
13203  -16.751  -64.886  -17.300 0.5000000000
13189  -16.888  -64.915  -16.427 0.5000000000
12271  -17.959  -65.636  -14.659 0.5000000000
12249  -19.056  -65.147  -13.759 0.5000000000
12424  -23.961  -64.234  -25.784 0.5000000000
148434  -26.836  -67.816  -26.241 0.4000000060
10629  -28.461  -67.528  -26.764 0.4000000060
132680  -16.613  -64.462  -18.781 0.5000000000
12325  -16.658  -65.730  -16.591 0.5000000000
12294  -17.504  -65.965  -15.252 0.6000000238
11386  -18.955  -66.097  -14.646 0.6000000238
9684  -28.083  -68.323  -26.709 0.4000000060
11429  -16.177  -66.820  -17.569 0.6000000238
11415  -17.167  -66.985  -16.310 0.6000000238
11385  -18.234  -66.537  -15.255 0.6999999881
15093  -23.669  -62.245  -25.835 0.4000000060
135554  -24.604  -62.581  -25.349 0.5000000000
12374  -15.032  -65.440  -21.274 0.6000000238
15085  -25.512  -62.773  -24.497 0.5000000000
15087  -27.593  -62.227  -24.749 0.4000000060
11481  -15.001  -66.142  -21.653 0.6000000238
10568  -15.461  -66.994  -21.248 0.6000000238
9604  -16.531  -68.104  -20.833 0.6000000238
17008  -28.189  -60.837  -23.831 0.4000000060
9587  -18.201  -68.499  -19.562 0.6000000238
9619  -16.896  -68.418  -21.543 0.6999999881
10535  -21.092  -67.507  -19.515 0.6000000238
127003  -21.967  -67.204  -18.984 0.6000000238
11453  -22.740  -66.782  -19.417 0.5000000000
11454  -23.483  -66.450  -19.348 0.5000000000
14976  -18.075  -61.972  -15.930 0.6999999881
15918  -16.777  -61.899  -12.700 0.6000000238
14938  -17.081  -62.746  -12.661 0.6000000238
14926  -18.589  -62.145  -11.719 0.6000000238
14939  -18.095  -62.794  -12.177 0.6000000238
14927  -19.734  -62.294  -11.683 0.6999999881
14940  -20.177  -62.933  -12.102 0.6000000238
13121  -20.047  -64.074  -12.823 0.6000000238
12434  -25.184  -64.786  -26.630 0.5000000000
12425  -25.113  -65.403  -25.678 0.5000000000
11528  -25.217  -66.296  -25.502 0.5000000000
11529  -26.131  -66.573  -25.737 0.5000000000
13131  -19.544  -64.598  -13.293 0.6000000238
14035  -21.228  -63.527  -12.667 0.5000000000
12426  -25.770  -65.723  -25.821 0.5000000000
10611  -26.611  -67.267  -25.926 0.5000000000
11541  -28.006  -66.687  -26.583 0.4000000060
11387  -19.986  -66.183  -14.714 0.6000000238
12273  -19.567  -65.646  -14.218 0.6000000238
127224  -21.675  -63.863  -13.100 0.5000000000
13298  -24.422  -63.367  -26.304 0.5000000000
12358  -15.262  -65.390  -20.432 0.6000000238
11441  -15.494  -66.162  -18.964 0.4000000060
11442  -15.797  -66.671  -18.360 0.6000000238
10473  -18.877  -67.191  -15.785 0.6000000238
11401  -19.400  -66.678  -15.199 0.6000000238
12251  -20.955  -65.094  -13.858 0.6000000238
14203  -24.222  -62.580  -25.958 0.4000000060
14212  -25.011  -63.629  -27.483 0.4000000060
10531  -15.473  -66.617  -19.513 0.5000000000
10518  -16.218  -67.474  -18.363 0.5000000000
10502  -16.652  -67.581  -17.645 0.6000000238
10488  -17.612  -67.495  -16.694 0.6999999881
10489  -18.487  -67.541  -16.518 0.6000000238
10474  -19.910  -67.123  -15.783 0.6000000238
11388  -20.932  -66.201  -14.805 0.6000000238
15095  -26.575  -62.832  -25.573 0.5000000000
10551  -15.453  -66.755  -20.258 0.6000000238
10519  -16.961  -68.134  -18.137 0.6000000238
10504  -18.170  -67.907  -17.233 0.6000000238
10491  -20.493  -67.275  -16.422 0.6000000238
11403  -21.261  -66.579  -15.481 0.6000000238
12295  -21.797  -66.070  -15.036 0.6000000238
15086  -26.496  -62.630  -24.530 0.4000000060
10532  -15.778  -67.284  -19.718 0.5000000000
9575  -16.700  -68.161  -18.985 0.6000000238
10520  -18.866  -68.177  -17.879 0.6000000238
10507  -21.008  -67.345  -17.096 0.6000000238
10492  -21.438  -66.948  -16.339 0.6000000238
10552  -15.943  -67.549  -20.578 0.6000000238
9586  -17.302  -68.448  -19.719 0.6000000238
9576  -17.530  -68.433  -18.810 0.6000000238
10521  -19.761  -67.954  -18.328 0.6000000238
128258  -20.538  -67.587  -17.884 0.6000000238
10522  -20.477  -67.770  -18.857 0.6000000238
9588  -19.057  -68.371  -19.415 0.6000000238
149945  -23.292  -66.611  -18.808 0.5000000000
11445  -23.879  -66.273  -18.821 0.5000000000
150306  -17.753  -61.111  -15.504 0.6999999881
139564  -17.352  -61.763  -14.479 0.6999999881
17862  -17.564  -60.391  -15.141 0.6999999881
16875  -17.765  -60.201  -14.407 0.6999999881
16881  -17.478  -60.984  -14.166 0.6999999881
128849  -16.848  -61.070  -13.069 0.6999999881
15898  -18.054  -61.211  -11.551 0.6000000238
15899  -19.267  -61.504  -11.422 0.6000000238
135136  -20.707  -61.022  -11.328 0.5000000000
15901  -21.269  -61.601  -11.638 0.5000000000
14928  -20.701  -62.357  -11.825 0.5000000000
14942  -21.552  -62.382  -12.135 0.5000000000
12435  -25.782  -65.094  -26.931 0.4000000060
138965  -26.679  -65.358  -26.924 0.5000000000
137462  -28.064  -65.287  -27.860 0.5000000000
12437  -28.146  -65.869  -27.160 0.5000000000
12442  -28.774  -65.714  -27.779 0.4000000060
13305  -24.878  -63.905  -27.354 0.4000000060
12440  -25.850  -64.780  -27.973 0.4000000060
13134  -22.168  -64.328  -13.634 0.6000000238
12275  -21.385  -65.588  -14.430 0.6000000238
13151  -22.586  -64.747  -14.284 0.6000000238
12296  -22.642  -65.848  -15.359 0.6000000238
12276  -22.236  -65.434  -14.647 0.6000000238
11430  -21.835  -67.103  -17.226 0.6000000238
11418  -22.430  -66.680  -16.649 0.6000000238
13175  -23.693  -64.711  -15.406 0.6000000238
10523  -21.245  -67.449  -18.528 0.6000000238
12313  -23.023  -66.207  -16.122 0.5000000000
11443  -21.986  -67.186  -18.081 0.6000000238
11431  -22.646  -66.818  -17.559 0.5000000000
11432  -23.471  -66.463  -18.020 0.5000000000
17861  -16.799  -60.051  -15.418 0.6999999881
17856  -17.748  -59.898  -14.546 0.6999999881
17844  -17.654  -59.534  -13.282 0.6999999881
16868  -17.179  -60.281  -12.632 0.6999999881
17821  -17.752  -59.497  -11.683 0.6000000238
149207  -17.584  -60.693  -11.721 0.6999999881
138694  -18.989  -60.654  -11.194 0.4000000060
17853  -16.082  -59.450  -15.040 0.6999999881
17855  -17.640  -59.573  -14.776 0.6999999881
18759  -18.362  -58.776  -13.932 0.6000000238
18748  -17.651  -58.841  -12.119 0.6000000238
16856  -20.543  -60.336  -11.062 0.5000000000
18768  -14.866  -58.930  -14.854 0.6999999881
138371  -16.419  -58.845  -14.724 0.6999999881
17824  -21.041  -59.869  -10.960 0.5000000000
140298  -14.934  -58.540  -14.149 0.6999999881
16857  -21.383  -60.549  -11.336 0.5000000000
19711  -15.029  -57.786  -13.038 0.6000000238
19698  -14.548  -57.435  -12.447 0.6000000238
19683  -14.003  -57.263  -11.823 0.6000000238
21673  -13.798  -55.947  -10.918 0.5000000000
143081  -14.772  -54.594  -11.650 0.5000000000
13312  -27.525  -64.691  -28.309 0.4000000060
12445  -28.466  -65.034  -28.371 0.4000000060
13190  -24.056  -65.005  -16.188 0.6000000238
17811  -18.409  -58.885  -10.991 0.5000000000
17823  -18.901  -59.831  -10.953 0.5000000000
18771  -17.836  -58.693  -14.621 0.6000000238
19714  -18.517  -57.930  -13.919 0.6000000238
18749  -17.984  -58.207  -12.978 0.6000000238
19684  -18.158  -57.926  -11.372 0.6000000238
132519  -19.703  -58.907  -10.533 0.5000000000
146046  -19.497  -59.497  -10.714 0.5000000000
17814  -21.123  -59.201  -10.775 0.5000000000
18757  -16.104  -58.274  -14.212 0.6999999881
18770  -17.101  -58.311  -14.804 0.6000000238
19725  -18.332  -58.124  -14.256 0.6000000238
148297  -18.239  -57.503  -13.105 0.6000000238
20684  -18.218  -56.762  -12.491 0.6000000238
18741  -21.905  -58.899  -10.929 0.5000000000
19712  -15.658  -57.667  -13.464 0.6999999881
19713  -16.444  -57.657  -14.244 0.6000000238
19731  -17.729  -56.810  -15.100 0.6000000238
137156  -18.462  -56.656  -14.432 0.6000000238
21696  -18.478  -55.677  -13.795 0.6000000238
19699  -15.281  -57.158  -12.676 0.6000000238
20710  -16.603  -56.808  -14.530 0.6000000238
20723  -17.102  -56.425  -15.279 0.6000000238
20725  -18.255  -56.220  -15.225 0.6000000238
20683  -15.459  -56.307  -12.394 0.6000000238
21694  -15.956  -55.777  -12.900 0.6000000238
21704  -16.594  -55.850  -14.916 0.6000000238
21717  -17.907  -55.632  -15.792 0.6000000238
20668  -15.145  -55.924  -11.787 0.5000000000
21675  -15.058  -55.250  -11.586 0.5000000000
22666  -15.759  -54.844  -12.738 0.5000000000
22667  -16.107  -55.072  -13.886 0.6000000238
143967  -16.976  -54.917  -16.054 0.6000000238
142837  -28.994  -64.645  -28.707 0.4000000060
22635  -12.519  -54.644  -11.067 0.5000000000
23553  -15.380  -54.022  -12.778 0.5000000000
23574  -16.089  -53.982  -14.161 0.6000000238
22675  -16.561  -54.754  -15.176 0.6000000238
23551  -13.599  -53.474  -12.052 0.5000000000
24526  -14.038  -52.999  -12.682 0.5000000000
133228  -14.645  -53.837  -12.195 0.4000000060
23562  -15.555  -53.532  -13.531 0.5000000000
128035  -16.293  -53.600  -15.158 0.6000000238
19666  -18.651  -57.639  -10.791 0.6000000238
19668  -20.447  -57.409  -10.453 0.5000000000
140422  -20.473  -58.838  -10.571 0.5000000000
20650  -18.872  -56.783  -10.740 0.6000000238
20651  -19.798  -56.536  -10.480 0.5000000000
18736  -22.249  -58.008  -10.819 0.5000000000
143993  -18.394  -55.665  -12.438 0.6999999881
21677  -19.225  -55.252  -10.897 0.6999999881
21705  -18.639  -55.681  -14.978 0.6000000238
127940  -18.550  -54.817  -13.011 0.6999999881
21718  -18.464  -55.381  -15.643 0.6000000238
125115  -18.660  -54.809  -14.136 0.6999999881
21730  -18.134  -55.161  -16.100 0.6000000238
22676  -18.893  -54.710  -15.324 0.6999999881
22694  -17.985  -54.642  -16.470 0.6000000238
23584  -19.067  -54.061  -15.887 0.6999999881
23549  -11.718  -53.077  -12.061 0.5000000000
24525  -13.108  -52.737  -12.550 0.5000000000
23573  -15.799  -53.059  -14.295 0.4000000060
23595  -17.681  -53.820  -16.912 0.6000000238
24524  -12.159  -52.568  -12.559 0.5000000000
24542  -14.322  -52.501  -13.332 0.4000000060
142725  -15.815  -52.591  -15.392 0.5000000000
19669  -21.446  -57.351  -10.569 0.5000000000
20652  -20.796  -56.629  -10.491 0.5000000000
21660  -19.081  -55.920  -10.769 0.6000000238
22621  -20.512  -54.881  -10.716 0.5000000000
22622  -21.430  -55.027  -10.637 0.5000000000
22657  -18.685  -54.760  -11.976 0.6999999881
22658  -18.914  -54.110  -12.578 0.6999999881
23575  -18.989  -54.043  -14.276 0.6000000238
129301  -18.328  -53.432  -16.864 0.6999999881
23576  -19.500  -53.324  -14.480 0.6000000238
23583  -16.369  -53.251  -16.191 0.6000000238
24579  -17.718  -53.049  -17.288 0.6000000238
25481  -13.579  -51.714  -13.604 0.5000000000
25496  -15.272  -51.849  -15.222 0.4000000060
24569  -15.986  -52.508  -16.528 0.6000000238
26409  -14.212  -50.732  -14.620 0.4000000060
25495  -14.768  -51.541  -14.592 0.4000000060
25506  -15.449  -51.758  -16.394 0.5000000000
24577  -15.909  -52.029  -17.510 0.5000000000
22638  -19.660  -54.739  -10.944 0.6000000238
140709  -21.034  -54.352  -10.804 0.5000000000
143765  -19.987  -53.585  -11.740 0.6000000238
137167  -21.236  -53.692  -11.074 0.5000000000
23565  -19.879  -53.052  -12.933 0.6000000238
24544  -19.963  -52.829  -13.766 0.6000000238
24545  -20.620  -52.450  -13.040 0.5000000000
24558  -19.951  -52.527  -14.705 0.6000000238
24581  -19.060  -52.273  -16.294 0.6999999881
24570  -19.541  -52.512  -15.595 0.5000000000
24590  -17.164  -52.533  -17.626 0.6000000238
24589  -16.509  -52.113  -17.864 0.5000000000
25505  -14.990  -51.156  -15.431 0.4000000060
24588  -15.944  -51.487  -18.235 0.5000000000
27276  -11.761  -48.582  -11.089 0.4000000060
27277  -12.459  -49.316  -11.567 0.3000000119
28187  -12.243  -47.927  -11.587 0.4000000060
24507  -21.565  -52.857  -11.500 0.5000000000
29149  -11.333  -45.559  -11.740 0.3000000119
29150  -12.045  -46.212  -11.709 0.4000000060
127993  -20.457  -52.258  -13.967 0.5000000000
24527  -21.370  -52.198  -12.348 0.5000000000
29180  -10.986  -46.125  -12.867 0.3000000119
30136  -11.808  -45.325  -12.131 0.4000000060
24559  -20.513  -51.706  -14.359 0.5000000000
28218  -11.237  -47.522  -13.456 0.3000000119
25508  -19.437  -51.786  -15.683 0.6000000238
25516  -17.542  -51.456  -17.462 0.6999999881
25507  -18.898  -51.403  -16.065 0.6000000238
130054  -15.511  -51.118  -17.775 0.5000000000
26439  -16.673  -50.902  -18.166 0.5000000000
26438  -16.035  -50.369  -18.672 0.4000000060
26429  -17.292  -50.503  -17.316 0.4000000060
26349  -13.298  -50.950  -10.699 0.3000000119
26364  -12.791  -50.247  -11.222 0.3000000119
27296  -13.565  -49.252  -12.684 0.3000000119
28204  -13.107  -47.948  -12.710 0.3000000119
29168  -12.927  -46.915  -12.978 0.4000000060
24546  -21.252  -51.754  -13.134 0.5000000000
30148  -11.693  -45.301  -12.679 0.4000000060
30149  -12.266  -45.652  -12.848 0.4000000060
127078  -20.847  -51.890  -13.695 0.5000000000
29195  -12.303  -46.625  -14.113 0.4000000060
30180  -12.493  -45.837  -13.845 0.4000000060
135760  -20.099  -51.175  -14.725 0.5000000000
25482  -21.059  -51.196  -13.686 0.5000000000
29196  -12.781  -47.384  -14.675 0.4000000060
26421  -19.462  -51.012  -15.279 0.5000000000
26430  -18.123  -50.998  -16.585 0.5000000000
26420  -18.593  -50.541  -15.692 0.5000000000
27338  -14.668  -49.472  -15.556 0.3000000119
27350  -15.585  -49.236  -17.370 0.4000000060
27351  -16.383  -49.155  -17.688 0.4000000060
27341  -18.213  -49.680  -15.361 0.4000000060
25434  -13.862  -51.652  -10.242 0.3000000119
26382  -13.184  -50.030  -12.132 0.3000000119
27312  -13.956  -48.654  -13.210 0.4000000060
28219  -13.555  -47.716  -13.194 0.4000000060
24509  -23.782  -52.613  -11.060 0.4000000060
29182  -13.356  -46.686  -13.457 0.4000000060
25450  -23.015  -51.901  -11.398 0.4000000060
30162  -12.155  -45.712  -13.346 0.4000000060
30163  -12.662  -45.856  -13.741 0.4000000060
25468  -21.803  -51.551  -12.530 0.4000000060
31095  -13.554  -45.435  -14.605 0.4000000060
26411  -20.496  -50.796  -14.217 0.5000000000
133894  -12.717  -46.311  -14.394 0.4000000060
135299  -14.378  -47.708  -15.550 0.3000000119
26410  -19.760  -50.416  -14.547 0.5000000000
29236  -16.053  -48.135  -17.099 0.3000000119
26350  -14.231  -51.308  -11.110 0.3000000119
26384  -14.992  -50.392  -12.381 0.3000000119
27297  -14.487  -49.534  -12.895 0.3000000119
28221  -15.051  -48.080  -13.624 0.4000000060
29184  -15.093  -47.092  -13.752 0.4000000060
138479  -15.309  -45.384  -14.000 0.3000000119
30164  -13.800  -45.883  -13.925 0.4000000060
139021  -24.556  -52.144  -11.137 0.4000000060
25454  -26.640  -51.349  -11.376 0.4000000060
132699  -14.225  -45.102  -14.341 0.4000000060
26370  -23.159  -51.084  -11.670 0.4000000060
26399  -21.478  -50.564  -13.203 0.4000000060
26398  -20.866  -50.281  -13.622 0.4000000060
29209  -13.363  -46.777  -15.051 0.3000000119
30198  -14.039  -45.664  -15.204 0.3000000119
29211  -15.306  -47.421  -16.095 0.3000000119
27340  -17.507  -49.204  -15.977 0.4000000060
25448  -15.130  -51.639  -11.011 0.3000000119
27298  -15.387  -49.603  -12.859 0.4000000060
28222  -15.811  -47.938  -13.415 0.4000000060
25455  -27.344  -51.270  -11.691 0.4000000060
26373  -26.237  -50.830  -11.151 0.4000000060
31945  -14.713  -44.057  -14.701 0.4000000060
149798  -23.718  -50.712  -11.447 0.4000000060
31079  -14.115  -45.106  -14.593 0.4000000060
27302  -22.449  -50.096  -12.407 0.4000000060
26388  -23.126  -50.305  -11.840 0.4000000060
31976  -14.615  -44.039  -15.183 0.3000000119
136302  -21.875  -50.101  -12.829 0.4000000060
134816  -15.605  -45.626  -15.940 0.3000000119
27315  -20.560  -49.490  -13.469 0.5000000000
30199  -15.197  -46.346  -15.799 0.3000000119
137663  -16.079  -45.786  -16.240 0.3000000119
27314  -19.866  -48.912  -13.646 0.5000000000
29224  -16.858  -47.637  -16.343 0.3000000119
28235  -18.353  -48.508  -14.668 0.4000000060
28261  -16.054  -49.013  -17.822 0.4000000060
26367  -15.713  -50.845  -11.866 0.3000000119
31946  -15.821  -44.274  -14.122 0.3000000119
32802  -15.591  -43.451  -14.352 0.3000000119
26374  -26.976  -50.520  -11.283 0.4000000060
32820  -14.665  -43.763  -15.012 0.3000000119
26372  -25.422  -50.620  -11.008 0.4000000060
27283  -26.213  -50.162  -10.976 0.3000000119
33726  -15.467  -41.854  -16.115 0.3000000119
27303  -22.895  -49.376  -11.984 0.4000000060
27282  -24.731  -49.886  -10.947 0.4000000060
123111  -15.225  -42.990  -16.430 0.3000000119
31998  -16.000  -44.453  -16.046 0.3000000119
28223  -20.702  -48.741  -13.136 0.4000000060
30211  -16.243  -46.546  -16.376 0.3000000119
30200  -17.102  -46.134  -15.744 0.3000000119
139901  -17.397  -47.612  -15.555 0.3000000119
29198  -18.419  -47.791  -14.502 0.3000000119
32821  -15.061  -43.335  -14.817 0.3000000119
34567  -15.476  -41.714  -14.896 0.3000000119
34566  -15.348  -41.831  -15.139 0.3000000119
131495  -25.520  -49.830  -10.834 0.3000000119
124938  -24.213  -49.158  -11.007 0.4000000060
27263  -25.072  -49.106  -10.694 0.4000000060
123113  -16.164  -43.029  -15.991 0.3000000119
27301  -22.055  -49.398  -12.582 0.4000000060
28191  -23.553  -49.061  -11.421 0.4000000060
31113  -16.262  -45.199  -16.089 0.3000000119
31098  -16.959  -45.239  -15.719 0.3000000119
138195  -20.175  -48.001  -13.324 0.3000000119
30183  -18.528  -46.780  -14.396 0.3000000119
34597  -15.451  -40.978  -16.287 0.3000000119
32840  -16.653  -43.767  -15.745 0.3000000119
28190  -23.073  -48.452  -11.733 0.3000000119
140309  -24.234  -47.893  -10.814 0.3000000119
31978  -17.171  -44.323  -15.516 0.3000000119
28208  -20.950  -47.782  -12.791 0.3000000119
30182  -17.671  -46.398  -14.985 0.3000000119
29186  -19.720  -47.349  -13.569 0.3000000119
34584  -16.368  -41.464  -15.715 0.3000000119
35565  -17.041  -40.079  -15.215 0.3000000119
32841  -17.389  -43.576  -15.357 0.3000000119
29154  -22.546  -47.755  -12.083 0.3000000119
34569  -17.341  -41.964  -15.319 0.3000000119
34570  -18.188  -41.479  -14.697 0.3000000119
28253  -16.868  -48.617  -16.778 0.4000000060
149711  -15.838  -47.681  -16.798 0.3000000119
30212  -16.709  -46.750  -16.205 0.3000000119
7171  -21.084  -71.055  -24.216 0.6000000238
7976  -21.943  -70.684  -22.154 0.5000000000
7125  -21.181  -71.184  -21.637 0.5000000000
128618  -24.486  -71.104  -21.827 0.5000000000
143190  -19.204  -71.841  -25.912 0.6999999881
7176  -20.734  -71.525  -26.456 0.6999999881
6367  -17.874  -72.491  -26.367 0.6999999881
7979  -24.243  -70.765  -21.093 0.4000000060
138656  -17.563  -72.426  -25.329 0.6999999881
8004  -24.106  -70.588  -23.728 0.5000000000
6343  -28.162  -72.748  -22.321 0.3000000119
8011  -24.224  -70.707  -24.613 0.5000000000
144781  -20.416  -71.887  -28.930 0.6000000238
7208  -19.920  -72.159  -28.502 0.6000000238
8046  -20.536  -71.244  -29.213 0.5000000000
8843  -16.335  -69.300  -28.348 0.6000000238
145846  -17.609  -72.669  -27.564 0.6999999881
4878  -31.238  -74.031  -20.810 0.3000000119
6397  -15.829  -72.340  -27.961 0.6000000238
6387  -16.428  -72.664  -27.629 0.6000000238
6376  -17.339  -72.725  -26.896 0.6999999881
8002  -22.680  -70.479  -23.455 0.6000000238
7989  -22.751  -70.434  -22.621 0.5000000000
6375  -16.394  -72.953  -26.401 0.6000000238
6359  -16.689  -72.829  -24.996 0.6999999881
5648  -13.100  -73.166  -26.805 0.5000000000
5635  -16.030  -73.341  -24.778 0.5000000000
8030  -12.048  -71.393  -26.759 0.6000000238
137331  -15.406  -73.603  -24.039 0.5000000000
136155  -26.595  -72.625  -26.067 0.3000000119
139632  -21.667  -71.523  -26.837 0.5000000000
6342  -27.399  -72.227  -22.767 0.3000000119
9714  -23.021  -69.234  -29.400 0.4000000060
6329  -31.765  -72.620  -21.295 0.3000000119
11514  -20.033  -66.514  -24.471 0.6000000238
9650  -19.457  -68.268  -23.377 0.6000000238
10571  -20.501  -67.554  -21.513 0.6000000238
12412  -20.535  -64.799  -24.861 0.6000000238
13297  -23.023  -63.780  -25.860 0.5000000000
13279  -21.482  -63.821  -24.389 0.6000000238
14180  -22.014  -62.847  -24.757 0.5000000000
12389  -22.203  -65.241  -22.703 0.6000000238
131143  -15.692  -67.559  -21.929 0.6000000238
9606  -17.965  -68.525  -20.434 0.6999999881
130792  -17.828  -63.331  -17.341 0.6000000238
133559  -24.509  -65.452  -25.423 0.4000000060
14211  -24.710  -63.332  -26.483 0.4000000060
129521  -27.834  -61.551  -23.995 0.4000000060
13241  -24.971  -64.402  -20.799 0.4000000060
11494  -15.212  -66.919  -22.188 0.6000000238
14990  -17.716  -62.887  -15.784 0.6000000238
136325  -17.308  -65.152  -15.092 0.6000000238
12436  -27.408  -65.949  -26.620 0.5000000000
12324  -16.288  -65.871  -17.338 0.5000000000
12250  -20.054  -65.153  -13.757 0.6000000238
12346  -15.898  -65.326  -18.793 0.4000000060
145490  -19.194  -68.264  -18.681 0.5000000000
14204  -25.449  -63.163  -26.710 0.5000000000
10506  -20.250  -67.513  -17.077 0.6000000238
9564  -17.840  -68.288  -17.968 0.5000000000
19709  -13.022  -57.621  -13.396 0.6000000238
22655  -14.017  -54.272  -11.562 0.5000000000
19700  -17.957  -57.574  -12.111 0.5000000000
19732  -18.217  -57.183  -14.629 0.6000000238
126361  -18.472  -57.475  -14.227 0.6000000238
137718  -18.458  -56.223  -11.414 0.6000000238
20695  -15.985  -56.836  -13.317 0.6000000238
23550  -12.618  -53.268  -12.041 0.5000000000
148113  -20.357  -56.125  -10.492 0.5000000000
23585  -19.413  -53.274  -15.406 0.6000000238
24556  -14.598  -51.980  -13.926 0.5000000000
25517  -18.372  -51.885  -16.847 0.6000000238
28186  -11.476  -47.092  -11.221 0.3000000119
23555  -20.249  -53.093  -12.267 0.5000000000
26428  -15.157  -49.949  -16.562 0.3000000119
24528  -22.112  -52.074  -11.741 0.4000000060
27362  -15.938  -49.614  -18.288 0.4000000060
28251  -15.618  -48.278  -16.871 0.3000000119
27327  -18.620  -49.209  -14.709 0.5000000000
25452  -24.940  -51.449  -11.097 0.4000000060
26366  -15.045  -51.125  -11.648 0.3000000119
31097  -15.082  -44.751  -15.512 0.3000000119
27316  -21.295  -49.613  -13.081 0.4000000060
28234  -17.793  -48.074  -14.985 0.3000000119
123112  -15.080  -42.653  -16.957 0.3000000119
28236  -19.036  -48.514  -14.209 0.4000000060
27278  -16.810  -50.020  -11.981 0.3000000119
34596  -15.095  -41.691  -17.071 0.3000000119
28209  -21.494  -48.653  -12.696 0.4000000060
33727  -16.430  -42.473  -15.780 0.3000000119
134764  -14.077  -70.079  -21.266 0.5000000000
7142  -14.027  -71.929  -22.290 0.5000000000
9618  -13.247  -68.466  -21.091 0.5000000000
8790  -13.459  -69.827  -22.047 0.5000000000
7974  -13.764  -70.868  -22.120 0.5000000000
6339  -13.820  -72.573  -23.038 0.5000000000
9631  -12.525  -68.187  -22.107 0.4000000060
8789  -12.779  -69.642  -22.728 0.5000000000
7987  -13.154  -70.570  -22.812 0.5000000000
6351  -13.663  -73.034  -23.872 0.4000000060
9645  -12.344  -68.789  -22.719 0.5000000000
8000  -12.469  -70.352  -23.518 0.5000000000
8800  -12.045  -69.508  -23.447 0.5000000000
144802  -11.653  -70.214  -24.199 0.5000000000
8007  -12.033  -71.052  -24.427 0.5000000000
7167  -11.671  -72.487  -25.805 0.4000000060
9644  -11.427  -68.664  -23.478 0.5000000000
8006  -11.148  -70.790  -25.154 0.5000000000
7166  -11.357  -71.748  -25.554 0.5000000000
140654  -10.510  -67.340  -25.637 0.5000000000
9655  -10.635  -68.937  -24.338 0.5000000000
9654  -9.912  -68.699  -25.162 0.5000000000
8806  -10.337  -69.496  -25.059 0.5000000000
9666  -9.870  -68.883  -25.916 0.5000000000
8014  -10.379  -70.272  -25.866 0.5000000000
8814  -10.232  -69.571  -26.197 0.5000000000
8015  -10.802  -71.261  -25.939 0.5000000000
6363  -11.293  -71.929  -26.357 0.5000000000
10616  -10.139  -68.461  -25.872 0.5000000000
10603  -11.542  -67.474  -25.894 0.5000000000
11522  -12.689  -66.320  -25.612 0.5000000000
9674  -10.325  -69.055  -26.303 0.5000000000
10604  -12.129  -67.814  -25.877 0.5000000000
10605  -12.777  -67.178  -25.499 0.5000000000
8826  -10.835  -69.312  -26.529 0.5000000000
9676  -11.548  -68.618  -26.292 0.5000000000
9667  -12.311  -68.624  -26.024 0.5000000000
138831  -10.907  -70.202  -26.646 0.5000000000
8827  -11.887  -69.454  -26.463 0.5000000000
8028  -10.841  -70.599  -26.523 0.5000000000
7183  -11.103  -71.240  -26.549 0.5000000000
7185  -12.533  -72.092  -27.060 0.5000000000
11504  -14.373  -66.189  -23.392 0.5000000000
10581  -14.822  -66.953  -22.980 0.6000000238
10597  -13.528  -67.752  -24.847 0.5000000000
9668  -12.891  -68.264  -25.441 0.5000000000
9646  -14.780  -68.419  -23.751 0.5000000000
8807  -14.285  -69.415  -24.891 0.5000000000
9657  -14.370  -68.730  -24.391 0.5000000000
128456  -11.828  -70.511  -26.644 0.5000000000
8016  -12.871  -69.942  -26.109 0.5000000000
8029  -11.180  -71.020  -26.665 0.5000000000
12373  -14.793  -65.459  -22.122 0.5000000000
11493  -14.729  -66.156  -22.524 0.5000000000
10591  -14.777  -67.756  -23.358 0.6000000238
17899  -18.279  -59.837  -20.192 0.5000000000
133099  -18.451  -60.624  -20.001 0.6000000238
17908  -17.896  -58.775  -20.547 0.5000000000
16964  -18.126  -60.366  -19.333 0.5000000000
16949  -18.140  -60.926  -18.460 0.6000000238
16948  -17.625  -60.220  -18.613 0.6000000238
16963  -17.619  -59.429  -19.416 0.5000000000
17875  -17.188  -60.266  -18.009 0.6000000238
17888  -16.303  -59.363  -18.211 0.5000000000
16927  -17.852  -61.087  -17.363 0.6000000238
134673  -17.140  -60.585  -17.247 0.6000000238
128360  -15.863  -59.856  -17.324 0.5000000000
16926  -16.299  -60.376  -16.818 0.6000000238
16892  -17.699  -61.004  -15.737 0.6000000238
17873  -15.106  -59.509  -16.885 0.5000000000
16925  -15.690  -60.126  -16.558 0.5000000000
18778  -14.344  -58.883  -15.496 0.5000000000
18767  -14.086  -58.400  -14.469 0.6000000238
19708  -12.145  -57.586  -13.176 0.6000000238
19721  -12.710  -57.504  -14.432 0.5000000000
17859  -15.011  -59.413  -15.542 0.6000000238
17868  -15.338  -59.908  -16.081 0.5000000000
19722  -13.375  -57.841  -14.100 0.5000000000
19682  -13.156  -57.521  -11.760 0.6000000238
19697  -13.704  -57.664  -12.542 0.6000000238
127785  -14.166  -56.568  -11.407 0.6000000238
6356  -26.968  -72.398  -23.498 0.3000000119
129048  -27.285  -70.951  -23.852 0.3000000119
6362  -26.873  -72.215  -24.676 0.3000000119
8013  -28.273  -70.214  -24.711 0.3000000119
6361  -26.536  -72.537  -24.148 0.3000000119
6350  -12.969  -72.799  -24.443 0.4000000060
8815  -12.911  -69.190  -25.627 0.5000000000
9658  -15.287  -69.124  -24.001 0.5000000000
15014  -18.567  -61.845  -19.575 0.5000000000
7158  -13.208  -72.268  -23.739 0.4000000060
8001  -12.810  -71.303  -23.648 0.5000000000
8799  -11.199  -69.486  -24.172 0.5000000000
130189  -9.757  -68.036  -25.342 0.5000000000
11520  -11.098  -66.162  -25.593 0.5000000000
140057  -12.246  -66.961  -25.801 0.5000000000
10618  -11.396  -68.124  -26.097 0.5000000000
7180  -27.783  -71.305  -25.555 0.3000000119
8012  -27.765  -70.260  -23.968 0.3000000119
7164  -27.015  -71.810  -23.932 0.3000000119
7173  -27.258  -71.492  -24.687 0.3000000119
8022  -27.712  -70.746  -24.717 0.3000000119
28192  -24.435  -48.573  -10.806 0.3000000119
4884  -25.739  -73.664  -22.264 0.4000000060
5618  -31.585  -73.161  -21.345 0.3000000119
5626  -16.330  -73.339  -23.141 0.6000000238
5627  -25.097  -72.919  -23.869 0.4000000060
5632  -13.760  -73.402  -25.192 0.5000000000
5634  -15.534  -73.481  -24.668 0.5000000000
5640  -12.483  -73.051  -26.503 0.5000000000
5643  -15.193  -73.359  -25.443 0.5000000000
5647  -12.606  -72.898  -26.868 0.6000000238
5649  -13.985  -73.246  -26.505 0.5000000000
5650  -14.806  -73.224  -26.141 0.6000000238
5653  -13.123  -72.999  -27.068 0.5000000000
6340  -14.380  -72.895  -22.442 0.5000000000
6346  -31.105  -73.080  -21.733 0.3000000119
6357  -12.411  -72.888  -25.308 0.5000000000
6370  -25.502  -72.522  -25.832 0.3000000119
6380  -25.640  -72.689  -26.653 0.3000000119
6383  -12.331  -72.536  -26.792 0.6000000238
6385  -14.393  -72.735  -27.259 0.6000000238
6388  -18.120  -72.680  -27.953 0.6999999881
6392  -24.948  -72.366  -28.241 0.3000000119
6401  -19.278  -72.405  -28.212 0.6000000238
6403  -24.814  -71.957  -29.100 0.3000000119
6408  -25.583  -71.847  -29.067 0.3000000119
7141  -13.475  -71.570  -22.918 0.5000000000
7157  -12.350  -72.116  -24.695 0.4000000060
7170  -20.213  -71.291  -24.564 0.6999999881
7174  -10.825  -70.942  -26.386 0.5000000000
7178  -22.388  -71.230  -26.229 0.5000000000
7184  -11.623  -71.903  -26.580 0.5000000000
7187  -20.294  -71.953  -27.391 0.6000000238
7197  -21.203  -72.071  -28.304 0.4000000060
7205  -17.215  -71.601  -28.455 0.6000000238
7206  -18.280  -72.019  -28.539 0.6000000238
7216  -21.020  -71.841  -29.067 0.6000000238
7217  -21.747  -71.722  -29.131 0.4000000060
7221  -25.325  -71.250  -29.473 0.4000000060
7978  -23.660  -70.473  -21.365 0.4000000060
8017  -13.766  -70.241  -25.962 0.6000000238
8027  -10.568  -70.231  -26.374 0.5000000000
8031  -13.890  -70.644  -26.866 0.6999999881
8036  -13.147  -71.389  -27.118 0.6000000238
8044  -18.109  -70.250  -28.603 0.5000000000
8054  -25.106  -70.356  -29.646 0.4000000060
8778  -13.052  -68.828  -21.955 0.5000000000
8805  -10.003  -69.343  -25.793 0.5000000000
8816  -13.710  -69.640  -25.399 0.6000000238
8825  -10.558  -69.859  -26.446 0.5000000000
8846  -19.361  -69.258  -28.634 0.5000000000
8851  -25.797  -69.321  -28.926 0.4000000060
8852  -26.527  -69.830  -28.828 0.4000000060
8860  -22.580  -69.816  -29.510 0.4000000060
8862  -24.768  -69.623  -29.546 0.4000000060
9577  -18.454  -68.407  -18.694 0.5000000000
9585  -16.479  -68.019  -19.952 0.6000000238
9605  -17.137  -68.421  -20.630 0.6999999881
9620  -17.770  -68.533  -21.272 0.6999999881
9634  -17.744  -68.626  -22.110 0.6999999881
9656  -13.626  -68.862  -25.034 0.5000000000
9675  -10.884  -68.665  -26.344 0.5000000000
9689  -16.252  -68.193  -27.973 0.6000000238
9692  -23.875  -68.407  -28.170 0.4000000060
9695  -26.759  -69.048  -27.425 0.4000000060
9706  -21.490  -68.606  -28.729 0.5000000000
9708  -23.716  -68.768  -29.083 0.4000000060
9715  -23.628  -69.158  -29.420 0.4000000060
10487  -16.838  -67.304  -16.983 0.6999999881
10490  -19.515  -67.502  -16.560 0.6000000238
10503  -17.310  -67.849  -17.407 0.6000000238
10505  -19.648  -67.758  -17.466 0.6000000238
10517  -15.633  -66.970  -18.938 0.5000000000
10533  -19.773  -68.085  -19.173 0.6000000238
10534  -20.321  -67.834  -19.588 0.6000000238
10553  -19.735  -68.117  -20.090 0.6000000238
10569  -16.103  -67.859  -21.384 0.6000000238
10570  -19.872  -68.037  -21.651 0.6000000238
10582  -20.306  -67.649  -22.303 0.6000000238
10598  -14.208  -67.764  -24.043 0.5000000000
10606  -19.267  -67.090  -25.762 0.6000000238
10617  -10.737  -68.233  -26.084 0.5000000000
10625  -24.395  -67.687  -26.042 0.5000000000
10626  -25.235  -67.807  -26.068 0.5000000000
10628  -27.486  -67.586  -26.343 0.4000000060
10635  -21.465  -67.434  -27.854 0.5000000000
11400  -17.410  -66.511  -15.733 0.6999999881
11402  -20.393  -66.643  -15.284 0.6000000238
11404  -22.147  -66.443  -15.798 0.6000000238
11416  -17.918  -67.146  -15.962 0.6000000238
11417  -20.716  -66.952  -15.825 0.6000000238
11444  -22.704  -66.877  -18.468 0.6000000238
11451  -15.284  -66.042  -19.857 0.6000000238
11452  -21.851  -67.054  -19.918 0.6000000238
11468  -15.128  -66.105  -20.735 0.6000000238
11483  -21.485  -66.577  -21.632 0.5000000000
11505  -20.451  -66.247  -23.702 0.6000000238
11537  -21.040  -66.322  -26.617 0.5000000000
11539  -26.615  -66.017  -26.141 0.5000000000
11540  -27.180  -66.717  -26.172 0.5000000000
11546  -20.861  -66.772  -27.333 0.5000000000
12272  -18.711  -65.536  -14.233 0.5000000000
12274  -20.507  -65.655  -14.289 0.6000000238
12297  -23.394  -65.491  -15.737 0.6000000238
12311  -16.602  -66.553  -16.769 0.6000000238
12312  -17.005  -65.691  -15.805 0.5000000000
12314  -23.712  -65.750  -16.555 0.5000000000
12326  -24.114  -66.026  -18.188 0.5000000000
12336  -15.875  -66.030  -18.129 0.4000000060
12347  -24.010  -66.043  -19.674 0.5000000000
12361  -24.225  -65.559  -20.407 0.5000000000
12377  -23.724  -65.616  -21.240 0.6000000238
12441  -27.146  -65.176  -27.683 0.5000000000
12443  -29.314  -65.382  -28.382 0.4000000060
13120  -18.915  -63.980  -12.813 0.6000000238
13132  -20.506  -64.573  -13.348 0.6000000238
13133  -21.783  -64.952  -14.043 0.6000000238
13150  -17.607  -64.860  -14.416 0.5000000000
13152  -23.318  -64.411  -14.649 0.6000000238
13174  -23.033  -65.172  -14.957 0.6000000238
13202  -16.362  -65.154  -18.048 0.5000000000
13211  -16.967  -64.287  -18.101 0.5000000000
13240  -24.652  -64.920  -20.227 0.4000000060
13252  -24.153  -65.026  -21.904 0.6000000238
13266  -24.400  -64.347  -22.458 0.6000000238
13296  -22.491  -62.983  -26.066 0.5000000000
14032  -17.247  -63.484  -13.204 0.6000000238
14034  -19.649  -63.464  -12.425 0.6000000238
14045  -20.908  -64.023  -12.960 0.5000000000
14046  -21.348  -64.489  -13.464 0.6000000238
14073  -17.202  -63.483  -14.825 0.6000000238
14093  -17.719  -63.360  -16.574 0.6000000238
14110  -18.173  -62.920  -18.697 0.6000000238
14179  -21.585  -63.138  -25.194 0.5000000000
14191  -21.351  -63.544  -25.173 0.6000000238
14192  -22.088  -62.581  -25.073 0.5000000000
14193  -22.691  -62.191  -25.180 0.5000000000
14200  -21.800  -63.085  -25.439 0.6000000238
14941  -21.037  -63.003  -12.274 0.5000000000
14955  -16.773  -62.825  -13.303 0.6000000238
15000  -18.326  -62.250  -17.417 0.6000000238
15007  -18.453  -62.264  -18.256 0.6000000238
15047  -26.696  -61.891  -21.567 0.4000000060
15060  -26.074  -62.763  -22.867 0.4000000060
15069  -26.375  -62.490  -23.521 0.4000000060
15082  -22.472  -62.419  -25.803 0.5000000000
15094  -25.373  -62.872  -25.578 0.5000000000
15105  -26.448  -62.890  -26.581 0.5000000000
15900  -20.300  -61.661  -11.484 0.5000000000
15919  -17.464  -62.018  -12.045 0.6000000238
15940  -16.751  -61.995  -13.447 0.6999999881
15960  -17.767  -61.418  -15.317 0.6999999881
15976  -17.905  -61.412  -15.971 0.6999999881
16011  -18.323  -61.596  -17.837 0.6000000238
16022  -18.460  -61.121  -19.388 0.6000000238
16036  -18.530  -61.231  -20.272 0.5000000000
16841  -19.720  -60.141  -10.913 0.5000000000
16854  -17.400  -60.247  -11.898 0.6999999881
16855  -18.079  -60.225  -11.395 0.6999999881
16874  -17.614  -60.246  -13.736 0.6999999881
16882  -17.740  -60.723  -14.992 0.6000000238
16890  -16.117  -60.421  -16.097 0.5000000000
16891  -17.137  -60.654  -15.922 0.6999999881
16903  -16.842  -60.587  -16.504 0.6000000238
16904  -17.490  -60.923  -16.558 0.6000000238
16905  -17.821  -61.279  -16.472 0.6000000238
17812  -18.870  -59.033  -10.717 0.5000000000
17813  -20.325  -59.555  -10.717 0.5000000000
17822  -18.321  -59.371  -11.164 0.5000000000
17825  -21.698  -59.687  -11.161 0.5000000000
17835  -17.442  -59.560  -12.309 0.6000000238
17845  -18.024  -59.569  -14.176 0.6999999881
17852  -15.416  -59.295  -15.099 0.6000000238
17854  -17.077  -59.202  -14.965 0.6000000238
17860  -15.707  -59.867  -15.579 0.6999999881
17874  -16.627  -60.054  -17.672 0.5000000000
17887  -15.489  -59.059  -17.887 0.5000000000
17889  -17.025  -59.707  -18.499 0.6000000238
18733  -18.493  -58.409  -10.895 0.5000000000
18734  -19.151  -58.275  -10.555 0.6000000238
18735  -20.037  -58.202  -10.438 0.5000000000
18740  -18.057  -58.729  -11.415 0.5000000000
18755  -14.640  -58.184  -13.558 0.6999999881
18756  -15.367  -58.188  -13.718 0.6999999881
18758  -17.702  -58.955  -12.891 0.6000000238
18769  -15.610  -58.785  -14.515 0.6999999881
18772  -18.092  -59.093  -14.299 0.6999999881
19667  -19.446  -57.463  -10.496 0.6000000238
19710  -13.895  -57.971  -13.455 0.5000000000
19723  -17.181  -57.308  -14.909 0.6000000238
19724  -17.838  -57.739  -14.751 0.6000000238
20653  -21.687  -56.549  -10.567 0.5000000000
20666  -13.498  -56.902  -11.286 0.6000000238
20667  -14.776  -56.688  -11.926 0.6000000238
20669  -18.288  -57.110  -11.385 0.5000000000
20696  -18.501  -57.216  -13.786 0.6000000238
20724  -17.621  -56.127  -15.485 0.6000000238
21661  -19.895  -55.575  -10.611 0.5000000000
21662  -20.953  -55.793  -10.547 0.5000000000
21674  -14.625  -55.916  -11.357 0.6000000238
21676  -18.709  -55.392  -11.368 0.6999999881
21685  -15.513  -55.442  -12.150 0.5000000000
21695  -16.264  -56.111  -13.864 0.6000000238
21716  -17.106  -55.619  -15.697 0.6000000238
21729  -17.542  -55.101  -16.130 0.6000000238
22636  -14.359  -55.132  -11.239 0.5000000000
22637  -19.061  -54.818  -11.272 0.6999999881
22639  -20.294  -54.029  -11.123 0.6000000238
22656  -15.324  -54.610  -12.048 0.5000000000
22668  -18.787  -54.219  -13.425 0.6999999881
22684  -16.705  -54.181  -16.097 0.6000000238
22685  -18.576  -54.750  -16.076 0.6000000238
22693  -17.290  -54.444  -16.493 0.6000000238
23535  -13.066  -54.025  -11.510 0.5000000000
23536  -19.361  -54.155  -11.627 0.6000000238
23537  -20.677  -53.315  -11.607 0.5000000000
23552  -14.882  -53.263  -13.034 0.4000000060
23554  -19.560  -53.542  -12.371 0.6000000238
23563  -15.784  -54.267  -13.389 0.6000000238
23564  -19.301  -53.541  -13.375 0.6000000238
23594  -16.930  -53.701  -16.859 0.6000000238
23596  -18.513  -54.066  -16.501 0.6999999881
23597  -19.046  -53.259  -16.300 0.6000000238
23606  -17.090  -53.066  -17.412 0.6000000238
24506  -20.860  -52.734  -12.095 0.5000000000
24541  -13.534  -52.364  -13.055 0.5000000000
24543  -15.183  -52.712  -13.691 0.4000000060
24557  -15.305  -52.262  -14.437 0.4000000060
24578  -16.493  -52.828  -17.150 0.6000000238
24580  -18.443  -52.738  -16.920 0.6999999881
24591  -17.705  -52.322  -17.434 0.6000000238
25436  -15.625  -52.009  -10.417 0.3000000119
25449  -15.973  -51.468  -11.167 0.3000000119
25451  -23.975  -51.536  -11.240 0.4000000060
25453  -25.829  -51.434  -11.187 0.4000000060
25469  -22.448  -51.341  -11.980 0.4000000060
25483  -21.544  -51.184  -13.098 0.4000000060
25494  -13.350  -50.933  -14.101 0.4000000060
25497  -19.946  -51.817  -15.104 0.5000000000
25524  -15.900  -50.968  -18.552 0.5000000000
25525  -16.138  -51.161  -18.485 0.5000000000
25526  -16.893  -51.804  -17.934 0.5000000000
25532  -15.978  -50.597  -18.704 0.4000000060
26365  -13.522  -50.682  -11.432 0.3000000119
26368  -16.487  -50.757  -11.599 0.3000000119
26369  -17.340  -50.495  -11.235 0.3000000119
26371  -24.443  -50.687  -11.165 0.4000000060
26383  -14.161  -50.671  -11.926 0.3000000119
26386  -22.052  -50.794  -12.662 0.4000000060
26387  -22.634  -50.693  -12.152 0.4000000060
26419  -15.135  -50.874  -16.500 0.4000000060
26437  -15.858  -50.442  -18.543 0.5000000000
27281  -23.818  -49.881  -11.391 0.4000000060
27295  -12.776  -48.854  -12.253 0.3000000119
27313  -14.819  -48.886  -13.438 0.4000000060
27328  -19.373  -49.515  -14.294 0.5000000000
27329  -20.133  -49.907  -13.932 0.5000000000
27339  -15.114  -48.957  -16.246 0.3000000119
27342  -18.979  -50.065  -14.925 0.5000000000
27352  -17.045  -49.537  -17.107 0.4000000060
27353  -17.763  -50.100  -16.222 0.4000000060
27363  -16.037  -49.730  -18.386 0.4000000060
27364  -16.505  -49.979  -18.081 0.4000000060
27369  -16.006  -50.177  -18.659 0.4000000060
28203  -12.550  -47.430  -12.069 0.4000000060
28205  -15.637  -48.828  -13.286 0.4000000060
28210  -22.320  -48.566  -12.309 0.4000000060
28220  -14.233  -47.937  -13.476 0.4000000060
28244  -17.377  -48.307  -15.784 0.4000000060
28245  -17.933  -48.858  -15.154 0.4000000060
28252  -16.333  -48.329  -17.099 0.4000000060
28260  -15.921  -48.833  -17.666 0.4000000060
29131  -10.568  -46.036  -11.189 0.3000000119
29165  -10.685  -45.784  -12.271 0.3000000119
29166  -11.230  -45.396  -12.591 0.4000000060
29167  -12.410  -46.312  -12.295 0.4000000060
29181  -11.449  -45.828  -13.116 0.4000000060
29183  -14.331  -47.113  -13.657 0.4000000060
29185  -15.946  -46.990  -13.525 0.4000000060
29194  -11.782  -47.030  -13.797 0.4000000060
29197  -17.768  -47.265  -14.928 0.3000000119
29199  -19.105  -47.528  -14.034 0.3000000119
29210  -14.273  -46.629  -15.443 0.3000000119
29212  -17.230  -46.924  -15.705 0.3000000119
29222  -15.919  -47.090  -16.555 0.3000000119
29223  -16.315  -47.403  -16.626 0.3000000119
30161  -11.997  -45.716  -13.457 0.4000000060
30165  -15.120  -46.074  -13.903 0.3000000119
30181  -12.991  -45.715  -14.330 0.4000000060
30197  -13.459  -45.857  -14.992 0.4000000060
30210  -15.895  -46.268  -16.298 0.3000000119
31057  -12.637  -45.796  -13.870 0.4000000060
31058  -13.285  -45.530  -14.200 0.4000000060
31059  -15.065  -44.639  -14.291 0.3000000119
31080  -14.390  -44.599  -14.629 0.4000000060
31096  -14.088  -44.986  -15.008 0.3000000119
31112  -15.863  -44.944  -16.035 0.3000000119
31114  -16.554  -45.965  -16.092 0.3000000119
31959  -14.366  -44.431  -14.839 0.4000000060
31977  -16.420  -44.501  -15.896 0.3000000119
31997  -15.574  -43.697  -15.826 0.3000000119
32839  -15.160  -43.251  -15.736 0.3000000119
33709  -15.244  -42.863  -15.399 0.3000000119
33710  -15.313  -42.602  -14.836 0.3000000119
33711  -15.648  -42.219  -14.429 0.3000000119
33728  -16.986  -43.003  -15.605 0.3000000119
33729  -17.635  -42.916  -15.194 0.3000000119
33740  -15.205  -42.216  -16.999 0.3000000119
33752  -15.099  -42.120  -17.139 0.3000000119
34585  -16.989  -40.920  -15.475 0.3000000119
34605  -15.063  -41.966  -17.154 0.3000000119
34606  -14.949  -42.021  -17.244 0.3000000119
123110  -15.909  -43.678  -15.959 0.3000000119
123114  -15.017  -42.295  -17.342 0.3000000119
124269  -15.038  -42.456  -17.050 0.3000000119
125104  -16.287  -43.258  -15.865 0.3000000119
125907  -15.519  -50.136  -17.790 0.3000000119
126125  -15.526  -40.772  -15.703 0.3000000119
126813  -15.131  -42.540  -17.018 0.3000000119
127110  -16.127  -67.613  -19.181 0.6000000238
127406  -31.669  -73.706  -20.065 0.3000000119
127424  -17.285  -64.299  -14.500 0.6000000238
127808  -14.767  -45.459  -15.472 0.3000000119
128547  -21.123  -58.284  -10.609 0.5000000000
129088  -15.759  -73.592  -24.005 0.5000000000
129631  -17.817  -58.223  -11.910 0.6000000238
130010  -21.791  -47.867  -12.461 0.3000000119
130917  -23.371  -70.453  -23.828 0.6000000238
131649  -17.618  -60.626  -17.959 0.6000000238
132432  -20.125  -67.876  -20.896 0.5000000000
132450  -16.029  -41.957  -16.075 0.3000000119
133349  -19.201  -62.845  -12.055 0.6000000238
133449  -19.943  -60.901  -11.213 0.5000000000
133615  -26.360  -72.801  -26.772 0.3000000119
134247  -12.319  -57.486  -14.034 0.6000000238
135073  -18.522  -62.276  -18.991 0.6000000238
135442  -20.121  -71.317  -22.814 0.5000000000
135574  -19.551  -48.069  -13.724 0.4000000060
135633  -25.626  -63.006  -20.608 0.5000000000
136282  -23.625  -63.025  -26.221 0.5000000000
136563  -19.154  -67.095  -27.659 0.5000000000
136707  -14.110  -51.384  -14.167 0.4000000060
136944  -18.403  -56.393  -13.428 0.6000000238
137003  -18.942  -67.821  -17.109 0.6000000238
137168  -22.292  -62.661  -25.655 0.5000000000
137705  -17.119  -61.059  -12.147 0.6999999881
138352  -15.446  -69.932  -25.139 0.6000000238
138663  -20.534  -63.520  -12.522 0.5000000000
138802  -19.887  -67.626  -23.989 0.6000000238
139019  -27.066  -68.388  -26.617 0.4000000060
139387  -24.156  -70.643  -21.769 0.5000000000
140367  -23.783  -62.564  -26.153 0.5000000000
140780  -13.964  -72.434  -27.425 0.6000000238
141273  -23.800  -48.452  -11.141 0.4000000060
142111  -17.040  -64.918  -15.738 0.6000000238
142859  -16.659  -62.400  -12.972 0.6000000238
143088  -22.607  -58.709  -11.216 0.5000000000
143160  -16.911  -66.339  -16.189 0.5000000000
143299  -14.894  -72.332  -27.673 0.6000000238
143473  -14.393  -57.794  -12.981 0.6000000238
144266  -23.296  -66.397  -20.024 0.5000000000
144785  -21.279  -66.281  -22.344 0.6000000238
145266  -17.220  -64.231  -16.158 0.6000000238
145447  -19.239  -53.889  -15.155 0.6000000238
145504  -14.059  -50.063  -12.478 0.3000000119
145881  -18.529  -68.405  -25.487 0.6000000238
145900  -15.004  -42.295  -17.194 0.3000000119
146136  -18.593  -67.412  -28.007 0.5000000000
146982  -15.318  -50.551  -17.138 0.3000000119
147936  -10.857  -70.090  -24.849 0.5000000000
148132  -26.656  -66.691  -25.908 0.5000000000
148251  -28.141  -64.432  -28.522 0.4000000060
148352  -26.438  -73.001  -23.660 0.4000000060
148518  -21.333  -67.337  -17.758 0.6000000238
149677  -14.000  -69.276  -20.671 0.5000000000
150075  -17.673  -61.157  -14.801 0.6999999881
150187  -21.984  -63.243  -25.686 0.6000000238
