#!ascii label  , from subject sub-v1s10x0051072_ses-1 vox2ras=TkReg
1828
116300  -44.370  -65.557  -53.206 0.1000000015
111773  -42.819  -66.418  -53.364 0.1000000015
10058  -42.455  -68.855  -54.244 0.1000000015
10884  -42.100  -66.626  -53.525 0.1000000015
10883  -41.327  -66.735  -53.721 0.1000000015
11745  -41.802  -65.216  -54.169 0.1000000015
10056  -40.374  -67.483  -54.266 0.1000000015
109494  -39.918  -65.366  -54.103 0.1000000015
12577  -40.386  -64.586  -54.476 0.1000000015
11743  -39.004  -65.801  -53.807 0.1000000015
126045  -39.051  -65.047  -53.812 0.1000000015
13466  -39.896  -63.826  -54.622 0.1000000015
123004  -38.546  -64.476  -53.974 0.1000000015
11742  -38.246  -65.250  -53.780 0.1000000015
118797  -38.953  -63.738  -54.304 0.1000000015
126891  -39.192  -61.415  -55.501 0.1000000015
110761  -37.596  -64.699  -54.120 0.1000000015
13463  -37.687  -63.380  -54.918 0.1000000015
12575  -38.049  -63.890  -54.351 0.1000000015
12602  -44.977  -63.945  -55.035 0.1000000015
11747  -43.608  -65.131  -53.991 0.1000000015
121070  -42.944  -65.664  -53.641 0.1000000015
13482  -44.103  -63.885  -56.297 0.1000000015
12600  -43.641  -64.142  -55.553 0.1000000015
11746  -42.660  -65.155  -54.185 0.1000000015
121268  -41.310  -64.646  -54.661 0.1000000015
13480  -42.377  -63.672  -55.836 0.1000000015
114025  -41.375  -63.527  -55.575 0.1000000015
13479  -40.405  -63.278  -55.194 0.1000000015
111241  -43.481  -54.075  -58.450 0.1000000015
19768  -42.392  -56.105  -57.342 0.1000000015
120327  -42.148  -56.908  -57.000 0.1000000015
18862  -42.040  -57.740  -56.665 0.1000000015
16956  -41.204  -59.401  -55.677 0.1000000015
16064  -40.921  -60.134  -55.588 0.1000000015
15183  -40.617  -60.995  -55.632 0.1000000015
122505  -40.750  -61.967  -55.757 0.1000000015
14313  -39.271  -62.098  -55.281 0.1000000015
13465  -39.375  -62.950  -54.799 0.1000000015
14317  -46.460  -62.102  -54.772 0.1000000015
15201  -46.173  -61.240  -56.172 0.2000000030
15184  -45.955  -62.031  -55.843 0.2000000030
13484  -45.562  -63.462  -55.114 0.1000000015
16076  -46.412  -60.347  -56.730 0.1000000015
127059  -45.566  -61.957  -57.542 0.1000000015
14316  -45.823  -62.804  -55.556 0.1000000015
16088  -45.785  -60.758  -57.935 0.1000000015
127717  -45.100  -63.171  -57.152 0.1000000015
27613  -50.819  -46.666  -56.741 0.1000000015
126606  -49.704  -47.391  -57.801 0.1000000015
15216  -44.735  -62.174  -58.070 0.1000000015
13513  -44.257  -63.188  -57.350 0.1000000015
13481  -43.326  -63.809  -56.133 0.1000000015
27637  -48.940  -47.171  -58.202 0.1000000015
26768  -48.141  -48.711  -59.046 0.1000000015
25911  -48.067  -49.665  -59.335 0.1000000015
121665  -48.027  -50.721  -59.726 0.1000000015
24253  -47.500  -51.577  -60.245 0.1000000015
23350  -45.985  -52.206  -60.775 0.1000000015
129657  -44.256  -62.084  -58.015 0.1000000015
14326  -43.133  -62.912  -56.882 0.1000000015
125558  -41.897  -63.063  -56.060 0.1000000015
24252  -46.462  -51.534  -60.307 0.1000000015
118297  -44.514  -54.029  -60.457 0.1000000015
21563  -43.855  -55.114  -59.757 0.1000000015
127856  -43.882  -56.324  -60.052 0.1000000015
18871  -43.254  -57.711  -58.520 0.1000000015
14325  -42.324  -62.469  -56.492 0.1000000015
131221  -41.509  -62.394  -56.037 0.1000000015
23349  -45.216  -52.281  -60.485 0.1000000015
21550  -43.943  -54.258  -59.490 0.1000000015
21549  -43.555  -54.837  -58.871 0.1000000015
117870  -43.372  -57.018  -58.799 0.1000000015
16966  -42.605  -59.256  -56.814 0.1000000015
16073  -41.688  -60.102  -55.969 0.1000000015
20656  -43.205  -55.307  -58.403 0.1000000015
112460  -42.803  -56.916  -57.939 0.1000000015
18870  -42.670  -57.679  -57.513 0.1000000015
16965  -41.915  -59.344  -56.162 0.1000000015
15199  -42.071  -60.899  -56.358 0.1000000015
14314  -40.092  -62.427  -55.331 0.1000000015
16065  -46.726  -60.464  -55.394 0.2000000030
15168  -46.580  -61.112  -54.632 0.1000000015
16046  -46.502  -60.907  -54.177 0.2000000030
16967  -46.728  -59.459  -56.765 0.1000000015
16089  -46.229  -59.877  -57.786 0.1000000015
129127  -52.050  -45.728  -55.057 0.1000000015
28456  -50.477  -46.116  -56.512 0.1000000015
15233  -45.225  -60.980  -58.582 0.1000000015
15232  -44.719  -61.329  -58.598 0.1000000015
16099  -44.702  -60.634  -59.070 0.1000000015
26762  -49.653  -48.404  -58.144 0.1000000015
25904  -48.837  -49.633  -58.993 0.1000000015
120871  -48.726  -50.384  -59.386 0.1000000015
15231  -44.236  -61.620  -58.359 0.1000000015
24254  -48.745  -51.928  -60.096 0.1000000015
23358  -46.491  -52.758  -61.051 0.1000000015
21572  -44.717  -54.661  -60.938 0.1000000015
19793  -44.133  -56.366  -60.447 0.1000000015
17912  -43.594  -58.562  -59.212 0.1000000015
115990  -43.187  -60.043  -57.659 0.1000000015
14335  -43.017  -62.181  -57.070 0.1000000015
16074  -42.464  -60.120  -56.604 0.1000000015
15198  -41.563  -61.589  -56.114 0.1000000015
110188  -46.713  -56.420  -56.074 0.1000000015
19750  -46.767  -57.045  -55.655 0.1000000015
108881  -46.946  -57.344  -56.226 0.1000000015
115669  -47.250  -58.472  -55.544 0.1000000015
17891  -47.286  -59.058  -55.323 0.2000000030
16945  -46.918  -59.372  -54.745 0.2000000030
112605  -47.029  -59.586  -55.824 0.2000000030
16932  -46.445  -60.072  -54.287 0.2000000030
17913  -46.578  -58.922  -57.500 0.1000000015
18872  -46.555  -57.369  -57.355 0.1000000015
121509  -46.491  -58.141  -57.757 0.1000000015
17924  -46.010  -58.592  -58.705 0.1000000015
28451  -52.007  -46.223  -55.465 0.1000000015
27614  -51.646  -47.204  -56.336 0.1000000015
26745  -51.854  -48.280  -56.389 0.1000000015
26752  -51.481  -48.984  -56.875 0.1000000015
16985  -45.780  -59.441  -58.736 0.1000000015
17923  -45.241  -58.960  -59.689 0.1000000015
28446  -51.599  -45.448  -54.631 0.1000000015
30224  -52.200  -44.584  -53.364 0.1000000015
27626  -50.309  -47.176  -57.339 0.1000000015
26744  -51.153  -47.746  -56.848 0.1000000015
25117  -49.206  -51.283  -59.649 0.1000000015
25118  -49.957  -51.632  -59.330 0.1000000015
22430  -48.601  -53.514  -60.430 0.1000000015
20686  -46.152  -55.305  -60.695 0.1000000015
18896  -44.535  -57.210  -60.442 0.1000000015
17929  -44.689  -58.255  -60.268 0.1000000015
119049  -44.203  -60.235  -59.314 0.1000000015
29314  -51.406  -44.846  -53.828 0.1000000015
22429  -46.732  -53.545  -61.192 0.1000000015
126197  -45.154  -55.184  -61.011 0.1000000015
18895  -43.995  -57.744  -60.317 0.1000000015
17921  -43.939  -58.498  -60.074 0.1000000015
16975  -43.791  -60.235  -58.916 0.1000000015
119572  -51.221  -44.087  -53.511 0.1000000015
30229  -50.685  -43.759  -53.247 0.1000000015
29304  -49.831  -44.426  -53.045 0.1000000015
31152  -49.959  -42.927  -52.386 0.1000000015
122734  -46.379  -53.876  -56.696 0.1000000015
20647  -46.529  -55.529  -56.577 0.1000000015
22384  -46.708  -53.208  -56.894 0.1000000015
112847  -46.777  -54.320  -57.356 0.1000000015
20623  -46.384  -56.392  -55.458 0.1000000015
118964  -47.022  -57.785  -55.425 0.1000000015
18835  -46.512  -57.830  -54.723 0.2000000030
22397  -47.104  -53.733  -57.569 0.1000000015
21541  -46.707  -55.074  -57.345 0.1000000015
19762  -46.632  -56.473  -56.938 0.1000000015
17875  -46.392  -58.648  -54.470 0.2000000030
23328  -48.182  -52.911  -57.981 0.1000000015
128052  -47.046  -54.945  -57.993 0.1000000015
121947  -51.087  -44.084  -51.540 0.1000000015
29305  -52.250  -44.250  -52.899 0.1000000015
29316  -52.346  -44.731  -53.229 0.1000000015
28427  -52.487  -45.601  -53.411 0.1000000015
28440  -52.640  -46.006  -54.121 0.1000000015
27587  -52.700  -46.877  -54.580 0.1000000015
26733  -52.287  -47.756  -55.731 0.1000000015
22398  -47.876  -53.688  -58.279 0.1000000015
19770  -46.343  -56.748  -58.128 0.1000000015
123224  -52.306  -45.242  -53.682 0.1000000015
25893  -51.309  -49.958  -57.411 0.1000000015
25096  -51.107  -51.011  -57.902 0.1000000015
24255  -49.737  -52.384  -59.634 0.1000000015
114867  -46.649  -56.060  -59.837 0.1000000015
20667  -46.434  -56.422  -58.904 0.1000000015
115396  -45.564  -58.273  -59.620 0.1000000015
122311  -50.137  -42.873  -50.766 0.1000000015
25892  -50.515  -49.537  -57.967 0.1000000015
25109  -50.271  -51.244  -58.860 0.1000000015
22412  -49.607  -53.200  -59.614 0.1000000015
21566  -48.141  -54.909  -60.279 0.1000000015
21565  -47.359  -55.461  -60.169 0.1000000015
20666  -45.803  -56.540  -60.092 0.1000000015
19781  -45.926  -56.994  -59.398 0.1000000015
30212  -51.468  -43.316  -52.132 0.1000000015
31162  -51.735  -43.448  -52.709 0.1000000015
31143  -51.022  -42.504  -51.933 0.1000000015
31154  -51.139  -42.737  -52.319 0.1000000015
31153  -50.583  -42.348  -52.104 0.1000000015
31141  -49.834  -42.120  -51.765 0.1000000015
116828  -49.001  -43.217  -51.897 0.1000000015
21518  -46.128  -55.040  -55.922 0.1000000015
23327  -47.379  -53.140  -57.536 0.1000000015
24214  -47.757  -51.520  -56.569 0.1000000015
22383  -46.022  -53.278  -56.171 0.1000000015
23314  -48.406  -52.037  -57.488 0.1000000015
24215  -48.777  -51.247  -56.961 0.1000000015
21517  -45.556  -54.578  -55.477 0.1000000015
19741  -46.469  -57.084  -55.072 0.1000000015
24216  -50.856  -52.099  -57.338 0.1000000015
24228  -49.384  -52.079  -57.662 0.1000000015
19740  -45.786  -57.096  -54.501 0.2000000030
29297  -51.729  -44.412  -52.255 0.1000000015
119410  -52.603  -46.418  -53.504 0.1000000015
27577  -52.709  -47.064  -53.856 0.1000000015
119423  -50.211  -52.373  -57.952 0.1000000015
23340  -48.960  -53.632  -58.807 0.1000000015
19734  -45.040  -57.137  -54.053 0.2000000030
122802  -51.513  -45.509  -52.055 0.1000000015
26746  -52.317  -49.015  -55.858 0.1000000015
25883  -52.433  -50.075  -56.174 0.1000000015
24241  -50.351  -52.265  -58.930 0.1000000015
23330  -50.164  -52.566  -58.569 0.1000000015
22410  -48.475  -54.404  -59.378 0.1000000015
31126  -50.101  -41.966  -50.930 0.1000000015
32101  -50.301  -42.067  -51.522 0.1000000015
32100  -49.740  -41.533  -51.145 0.1000000015
33045  -49.429  -41.308  -51.123 0.1000000015
127222  -50.275  -42.000  -51.793 0.1000000015
32111  -49.290  -41.454  -51.324 0.1000000015
31140  -48.673  -42.292  -51.531 0.1000000015
25071  -50.426  -51.243  -55.609 0.1000000015
25082  -49.397  -50.853  -56.113 0.1000000015
25081  -48.255  -50.891  -55.951 0.1000000015
25072  -51.485  -51.888  -55.649 0.1000000015
23303  -46.904  -51.847  -56.080 0.1000000015
21527  -45.925  -54.175  -56.094 0.1000000015
25083  -50.500  -51.655  -56.584 0.1000000015
23312  -46.437  -52.526  -56.186 0.1000000015
20633  -45.842  -55.548  -55.293 0.1000000015
24218  -51.914  -51.783  -56.516 0.1000000015
25084  -51.236  -51.855  -56.467 0.1000000015
22372  -45.401  -53.578  -55.604 0.1000000015
29283  -50.373  -44.982  -51.055 0.1000000015
28414  -51.007  -46.089  -51.630 0.1000000015
28426  -52.333  -46.395  -52.861 0.1000000015
27561  -52.448  -47.242  -53.133 0.1000000015
25869  -52.791  -48.963  -54.630 0.1000000015
25876  -52.880  -50.005  -55.269 0.1000000015
25086  -52.654  -50.832  -55.924 0.1000000015
24217  -51.445  -51.906  -56.883 0.1000000015
114401  -45.847  -56.332  -54.835 0.1000000015
30183  -49.599  -43.829  -50.425 0.1000000015
26703  -52.792  -47.990  -54.206 0.1000000015
130743  -51.995  -49.289  -56.430 0.1000000015
24229  -50.583  -52.283  -58.174 0.1000000015
19739  -45.000  -56.349  -54.238 0.1000000015
31114  -49.486  -42.796  -50.426 0.1000000015
109609  -48.316  -42.058  -49.951 0.1000000015
31125  -49.227  -41.683  -50.577 0.1000000015
32093  -48.394  -41.289  -50.479 0.1000000015
33947  -47.226  -40.869  -50.275 0.1000000015
33044  -48.072  -41.086  -50.664 0.1000000015
33957  -46.696  -40.682  -50.298 0.1000000015
24193  -51.724  -52.412  -54.726 0.1000000015
123348  -50.873  -51.590  -54.888 0.1000000015
25058  -49.411  -50.642  -55.095 0.1000000015
23294  -52.342  -52.555  -54.300 0.1000000015
25070  -48.628  -50.560  -55.138 0.1000000015
110689  -51.899  -52.182  -55.571 0.1000000015
24184  -52.703  -52.033  -54.009 0.1000000015
25069  -47.857  -50.731  -55.219 0.1000000015
127358  -46.243  -52.008  -55.677 0.1000000015
25074  -52.771  -51.297  -55.358 0.1000000015
24195  -52.584  -51.978  -54.755 0.1000000015
24203  -46.627  -51.491  -55.362 0.1000000015
30182  -48.869  -43.872  -50.009 0.1000000015
113679  -52.728  -49.285  -53.849 0.1000000015
118116  -53.007  -49.964  -54.405 0.1000000015
25048  -53.036  -51.023  -54.461 0.1000000015
23302  -45.589  -52.514  -55.449 0.1000000015
119847  -45.260  -54.929  -54.948 0.1000000015
29282  -49.658  -44.859  -50.527 0.1000000015
28395  -49.690  -45.898  -50.685 0.1000000015
28415  -51.510  -46.494  -52.153 0.1000000015
27560  -51.850  -47.395  -52.541 0.1000000015
26682  -52.525  -48.126  -53.468 0.1000000015
21510  -44.832  -54.023  -54.970 0.1000000015
31113  -48.688  -42.910  -49.967 0.1000000015
32091  -47.187  -41.589  -49.580 0.1000000015
32080  -47.477  -42.426  -49.458 0.1000000015
33028  -46.340  -41.587  -49.306 0.1000000015
32092  -47.883  -41.523  -49.894 0.1000000015
33036  -46.942  -40.865  -49.851 0.1000000015
33946  -46.535  -40.589  -50.088 0.1000000015
33035  -46.099  -40.792  -49.642 0.1000000015
122420  -51.758  -50.933  -52.268 0.1000000015
24171  -52.576  -52.244  -53.326 0.1000000015
23281  -52.351  -52.804  -53.706 0.1000000015
24183  -50.554  -51.838  -53.983 0.1000000015
25832  -51.442  -49.602  -52.078 0.1000000015
25046  -48.867  -50.556  -54.206 0.1000000015
27543  -51.116  -47.658  -51.918 0.1000000015
26663  -51.553  -48.422  -52.345 0.1000000015
25034  -52.479  -51.287  -52.963 0.1000000015
25057  -47.924  -50.562  -54.497 0.1000000015
30181  -48.192  -44.032  -49.513 0.1000000015
121290  -48.411  -44.694  -49.628 0.1000000015
28396  -50.364  -46.031  -51.221 0.1000000015
125847  -52.150  -48.075  -52.861 0.1000000015
26681  -52.185  -49.153  -52.936 0.1000000015
24192  -46.343  -51.172  -54.583 0.1000000015
22365  -44.858  -53.079  -55.125 0.1000000015
21509  -44.704  -54.813  -54.477 0.1000000015
31112  -47.863  -43.227  -49.462 0.1000000015
32079  -46.525  -42.669  -48.989 0.1000000015
32078  -45.656  -42.349  -48.679 0.1000000015
33027  -45.490  -41.435  -48.999 0.1000000015
118425  -44.640  -41.268  -48.644 0.1000000015
33938  -44.359  -40.514  -48.924 0.1000000015
33945  -45.649  -40.285  -49.961 0.1000000015
23293  -52.072  -52.935  -54.131 0.1000000015
23279  -51.533  -53.149  -53.509 0.1000000015
25047  -49.469  -50.958  -53.700 0.1000000015
29269  -48.291  -45.633  -49.514 0.1000000015
122808  -49.784  -46.860  -50.890 0.1000000015
27523  -49.914  -47.766  -51.065 0.1000000015
26662  -50.881  -48.618  -51.689 0.1000000015
31100  -47.046  -43.515  -49.011 0.1000000015
30167  -47.448  -44.274  -49.102 0.1000000015
29268  -47.816  -44.977  -49.246 0.1000000015
122775  -48.970  -45.770  -50.176 0.1000000015
122807  -50.560  -47.002  -51.464 0.1000000015
25056  -47.168  -50.904  -54.908 0.1000000015
31098  -45.674  -43.298  -48.357 0.1000000015
32065  -44.342  -42.662  -47.718 0.1000000015
32077  -44.831  -42.125  -48.396 0.1000000015
33026  -44.098  -41.857  -48.022 0.1000000015
33025  -43.859  -41.059  -48.288 0.1000000015
33937  -43.599  -40.293  -48.533 0.1000000015
122415  -51.088  -50.498  -51.544 0.1000000015
24170  -52.177  -52.460  -52.501 0.1000000015
23266  -52.345  -53.026  -53.139 0.1000000015
23253  -51.717  -53.448  -52.172 0.1000000015
25831  -50.621  -49.489  -51.347 0.1000000015
27542  -50.481  -47.939  -51.471 0.1000000015
31099  -46.279  -43.823  -48.487 0.1000000015
32066  -44.976  -42.979  -48.137 0.1000000015
32064  -43.710  -42.287  -47.293 0.1000000015
33925  -43.249  -40.690  -47.814 0.1000000015
33936  -42.980  -39.952  -48.095 0.1000000015
24153  -51.447  -52.459  -51.625 0.1000000015
26648  -50.190  -48.616  -51.172 0.1000000015
30166  -46.786  -44.478  -48.564 0.1000000015
29257  -47.223  -45.152  -48.679 0.1000000015
122809  -49.140  -46.726  -50.305 0.1000000015
27522  -49.326  -47.633  -50.478 0.1000000015
31085  -44.587  -43.436  -47.421 0.1000000015
33012  -43.481  -41.485  -47.558 0.1000000015
33924  -42.705  -40.259  -47.323 0.1000000015
34815  -42.471  -39.511  -47.625 0.1000000015
25826  -49.934  -49.382  -50.762 0.1000000015
27510  -48.720  -47.514  -49.904 0.1000000015
26640  -48.954  -48.375  -50.081 0.1000000015
30159  -46.130  -44.684  -48.035 0.1000000015
29256  -46.623  -45.291  -48.149 0.1000000015
29258  -47.596  -45.838  -48.868 0.1000000015
28380  -48.508  -46.624  -49.706 0.1000000015
31087  -45.581  -44.132  -47.907 0.1000000015
33011  -42.919  -41.047  -47.064 0.1000000015
34806  -42.234  -39.787  -46.815 0.1000000015
34805  -41.782  -39.305  -46.296 0.1000000015
27509  -48.161  -47.433  -49.300 0.1000000015
29243  -47.071  -45.932  -48.248 0.1000000015
28373  -47.892  -46.605  -49.102 0.1000000015
31072  -44.313  -43.812  -46.636 0.1000000015
32053  -43.405  -42.626  -46.535 0.1000000015
32999  -43.156  -41.848  -46.817 0.1000000015
33913  -42.421  -40.586  -46.536 0.1000000015
34794  -41.503  -39.537  -45.516 0.1000000015
31073  -44.949  -44.258  -47.164 0.1000000015
32054  -43.975  -43.075  -46.989 0.1000000015
32052  -42.867  -42.166  -46.091 0.1000000015
32998  -42.643  -41.393  -46.320 0.1000000015
33902  -42.131  -40.972  -45.657 0.1000000015
33901  -41.614  -40.311  -45.170 0.1000000015
32986  -41.718  -41.148  -44.694 0.1000000015
31071  -43.705  -43.385  -46.215 0.1000000015
32040  -42.586  -42.342  -45.260 0.1000000015
115693  -42.473  -41.709  -45.710 0.1000000015
32987  -42.198  -41.639  -45.183 0.1000000015
10039  -42.782  -67.482  -53.402 0.1000000015
10038  -42.049  -67.783  -53.770 0.1000000015
11728  -42.278  -65.768  -53.690 0.1000000015
127035  -40.636  -66.828  -53.915 0.1000000015
12578  -42.243  -64.619  -54.761 0.1000000015
11744  -40.905  -65.290  -54.151 0.1000000015
116977  -39.840  -66.489  -54.051 0.1000000015
12598  -41.817  -64.140  -55.297 0.1000000015
12601  -44.339  -64.091  -55.390 0.1000000015
13498  -45.133  -63.261  -56.354 0.1000000015
12580  -43.900  -64.461  -54.775 0.1000000015
13497  -44.607  -63.558  -56.947 0.1000000015
12599  -42.787  -64.146  -55.431 0.1000000015
14336  -43.681  -62.814  -57.350 0.1000000015
18850  -40.909  -58.094  -55.633 0.1000000015
17901  -42.016  -58.560  -56.381 0.1000000015
17890  -41.396  -58.679  -55.833 0.1000000015
15185  -46.447  -61.372  -55.261 0.1000000015
14328  -45.505  -62.777  -56.696 0.1000000015
14337  -45.279  -62.512  -57.554 0.1000000015
27599  -52.035  -46.824  -55.829 0.1000000015
22427  -45.018  -53.803  -61.198 0.1000000015
113999  -44.841  -53.118  -60.639 0.1000000015
20677  -43.981  -55.697  -60.245 0.1000000015
20665  -43.647  -55.747  -59.361 0.1000000015
20684  -44.492  -55.576  -60.741 0.1000000015
18882  -43.699  -57.654  -59.679 0.1000000015
17902  -42.617  -58.452  -57.095 0.1000000015
17911  -43.134  -58.472  -58.057 0.1000000015
129435  -42.383  -61.654  -56.625 0.1000000015
121768  -43.489  -59.340  -58.586 0.1000000015
17903  -47.167  -58.801  -56.166 0.1000000015
16957  -47.100  -59.700  -55.132 0.2000000030
16055  -46.755  -60.231  -54.708 0.2000000030
18863  -46.893  -58.130  -56.735 0.1000000015
16100  -45.469  -60.295  -58.722 0.1000000015
16087  -43.660  -61.035  -58.203 0.1000000015
25891  -49.801  -49.817  -58.638 0.1000000015
23351  -48.137  -52.535  -60.507 0.1000000015
21573  -45.541  -54.550  -61.164 0.1000000015
20685  -45.463  -55.877  -60.674 0.1000000015
16086  -42.922  -61.134  -57.180 0.1000000015
30223  -52.229  -43.993  -53.038 0.1000000015
23352  -49.197  -52.924  -60.185 0.1000000015
22420  -49.241  -53.609  -60.042 0.1000000015
21574  -46.913  -54.656  -60.925 0.1000000015
17922  -44.425  -59.008  -59.988 0.1000000015
29313  -50.544  -44.804  -53.689 0.1000000015
21528  -46.373  -54.638  -56.621 0.1000000015
22409  -47.454  -54.496  -58.384 0.1000000015
18825  -45.544  -57.929  -54.118 0.2000000030
108850  -46.844  -55.650  -58.351 0.1000000015
23329  -49.472  -52.808  -58.427 0.1000000015
21552  -47.828  -55.076  -59.580 0.1000000015
21551  -47.197  -55.340  -58.964 0.1000000015
25097  -51.671  -51.293  -57.149 0.1000000015
22411  -49.225  -53.787  -59.525 0.1000000015
23341  -49.626  -53.391  -59.067 0.1000000015
20622  -45.233  -55.579  -54.627 0.1000000015
33037  -47.661  -41.076  -50.184 0.1000000015
32110  -48.301  -41.439  -51.208 0.1000000015
127955  -52.012  -52.055  -56.046 0.1000000015
33043  -47.379  -40.931  -50.452 0.1000000015
25845  -52.575  -50.289  -53.367 0.1000000015
25844  -52.081  -50.244  -52.723 0.1000000015
33939  -45.197  -40.697  -49.363 0.1000000015
34826  -43.942  -39.910  -49.241 0.1000000015
20462  -39.346  -55.019  -43.748 0.5000000000
16859  -38.550  -58.839  -47.047 0.5000000000
126740  -37.903  -58.767  -46.505 0.5000000000
21350  -40.047  -54.474  -43.519 0.5000000000
20493  -38.689  -54.844  -44.214 0.5000000000
20492  -38.062  -55.330  -44.393 0.5000000000
17778  -37.955  -58.108  -46.786 0.5000000000
21321  -40.542  -54.259  -42.681 0.5000000000
21349  -39.358  -54.299  -44.127 0.5000000000
22219  -39.752  -53.515  -43.857 0.4000000060
117528  -39.355  -53.770  -44.504 0.4000000060
17797  -39.627  -58.465  -48.542 0.5000000000
17798  -40.029  -58.938  -49.092 0.5000000000
17804  -39.697  -58.022  -49.125 0.5000000000
18773  -39.980  -57.312  -49.592 0.5000000000
19698  -40.357  -56.560  -49.953 0.5000000000
20584  -40.741  -55.749  -50.260 0.4000000060
21452  -41.262  -54.132  -50.484 0.4000000060
110916  -36.159  -59.029  -43.845 0.1000000015
16848  -37.450  -59.092  -45.924 0.5000000000
20443  -40.677  -55.237  -43.147 0.5000000000
20463  -40.156  -55.380  -43.425 0.5000000000
20461  -38.511  -55.449  -43.757 0.5000000000
21303  -41.398  -54.760  -41.613 0.5000000000
21322  -41.077  -55.102  -42.478 0.5000000000
21288  -43.070  -54.898  -39.927 0.5000000000
21287  -42.394  -54.557  -40.391 0.5000000000
130584  -40.924  -54.335  -41.919 0.5000000000
21270  -42.793  -53.947  -39.697 0.4000000060
123143  -41.139  -53.848  -41.234 0.3000000119
21302  -40.698  -53.519  -41.797 0.5000000000
22200  -40.318  -53.174  -42.457 0.4000000060
21385  -38.857  -54.065  -45.608 0.6999999881
20527  -38.088  -55.298  -46.008 0.5000000000
22170  -42.128  -53.608  -40.164 0.3000000119
22179  -40.936  -52.918  -41.045 0.3000000119
22220  -39.966  -52.781  -43.125 0.4000000060
21400  -38.612  -54.666  -46.231 0.6000000238
19652  -38.349  -56.014  -47.299 0.6000000238
112447  -37.938  -56.568  -47.017 0.6000000238
17790  -38.458  -57.870  -47.401 0.5000000000
17791  -39.186  -58.431  -47.827 0.3000000119
23113  -40.637  -52.596  -41.750 0.3000000119
124789  -39.468  -52.961  -45.133 0.4000000060
21401  -39.247  -53.902  -46.451 0.5000000000
20536  -38.934  -55.355  -47.509 0.6000000238
19653  -38.996  -56.148  -47.927 0.6000000238
18754  -38.940  -57.588  -47.896 0.5000000000
118621  -39.373  -57.789  -48.431 0.5000000000
23151  -40.013  -51.873  -43.252 0.4000000060
23162  -39.607  -52.200  -44.749 0.4000000060
131285  -39.486  -54.137  -47.181 0.5000000000
20554  -39.547  -55.383  -48.261 0.5000000000
19666  -39.521  -56.287  -48.613 0.5000000000
18772  -39.636  -57.150  -48.880 0.5000000000
24023  -40.341  -51.186  -43.630 0.4000000060
24037  -39.818  -51.323  -44.730 0.4000000060
23194  -39.866  -51.911  -46.196 0.5000000000
21418  -39.926  -53.962  -47.713 0.5000000000
21436  -39.956  -54.537  -48.290 0.4000000060
19681  -39.955  -56.459  -49.287 0.5000000000
24055  -40.040  -50.901  -45.198 0.4000000060
23195  -40.080  -52.313  -47.078 0.5000000000
21437  -40.276  -54.329  -49.002 0.4000000060
117697  -40.338  -55.801  -49.611 0.4000000060
24088  -40.434  -51.444  -47.501 0.5000000000
23225  -40.511  -52.572  -48.568 0.4000000060
21451  -40.715  -54.206  -49.697 0.4000000060
21464  -40.805  -54.933  -50.074 0.4000000060
24101  -40.654  -51.558  -48.241 0.3000000119
23226  -40.934  -52.454  -49.401 0.4000000060
22305  -41.077  -53.289  -49.920 0.3000000119
23236  -41.441  -52.308  -50.075 0.3000000119
22316  -41.563  -53.091  -50.593 0.3000000119
16794  -35.823  -59.295  -42.442 0.1000000015
16813  -35.830  -59.507  -43.225 0.1000000015
17717  -36.325  -58.441  -42.278 0.1000000015
17743  -36.069  -58.663  -43.100 0.1000000015
130329  -36.340  -58.333  -43.697 0.4000000060
17758  -36.494  -58.594  -44.427 0.4000000060
16841  -36.810  -58.884  -45.209 0.4000000060
17765  -37.090  -58.332  -45.620 0.5000000000
17759  -36.725  -58.011  -44.997 0.4000000060
17777  -37.500  -58.234  -46.180 0.5000000000
19592  -40.777  -55.823  -43.196 0.5000000000
131362  -40.402  -55.981  -43.280 0.5000000000
19591  -39.409  -55.818  -43.353 0.5000000000
117940  -37.186  -57.491  -45.650 0.5000000000
21304  -42.047  -55.159  -41.248 0.5000000000
20439  -41.699  -55.642  -42.183 0.5000000000
20444  -41.346  -55.954  -42.938 0.5000000000
20433  -42.780  -55.440  -40.839 0.5000000000
18718  -37.308  -56.559  -45.282 0.6000000238
21271  -43.489  -54.361  -39.227 0.4000000060
22157  -43.328  -53.391  -39.198 0.2000000030
22139  -43.930  -52.899  -38.799 0.2000000030
22156  -42.596  -52.920  -39.719 0.3000000119
23092  -41.513  -52.508  -40.604 0.3000000119
23999  -40.792  -51.847  -41.922 0.4000000060
23079  -43.355  -52.468  -39.489 0.3000000119
23093  -42.271  -52.261  -40.226 0.3000000119
23952  -43.755  -51.870  -39.841 0.3000000119
23975  -42.526  -51.699  -40.624 0.4000000060
24000  -41.432  -51.615  -41.485 0.4000000060
24001  -42.837  -51.453  -41.230 0.3000000119
24015  -41.288  -51.355  -42.343 0.4000000060
24911  -40.551  -50.667  -44.964 0.4000000060
24926  -40.547  -50.665  -45.843 0.4000000060
127749  -42.233  -51.303  -41.966 0.3000000119
24025  -42.196  -51.037  -43.659 0.3000000119
24927  -41.135  -50.514  -45.455 0.3000000119
24071  -40.240  -51.334  -46.726 0.4000000060
109460  -41.888  -50.536  -45.947 0.3000000119
24960  -41.143  -50.513  -47.347 0.3000000119
24116  -40.891  -51.738  -48.894 0.4000000060
131079  -42.554  -50.756  -46.033 0.2000000030
24072  -42.496  -50.566  -46.723 0.2000000030
24976  -42.411  -50.464  -48.320 0.3000000119
24117  -41.490  -51.434  -49.430 0.3000000119
23196  -43.778  -51.790  -46.512 0.1000000015
24961  -42.894  -50.478  -47.710 0.2000000030
24990  -41.955  -50.676  -48.890 0.4000000060
20528  -45.276  -55.831  -46.812 0.1000000015
18691  -36.478  -57.786  -43.125 0.2000000030
18700  -36.600  -57.787  -44.081 0.4000000060
19585  -41.072  -56.443  -42.990 0.5000000000
19590  -38.299  -56.084  -43.260 0.4000000060
20460  -37.694  -55.935  -43.950 0.4000000060
112259  -37.210  -56.544  -43.987 0.5000000000
125052  -36.951  -57.089  -44.612 0.5000000000
20440  -42.471  -56.064  -41.896 0.5000000000
20445  -41.964  -56.324  -42.573 0.5000000000
111166  -41.830  -56.711  -42.733 0.4000000060
20423  -44.552  -55.517  -39.264 0.4000000060
20434  -43.489  -55.687  -40.381 0.4000000060
20422  -43.788  -55.229  -39.517 0.5000000000
21272  -44.207  -54.761  -38.826 0.4000000060
20408  -44.870  -55.112  -38.691 0.3000000119
21256  -44.003  -53.836  -38.646 0.3000000119
22140  -44.644  -53.249  -38.380 0.2000000030
23080  -44.158  -52.190  -39.216 0.2000000030
22124  -46.038  -52.752  -37.884 0.1000000015
23081  -44.960  -51.963  -39.059 0.3000000119
23934  -45.912  -51.809  -38.868 0.1000000015
23953  -44.551  -51.781  -39.728 0.3000000119
23976  -43.412  -51.635  -40.569 0.3000000119
23954  -45.390  -51.775  -39.606 0.2000000030
24003  -44.165  -51.613  -40.917 0.2000000030
126779  -42.986  -51.352  -42.975 0.2000000030
24041  -43.039  -51.516  -44.109 0.2000000030
23141  -44.712  -52.238  -42.167 0.2000000030
23152  -43.785  -52.064  -43.677 0.2000000030
125242  -44.646  -52.401  -42.715 0.2000000030
23164  -44.274  -52.833  -44.256 0.1000000015
23179  -43.652  -52.087  -45.598 0.2000000030
24073  -43.107  -51.181  -46.053 0.2000000030
22221  -45.014  -53.378  -43.883 0.1000000015
112275  -44.599  -53.475  -44.676 0.1000000015
23197  -44.097  -52.726  -46.149 0.1000000015
110490  -44.244  -52.367  -46.845 0.1000000015
22234  -45.142  -54.042  -44.653 0.1000000015
110646  -45.149  -54.697  -45.492 0.1000000015
109001  -44.414  -53.645  -46.048 0.1000000015
21386  -44.928  -55.050  -46.356 0.1000000015
19632  -45.855  -56.499  -46.524 0.1000000015
18719  -47.311  -58.000  -46.728 0.1000000015
18672  -36.760  -57.691  -42.380 0.3000000119
18649  -38.288  -57.601  -41.252 0.3000000119
18673  -37.498  -57.370  -41.976 0.3000000119
112671  -37.030  -57.065  -42.807 0.3000000119
18692  -36.879  -57.062  -43.633 0.3000000119
18675  -39.753  -57.081  -42.276 0.3000000119
18674  -38.613  -57.063  -42.000 0.3000000119
122329  -41.662  -57.717  -42.530 0.4000000060
18676  -40.865  -57.284  -42.598 0.5000000000
19583  -38.997  -56.457  -42.699 0.4000000060
111893  -44.945  -56.793  -40.567 0.4000000060
19571  -43.640  -56.945  -41.820 0.4000000060
19586  -42.488  -56.824  -42.558 0.5000000000
111022  -47.031  -56.391  -39.219 0.4000000060
19543  -45.970  -56.371  -39.514 0.4000000060
19556  -44.498  -56.468  -40.486 0.4000000060
19555  -43.915  -56.362  -40.867 0.5000000000
20425  -46.228  -55.734  -38.844 0.4000000060
20424  -45.351  -55.707  -39.052 0.4000000060
20426  -46.993  -55.673  -38.636 0.4000000060
20409  -45.589  -55.070  -38.492 0.3000000119
20410  -46.462  -55.079  -38.320 0.3000000119
21258  -45.855  -54.337  -38.031 0.3000000119
21259  -46.728  -54.414  -37.847 0.3000000119
22142  -46.273  -53.585  -37.729 0.2000000030
23048  -46.620  -52.178  -37.887 0.1000000015
23065  -46.100  -52.148  -38.294 0.1000000015
23955  -46.281  -51.691  -39.457 0.1000000015
24004  -44.928  -51.725  -40.441 0.2000000030
23979  -46.735  -51.825  -40.107 0.1000000015
23115  -45.627  -52.095  -41.067 0.2000000030
23978  -45.877  -51.830  -40.222 0.2000000030
23116  -46.212  -52.682  -41.589 0.2000000030
23154  -45.188  -52.773  -42.707 0.1000000015
22201  -46.072  -53.175  -42.376 0.1000000015
22222  -45.620  -53.379  -43.194 0.1000000015
22223  -46.413  -53.803  -43.058 0.1000000015
21351  -45.837  -54.089  -43.857 0.1000000015
20494  -45.732  -55.302  -45.326 0.1000000015
20464  -47.016  -55.154  -44.067 0.1000000015
20495  -46.428  -55.494  -44.831 0.1000000015
19607  -46.888  -56.557  -45.403 0.1000000015
18701  -48.273  -58.091  -45.636 0.1000000015
19633  -47.399  -57.678  -45.928 0.1000000015
18721  -48.618  -58.575  -46.302 0.1000000015
18745  -48.933  -58.644  -46.314 0.1000000015
118025  -49.787  -57.925  -46.302 0.1000000015
20498  -50.229  -55.680  -45.361 0.1000000015
18628  -39.185  -57.831  -40.951 0.3000000119
122118  -38.430  -57.689  -40.409 0.2000000030
17697  -40.103  -58.055  -41.318 0.3000000119
17718  -41.206  -58.136  -42.184 0.4000000060
17699  -41.502  -58.694  -41.700 0.3000000119
18631  -45.169  -57.339  -41.109 0.3000000119
18630  -44.397  -57.000  -41.259 0.3000000119
130210  -44.056  -57.372  -41.900 0.4000000060
18678  -43.274  -58.120  -42.614 0.4000000060
17719  -41.965  -58.391  -42.358 0.3000000119
18608  -46.617  -57.152  -40.068 0.3000000119
19557  -45.623  -56.909  -40.297 0.3000000119
17720  -42.776  -58.640  -42.471 0.4000000060
16795  -43.111  -59.367  -42.250 0.3000000119
19531  -48.662  -56.434  -38.530 0.3000000119
19530  -47.787  -55.993  -38.645 0.3000000119
20413  -49.024  -56.216  -37.938 0.3000000119
20412  -48.348  -55.660  -38.114 0.3000000119
20411  -47.414  -55.177  -38.131 0.3000000119
126644  -47.428  -54.470  -37.674 0.3000000119
21242  -47.083  -53.729  -37.544 0.2000000030
23049  -47.325  -52.224  -37.540 0.1000000015
23050  -48.218  -52.305  -37.095 0.1000000015
23913  -48.604  -51.430  -37.260 0.1000000015
23912  -47.104  -51.713  -37.940 0.1000000015
23937  -48.170  -51.060  -38.240 0.1000000015
23936  -47.356  -51.444  -38.350 0.1000000015
118109  -47.583  -51.283  -38.852 0.1000000015
23095  -46.441  -52.236  -40.854 0.2000000030
23096  -47.260  -52.284  -40.724 0.2000000030
115203  -46.955  -52.804  -41.376 0.2000000030
22202  -46.913  -53.641  -42.401 0.1000000015
22180  -47.381  -53.385  -41.855 0.1000000015
22203  -47.654  -53.935  -42.335 0.1000000015
21352  -46.712  -54.463  -43.544 0.1000000015
21324  -47.894  -54.497  -42.767 0.1000000015
21353  -47.478  -54.814  -43.386 0.1000000015
20465  -47.770  -55.650  -43.908 0.1000000015
21354  -48.233  -55.163  -43.251 0.1000000015
20497  -48.078  -56.764  -44.606 0.1000000015
18722  -49.938  -59.123  -46.165 0.1000000015
17760  -50.470  -59.334  -46.024 0.1000000015
19635  -50.671  -58.446  -46.247 0.1000000015
20520  -50.402  -56.950  -45.887 0.1000000015
20499  -51.021  -56.213  -45.593 0.1000000015
22238  -50.614  -53.977  -44.542 0.1000000015
18604  -38.732  -57.638  -39.501 0.2000000030
17677  -37.905  -57.860  -39.810 0.2000000030
18605  -39.594  -57.484  -39.561 0.2000000030
17678  -39.941  -57.906  -40.587 0.3000000119
18606  -41.222  -57.489  -39.235 0.2000000030
18629  -40.865  -58.078  -40.349 0.3000000119
17679  -40.743  -58.459  -41.144 0.3000000119
18653  -44.525  -57.778  -41.987 0.3000000119
17701  -44.022  -58.424  -42.548 0.3000000119
17700  -42.291  -59.109  -42.079 0.3000000119
18633  -47.488  -57.788  -40.363 0.3000000119
112380  -46.020  -57.559  -40.936 0.3000000119
17702  -44.840  -58.657  -42.382 0.3000000119
17722  -44.295  -59.236  -42.540 0.3000000119
17721  -43.552  -58.959  -42.533 0.3000000119
19544  -49.002  -57.234  -38.979 0.3000000119
17660  -48.406  -57.676  -39.755 0.3000000119
113012  -45.101  -59.496  -42.533 0.3000000119
16797  -44.633  -59.894  -42.459 0.3000000119
16778  -43.566  -59.833  -42.037 0.2000000030
16766  -42.728  -59.466  -41.652 0.2000000030
19533  -50.037  -57.476  -38.207 0.2000000030
19532  -49.412  -56.954  -38.375 0.2000000030
19513  -49.646  -56.669  -37.809 0.3000000119
20398  -48.753  -55.387  -37.521 0.3000000119
21260  -48.071  -54.907  -37.637 0.3000000119
21244  -48.471  -54.506  -37.104 0.2000000030
22126  -47.585  -53.093  -37.314 0.1000000015
21233  -48.918  -53.960  -36.580 0.2000000030
22112  -48.939  -52.919  -36.549 0.1000000015
23028  -49.091  -51.948  -36.633 0.1000000015
24812  -49.680  -50.775  -37.252 0.1000000015
23916  -51.171  -50.913  -36.918 0.1000000015
23917  -52.748  -51.378  -37.504 0.1000000015
24826  -49.720  -50.562  -37.929 0.1000000015
24827  -50.610  -50.473  -38.227 0.1000000015
24828  -51.525  -50.500  -38.445 0.1000000015
24829  -52.753  -50.725  -39.083 0.1000000015
23940  -54.349  -51.819  -39.004 0.1000000015
23083  -55.805  -52.223  -39.340 0.1000000015
24841  -49.013  -50.759  -38.464 0.1000000015
24842  -49.927  -50.632  -38.791 0.1000000015
23960  -51.265  -50.904  -39.725 0.1000000015
24844  -51.859  -50.590  -39.126 0.1000000015
23962  -54.544  -51.874  -39.929 0.1000000015
110915  -55.566  -52.305  -39.976 0.1000000015
126160  -47.806  -51.354  -39.430 0.1000000015
23981  -48.527  -51.490  -39.928 0.1000000015
23980  -47.573  -51.710  -40.051 0.1000000015
23097  -48.145  -52.236  -40.656 0.2000000030
23117  -47.775  -52.873  -41.302 0.1000000015
22181  -48.261  -53.613  -41.821 0.1000000015
128451  -48.257  -54.199  -42.316 0.1000000015
122052  -48.608  -54.710  -42.646 0.1000000015
20446  -49.038  -55.473  -43.114 0.1000000015
19609  -49.042  -57.707  -44.640 0.1000000015
18693  -50.515  -58.852  -44.829 0.1000000015
19610  -49.818  -58.822  -45.040 0.1000000015
19636  -51.453  -58.517  -46.201 0.1000000015
20521  -51.410  -57.562  -46.230 0.1000000015
21380  -51.671  -55.626  -45.552 0.1000000015
17659  -44.425  -58.837  -39.050 0.2000000030
18607  -42.593  -58.376  -39.881 0.2000000030
17680  -41.408  -58.797  -40.986 0.3000000119
16740  -45.083  -59.582  -38.539 0.2000000030
17658  -43.509  -58.547  -39.513 0.2000000030
17682  -43.009  -59.186  -40.663 0.2000000030
17681  -42.143  -59.019  -40.863 0.3000000119
112144  -42.004  -59.085  -41.499 0.3000000119
111055  -48.267  -58.475  -40.618 0.3000000119
17684  -47.362  -58.643  -41.314 0.3000000119
17703  -46.610  -59.294  -42.092 0.3000000119
17723  -45.913  -59.813  -42.497 0.3000000119
17685  -49.144  -58.604  -40.108 0.3000000119
129797  -48.770  -58.966  -40.751 0.3000000119
109464  -47.414  -59.775  -41.907 0.3000000119
130820  -47.305  -60.451  -42.073 0.3000000119
15927  -45.025  -60.373  -42.293 0.3000000119
18564  -50.736  -57.994  -37.863 0.2000000030
18609  -50.414  -58.448  -38.948 0.3000000119
16779  -44.305  -60.113  -42.194 0.2000000030
16767  -43.554  -59.771  -41.403 0.2000000030
19514  -50.278  -57.172  -37.486 0.2000000030
20399  -49.330  -55.901  -37.343 0.3000000119
19501  -49.894  -56.351  -37.088 0.3000000119
21245  -49.109  -54.997  -36.726 0.3000000119
112084  -49.619  -55.647  -36.678 0.3000000119
20380  -49.756  -55.039  -35.962 0.2000000030
22104  -49.918  -54.091  -35.632 0.2000000030
22113  -49.500  -53.493  -36.082 0.2000000030
23016  -50.759  -52.354  -35.790 0.1000000015
23983  -50.641  -51.450  -40.266 0.1000000015
23984  -51.656  -51.394  -40.334 0.1000000015
23985  -52.706  -51.374  -40.411 0.1000000015
23986  -53.706  -51.685  -40.584 0.1000000015
23982  -49.624  -51.482  -40.134 0.1000000015
23099  -50.075  -52.182  -40.709 0.1000000015
23100  -51.035  -52.094  -40.828 0.1000000015
24005  -52.974  -51.781  -41.044 0.1000000015
23098  -49.111  -52.210  -40.649 0.1000000015
23120  -50.497  -52.811  -41.246 0.1000000015
23121  -51.458  -52.797  -41.425 0.1000000015
22185  -52.143  -53.360  -41.962 0.1000000015
23118  -48.675  -52.909  -41.229 0.1000000015
22183  -50.102  -53.532  -41.600 0.1000000015
21306  -50.777  -54.155  -42.036 0.1000000015
22182  -49.210  -53.592  -41.645 0.1000000015
128583  -48.903  -54.215  -42.121 0.1000000015
21326  -50.321  -54.971  -42.459 0.1000000015
21325  -49.411  -54.859  -42.519 0.1000000015
20466  -49.487  -56.581  -43.644 0.1000000015
19594  -50.007  -57.828  -44.225 0.1000000015
18704  -50.875  -59.203  -45.373 0.1000000015
16711  -45.581  -60.228  -36.912 0.3000000119
15857  -46.189  -60.487  -37.969 0.3000000119
16755  -45.628  -59.882  -39.263 0.3000000119
16754  -44.881  -59.504  -39.768 0.2000000030
16753  -44.004  -59.248  -40.287 0.2000000030
15885  -46.793  -60.720  -39.769 0.3000000119
15884  -46.061  -60.343  -40.075 0.3000000119
15897  -45.528  -60.590  -41.261 0.3000000119
16771  -49.838  -59.347  -39.870 0.3000000119
109658  -49.535  -60.461  -40.096 0.3000000119
15899  -47.727  -61.329  -40.966 0.3000000119
122730  -46.108  -60.981  -41.708 0.3000000119
16768  -44.525  -60.033  -41.092 0.2000000030
17625  -51.617  -58.980  -37.575 0.2000000030
16756  -50.434  -59.638  -39.361 0.3000000119
16742  -50.804  -59.864  -38.994 0.3000000119
18565  -51.445  -58.461  -37.403 0.2000000030
18554  -51.863  -58.197  -36.659 0.2000000030
19503  -51.380  -57.336  -36.206 0.2000000030
19502  -50.557  -56.809  -36.626 0.2000000030
19495  -50.879  -56.253  -35.568 0.3000000119
20381  -50.382  -55.433  -35.596 0.2000000030
21225  -50.412  -54.665  -35.348 0.2000000030
21327  -51.294  -55.084  -42.535 0.1000000015
20448  -50.852  -55.912  -42.902 0.1000000015
20467  -50.421  -56.783  -43.472 0.1000000015
17600  -45.330  -59.358  -35.904 0.1000000015
17601  -46.421  -58.921  -35.870 0.2000000030
115689  -45.957  -59.783  -36.422 0.3000000119
131614  -46.187  -60.378  -37.143 0.3000000119
15843  -46.683  -60.482  -37.357 0.3000000119
15859  -47.497  -60.660  -37.696 0.3000000119
14993  -49.132  -61.020  -39.513 0.3000000119
15873  -48.588  -60.975  -38.832 0.3000000119
16743  -51.131  -59.665  -38.459 0.3000000119
15874  -50.750  -60.261  -38.629 0.3000000119
109823  -49.286  -60.900  -38.564 0.3000000119
16729  -52.147  -59.784  -36.869 0.2000000030
18566  -52.093  -58.812  -36.873 0.2000000030
18555  -52.611  -58.566  -36.328 0.1000000015
18535  -53.285  -57.902  -34.886 0.1000000015
19496  -51.773  -56.965  -35.284 0.2000000030
124580  -52.213  -56.673  -34.604 0.2000000030
19488  -51.664  -55.788  -34.560 0.3000000119
113319  -46.987  -59.600  -36.424 0.3000000119
15844  -47.276  -60.430  -37.221 0.3000000119
15845  -48.292  -60.487  -37.299 0.3000000119
112299  -49.239  -60.733  -37.720 0.3000000119
15830  -51.380  -60.518  -36.171 0.3000000119
15862  -51.004  -60.408  -37.756 0.3000000119
128878  -49.811  -60.642  -37.492 0.3000000119
15848  -51.944  -60.394  -36.568 0.2000000030
15849  -52.565  -60.142  -36.181 0.2000000030
17606  -53.665  -59.333  -35.010 0.1000000015
18549  -53.479  -58.543  -35.270 0.1000000015
19490  -53.531  -57.479  -33.946 0.1000000015
19489  -52.812  -57.050  -34.271 0.1000000015
20376  -52.473  -55.924  -33.904 0.1000000015
16694  -48.803  -59.387  -35.998 0.3000000119
17603  -48.439  -58.524  -35.403 0.2000000030
16714  -48.603  -60.027  -36.657 0.3000000119
15846  -49.461  -60.485  -36.982 0.3000000119
16715  -49.483  -60.059  -36.350 0.3000000119
15831  -52.055  -60.601  -35.660 0.2000000030
16696  -50.979  -60.333  -35.402 0.3000000119
114088  -50.376  -60.573  -37.254 0.3000000119
15816  -52.531  -60.601  -34.895 0.2000000030
16697  -51.736  -60.538  -34.911 0.2000000030
16652  -53.577  -58.913  -32.064 0.1000000015
16665  -53.212  -59.780  -33.372 0.1000000015
17563  -53.320  -58.622  -31.600 0.1000000015
16666  -53.796  -59.392  -33.408 0.1000000015
17588  -54.002  -59.133  -34.035 0.1000000015
18536  -53.854  -58.414  -34.435 0.1000000015
17570  -54.158  -58.504  -32.514 0.1000000015
17589  -54.087  -58.487  -33.699 0.1000000015
18520  -54.035  -57.835  -33.482 0.1000000015
19476  -54.317  -57.074  -32.562 0.1000000015
17604  -49.401  -59.048  -35.203 0.2000000030
17586  -49.789  -58.757  -34.457 0.2000000030
16695  -49.930  -59.831  -35.685 0.2000000030
16663  -51.464  -59.590  -33.883 0.2000000030
16673  -50.304  -59.566  -34.880 0.2000000030
17575  -51.844  -59.168  -33.228 0.1000000015
16653  -53.946  -58.835  -32.228 0.1000000015
17565  -54.296  -58.313  -31.792 0.1000000015
18512  -54.561  -57.904  -32.034 0.1000000015
115372  -54.680  -57.243  -32.078 0.1000000015
18484  -54.375  -57.854  -30.486 0.1000000015
18485  -54.716  -57.713  -30.664 0.1000000015
18486  -54.926  -57.313  -30.979 0.1000000015
19448  -54.977  -56.673  -31.373 0.1000000015
19420  -54.990  -57.287  -29.504 0.1000000015
131643  -55.750  -56.295  -28.513 0.1000000015
19421  -55.240  -56.827  -29.770 0.1000000015
127206  -38.321  -54.865  -44.752 0.5000000000
20516  -37.936  -55.291  -45.169 0.4000000060
21375  -38.787  -54.259  -44.778 0.5000000000
21384  -38.370  -54.721  -45.421 0.6000000238
19631  -37.651  -55.924  -45.712 0.5000000000
20491  -37.566  -55.844  -44.820 0.4000000060
124905  -37.600  -57.576  -46.387 0.5000000000
18742  -37.588  -56.757  -46.262 0.5000000000
16849  -38.202  -59.480  -46.392 0.5000000000
18743  -37.893  -57.291  -46.990 0.5000000000
117622  -39.165  -53.570  -45.040 0.4000000060
131184  -40.564  -55.377  -49.837 0.4000000060
19699  -40.784  -56.637  -50.647 0.4000000060
22233  -39.532  -53.102  -44.528 0.3000000119
20535  -38.395  -55.300  -46.814 0.6000000238
131640  -41.951  -52.862  -40.174 0.3000000119
23139  -40.332  -52.244  -42.495 0.4000000060
111963  -39.720  -52.484  -43.885 0.4000000060
113740  -39.324  -53.323  -45.708 0.5000000000
21417  -38.966  -54.660  -46.997 0.6000000238
19645  -37.912  -55.958  -46.577 0.6000000238
18753  -38.478  -56.908  -47.581 0.5000000000
24054  -39.764  -51.585  -45.401 0.4000000060
23178  -39.584  -52.483  -45.603 0.4000000060
22263  -39.764  -53.379  -47.095 0.5000000000
110711  -39.492  -54.692  -47.653 0.5000000000
18762  -39.164  -56.975  -48.223 0.5000000000
23150  -39.840  -51.565  -44.053 0.4000000060
24014  -40.594  -51.527  -42.785 0.4000000060
119621  -39.657  -52.894  -46.361 0.5000000000
24038  -40.136  -50.949  -44.429 0.4000000060
24024  -41.167  -50.960  -43.319 0.3000000119
121813  -40.065  -51.072  -45.964 0.5000000000
22279  -40.183  -53.045  -47.777 0.5000000000
20555  -39.984  -54.997  -48.817 0.4000000060
20569  -39.894  -55.645  -49.037 0.5000000000
22292  -40.263  -53.681  -48.421 0.4000000060
20570  -40.365  -55.044  -49.435 0.4000000060
24974  -40.845  -50.834  -47.847 0.4000000060
24959  -40.614  -50.795  -47.111 0.4000000060
23207  -40.355  -52.174  -47.850 0.4000000060
22304  -40.585  -53.432  -49.199 0.4000000060
19584  -40.133  -56.486  -42.931 0.5000000000
20441  -43.236  -56.186  -41.335 0.5000000000
112891  -44.576  -52.515  -38.732 0.2000000030
130000  -42.793  -52.366  -39.856 0.3000000119
122341  -42.104  -51.509  -41.164 0.4000000060
23094  -42.983  -51.950  -40.029 0.3000000119
23977  -44.158  -51.669  -40.282 0.3000000119
24002  -43.551  -51.531  -41.256 0.3000000119
24016  -43.310  -51.458  -41.961 0.3000000119
119306  -41.935  -51.139  -42.824 0.3000000119
24912  -41.148  -50.584  -44.768 0.3000000119
24039  -41.577  -50.744  -44.242 0.3000000119
130134  -40.453  -50.813  -46.465 0.3000000119
24040  -42.411  -51.027  -44.598 0.3000000119
24928  -41.801  -50.666  -45.070 0.3000000119
24943  -40.851  -50.542  -46.637 0.3000000119
24944  -41.512  -50.426  -46.750 0.3000000119
24056  -42.521  -50.916  -45.453 0.2000000030
115904  -41.951  -50.412  -47.511 0.3000000119
24975  -41.537  -50.576  -48.090 0.4000000060
24102  -41.192  -51.033  -48.584 0.4000000060
24089  -43.408  -50.939  -47.064 0.2000000030
24090  -44.160  -51.548  -47.438 0.2000000030
21403  -44.904  -55.225  -47.059 0.1000000015
20517  -45.420  -55.600  -46.019 0.1000000015
120924  -41.630  -57.115  -42.752 0.4000000060
19589  -37.460  -56.497  -43.340 0.4000000060
19606  -37.292  -56.363  -44.522 0.5000000000
19570  -43.018  -56.677  -42.147 0.5000000000
19542  -45.003  -56.281  -39.825 0.4000000060
21257  -44.875  -54.302  -38.306 0.3000000119
22141  -45.448  -53.457  -38.007 0.2000000030
23064  -45.342  -52.479  -38.396 0.2000000030
24017  -44.112  -51.733  -41.717 0.2000000030
125004  -44.838  -51.932  -41.368 0.2000000030
23140  -44.051  -51.936  -42.659 0.2000000030
114513  -45.446  -52.499  -41.880 0.2000000030
23153  -44.596  -52.629  -43.320 0.1000000015
23163  -43.651  -52.203  -44.667 0.2000000030
131436  -45.113  -53.046  -43.277 0.1000000015
23180  -44.138  -53.032  -45.256 0.2000000030
22249  -44.635  -53.898  -45.358 0.1000000015
22264  -44.466  -53.246  -46.791 0.1000000015
21376  -45.748  -54.715  -44.698 0.1000000015
127565  -44.678  -54.365  -46.003 0.1000000015
21402  -44.698  -54.334  -46.784 0.1000000015
20518  -46.098  -56.099  -45.698 0.1000000015
123290  -46.620  -57.098  -46.218 0.1000000015
18647  -36.853  -57.978  -41.677 0.3000000119
18650  -39.413  -57.547  -41.548 0.3000000119
19582  -37.920  -56.664  -42.621 0.3000000119
18651  -40.377  -57.809  -41.952 0.3000000119
18677  -42.396  -57.586  -42.621 0.4000000060
19587  -43.099  -57.317  -42.528 0.4000000060
22125  -46.774  -52.895  -37.573 0.2000000030
23935  -46.649  -51.755  -38.391 0.1000000015
111046  -46.794  -51.528  -38.867 0.1000000015
23956  -47.106  -51.521  -39.408 0.1000000015
21323  -47.180  -54.200  -42.891 0.1000000015
124504  -46.345  -54.750  -44.181 0.1000000015
20496  -47.285  -56.065  -44.637 0.1000000015
19608  -47.565  -57.043  -45.209 0.1000000015
18702  -49.336  -58.884  -45.826 0.1000000015
114189  -39.119  -57.600  -40.213 0.2000000030
18627  -37.691  -57.873  -40.603 0.2000000030
17698  -40.823  -58.294  -41.647 0.3000000119
18654  -45.452  -58.075  -41.728 0.3000000119
18652  -43.733  -57.690  -42.387 0.4000000060
108913  -47.511  -57.141  -39.686 0.3000000119
111223  -48.086  -56.762  -39.152 0.3000000119
21243  -47.836  -54.043  -37.341 0.1000000015
108878  -47.827  -51.494  -37.713 0.1000000015
23914  -49.355  -51.207  -36.887 0.1000000015
24811  -48.940  -50.888  -37.641 0.1000000015
23957  -48.347  -51.042  -39.023 0.1000000015
124480  -46.703  -53.181  -41.912 0.1000000015
19593  -48.600  -56.176  -43.817 0.1000000015
18581  -40.258  -57.345  -38.750 0.2000000030
117546  -40.364  -57.531  -39.682 0.2000000030
17657  -41.728  -58.191  -40.100 0.2000000030
18632  -46.786  -57.840  -40.858 0.3000000119
17683  -46.355  -58.338  -41.574 0.3000000119
111211  -45.739  -58.912  -42.268 0.3000000119
18584  -49.864  -57.796  -38.845 0.3000000119
126505  -49.335  -57.921  -39.428 0.3000000119
18585  -50.516  -58.233  -38.518 0.3000000119
22127  -48.316  -53.469  -36.972 0.1000000015
21234  -49.409  -54.315  -36.183 0.2000000030
23915  -50.207  -51.026  -36.735 0.1000000015
24813  -50.437  -50.608  -37.400 0.1000000015
115766  -51.921  -50.930  -37.321 0.1000000015
24814  -51.331  -50.584  -37.671 0.1000000015
23939  -53.482  -51.242  -38.794 0.1000000015
24815  -52.151  -50.666  -37.962 0.1000000015
24843  -50.892  -50.567  -39.038 0.1000000015
126636  -52.240  -50.607  -38.617 0.1000000015
111987  -53.423  -51.224  -39.685 0.1000000015
23082  -55.247  -52.190  -39.124 0.1000000015
23958  -49.259  -50.993  -39.347 0.1000000015
23959  -50.258  -50.942  -39.617 0.1000000015
23961  -52.306  -50.938  -39.721 0.1000000015
23103  -56.024  -52.393  -40.127 0.1000000015
17641  -44.389  -59.412  -37.910 0.2000000030
16741  -45.653  -60.136  -38.153 0.3000000119
17704  -48.309  -59.403  -41.240 0.3000000119
15914  -46.271  -60.866  -42.190 0.3000000119
17661  -49.936  -58.479  -39.418 0.3000000119
16769  -49.127  -59.490  -40.672 0.3000000119
15915  -47.812  -61.136  -41.406 0.3000000119
16782  -48.815  -60.221  -41.087 0.3000000119
108784  -46.948  -61.151  -41.484 0.3000000119
15912  -44.751  -60.456  -41.909 0.3000000119
18586  -51.095  -58.667  -38.145 0.3000000119
19515  -51.059  -57.679  -37.082 0.2000000030
17642  -50.844  -58.806  -38.702 0.3000000119
20388  -50.139  -55.925  -36.244 0.3000000119
23029  -49.718  -52.576  -36.112 0.1000000015
22114  -50.236  -53.217  -35.594 0.2000000030
23897  -49.962  -51.717  -36.344 0.1000000015
23102  -54.868  -52.281  -40.801 0.1000000015
23101  -52.039  -51.928  -40.948 0.1000000015
23119  -49.602  -52.881  -41.209 0.1000000015
21305  -49.775  -54.228  -42.025 0.1000000015
20447  -49.916  -55.724  -42.954 0.1000000015
16727  -45.588  -60.244  -37.396 0.3000000119
124060  -44.979  -60.192  -36.999 0.3000000119
15842  -46.137  -60.403  -37.391 0.3000000119
15871  -46.874  -60.691  -38.703 0.3000000119
15898  -46.441  -60.976  -40.879 0.3000000119
15886  -47.504  -60.990  -39.571 0.3000000119
15901  -49.892  -59.989  -39.821 0.3000000119
15011  -48.434  -61.167  -40.787 0.3000000119
15887  -49.583  -60.665  -39.705 0.3000000119
15001  -48.282  -61.107  -39.515 0.3000000119
17643  -51.230  -59.148  -38.296 0.3000000119
16728  -51.588  -59.506  -37.656 0.3000000119
17626  -52.129  -59.194  -36.947 0.2000000030
16757  -50.898  -59.344  -38.848 0.3000000119
20382  -50.985  -55.176  -35.035 0.2000000030
127169  -51.040  -54.368  -34.919 0.2000000030
119136  -50.668  -53.835  -35.185 0.2000000030
16691  -44.344  -59.847  -35.968 0.1000000015
15872  -47.709  -60.845  -38.568 0.3000000119
15860  -48.435  -60.873  -38.071 0.3000000119
15863  -51.616  -60.126  -37.329 0.3000000119
17614  -52.586  -58.943  -36.520 0.2000000030
17605  -53.110  -58.924  -35.934 0.2000000030
18547  -52.279  -57.851  -35.922 0.1000000015
18548  -53.040  -58.206  -35.694 0.1000000015
19497  -52.612  -57.472  -35.160 0.2000000030
17602  -47.600  -58.868  -35.912 0.3000000119
16693  -47.928  -59.568  -36.410 0.3000000119
15847  -51.205  -60.514  -36.912 0.3000000119
15817  -53.260  -60.255  -34.932 0.2000000030
16698  -53.172  -59.804  -35.753 0.2000000030
16677  -53.555  -59.833  -34.160 0.1000000015
16676  -52.918  -60.329  -34.184 0.1000000015
15829  -50.423  -60.418  -36.357 0.3000000119
16674  -51.167  -59.964  -34.571 0.2000000030
16664  -52.346  -59.841  -33.626 0.1000000015
16657  -52.642  -59.458  -32.928 0.1000000015
17554  -54.369  -58.151  -31.098 0.1000000015
18521  -54.256  -58.029  -32.820 0.1000000015
17573  -50.147  -58.405  -33.789 0.2000000030
17587  -50.631  -59.195  -34.181 0.2000000030
17569  -52.227  -58.818  -32.538 0.1000000015
18502  -54.639  -57.807  -31.342 0.1000000015
18468  -55.006  -57.327  -30.238 0.1000000015
16871  -39.789  -59.109  -48.183 0.3000000119
15991  -40.740  -60.292  -47.859 0.3000000119
126831  -40.402  -59.686  -48.454 0.3000000119
12506  -43.542  -63.832  -46.860 0.2000000030
11693  -42.745  -65.367  -48.304 0.2000000030
15093  -40.825  -61.077  -47.200 0.4000000060
15094  -41.716  -61.441  -47.339 0.3000000119
15981  -41.557  -60.671  -47.900 0.3000000119
14241  -42.400  -62.651  -46.800 0.3000000119
15992  -41.852  -60.654  -48.736 0.4000000060
14249  -42.931  -62.457  -47.324 0.3000000119
13396  -43.561  -63.501  -46.954 0.2000000030
16872  -40.681  -59.698  -49.202 0.4000000060
109266  -41.130  -60.205  -48.560 0.4000000060
15103  -42.723  -61.687  -48.160 0.4000000060
17805  -40.076  -58.234  -49.838 0.4000000060
15993  -42.430  -61.303  -48.698 0.4000000060
15096  -42.993  -62.141  -47.805 0.3000000119
12507  -44.163  -63.913  -47.009 0.3000000119
16882  -40.917  -59.906  -49.919 0.4000000060
112452  -42.822  -61.786  -48.618 0.3000000119
14251  -43.994  -63.190  -47.740 0.4000000060
16002  -41.540  -60.489  -49.707 0.4000000060
14257  -43.715  -62.771  -48.355 0.3000000119
16003  -42.121  -61.054  -49.480 0.4000000060
17815  -40.579  -58.348  -50.564 0.4000000060
114969  -43.127  -62.265  -49.546 0.3000000119
18787  -40.388  -57.432  -50.306 0.4000000060
16889  -40.869  -59.288  -50.702 0.4000000060
16011  -41.311  -60.118  -50.664 0.4000000060
15123  -42.393  -61.414  -50.359 0.4000000060
16019  -41.499  -59.408  -51.341 0.4000000060
16012  -41.860  -60.782  -50.493 0.4000000060
15124  -42.936  -62.062  -50.346 0.3000000119
16020  -42.008  -60.193  -51.401 0.4000000060
15129  -42.331  -60.960  -51.157 0.4000000060
14271  -43.503  -62.650  -50.198 0.2000000030
17816  -41.255  -58.410  -51.305 0.4000000060
18788  -40.927  -57.491  -50.983 0.4000000060
110871  -42.109  -59.410  -51.787 0.4000000060
16021  -42.862  -60.531  -51.766 0.4000000060
14277  -43.633  -62.306  -51.096 0.2000000030
13449  -45.001  -63.409  -51.220 0.3000000119
20585  -41.213  -55.924  -50.945 0.3000000119
19711  -41.324  -56.707  -51.262 0.3000000119
18799  -41.544  -57.480  -51.567 0.3000000119
16029  -42.640  -59.729  -52.060 0.3000000119
109137  -44.016  -61.710  -51.800 0.2000000030
14278  -44.657  -62.524  -51.667 0.2000000030
13450  -45.887  -63.941  -51.632 0.2000000030
21465  -41.243  -55.107  -50.699 0.3000000119
16898  -41.904  -58.751  -51.819 0.4000000060
15139  -43.763  -60.900  -52.194 0.1000000015
125466  -41.603  -55.364  -51.223 0.3000000119
121623  -41.738  -55.999  -51.496 0.3000000119
18800  -42.137  -57.494  -52.116 0.2000000030
16912  -43.107  -59.227  -52.519 0.2000000030
14281  -44.729  -61.806  -52.306 0.1000000015
19723  -42.533  -56.796  -52.336 0.2000000030
120719  -43.468  -58.782  -52.820 0.1000000015
16030  -43.367  -59.999  -52.421 0.1000000015
128383  -45.526  -63.077  -51.899 0.1000000015
22330  -41.756  -53.692  -51.038 0.2000000030
121622  -42.302  -56.033  -52.027 0.3000000119
24133  -41.909  -51.539  -50.135 0.2000000030
21475  -41.779  -54.550  -51.253 0.3000000119
20596  -42.658  -55.339  -52.255 0.2000000030
18812  -42.902  -57.608  -52.602 0.1000000015
115434  -44.216  -60.189  -52.846 0.1000000015
128977  -45.321  -61.693  -52.782 0.1000000015
14282  -45.546  -62.412  -52.491 0.1000000015
23237  -41.930  -52.154  -50.709 0.2000000030
22331  -42.270  -53.745  -51.541 0.2000000030
21476  -42.461  -54.556  -51.912 0.2000000030
121621  -42.906  -56.087  -52.534 0.1000000015
19724  -43.151  -56.790  -52.748 0.1000000015
17842  -43.510  -58.144  -52.947 0.1000000015
17843  -44.014  -58.692  -53.183 0.1000000015
16044  -45.152  -60.386  -53.304 0.1000000015
15140  -45.919  -61.932  -53.158 0.1000000015
120382  -46.433  -63.201  -53.130 0.1000000015
22332  -42.705  -52.934  -51.721 0.1000000015
20604  -43.177  -55.485  -52.693 0.1000000015
19732  -43.715  -57.291  -53.181 0.1000000015
17860  -44.734  -58.416  -53.596 0.1000000015
16045  -46.048  -60.657  -53.751 0.1000000015
15141  -46.322  -62.089  -53.522 0.1000000015
13458  -46.418  -63.796  -53.143 0.1000000015
121620  -43.630  -56.137  -53.143 0.1000000015
17861  -45.570  -58.917  -53.953 0.1000000015
119917  -46.537  -61.836  -54.034 0.1000000015
14302  -46.536  -62.525  -54.111 0.1000000015
130160  -46.251  -59.363  -54.280 0.1000000015
123475  -52.309  -54.982  -33.924 0.2000000030
24118  -42.317  -50.872  -49.687 0.2000000030
24134  -42.581  -51.273  -50.541 0.1000000015
22317  -42.085  -52.945  -51.175 0.1000000015
23247  -42.535  -52.079  -51.249 0.1000000015
21486  -43.144  -54.671  -52.557 0.1000000015
20605  -43.522  -55.246  -53.011 0.1000000015
122166  -44.305  -56.026  -53.716 0.1000000015
14288  -46.447  -62.578  -53.640 0.1000000015
15152  -46.242  -61.463  -53.658 0.1000000015
16931  -45.746  -59.791  -53.809 0.1000000015
14242  -43.233  -62.995  -46.987 0.3000000119
15095  -42.457  -61.904  -47.463 0.3000000119
15102  -42.248  -61.140  -48.013 0.3000000119
13413  -43.827  -63.349  -47.259 0.3000000119
16873  -41.295  -60.187  -49.161 0.4000000060
15104  -43.169  -62.166  -48.233 0.3000000119
16881  -40.411  -59.125  -49.955 0.4000000060
15114  -43.180  -62.188  -48.825 0.3000000119
15130  -43.045  -61.478  -51.327 0.2000000030
117114  -44.211  -62.953  -50.779 0.2000000030
17828  -41.814  -58.070  -51.841 0.3000000119
16899  -42.488  -58.977  -52.217 0.2000000030
19712  -41.905  -56.750  -51.827 0.3000000119
131245  -44.291  -61.354  -52.256 0.1000000015
17829  -42.343  -58.233  -52.237 0.4000000060
17841  -42.959  -58.494  -52.579 0.2000000030
16913  -43.795  -59.379  -52.873 0.1000000015
13455  -46.110  -63.194  -52.482 0.1000000015
16031  -44.710  -61.066  -52.704 0.1000000015
20595  -42.088  -55.295  -51.692 0.3000000119
16914  -44.716  -59.398  -53.388 0.1000000015
16032  -45.586  -61.211  -53.239 0.1000000015
14283  -46.254  -62.579  -53.082 0.1000000015
22343  -42.901  -53.767  -52.129 0.1000000015
17859  -44.068  -58.024  -53.338 0.1000000015
13468  -46.478  -63.092  -53.754 0.1000000015
18824  -44.565  -57.582  -53.655 0.1000000015
13467  -46.240  -63.597  -54.043 0.1000000015
20614  -43.960  -55.376  -53.516 0.1000000015
23261  -43.303  -52.927  -52.316 0.1000000015
16843  -37.879  -60.033  -45.812 0.3000000119
15972  -38.588  -60.302  -46.161 0.2000000030
15966  -38.911  -60.959  -45.913 0.3000000119
15973  -39.278  -60.613  -46.418 0.2000000030
15083  -39.468  -61.488  -46.068 0.2000000030
15974  -39.999  -60.922  -46.711 0.2000000030
14238  -39.769  -62.333  -46.118 0.1000000015
15084  -40.341  -61.701  -46.417 0.2000000030
15980  -39.648  -60.170  -47.074 0.3000000119
13392  -39.877  -63.024  -46.447 0.1000000015
13393  -40.832  -63.152  -46.519 0.1000000015
14239  -40.579  -62.496  -46.351 0.1000000015
14240  -41.455  -62.577  -46.543 0.1000000015
13429  -40.225  -63.706  -47.660 0.1000000015
118134  -40.306  -63.443  -46.812 0.1000000015
13411  -41.053  -63.607  -46.907 0.1000000015
12533  -40.647  -64.130  -48.539 0.1000000015
12517  -41.236  -63.968  -47.615 0.1000000015
16850  -38.946  -59.789  -46.753 0.3000000119
15085  -41.177  -61.870  -46.625 0.2000000030
113010  -41.988  -64.268  -47.450 0.1000000015
12544  -41.073  -64.623  -49.177 0.1000000015
16860  -39.365  -59.359  -47.441 0.2000000030
13412  -41.958  -63.838  -46.932 0.1000000015
11705  -41.465  -65.229  -49.670 0.1000000015
12534  -41.518  -64.450  -48.258 0.1000000015
108843  -40.047  -59.833  -47.723 0.3000000119
13395  -42.809  -63.440  -46.789 0.1000000015
11692  -41.893  -64.994  -48.807 0.1000000015
12535  -42.372  -64.732  -47.856 0.1000000015
12518  -42.858  -64.244  -46.991 0.1000000015
11706  -42.309  -65.609  -49.307 0.1000000015
11679  -43.297  -64.952  -47.434 0.1000000015
12519  -43.915  -64.377  -46.954 0.1000000015
10842  -42.725  -66.336  -49.713 0.1000000015
10823  -43.148  -66.073  -48.739 0.1000000015
11680  -44.278  -65.154  -47.264 0.1000000015
12520  -44.764  -64.670  -47.280 0.1000000015
10005  -42.463  -67.734  -50.402 0.1000000015
10843  -43.578  -66.878  -49.173 0.1000000015
10824  -44.005  -66.562  -48.147 0.1000000015
117725  -45.113  -65.537  -47.338 0.1000000015
9963  -44.436  -67.510  -48.409 0.1000000015
127427  -40.266  -60.459  -47.321 0.3000000119
15086  -41.874  -62.072  -46.856 0.2000000030
13394  -41.759  -63.254  -46.573 0.1000000015
10855  -42.166  -66.766  -50.340 0.1000000015
9982  -43.139  -67.201  -50.026 0.1000000015
10807  -44.545  -66.059  -47.562 0.1000000015
9180  -41.817  -68.367  -50.601 0.1000000015
13414  -44.375  -63.721  -47.488 0.2000000030
10810  -46.778  -66.597  -47.805 0.1000000015
9161  -46.666  -68.365  -48.372 0.1000000015
10826  -47.133  -66.567  -48.377 0.2000000030
9170  -46.133  -69.178  -48.840 0.1000000015
11695  -46.155  -65.347  -47.929 0.2000000030
11696  -46.790  -65.982  -48.180 0.2000000030
114931  -47.167  -67.754  -48.818 0.2000000030
12546  -46.573  -65.533  -48.842 0.1000000015
9183  -46.329  -68.957  -49.597 0.1000000015
10844  -47.345  -66.854  -49.087 0.2000000030
12552  -46.983  -65.630  -49.875 0.1000000015
13415  -44.966  -64.199  -47.833 0.2000000030
12536  -45.795  -64.813  -48.451 0.1000000015
9985  -47.150  -67.394  -49.702 0.1000000015
130513  -47.340  -66.666  -49.757 0.1000000015
13430  -44.444  -63.541  -48.232 0.2000000030
13431  -45.076  -64.230  -48.619 0.2000000030
12545  -46.388  -65.148  -49.611 0.1000000015
125219  -46.548  -65.164  -50.020 0.1000000015
13438  -44.681  -63.827  -49.471 0.1000000015
14262  -43.573  -62.716  -49.269 0.2000000030
14263  -44.047  -63.236  -48.989 0.2000000030
14272  -43.999  -63.252  -49.878 0.2000000030
12551  -46.215  -64.821  -50.610 0.1000000015
13439  -45.584  -64.542  -49.555 0.1000000015
13443  -45.309  -64.116  -50.558 0.1000000015
109418  -46.694  -65.334  -50.700 0.1000000015
12521  -45.357  -64.735  -47.629 0.1000000015
11682  -46.280  -65.926  -47.681 0.1000000015
16842  -37.171  -59.765  -45.328 0.2000000030
15965  -38.298  -60.814  -45.656 0.1000000015
18648  -37.441  -57.810  -41.267 0.2000000030
17676  -36.937  -58.264  -40.794 0.1000000015
18580  -39.388  -57.523  -38.825 0.1000000015
18579  -38.775  -57.753  -38.821 0.1000000015
126582  -42.125  -57.767  -39.261 0.1000000015
17624  -43.569  -59.467  -37.340 0.2000000030
17620  -39.792  -58.057  -37.531 0.1000000015
16726  -44.241  -60.068  -36.929 0.2000000030
17640  -43.663  -58.616  -38.390 0.1000000015
110280  -42.775  -58.517  -37.728 0.1000000015
18582  -41.040  -57.382  -38.249 0.1000000015
18560  -39.812  -57.541  -38.193 0.1000000015
17639  -42.866  -58.003  -38.832 0.1000000015
110976  -44.618  -60.051  -36.628 0.2000000030
17638  -39.215  -57.853  -38.276 0.1000000015
18583  -41.944  -57.669  -38.276 0.1000000015
17623  -42.240  -59.031  -37.053 0.1000000015
16831  -36.552  -59.559  -44.596 0.1000000015
17585  -48.974  -58.267  -34.751 0.1000000015
18546  -48.271  -57.853  -34.988 0.1000000015
18545  -47.513  -57.961  -35.346 0.1000000015
18531  -46.837  -57.175  -35.066 0.1000000015
18529  -44.694  -57.561  -35.057 0.1000000015
126461  -47.030  -58.406  -35.629 0.1000000015
19487  -48.068  -56.739  -34.016 0.1000000015
130155  -47.388  -56.185  -33.908 0.1000000015
20375  -46.627  -55.924  -34.092 0.1000000015
19484  -45.161  -56.470  -34.682 0.1000000015
18533  -48.570  -57.529  -34.388 0.1000000015
18532  -47.746  -57.280  -34.737 0.1000000015
19485  -46.200  -56.444  -34.689 0.1000000015
18528  -43.591  -57.558  -34.680 0.1000000015
18517  -48.936  -57.203  -33.704 0.1000000015
20360  -45.310  -55.348  -33.382 0.1000000015
20363  -48.298  -55.938  -32.971 0.1000000015
121691  -47.109  -55.646  -33.466 0.1000000015
20361  -46.229  -55.405  -33.480 0.1000000015
19472  -48.575  -56.504  -33.316 0.1000000015
20374  -45.682  -55.784  -34.142 0.1000000015
20373  -44.584  -55.773  -33.919 0.1000000015
18518  -49.732  -57.608  -33.438 0.1000000015
18519  -50.559  -58.013  -33.171 0.1000000015
21198  -46.978  -54.823  -31.956 0.1000000015
109851  -46.811  -55.135  -32.761 0.1000000015
20342  -45.864  -55.037  -32.772 0.1000000015
20344  -48.315  -55.500  -32.355 0.1000000015
19457  -48.895  -56.197  -32.698 0.1000000015
18509  -50.107  -57.261  -32.792 0.1000000015
17574  -50.993  -58.805  -33.524 0.1000000015
21215  -51.766  -54.471  -34.391 0.1000000015
22106  -52.230  -53.011  -34.962 0.1000000015
19459  -50.538  -56.859  -32.154 0.1000000015
22105  -51.164  -53.083  -35.215 0.1000000015
21216  -52.734  -54.012  -33.826 0.1000000015
23018  -53.039  -52.592  -35.571 0.1000000015
20362  -47.661  -55.533  -32.912 0.1000000015
128192  -46.299  -54.860  -32.196 0.1000000015
21197  -45.579  -54.839  -32.030 0.1000000015
18543  -45.576  -58.291  -35.454 0.1000000015
17584  -44.631  -58.843  -35.428 0.1000000015
18544  -46.543  -57.962  -35.427 0.1000000015
18534  -49.383  -57.926  -34.110 0.1000000015
21226  -51.527  -53.687  -34.761 0.1000000015
19486  -47.167  -56.574  -34.473 0.1000000015
18530  -45.817  -57.232  -35.165 0.1000000015
19473  -49.329  -56.860  -33.082 0.1000000015
19458  -49.673  -56.519  -32.440 0.1000000015
22092  -52.479  -53.507  -34.438 0.1000000015
23017  -51.912  -52.491  -35.480 0.1000000015
24991  -42.807  -50.491  -49.126 0.1000000015
24992  -43.624  -50.466  -49.351 0.1000000015
24977  -43.277  -50.466  -48.566 0.1000000015
15052  -36.011  -61.342  -44.026 0.1000000015
130037  -36.576  -61.156  -44.455 0.1000000015
15065  -37.107  -61.119  -44.827 0.1000000015
15051  -35.423  -61.464  -43.179 0.1000000015
15064  -36.600  -61.663  -44.593 0.1000000015
15952  -36.433  -60.532  -44.327 0.1000000015
15938  -35.743  -60.481  -43.446 0.1000000015
113467  -35.224  -62.296  -42.949 0.1000000015
15937  -35.352  -60.873  -42.698 0.1000000015
131340  -35.283  -62.940  -42.265 0.1000000015
15039  -35.182  -61.574  -42.308 0.1000000015
10736  -44.983  -66.218  -39.306 0.1000000015
11563  -44.326  -65.601  -39.567 0.1000000015
9871  -43.957  -66.962  -42.946 0.1000000015
9880  -43.576  -67.788  -43.196 0.1000000015
10778  -43.177  -67.063  -43.754 0.1000000015
10777  -42.426  -66.969  -43.789 0.1000000015
15953  -36.960  -60.329  -44.908 0.1000000015
9120  -42.260  -69.112  -44.226 0.1000000015
10776  -41.345  -66.978  -43.681 0.1000000015
122567  -35.195  -62.999  -42.822 0.1000000015
13359  -35.343  -63.512  -42.562 0.1000000015
15076  -38.681  -61.519  -45.633 0.1000000015
9911  -41.222  -68.446  -44.543 0.1000000015
9892  -39.666  -67.426  -44.216 0.1000000015
10773  -37.735  -66.458  -43.624 0.1000000015
12467  -35.447  -64.138  -42.795 0.1000000015
12454  -35.721  -63.993  -42.145 0.1000000015
13348  -35.507  -63.288  -41.884 0.1000000015
14202  -35.216  -62.391  -42.269 0.1000000015
8280  -40.976  -69.968  -44.632 0.1000000015
10783  -38.584  -67.133  -44.312 0.1000000015
12455  -36.933  -65.120  -42.257 0.1000000015
13349  -36.203  -63.664  -41.467 0.1000000015
11576  -44.407  -65.618  -40.444 0.1000000015
11593  -44.242  -65.649  -41.193 0.1000000015
11611  -43.775  -65.590  -41.953 0.1000000015
118559  -36.091  -59.785  -43.913 0.1000000015
10766  -43.651  -66.595  -43.247 0.1000000015
10765  -42.992  -66.299  -43.346 0.1000000015
11628  -43.448  -65.866  -42.737 0.1000000015
15075  -37.899  -61.384  -45.331 0.1000000015
10762  -39.469  -66.337  -42.828 0.1000000015
10761  -38.379  -66.213  -42.844 0.1000000015
11623  -37.425  -65.803  -42.785 0.1000000015
14188  -35.330  -62.602  -41.700 0.1000000015
11624  -38.843  -65.673  -42.272 0.1000000015
12469  -37.900  -65.377  -42.160 0.1000000015
125349  -36.574  -64.388  -41.824 0.1000000015
14189  -35.794  -62.945  -41.156 0.1000000015
123381  -43.442  -65.251  -38.781 0.1000000015
11562  -43.668  -64.980  -39.774 0.1000000015
109722  -42.321  -65.706  -37.132 0.1000000015
11552  -42.330  -66.069  -36.279 0.1000000015
12438  -43.951  -65.070  -40.672 0.1000000015
12437  -43.312  -64.655  -40.170 0.1000000015
12461  -43.236  -64.924  -41.421 0.1000000015
15926  -35.221  -60.729  -42.033 0.1000000015
11610  -42.997  -65.243  -42.109 0.1000000015
11627  -42.552  -65.675  -42.693 0.1000000015
11626  -41.329  -65.707  -42.472 0.1000000015
10763  -40.693  -66.358  -42.942 0.1000000015
11625  -40.075  -65.734  -42.312 0.1000000015
12456  -37.698  -64.664  -41.625 0.1000000015
13350  -37.233  -63.919  -41.173 0.1000000015
11607  -39.525  -65.154  -41.737 0.1000000015
12457  -38.548  -65.033  -41.710 0.1000000015
11551  -41.530  -65.497  -36.401 0.1000000015
16812  -35.493  -60.120  -42.603 0.1000000015
11556  -42.468  -65.163  -38.036 0.1000000015
11541  -41.657  -65.597  -35.540 0.1000000015
11530  -41.986  -65.428  -34.703 0.1000000015
15911  -35.292  -60.617  -41.258 0.1000000015
12422  -42.165  -64.254  -39.192 0.1000000015
111791  -41.822  -64.595  -38.332 0.1000000015
15028  -35.177  -61.248  -41.598 0.1000000015
12447  -42.425  -64.496  -40.699 0.1000000015
12436  -42.513  -64.287  -39.982 0.1000000015
13332  -36.756  -63.191  -40.807 0.1000000015
14187  -35.175  -61.907  -41.585 0.1000000015
12460  -42.253  -64.776  -41.406 0.1000000015
13351  -38.372  -64.089  -40.988 0.1000000015
11608  -40.672  -65.179  -41.809 0.1000000015
12415  -41.464  -65.071  -37.332 0.1000000015
15009  -35.307  -61.327  -40.824 0.1000000015
14167  -36.269  -62.461  -40.459 0.1000000015
12458  -40.026  -64.609  -41.266 0.1000000015
12446  -41.404  -64.300  -40.678 0.1000000015
11609  -41.893  -65.181  -41.972 0.1000000015
12459  -41.131  -64.663  -41.318 0.1000000015
14996  -35.698  -60.902  -39.954 0.1000000015
16776  -35.680  -59.817  -40.824 0.1000000015
15010  -35.867  -61.688  -40.153 0.1000000015
13333  -37.846  -63.317  -40.577 0.1000000015
14168  -37.305  -62.644  -40.194 0.1000000015
14149  -36.776  -61.945  -39.778 0.1000000015
13323  -41.658  -63.972  -39.517 0.1000000015
13352  -39.421  -64.064  -40.788 0.1000000015
13334  -38.944  -63.329  -40.370 0.1000000015
13337  -41.588  -63.978  -40.058 0.1000000015
12445  -40.380  -64.139  -40.706 0.1000000015
123431  -39.791  -63.591  -40.352 0.1000000015
15896  -35.834  -60.126  -39.968 0.1000000015
14997  -36.394  -61.170  -39.485 0.1000000015
110715  -40.629  -64.550  -37.106 0.1000000015
14151  -38.628  -62.390  -39.388 0.1000000015
14150  -37.748  -62.174  -39.536 0.1000000015
14169  -38.285  -62.757  -40.005 0.1000000015
16751  -36.428  -59.614  -39.474 0.1000000015
15882  -36.327  -60.418  -39.395 0.1000000015
14998  -37.281  -61.446  -39.132 0.1000000015
15883  -36.976  -60.661  -38.898 0.1000000015
11550  -40.893  -65.041  -36.532 0.1000000015
13335  -39.620  -63.149  -39.908 0.1000000015
13322  -40.857  -63.637  -39.463 0.1000000015
16752  -37.007  -59.068  -38.999 0.1000000015
13310  -41.159  -64.022  -38.743 0.1000000015
11542  -42.501  -66.000  -35.382 0.1000000015
13274  -42.546  -63.653  -32.930 0.1000000015
12378  -42.039  -64.301  -33.497 0.1000000015
12396  -41.505  -64.797  -34.108 0.1000000015
12397  -42.515  -64.990  -34.019 0.1000000015
122344  -43.982  -66.302  -42.030 0.1000000015
10764  -41.941  -66.277  -43.190 0.1000000015
9894  -41.880  -67.727  -44.185 0.1000000015
9893  -40.786  -67.646  -44.202 0.1000000015
10775  -40.126  -66.947  -43.517 0.1000000015
10774  -38.958  -66.794  -43.489 0.1000000015
11639  -36.803  -65.899  -43.477 0.1000000015
11622  -36.372  -65.348  -43.009 0.1000000015
130240  -35.528  -64.869  -44.039 0.1000000015
12462  -43.846  -65.166  -41.239 0.1000000015
14166  -35.457  -62.197  -40.920 0.1000000015
11561  -42.786  -64.688  -38.923 0.1000000015
121722  -39.049  -64.573  -41.314 0.1000000015
15895  -35.484  -60.576  -40.544 0.1000000015
14170  -39.002  -62.820  -39.836 0.1000000015
12379  -43.045  -64.387  -33.473 0.1000000015
3353  -36.287  -78.122  -52.674 0.1000000015
2879  -36.226  -78.604  -52.296 0.1000000015
115327  -34.023  -74.260  -55.026 0.1000000015
4924  -34.274  -74.868  -54.426 0.1000000015
4925  -35.146  -74.951  -54.154 0.1000000015
122599  -35.459  -75.638  -53.715 0.1000000015
3366  -35.357  -77.965  -54.010 0.1000000015
4935  -34.316  -74.098  -55.716 0.1000000015
5553  -34.200  -74.320  -57.529 0.1000000015
4960  -34.153  -74.462  -58.406 0.1000000015
3354  -37.224  -77.482  -52.236 0.1000000015
3343  -37.104  -77.739  -51.813 0.1000000015
3332  -36.826  -77.800  -51.440 0.1000000015
3879  -36.955  -76.969  -52.811 0.1000000015
4394  -35.363  -76.398  -53.532 0.1000000015
3878  -36.127  -77.233  -53.136 0.1000000015
2867  -35.961  -78.863  -51.925 0.1000000015
118325  -34.811  -74.333  -54.886 0.1000000015
3351  -35.290  -77.221  -53.558 0.1000000015
127318  -34.712  -76.594  -53.727 0.1000000015
112146  -35.362  -74.420  -55.827 0.1000000015
4962  -35.851  -74.881  -58.204 0.1000000015
4961  -34.977  -74.725  -58.340 0.1000000015
4980  -35.621  -74.682  -59.030 0.1000000015
6200  -36.206  -72.605  -50.894 0.1000000015
5493  -35.923  -74.085  -50.711 0.1000000015
6910  -36.984  -72.417  -50.588 0.1000000015
113583  -37.425  -77.414  -51.469 0.1000000015
3318  -37.399  -77.274  -50.989 0.1000000015
3317  -36.697  -77.397  -50.893 0.1000000015
4355  -36.515  -75.722  -50.429 0.1000000015
4354  -35.702  -75.570  -50.798 0.1000000015
4896  -36.585  -74.650  -50.362 0.1000000015
3873  -37.719  -77.169  -51.822 0.1000000015
122392  -36.418  -76.706  -50.662 0.1000000015
3880  -37.622  -76.783  -52.473 0.1000000015
3331  -36.195  -77.990  -51.203 0.1000000015
121144  -36.322  -76.150  -53.399 0.1000000015
4949  -36.094  -74.826  -57.023 0.1000000015
6924  -37.740  -71.186  -51.080 0.1000000015
6187  -36.740  -73.207  -50.434 0.1000000015
122024  -37.158  -71.686  -50.885 0.1000000015
4356  -37.537  -75.933  -50.217 0.1000000015
110890  -37.361  -75.130  -50.088 0.1000000015
4897  -37.293  -74.365  -50.072 0.1000000015
3841  -37.845  -76.611  -50.583 0.1000000015
3842  -38.359  -76.407  -50.654 0.1000000015
4410  -37.083  -75.457  -53.885 0.1000000015
4926  -36.781  -74.886  -54.756 0.1000000015
123686  -35.774  -74.541  -54.771 0.1000000015
4936  -36.453  -74.737  -55.846 0.1000000015
4950  -37.175  -74.931  -57.081 0.1000000015
4396  -38.023  -76.009  -52.923 0.1000000015
5495  -37.221  -73.729  -50.149 0.1000000015
4395  -37.381  -76.209  -53.194 0.1000000015
6186  -36.014  -73.377  -50.782 0.1000000015
124126  -38.230  -76.717  -51.612 0.1000000015
4385  -38.563  -76.234  -51.831 0.1000000015
6199  -35.405  -72.716  -51.245 0.1000000015
4398  -38.913  -74.988  -53.099 0.1000000015
4918  -39.385  -74.646  -52.304 0.1000000015
6207  -41.028  -72.722  -52.605 0.1000000015
5476  -37.942  -74.026  -49.744 0.1000000015
125833  -38.078  -75.439  -49.857 0.1000000015
4357  -38.796  -75.925  -50.289 0.1000000015
115835  -39.004  -75.904  -51.331 0.1000000015
4898  -39.726  -75.087  -49.830 0.1000000015
4386  -38.891  -75.513  -52.112 0.1000000015
4914  -40.120  -74.361  -51.319 0.1000000015
4347  -39.233  -75.343  -49.823 0.1000000015
4345  -38.108  -74.800  -49.688 0.1000000015
4881  -38.944  -74.960  -49.499 0.1000000015
4899  -40.289  -74.500  -49.600 0.1000000015
4374  -39.288  -75.619  -50.479 0.1000000015
5519  -39.622  -74.136  -53.497 0.1000000015
4913  -39.969  -74.971  -50.333 0.1000000015
2855  -36.294  -78.336  -51.597 0.1000000015
2856  -36.555  -78.281  -51.850 0.1000000015
3342  -36.743  -78.052  -52.192 0.1000000015
3829  -38.262  -76.025  -50.160 0.1000000015
3840  -37.090  -76.673  -50.532 0.1000000015
3861  -38.684  -76.387  -51.015 0.1000000015
3881  -38.123  -76.529  -52.208 0.1000000015
4346  -38.667  -75.520  -49.803 0.1000000015
4409  -36.085  -75.114  -53.944 0.1000000015
4882  -39.672  -74.768  -49.463 0.1000000015
4934  -33.505  -74.739  -54.830 0.1000000015
4948  -34.917  -74.459  -57.010 0.1000000015
5494  -36.592  -73.901  -50.384 0.1000000015
5506  -35.177  -73.498  -51.226 0.1000000015
5512  -39.950  -73.934  -52.434 0.1000000015
5532  -33.318  -74.164  -55.583 0.1000000015
6923  -36.490  -71.765  -51.097 0.1000000015
9087  -43.425  -67.717  -43.787 0.1000000015
9119  -41.396  -69.243  -44.594 0.1000000015
9171  -46.805  -68.419  -49.149 0.2000000030
9881  -43.581  -67.407  -43.574 0.1000000015
9912  -42.174  -68.503  -44.300 0.1000000015
9954  -46.504  -67.210  -47.614 0.1000000015
9966  -47.073  -67.422  -48.091 0.2000000030
10057  -41.177  -67.610  -54.052 0.1000000015
10882  -40.663  -66.041  -53.873 0.1000000015
11557  -43.117  -65.664  -37.880 0.1000000015
11694  -43.641  -65.718  -47.812 0.1000000015
11707  -47.131  -66.101  -49.044 0.2000000030
11727  -41.497  -65.904  -53.756 0.1000000015
11729  -43.510  -66.073  -53.189 0.1000000015
12414  -41.045  -64.484  -37.869 0.1000000015
12423  -42.907  -64.512  -39.613 0.1000000015
12448  -43.307  -64.724  -40.714 0.1000000015
12468  -35.974  -64.674  -42.518 0.1000000015
12477  -35.579  -64.671  -43.392 0.1000000015
12564  -46.171  -64.201  -53.494 0.1000000015
12576  -39.472  -64.480  -54.166 0.1000000015
12579  -43.140  -64.560  -54.768 0.1000000015
12597  -40.837  -64.050  -55.068 0.1000000015
13464  -38.449  -63.157  -54.696 0.1000000015
13483  -44.729  -63.659  -55.922 0.1000000015
13496  -42.830  -63.300  -56.423 0.1000000015
14250  -43.472  -62.668  -47.649 0.4000000060
14300  -38.702  -62.513  -55.069 0.1000000015
14315  -40.985  -62.791  -55.683 0.1000000015
14327  -44.770  -62.951  -57.483 0.1000000015
15000  -48.001  -61.315  -40.338 0.3000000119
15012  -49.115  -60.944  -40.263 0.3000000119
15113  -42.678  -61.715  -49.332 0.3000000119
15182  -39.914  -61.594  -55.452 0.1000000015
15200  -45.725  -62.021  -56.895 0.1000000015
15217  -45.363  -61.663  -58.074 0.1000000015
15832  -52.840  -60.458  -35.526 0.2000000030
15858  -46.793  -60.651  -37.880 0.3000000119
15861  -50.121  -60.639  -38.100 0.3000000119
15870  -46.263  -60.330  -38.911 0.3000000119
15875  -51.356  -60.035  -38.064 0.3000000119
15888  -50.178  -60.262  -39.388 0.3000000119
15900  -49.025  -60.672  -40.728 0.3000000119
15913  -45.542  -60.742  -42.067 0.3000000119
15916  -48.500  -60.852  -41.213 0.3000000119
15928  -45.651  -60.534  -42.286 0.3000000119
16075  -45.853  -61.356  -57.260 0.1000000015
16098  -44.177  -60.893  -58.908 0.1000000015
16658  -53.020  -59.158  -32.255 0.1000000015
16659  -53.564  -59.322  -32.670 0.1000000015
16660  -53.975  -59.063  -32.819 0.1000000015
16667  -54.099  -58.823  -33.278 0.1000000015
16675  -52.012  -60.277  -34.301 0.2000000030
16712  -46.553  -60.246  -36.910 0.3000000119
16713  -47.592  -60.111  -36.834 0.3000000119
16716  -52.677  -59.408  -36.410 0.2000000030
16770  -49.436  -60.101  -40.458 0.3000000119
16780  -46.676  -60.350  -42.327 0.3000000119
16781  -47.944  -60.444  -41.643 0.3000000119
16796  -43.890  -59.631  -42.369 0.3000000119
16798  -45.360  -60.152  -42.484 0.3000000119
16799  -45.966  -60.431  -42.410 0.3000000119
16983  -43.945  -59.447  -59.613 0.1000000015
16984  -44.770  -59.790  -59.511 0.1000000015
17562  -52.577  -58.508  -31.799 0.1000000015
17564  -53.918  -58.553  -31.593 0.1000000015
17662  -50.529  -58.993  -39.219 0.3000000119
17761  -50.819  -59.280  -45.872 0.1000000015
17876  -47.112  -58.526  -54.967 0.2000000030
17889  -40.708  -58.753  -55.540 0.1000000015
18467  -54.772  -57.618  -30.111 0.1000000015
18503  -54.809  -57.284  -31.609 0.1000000015
18703  -50.309  -59.233  -45.700 0.1000000015
18720  -48.013  -58.421  -46.486 0.1000000015
18723  -50.757  -59.164  -46.105 0.1000000015
18724  -51.280  -59.010  -46.040 0.1000000015
18851  -47.257  -58.114  -55.979 0.1000000015
18861  -41.459  -57.920  -56.017 0.1000000015
18883  -45.433  -57.605  -59.980 0.1000000015
18884  -46.094  -57.656  -58.731 0.1000000015
19471  -47.876  -56.080  -33.445 0.1000000015
19733  -44.371  -56.750  -53.653 0.1000000015
19769  -43.123  -56.153  -58.423 0.1000000015
19779  -43.658  -56.669  -59.479 0.1000000015
19780  -45.294  -56.971  -60.212 0.1000000015
19792  -43.936  -57.011  -60.154 0.1000000015
19794  -44.848  -56.417  -60.549 0.1000000015
20343  -47.512  -55.139  -32.358 0.1000000015
20435  -44.194  -55.945  -40.009 0.4000000060
20634  -46.391  -55.782  -55.827 0.1000000015
20657  -46.607  -55.919  -57.657 0.1000000015
21286  -41.723  -54.226  -40.807 0.5000000000
21379  -50.569  -54.975  -44.918 0.1000000015
21540  -43.005  -54.450  -57.782 0.1000000015
21564  -44.200  -54.924  -60.388 0.1000000015
21575  -47.977  -54.195  -60.709 0.1000000015
22169  -41.499  -53.301  -40.588 0.3000000119
22418  -45.590  -53.015  -61.158 0.1000000015
22419  -48.769  -54.213  -60.116 0.1000000015
22428  -45.856  -53.854  -61.340 0.1000000015
23114  -41.049  -52.163  -41.147 0.3000000119
23265  -51.976  -53.461  -52.756 0.1000000015
23280  -52.034  -53.299  -53.329 0.1000000015
23313  -47.307  -52.371  -57.006 0.1000000015
23342  -50.021  -52.912  -59.088 0.1000000015
23359  -47.530  -53.128  -60.868 0.1000000015
23938  -52.831  -50.891  -38.376 0.1000000015
23974  -41.718  -51.862  -40.778 0.4000000060
24057  -43.060  -51.517  -45.081 0.2000000030
24194  -52.098  -52.450  -54.858 0.1000000015
24202  -45.980  -51.752  -55.209 0.1000000015
24204  -47.383  -51.232  -55.666 0.1000000015
24205  -51.737  -51.894  -56.217 0.1000000015
24206  -52.270  -52.038  -55.493 0.1000000015
24230  -51.057  -51.903  -57.617 0.1000000015
24242  -50.749  -51.760  -58.372 0.1000000015
24251  -45.669  -51.565  -60.117 0.1000000015
24256  -46.976  -52.234  -60.720 0.1000000015
24895  -40.747  -50.728  -44.184 0.3000000119
25035  -52.825  -51.252  -53.670 0.1000000015
25059  -49.928  -50.938  -54.536 0.1000000015
25073  -52.361  -51.603  -56.038 0.1000000015
25085  -52.270  -51.047  -56.525 0.1000000015
25095  -49.964  -51.826  -57.153 0.1000000015
25108  -49.516  -50.676  -59.178 0.1000000015
25110  -50.585  -50.741  -58.410 0.1000000015
25857  -52.939  -50.390  -53.961 0.1000000015
25882  -51.876  -50.131  -56.792 0.1000000015
26647  -49.573  -48.508  -50.633 0.1000000015
26720  -52.670  -47.808  -54.954 0.1000000015
26750  -50.186  -48.177  -57.722 0.1000000015
26751  -50.810  -48.567  -57.365 0.1000000015
26761  -48.911  -48.512  -58.630 0.1000000015
27598  -51.352  -46.419  -56.105 0.1000000015
28372  -47.415  -46.634  -48.420 0.1000000015
28439  -52.272  -45.591  -54.370 0.1000000015
28447  -52.503  -46.096  -54.845 0.1000000015
28452  -52.480  -46.844  -55.267 0.1000000015
29270  -48.913  -44.799  -50.076 0.1000000015
29315  -52.027  -44.995  -53.795 0.1000000015
30196  -50.419  -43.701  -50.962 0.1000000015
30197  -51.008  -43.058  -51.601 0.1000000015
30213  -51.845  -43.672  -52.682 0.1000000015
30221  -50.128  -43.579  -52.814 0.1000000015
30222  -50.732  -43.010  -52.675 0.1000000015
30230  -51.339  -43.358  -53.051 0.1000000015
30231  -51.879  -44.095  -53.326 0.1000000015
31086  -45.129  -43.650  -47.806 0.1000000015
31127  -50.579  -42.814  -51.172 0.1000000015
31142  -50.592  -42.235  -51.802 0.1000000015
31144  -51.420  -43.103  -52.380 0.1000000015
32099  -49.030  -41.125  -50.907 0.1000000015
32112  -50.020  -41.821  -51.416 0.1000000015
33054  -48.790  -41.061  -50.996 0.1000000015
33912  -41.940  -40.078  -45.995 0.1000000015
109512  -41.769  -68.434  -54.287 0.1000000015
111395  -43.680  -61.952  -57.754 0.1000000015
111606  -41.391  -60.737  -55.853 0.1000000015
112787  -47.295  -66.219  -49.812 0.1000000015
113905  -40.123  -53.656  -43.152 0.4000000060
114169  -52.589  -48.705  -55.272 0.1000000015
114762  -41.122  -50.462  -46.153 0.3000000119
115348  -44.254  -62.573  -57.714 0.1000000015
116768  -49.947  -60.728  -39.063 0.3000000119
117825  -45.018  -60.005  -37.521 0.3000000119
117947  -47.269  -61.174  -40.562 0.3000000119
117953  -39.429  -75.192  -51.295 0.1000000015
120404  -43.758  -63.520  -56.889 0.1000000015
121120  -47.152  -60.869  -41.971 0.3000000119
121386  -43.019  -59.112  -57.596 0.1000000015
122556  -44.693  -64.245  -47.422 0.1000000015
122666  -52.203  -45.268  -52.712 0.1000000015
122806  -51.038  -45.215  -51.569 0.1000000015
123364  -38.661  -74.385  -49.475 0.1000000015
125173  -43.823  -66.240  -42.638 0.1000000015
125647  -45.337  -60.022  -40.313 0.2000000030
127286  -48.625  -61.183  -40.159 0.3000000119
128358  -38.016  -76.955  -51.156 0.1000000015
128431  -42.816  -68.410  -53.752 0.1000000015
128964  -38.113  -65.783  -42.499 0.1000000015
129473  -53.122  -59.500  -32.764 0.1000000015
130886  -36.728  -77.640  -52.566 0.1000000015
131081  -44.080  -60.136  -41.841 0.2000000030
131150  -48.361  -51.149  -37.725 0.1000000015
131532  -38.467  -75.183  -49.671 0.1000000015
131633  -38.407  -64.587  -41.401 0.1000000015
131863  -46.704  -53.767  -57.104 0.1000000015
