#!ascii label  , from subject sub-v1s10x0051126_ses-1 vox2ras=TkReg
660
38188  19.651  -40.689  37.097 0.0000000000
53905  40.137  -24.999  24.946 0.0000000000
58791  47.524  -20.503  22.723 0.0000000000
44649  41.033  -34.875  31.377 0.0000000000
39344  25.370  -39.619  34.323 0.0000000000
38164  22.956  -40.455  39.024 0.0000000000
56929  43.919  -22.278  25.981 0.0000000000
51881  45.713  -27.744  27.392 0.0000000000
44608  36.152  -35.080  33.614 0.0000000000
39311  30.054  -39.686  36.405 0.0000000000
64716  47.331  -13.159  21.398 0.0000000000
62128  43.872  -16.474  23.070 0.0000000000
47823  37.829  -31.673  28.215 0.0000000000
49837  41.505  -29.147  29.861 0.0000000000
118261  22.131  -38.123  36.125 0.0000000000
39302  20.819  -40.088  38.042 0.0000000000
54932  42.152  -23.880  25.320 0.0000000000
53878  45.187  -25.643  26.878 0.0000000000
53859  43.159  -25.518  27.633 0.0000000000
120760  36.206  -40.219  33.024 0.0000000000
38175  26.360  -40.818  37.536 0.0000000000
39327  27.580  -39.612  35.902 0.0000000000
37081  27.610  -41.331  36.654 0.0000000000
120473  44.380  -12.135  20.305 0.0000000000
121596  46.186  -14.210  21.973 0.0000000000
64707  44.341  -13.866  22.130 0.0000000000
60418  43.328  -19.000  25.228 0.0000000000
61289  41.737  -17.447  22.435 0.0000000000
61275  45.154  -17.923  23.915 0.0000000000
60454  44.946  -18.021  21.950 0.0000000000
58811  46.062  -20.724  20.596 0.0000000000
43573  38.502  -35.107  33.045 0.0000000000
46736  36.933  -32.830  31.537 0.0000000000
47779  39.677  -32.011  31.967 0.0000000000
48823  39.714  -30.262  29.598 0.0000000000
47785  41.390  -31.869  31.218 0.0000000000
47807  43.775  -32.110  29.500 0.0000000000
44683  42.633  -34.108  29.366 0.0000000000
137440  24.421  -39.209  38.106 0.0000000000
137557  42.037  -20.442  24.448 0.0000000000
56926  45.856  -21.499  25.202 0.0000000000
54913  46.758  -24.933  24.892 0.0000000000
51904  46.478  -27.718  24.775 0.0000000000
41504  33.062  -37.610  35.561 0.0000000000
41501  34.945  -37.100  34.385 0.0000000000
40463  37.616  -37.908  32.621 0.0000000000
41538  39.545  -37.472  31.209 0.0000000000
42612  39.485  -36.537  29.087 0.0000000000
40467  31.250  -38.879  34.281 0.0000000000
129677  32.013  -39.775  36.393 0.0000000000
63828  48.644  -14.503  19.200 0.0000000000
63806  42.477  -14.225  21.020 0.0000000000
62135  44.655  -15.989  22.570 0.0000000000
60469  43.147  -18.233  19.715 0.0000000000
52906  40.524  -26.331  27.536 0.0000000000
50829  43.917  -28.307  28.638 0.0000000000
48846  45.018  -30.440  27.190 0.0000000000
38178  20.109  -41.039  37.498 0.0000000000
38187  20.309  -40.389  37.453 0.0000000000
38177  20.760  -40.623  37.732 0.0000000000
54933  41.433  -24.241  24.840 0.0000000000
54896  42.404  -24.573  26.587 0.0000000000
53881  41.509  -25.044  26.694 0.0000000000
37057  26.912  -40.966  37.133 0.0000000000
65634  43.495  -12.390  19.782 0.0000000000
64706  44.920  -13.424  22.030 0.0000000000
64718  43.726  -13.369  21.286 0.0000000000
59549  45.454  -19.204  25.019 0.0000000000
60430  44.448  -18.329  24.554 0.0000000000
59574  46.771  -19.095  23.511 0.0000000000
59583  46.562  -18.881  22.624 0.0000000000
137768  39.967  -35.004  32.318 0.0000000000
45675  39.144  -33.630  32.652 0.0000000000
45693  40.277  -33.493  31.974 0.0000000000
46733  40.668  -32.244  31.567 0.0000000000
45710  41.504  -33.543  31.060 0.0000000000
45726  42.667  -33.388  30.131 0.0000000000
44665  41.930  -34.570  30.404 0.0000000000
40428  23.415  -38.651  36.592 0.0000000000
39291  23.406  -39.512  38.950 0.0000000000
38169  24.706  -40.325  38.847 0.0000000000
56943  42.635  -22.650  24.614 0.0000000000
57984  41.770  -21.786  23.691 0.0000000000
57965  42.921  -21.838  25.075 0.0000000000
57946  43.951  -20.625  25.952 0.0000000000
56928  44.188  -22.083  25.945 0.0000000000
123710  45.894  -22.533  25.071 0.0000000000
55882  45.125  -23.475  25.709 0.0000000000
53857  45.602  -26.497  27.038 0.0000000000
52917  46.783  -26.650  25.732 0.0000000000
119272  46.347  -27.737  26.601 0.0000000000
50858  45.016  -28.681  24.668 0.0000000000
49867  45.806  -29.211  26.445 0.0000000000
40436  33.399  -38.395  35.900 0.0000000000
41502  34.107  -37.457  34.900 0.0000000000
39340  34.489  -39.106  34.957 0.0000000000
39355  36.909  -39.187  32.690 0.0000000000
41530  38.770  -37.726  32.053 0.0000000000
122817  29.071  -39.673  36.360 0.0000000000
39342  29.599  -39.189  35.114 0.0000000000
40439  30.696  -38.850  36.149 0.0000000000
40438  31.437  -38.562  35.983 0.0000000000
39310  30.858  -39.412  36.523 0.0000000000
66478  46.487  -11.879  21.138 0.0000000000
64730  48.056  -13.380  20.591 0.0000000000
62955  45.078  -15.226  20.985 0.0000000000
133434  43.335  -16.931  23.221 0.0000000000
61299  41.529  -16.982  21.661 0.0000000000
62138  41.900  -16.298  21.790 0.0000000000
62947  41.548  -15.401  20.770 0.0000000000
62938  42.891  -15.207  22.164 0.0000000000
62937  43.906  -14.929  22.578 0.0000000000
62127  44.360  -16.059  22.907 0.0000000000
117174  43.938  -19.170  20.207 0.0000000000
60461  43.661  -18.345  20.412 0.0000000000
43576  34.683  -35.393  33.715 0.0000000000
44650  35.125  -34.167  31.909 0.0000000000
46756  37.191  -32.254  29.768 0.0000000000
45741  36.122  -32.901  29.755 0.0000000000
49838  40.834  -29.294  29.789 0.0000000000
49846  39.645  -29.348  28.447 0.0000000000
50831  40.048  -27.997  28.521 0.0000000000
51883  40.115  -26.967  27.836 0.0000000000
139652  41.887  -27.725  29.094 0.0000000000
51874  42.387  -27.247  28.853 0.0000000000
50821  42.557  -28.523  29.330 0.0000000000
46782  43.908  -32.714  28.074 0.0000000000
47820  44.538  -31.394  28.329 0.0000000000
47834  43.580  -32.390  27.265 0.0000000000
48848  43.472  -31.287  26.130 0.0000000000
40430  21.678  -38.598  36.877 0.0000000000
38170  22.113  -40.163  38.857 0.0000000000
37046  22.800  -40.820  38.592 0.0000000000
38176  21.530  -40.349  38.308 0.0000000000
55885  42.965  -23.546  25.820 0.0000000000
54915  44.832  -24.156  26.148 0.0000000000
55871  43.304  -24.126  26.485 0.0000000000
53879  44.174  -25.312  27.270 0.0000000000
52902  45.160  -26.993  27.646 0.0000000000
39314  26.479  -39.832  36.908 0.0000000000
39328  26.755  -39.613  35.936 0.0000000000
119347  27.190  -40.205  36.906 0.0000000000
39312  28.502  -40.153  36.572 0.0000000000
38186  28.949  -40.372  36.525 0.0000000000
37078  30.279  -40.623  36.226 0.0000000000
134260  29.104  -41.369  36.031 0.0000000000
65619  46.190  -12.590  21.708 0.0000000000
64717  46.640  -13.492  21.936 0.0000000000
65604  45.806  -13.150  22.073 0.0000000000
134992  45.663  -14.470  22.188 0.0000000000
62944  45.366  -15.074  22.115 0.0000000000
60433  42.034  -18.896  24.265 0.0000000000
60443  42.404  -18.165  24.003 0.0000000000
61264  44.261  -17.895  24.151 0.0000000000
61276  44.670  -17.510  23.697 0.0000000000
61286  44.791  -17.170  23.192 0.0000000000
60449  45.267  -17.707  22.844 0.0000000000
116184  45.330  -18.958  21.455 0.0000000000
129333  37.512  -35.148  33.329 0.0000000000
44633  36.299  -34.000  33.119 0.0000000000
45677  37.774  -33.919  33.161 0.0000000000
123770  38.498  -32.723  32.446 0.0000000000
47787  38.271  -31.887  31.259 0.0000000000
48824  39.137  -30.790  29.063 0.0000000000
47796  39.677  -30.987  31.287 0.0000000000
48814  40.779  -30.362  30.907 0.0000000000
48813  41.503  -30.205  30.604 0.0000000000
48821  43.022  -30.084  29.891 0.0000000000
129869  42.664  -31.357  30.476 0.0000000000
45739  43.372  -33.288  29.120 0.0000000000
45763  41.764  -34.046  27.898 0.0000000000
40454  22.477  -38.149  35.084 0.0000000000
40440  24.135  -39.213  35.502 0.0000000000
39330  24.875  -39.408  35.903 0.0000000000
39289  25.754  -39.950  37.763 0.0000000000
37043  25.784  -41.136  38.125 0.0000000000
59563  42.620  -19.228  24.958 0.0000000000
58755  44.033  -19.940  25.769 0.0000000000
57964  46.603  -21.008  24.513 0.0000000000
56961  47.033  -22.542  23.865 0.0000000000
123320  47.399  -24.123  23.345 0.0000000000
53914  47.186  -25.425  23.726 0.0000000000
53895  46.280  -25.304  25.713 0.0000000000
52925  47.065  -26.458  24.935 0.0000000000
41521  32.234  -37.191  34.056 0.0000000000
42550  33.441  -36.181  34.174 0.0000000000
42537  34.828  -36.231  34.239 0.0000000000
126344  35.553  -36.097  33.888 0.0000000000
39338  35.953  -39.109  33.662 0.0000000000
41510  36.474  -37.594  33.485 0.0000000000
43574  36.769  -35.528  33.482 0.0000000000
135769  38.085  -36.794  32.890 0.0000000000
42561  39.675  -36.563  32.075 0.0000000000
42573  39.997  -36.852  31.458 0.0000000000
42584  40.625  -36.387  30.367 0.0000000000
41548  39.509  -37.469  30.378 0.0000000000
41513  32.146  -37.785  34.883 0.0000000000
40423  32.515  -38.538  36.323 0.0000000000
39324  32.748  -39.596  36.153 0.0000000000
37077  31.014  -40.537  36.114 0.0000000000
37099  32.270  -41.252  35.154 0.0000000000
64745  49.251  -13.941  19.420 0.0000000000
63816  41.946  -13.922  20.213 0.0000000000
63805  43.417  -13.941  21.605 0.0000000000
63793  44.645  -14.859  22.604 0.0000000000
62143  45.024  -15.800  22.064 0.0000000000
61294  44.792  -17.012  22.468 0.0000000000
130926  43.985  -17.045  20.914 0.0000000000
62145  43.462  -16.966  20.184 0.0000000000
123690  35.748  -33.407  30.832 0.0000000000
52913  39.432  -26.385  26.547 0.0000000000
53882  40.564  -25.421  26.458 0.0000000000
52904  42.521  -26.076  28.113 0.0000000000
52883  43.698  -26.978  28.457 0.0000000000
51871  44.541  -27.987  28.213 0.0000000000
49835  43.700  -29.712  29.213 0.0000000000
49843  44.590  -29.764  28.390 0.0000000000
49851  45.632  -29.253  27.208 0.0000000000
48855  44.732  -30.307  26.235 0.0000000000
43649  40.713  -35.514  29.010 0.0000000000
44699  41.099  -34.750  28.412 0.0000000000
37063  19.748  -41.772  37.176 0.0000000000
37085  19.447  -41.463  37.186 0.0000000000
54934  40.773  -24.601  24.412 0.0000000000
54916  41.619  -24.446  25.860 0.0000000000
53896  40.894  -24.874  26.055 0.0000000000
64732  43.056  -12.913  20.293 0.0000000000
58781  47.018  -19.678  23.750 0.0000000000
59561  46.349  -19.152  24.298 0.0000000000
59573  47.256  -19.710  23.088 0.0000000000
58792  47.373  -20.020  22.411 0.0000000000
58799  47.590  -20.800  22.140 0.0000000000
43588  40.506  -35.370  31.825 0.0000000000
44631  40.361  -34.417  32.043 0.0000000000
45692  40.835  -33.117  31.571 0.0000000000
45711  41.005  -34.003  31.531 0.0000000000
44648  41.545  -34.375  30.925 0.0000000000
43600  41.428  -35.120  30.794 0.0000000000
39292  22.684  -39.816  39.068 0.0000000000
40410  22.889  -39.185  38.648 0.0000000000
39285  23.261  -40.118  39.267 0.0000000000
38163  23.640  -40.696  39.210 0.0000000000
56930  43.355  -22.627  25.544 0.0000000000
57947  43.722  -21.435  25.792 0.0000000000
125667  44.694  -22.713  25.764 0.0000000000
55883  44.262  -23.135  25.999 0.0000000000
52901  45.888  -27.168  27.118 0.0000000000
52911  46.338  -26.894  26.508 0.0000000000
50849  46.256  -28.558  26.055 0.0000000000
50842  46.017  -28.538  27.020 0.0000000000
129288  34.087  -39.758  35.220 0.0000000000
39323  33.772  -38.941  35.721 0.0000000000
115883  28.922  -39.356  35.703 0.0000000000
39325  29.851  -39.180  36.087 0.0000000000
135908  30.283  -38.950  35.462 0.0000000000
40426  30.578  -39.189  36.391 0.0000000000
66477  47.521  -11.942  21.185 0.0000000000
65617  47.802  -12.702  21.154 0.0000000000
62129  43.022  -16.343  22.916 0.0000000000
62130  42.217  -16.681  22.354 0.0000000000
62137  42.581  -15.940  22.306 0.0000000000
62931  43.661  -15.672  22.771 0.0000000000
59603  44.324  -20.012  19.823 0.0000000000
44621  35.276  -34.902  33.401 0.0000000000
134990  36.010  -34.521  33.409 0.0000000000
46769  37.254  -32.182  28.758 0.0000000000
49845  40.295  -28.742  29.039 0.0000000000
50823  41.120  -28.684  29.547 0.0000000000
50830  40.988  -27.960  29.109 0.0000000000
50822  41.847  -28.404  29.469 0.0000000000
46783  43.193  -33.051  27.638 0.0000000000
46799  42.672  -32.605  26.905 0.0000000000
47849  43.097  -31.961  26.504 0.0000000000
39318  20.575  -39.624  37.100 0.0000000000
40431  21.016  -38.797  36.547 0.0000000000
39317  21.168  -39.319  37.566 0.0000000000
39301  21.441  -39.821  38.453 0.0000000000
55903  41.983  -23.714  24.365 0.0000000000
55922  41.782  -23.490  23.518 0.0000000000
55902  42.639  -23.250  24.937 0.0000000000
129620  42.441  -25.067  27.109 0.0000000000
53880  43.249  -24.834  27.041 0.0000000000
131297  44.066  -25.926  27.808 0.0000000000
53858  44.809  -26.136  27.538 0.0000000000
39297  26.469  -40.369  37.369 0.0000000000
37056  27.829  -40.554  36.611 0.0000000000
37080  28.509  -40.986  36.364 0.0000000000
65633  45.368  -11.976  20.908 0.0000000000
132294  45.564  -12.541  21.555 0.0000000000
65620  44.975  -12.590  21.367 0.0000000000
63798  45.100  -14.427  22.395 0.0000000000
60444  41.597  -18.591  23.485 0.0000000000
60432  42.864  -18.567  24.684 0.0000000000
61263  44.742  -17.915  24.089 0.0000000000
61277  43.927  -17.285  23.575 0.0000000000
61285  45.226  -17.771  23.485 0.0000000000
58801  46.599  -20.109  21.308 0.0000000000
59590  46.334  -19.243  21.773 0.0000000000
59598  45.735  -19.830  20.976 0.0000000000
58812  45.161  -20.378  20.249 0.0000000000
44618  37.981  -34.336  33.186 0.0000000000
44619  37.303  -34.442  33.361 0.0000000000
45695  38.957  -33.024  32.582 0.0000000000
46722  39.184  -32.363  32.236 0.0000000000
47780  39.237  -31.712  31.726 0.0000000000
47797  38.794  -31.338  30.744 0.0000000000
127897  40.560  -31.478  31.563 0.0000000000
48805  41.034  -30.902  31.248 0.0000000000
47795  41.871  -31.111  30.820 0.0000000000
47794  42.372  -32.025  30.690 0.0000000000
44664  42.490  -34.056  30.033 0.0000000000
45749  43.059  -33.706  28.858 0.0000000000
135427  42.522  -34.047  28.587 0.0000000000
41505  22.044  -37.851  35.026 0.0000000000
41514  22.164  -37.872  34.349 0.0000000000
121013  22.737  -38.318  35.899 0.0000000000
40415  24.108  -38.928  37.320 0.0000000000
40441  23.516  -38.817  35.727 0.0000000000
40427  24.160  -39.017  36.285 0.0000000000
39316  24.733  -39.268  36.790 0.0000000000
39315  25.494  -39.529  36.907 0.0000000000
118807  24.942  -39.440  37.583 0.0000000000
126654  41.143  -20.982  23.389 0.0000000000
58782  41.278  -20.216  23.708 0.0000000000
58769  41.859  -19.801  24.326 0.0000000000
57945  44.047  -20.567  25.976 0.0000000000
57927  43.957  -20.095  25.937 0.0000000000
57944  44.990  -20.940  25.799 0.0000000000
57943  45.914  -20.466  25.230 0.0000000000
123339  47.222  -21.630  23.715 0.0000000000
56942  46.536  -22.052  24.463 0.0000000000
55881  46.056  -23.630  25.035 0.0000000000
55901  46.975  -24.057  24.177 0.0000000000
54931  47.265  -24.924  23.973 0.0000000000
53904  47.166  -25.723  24.500 0.0000000000
54894  44.599  -24.825  26.651 0.0000000000
54893  45.499  -25.074  26.259 0.0000000000
51903  46.882  -27.184  25.283 0.0000000000
52926  46.842  -26.924  24.529 0.0000000000
41512  32.757  -37.227  34.997 0.0000000000
123127  32.857  -36.708  34.413 0.0000000000
42539  33.352  -36.922  34.868 0.0000000000
42530  34.389  -36.805  34.520 0.0000000000
136646  35.082  -36.544  34.210 0.0000000000
42536  35.589  -36.677  33.953 0.0000000000
38219  35.725  -40.029  33.622 0.0000000000
40465  36.916  -38.340  32.986 0.0000000000
134950  36.534  -38.963  33.224 0.0000000000
126669  37.086  -37.572  33.058 0.0000000000
41509  36.826  -36.939  33.374 0.0000000000
42549  37.329  -36.237  33.277 0.0000000000
41520  37.570  -37.158  32.979 0.0000000000
41539  38.938  -37.980  31.629 0.0000000000
42562  38.842  -36.911  32.440 0.0000000000
41529  39.355  -37.334  31.842 0.0000000000
42585  40.119  -36.965  30.779 0.0000000000
116601  27.100  -39.540  34.884 0.0000000000
39357  31.101  -39.240  33.456 0.0000000000
40466  31.694  -38.326  33.777 0.0000000000
40450  31.582  -38.399  34.961 0.0000000000
39309  31.515  -39.374  36.584 0.0000000000
40424  31.991  -38.503  36.365 0.0000000000
39308  32.282  -39.081  36.578 0.0000000000
37101  30.632  -41.177  35.717 0.0000000000
64746  48.758  -14.026  19.797 0.0000000000
63827  49.060  -14.446  19.161 0.0000000000
62966  48.258  -15.111  18.436 0.0000000000
61279  42.000  -17.795  23.261 0.0000000000
60456  40.942  -17.862  21.706 0.0000000000
62946  42.244  -14.917  21.308 0.0000000000
63807  41.723  -14.645  20.503 0.0000000000
63800  43.149  -14.541  21.871 0.0000000000
62930  44.494  -15.381  22.734 0.0000000000
62936  44.908  -15.199  22.487 0.0000000000
60455  44.227  -17.596  21.284 0.0000000000
61298  43.507  -17.621  20.328 0.0000000000
45697  36.787  -33.450  32.540 0.0000000000
45698  35.853  -33.802  32.219 0.0000000000
45712  36.162  -33.383  31.549 0.0000000000
49853  39.163  -28.865  27.839 0.0000000000
52907  39.729  -26.658  27.211 0.0000000000
52912  40.123  -26.005  26.869 0.0000000000
53883  39.822  -25.771  26.167 0.0000000000
53861  40.972  -25.664  27.194 0.0000000000
52905  41.454  -26.094  27.873 0.0000000000
51873  43.129  -27.368  28.762 0.0000000000
52884  42.943  -26.766  28.560 0.0000000000
51872  43.793  -27.574  28.553 0.0000000000
52882  44.425  -27.272  28.161 0.0000000000
48811  43.392  -31.115  30.007 0.0000000000
48820  43.734  -30.546  29.467 0.0000000000
48839  44.619  -31.257  27.453 0.0000000000
48838  44.854  -30.642  28.032 0.0000000000
127474  45.055  -30.006  27.734 0.0000000000
49852  45.146  -29.360  27.755 0.0000000000
130196  45.308  -29.786  27.333 0.0000000000
49860  45.386  -29.816  26.768 0.0000000000
48857  42.910  -30.834  25.372 0.0000000000
42596  39.949  -36.893  29.934 0.0000000000
43631  41.115  -35.792  29.907 0.0000000000
43632  40.338  -36.215  29.498 0.0000000000
37062  20.485  -41.102  37.451 0.0000000000
54947  41.391  -24.176  23.891 0.0000000000
135592  42.478  -24.098  26.057 0.0000000000
37058  26.275  -41.408  37.740 0.0000000000
35969  26.892  -41.927  37.332 0.0000000000
65621  44.030  -12.728  20.858 0.0000000000
60416  44.750  -18.803  24.942 0.0000000000
60431  43.723  -18.427  24.761 0.0000000000
59562  45.619  -18.660  24.357 0.0000000000
60429  46.175  -18.638  23.820 0.0000000000
60441  46.452  -18.694  23.291 0.0000000000
59582  47.013  -19.251  22.854 0.0000000000
116710  47.013  -19.596  22.080 0.0000000000
43589  39.334  -35.068  32.697 0.0000000000
44617  38.792  -34.286  32.923 0.0000000000
44632  39.571  -34.322  32.563 0.0000000000
45694  39.558  -33.095  32.293 0.0000000000
46721  39.515  -32.482  32.068 0.0000000000
47778  40.038  -31.974  31.819 0.0000000000
46720  40.103  -32.676  31.889 0.0000000000
46732  41.302  -32.732  31.249 0.0000000000
46731  42.067  -32.914  30.743 0.0000000000
45727  42.065  -33.859  30.511 0.0000000000
44684  42.157  -34.644  29.808 0.0000000000
117626  23.255  -38.683  37.481 0.0000000000
40416  23.610  -38.932  38.249 0.0000000000
39298  24.966  -39.751  38.309 0.0000000000
39299  24.207  -39.549  38.694 0.0000000000
56962  42.155  -22.718  23.799 0.0000000000
57966  42.327  -21.138  24.546 0.0000000000
58768  42.591  -20.108  25.028 0.0000000000
124598  42.922  -21.028  25.166 0.0000000000
120871  43.930  -21.294  25.974 0.0000000000
56927  45.018  -21.999  25.745 0.0000000000
128526  45.328  -22.887  25.474 0.0000000000
53877  46.195  -26.001  26.275 0.0000000000
51896  46.713  -27.289  25.969 0.0000000000
51897  46.626  -27.888  25.617 0.0000000000
50857  46.074  -28.454  25.071 0.0000000000
50850  45.578  -29.087  25.455 0.0000000000
40422  32.975  -38.309  36.090 0.0000000000
41503  33.344  -37.856  35.629 0.0000000000
40435  34.105  -38.236  35.314 0.0000000000
40449  34.853  -38.545  34.697 0.0000000000
39356  36.419  -39.643  33.112 0.0000000000
40464  37.504  -38.695  32.349 0.0000000000
41519  38.232  -37.470  32.489 0.0000000000
40477  38.199  -38.185  32.118 0.0000000000
40490  38.356  -38.402  31.772 0.0000000000
39326  28.335  -39.591  36.092 0.0000000000
116338  28.077  -39.470  35.259 0.0000000000
39358  29.530  -39.519  33.991 0.0000000000
39341  30.485  -39.212  34.352 0.0000000000
40451  30.975  -38.798  35.223 0.0000000000
40425  31.315  -38.940  36.500 0.0000000000
137016  31.384  -39.999  36.425 0.0000000000
65632  48.265  -12.126  20.778 0.0000000000
63812  48.035  -13.967  20.065 0.0000000000
63804  45.669  -14.728  21.513 0.0000000000
61288  42.548  -17.108  22.980 0.0000000000
62146  41.365  -16.270  20.997 0.0000000000
62939  42.024  -15.647  21.558 0.0000000000
59591  44.369  -18.616  21.025 0.0000000000
139654  36.291  -33.087  30.932 0.0000000000
129370  36.630  -32.587  29.795 0.0000000000
46757  36.654  -32.574  29.229 0.0000000000
48822  40.415  -29.961  30.276 0.0000000000
48831  39.503  -30.167  28.644 0.0000000000
49839  40.056  -29.586  29.315 0.0000000000
139002  39.683  -28.604  28.309 0.0000000000
50837  39.434  -28.078  27.908 0.0000000000
51884  39.387  -27.403  27.471 0.0000000000
51876  39.857  -27.541  28.029 0.0000000000
51875  40.557  -27.375  28.420 0.0000000000
52886  40.972  -26.714  28.203 0.0000000000
52885  41.969  -26.638  28.462 0.0000000000
133099  41.451  -27.223  28.754 0.0000000000
51863  42.536  -27.851  29.056 0.0000000000
51862  43.201  -27.982  28.906 0.0000000000
47821  44.165  -32.118  28.624 0.0000000000
48830  44.103  -31.329  29.187 0.0000000000
47833  44.260  -32.014  27.737 0.0000000000
47848  43.993  -31.727  26.896 0.0000000000
48847  44.367  -31.004  26.577 0.0000000000
40442  21.787  -37.945  35.473 0.0000000000
121466  21.543  -38.277  36.085 0.0000000000
40418  21.847  -38.974  37.883 0.0000000000
39300  22.191  -39.435  38.580 0.0000000000
37060  22.315  -40.917  38.064 0.0000000000
37061  21.243  -40.852  37.763 0.0000000000
55884  43.717  -23.281  26.077 0.0000000000
55870  44.094  -23.992  26.438 0.0000000000
54895  43.913  -24.590  26.852 0.0000000000
38206  34.305  -40.595  34.544 0.0000000000
39329  25.851  -39.538  36.023 0.0000000000
117612  26.106  -39.559  35.078 0.0000000000
117474  27.257  -39.833  36.539 0.0000000000
38174  27.029  -40.542  36.989 0.0000000000
39296  27.681  -40.367  36.674 0.0000000000
39313  27.927  -39.929  36.571 0.0000000000
139864  28.493  -39.856  36.478 0.0000000000
126529  29.325  -40.042  36.577 0.0000000000
38185  29.835  -40.218  36.518 0.0000000000
37079  29.460  -40.765  36.296 0.0000000000
37102  29.855  -41.291  35.870 0.0000000000
35997  29.215  -42.081  35.589 0.0000000000
65618  47.082  -12.666  21.622 0.0000000000
64705  45.827  -13.933  22.225 0.0000000000
62945  44.665  -15.749  20.993 0.0000000000
120811  41.258  -18.240  22.660 0.0000000000
61265  43.354  -17.943  24.194 0.0000000000
61278  42.913  -17.490  23.603 0.0000000000
61287  44.380  -16.895  23.119 0.0000000000
60448  45.995  -18.212  23.129 0.0000000000
60453  45.839  -18.456  22.343 0.0000000000
59599  44.791  -19.527  20.615 0.0000000000
43575  36.782  -35.006  33.516 0.0000000000
44620  36.675  -34.525  33.447 0.0000000000
45678  37.101  -33.943  33.297 0.0000000000
120331  37.569  -33.578  32.986 0.0000000000
45676  38.406  -33.720  32.888 0.0000000000
45696  38.213  -33.382  32.857 0.0000000000
46723  37.653  -32.992  32.488 0.0000000000
46745  37.437  -32.278  30.832 0.0000000000
47798  37.976  -31.769  30.229 0.0000000000
47810  37.889  -31.757  29.179 0.0000000000
47822  38.491  -31.258  28.605 0.0000000000
47809  38.606  -31.291  29.625 0.0000000000
47808  39.380  -30.742  30.213 0.0000000000
47786  40.024  -31.471  31.760 0.0000000000
48806  40.407  -30.887  31.425 0.0000000000
48815  40.114  -30.458  30.865 0.0000000000
49830  41.170  -29.744  30.357 0.0000000000
49829  41.629  -29.570  30.127 0.0000000000
50815  42.030  -29.075  29.788 0.0000000000
48812  42.423  -30.546  30.386 0.0000000000
46744  42.781  -32.711  30.307 0.0000000000
46755  43.313  -32.916  29.719 0.0000000000
46767  43.763  -32.798  28.918 0.0000000000
45762  42.780  -33.642  28.073 0.0000000000
39345  24.501  -39.452  34.774 0.0000000000
123291  25.322  -39.517  35.208 0.0000000000
38167  25.877  -40.598  37.957 0.0000000000
39290  25.383  -40.297  38.355 0.0000000000
58757  43.292  -20.154  25.549 0.0000000000
59541  43.784  -19.935  25.636 0.0000000000
59550  44.023  -19.458  25.468 0.0000000000
130252  44.581  -19.469  25.398 0.0000000000
58767  46.609  -19.983  24.479 0.0000000000
122959  47.162  -20.531  23.811 0.0000000000
57994  47.705  -21.505  22.387 0.0000000000
128569  47.615  -21.836  22.974 0.0000000000
56960  47.474  -22.557  23.231 0.0000000000
55919  47.618  -23.348  22.855 0.0000000000
125261  46.587  -23.054  24.339 0.0000000000
55920  47.238  -23.320  23.618 0.0000000000
54914  45.761  -24.412  25.647 0.0000000000
53894  46.880  -25.911  25.362 0.0000000000
52934  47.140  -26.169  24.186 0.0000000000
42563  32.282  -36.268  32.696 0.0000000000
42531  33.626  -37.181  35.020 0.0000000000
42538  34.008  -36.502  34.586 0.0000000000
43564  34.394  -35.865  34.192 0.0000000000
43563  35.359  -35.661  33.845 0.0000000000
43562  36.160  -35.558  33.628 0.0000000000
116904  34.875  -39.961  34.420 0.0000000000
39339  35.269  -39.215  34.284 0.0000000000
40448  35.488  -38.407  34.199 0.0000000000
40447  36.174  -38.319  33.614 0.0000000000
41511  35.653  -37.516  34.037 0.0000000000
119873  36.150  -36.953  33.701 0.0000000000
42535  36.325  -36.242  33.611 0.0000000000
42548  38.256  -36.030  33.009 0.0000000000
42547  39.150  -35.944  32.666 0.0000000000
134361  39.896  -35.738  32.249 0.0000000000
42560  40.358  -36.157  31.643 0.0000000000
43601  40.928  -35.667  31.235 0.0000000000
42572  40.614  -36.359  31.060 0.0000000000
132783  38.909  -37.816  30.060 0.0000000000
42597  39.070  -37.284  29.456 0.0000000000
39343  26.241  -39.628  34.063 0.0000000000
116600  27.911  -39.535  34.218 0.0000000000
137542  31.867  -37.514  33.374 0.0000000000
133134  32.560  -37.766  35.508 0.0000000000
40437  32.000  -38.105  35.733 0.0000000000
41496  32.559  -38.132  36.022 0.0000000000
41495  32.865  -38.106  35.989 0.0000000000
39307  33.013  -38.831  36.259 0.0000000000
139303  33.423  -39.466  35.834 0.0000000000
38194  33.418  -40.313  35.373 0.0000000000
38184  30.714  -39.963  36.517 0.0000000000
37100  31.383  -41.171  35.525 0.0000000000
38196  31.741  -40.505  35.914 0.0000000000
38195  32.517  -40.424  35.751 0.0000000000
38189  18.979  -40.959  36.702 0.0000000000
64764  49.335  -14.470  18.665 0.0000000000
64719  42.749  -13.571  20.694 0.0000000000
63799  44.162  -14.378  22.339 0.0000000000
121137  44.548  -16.576  22.888 0.0000000000
62136  44.675  -16.589  21.830 0.0000000000
62144  44.303  -16.422  20.990 0.0000000000
62157  43.028  -16.891  19.323 0.0000000000
45713  35.451  -33.759  31.369 0.0000000000
51889  39.099  -27.023  26.892 0.0000000000
53898  39.595  -25.524  25.459 0.0000000000
53897  40.281  -25.227  25.731 0.0000000000
53860  41.979  -25.527  27.463 0.0000000000
52903  43.506  -26.299  28.162 0.0000000000
123089  44.312  -26.570  28.013 0.0000000000
51882  45.077  -27.676  27.844 0.0000000000
49836  42.750  -29.281  29.598 0.0000000000
50820  43.332  -28.774  29.092 0.0000000000
49844  44.046  -29.056  28.752 0.0000000000
48819  44.333  -30.587  28.815 0.0000000000
50828  44.612  -28.818  28.245 0.0000000000
50836  45.342  -28.493  27.697 0.0000000000
49868  45.140  -29.696  25.845 0.0000000000
49869  44.213  -29.973  25.364 0.0000000000
48856  43.839  -30.621  25.742 0.0000000000
49870  43.229  -30.120  25.022 0.0000000000
43615  41.115  -35.769  30.643 0.0000000000
43630  41.651  -35.212  30.238 0.0000000000
44685  41.560  -35.145  29.409 0.0000000000
43650  39.802  -35.789  28.696 0.0000000000
44698  42.026  -34.511  28.891 0.0000000000
138785  41.015  -34.315  27.860 0.0000000000
40434  34.874  -37.842  34.644 0.0000000000
42551  32.588  -36.457  33.598 0.0000000000
44634  35.515  -34.266  32.805 0.0000000000
45740  42.989  -33.593  29.588 0.0000000000
46734  38.632  -32.178  31.996 0.0000000000
46735  37.868  -32.413  31.810 0.0000000000
46743  43.182  -32.083  30.210 0.0000000000
46746  36.628  -32.684  30.428 0.0000000000
46768  43.433  -33.256  28.429 0.0000000000
49828  42.146  -29.723  30.102 0.0000000000
54917  40.824  -24.699  25.324 0.0000000000
55921  42.298  -23.182  24.126 0.0000000000
57982  47.555  -21.003  23.137 0.0000000000
57983  42.404  -22.077  24.305 0.0000000000
58754  44.976  -19.974  25.640 0.0000000000
58756  43.661  -20.079  25.727 0.0000000000
58780  47.367  -20.236  23.284 0.0000000000
59548  45.967  -19.666  25.032 0.0000000000
59551  43.666  -19.536  25.457 0.0000000000
59552  43.250  -19.615  25.435 0.0000000000
60417  43.970  -18.892  25.135 0.0000000000
60442  45.799  -18.268  23.621 0.0000000000
117479  44.283  -21.332  25.983 0.0000000000
117904  48.349  -12.835  20.589 0.0000000000
120930  38.626  -38.077  31.902 0.0000000000
125211  41.645  -20.738  24.012 0.0000000000
126696  39.775  -33.747  32.362 0.0000000000
130513  43.681  -20.571  25.774 0.0000000000
131510  45.031  -18.229  24.284 0.0000000000
134232  39.864  -30.299  30.288 0.0000000000
135311  31.961  -38.857  36.568 0.0000000000
136231  45.579  -18.306  23.970 0.0000000000
137223  22.223  -38.016  35.507 0.0000000000
