#!ascii label  , from subject sub-v1s2x0051456_ses-1 vox2ras=TkReg
850
24912  28.384  -75.059  3.277 0.6000000238
24831  30.208  -74.833  9.761 0.6999999881
132686  29.674  -75.169  9.239 0.6999999881
23690  28.599  -75.827  6.930 0.8999999762
24867  28.439  -75.633  5.994 0.8000000119
24886  28.418  -75.410  5.035 0.8000000119
27387  28.801  -73.105  3.131 0.6000000238
27397  28.624  -73.031  2.583 0.6999999881
28543  28.494  -72.264  2.138 0.6999999881
24817  30.944  -74.554  10.351 0.6999999881
24799  29.701  -74.872  11.237 0.6999999881
150974  30.402  -74.725  9.056 0.6999999881
26065  30.755  -74.496  7.502 0.6000000238
133591  29.917  -74.975  7.938 0.6999999881
24854  29.511  -75.289  7.844 0.6999999881
24865  29.606  -75.191  6.863 0.8000000119
152029  29.751  -74.873  5.725 0.8000000119
24866  29.037  -75.420  6.464 0.8000000119
24902  29.074  -74.824  4.380 0.8000000119
26117  29.011  -74.199  3.446 0.6000000238
28528  28.517  -72.087  2.878 0.6000000238
28535  28.404  -72.114  2.470 0.6999999881
28541  29.039  -71.677  1.744 0.6999999881
26012  31.912  -74.020  10.008 0.5000000000
142382  30.678  -74.515  11.359 0.6000000238
26026  32.076  -73.864  9.047 0.4000000060
24830  31.104  -74.453  9.431 0.6000000238
26064  31.784  -73.851  7.386 0.5000000000
26084  30.905  -74.330  6.437 0.6000000238
24853  30.123  -74.892  7.154 0.8000000119
154431  30.385  -74.283  5.381 0.6999999881
152161  30.141  -74.254  4.914 0.6999999881
139601  29.535  -72.504  3.704 0.6999999881
141331  28.337  -71.047  3.149 0.5000000000
132543  28.199  -71.125  2.788 0.6000000238
152045  28.236  -70.747  2.559 0.6000000238
133611  28.456  -71.176  2.019 0.6000000238
154452  29.845  -71.569  1.701 0.5000000000
25993  33.224  -73.125  10.951 0.5000000000
137455  31.444  -74.102  11.885 0.6000000238
24787  30.235  -74.205  12.954 0.6000000238
26011  32.670  -73.579  10.550 0.5000000000
139275  31.500  -73.952  6.674 0.5000000000
26103  31.402  -72.782  5.107 0.6000000238
27370  31.034  -72.023  4.656 0.6000000238
28518  29.794  -71.514  4.138 0.6000000238
28519  29.116  -71.242  3.782 0.5000000000
29624  28.533  -70.533  3.708 0.5000000000
29631  28.040  -70.216  3.285 0.6000000238
30744  28.026  -69.824  2.774 0.6000000238
29644  28.487  -70.385  2.218 0.5000000000
30742  30.199  -69.632  1.980 0.5000000000
29638  31.049  -69.877  2.022 0.5000000000
29642  30.471  -70.375  1.903 0.5000000000
25982  32.149  -73.517  12.033 0.5000000000
25983  31.710  -73.179  12.860 0.5000000000
26025  32.847  -73.544  9.661 0.5000000000
27327  33.178  -72.960  7.814 0.4000000060
28489  33.074  -71.092  7.219 0.3000000119
27341  33.003  -72.574  6.949 0.4000000060
28500  32.175  -71.156  5.558 0.3000000119
29604  32.113  -70.291  6.049 0.3000000119
27357  31.973  -72.302  5.436 0.5000000000
28512  31.000  -71.107  4.685 0.5000000000
29621  30.400  -70.351  4.738 0.5000000000
29623  29.107  -70.464  4.245 0.5000000000
146372  28.163  -69.802  3.849 0.5000000000
30730  27.776  -69.364  3.643 0.6000000238
31811  27.662  -68.906  3.094 0.6000000238
30753  28.561  -69.666  2.392 0.5000000000
30743  29.275  -69.082  2.256 0.5000000000
30741  31.024  -69.159  2.033 0.5000000000
27270  32.414  -72.616  12.471 0.5000000000
27281  33.364  -72.379  11.231 0.5000000000
28463  33.716  -71.842  9.557 0.5000000000
28475  33.563  -71.515  8.529 0.4000000060
27326  33.558  -72.504  8.584 0.5000000000
28488  33.321  -71.120  7.910 0.4000000060
29603  32.561  -70.316  6.885 0.3000000119
30723  30.837  -69.466  5.364 0.3000000119
147513  30.524  -69.802  5.016 0.4000000060
29615  29.187  -69.726  4.706 0.5000000000
29616  28.581  -69.799  4.318 0.4000000060
31810  28.182  -68.960  2.640 0.5000000000
32890  28.200  -67.268  2.717 0.5000000000
142980  28.715  -68.178  2.534 0.5000000000
31808  31.696  -68.610  2.164 0.5000000000
141587  31.425  -67.698  2.161 0.4000000060
141923  30.265  -68.908  2.091 0.5000000000
28426  32.480  -71.667  12.607 0.5000000000
28438  33.357  -71.614  11.467 0.5000000000
29546  33.580  -70.759  10.160 0.5000000000
29563  33.503  -70.770  9.161 0.4000000060
30692  32.609  -69.481  8.186 0.4000000060
30703  32.357  -69.562  7.303 0.3000000119
30714  31.494  -69.550  5.922 0.3000000119
30724  30.115  -69.182  5.204 0.4000000060
31789  29.686  -68.684  5.323 0.4000000060
31790  28.890  -68.497  5.147 0.4000000060
30725  29.348  -69.164  5.074 0.4000000060
30726  28.669  -69.178  4.770 0.4000000060
31791  28.143  -68.542  4.582 0.5000000000
143490  27.346  -67.805  3.819 0.5000000000
31800  27.395  -68.146  3.383 0.6000000238
158101  29.788  -66.802  2.612 0.4000000060
143415  29.864  -68.299  2.303 0.5000000000
29528  32.975  -70.447  11.978 0.4000000060
30682  33.180  -69.810  9.614 0.4000000060
30669  33.272  -69.882  10.661 0.4000000060
155832  32.753  -69.416  8.919 0.4000000060
30693  32.129  -68.812  7.721 0.4000000060
30704  31.688  -68.950  6.688 0.4000000060
31771  31.117  -68.256  6.387 0.4000000060
30715  30.850  -68.874  5.694 0.4000000060
31781  29.544  -68.028  5.440 0.4000000060
138448  28.818  -67.600  5.170 0.4000000060
32869  28.323  -67.925  4.800 0.5000000000
32870  27.679  -67.738  4.292 0.5000000000
33968  27.402  -66.721  3.839 0.6000000238
33990  27.877  -66.359  2.957 0.5000000000
139971  28.729  -65.706  2.862 0.4000000060
33989  28.954  -66.599  2.714 0.4000000060
30642  32.523  -69.807  12.369 0.4000000060
30670  32.848  -69.116  10.280 0.4000000060
153663  33.002  -69.231  11.044 0.4000000060
31747  32.355  -68.202  9.067 0.4000000060
31770  31.622  -68.215  7.290 0.4000000060
32861  30.144  -67.677  5.703 0.4000000060
33955  29.592  -67.204  5.495 0.4000000060
35100  28.015  -66.488  4.525 0.5000000000
35110  27.740  -66.172  4.174 0.4000000060
132760  32.707  -68.949  11.777 0.4000000060
31733  32.690  -68.506  10.877 0.4000000060
32834  32.319  -67.503  9.464 0.4000000060
31759  31.967  -68.086  8.221 0.4000000060
32853  31.640  -67.550  7.604 0.4000000060
143549  31.403  -67.157  6.930 0.4000000060
33953  30.931  -66.814  6.199 0.5000000000
142884  30.334  -67.235  5.881 0.4000000060
33962  29.593  -66.330  5.363 0.3000000119
158861  28.668  -66.589  5.013 0.4000000060
35109  27.880  -65.362  4.157 0.4000000060
35119  27.613  -65.927  3.615 0.5000000000
141641  32.296  -69.032  12.524 0.4000000060
32846  32.161  -66.980  8.754 0.4000000060
33937  31.926  -66.814  7.807 0.4000000060
33945  31.743  -66.455  6.881 0.3000000119
35085  31.505  -66.015  6.085 0.3000000119
35086  30.591  -66.171  5.622 0.3000000119
36222  29.872  -65.385  5.206 0.3000000119
35098  28.847  -65.638  4.961 0.3000000119
36235  27.988  -64.501  4.105 0.4000000060
37491  28.232  -63.434  3.888 0.4000000060
32827  32.455  -67.425  10.615 0.3000000119
150789  32.347  -66.569  9.663 0.3000000119
33936  32.341  -66.211  8.597 0.3000000119
33944  32.289  -66.003  7.620 0.3000000119
35075  32.102  -65.658  6.829 0.3000000119
138809  31.733  -65.200  6.258 0.3000000119
137415  31.001  -65.235  5.552 0.4000000060
36211  30.595  -64.301  5.365 0.4000000060
159976  30.339  -64.862  5.282 0.3000000119
36212  29.799  -64.449  5.010 0.3000000119
36224  28.384  -64.345  4.431 0.3000000119
37483  28.131  -63.726  4.039 0.4000000060
38612  28.479  -62.665  3.907 0.4000000060
36210  31.459  -64.225  6.034 0.4000000060
143702  30.390  -62.643  5.498 0.4000000060
37460  29.945  -63.464  5.016 0.4000000060
39639  29.177  -62.090  4.679 0.3000000119
37474  28.577  -63.386  4.346 0.4000000060
39647  28.818  -61.793  4.154 0.4000000060
136489  28.777  -61.121  4.082 0.4000000060
38597  28.546  -62.811  3.868 0.4000000060
39663  28.627  -61.953  3.996 0.4000000060
137743  29.753  -62.056  5.182 0.4000000060
39640  29.070  -61.313  4.581 0.5000000000
142325  28.829  -60.812  4.354 0.4000000060
40737  28.469  -60.332  4.136 0.4000000060
135682  29.033  -61.336  3.783 0.3000000119
139825  28.209  -60.140  3.880 0.3000000119
24903  28.482  -75.105  4.013 0.6999999881
132784  29.080  -75.577  7.471 0.8000000119
27380  29.043  -72.909  3.247 0.6000000238
24901  29.652  -74.534  4.715 0.6999999881
26116  29.500  -73.842  3.859 0.6999999881
29643  29.449  -70.791  1.830 0.6000000238
149484  32.577  -73.265  7.290 0.4000000060
27342  32.267  -73.174  6.427 0.4000000060
26104  30.943  -73.783  5.439 0.6999999881
27378  30.548  -72.314  4.401 0.6999999881
28520  28.780  -71.636  3.362 0.6999999881
27310  33.513  -72.942  9.495 0.5000000000
28517  30.455  -71.216  4.477 0.5000000000
29613  31.382  -70.208  5.316 0.4000000060
30727  28.060  -69.229  4.240 0.6000000238
135525  27.667  -68.025  2.882 0.5000000000
32891  27.526  -67.229  3.059 0.6000000238
32860  30.768  -67.600  6.270 0.3000000119
35099  28.165  -65.724  4.559 0.4000000060
156352  32.454  -67.299  11.565 0.4000000060
36223  28.972  -64.797  4.793 0.3000000119
37473  29.095  -63.895  4.643 0.3000000119
38586  28.775  -62.603  4.352 0.3000000119
40751  28.669  -60.642  3.837 0.3000000119
21318  32.350  -77.800  7.947 0.6000000238
20098  32.610  -78.239  7.947 0.6000000238
17835  32.216  -79.932  4.887 0.6000000238
141400  32.124  -79.902  3.859 0.6000000238
17759  31.247  -80.341  10.677 0.5000000000
18866  32.474  -78.793  9.435 0.6000000238
21307  31.154  -77.526  9.034 0.6999999881
21306  32.048  -77.646  8.650 0.6999999881
18867  32.270  -79.533  9.207 0.6000000238
21330  32.214  -77.661  6.407 0.6000000238
141980  32.476  -77.963  6.113 0.6000000238
20128  31.944  -77.854  4.429 0.6000000238
18949  32.147  -78.314  4.222 0.6000000238
18950  32.017  -78.978  3.597 0.6000000238
20148  31.316  -78.997  2.756 0.6000000238
17890  30.560  -80.349  0.820 0.6999999881
20057  31.388  -78.850  11.195 0.6000000238
21293  30.334  -77.562  9.905 0.6999999881
137130  31.720  -79.671  10.508 0.5000000000
21282  31.462  -77.758  9.985 0.6999999881
20076  32.073  -78.102  9.993 0.6999999881
142302  29.694  -77.589  7.185 0.6999999881
150744  31.281  -77.484  6.967 0.6999999881
21356  31.416  -77.572  4.819 0.5000000000
18961  29.480  -79.219  1.780 0.6000000238
18971  30.001  -79.816  1.200 0.6999999881
18972  29.113  -79.502  1.205 0.6999999881
17899  30.268  -80.375  0.449 0.6999999881
17905  29.733  -80.021  0.005 0.6999999881
140140  36.506  -79.465  -0.490 0.4000000060
20173  34.191  -78.443  -0.540 0.5000000000
20186  32.900  -79.112  -1.045 0.6000000238
18999  32.020  -79.684  -1.084 0.6000000238
19001  30.297  -79.835  -0.609 0.6999999881
18807  28.394  -79.717  13.264 0.5000000000
147044  29.508  -78.649  12.812 0.5000000000
20059  29.810  -77.838  11.650 0.6000000238
18805  30.023  -79.279  12.364 0.5000000000
21266  29.792  -77.515  10.769 0.6999999881
20039  30.064  -78.452  12.109 0.5000000000
18836  30.763  -79.051  11.767 0.6000000238
151098  28.819  -77.197  9.043 0.6999999881
152934  29.633  -77.495  9.008 0.6999999881
135635  30.398  -77.553  8.081 0.6999999881
21346  30.677  -77.495  5.367 0.6999999881
20139  30.741  -78.320  3.340 0.6000000238
20149  30.170  -78.792  2.556 0.6000000238
18962  28.588  -78.990  1.654 0.6999999881
17906  28.983  -79.385  0.256 0.6999999881
158209  30.054  -79.295  -0.392 0.6999999881
20188  31.503  -78.975  -0.856 0.6000000238
20176  31.061  -78.342  -0.570 0.6000000238
21243  27.754  -77.712  13.434 0.5000000000
18787  26.707  -79.659  13.695 0.4000000060
21252  28.435  -77.617  12.808 0.5000000000
20024  27.680  -78.592  13.863 0.5000000000
18784  28.897  -78.886  13.338 0.5000000000
21268  28.422  -77.108  11.726 0.6000000238
21267  29.008  -77.357  11.296 0.6000000238
22507  28.597  -76.427  8.774 0.6999999881
21284  28.792  -77.087  10.372 0.6000000238
21308  28.573  -76.909  8.733 0.6999999881
21319  28.984  -77.402  8.154 0.6999999881
21331  30.363  -77.487  6.199 0.6999999881
21357  30.182  -77.692  4.641 0.6999999881
155635  30.221  -77.939  3.846 0.6999999881
20140  29.667  -78.230  3.268 0.6999999881
20151  28.248  -78.578  2.078 0.6999999881
20166  28.088  -78.544  1.169 0.8000000119
20178  29.418  -78.957  0.083 0.6999999881
21397  33.256  -77.747  -0.416 0.5000000000
20175  31.897  -78.229  -0.659 0.6000000238
21400  30.604  -77.800  -0.041 0.6000000238
20026  25.870  -79.183  14.060 0.4000000060
21253  27.787  -76.989  12.468 0.6000000238
22468  28.478  -76.654  11.121 0.6000000238
23666  28.860  -75.971  9.445 0.6000000238
22508  28.499  -76.306  8.052 0.6999999881
22517  28.434  -76.685  8.180 0.6999999881
21321  28.374  -77.037  6.869 0.6999999881
21333  28.641  -77.400  6.243 0.6999999881
21334  28.240  -77.054  5.905 0.8000000119
21348  28.423  -77.500  5.437 0.8000000119
20132  28.173  -77.744  3.764 0.6000000238
20152  27.956  -78.159  2.116 0.6000000238
21388  28.332  -77.828  0.924 0.8000000119
21402  28.662  -78.385  0.549 0.6999999881
146191  33.914  -77.633  -0.214 0.5000000000
21398  32.351  -77.670  -0.351 0.6000000238
150085  30.732  -76.586  0.607 0.6999999881
22601  33.622  -77.185  0.117 0.6000000238
22454  27.361  -76.539  12.786 0.5000000000
156545  25.741  -77.649  14.382 0.4000000060
21225  25.073  -77.278  14.705 0.4000000060
22453  27.898  -76.449  12.059 0.5000000000
21254  27.095  -77.163  13.329 0.5000000000
23636  28.487  -76.237  10.962 0.6000000238
159541  29.249  -75.532  9.585 0.6000000238
24843  29.187  -75.599  9.036 0.6000000238
24844  29.133  -75.614  8.322 0.6999999881
22518  28.321  -76.646  7.459 0.8000000119
22529  27.800  -76.209  5.616 0.8000000119
21350  27.519  -76.900  4.659 0.6000000238
22556  27.367  -76.793  3.269 0.6000000238
21376  27.821  -77.720  1.855 0.6999999881
22595  28.251  -77.315  1.296 0.6999999881
23763  30.349  -75.682  1.238 0.6999999881
22603  31.903  -77.135  0.197 0.6000000238
141418  30.894  -76.128  0.912 0.6000000238
23743  31.922  -75.612  1.375 0.6000000238
22589  33.136  -76.601  0.547 0.6000000238
24789  28.824  -75.168  11.944 0.5000000000
23624  27.024  -76.116  13.152 0.5000000000
22443  25.856  -76.722  14.293 0.5000000000
22426  25.060  -76.317  14.986 0.5000000000
24800  29.113  -75.274  11.228 0.5000000000
23623  27.594  -75.933  12.505 0.5000000000
24832  29.562  -75.244  9.973 0.6000000238
154271  27.567  -75.940  5.107 0.6999999881
24904  27.835  -75.548  3.872 0.6000000238
23733  27.530  -76.271  2.783 0.6000000238
150785  28.504  -75.463  1.978 0.6000000238
24944  29.319  -75.588  1.485 0.6999999881
24936  29.361  -74.770  1.732 0.6000000238
24943  29.807  -75.209  1.489 0.6000000238
23744  31.059  -75.562  1.284 0.6999999881
22588  34.012  -76.545  0.526 0.5000000000
24933  32.368  -74.970  1.925 0.4000000060
152313  28.498  -74.940  12.752 0.5000000000
137905  28.153  -74.673  13.424 0.5000000000
24774  26.704  -75.055  14.082 0.5000000000
23593  25.116  -75.354  15.200 0.5000000000
23579  23.771  -75.184  15.767 0.5000000000
23581  22.557  -75.771  15.446 0.5000000000
26132  28.701  -73.933  2.401 0.6000000238
157945  29.195  -74.000  1.839 0.6000000238
27409  29.476  -73.030  1.589 0.4000000060
26143  30.063  -73.752  1.717 0.5000000000
133871  30.803  -73.410  1.892 0.4000000060
26130  32.376  -73.958  2.370 0.4000000060
26142  31.472  -74.169  2.057 0.5000000000
24788  29.339  -74.611  12.650 0.6000000238
24772  28.885  -74.396  13.511 0.5000000000
24756  26.760  -74.222  14.679 0.5000000000
24741  25.175  -74.395  15.347 0.5000000000
24742  24.308  -74.451  15.535 0.5000000000
23595  22.854  -74.833  14.897 0.5000000000
23614  22.376  -75.529  13.632 0.4000000060
23626  22.768  -75.814  12.525 0.5000000000
22470  22.378  -76.269  11.968 0.4000000060
22488  22.074  -76.711  10.360 0.4000000060
21296  21.341  -77.191  9.960 0.4000000060
145294  29.025  -73.269  1.697 0.6000000238
135161  29.650  -72.251  1.631 0.4000000060
27407  31.007  -72.530  1.868 0.4000000060
26131  31.591  -73.229  2.183 0.4000000060
25973  28.308  -74.095  14.110 0.5000000000
25958  27.549  -73.715  14.569 0.4000000060
149987  25.421  -73.626  15.194 0.4000000060
25945  23.949  -73.892  15.258 0.5000000000
25974  24.152  -72.866  13.939 0.4000000060
24775  23.312  -74.110  13.445 0.5000000000
25986  23.956  -73.644  12.530 0.4000000060
25997  24.048  -74.209  11.757 0.5000000000
23625  23.363  -75.393  11.964 0.5000000000
23654  24.219  -75.159  10.516 0.3000000119
22495  23.533  -76.349  9.720 0.3000000119
22510  22.747  -76.629  8.395 0.3000000119
28540  30.539  -71.167  1.816 0.4000000060
25972  29.191  -73.621  14.110 0.5000000000
25957  28.342  -73.253  14.524 0.5000000000
25959  25.969  -73.097  15.067 0.4000000060
25970  31.067  -72.901  13.443 0.4000000060
27266  29.647  -72.755  14.211 0.4000000060
27256  28.335  -72.368  14.558 0.4000000060
28409  26.800  -71.795  14.275 0.4000000060
27265  31.034  -72.157  13.649 0.4000000060
28406  29.846  -71.895  14.150 0.4000000060
28407  28.533  -71.653  14.297 0.4000000060
29502  31.188  -70.551  13.519 0.4000000060
28419  28.656  -71.047  13.925 0.4000000060
28420  28.078  -71.180  13.868 0.4000000060
28429  27.025  -71.044  12.615 0.4000000060
29494  30.051  -71.130  13.946 0.4000000060
28427  31.890  -71.146  13.139 0.3000000119
29505  28.938  -70.503  13.792 0.4000000060
28428  27.642  -70.641  12.986 0.4000000060
28440  27.259  -70.569  11.928 0.4000000060
29511  31.937  -70.244  13.039 0.4000000060
28441  26.851  -71.036  11.551 0.4000000060
148805  26.961  -70.399  10.839 0.4000000060
31717  31.867  -68.634  12.961 0.3000000119
31697  31.235  -68.987  13.438 0.4000000060
31698  30.345  -68.985  13.702 0.4000000060
146435  28.743  -69.250  13.592 0.4000000060
30644  27.723  -69.682  12.714 0.4000000060
29512  27.579  -70.202  12.233 0.4000000060
31700  27.766  -68.117  13.247 0.3000000119
24913  27.861  -75.582  3.068 0.6000000238
23635  28.572  -75.715  11.227 0.5000000000
155447  28.656  -72.900  1.952 0.6000000238
141811  30.457  -71.992  1.697 0.4000000060
18928  32.414  -79.016  5.383 0.6000000238
17891  29.898  -80.029  1.144 0.6999999881
18978  28.288  -78.921  0.980 0.6999999881
18985  34.501  -79.219  -0.634 0.5000000000
21396  34.252  -77.849  -0.210 0.5000000000
18986  33.760  -78.961  -0.906 0.5000000000
133590  33.817  -78.132  -0.534 0.4000000060
20187  32.232  -78.820  -0.875 0.6000000238
18785  28.212  -79.009  13.588 0.5000000000
21358  28.858  -77.790  4.965 0.6999999881
21399  31.493  -77.694  -0.236 0.6000000238
22494  28.646  -76.534  9.516 0.6000000238
20141  28.755  -78.026  3.444 0.6999999881
20158  27.964  -78.119  1.532 0.8000000119
22605  30.083  -77.102  0.446 0.6999999881
20008  26.203  -78.323  14.290 0.4000000060
21363  27.721  -77.377  4.101 0.6000000238
20143  27.735  -77.591  2.493 0.6000000238
23765  29.036  -76.267  1.292 0.6999999881
22593  29.452  -76.684  0.878 0.6999999881
141121  34.845  -76.962  0.428 0.5000000000
22592  30.206  -76.330  0.857 0.6999999881
22591  31.411  -76.566  0.592 0.6000000238
23724  27.432  -76.061  3.611 0.6999999881
23748  27.700  -76.569  2.126 0.6999999881
23747  28.105  -76.162  1.815 0.6999999881
23745  30.412  -74.834  1.576 0.6000000238
23761  32.548  -76.134  0.975 0.6000000238
23742  32.883  -75.657  1.337 0.6000000238
23610  27.117  -75.522  13.344 0.5000000000
23611  26.405  -75.860  13.906 0.5000000000
148821  28.680  -74.793  2.226 0.6000000238
24935  29.777  -74.436  1.683 0.6000000238
21285  21.251  -77.148  10.960 0.3000000119
27408  30.218  -72.794  1.650 0.5000000000
27396  31.798  -72.338  2.214 0.4000000060
152415  23.149  -74.307  14.377 0.5000000000
23637  23.685  -75.670  11.012 0.4000000060
22497  22.130  -76.730  8.875 0.4000000060
154324  31.414  -69.786  13.378 0.4000000060
29504  29.668  -70.485  13.877 0.4000000060
150769  41.867  -84.819  8.490 0.3000000119
13508  42.233  -84.277  8.491 0.3000000119
15712  37.582  -82.717  0.112 0.4000000060
14603  39.354  -82.588  -0.600 0.4000000060
15710  39.546  -82.502  0.094 0.4000000060
15693  40.201  -81.907  0.890 0.4000000060
14615  36.239  -83.335  -1.380 0.4000000060
15714  35.662  -82.995  0.255 0.4000000060
14607  35.166  -83.325  -0.539 0.4000000060
14595  34.182  -83.089  -0.312 0.5000000000
15716  33.733  -82.729  0.460 0.5000000000
141259  33.084  -82.281  0.773 0.5000000000
14620  38.425  -82.245  -1.361 0.4000000060
15726  38.062  -83.017  -0.612 0.5000000000
15713  36.621  -82.830  0.175 0.5000000000
15683  33.182  -81.975  2.520 0.5000000000
14619  39.104  -82.324  -1.058 0.5000000000
150640  38.671  -82.813  -0.684 0.5000000000
142200  40.268  -81.948  -0.890 0.5000000000
137434  40.210  -82.301  0.073 0.4000000060
14601  40.640  -81.815  -0.029 0.4000000060
15692  41.144  -81.798  1.270 0.4000000060
15707  41.788  -81.517  1.387 0.4000000060
15679  42.313  -81.713  2.635 0.3000000119
14563  43.164  -82.079  4.296 0.4000000060
17927  36.814  -81.382  -1.949 0.4000000060
16841  35.043  -82.352  -2.036 0.4000000060
15746  34.215  -82.201  -1.977 0.4000000060
132348  37.715  -81.193  -1.902 0.4000000060
14622  36.665  -82.944  -1.804 0.4000000060
15744  35.864  -82.681  -2.042 0.4000000060
14617  34.448  -83.074  -1.507 0.4000000060
14618  33.882  -82.877  -1.214 0.5000000000
14596  33.614  -82.791  -0.234 0.5000000000
16839  38.546  -81.184  -1.791 0.4000000060
14621  37.634  -82.696  -1.484 0.4000000060
14614  37.072  -83.174  -1.283 0.4000000060
14610  33.428  -82.571  -0.931 0.5000000000
144260  32.893  -82.225  -0.250 0.5000000000
15698  32.707  -81.918  0.895 0.5000000000
15699  32.341  -81.626  0.595 0.6000000238
16803  31.870  -81.224  0.760 0.6000000238
16785  32.390  -81.528  1.379 0.6000000238
16833  30.267  -80.476  -0.269 0.6000000238
16816  30.801  -80.820  0.127 0.6000000238
16786  32.225  -81.205  2.336 0.5000000000
14591  41.231  -81.615  0.485 0.4000000060
152802  31.379  -79.728  2.100 0.5000000000
15690  42.555  -81.450  2.116 0.4000000060
142371  43.294  -81.248  2.446 0.4000000060
15665  43.284  -81.686  3.615 0.4000000060
17915  34.467  -80.766  -1.520 0.4000000060
17916  33.698  -80.675  -1.352 0.5000000000
151669  33.367  -81.319  -1.343 0.5000000000
16830  32.695  -81.522  -1.089 0.5000000000
15730  32.411  -81.756  -0.237 0.5000000000
17918  32.094  -80.685  -1.135 0.5000000000
16815  31.807  -81.271  0.196 0.6000000238
19000  31.107  -79.904  -0.909 0.6000000238
16832  30.961  -80.809  -0.501 0.6000000238
13510  41.075  -85.383  8.542 0.3000000119
141349  43.606  -82.640  8.400 0.3000000119
15633  45.025  -81.557  6.105 0.3000000119
17912  37.511  -80.445  -1.728 0.4000000060
18994  37.016  -79.874  -1.292 0.4000000060
18995  35.994  -80.170  -1.102 0.4000000060
17914  35.359  -80.832  -1.662 0.4000000060
18996  34.972  -80.098  -0.983 0.4000000060
17917  32.946  -80.690  -1.323 0.5000000000
18997  34.112  -79.932  -1.129 0.4000000060
156017  32.657  -80.005  -1.302 0.5000000000
17889  31.623  -80.807  1.227 0.6000000238
17878  31.762  -80.474  2.080 0.5000000000
14616  35.293  -83.358  -1.314 0.4000000060
152444  32.760  -81.697  2.671 0.5000000000
15646  44.542  -81.440  5.144 0.3000000119
17913  36.140  -80.895  -1.750 0.4000000060
16829  33.558  -82.069  -1.394 0.5000000000
15737  32.435  -81.684  -0.686 0.5000000000
16831  31.771  -81.211  -0.792 0.6000000238
143471  28.392  -65.082  4.636 0.3000000119
12482  41.434  -85.347  8.436 0.3000000119
12483  40.924  -85.913  8.433 0.3000000119
13507  42.710  -84.203  8.355 0.3000000119
13509  41.917  -84.622  8.531 0.3000000119
14510  42.834  -83.575  8.403 0.3000000119
14564  42.882  -82.334  4.525 0.4000000060
14592  40.851  -81.813  0.302 0.4000000060
14593  40.410  -82.086  -0.160 0.4000000060
14594  39.787  -82.501  -0.341 0.4000000060
14597  33.302  -82.540  -0.499 0.5000000000
14602  40.024  -82.252  -0.621 0.5000000000
14604  38.006  -82.975  -1.006 0.5000000000
14605  37.348  -83.247  -0.972 0.4000000060
14606  36.637  -83.425  -1.024 0.4000000060
14608  34.404  -83.213  -0.974 0.4000000060
14609  33.778  -82.906  -0.737 0.5000000000
14612  39.638  -82.323  -0.812 0.5000000000
14613  38.401  -82.604  -1.132 0.4000000060
14623  35.845  -83.164  -1.742 0.4000000060
14624  35.143  -82.970  -1.786 0.4000000060
15678  42.946  -81.592  2.944 0.4000000060
15691  41.698  -81.683  1.828 0.4000000060
15697  33.441  -82.285  1.379 0.5000000000
15708  41.251  -81.725  0.878 0.4000000060
15709  40.740  -81.957  0.426 0.4000000060
15717  33.192  -82.464  0.078 0.5000000000
15718  32.707  -82.037  0.269 0.5000000000
15723  41.151  -81.566  0.108 0.4000000060
15725  39.039  -82.807  -0.441 0.4000000060
15727  37.068  -83.191  -0.591 0.4000000060
15728  36.172  -83.309  -0.530 0.4000000060
15729  32.926  -82.195  -0.649 0.5000000000
15734  39.889  -81.958  -1.067 0.5000000000
15735  33.947  -82.663  -1.589 0.5000000000
15736  33.099  -82.178  -0.996 0.5000000000
15740  39.219  -81.853  -1.310 0.5000000000
15741  38.511  -81.729  -1.580 0.4000000060
15742  37.820  -82.147  -1.699 0.4000000060
15743  36.651  -82.278  -2.058 0.4000000060
15745  34.498  -82.753  -1.864 0.4000000060
16804  31.125  -80.784  0.529 0.6000000238
16814  37.116  -82.233  0.935 0.4000000060
16817  30.128  -80.401  0.192 0.6999999881
16818  29.717  -79.974  0.282 0.6999999881
16821  31.549  -81.131  -0.319 0.6000000238
16822  30.544  -80.700  -0.132 0.6000000238
16823  30.093  -80.392  -0.102 0.6999999881
16827  35.809  -81.719  -2.003 0.4000000060
16828  34.790  -81.548  -1.940 0.4000000060
16840  37.377  -81.929  -1.948 0.4000000060
17879  31.057  -80.083  1.414 0.6999999881
17892  29.174  -79.563  1.041 0.6999999881
17893  28.667  -79.266  0.907 0.6999999881
17900  29.887  -80.193  0.678 0.6999999881
17901  29.312  -79.598  0.630 0.6999999881
17907  28.673  -79.145  0.729 0.6999999881
17919  30.579  -80.423  -0.629 0.6000000238
17920  30.077  -80.175  -0.367 0.6999999881
18786  27.505  -79.462  13.647 0.5000000000
18806  29.315  -79.501  12.916 0.5000000000
18835  31.275  -79.618  11.175 0.5000000000
18852  32.255  -78.631  10.124 0.6999999881
18853  32.236  -79.291  10.055 0.6000000238
18880  32.565  -78.890  8.512 0.6000000238
18929  32.126  -79.829  5.992 0.6000000238
18959  31.798  -79.856  2.863 0.5000000000
18960  30.605  -79.448  1.921 0.6999999881
18963  28.180  -78.801  1.613 0.6999999881
18973  28.523  -79.166  1.233 0.6999999881
18974  28.223  -78.860  1.225 0.8000000119
18987  29.772  -79.703  -0.194 0.6999999881
18988  28.305  -78.762  0.847 0.6999999881
18998  33.344  -79.857  -1.271 0.5000000000
20022  28.979  -78.181  13.073 0.5000000000
20023  28.392  -78.283  13.465 0.5000000000
20040  29.228  -77.819  12.316 0.5000000000
20058  30.714  -78.215  11.339 0.6000000238
20068  31.645  -78.326  10.625 0.6999999881
20075  32.345  -78.265  9.574 0.6000000238
20090  32.487  -78.123  8.798 0.6000000238
20127  32.329  -77.968  4.807 0.6000000238
20129  31.109  -77.837  4.077 0.6999999881
20130  29.318  -77.884  4.050 0.6999999881
20131  28.550  -77.822  4.215 0.6000000238
20138  31.633  -78.345  3.722 0.6000000238
20142  27.887  -77.631  3.067 0.6000000238
20150  28.938  -78.575  2.498 0.6999999881
20153  27.852  -78.001  1.985 0.6000000238
20157  28.034  -78.429  1.522 0.8000000119
20165  28.154  -78.399  0.989 0.8000000119
20171  37.057  -78.793  0.087 0.4000000060
20174  33.316  -78.403  -0.757 0.6000000238
20177  30.236  -78.593  -0.283 0.6999999881
20189  30.668  -79.131  -0.691 0.6999999881
21224  26.433  -77.427  14.064 0.4000000060
21244  27.079  -78.027  14.112 0.5000000000
21269  28.199  -76.716  11.720 0.6000000238
21283  30.859  -77.808  10.590 0.6999999881
21292  32.039  -77.782  9.389 0.6999999881
21294  29.128  -77.288  9.757 0.6999999881
21295  28.675  -76.936  9.592 0.6000000238
21320  28.480  -77.023  7.778 0.6999999881
21332  29.177  -77.642  6.387 0.6999999881
21344  32.296  -77.790  5.524 0.6000000238
21345  31.635  -77.482  5.704 0.5000000000
21347  29.584  -77.641  5.572 0.6999999881
21349  27.795  -76.682  5.435 0.8000000119
21359  27.446  -77.019  3.924 0.6000000238
21364  27.549  -77.277  3.264 0.6000000238
21367  27.681  -77.472  2.204 0.6000000238
21375  27.917  -77.643  1.642 0.6999999881
21385  34.647  -77.537  0.162 0.5000000000
21386  34.334  -77.206  0.208 0.5000000000
21387  29.048  -77.483  0.585 0.6999999881
21389  28.039  -78.020  1.236 0.8000000119
21401  29.621  -78.034  0.166 0.6999999881
22442  26.689  -76.625  13.534 0.5000000000
22469  28.293  -76.410  11.472 0.6000000238
22471  21.809  -76.651  11.453 0.3000000119
22486  28.608  -76.645  10.333 0.6000000238
22487  22.937  -76.486  10.239 0.4000000060
22496  22.728  -76.606  9.422 0.4000000060
22509  23.505  -76.412  8.734 0.3000000119
22528  28.166  -76.539  6.413 0.8000000119
22539  27.472  -76.344  4.967 0.6000000238
22550  27.368  -76.510  4.176 0.6999999881
22566  27.497  -76.976  2.470 0.6999999881
22578  27.894  -76.947  1.703 0.6999999881
22579  27.690  -77.260  1.972 0.6999999881
22590  32.235  -76.602  0.578 0.6000000238
22594  28.706  -77.049  1.076 0.8000000119
22602  32.773  -77.166  0.117 0.6000000238
22604  31.050  -77.118  0.282 0.6999999881
23578  24.531  -75.004  15.555 0.5000000000
23580  23.088  -75.030  15.505 0.5000000000
23592  25.968  -74.917  14.760 0.5000000000
23612  25.645  -75.831  14.585 0.5000000000
23613  23.012  -75.042  12.998 0.5000000000
23622  28.212  -75.521  12.137 0.5000000000
23638  23.127  -76.067  11.527 0.4000000060
23652  28.931  -75.607  10.682 0.5000000000
23653  28.682  -76.045  10.302 0.6000000238
23656  23.379  -76.214  10.603 0.3000000119
23665  29.090  -75.654  10.112 0.6000000238
23674  28.799  -75.961  8.632 0.6999999881
23683  28.713  -75.911  7.839 0.6999999881
23684  28.401  -76.222  7.203 0.8999999762
23691  28.184  -76.054  6.290 0.8000000119
23701  27.926  -75.807  5.504 0.8000000119
23716  27.449  -75.941  4.458 0.6000000238
23732  28.045  -75.683  2.322 0.6000000238
23746  28.766  -75.695  1.665 0.6999999881
23762  31.650  -76.113  0.961 0.6000000238
23764  29.711  -75.966  1.218 0.6999999881
23766  28.370  -76.593  1.493 0.6999999881
24743  23.679  -74.547  15.526 0.5000000000
24757  23.357  -74.334  15.039 0.5000000000
24771  29.612  -74.104  13.455 0.6000000238
24773  27.472  -74.674  13.901 0.5000000000
24776  22.799  -74.836  14.066 0.4000000060
24786  30.871  -74.251  12.361 0.6000000238
24790  27.778  -75.208  12.942 0.5000000000
24791  23.573  -74.530  12.342 0.4000000060
24802  23.878  -74.896  11.418 0.5000000000
24818  29.986  -74.846  10.537 0.5000000000
24819  29.381  -75.264  10.624 0.5000000000
24842  30.163  -74.828  8.463 0.6999999881
24864  30.299  -74.654  6.179 0.6999999881
24885  29.063  -75.221  5.406 0.8000000119
24887  27.853  -75.613  4.711 0.6999999881
24921  28.484  -74.914  2.652 0.6000000238
24934  31.293  -74.918  1.671 0.5000000000
25944  24.736  -73.733  15.323 0.5000000000
25956  28.947  -72.832  14.451 0.4000000060
25960  25.193  -73.089  14.999 0.4000000060
25962  23.622  -73.628  14.365 0.5000000000
25971  30.204  -73.446  13.651 0.5000000000
25984  31.001  -73.729  13.051 0.6000000238
25994  32.619  -73.456  11.288 0.5000000000
25995  31.814  -74.032  11.072 0.5000000000
26024  33.259  -73.214  10.217 0.5000000000
26044  32.338  -73.599  8.099 0.4000000060
26045  31.204  -74.288  8.421 0.6999999881
26083  31.588  -73.501  5.842 0.6000000238
26114  30.535  -73.476  4.684 0.6999999881
26115  29.985  -73.621  4.264 0.6999999881
26124  28.746  -74.170  2.878 0.6000000238
26144  29.450  -73.795  1.725 0.4000000060
26145  28.887  -73.886  1.813 0.6000000238
27254  30.418  -72.484  13.893 0.4000000060
27255  29.097  -72.114  14.377 0.4000000060
27257  27.537  -72.759  14.732 0.5000000000
27271  31.750  -72.184  13.188 0.4000000060
27282  33.027  -72.090  11.982 0.5000000000
27295  33.550  -72.569  10.370 0.5000000000
27311  33.100  -73.349  8.735 0.5000000000
27356  32.688  -72.059  6.132 0.4000000060
27369  31.434  -71.867  4.900 0.5000000000
27379  30.141  -72.709  4.138 0.6000000238
27395  32.418  -73.044  2.613 0.4000000060
27410  28.541  -72.944  2.228 0.6999999881
28416  31.191  -71.463  13.543 0.4000000060
28417  30.538  -71.688  13.860 0.4000000060
28418  29.275  -71.267  14.080 0.4000000060
28421  27.311  -71.325  13.688 0.4000000060
28439  33.046  -71.210  12.032 0.5000000000
28452  33.600  -71.647  10.687 0.5000000000
28453  26.976  -70.684  11.076 0.4000000060
28476  33.458  -71.993  7.607 0.3000000119
28499  32.700  -71.094  6.392 0.3000000119
28511  31.526  -71.147  5.006 0.4000000060
28542  28.534  -71.819  1.967 0.6999999881
29503  30.371  -70.441  13.791 0.4000000060
29506  28.289  -70.573  13.490 0.4000000060
29510  32.496  -70.750  12.552 0.3000000119
29527  33.372  -70.745  11.243 0.4000000060
29529  27.243  -70.251  11.438 0.4000000060
29564  33.126  -70.042  8.684 0.4000000060
29578  33.320  -70.732  8.422 0.4000000060
29591  32.909  -70.318  7.814 0.4000000060
29614  29.835  -69.686  4.892 0.4000000060
29622  29.772  -70.418  4.546 0.5000000000
29639  28.007  -70.296  2.954 0.6000000238
29645  28.366  -71.533  2.340 0.6999999881
30634  30.756  -69.742  13.674 0.4000000060
30635  29.989  -69.747  13.834 0.4000000060
30636  29.240  -69.816  13.732 0.4000000060
30637  28.406  -69.883  13.385 0.4000000060
30643  31.917  -69.417  13.004 0.4000000060
30657  33.029  -69.827  11.515 0.4000000060
30683  32.607  -68.961  9.426 0.4000000060
30713  32.075  -69.696  6.558 0.3000000119
30737  27.776  -69.570  3.200 0.6000000238
30751  29.860  -70.175  1.916 0.6000000238
30752  29.262  -69.944  2.040 0.5000000000
31716  32.303  -68.342  12.362 0.4000000060
31741  32.512  -68.302  9.960 0.4000000060
31748  32.173  -67.608  8.739 0.4000000060
31758  32.391  -68.820  8.605 0.4000000060
31780  30.340  -68.270  5.689 0.4000000060
31794  27.554  -68.541  3.933 0.6000000238
31809  30.830  -68.408  2.128 0.5000000000
32873  27.381  -67.303  3.959 0.5000000000
32880  27.305  -67.370  3.490 0.6000000238
32889  29.518  -67.425  2.539 0.4000000060
33954  30.212  -66.801  5.712 0.4000000060
33963  28.143  -67.199  4.679 0.5000000000
33964  27.639  -66.916  4.258 0.5000000000
33976  27.487  -66.724  3.354 0.6000000238
35118  27.962  -65.026  3.748 0.5000000000
37459  30.774  -63.524  5.563 0.4000000060
38573  29.637  -62.620  4.985 0.4000000060
38585  29.163  -63.025  4.668 0.3000000119
39623  29.454  -61.425  5.105 0.4000000060
39662  29.043  -62.159  3.711 0.4000000060
132523  41.722  -81.459  0.515 0.4000000060
132889  35.913  -83.497  -1.020 0.4000000060
134734  31.691  -77.545  8.001 0.6999999881
134763  33.998  -81.471  -1.695 0.5000000000
135170  29.141  -79.087  0.073 0.6999999881
135493  28.122  -64.998  4.402 0.3000000119
135495  26.746  -73.284  14.913 0.4000000060
135977  37.911  -79.778  -1.465 0.4000000060
136135  32.149  -77.632  7.259 0.6000000238
136295  27.917  -77.232  5.049 0.8000000119
138178  29.543  -75.269  8.571 0.6000000238
138338  37.227  -82.460  -1.870 0.4000000060
138778  32.686  -78.276  -0.724 0.6000000238
139036  27.535  -77.230  2.708 0.6000000238
139151  28.772  -77.410  7.131 0.6999999881
139597  22.687  -76.445  11.031 0.4000000060
139956  36.764  -80.584  -1.644 0.4000000060
140284  31.002  -72.919  4.750 0.6999999881
140700  30.651  -71.048  13.727 0.4000000060
141391  28.175  -77.640  4.649 0.6000000238
143484  31.918  -79.052  10.688 0.5000000000
144381  30.759  -74.231  1.821 0.6000000238
144670  28.842  -77.662  5.750 0.8000000119
144700  29.492  -69.062  13.729 0.4000000060
144866  28.167  -76.066  11.689 0.5000000000
145645  27.131  -79.951  13.504 0.4000000060
146018  23.787  -73.355  13.465 0.4000000060
146537  30.957  -70.443  4.871 0.5000000000
146721  27.545  -68.899  3.439 0.6000000238
146883  32.527  -68.018  11.580 0.4000000060
147462  24.421  -77.698  14.857 0.4000000060
147608  33.454  -75.182  1.606 0.6000000238
147736  32.925  -81.980  1.558 0.5000000000
148085  28.586  -76.933  10.872 0.6000000238
148570  26.003  -73.861  15.085 0.5000000000
149052  38.874  -82.630  -0.838 0.5000000000
149701  28.739  -78.860  0.519 0.6999999881
149775  28.289  -78.078  2.801 0.6000000238
149821  22.680  -75.242  15.224 0.5000000000
149823  32.887  -72.908  11.699 0.5000000000
149885  21.906  -76.795  9.503 0.4000000060
150016  23.107  -75.641  15.774 0.5000000000
150406  30.019  -74.579  12.068 0.5000000000
150603  28.945  -74.777  1.931 0.6000000238
150784  37.972  -81.666  -1.796 0.4000000060
152384  32.352  -78.795  4.535 0.6000000238
152801  32.100  -77.629  4.992 0.6000000238
152871  28.886  -72.448  1.732 0.6000000238
153649  33.125  -71.799  6.793 0.4000000060
154082  31.284  -80.703  -0.889 0.6000000238
154776  32.366  -65.287  7.562 0.3000000119
155046  31.925  -67.386  8.238 0.4000000060
155718  32.526  -77.989  7.042 0.6000000238
155762  27.879  -70.203  12.961 0.4000000060
156094  33.584  -82.532  -1.233 0.5000000000
157107  28.661  -74.662  3.378 0.6999999881
157704  31.330  -67.739  6.895 0.4000000060
157706  28.034  -63.943  3.906 0.4000000060
157828  41.696  -85.016  8.491 0.3000000119
158148  30.208  -68.763  5.404 0.4000000060
158467  27.396  -67.671  3.191 0.6000000238
159003  29.373  -74.893  11.804 0.6999999881
159062  31.609  -80.310  -1.056 0.5000000000
159528  37.202  -80.900  -1.860 0.4000000060
160057  32.360  -81.690  0.175 0.5000000000
160128  31.469  -73.794  12.471 0.6000000238
