#!ascii label  , from subject sub-v1s10x0051095_ses-1 vox2ras=TkReg
1191
57875  -26.272  -18.860  35.478 0.0000000000
56817  -19.867  -19.346  39.982 0.0000000000
129000  -20.521  -14.677  41.749 0.0000000000
77208  -37.665  4.475  27.806 0.0000000000
72485  -38.980  -1.630  16.269 0.0000000000
56806  -13.947  -20.000  41.291 0.0000000000
74726  -33.491  1.344  30.818 0.0000000000
59771  -27.836  -16.716  32.124 0.0000000000
60561  -23.495  -15.713  38.479 0.0000000000
55856  -17.284  -20.967  38.973 0.0000000000
129804  -22.655  -24.032  45.007 0.0000000000
62345  -19.912  -13.626  34.839 0.0000000000
61542  -20.969  -14.445  31.049 0.0000000000
58689  -18.640  -17.236  44.781 0.0000000000
63076  -19.287  -12.968  38.752 0.0000000000
69950  -31.624  -4.339  22.144 0.0000000000
71498  -35.834  -2.041  27.004 0.0000000000
73116  -37.367  -0.480  35.022 0.0000000000
55754  -14.880  -20.239  47.889 0.0000000000
59577  -14.297  -16.865  51.253 0.0000000000
127528  -23.450  -13.090  27.649 0.0000000000
64814  -26.153  -10.116  25.077 0.0000000000
67509  -28.032  -7.224  23.107 0.0000000000
53174  -18.581  -23.558  47.144 0.0000000000
53294  -24.323  -22.828  40.613 0.0000000000
55862  -24.305  -21.198  39.644 0.0000000000
59716  -24.238  -16.922  37.112 0.0000000000
59693  -17.094  -16.390  38.611 0.0000000000
55870  -19.414  -20.707  38.796 0.0000000000
53272  -22.171  -23.512  41.413 0.0000000000
64706  -19.533  -10.637  35.754 0.0000000000
129455  -19.677  -13.102  37.223 0.0000000000
70691  -32.078  -2.622  27.159 0.0000000000
70744  -34.182  -3.070  24.206 0.0000000000
71476  -34.074  -1.981  29.104 0.0000000000
73904  -35.104  0.699  33.053 0.0000000000
75526  -36.791  2.439  31.084 0.0000000000
128277  -39.461  1.776  33.134 0.0000000000
74749  -38.874  2.682  28.714 0.0000000000
73189  -38.127  -0.256  26.317 0.0000000000
63939  -21.864  -11.404  30.874 0.0000000000
62401  -22.073  -13.696  29.329 0.0000000000
64770  -22.694  -10.689  29.660 0.0000000000
66583  -23.749  -8.179  26.868 0.0000000000
68298  -24.896  -6.303  26.044 0.0000000000
66601  -26.548  -8.243  24.245 0.0000000000
69085  -26.701  -5.052  25.328 0.0000000000
115967  -28.458  -3.932  25.063 0.0000000000
60502  -19.477  -15.046  44.898 0.0000000000
55803  -14.462  -20.800  44.713 0.0000000000
54100  -16.595  -22.605  44.111 0.0000000000
59557  -16.195  -16.884  53.409 0.0000000000
56675  -14.680  -18.475  52.929 0.0000000000
73923  -32.162  0.604  30.752 0.0000000000
61543  -28.980  -14.899  31.289 0.0000000000
61436  -22.367  -14.603  40.251 0.0000000000
55853  -14.939  -20.130  39.926 0.0000000000
53233  -18.463  -23.711  43.266 0.0000000000
53249  -20.026  -24.161  42.382 0.0000000000
74855  -41.962  1.369  13.099 0.0000000000
59725  -22.743  -16.295  35.312 0.0000000000
59751  -23.064  -16.943  33.192 0.0000000000
61531  -20.318  -14.073  32.760 0.0000000000
59674  -17.816  -16.937  40.481 0.0000000000
57779  -19.920  -18.165  42.318 0.0000000000
60513  -16.631  -15.747  43.552 0.0000000000
61388  -17.443  -15.062  44.668 0.0000000000
61402  -19.211  -14.563  42.354 0.0000000000
62279  -19.085  -13.463  40.480 0.0000000000
112612  -19.854  -14.355  39.820 0.0000000000
61460  -21.371  -14.540  38.480 0.0000000000
126384  -22.256  -15.474  36.775 0.0000000000
66636  -32.194  -7.842  21.624 0.0000000000
73127  -33.821  -1.279  33.367 0.0000000000
113095  -36.737  -1.394  30.526 0.0000000000
72419  -38.260  -1.755  22.699 0.0000000000
56707  -14.665  -18.979  49.289 0.0000000000
57699  -16.558  -17.970  51.839 0.0000000000
58882  -23.880  -16.931  30.704 0.0000000000
115245  -25.517  -15.925  29.495 0.0000000000
133834  -26.637  -14.243  28.148 0.0000000000
65627  -23.372  -9.289  27.871 0.0000000000
63998  -24.489  -11.477  26.365 0.0000000000
63201  -28.202  -12.746  27.274 0.0000000000
64015  -29.081  -11.243  25.663 0.0000000000
65677  -29.576  -9.771  24.135 0.0000000000
65710  -31.264  -9.071  22.860 0.0000000000
69094  -29.477  -5.614  22.487 0.0000000000
131048  -30.251  -3.179  25.743 0.0000000000
57782  -23.029  -17.923  41.797 0.0000000000
56738  -13.555  -19.598  46.244 0.0000000000
54071  -16.818  -22.310  47.709 0.0000000000
53190  -20.726  -24.318  46.170 0.0000000000
54890  -14.404  -21.105  50.891 0.0000000000
54984  -22.733  -21.567  39.373 0.0000000000
54153  -24.079  -21.991  39.669 0.0000000000
132239  -22.211  -19.934  39.716 0.0000000000
58786  -25.026  -18.043  36.620 0.0000000000
57832  -18.586  -18.484  39.067 0.0000000000
57848  -18.070  -18.771  38.557 0.0000000000
55857  -19.867  -20.241  39.073 0.0000000000
54150  -21.519  -22.378  39.595 0.0000000000
70674  -33.247  -3.399  30.645 0.0000000000
134618  -33.387  -2.368  29.057 0.0000000000
70662  -33.281  -3.242  31.387 0.0000000000
76341  -37.039  4.419  28.203 0.0000000000
75535  -36.298  2.627  30.450 0.0000000000
75544  -37.716  3.567  29.823 0.0000000000
120117  -38.547  3.305  29.812 0.0000000000
75560  -38.559  3.751  28.326 0.0000000000
74759  -37.785  2.220  27.435 0.0000000000
63951  -22.309  -11.145  30.274 0.0000000000
68293  -24.834  -5.924  26.943 0.0000000000
69084  -26.024  -5.357  25.702 0.0000000000
69900  -26.788  -4.625  26.994 0.0000000000
69909  -27.387  -4.402  26.356 0.0000000000
61390  -20.190  -14.866  43.521 0.0000000000
61375  -20.625  -14.788  44.760 0.0000000000
61391  -21.414  -14.616  43.446 0.0000000000
55824  -13.747  -20.230  42.982 0.0000000000
55825  -14.333  -20.647  42.582 0.0000000000
71623  -39.528  -2.217  16.239 0.0000000000
129837  -15.396  -16.894  53.580 0.0000000000
58832  -28.355  -17.271  33.609 0.0000000000
59791  -28.159  -16.073  31.677 0.0000000000
61448  -22.347  -14.810  39.405 0.0000000000
60548  -23.682  -15.542  39.335 0.0000000000
57846  -16.367  -18.256  37.939 0.0000000000
121305  -15.417  -18.361  38.030 0.0000000000
58764  -14.100  -17.597  38.234 0.0000000000
54978  -16.853  -21.384  39.700 0.0000000000
54123  -18.019  -22.979  41.232 0.0000000000
54132  -18.636  -22.772  40.307 0.0000000000
53253  -24.245  -23.651  42.291 0.0000000000
53252  -23.337  -23.693  42.741 0.0000000000
60603  -21.358  -15.229  34.824 0.0000000000
60615  -21.281  -15.378  33.852 0.0000000000
62353  -19.876  -13.648  34.001 0.0000000000
131157  -16.786  -15.655  40.958 0.0000000000
116146  -17.475  -16.589  41.654 0.0000000000
60512  -16.297  -15.132  43.035 0.0000000000
61387  -16.852  -15.182  44.429 0.0000000000
128922  -17.682  -14.015  43.002 0.0000000000
61401  -17.996  -14.475  43.401 0.0000000000
61417  -18.578  -14.145  42.082 0.0000000000
63853  -19.086  -11.327  39.415 0.0000000000
62287  -19.194  -13.182  39.694 0.0000000000
134756  -19.456  -13.835  39.912 0.0000000000
61445  -19.617  -13.773  39.221 0.0000000000
61446  -20.385  -14.267  38.974 0.0000000000
61458  -19.834  -13.683  38.374 0.0000000000
62336  -19.982  -13.618  35.722 0.0000000000
61490  -21.212  -14.659  36.700 0.0000000000
61502  -21.123  -14.798  35.722 0.0000000000
60591  -22.355  -15.776  36.042 0.0000000000
69105  -31.694  -5.656  21.543 0.0000000000
67533  -33.357  -7.092  21.115 0.0000000000
69964  -32.923  -4.876  21.624 0.0000000000
71548  -34.814  -2.859  24.993 0.0000000000
69938  -35.317  -4.056  23.149 0.0000000000
74725  -32.639  1.222  30.446 0.0000000000
73150  -33.014  -0.153  32.058 0.0000000000
73912  -33.341  0.579  31.627 0.0000000000
73895  -35.496  0.210  33.922 0.0000000000
72263  -34.999  -1.159  34.278 0.0000000000
72277  -36.234  -1.665  33.864 0.0000000000
72315  -37.524  -1.414  30.137 0.0000000000
73221  -37.955  -0.966  24.747 0.0000000000
72403  -36.800  -1.203  22.736 0.0000000000
71564  -37.595  -2.113  20.951 0.0000000000
56717  -13.849  -19.096  47.861 0.0000000000
119330  -13.366  -18.495  48.159 0.0000000000
134139  -14.939  -19.515  48.957 0.0000000000
56701  -17.230  -19.639  51.055 0.0000000000
57690  -17.763  -18.156  52.937 0.0000000000
120994  -21.913  -15.962  31.747 0.0000000000
123150  -23.769  -17.423  32.097 0.0000000000
60660  -22.158  -15.913  30.943 0.0000000000
62413  -22.979  -13.557  28.311 0.0000000000
60690  -23.734  -15.229  28.652 0.0000000000
61572  -24.072  -14.762  28.167 0.0000000000
60693  -26.516  -15.076  29.077 0.0000000000
61584  -25.330  -14.135  27.632 0.0000000000
67485  -23.636  -7.784  28.326 0.0000000000
66592  -24.663  -8.490  25.668 0.0000000000
65644  -24.118  -9.711  26.347 0.0000000000
64813  -25.590  -10.570  25.489 0.0000000000
62446  -26.462  -12.519  26.499 0.0000000000
64000  -26.755  -11.784  25.924 0.0000000000
64002  -28.589  -11.801  26.223 0.0000000000
119376  -26.912  -10.583  25.123 0.0000000000
67508  -27.344  -7.361  23.556 0.0000000000
65676  -28.652  -9.642  24.137 0.0000000000
65691  -29.077  -9.042  23.585 0.0000000000
65693  -30.837  -9.440  23.506 0.0000000000
66620  -29.386  -7.709  22.568 0.0000000000
117384  -30.168  -6.944  21.925 0.0000000000
68314  -29.074  -6.372  22.506 0.0000000000
70700  -29.852  -3.571  26.986 0.0000000000
70718  -29.670  -3.342  25.306 0.0000000000
119583  -30.701  -3.360  27.271 0.0000000000
58702  -18.566  -17.241  43.830 0.0000000000
57780  -20.668  -18.193  42.481 0.0000000000
58704  -20.082  -17.777  44.300 0.0000000000
54087  -16.704  -22.606  45.869 0.0000000000
54923  -16.125  -22.080  46.287 0.0000000000
54081  -17.397  -22.874  47.291 0.0000000000
53219  -20.378  -24.327  44.082 0.0000000000
113991  -19.712  -24.197  44.733 0.0000000000
53205  -21.419  -24.344  45.539 0.0000000000
53254  -25.201  -23.811  42.074 0.0000000000
53275  -25.515  -23.299  41.286 0.0000000000
54124  -25.929  -22.705  40.790 0.0000000000
54973  -26.358  -21.700  40.701 0.0000000000
59694  -24.042  -16.336  37.936 0.0000000000
60562  -24.207  -16.068  38.914 0.0000000000
59692  -16.673  -16.642  38.014 0.0000000000
56852  -17.539  -19.100  38.379 0.0000000000
54992  -18.938  -21.205  38.789 0.0000000000
54133  -20.296  -23.082  40.037 0.0000000000
54149  -20.642  -22.489  39.548 0.0000000000
53292  -22.553  -23.106  40.659 0.0000000000
62335  -19.569  -12.968  35.235 0.0000000000
62344  -19.550  -12.988  34.344 0.0000000000
122318  -19.234  -11.762  37.887 0.0000000000
62316  -19.547  -13.066  37.894 0.0000000000
63889  -19.424  -11.414  36.231 0.0000000000
71545  -32.028  -2.647  24.609 0.0000000000
70762  -32.470  -3.183  23.247 0.0000000000
121354  -32.729  -2.322  26.053 0.0000000000
71496  -33.693  -1.956  27.213 0.0000000000
71497  -34.366  -1.712  28.031 0.0000000000
119598  -34.297  1.650  30.860 0.0000000000
74727  -34.919  2.052  30.561 0.0000000000
122348  -36.134  1.799  31.719 0.0000000000
133051  -36.684  1.078  33.616 0.0000000000
74677  -38.102  0.426  35.211 0.0000000000
74717  -37.868  1.979  32.243 0.0000000000
75529  -39.256  2.275  31.130 0.0000000000
74750  -39.412  1.859  29.200 0.0000000000
73961  -37.889  0.995  27.370 0.0000000000
73966  -36.687  1.067  26.335 0.0000000000
54899  -17.562  -21.562  49.510 0.0000000000
55745  -16.568  -20.582  49.579 0.0000000000
115983  -18.734  -21.733  50.378 0.0000000000
121495  -21.363  -12.284  30.944 0.0000000000
61560  -21.765  -14.299  29.809 0.0000000000
63157  -21.974  -12.085  30.158 0.0000000000
63170  -22.299  -12.324  29.400 0.0000000000
63979  -23.093  -11.285  28.149 0.0000000000
67486  -23.961  -7.058  27.960 0.0000000000
68292  -24.426  -6.453  27.495 0.0000000000
68297  -24.501  -7.072  26.117 0.0000000000
66593  -25.234  -8.295  25.172 0.0000000000
132029  -26.291  -8.863  24.548 0.0000000000
68306  -25.763  -6.714  24.821 0.0000000000
68307  -26.306  -6.403  24.515 0.0000000000
68308  -26.940  -5.986  24.180 0.0000000000
69089  -28.026  -4.907  23.985 0.0000000000
69921  -27.870  -4.393  24.852 0.0000000000
60488  -18.194  -15.797  45.431 0.0000000000
59628  -19.802  -17.213  45.711 0.0000000000
60479  -19.867  -15.994  46.285 0.0000000000
54938  -15.489  -21.730  44.265 0.0000000000
54093  -17.312  -23.036  45.382 0.0000000000
59571  -15.598  -16.453  52.778 0.0000000000
112817  -13.946  -16.204  51.708 0.0000000000
59565  -15.091  -16.139  53.209 0.0000000000
58621  -14.023  -16.375  53.496 0.0000000000
56680  -13.086  -18.238  52.640 0.0000000000
124406  -29.297  -14.386  30.807 0.0000000000
115129  -21.871  -14.459  40.991 0.0000000000
113439  -22.376  -14.438  41.783 0.0000000000
58762  -12.840  -17.411  39.070 0.0000000000
56816  -14.159  -19.768  40.408 0.0000000000
54955  -15.906  -21.904  42.214 0.0000000000
112681  -17.306  -22.844  41.878 0.0000000000
53248  -19.104  -23.930  42.627 0.0000000000
113153  -21.389  -24.139  43.662 0.0000000000
53251  -21.790  -23.860  42.178 0.0000000000
53235  -22.297  -23.839  43.084 0.0000000000
53208  -24.004  -23.672  45.022 0.0000000000
73294  -40.374  -0.740  14.700 0.0000000000
58797  -24.209  -17.520  35.388 0.0000000000
58811  -24.264  -17.707  34.355 0.0000000000
119179  -22.745  -16.619  33.782 0.0000000000
60630  -21.265  -15.471  32.950 0.0000000000
61541  -20.586  -14.187  31.819 0.0000000000
63132  -19.634  -12.149  33.281 0.0000000000
63139  -20.106  -12.415  32.535 0.0000000000
63147  -20.758  -12.408  31.717 0.0000000000
64742  -21.507  -10.779  32.129 0.0000000000
57813  -18.893  -18.297  39.937 0.0000000000
57815  -20.156  -19.038  40.785 0.0000000000
130896  -18.369  -17.270  41.440 0.0000000000
58717  -18.569  -17.226  42.650 0.0000000000
59643  -17.740  -16.734  44.524 0.0000000000
60499  -16.416  -15.097  44.027 0.0000000000
60500  -16.855  -15.692  44.493 0.0000000000
61374  -17.408  -15.703  45.021 0.0000000000
60501  -18.265  -15.341  45.130 0.0000000000
61389  -18.937  -14.872  43.747 0.0000000000
61419  -19.952  -14.733  41.478 0.0000000000
62269  -18.527  -13.242  41.307 0.0000000000
61432  -18.926  -13.814  41.215 0.0000000000
112985  -19.944  -14.646  40.589 0.0000000000
113295  -20.781  -14.611  40.923 0.0000000000
61434  -20.708  -14.535  39.905 0.0000000000
131317  -21.762  -14.666  39.093 0.0000000000
61461  -22.204  -14.913  38.666 0.0000000000
62317  -20.010  -13.616  37.548 0.0000000000
61476  -21.295  -14.573  37.563 0.0000000000
60578  -22.485  -15.417  37.416 0.0000000000
60592  -22.834  -15.868  36.845 0.0000000000
59727  -23.809  -16.975  36.274 0.0000000000
59682  -17.440  -16.533  39.484 0.0000000000
69953  -34.282  -4.402  22.133 0.0000000000
73137  -32.753  -1.442  32.420 0.0000000000
71432  -33.812  -2.388  32.478 0.0000000000
72314  -35.335  -1.656  30.255 0.0000000000
73903  -34.303  0.332  32.791 0.0000000000
71427  -34.725  -2.000  33.332 0.0000000000
130686  -36.198  -1.479  29.199 0.0000000000
71477  -37.209  -1.939  27.989 0.0000000000
125289  -38.872  -2.624  19.709 0.0000000000
71602  -38.651  -2.468  18.270 0.0000000000
72478  -37.883  -1.408  17.608 0.0000000000
58650  -12.902  -17.474  49.102 0.0000000000
58652  -14.177  -17.829  49.987 0.0000000000
56709  -16.159  -19.890  49.911 0.0000000000
127929  -15.619  -18.566  50.656 0.0000000000
57703  -15.765  -17.982  51.331 0.0000000000
58643  -16.723  -17.362  52.729 0.0000000000
57904  -24.966  -18.203  32.990 0.0000000000
134561  -25.472  -17.910  31.976 0.0000000000
58869  -26.518  -17.361  31.576 0.0000000000
60671  -23.115  -15.947  29.814 0.0000000000
59821  -25.104  -16.338  29.794 0.0000000000
59807  -27.084  -16.379  30.885 0.0000000000
60673  -27.437  -15.722  30.550 0.0000000000
61563  -27.404  -14.756  29.397 0.0000000000
62402  -28.451  -13.907  29.087 0.0000000000
65611  -23.136  -9.535  28.801 0.0000000000
123992  -23.324  -11.081  27.410 0.0000000000
66572  -23.532  -8.460  27.687 0.0000000000
65643  -23.517  -10.021  26.907 0.0000000000
63210  -24.083  -12.101  26.725 0.0000000000
62445  -25.833  -12.949  26.748 0.0000000000
62430  -27.751  -13.290  27.728 0.0000000000
64835  -28.250  -10.209  24.612 0.0000000000
64817  -29.548  -10.775  25.154 0.0000000000
66622  -31.888  -8.605  22.232 0.0000000000
68316  -30.562  -6.306  21.744 0.0000000000
122734  -30.752  -4.561  22.345 0.0000000000
69934  -28.807  -4.524  23.668 0.0000000000
70759  -30.031  -3.586  23.744 0.0000000000
70740  -30.583  -3.104  24.274 0.0000000000
70702  -31.029  -2.858  25.786 0.0000000000
117542  -32.352  -3.136  29.130 0.0000000000
57816  -20.968  -19.018  40.911 0.0000000000
57818  -23.618  -18.963  40.626 0.0000000000
58705  -21.275  -17.445  44.316 0.0000000000
55766  -14.657  -20.364  47.041 0.0000000000
56753  -13.495  -19.868  45.255 0.0000000000
55780  -15.034  -20.913  46.464 0.0000000000
54909  -16.288  -21.583  48.034 0.0000000000
54059  -17.850  -22.367  48.992 0.0000000000
54109  -17.190  -22.999  43.576 0.0000000000
53216  -18.043  -23.489  44.855 0.0000000000
124539  -20.078  -24.048  46.765 0.0000000000
55726  -15.346  -20.998  51.867 0.0000000000
56690  -14.239  -19.879  51.751 0.0000000000
128100  -12.537  -18.622  52.297 0.0000000000
116393  -26.235  -18.816  34.753 0.0000000000
56837  -20.615  -20.297  39.397 0.0000000000
55860  -22.231  -20.758  39.361 0.0000000000
56838  -21.439  -20.151  39.614 0.0000000000
57866  -25.594  -18.479  36.038 0.0000000000
57833  -19.221  -18.948  39.536 0.0000000000
56836  -19.530  -19.579  39.208 0.0000000000
125718  -20.123  -19.816  39.566 0.0000000000
55859  -21.245  -20.966  39.240 0.0000000000
135240  -33.258  -3.050  30.125 0.0000000000
76333  -37.377  3.954  29.051 0.0000000000
76342  -38.004  4.293  28.377 0.0000000000
76334  -38.324  4.011  29.069 0.0000000000
76350  -38.127  4.227  27.912 0.0000000000
75559  -38.162  3.568  27.660 0.0000000000
69079  -26.023  -4.999  26.700 0.0000000000
61403  -20.852  -14.648  42.490 0.0000000000
56804  -12.929  -19.033  41.369 0.0000000000
55834  -13.825  -20.131  42.153 0.0000000000
55835  -14.441  -20.547  41.725 0.0000000000
71633  -40.106  -2.254  15.716 0.0000000000
72492  -40.167  -1.644  15.151 0.0000000000
59752  -28.621  -16.564  33.323 0.0000000000
59772  -28.559  -16.171  32.567 0.0000000000
60547  -22.923  -15.227  38.971 0.0000000000
61449  -23.081  -15.031  39.784 0.0000000000
128017  -16.632  -19.684  38.436 0.0000000000
56850  -15.963  -19.217  38.304 0.0000000000
55866  -16.163  -20.076  38.750 0.0000000000
55855  -16.491  -20.734  39.224 0.0000000000
54131  -17.817  -22.368  40.287 0.0000000000
54979  -17.726  -21.685  39.486 0.0000000000
120971  -20.779  -14.674  34.904 0.0000000000
61512  -20.759  -14.797  34.161 0.0000000000
61511  -20.321  -14.219  34.473 0.0000000000
60524  -16.715  -15.896  42.103 0.0000000000
62263  -16.772  -13.722  44.047 0.0000000000
116133  -16.707  -14.425  44.161 0.0000000000
130798  -18.365  -13.677  41.970 0.0000000000
63091  -19.094  -12.031  38.666 0.0000000000
63075  -18.990  -12.345  39.508 0.0000000000
61489  -20.542  -14.186  36.220 0.0000000000
61501  -20.424  -14.217  35.323 0.0000000000
126868  -21.723  -15.378  35.627 0.0000000000
69106  -32.505  -5.608  21.453 0.0000000000
69951  -32.495  -4.231  22.035 0.0000000000
134207  -35.146  -2.154  26.508 0.0000000000
70745  -35.761  -3.328  24.679 0.0000000000
71539  -36.455  -2.976  25.853 0.0000000000
74737  -33.226  1.794  29.962 0.0000000000
73115  -36.368  -0.701  34.680 0.0000000000
131433  -35.586  -0.866  34.506 0.0000000000
72265  -36.699  -1.157  34.576 0.0000000000
119624  -37.189  -1.424  33.157 0.0000000000
72417  -36.598  -1.210  22.012 0.0000000000
56729  -14.274  -19.741  47.503 0.0000000000
56718  -14.525  -19.489  48.412 0.0000000000
56719  -15.201  -19.990  48.673 0.0000000000
60659  -21.447  -15.315  31.176 0.0000000000
60669  -21.860  -15.383  30.491 0.0000000000
61582  -23.568  -14.086  27.927 0.0000000000
62426  -24.020  -13.582  27.470 0.0000000000
61583  -24.399  -14.195  27.692 0.0000000000
65660  -25.405  -9.722  25.322 0.0000000000
65659  -24.673  -9.350  25.734 0.0000000000
64012  -25.934  -11.344  25.697 0.0000000000
128668  -26.260  -10.759  25.376 0.0000000000
64013  -27.324  -11.235  25.521 0.0000000000
119696  -27.831  -7.964  23.371 0.0000000000
66619  -28.637  -8.079  23.066 0.0000000000
66609  -29.588  -8.531  23.007 0.0000000000
67516  -28.764  -7.132  22.633 0.0000000000
68311  -28.343  -6.427  22.965 0.0000000000
58703  -19.387  -17.645  44.133 0.0000000000
53187  -17.440  -23.047  46.345 0.0000000000
53173  -17.921  -23.289  46.989 0.0000000000
53159  -18.843  -23.426  47.949 0.0000000000
53175  -19.431  -23.743  47.346 0.0000000000
53220  -21.327  -24.311  44.633 0.0000000000
53221  -22.021  -24.229  45.036 0.0000000000
58646  -13.914  -17.303  50.386 0.0000000000
59576  -13.580  -16.650  50.894 0.0000000000
57891  -27.979  -18.178  34.069 0.0000000000
125480  -24.756  -23.470  41.600 0.0000000000
127743  -24.776  -23.149  41.073 0.0000000000
54139  -25.390  -22.256  40.385 0.0000000000
54971  -24.869  -21.767  39.956 0.0000000000
54140  -26.068  -22.151  40.583 0.0000000000
115711  -25.032  -20.922  40.080 0.0000000000
59695  -24.673  -16.648  38.638 0.0000000000
58767  -17.372  -17.179  38.596 0.0000000000
56854  -19.107  -19.945  38.693 0.0000000000
57847  -17.258  -18.362  38.325 0.0000000000
56853  -18.195  -19.629  38.503 0.0000000000
55869  -18.606  -20.464  38.631 0.0000000000
54981  -20.100  -21.909  39.121 0.0000000000
54136  -22.937  -22.679  39.978 0.0000000000
54135  -22.044  -22.832  39.999 0.0000000000
53293  -23.458  -22.938  40.651 0.0000000000
53274  -24.018  -23.241  41.395 0.0000000000
63895  -19.461  -11.416  35.330 0.0000000000
63116  -19.457  -12.258  35.828 0.0000000000
71517  -31.984  -2.531  26.193 0.0000000000
71535  -32.407  -2.473  25.443 0.0000000000
71518  -32.782  -2.300  26.744 0.0000000000
71458  -33.597  -2.560  29.756 0.0000000000
71475  -33.527  -2.109  28.266 0.0000000000
135480  -34.965  2.396  29.912 0.0000000000
75534  -35.624  2.519  30.162 0.0000000000
126116  -37.031  3.063  30.411 0.0000000000
133346  -36.342  1.576  32.440 0.0000000000
74716  -36.972  1.983  31.952 0.0000000000
74703  -37.026  1.551  32.966 0.0000000000
75527  -37.764  2.407  31.370 0.0000000000
75553  -38.750  3.719  28.989 0.0000000000
75537  -38.565  2.659  30.764 0.0000000000
75545  -39.168  2.600  30.312 0.0000000000
73949  -39.058  1.355  28.444 0.0000000000
74760  -38.373  1.727  28.009 0.0000000000
74769  -37.065  2.108  26.732 0.0000000000
125030  -37.302  1.295  26.936 0.0000000000
120399  -21.459  -13.019  30.321 0.0000000000
63965  -22.455  -11.584  29.549 0.0000000000
125799  -22.714  -12.060  28.725 0.0000000000
63978  -22.760  -11.220  28.977 0.0000000000
134720  -24.509  -6.580  26.678 0.0000000000
68303  -24.914  -6.953  25.570 0.0000000000
67501  -24.772  -7.657  25.577 0.0000000000
67502  -25.391  -7.367  25.033 0.0000000000
68304  -25.351  -6.534  25.346 0.0000000000
69087  -26.475  -5.629  24.877 0.0000000000
69088  -27.211  -5.123  24.618 0.0000000000
69916  -27.282  -4.586  25.483 0.0000000000
69910  -28.056  -4.180  26.651 0.0000000000
60489  -19.084  -15.707  45.643 0.0000000000
60491  -21.072  -14.973  45.896 0.0000000000
54946  -15.398  -21.657  43.426 0.0000000000
54945  -14.821  -21.159  43.971 0.0000000000
54939  -16.026  -22.236  44.598 0.0000000000
54092  -16.649  -22.622  44.985 0.0000000000
59566  -15.741  -16.495  53.290 0.0000000000
57680  -15.474  -17.743  53.476 0.0000000000
58622  -14.671  -16.663  53.499 0.0000000000
126699  -14.633  -17.523  53.351 0.0000000000
57678  -13.638  -17.335  53.253 0.0000000000
57679  -13.938  -18.055  52.914 0.0000000000
60650  -28.809  -15.518  31.859 0.0000000000
60661  -29.414  -14.975  31.993 0.0000000000
61544  -29.535  -14.547  31.452 0.0000000000
115661  -22.683  -14.522  41.015 0.0000000000
56833  -14.514  -19.430  39.520 0.0000000000
57843  -13.577  -17.973  38.883 0.0000000000
56815  -13.635  -19.086  40.004 0.0000000000
55844  -15.377  -20.737  40.400 0.0000000000
54968  -15.768  -21.355  40.888 0.0000000000
53269  -19.482  -23.824  41.687 0.0000000000
53268  -18.613  -23.575  41.871 0.0000000000
113152  -20.633  -24.211  43.073 0.0000000000
53290  -20.773  -23.452  40.701 0.0000000000
53271  -21.279  -23.715  41.441 0.0000000000
53223  -24.010  -23.728  44.158 0.0000000000
53236  -23.219  -23.757  43.680 0.0000000000
53222  -23.279  -23.811  44.585 0.0000000000
59726  -23.446  -16.851  35.422 0.0000000000
58810  -23.698  -17.224  34.740 0.0000000000
59737  -23.106  -16.728  34.608 0.0000000000
61519  -20.730  -14.848  33.292 0.0000000000
60631  -21.937  -16.026  33.556 0.0000000000
61532  -20.784  -14.858  32.411 0.0000000000
63914  -19.497  -11.693  33.977 0.0000000000
63131  -19.477  -12.402  33.937 0.0000000000
63915  -19.766  -11.375  33.494 0.0000000000
64741  -20.806  -10.717  32.735 0.0000000000
63928  -20.763  -11.551  32.220 0.0000000000
62377  -20.359  -13.289  32.099 0.0000000000
116555  -21.365  -11.518  31.546 0.0000000000
58743  -18.428  -17.629  40.254 0.0000000000
58744  -19.088  -18.005  40.892 0.0000000000
59665  -17.144  -16.355  42.907 0.0000000000
130585  -17.850  -16.836  42.393 0.0000000000
59654  -17.794  -16.781  43.407 0.0000000000
59653  -17.058  -16.272  44.134 0.0000000000
122038  -19.941  -14.787  42.451 0.0000000000
63067  -18.755  -12.669  40.486 0.0000000000
63842  -18.852  -11.716  40.270 0.0000000000
61433  -19.488  -14.149  40.513 0.0000000000
61447  -21.186  -14.500  39.219 0.0000000000
60577  -21.847  -15.053  37.133 0.0000000000
61477  -22.015  -14.952  37.903 0.0000000000
60579  -23.201  -15.823  37.631 0.0000000000
59714  -23.124  -16.356  36.158 0.0000000000
60535  -17.214  -16.220  40.759 0.0000000000
60546  -16.996  -15.803  39.922 0.0000000000
66623  -32.741  -8.529  21.765 0.0000000000
67545  -34.172  -7.069  20.841 0.0000000000
67534  -34.639  -7.801  20.800 0.0000000000
130680  -33.466  -3.267  23.476 0.0000000000
69952  -33.391  -4.266  22.042 0.0000000000
70776  -33.891  -3.847  22.697 0.0000000000
130791  -31.836  0.023  30.990 0.0000000000
73149  -32.573  -0.738  32.023 0.0000000000
73138  -33.237  -0.861  32.665 0.0000000000
72283  -33.311  -1.848  32.725 0.0000000000
71442  -34.459  -2.561  31.961 0.0000000000
129874  -34.757  -2.034  30.452 0.0000000000
71433  -34.384  -2.263  32.729 0.0000000000
74714  -34.739  1.109  32.123 0.0000000000
73913  -34.006  0.662  32.089 0.0000000000
72284  -35.539  -1.946  33.098 0.0000000000
72275  -34.472  -1.474  33.870 0.0000000000
72297  -35.788  -1.856  31.946 0.0000000000
112664  -35.918  -1.560  30.894 0.0000000000
72330  -36.075  -1.425  29.957 0.0000000000
72342  -36.661  -1.591  28.623 0.0000000000
72331  -36.972  -1.462  29.475 0.0000000000
71478  -38.112  -2.197  28.230 0.0000000000
74694  -39.102  1.225  34.253 0.0000000000
123333  -38.817  -0.353  26.612 0.0000000000
72393  -37.989  -1.267  24.076 0.0000000000
72405  -38.578  -1.532  23.544 0.0000000000
71565  -38.527  -2.324  21.199 0.0000000000
72446  -36.842  -1.632  20.646 0.0000000000
71586  -37.556  -2.101  19.476 0.0000000000
118405  -37.262  -1.642  18.974 0.0000000000
72468  -38.014  -2.009  18.040 0.0000000000
57720  -14.005  -18.744  48.663 0.0000000000
57718  -12.955  -18.000  48.442 0.0000000000
57709  -14.084  -18.298  49.418 0.0000000000
58651  -13.644  -17.671  49.612 0.0000000000
57710  -14.632  -18.283  50.002 0.0000000000
55746  -17.274  -20.826  49.943 0.0000000000
55733  -16.861  -20.159  50.327 0.0000000000
56691  -16.917  -18.827  51.449 0.0000000000
56700  -16.522  -19.414  50.667 0.0000000000
57704  -16.191  -18.680  51.036 0.0000000000
57702  -15.152  -18.087  50.685 0.0000000000
58642  -16.082  -17.163  52.268 0.0000000000
58637  -17.728  -18.185  53.082 0.0000000000
58830  -24.282  -17.773  33.447 0.0000000000
57888  -24.966  -18.273  33.847 0.0000000000
58846  -23.635  -17.379  32.943 0.0000000000
58866  -24.150  -17.388  31.382 0.0000000000
126142  -24.415  -17.696  31.947 0.0000000000
58867  -24.951  -17.672  31.497 0.0000000000
58868  -25.779  -17.559  31.463 0.0000000000
58884  -25.374  -17.316  30.946 0.0000000000
61552  -22.004  -15.064  29.860 0.0000000000
61561  -22.401  -14.539  29.195 0.0000000000
60683  -24.875  -15.845  29.223 0.0000000000
60682  -24.089  -15.752  29.079 0.0000000000
59822  -25.833  -16.327  30.030 0.0000000000
60672  -26.626  -16.086  30.266 0.0000000000
60684  -26.177  -15.726  29.571 0.0000000000
113389  -26.936  -14.478  28.635 0.0000000000
61564  -28.314  -14.401  29.691 0.0000000000
61575  -27.761  -14.180  28.904 0.0000000000
66558  -23.400  -8.616  28.570 0.0000000000
64787  -23.246  -10.264  27.770 0.0000000000
67493  -23.719  -7.724  27.536 0.0000000000
132622  -24.584  -10.899  26.108 0.0000000000
64800  -24.058  -10.652  26.464 0.0000000000
63997  -23.688  -11.447  26.849 0.0000000000
63211  -24.746  -12.297  26.541 0.0000000000
62444  -25.070  -12.984  26.767 0.0000000000
63212  -25.577  -12.438  26.446 0.0000000000
63200  -27.294  -12.848  26.986 0.0000000000
62414  -28.132  -13.636  28.451 0.0000000000
62431  -28.599  -13.162  27.948 0.0000000000
65675  -27.055  -9.194  24.292 0.0000000000
64834  -27.426  -10.063  24.647 0.0000000000
64836  -29.139  -10.300  24.617 0.0000000000
64837  -29.997  -10.356  24.636 0.0000000000
66610  -30.436  -8.830  22.948 0.0000000000
65679  -31.354  -9.912  24.107 0.0000000000
117613  -31.536  -9.543  23.395 0.0000000000
65711  -32.058  -9.396  22.861 0.0000000000
115307  -30.925  -8.353  22.400 0.0000000000
68315  -29.822  -6.279  22.104 0.0000000000
129834  -31.010  -5.755  21.665 0.0000000000
69949  -29.904  -4.808  22.647 0.0000000000
129771  -28.548  -5.180  23.390 0.0000000000
69922  -28.551  -4.171  24.391 0.0000000000
70739  -29.816  -3.379  24.534 0.0000000000
70719  -30.408  -3.068  25.088 0.0000000000
70720  -31.163  -2.796  24.866 0.0000000000
114809  -31.441  -3.119  27.652 0.0000000000
57796  -19.748  -18.446  41.355 0.0000000000
57797  -20.407  -18.583  41.587 0.0000000000
57781  -21.546  -18.065  42.497 0.0000000000
57799  -22.880  -18.429  40.988 0.0000000000
126448  -22.186  -18.222  41.662 0.0000000000
56822  -24.380  -19.458  40.508 0.0000000000
57800  -23.717  -18.310  41.332 0.0000000000
58678  -20.266  -16.991  46.122 0.0000000000
58691  -20.275  -17.414  45.124 0.0000000000
116518  -21.023  -16.907  45.402 0.0000000000
61405  -22.387  -14.490  42.760 0.0000000000
56728  -13.661  -19.377  47.074 0.0000000000
56739  -14.108  -19.937  46.703 0.0000000000
56767  -13.289  -19.824  44.273 0.0000000000
56752  -12.791  -19.319  44.798 0.0000000000
55792  -14.100  -20.421  45.207 0.0000000000
54916  -16.239  -21.912  47.161 0.0000000000
54922  -15.639  -21.479  46.741 0.0000000000
54915  -15.793  -21.372  47.489 0.0000000000
54910  -17.013  -21.852  48.679 0.0000000000
54072  -17.529  -22.665  48.167 0.0000000000
54117  -17.184  -22.942  42.686 0.0000000000
54108  -16.542  -22.559  43.220 0.0000000000
53246  -17.796  -23.376  43.025 0.0000000000
113990  -20.427  -24.335  45.236 0.0000000000
117421  -18.945  -23.926  44.803 0.0000000000
53204  -19.443  -24.086  45.470 0.0000000000
53203  -18.611  -23.683  45.605 0.0000000000
127612  -19.961  -24.280  46.042 0.0000000000
74050  -41.379  0.152  13.839 0.0000000000
121106  -14.945  -21.901  50.678 0.0000000000
55725  -14.639  -20.611  51.514 0.0000000000
55724  -13.935  -20.246  51.258 0.0000000000
56689  -13.599  -19.449  51.676 0.0000000000
54152  -23.269  -22.149  39.594 0.0000000000
54137  -23.806  -22.531  39.980 0.0000000000
121415  -23.041  -20.905  39.333 0.0000000000
56820  -22.953  -20.179  39.576 0.0000000000
58785  -24.740  -17.496  37.193 0.0000000000
58753  -17.911  -17.361  39.451 0.0000000000
58768  -17.874  -17.957  38.751 0.0000000000
56835  -18.838  -19.189  38.797 0.0000000000
55858  -20.270  -21.079  38.987 0.0000000000
54982  -20.941  -21.749  39.300 0.0000000000
54983  -21.860  -21.641  39.358 0.0000000000
65544  -19.679  -9.783  36.119 0.0000000000
71474  -32.850  -2.548  28.631 0.0000000000
71495  -32.845  -2.357  27.658 0.0000000000
71457  -33.005  -2.825  29.474 0.0000000000
71449  -33.744  -2.940  30.660 0.0000000000
75543  -36.495  3.212  29.785 0.0000000000
75536  -37.786  2.998  30.576 0.0000000000
125091  -38.424  2.848  28.030 0.0000000000
75570  -37.620  3.327  27.055 0.0000000000
63940  -22.261  -10.765  30.880 0.0000000000
64752  -22.599  -10.180  31.293 0.0000000000
64753  -22.881  -9.860  30.731 0.0000000000
64762  -22.906  -9.957  30.090 0.0000000000
69078  -25.398  -5.592  26.389 0.0000000000
69083  -25.455  -5.927  25.679 0.0000000000
69908  -26.658  -4.757  26.083 0.0000000000
69901  -27.594  -4.434  27.217 0.0000000000
54953  -14.828  -21.174  43.026 0.0000000000
118288  -39.629  -2.485  16.830 0.0000000000
71624  -40.208  -2.545  16.402 0.0000000000
58623  -16.108  -17.094  53.638 0.0000000000
56676  -15.665  -18.740  53.232 0.0000000000
56683  -15.198  -19.433  52.637 0.0000000000
60651  -29.230  -15.459  32.691 0.0000000000
60536  -23.866  -15.318  40.156 0.0000000000
60537  -24.643  -15.522  40.499 0.0000000000
119988  -16.243  -17.309  37.740 0.0000000000
58776  -15.562  -17.183  37.603 0.0000000000
58765  -14.914  -17.582  37.784 0.0000000000
58775  -14.184  -16.991  37.829 0.0000000000
57844  -14.498  -18.218  38.406 0.0000000000
56834  -15.368  -19.743  39.071 0.0000000000
55854  -15.722  -20.453  39.525 0.0000000000
54969  -16.507  -21.689  40.544 0.0000000000
54970  -17.165  -21.931  40.197 0.0000000000
53288  -18.994  -23.352  41.000 0.0000000000
129920  -23.476  -23.541  41.998 0.0000000000
115400  -22.690  -23.660  42.132 0.0000000000
53237  -24.074  -23.781  43.247 0.0000000000
52320  -24.754  -24.075  43.769 0.0000000000
60604  -22.065  -15.779  35.114 0.0000000000
59736  -22.391  -16.217  34.463 0.0000000000
60616  -21.802  -15.736  34.363 0.0000000000
61518  -20.310  -14.232  33.663 0.0000000000
61386  -16.318  -14.283  43.978 0.0000000000
61459  -20.597  -14.123  38.008 0.0000000000
62328  -19.975  -13.521  36.649 0.0000000000
60590  -21.748  -15.213  36.355 0.0000000000
67532  -32.543  -7.103  21.351 0.0000000000
114737  -33.016  -7.829  21.377 0.0000000000
68325  -32.927  -6.355  21.283 0.0000000000
69107  -33.351  -5.611  21.380 0.0000000000
70763  -34.578  -3.601  23.469 0.0000000000
112683  -34.987  -3.286  24.240 0.0000000000
73924  -32.805  0.781  31.035 0.0000000000
73157  -32.495  0.077  31.428 0.0000000000
73902  -33.597  0.023  32.448 0.0000000000
73894  -34.630  -0.188  33.663 0.0000000000
73129  -35.087  -0.607  34.259 0.0000000000
72264  -35.793  -1.255  34.415 0.0000000000
72285  -36.399  -1.664  32.618 0.0000000000
72299  -37.467  -1.317  31.150 0.0000000000
72316  -38.286  -1.429  30.351 0.0000000000
73188  -37.452  -0.111  26.065 0.0000000000
119621  -37.904  -0.574  25.540 0.0000000000
117775  -37.274  -0.553  24.980 0.0000000000
72404  -37.505  -1.348  23.313 0.0000000000
72418  -37.356  -1.579  22.369 0.0000000000
72435  -37.937  -1.996  21.831 0.0000000000
72434  -37.077  -1.693  21.513 0.0000000000
72433  -36.394  -1.132  21.191 0.0000000000
115452  -17.337  -18.156  52.407 0.0000000000
131795  -22.335  -16.393  32.223 0.0000000000
59770  -22.996  -16.910  32.337 0.0000000000
59769  -22.591  -16.460  31.544 0.0000000000
59788  -23.357  -16.971  31.432 0.0000000000
59787  -22.994  -16.387  30.642 0.0000000000
132397  -22.531  -13.855  28.796 0.0000000000
61562  -23.054  -14.994  28.836 0.0000000000
61571  -23.484  -14.676  28.416 0.0000000000
60691  -24.529  -15.337  28.627 0.0000000000
60692  -25.525  -15.377  28.866 0.0000000000
61573  -24.961  -14.784  28.143 0.0000000000
61574  -26.036  -14.611  28.264 0.0000000000
67499  -24.258  -7.883  26.203 0.0000000000
66584  -24.165  -8.789  26.290 0.0000000000
64812  -24.749  -10.314  25.828 0.0000000000
64011  -25.067  -11.098  25.849 0.0000000000
63999  -25.304  -11.792  26.143 0.0000000000
127960  -26.013  -12.010  26.088 0.0000000000
119666  -27.219  -12.265  26.383 0.0000000000
132231  -28.589  -12.327  26.828 0.0000000000
64001  -27.659  -11.795  26.011 0.0000000000
64014  -28.181  -11.281  25.578 0.0000000000
66608  -27.238  -8.218  23.778 0.0000000000
65690  -28.009  -8.862  23.675 0.0000000000
65678  -30.448  -9.865  24.137 0.0000000000
65692  -29.996  -9.264  23.560 0.0000000000
66621  -30.110  -8.106  22.496 0.0000000000
134379  -29.926  -7.451  22.251 0.0000000000
67517  -29.482  -6.969  22.265 0.0000000000
70717  -28.932  -3.655  25.588 0.0000000000
119651  -29.664  -3.440  26.104 0.0000000000
70701  -30.467  -3.210  26.436 0.0000000000
58718  -19.368  -17.613  43.018 0.0000000000
58719  -20.057  -17.949  43.321 0.0000000000
58720  -20.872  -17.848  43.479 0.0000000000
54937  -15.090  -21.316  44.883 0.0000000000
54930  -15.461  -21.535  45.765 0.0000000000
54080  -16.760  -22.513  46.780 0.0000000000
54082  -18.068  -23.190  47.689 0.0000000000
127749  -19.066  -23.996  43.445 0.0000000000
53218  -19.398  -24.168  44.056 0.0000000000
58850  -27.415  -17.425  32.445 0.0000000000
130023  -26.202  -24.677  43.144 0.0000000000
52332  -25.750  -24.260  42.624 0.0000000000
52333  -26.727  -24.407  42.499 0.0000000000
53255  -26.117  -23.806  41.905 0.0000000000
53295  -25.125  -22.789  40.655 0.0000000000
60576  -16.263  -15.877  37.792 0.0000000000
133682  -17.332  -17.783  38.429 0.0000000000
58766  -16.865  -17.603  38.148 0.0000000000
56851  -16.847  -19.056  38.246 0.0000000000
114817  -17.307  -19.697  38.411 0.0000000000
54991  -18.128  -21.085  38.796 0.0000000000
125580  -19.123  -22.548  39.695 0.0000000000
54980  -19.236  -21.958  39.161 0.0000000000
54148  -19.818  -22.563  39.531 0.0000000000
53291  -21.659  -23.294  40.665 0.0000000000
53273  -23.063  -23.323  41.391 0.0000000000
52331  -24.883  -24.108  42.881 0.0000000000
63123  -19.436  -12.156  34.731 0.0000000000
63903  -19.504  -11.353  34.586 0.0000000000
116283  -19.312  -12.445  38.113 0.0000000000
63104  -19.436  -12.394  37.363 0.0000000000
63109  -19.426  -12.069  36.637 0.0000000000
62327  -19.564  -12.745  36.631 0.0000000000
121140  -19.627  -13.050  36.019 0.0000000000
70761  -31.638  -3.208  23.274 0.0000000000
70774  -32.047  -3.643  22.585 0.0000000000
70742  -32.019  -2.828  23.790 0.0000000000
126834  -32.716  -2.797  23.994 0.0000000000
70743  -33.411  -2.831  24.255 0.0000000000
71519  -33.435  -2.164  26.275 0.0000000000
71537  -34.105  -2.376  25.652 0.0000000000
71520  -34.340  -2.066  26.432 0.0000000000
112875  -34.754  -1.775  27.151 0.0000000000
72340  -34.949  -1.578  28.758 0.0000000000
114467  -34.841  1.626  31.291 0.0000000000
74715  -35.395  1.594  31.689 0.0000000000
74728  -35.693  2.097  30.994 0.0000000000
74702  -35.604  1.349  32.387 0.0000000000
73905  -36.052  1.078  33.299 0.0000000000
73878  -36.825  -0.127  35.021 0.0000000000
73879  -37.712  -0.008  35.349 0.0000000000
74692  -37.276  1.060  33.945 0.0000000000
74704  -38.201  1.554  33.315 0.0000000000
130262  -38.711  1.952  32.420 0.0000000000
75528  -38.612  2.244  31.629 0.0000000000
74718  -39.388  2.032  32.026 0.0000000000
73962  -38.694  0.710  27.713 0.0000000000
73177  -38.354  0.187  26.991 0.0000000000
73967  -37.498  0.444  26.610 0.0000000000
73973  -36.956  0.299  26.062 0.0000000000
55756  -16.360  -21.072  48.844 0.0000000000
55744  -15.860  -20.337  49.129 0.0000000000
128754  -16.924  -21.198  49.336 0.0000000000
62378  -20.863  -13.374  31.140 0.0000000000
61551  -21.494  -14.767  30.427 0.0000000000
62387  -21.268  -13.930  30.378 0.0000000000
62400  -21.664  -13.569  29.872 0.0000000000
63169  -21.941  -12.928  29.635 0.0000000000
117769  -22.444  -13.027  28.888 0.0000000000
128269  -22.918  -12.791  28.265 0.0000000000
63185  -23.168  -12.202  27.876 0.0000000000
68286  -24.466  -6.311  28.516 0.0000000000
67494  -24.049  -7.243  26.937 0.0000000000
68287  -24.902  -5.767  27.857 0.0000000000
115467  -25.126  -8.991  25.337 0.0000000000
65673  -25.719  -9.047  24.934 0.0000000000
132296  -25.895  -9.606  25.007 0.0000000000
66600  -25.858  -8.196  24.679 0.0000000000
67503  -26.173  -7.318  24.412 0.0000000000
67507  -26.796  -7.583  23.942 0.0000000000
68309  -26.799  -6.830  23.944 0.0000000000
68310  -27.528  -6.422  23.510 0.0000000000
69091  -28.079  -5.696  23.397 0.0000000000
69090  -27.502  -5.598  23.876 0.0000000000
69917  -28.080  -4.085  25.775 0.0000000000
69911  -28.877  -3.849  26.580 0.0000000000
69903  -29.324  -4.068  27.608 0.0000000000
59626  -18.073  -16.439  45.264 0.0000000000
59627  -19.128  -16.975  45.403 0.0000000000
59611  -18.972  -16.422  45.640 0.0000000000
60478  -19.258  -16.131  45.930 0.0000000000
60490  -20.146  -15.356  45.762 0.0000000000
60480  -20.738  -15.602  46.357 0.0000000000
55802  -13.870  -20.335  44.550 0.0000000000
56780  -13.229  -19.763  43.404 0.0000000000
134799  -14.246  -20.652  44.078 0.0000000000
54931  -16.059  -22.203  45.420 0.0000000000
53188  -18.255  -23.474  46.373 0.0000000000
52301  -24.756  -24.151  45.946 0.0000000000
59570  -14.673  -16.116  52.420 0.0000000000
60435  -14.302  -15.712  53.129 0.0000000000
59556  -15.465  -16.546  53.392 0.0000000000
59555  -14.486  -16.046  53.367 0.0000000000
60426  -13.904  -15.728  53.310 0.0000000000
121377  -13.400  -16.544  53.443 0.0000000000
58620  -12.745  -17.194  53.276 0.0000000000
73935  -31.796  1.128  30.052 0.0000000000
74736  -32.491  1.623  29.817 0.0000000000
75540  -32.827  2.129  29.257 0.0000000000
62388  -29.686  -13.902  30.198 0.0000000000
114280  -21.362  -14.516  41.700 0.0000000000
60549  -24.396  -15.822  39.737 0.0000000000
57829  -12.957  -18.061  39.605 0.0000000000
115624  -13.112  -18.569  40.028 0.0000000000
56805  -13.475  -19.416  40.904 0.0000000000
55836  -15.109  -20.939  41.294 0.0000000000
54116  -16.548  -22.418  42.214 0.0000000000
53267  -17.861  -23.269  42.202 0.0000000000
54122  -17.043  -22.368  41.102 0.0000000000
53247  -18.367  -23.590  42.589 0.0000000000
53234  -19.767  -24.208  43.259 0.0000000000
118999  -19.459  -23.023  40.176 0.0000000000
53289  -19.891  -23.506  40.803 0.0000000000
53250  -20.900  -24.062  42.237 0.0000000000
113151  -21.395  -24.032  42.852 0.0000000000
115416  -22.311  -23.997  44.240 0.0000000000
73293  -39.673  -0.781  15.272 0.0000000000
58798  -24.915  -18.118  35.739 0.0000000000
57873  -24.918  -18.174  34.792 0.0000000000
58829  -23.526  -17.226  33.883 0.0000000000
59750  -22.458  -16.513  32.942 0.0000000000
60649  -21.840  -16.002  32.575 0.0000000000
60648  -21.324  -15.448  32.081 0.0000000000
125746  -20.942  -14.882  31.687 0.0000000000
62352  -19.628  -12.990  33.493 0.0000000000
121822  -19.998  -13.650  33.339 0.0000000000
129136  -19.729  -12.712  33.003 0.0000000000
62364  -19.927  -13.215  32.832 0.0000000000
64751  -21.970  -10.781  31.467 0.0000000000
56818  -20.682  -19.580  40.082 0.0000000000
57814  -19.531  -18.743  40.455 0.0000000000
58735  -19.239  -17.758  41.951 0.0000000000
60487  -17.245  -16.183  44.820 0.0000000000
61418  -19.414  -14.364  41.324 0.0000000000
61435  -21.489  -14.525  40.343 0.0000000000
114445  -21.654  -14.562  39.694 0.0000000000
61475  -20.590  -14.132  37.116 0.0000000000
60560  -22.729  -15.334  38.172 0.0000000000
59715  -23.560  -16.377  37.000 0.0000000000
116426  -24.464  -17.535  36.401 0.0000000000
60559  -17.100  -15.919  39.016 0.0000000000
128631  -33.831  -7.812  21.104 0.0000000000
70775  -32.955  -3.672  22.603 0.0000000000
69965  -33.812  -4.916  21.630 0.0000000000
69108  -34.215  -5.636  21.302 0.0000000000
69937  -34.659  -4.089  22.753 0.0000000000
72295  -32.176  -1.420  32.014 0.0000000000
71431  -33.165  -2.663  32.181 0.0000000000
71441  -33.835  -2.861  31.663 0.0000000000
71459  -34.202  -2.276  30.117 0.0000000000
71450  -34.415  -2.608  31.017 0.0000000000
72328  -34.758  -1.751  29.686 0.0000000000
72350  -35.324  -1.592  27.861 0.0000000000
74713  -34.102  1.181  31.477 0.0000000000
73139  -33.940  -0.538  33.238 0.0000000000
73128  -34.277  -0.985  34.014 0.0000000000
133857  -34.107  -1.368  33.719 0.0000000000
72274  -34.020  -1.842  33.294 0.0000000000
71451  -35.137  -2.114  31.257 0.0000000000
72329  -35.501  -1.523  29.395 0.0000000000
72341  -35.817  -1.516  28.592 0.0000000000
70703  -37.233  -3.058  26.151 0.0000000000
127687  -37.428  -1.707  28.703 0.0000000000
71588  -39.167  -2.730  18.998 0.0000000000
71576  -38.152  -2.421  20.198 0.0000000000
71587  -38.345  -2.486  19.197 0.0000000000
71615  -39.254  -2.513  17.468 0.0000000000
71614  -38.489  -2.121  17.475 0.0000000000
72484  -38.450  -1.580  16.889 0.0000000000
73277  -38.087  -0.797  17.023 0.0000000000
58647  -14.550  -17.615  50.633 0.0000000000
56708  -15.400  -19.542  49.467 0.0000000000
56699  -15.822  -19.187  50.304 0.0000000000
57711  -15.211  -18.784  50.048 0.0000000000
58641  -15.173  -17.153  51.584 0.0000000000
58634  -16.243  -16.731  53.086 0.0000000000
58636  -17.170  -17.624  53.093 0.0000000000
59558  -16.669  -17.319  53.291 0.0000000000
57889  -25.670  -18.592  34.306 0.0000000000
58847  -24.332  -17.763  32.615 0.0000000000
57922  -25.576  -18.196  32.583 0.0000000000
113535  -26.835  -17.614  32.123 0.0000000000
58870  -27.193  -17.121  31.798 0.0000000000
60670  -22.427  -15.698  30.185 0.0000000000
59804  -23.747  -16.406  30.056 0.0000000000
60681  -23.385  -15.554  29.216 0.0000000000
59819  -23.733  -15.997  29.535 0.0000000000
59805  -24.530  -16.677  30.210 0.0000000000
59806  -25.308  -16.825  30.403 0.0000000000
58885  -26.192  -16.895  30.808 0.0000000000
59790  -27.499  -16.522  31.474 0.0000000000
131944  -27.711  -16.015  31.118 0.0000000000
60674  -28.257  -15.430  31.022 0.0000000000
60685  -27.010  -15.416  29.827 0.0000000000
61553  -27.851  -15.059  30.180 0.0000000000
61554  -28.610  -14.713  30.540 0.0000000000
61565  -28.985  -14.255  30.164 0.0000000000
64771  -22.950  -10.016  29.417 0.0000000000
66543  -23.304  -8.723  29.437 0.0000000000
65599  -23.103  -9.400  29.735 0.0000000000
64780  -22.953  -10.497  28.796 0.0000000000
63989  -23.346  -11.665  27.462 0.0000000000
119847  -23.569  -9.145  26.978 0.0000000000
134948  -23.417  -9.686  27.356 0.0000000000
64799  -23.457  -10.701  26.988 0.0000000000
63198  -23.617  -12.259  27.191 0.0000000000
63199  -24.191  -12.871  27.018 0.0000000000
62428  -25.618  -13.478  27.154 0.0000000000
61585  -26.335  -13.887  27.667 0.0000000000
62429  -26.439  -13.215  27.057 0.0000000000
114452  -27.235  -13.905  28.125 0.0000000000
114147  -29.724  -13.556  29.343 0.0000000000
63202  -29.119  -12.593  27.369 0.0000000000
135334  -26.762  -9.916  24.740 0.0000000000
64815  -27.795  -10.704  25.094 0.0000000000
64816  -28.684  -10.767  25.118 0.0000000000
121117  -27.870  -9.614  24.247 0.0000000000
117827  -32.705  -9.157  22.319 0.0000000000
128480  -30.549  -7.611  22.068 0.0000000000
67518  -31.343  -7.773  21.847 0.0000000000
67531  -31.720  -7.092  21.525 0.0000000000
68323  -31.321  -6.368  21.555 0.0000000000
69096  -31.232  -5.089  21.808 0.0000000000
70773  -31.189  -3.779  22.738 0.0000000000
69093  -28.745  -5.725  22.910 0.0000000000
69092  -29.145  -5.018  23.034 0.0000000000
70738  -29.063  -3.627  24.796 0.0000000000
69923  -29.256  -3.841  24.045 0.0000000000
69935  -29.562  -4.276  23.336 0.0000000000
69936  -30.347  -4.007  22.995 0.0000000000
70760  -30.833  -3.363  23.481 0.0000000000
70741  -31.353  -2.861  24.013 0.0000000000
71534  -31.705  -2.626  25.400 0.0000000000
70690  -31.280  -2.905  26.739 0.0000000000
70684  -32.160  -2.843  28.135 0.0000000000
70673  -32.757  -3.511  30.066 0.0000000000
71440  -32.514  -3.112  31.815 0.0000000000
56819  -21.644  -19.467  40.268 0.0000000000
57817  -22.706  -19.341  40.273 0.0000000000
57798  -21.272  -18.460  41.657 0.0000000000
120980  -21.952  -18.757  40.918 0.0000000000
56821  -23.666  -19.739  39.934 0.0000000000
56823  -25.099  -20.054  40.538 0.0000000000
58690  -19.530  -17.513  44.995 0.0000000000
132183  -20.582  -17.638  44.313 0.0000000000
58721  -21.917  -17.722  43.250 0.0000000000
58706  -22.386  -17.327  43.972 0.0000000000
58722  -23.012  -17.564  42.882 0.0000000000
57783  -23.845  -17.810  42.099 0.0000000000
57801  -24.499  -18.326  41.691 0.0000000000
61404  -21.699  -14.509  42.402 0.0000000000
116288  -12.600  -18.513  46.946 0.0000000000
57748  -12.937  -19.230  45.756 0.0000000000
55793  -14.667  -20.816  45.610 0.0000000000
56754  -14.051  -20.201  45.903 0.0000000000
55779  -14.494  -20.450  46.349 0.0000000000
55767  -15.273  -20.849  47.316 0.0000000000
55755  -15.638  -20.799  48.218 0.0000000000
54073  -18.299  -23.013  48.497 0.0000000000
55826  -14.908  -21.095  42.175 0.0000000000
54107  -15.914  -22.099  42.912 0.0000000000
53217  -18.608  -23.832  44.054 0.0000000000
54101  -17.257  -23.035  44.478 0.0000000000
53189  -19.174  -23.873  46.405 0.0000000000
113782  -23.222  -23.626  46.286 0.0000000000
130644  -22.427  -23.818  46.527 0.0000000000
120105  -20.989  -23.942  46.984 0.0000000000
53176  -20.324  -23.780  47.584 0.0000000000
73300  -41.130  -0.742  14.197 0.0000000000
55721  -15.743  -20.545  52.522 0.0000000000
54885  -15.784  -21.965  51.668 0.0000000000
55720  -14.869  -20.088  52.102 0.0000000000
56682  -14.225  -19.215  52.249 0.0000000000
57689  -13.807  -18.533  52.543 0.0000000000
56681  -13.291  -18.803  52.144 0.0000000000
54889  -13.630  -20.658  50.601 0.0000000000
56698  -13.213  -19.760  51.076 0.0000000000
56688  -12.658  -19.016  51.706 0.0000000000
53202  -17.906  -23.355  45.716 0.0000000000
53206  -22.375  -24.032  45.731 0.0000000000
53207  -23.301  -23.746  45.422 0.0000000000
53232  -17.866  -23.440  43.881 0.0000000000
53270  -20.377  -23.861  41.536 0.0000000000
54099  -15.963  -22.181  43.757 0.0000000000
54134  -21.157  -22.990  40.004 0.0000000000
54138  -24.606  -22.373  40.142 0.0000000000
54147  -18.489  -22.205  39.612 0.0000000000
54151  -22.413  -22.260  39.596 0.0000000000
54884  -15.122  -21.474  51.253 0.0000000000
54954  -15.403  -21.578  42.601 0.0000000000
54961  -15.531  -21.483  41.785 0.0000000000
54962  -16.203  -21.890  41.469 0.0000000000
54972  -25.675  -21.530  40.382 0.0000000000
54985  -23.522  -21.450  39.454 0.0000000000
54993  -19.607  -21.383  38.911 0.0000000000
55813  -13.754  -20.275  43.777 0.0000000000
55843  -14.630  -20.400  40.815 0.0000000000
55845  -16.089  -21.103  40.010 0.0000000000
55846  -24.403  -20.289  39.922 0.0000000000
55861  -23.680  -20.602  39.538 0.0000000000
55867  -16.914  -20.299  38.614 0.0000000000
55868  -17.732  -20.372  38.561 0.0000000000
56807  -25.074  -19.105  41.280 0.0000000000
56849  -14.963  -18.978  38.678 0.0000000000
57691  -18.204  -18.546  53.086 0.0000000000
57719  -13.469  -18.146  48.909 0.0000000000
57819  -24.291  -18.769  41.046 0.0000000000
57830  -13.453  -18.485  39.542 0.0000000000
57831  -14.087  -18.702  39.170 0.0000000000
57845  -15.741  -17.753  37.709 0.0000000000
57874  -25.592  -18.526  35.175 0.0000000000
58635  -16.485  -16.998  53.063 0.0000000000
58754  -18.354  -17.942  39.449 0.0000000000
58848  -24.936  -17.996  32.243 0.0000000000
58883  -24.684  -17.222  30.810 0.0000000000
59554  -13.698  -15.949  53.498 0.0000000000
59612  -19.722  -16.642  46.107 0.0000000000
59613  -20.422  -16.251  46.324 0.0000000000
59683  -24.805  -16.353  39.405 0.0000000000
59703  -14.962  -16.763  37.542 0.0000000000
59789  -26.907  -16.873  31.283 0.0000000000
59820  -24.366  -16.201  29.620 0.0000000000
60680  -22.681  -15.329  29.481 0.0000000000
61570  -22.999  -14.311  28.550 0.0000000000
62427  -24.736  -13.551  27.266 0.0000000000
63213  -27.919  -12.302  26.609 0.0000000000
64761  -22.594  -10.411  30.484 0.0000000000
65674  -26.315  -9.482  24.746 0.0000000000
66638  -34.368  -8.578  21.187 0.0000000000
67530  -30.908  -7.030  21.672 0.0000000000
68305  -25.864  -6.061  25.121 0.0000000000
68324  -32.112  -6.359  21.422 0.0000000000
68326  -33.754  -6.356  21.105 0.0000000000
69095  -30.359  -5.471  22.032 0.0000000000
69963  -32.056  -4.912  21.650 0.0000000000
71443  -35.028  -2.258  32.413 0.0000000000
71499  -36.846  -2.302  27.273 0.0000000000
71523  -37.443  -2.752  26.805 0.0000000000
71536  -33.201  -2.376  25.527 0.0000000000
71546  -32.915  -2.571  24.780 0.0000000000
71547  -33.771  -2.652  24.894 0.0000000000
71575  -37.329  -2.028  20.197 0.0000000000
71601  -37.832  -2.124  18.680 0.0000000000
71603  -39.620  -2.735  18.216 0.0000000000
71622  -39.009  -2.184  16.817 0.0000000000
72276  -35.227  -1.694  33.981 0.0000000000
72296  -32.578  -2.140  32.303 0.0000000000
72298  -36.550  -1.484  31.524 0.0000000000
72343  -38.139  -1.692  29.233 0.0000000000
72491  -39.524  -1.641  15.687 0.0000000000
73205  -37.021  -0.154  25.546 0.0000000000
73276  -37.695  -0.665  17.557 0.0000000000
73877  -35.936  -0.309  34.539 0.0000000000
73896  -36.466  0.498  34.269 0.0000000000
73897  -37.349  0.441  34.931 0.0000000000
74678  -38.889  0.644  35.204 0.0000000000
74693  -38.104  0.968  34.602 0.0000000000
74739  -39.066  2.795  29.551 0.0000000000
76343  -38.444  4.117  28.516 0.0000000000
117820  -18.503  -21.640  39.112 0.0000000000
118287  -40.735  -2.538  15.876 0.0000000000
119059  -16.275  -18.047  53.588 0.0000000000
120573  -27.015  -13.438  27.501 0.0000000000
121484  -15.614  -21.828  44.987 0.0000000000
121679  -13.359  -19.570  41.750 0.0000000000
126408  -26.645  -11.154  25.514 0.0000000000
126473  -14.291  -20.690  43.398 0.0000000000
128465  -37.068  -1.358  32.094 0.0000000000
130122  -37.073  -1.396  34.124 0.0000000000
131192  -35.002  -2.476  25.860 0.0000000000
132171  -18.635  -16.037  45.669 0.0000000000
132172  -22.353  -17.886  42.403 0.0000000000
134386  -33.243  -9.011  21.873 0.0000000000
