#!ascii label  , from subject sub-v1s18x0051211_ses-1 vox2ras=TkReg
851
74769  23.822  10.534  -31.489 0.2500000000
74768  24.015  10.034  -32.170 0.2500000000
74756  24.176  9.829  -31.296 0.7500000000
78288  21.913  14.075  -32.121 0.2500000000
76554  22.316  13.205  -32.327 0.1250000000
78287  22.657  14.035  -32.693 0.3750000000
76553  22.867  12.253  -32.725 0.2500000000
75679  23.229  11.164  -31.778 0.2500000000
74779  23.626  10.580  -32.483 0.7500000000
73795  24.514  9.433  -32.187 0.8750000000
72869  25.310  9.052  -32.491 0.8750000000
77440  23.058  13.196  -33.091 0.3750000000
75696  23.510  11.475  -33.471 0.8750000000
75686  23.218  11.322  -32.672 0.7500000000
74786  25.518  10.315  -34.306 1.0000000000
74787  24.600  10.456  -33.894 1.0000000000
74788  23.824  10.770  -33.353 0.8750000000
73804  25.949  9.354  -33.352 1.0000000000
74778  24.392  10.124  -33.025 0.8750000000
72867  26.646  8.895  -33.186 1.0000000000
78301  22.172  14.807  -32.407 0.2500000000
78299  23.382  14.077  -33.454 0.7500000000
77451  23.754  13.281  -33.825 0.8750000000
76563  24.340  12.518  -34.265 0.8750000000
76564  23.526  12.373  -33.616 0.7500000000
115994  26.359  10.294  -34.501 1.0000000000
74795  25.844  10.696  -34.603 1.0000000000
75705  24.791  11.718  -34.485 1.0000000000
73802  27.168  9.575  -33.845 1.0000000000
73812  26.824  9.916  -34.305 1.0000000000
73803  26.726  9.381  -33.815 1.0000000000
73813  26.129  9.808  -34.149 1.0000000000
79152  21.985  15.588  -32.284 0.1250000000
78300  23.047  14.890  -33.034 0.6250000000
77450  24.449  13.477  -34.327 1.0000000000
78298  23.986  14.042  -34.021 0.8750000000
131162  24.964  12.922  -34.589 1.0000000000
74784  27.586  10.661  -33.832 1.0000000000
74785  27.075  10.710  -34.451 1.0000000000
129749  26.582  10.858  -34.645 1.0000000000
127921  26.420  11.703  -34.739 1.0000000000
73801  27.480  9.792  -33.666 1.0000000000
73811  27.169  10.238  -34.260 1.0000000000
109834  29.336  9.717  -31.600 1.0000000000
110729  27.969  9.375  -32.855 1.0000000000
109278  22.785  21.812  -33.262 0.2500000000
125030  22.558  15.501  -32.727 0.2500000000
79973  23.113  16.755  -33.103 0.3750000000
79171  24.210  16.021  -33.916 1.0000000000
79162  23.330  15.897  -33.245 0.6250000000
78310  24.588  14.343  -34.433 1.0000000000
77456  26.476  13.560  -34.951 1.0000000000
129417  25.819  13.782  -35.022 1.0000000000
75685  28.497  11.058  -33.134 1.0000000000
75693  27.337  11.301  -34.233 1.0000000000
76568  27.348  12.414  -34.395 1.0000000000
76552  29.038  11.993  -33.066 1.0000000000
74766  29.502  10.604  -31.932 1.0000000000
75678  29.950  11.526  -31.890 1.0000000000
74765  30.280  10.890  -31.537 1.0000000000
111238  23.316  20.578  -33.593 0.5000000000
130314  22.788  20.658  -33.253 0.3750000000
81444  22.884  19.639  -33.150 0.3750000000
123151  23.263  18.342  -33.196 0.5000000000
80718  23.844  17.939  -33.869 0.5000000000
80724  24.384  16.919  -34.098 0.8750000000
79983  24.799  16.191  -34.289 1.0000000000
80723  25.137  16.744  -34.243 1.0000000000
77455  27.236  13.501  -34.664 1.0000000000
79169  25.813  15.280  -35.032 1.0000000000
76560  29.425  13.010  -32.949 1.0000000000
77449  27.889  13.581  -34.273 1.0000000000
76542  30.886  12.552  -31.499 1.0000000000
119219  29.692  12.224  -32.466 1.0000000000
75677  30.815  11.619  -31.404 0.8750000000
109619  23.908  21.638  -33.751 0.5000000000
81443  23.569  19.288  -33.666 0.5000000000
109294  24.148  20.408  -33.955 0.6250000000
81441  25.028  18.802  -33.661 0.6250000000
80717  24.731  17.768  -34.034 1.0000000000
79981  26.352  15.928  -34.835 1.0000000000
78275  31.155  14.827  -31.775 1.0000000000
78285  29.781  15.091  -32.698 1.0000000000
78295  28.959  14.805  -33.516 1.0000000000
79167  27.544  15.249  -34.748 1.0000000000
77430  30.844  14.094  -31.808 1.0000000000
77439  29.672  14.048  -32.818 1.0000000000
77447  29.158  13.906  -33.327 1.0000000000
77428  31.990  13.751  -30.999 0.8750000000
76550  30.560  13.263  -31.822 1.0000000000
76541  31.543  12.252  -31.092 0.8750000000
109285  24.712  21.169  -33.937 0.5000000000
109284  25.636  19.294  -33.324 0.8750000000
79959  28.983  16.258  -32.854 1.0000000000
80715  27.608  16.775  -33.560 1.0000000000
78276  30.461  14.968  -32.251 1.0000000000
79958  29.268  16.119  -32.725 1.0000000000
79980  27.144  15.815  -34.767 1.0000000000
79946  32.158  16.131  -31.276 1.0000000000
78263  33.562  13.878  -30.521 1.0000000000
118451  31.427  14.102  -31.424 1.0000000000
79140  31.529  15.489  -31.546 1.0000000000
79127  33.324  14.843  -30.853 1.0000000000
110832  25.197  20.823  -33.689 0.5000000000
109611  26.232  18.850  -32.849 0.8750000000
109291  26.596  18.083  -33.227 1.0000000000
118056  29.585  17.036  -31.758 1.0000000000
80707  28.462  16.833  -32.814 1.0000000000
80708  27.522  17.470  -33.036 1.0000000000
80692  33.715  17.634  -31.133 1.0000000000
111273  31.887  17.065  -31.361 1.0000000000
79944  34.280  16.894  -31.093 1.0000000000
79945  33.133  16.737  -31.101 1.0000000000
79947  30.978  16.475  -31.684 1.0000000000
79125  34.563  15.436  -31.092 1.0000000000
78262  34.082  14.676  -30.767 0.8750000000
83737  31.409  21.599  -31.699 1.0000000000
109299  30.595  21.055  -31.442 0.3750000000
122742  31.242  20.709  -31.602 0.8750000000
81432  30.906  18.089  -31.585 1.0000000000
81421  32.907  18.342  -31.378 1.0000000000
84438  31.225  23.229  -31.967 0.8750000000
84437  31.796  22.632  -32.010 1.0000000000
118543  32.147  21.869  -31.929 1.0000000000
115883  32.048  20.936  -31.802 1.0000000000
82240  31.335  19.086  -31.557 1.0000000000
82230  33.549  19.141  -31.469 1.0000000000
83010  33.919  19.951  -31.695 1.0000000000
81420  34.175  18.461  -31.253 1.0000000000
83736  32.886  21.670  -32.032 1.0000000000
83018  34.362  20.781  -32.068 1.0000000000
126226  33.151  20.681  -31.803 1.0000000000
83011  32.858  19.642  -31.637 1.0000000000
115773  32.407  23.095  -32.572 1.0000000000
84436  32.648  22.455  -32.263 1.0000000000
83735  33.793  21.562  -32.163 1.0000000000
87986  25.397  27.981  -31.238 0.1250000000
87987  23.952  27.717  -31.001 0.1250000000
88740  27.958  28.531  -31.630 0.2500000000
88741  26.856  28.296  -31.400 0.1250000000
88752  27.633  29.234  -31.590 0.2500000000
88756  28.543  28.888  -33.540 0.5000000000
89339  28.195  29.327  -32.564 0.2500000000
89343  27.973  29.610  -34.086 0.3750000000
89333  26.672  29.426  -31.439 0.2500000000
89340  27.994  29.743  -31.740 0.2500000000
89341  27.421  30.155  -31.550 0.2500000000
89927  27.906  30.488  -31.647 0.2500000000
126040  27.772  30.044  -32.793 0.2500000000
89930  27.774  30.385  -34.115 0.2500000000
89933  27.376  29.965  -34.944 0.3750000000
89934  27.041  30.595  -35.101 0.2500000000
75669  23.757  11.201  -30.705 0.1250000000
76545  22.326  12.628  -32.042 0.1250000000
72853  27.922  8.531  -32.507 1.0000000000
79957  30.252  16.741  -31.773 1.0000000000
74745  23.636  10.307  -29.736 0.1250000000
73786  24.362  8.944  -31.194 0.6250000000
71912  24.687  7.633  -31.570 0.7500000000
77431  22.022  13.359  -31.743 0.1250000000
71911  25.654  7.382  -31.894 1.0000000000
122456  23.117  11.821  -31.046 0.1250000000
72855  26.642  8.008  -32.620 1.0000000000
72854  27.418  8.190  -32.752 1.0000000000
73794  28.637  9.097  -32.050 1.0000000000
131646  22.412  16.784  -32.516 0.3750000000
81435  22.465  19.661  -32.451 0.2500000000
80709  22.763  18.454  -32.680 0.2500000000
74754  30.983  10.626  -31.060 0.8750000000
119260  32.748  12.662  -30.392 0.8750000000
76533  32.346  12.076  -30.454 0.8750000000
123503  34.326  13.899  -30.794 0.8750000000
109290  30.148  20.622  -31.318 0.1250000000
109665  29.561  19.659  -31.270 0.1250000000
124734  25.113  21.182  -33.361 0.3750000000
109567  28.639  17.947  -31.735 0.6250000000
79124  34.669  16.248  -31.202 1.0000000000
83021  30.094  20.170  -31.340 0.3750000000
82242  30.029  19.263  -31.443 0.8750000000
81419  35.048  18.401  -31.458 1.0000000000
82228  35.287  18.851  -31.955 1.0000000000
82237  35.237  19.517  -32.249 1.0000000000
85863  31.490  24.458  -32.882 0.8750000000
85862  31.964  24.110  -33.248 1.0000000000
85143  33.065  22.964  -32.887 1.0000000000
87988  22.783  26.833  -31.055 0.1250000000
87985  27.104  27.267  -31.359 0.1250000000
88002  29.304  26.982  -32.431 0.6250000000
88750  28.543  28.580  -32.298 0.6250000000
88755  29.101  28.360  -34.241 0.5000000000
113628  25.830  28.872  -31.350 0.2500000000
88759  28.223  28.951  -34.961 0.5000000000
89334  25.384  29.775  -31.146 0.2500000000
120485  26.294  30.242  -31.398 0.2500000000
110828  27.631  29.471  -35.424 0.5000000000
89916  27.590  31.067  -31.529 0.1250000000
89926  27.900  30.746  -32.773 0.2500000000
90549  26.393  32.294  -35.840 0.2500000000
89351  27.263  30.526  -36.092 0.3750000000
91163  27.174  32.915  -36.363 0.2500000000
90539  28.082  31.320  -31.669 0.1250000000
74757  24.040  10.529  -30.493 0.1250000000
73787  24.106  9.649  -30.339 0.5000000000
76544  22.715  11.906  -31.970 0.1250000000
72857  24.637  8.525  -31.808 0.7500000000
73805  25.070  9.572  -32.960 0.8750000000
72856  25.497  8.238  -32.156 1.0000000000
72868  26.075  8.774  -32.694 1.0000000000
75694  24.884  10.940  -34.404 1.0000000000
73814  25.266  9.918  -33.718 1.0000000000
72866  27.123  8.851  -33.267 1.0000000000
111454  27.429  9.019  -33.187 1.0000000000
79161  23.872  14.955  -33.891 0.8750000000
77457  25.821  12.697  -34.822 1.0000000000
74776  28.842  10.615  -32.611 1.0000000000
75703  27.003  11.445  -34.564 1.0000000000
76569  26.750  12.526  -34.709 1.0000000000
74767  28.725  9.920  -32.350 1.0000000000
80720  22.776  17.320  -32.797 0.3750000000
80719  23.411  17.418  -33.237 0.5000000000
80725  23.778  16.824  -33.526 0.8750000000
79170  24.849  15.335  -34.493 1.0000000000
78308  26.194  14.487  -35.177 1.0000000000
75684  29.297  11.331  -32.546 1.0000000000
75692  28.135  11.734  -33.589 1.0000000000
76562  27.913  12.593  -33.934 1.0000000000
76561  28.694  12.822  -33.428 1.0000000000
81442  24.288  19.009  -33.811 0.6250000000
79982  25.476  15.992  -34.541 1.0000000000
122334  25.607  17.232  -34.019 1.0000000000
78297  27.783  14.480  -34.544 1.0000000000
78307  27.007  14.433  -35.012 1.0000000000
79168  26.671  15.231  -35.114 1.0000000000
76551  29.982  13.170  -32.367 1.0000000000
77420  32.074  12.884  -30.798 0.8750000000
75668  31.787  11.292  -30.582 0.8750000000
80716  26.518  17.167  -33.722 1.0000000000
79971  26.952  16.382  -34.260 1.0000000000
79159  28.807  15.496  -33.523 1.0000000000
79158  29.141  15.617  -33.057 1.0000000000
77419  32.720  13.400  -30.540 0.8750000000
120600  29.470  16.403  -32.261 1.0000000000
130307  27.094  17.354  -33.385 1.0000000000
118838  29.697  16.295  -32.234 1.0000000000
125020  28.422  16.307  -33.372 1.0000000000
79141  30.640  15.680  -31.933 1.0000000000
79969  28.653  15.914  -33.484 1.0000000000
79948  30.189  16.259  -31.979 1.0000000000
79138  33.163  15.718  -31.016 1.0000000000
79126  33.870  15.352  -30.890 1.0000000000
109494  25.644  19.935  -33.121 0.6250000000
109798  27.146  18.250  -32.719 0.7500000000
109638  28.051  17.622  -32.393 1.0000000000
80705  29.802  16.811  -31.779 1.0000000000
109283  28.902  17.148  -31.977 1.0000000000
80703  31.155  17.942  -31.606 1.0000000000
80704  30.417  17.242  -31.576 1.0000000000
80691  34.688  17.694  -31.217 1.0000000000
132107  31.787  17.885  -31.508 1.0000000000
80693  30.964  17.326  -31.623 1.0000000000
83020  30.748  19.855  -31.493 1.0000000000
81434  29.506  17.713  -31.611 1.0000000000
81431  31.397  18.475  -31.551 1.0000000000
82241  30.624  18.623  -31.542 1.0000000000
82231  32.579  18.964  -31.572 1.0000000000
85145  31.833  23.635  -32.588 0.8750000000
118763  31.513  20.083  -31.603 1.0000000000
83019  32.127  19.906  -31.661 1.0000000000
82229  34.622  19.238  -31.583 1.0000000000
122721  33.429  22.290  -32.488 1.0000000000
85144  32.560  23.632  -33.260 1.0000000000
109626  23.525  26.294  -31.176 0.1250000000
87241  25.887  27.071  -31.222 0.1250000000
88742  24.796  28.804  -31.026 0.2500000000
88751  28.143  29.120  -31.807 0.2500000000
132577  27.732  27.857  -31.506 0.3750000000
88739  28.382  27.881  -31.713 0.5000000000
88017  28.985  28.280  -33.174 0.7500000000
90543  27.424  31.079  -34.645 0.2500000000
89937  26.547  31.579  -35.794 0.2500000000
73763  23.095  9.044  -29.071 0.1250000000
73775  23.488  9.347  -29.554 0.1250000000
72845  23.970  8.673  -30.250 0.6250000000
72844  24.127  7.955  -31.131 0.7500000000
109274  28.830  18.910  -31.310 0.5000000000
124775  26.488  18.941  -32.491 0.6250000000
109282  27.647  18.353  -32.042 0.7500000000
116629  29.304  18.694  -31.413 0.8750000000
123762  30.025  18.319  -31.527 1.0000000000
85871  32.081  24.063  -34.064 1.0000000000
84435  33.770  22.688  -33.279 1.0000000000
87984  28.012  27.209  -31.412 0.3750000000
88016  29.346  27.551  -33.452 0.7500000000
88003  28.940  27.767  -32.396 0.7500000000
90552  27.519  31.825  -36.345 0.2500000000
89940  27.812  30.907  -36.311 0.3750000000
69154  24.889  3.686  -29.140 0.7500000000
69152  26.389  3.596  -29.270 0.7500000000
69164  24.949  4.479  -29.474 0.7500000000
69162  26.663  4.278  -29.602 0.7500000000
132650  25.560  3.805  -29.381 0.7500000000
70084  25.364  5.077  -29.955 0.7500000000
69161  27.189  4.808  -29.744 0.7500000000
70083  26.250  5.022  -30.020 0.7500000000
70976  24.543  6.601  -30.640 0.7500000000
71898  24.093  7.169  -31.007 0.6250000000
70096  25.641  5.632  -30.319 0.7500000000
70975  25.422  6.260  -30.910 0.8750000000
128115  26.895  5.442  -30.129 0.7500000000
70094  27.108  6.063  -30.463 0.7500000000
70987  25.731  6.817  -31.502 0.8750000000
70093  27.984  6.063  -30.352 0.7500000000
70973  27.392  6.742  -30.882 0.7500000000
71896  27.084  7.112  -31.656 0.8750000000
119896  28.242  7.488  -30.983 0.7500000000
71895  27.605  7.280  -31.485 0.8750000000
72843  27.741  7.871  -32.005 0.8750000000
71894  28.996  7.788  -30.256 0.8750000000
72842  28.561  8.315  -31.400 0.8750000000
73785  29.162  9.039  -31.229 0.8750000000
73772  32.470  9.096  -29.808 0.3750000000
73773  31.359  9.297  -29.663 0.6250000000
73783  30.662  9.899  -30.346 0.7500000000
74755  30.130  10.182  -31.280 0.7500000000
122969  33.247  9.337  -30.383 0.5000000000
74744  32.319  9.789  -29.736 0.5000000000
75659  33.001  10.445  -29.913 0.7500000000
74752  32.379  10.661  -29.898 0.7500000000
73793  34.422  8.760  -32.073 0.1250000000
73781  33.731  9.330  -31.076 0.3750000000
74751  33.476  10.120  -30.241 0.6250000000
75667  32.828  11.306  -30.045 0.6250000000
72864  35.556  7.382  -34.611 0.1250000000
73800  34.741  9.119  -33.039 0.1250000000
74775  34.593  10.205  -32.842 0.1250000000
74774  34.952  10.476  -33.865 0.1250000000
118993  34.568  11.898  -31.362 0.6250000000
76540  34.888  12.486  -31.575 0.6250000000
77417  34.089  13.112  -30.542 0.7500000000
73799  34.990  9.308  -34.218 0.1250000000
75691  35.279  10.873  -35.139 0.1250000000
76549  35.509  12.204  -33.828 0.1250000000
76539  35.273  12.423  -32.509 0.5000000000
123665  35.265  13.174  -31.814 0.6250000000
77427  34.959  13.877  -31.337 0.7500000000
73810  35.408  8.119  -35.962 0.1250000000
77446  35.871  12.959  -34.262 0.5000000000
121519  35.993  14.035  -32.638 0.6250000000
131425  35.277  14.426  -31.548 0.7500000000
85146  31.014  23.968  -32.264 0.6250000000
86528  30.110  25.091  -32.085 0.5000000000
86531  31.062  25.011  -33.112 0.7500000000
78294  36.286  14.435  -34.264 0.6250000000
79955  36.185  16.238  -32.805 0.6250000000
119889  35.754  16.349  -31.989 0.8750000000
79157  36.341  15.132  -34.947 0.5000000000
79148  36.273  15.353  -33.511 0.6250000000
79967  36.351  16.059  -33.958 0.6250000000
79956  35.861  17.159  -32.252 0.7500000000
86532  30.470  25.359  -32.773 0.7500000000
82238  34.662  19.981  -31.969 0.8750000000
81440  35.770  18.753  -32.867 0.8750000000
83017  35.086  20.300  -32.509 0.8750000000
83742  34.714  21.598  -33.380 0.8750000000
126766  36.241  15.443  -36.041 0.3750000000
112307  36.288  15.952  -34.958 0.5000000000
121360  36.357  16.701  -34.430 0.5000000000
81429  36.030  17.801  -33.014 0.6250000000
113377  36.215  16.098  -36.508 0.2500000000
79979  36.307  16.406  -35.524 0.3750000000
80714  36.362  17.539  -33.992 0.5000000000
86533  29.927  25.632  -32.408 0.6250000000
86539  30.401  25.414  -33.415 0.7500000000
85872  31.520  24.518  -33.541 0.8750000000
84443  33.910  22.843  -34.204 0.7500000000
118709  35.613  19.680  -33.387 0.7500000000
80722  36.366  17.360  -35.103 0.3750000000
81449  36.382  18.197  -34.665 0.5000000000
83748  35.440  20.825  -35.087 0.7500000000
80727  36.309  17.047  -36.310 0.2500000000
87247  29.617  26.206  -32.395 0.6250000000
85873  30.759  24.846  -33.957 0.8750000000
85878  31.133  24.318  -34.552 0.8750000000
85153  32.842  23.715  -34.048 0.8750000000
85157  33.290  23.312  -34.543 0.8750000000
84448  34.458  22.263  -35.001 0.7500000000
83031  35.634  20.207  -34.600 0.5000000000
82258  36.364  19.217  -37.291 0.2500000000
82253  36.337  18.940  -35.399 0.5000000000
87254  29.659  26.622  -33.193 0.5000000000
86540  29.698  25.954  -33.919 0.7500000000
85879  30.293  24.577  -34.983 0.7500000000
86560  29.551  24.926  -35.398 0.7500000000
85885  29.767  24.185  -35.979 0.7500000000
85167  30.856  23.707  -36.175 0.7500000000
85166  32.082  23.648  -36.062 0.7500000000
113265  32.903  23.191  -36.694 0.7500000000
83755  35.044  21.585  -36.204 0.5000000000
84455  34.472  22.229  -36.287 0.3750000000
82254  36.125  19.656  -35.966 0.2500000000
83754  35.478  20.886  -36.284 0.3750000000
112882  29.431  26.859  -34.119 0.6250000000
86561  28.997  25.519  -35.852 0.7500000000
85893  29.636  24.138  -37.204 0.7500000000
85177  30.237  23.660  -37.172 0.7500000000
85175  32.009  23.381  -37.398 0.6250000000
84460  34.381  22.013  -37.886 0.3750000000
129579  33.500  22.664  -37.450 0.3750000000
82259  36.241  19.808  -37.673 0.1250000000
83767  35.727  20.576  -39.113 0.1250000000
83762  35.128  21.358  -37.738 0.2500000000
121497  29.118  26.954  -34.954 0.6250000000
87271  28.729  26.536  -35.583 0.7500000000
85886  29.291  24.921  -36.483 0.6250000000
85174  32.792  22.928  -38.063 0.3750000000
110489  30.879  23.583  -38.287 0.3750000000
85176  31.182  23.503  -36.934 0.7500000000
84466  34.342  20.968  -39.886 0.2500000000
84461  33.537  22.058  -38.897 0.3750000000
84465  35.816  20.808  -39.217 0.1250000000
83042  36.229  20.206  -38.686 0.1250000000
88028  29.252  27.659  -34.642 0.6250000000
88042  28.604  27.289  -35.663 0.6250000000
87283  28.825  26.092  -37.419 0.3750000000
86562  28.614  26.159  -36.201 0.3750000000
127966  29.842  24.385  -38.202 0.3750000000
85196  31.669  23.136  -41.145 0.2500000000
85182  31.721  22.941  -39.081 0.3750000000
127984  29.953  23.866  -38.054 0.3750000000
84476  34.283  21.861  -40.508 0.1250000000
84467  33.540  21.514  -40.374 0.3750000000
85181  32.693  22.407  -39.759 0.3750000000
84458  36.320  21.117  -38.390 0.1250000000
88765  27.988  28.686  -36.157 0.3750000000
88029  28.508  28.160  -35.481 0.3750000000
87272  28.452  26.895  -36.396 0.3750000000
87293  28.738  26.707  -37.349 0.3750000000
87284  28.578  26.501  -36.984 0.3750000000
86576  30.582  25.301  -38.698 0.3750000000
86577  29.714  25.069  -38.093 0.3750000000
85900  29.206  25.241  -37.604 0.3750000000
86592  30.926  24.738  -41.199 0.3750000000
85189  31.058  23.539  -40.319 0.3750000000
86586  30.462  24.656  -39.126 0.3750000000
85905  34.990  24.266  -39.153 0.1250000000
85195  32.584  22.861  -41.215 0.1250000000
85180  35.314  22.909  -39.247 0.1250000000
88767  28.647  28.594  -36.945 0.2500000000
88061  29.317  26.692  -37.468 0.2500000000
88054  28.767  27.641  -37.249 0.3750000000
88055  28.534  27.288  -36.979 0.3750000000
122832  31.016  26.003  -37.839 0.1250000000
87291  30.005  25.825  -37.715 0.3750000000
87292  29.054  25.957  -37.594 0.3750000000
86584  31.303  25.326  -40.650 0.1250000000
86585  30.723  25.178  -40.427 0.2500000000
86583  33.580  25.967  -39.446 0.1250000000
86591  31.536  25.067  -41.060 0.1250000000
88768  28.121  28.897  -36.504 0.3750000000
110570  28.338  28.112  -36.815 0.3750000000
88766  29.551  28.488  -36.863 0.2500000000
87282  30.570  26.557  -37.257 0.1250000000
88053  30.157  27.563  -36.984 0.1250000000
87281  31.650  26.468  -36.993 0.1250000000
88052  31.354  27.085  -36.535 0.1250000000
87287  34.386  27.018  -38.832 0.1250000000
87280  32.684  26.608  -37.180 0.1250000000
88764  30.608  28.450  -36.186 0.1250000000
109768  33.014  26.891  -36.329 0.1250000000
88040  31.607  27.529  -35.704 0.1250000000
111288  34.158  27.408  -37.906 0.1250000000
88059  34.690  27.513  -38.131 0.1250000000
71909  27.248  7.528  -32.233 0.8750000000
72841  29.382  8.618  -30.293 0.6250000000
77436  36.141  13.803  -33.618 0.6250000000
81430  35.581  18.134  -32.130 0.8750000000
82247  36.168  18.899  -34.030 0.5000000000
87246  30.067  25.941  -32.994 0.6250000000
86549  29.925  25.154  -34.390 0.7500000000
85159  31.500  23.894  -35.186 0.8750000000
85165  33.108  23.327  -35.567 0.7500000000
84449  33.858  22.830  -35.248 0.7500000000
123890  34.987  21.556  -34.743 0.7500000000
88051  32.162  26.961  -36.243 0.1250000000
88050  33.597  27.071  -37.073 0.1250000000
75676  34.470  11.035  -31.675 0.5000000000
75665  34.161  11.614  -30.757 0.6250000000
76532  33.307  12.020  -30.213 0.7500000000
77445  36.090  13.520  -34.884 0.3750000000
79177  36.105  14.667  -36.809 0.2500000000
83741  35.137  20.954  -33.941 0.7500000000
115079  32.405  25.910  -39.854 0.1250000000
79985  36.105  15.500  -37.032 0.1250000000
67462  25.170  2.247  -28.589 0.7500000000
68335  24.771  2.851  -28.822 0.7500000000
117823  24.065  3.694  -28.719 0.7500000000
128219  24.343  4.315  -28.969 0.7500000000
68333  26.187  2.957  -28.758 0.7500000000
69153  25.583  3.196  -29.093 0.7500000000
68332  26.963  3.386  -28.681 0.7500000000
70960  24.384  6.268  -29.718 0.6250000000
70959  25.044  5.889  -30.175 0.7500000000
110603  27.411  4.071  -29.206 0.6250000000
70082  27.665  5.422  -29.992 0.7500000000
70958  28.869  5.965  -30.290 0.6250000000
71877  28.880  6.811  -30.307 0.6250000000
72832  29.816  8.049  -29.796 0.5000000000
72830  31.545  8.083  -29.689 0.3750000000
131723  30.924  8.669  -29.608 0.5000000000
73771  32.806  8.693  -30.338 0.1250000000
72852  33.723  8.058  -31.572 0.1250000000
72865  35.047  8.237  -33.132 0.1250000000
72874  35.752  7.192  -35.842 0.1250000000
73820  35.876  8.641  -36.782 0.1250000000
74794  35.793  9.664  -37.039 0.1250000000
85864  30.769  24.732  -32.522 0.3750000000
74799  36.259  10.458  -37.114 0.1250000000
75702  35.783  10.866  -36.322 0.1250000000
77454  35.843  13.103  -36.248 0.1250000000
119299  36.187  14.079  -35.564 0.2500000000
128172  36.190  14.598  -36.101 0.2500000000
87238  29.094  26.375  -31.749 0.5000000000
80730  36.619  17.559  -38.072 0.1250000000
111154  36.295  16.567  -37.311 0.2500000000
81454  36.692  18.909  -38.173 0.1250000000
82264  36.386  20.127  -38.465 0.1250000000
87983  28.713  27.127  -31.765 0.3750000000
83760  36.461  20.436  -38.175 0.1250000000
84459  36.146  21.937  -38.479 0.1250000000
113099  36.607  21.458  -37.211 0.1250000000
86569  35.518  25.400  -37.782 0.1250000000
88725  23.622  28.831  -30.644 0.1250000000
89938  29.706  30.463  -36.385 0.2500000000
89348  29.507  29.354  -36.513 0.1250000000
128370  30.189  29.975  -36.082 0.1250000000
88039  32.451  26.977  -35.544 0.1250000000
88027  31.032  28.054  -35.093 0.1250000000
87286  35.217  27.343  -38.268 0.1250000000
88038  33.596  27.200  -36.097 0.1250000000
79137  35.265  15.928  -31.506 0.7500000000
78272  35.299  15.095  -31.512 0.7500000000
83734  34.429  21.451  -32.548 0.8750000000
71897  24.852  6.883  -31.358 0.7500000000
76531  33.934  12.315  -30.437 0.6250000000
80690  35.304  17.680  -31.600 0.8750000000
85152  33.299  23.280  -33.684 0.8750000000
84434  34.169  22.062  -32.862 0.8750000000
89347  27.721  29.363  -36.059 0.3750000000
90551  28.552  31.655  -36.477 0.1250000000
89939  28.731  30.628  -36.504 0.2500000000
70071  24.166  5.083  -28.913 0.7500000000
70085  24.623  5.435  -29.587 0.7500000000
69163  25.876  4.322  -29.679 0.7500000000
70095  26.268  5.845  -30.487 0.7500000000
71878  24.020  7.040  -29.866 0.6250000000
70974  26.481  6.629  -31.075 0.8750000000
71910  26.550  7.186  -31.927 0.8750000000
70972  28.140  6.755  -30.669 0.7500000000
73784  29.823  9.426  -30.747 0.7500000000
72829  32.318  7.837  -30.279 0.2500000000
73774  30.316  8.896  -29.781 0.6250000000
74753  31.586  10.369  -29.933 0.7500000000
73782  33.229  8.386  -30.953 0.1250000000
74763  34.286  9.864  -31.857 0.2500000000
74764  34.034  10.546  -30.824 0.3750000000
75666  33.618  11.117  -30.270 0.6250000000
113631  35.244  8.009  -34.679 0.1250000000
75683  34.742  11.052  -32.686 0.5000000000
75682  35.063  11.526  -33.289 0.1250000000
75675  34.909  11.757  -32.090 0.5000000000
74783  35.395  9.533  -35.440 0.1250000000
76559  35.527  11.956  -35.398 0.1250000000
77437  35.740  13.231  -32.885 0.6250000000
78283  36.153  14.649  -33.025 0.6250000000
79149  35.927  15.481  -32.262 0.6250000000
80702  36.282  16.926  -33.350 0.6250000000
83026  35.290  20.460  -33.361 0.7500000000
84442  34.420  22.271  -33.843 0.7500000000
81452  36.378  18.212  -36.286 0.3750000000
85158  32.488  23.642  -34.857 0.7500000000
82248  35.956  19.463  -34.617 0.5000000000
120379  36.509  17.844  -37.517 0.1250000000
87263  29.159  26.248  -34.812 0.7500000000
85168  30.059  23.769  -36.385 0.7500000000
84456  33.741  22.774  -36.396 0.6250000000
83037  35.773  20.227  -36.278 0.1250000000
83761  35.613  20.723  -37.811 0.3750000000
83768  35.065  20.790  -39.327 0.3750000000
83043  36.104  20.172  -38.061 0.1250000000
83046  36.094  20.263  -38.827 0.1250000000
85188  31.881  22.727  -40.445 0.3750000000
85899  30.503  24.117  -39.092 0.3750000000
84473  33.604  21.835  -40.725 0.2500000000
122938  35.629  21.625  -39.457 0.1250000000
83766  36.080  20.322  -38.845 0.1250000000
83771  35.152  20.764  -39.974 0.1250000000
88043  28.314  27.748  -36.455 0.3750000000
85187  32.619  22.196  -40.901 0.2500000000
84471  34.963  21.584  -40.207 0.1250000000
85186  34.592  22.930  -39.871 0.1250000000
85194  33.623  22.840  -40.575 0.1250000000
85908  30.556  24.343  -40.638 0.3750000000
85906  34.028  24.346  -39.634 0.1250000000
86582  34.603  25.656  -39.031 0.1250000000
85907  32.687  24.375  -40.536 0.1250000000
85173  35.803  23.058  -38.332 0.1250000000
85898  35.440  24.231  -38.272 0.1250000000
89349  28.701  29.582  -36.561 0.2500000000
126311  31.869  26.390  -37.941 0.1250000000
87294  33.399  27.073  -39.121 0.1250000000
88060  34.076  27.283  -38.581 0.1250000000
88041  31.102  27.911  -36.150 0.1250000000
119218  35.125  26.307  -38.430 0.1250000000
87289  32.619  26.862  -38.886 0.1250000000
116238  30.355  29.545  -34.992 0.1250000000
89346  30.281  29.155  -36.150 0.1250000000
67452  24.483  1.991  -28.517 0.7500000000
68334  25.525  2.677  -28.766 0.7500000000
67461  25.834  2.387  -28.242 0.7500000000
67463  23.635  2.851  -28.387 0.7500000000
70961  23.747  6.596  -29.269 0.5000000000
71876  29.691  7.015  -30.116 0.5000000000
75701  35.882  11.549  -36.522 0.1250000000
75710  36.463  11.315  -36.928 0.1250000000
82263  36.696  19.894  -38.066 0.1250000000
120363  35.142  25.208  -38.487 0.1250000000
69155  23.719  4.645  -28.381 0.5000000000
67451  25.149  1.672  -28.222 0.6250000000
67438  25.767  1.936  -27.509 0.6250000000
67436  26.947  2.854  -27.182 0.3750000000
67450  26.589  2.916  -28.061 0.6250000000
68322  27.941  3.769  -27.474 0.2500000000
69141  27.735  3.912  -28.334 0.3750000000
71875  30.475  7.100  -30.014 0.3750000000
69151  28.517  4.443  -28.912 0.5000000000
70081  28.607  5.327  -29.949 0.5000000000
70080  29.571  5.285  -29.984 0.3750000000
116351  26.336  2.481  -27.567 0.6250000000
66538  24.972  1.109  -27.487 0.6250000000
69142  23.066  4.926  -27.621 0.3750000000
68324  22.670  3.424  -27.614 0.3750000000
67453  23.594  1.771  -28.268 0.6250000000
67424  26.736  1.992  -25.850 0.3750000000
66537  25.878  1.686  -26.571 0.5000000000
67423  27.245  2.598  -26.304 0.3750000000
69140  28.458  4.256  -27.773 0.2500000000
68315  27.767  3.287  -26.712 0.2500000000
72833  23.946  7.813  -30.135 0.3750000000
70070  28.960  4.821  -29.586 0.3750000000
70957  30.505  6.139  -30.255 0.2500000000
122052  31.082  6.286  -30.159 0.2500000000
80694  22.442  18.642  -31.999 0.1250000000
109277  24.315  22.196  -33.220 0.2500000000
111130  32.105  6.673  -30.249 0.2500000000
109267  27.952  18.526  -31.609 0.3750000000
124809  25.687  19.893  -32.883 0.2500000000
109576  30.809  22.364  -31.568 0.2500000000
87239  28.347  26.368  -31.199 0.2500000000
120755  22.086  21.896  -32.562 0.1250000000
79960  22.451  17.320  -32.344 0.2500000000
109587  28.460  18.505  -31.525 0.3750000000
69160  28.103  4.781  -29.536 0.5000000000
118578  23.237  4.021  -27.978 0.5000000000
68323  27.311  3.368  -27.759 0.5000000000
71874  31.333  6.939  -30.088 0.2500000000
70072  23.473  5.613  -28.217 0.3750000000
70086  23.867  5.916  -29.075 0.3750000000
118724  23.620  7.630  -29.459 0.2500000000
129078  29.742  6.002  -30.305 0.2500000000
67437  26.477  2.290  -26.810 0.5000000000
68314  28.504  3.866  -26.852 0.2500000000
66556  24.299  1.186  -28.237 0.6250000000
66525  26.048  1.505  -25.746 0.3750000000
70069  29.537  4.843  -29.199 0.2500000000
70079  30.425  5.542  -30.114 0.2500000000
65667  23.279  0.092  -27.209 0.5000000000
65658  24.878  0.458  -25.580 0.3750000000
66526  25.329  1.086  -26.193 0.5000000000
66539  23.940  0.545  -27.812 0.5000000000
65660  22.558  -0.218  -26.675 0.3750000000
66541  22.192  1.387  -27.082 0.5000000000
66540  22.974  0.759  -27.600 0.5000000000
66558  22.689  1.756  -27.672 0.3750000000
66557  23.523  1.054  -28.069 0.5000000000
64758  21.209  -0.612  -25.497 0.1250000000
65661  21.651  0.095  -26.176 0.3750000000
68325  22.194  2.850  -27.251 0.2500000000
63895  21.087  -2.334  -25.218 0.1250000000
64763  23.135  -0.509  -25.927 0.3750000000
123110  25.491  0.342  -24.655 0.2500000000
65650  24.208  -0.052  -25.276 0.3750000000
65659  23.769  0.038  -26.135 0.5000000000
114631  20.834  -0.785  -24.775 0.1250000000
64764  22.000  -0.541  -26.220 0.3750000000
123235  21.190  1.470  -25.410 0.1250000000
67425  21.643  2.620  -25.995 0.1250000000
78315  36.078  13.823  -36.568 0.1250000000
117206  22.899  2.512  -27.913 0.3750000000
66527  24.406  0.466  -26.793 0.5000000000
112886  26.641  1.442  -25.074 0.2500000000
65668  22.146  0.604  -26.836 0.5000000000
65657  25.806  0.990  -25.244 0.3750000000
132103  24.923  0.111  -25.021 0.3750000000
65652  20.938  0.182  -24.823 0.1250000000
65651  21.098  0.512  -25.518 0.1250000000
119173  21.423  0.853  -26.088 0.1250000000
67439  21.890  2.273  -26.814 0.1250000000
64759  20.767  -1.571  -25.167 0.1250000000
110081  21.294  -1.635  -25.578 0.1250000000
64757  22.303  -1.154  -25.744 0.3750000000
65649  24.826  -0.220  -24.552 0.2500000000
66528  21.558  1.684  -26.244 0.1250000000
64756  23.730  -0.631  -25.008 0.2500000000
63893  23.391  -1.524  -24.880 0.1250000000
70946  23.412  6.589  -28.555 0.1250000000
109309  30.197  24.259  -31.726 0.1250000000
109311  29.576  24.799  -31.419 0.1250000000
109306  28.868  25.777  -31.269 0.1250000000
109753  29.043  25.115  -31.055 0.1250000000
109695  30.527  23.378  -31.639 0.1250000000
109305  28.291  25.308  -30.735 0.1250000000
109301  27.189  24.966  -30.435 0.1250000000
109582  25.032  21.295  -33.292 0.1250000000
69143  22.526  4.318  -27.187 0.1250000000
70059  23.078  5.545  -27.529 0.1250000000
109268  30.259  21.825  -31.271 0.1250000000
109269  29.936  22.723  -31.186 0.1250000000
126614  29.869  23.538  -31.287 0.1250000000
109308  29.491  24.111  -31.180 0.1250000000
109280  27.996  24.524  -30.384 0.1250000000
109670  26.079  25.141  -30.383 0.1250000000
109302  26.770  25.878  -30.664 0.1250000000
72834  23.445  8.361  -29.365 0.1250000000
86529  29.477  25.587  -31.734 0.1250000000
109264  26.897  18.826  -32.175 0.1250000000
119264  23.319  7.752  -28.962 0.1250000000
71879  23.478  7.159  -29.097 0.1250000000
71852  23.216  7.055  -28.110 0.1250000000
70933  23.230  6.282  -27.934 0.1250000000
109279  29.113  24.515  -30.995 0.1250000000
87236  27.637  25.854  -30.746 0.1250000000
109307  29.456  23.608  -31.041 0.1250000000
109571  25.484  24.882  -30.299 0.1250000000
66524  27.397  1.901  -25.020 0.1250000000
68303  27.968  2.846  -25.751 0.1250000000
68302  28.587  3.408  -25.967 0.1250000000
69132  29.077  4.400  -27.098 0.1250000000
69139  29.226  4.717  -28.072 0.1250000000
70057  30.619  5.591  -28.047 0.1250000000
70068  30.265  5.249  -29.718 0.1250000000
70944  31.489  6.027  -29.484 0.1250000000
70956  31.028  5.755  -30.080 0.1250000000
70943  32.063  6.439  -29.554 0.1250000000
130922  25.373  0.019  -24.107 0.1250000000
111803  26.490  0.789  -24.327 0.1250000000
66523  28.098  2.337  -25.048 0.1250000000
68313  29.259  3.917  -26.251 0.1250000000
69131  29.739  4.446  -26.595 0.1250000000
70058  29.946  5.133  -27.763 0.1250000000
70043  30.638  5.286  -27.045 0.1250000000
70931  32.343  6.395  -28.207 0.1250000000
71862  32.839  6.491  -29.945 0.1250000000
120993  33.069  6.719  -28.772 0.1250000000
129533  27.497  2.340  -25.570 0.1250000000
70955  31.586  6.202  -30.096 0.1250000000
70945  30.818  5.552  -29.401 0.1250000000
64750  25.261  -0.416  -23.842 0.1250000000
66514  27.367  1.306  -24.388 0.1250000000
111589  29.553  4.773  -27.269 0.1250000000
111440  30.165  5.148  -28.837 0.1250000000
70932  31.376  5.947  -28.261 0.1250000000
65638  25.975  0.080  -23.806 0.1250000000
67422  28.729  2.827  -25.231 0.1250000000
132950  33.560  6.779  -29.262 0.1250000000
72831  30.633  8.070  -29.619 0.5000000000
74743  32.915  9.668  -29.933 0.5000000000
74777  28.108  10.200  -33.087 1.0000000000
75670  23.478  11.673  -30.283 0.1250000000
75695  24.085  11.590  -34.105 1.0000000000
75704  25.676  11.464  -34.707 1.0000000000
76530  34.371  12.454  -30.911 0.6250000000
76543  30.277  12.401  -31.844 1.0000000000
76558  35.799  12.774  -35.380 0.1250000000
76570  25.113  12.248  -34.622 1.0000000000
77418  33.422  12.899  -30.350 0.8750000000
77426  35.574  13.892  -31.966 0.6250000000
77429  31.319  13.259  -31.346 1.0000000000
77438  30.221  14.112  -32.313 1.0000000000
77448  28.525  13.750  -33.788 1.0000000000
77458  25.165  13.633  -34.708 1.0000000000
78264  32.646  14.276  -30.810 1.0000000000
78273  34.719  14.589  -31.124 0.8750000000
78274  31.868  14.600  -31.282 1.0000000000
78284  35.781  14.611  -32.081 0.6250000000
78286  29.325  14.917  -33.054 1.0000000000
78296  28.448  14.633  -34.024 1.0000000000
78309  25.404  14.496  -34.860 1.0000000000
79139  32.462  15.166  -31.165 1.0000000000
79150  29.997  15.773  -32.387 1.0000000000
79151  29.475  15.844  -32.709 1.0000000000
79160  28.310  15.355  -34.133 1.0000000000
79935  33.983  16.070  -31.020 1.0000000000
79943  35.175  16.868  -31.443 1.0000000000
79968  28.992  15.929  -33.105 1.0000000000
79970  27.929  16.025  -34.153 1.0000000000
79972  26.013  16.554  -34.247 1.0000000000
79974  22.504  16.315  -32.697 0.2500000000
79987  36.497  16.830  -38.093 0.1250000000
80706  29.247  16.628  -32.224 1.0000000000
81422  31.864  18.467  -31.545 1.0000000000
81433  30.199  17.583  -31.559 1.0000000000
81439  36.214  18.245  -33.671 0.5000000000
82239  31.972  19.064  -31.591 1.0000000000
82243  22.400  20.759  -32.880 0.3750000000
83027  34.901  20.982  -32.839 0.8750000000
84472  34.365  21.161  -40.469 0.1250000000
85884  30.548  24.026  -35.557 0.7500000000
85912  31.501  23.963  -41.241 0.2500000000
85913  31.023  23.960  -41.139 0.2500000000
86550  29.330  25.597  -34.945 0.7500000000
86570  28.805  25.732  -36.838 0.3750000000
87288  33.518  27.170  -38.350 0.1250000000
87290  31.509  25.872  -39.295 0.1250000000
89324  24.386  29.542  -30.694 0.2500000000
89345  27.297  30.067  -35.638 0.3750000000
89350  27.863  29.929  -36.297 0.3750000000
89917  26.535  30.955  -31.391 0.1250000000
89936  26.852  30.897  -35.643 0.2500000000
89941  27.034  31.249  -36.092 0.2500000000
89942  26.790  32.114  -36.140 0.2500000000
90546  26.570  31.561  -35.323 0.2500000000
90547  26.526  32.508  -35.617 0.2500000000
91159  26.439  33.112  -35.981 0.2500000000
91164  26.517  32.812  -36.126 0.2500000000
109297  24.881  20.066  -33.787 0.8750000000
109585  24.753  27.049  -31.213 0.1250000000
109718  22.475  25.916  -30.980 0.1250000000
110622  32.048  8.905  -29.618 0.3750000000
112087  28.876  25.968  -35.448 0.7500000000
112439  24.513  21.699  -33.586 0.5000000000
112638  24.037  10.943  -33.974 0.8750000000
113827  32.680  17.560  -31.282 1.0000000000
118189  25.677  18.034  -33.600 0.6250000000
123330  29.871  16.652  -31.853 1.0000000000
123927  34.647  13.183  -31.104 0.6250000000
129019  33.840  11.772  -30.376 0.6250000000
129215  29.361  15.488  -32.884 1.0000000000
131444  26.914  10.387  -34.485 1.0000000000
132663  30.704  5.434  -30.007 0.1250000000
132882  29.717  4.932  -28.508 0.1250000000
132918  27.174  10.642  -34.326 1.0000000000
