#!ascii label  , from subject sub-v1s18x0051258_ses-1 vox2ras=TkReg
906
54091  14.922  -10.095  33.766 0.0000000000
124830  26.314  -4.741  39.548 0.0000000000
109492  31.275  6.594  18.837 0.0000000000
62591  22.590  -0.357  26.077 0.0000000000
63446  28.917  0.098  32.254 0.0000000000
70779  46.058  8.310  12.140 0.0000000000
67261  31.827  3.902  21.396 0.0000000000
64524  27.897  1.768  20.992 0.0000000000
53035  10.265  -10.839  33.657 0.0000000000
54078  20.286  -10.105  35.551 0.0000000000
119915  21.870  -5.522  34.891 0.0000000000
53056  17.444  -10.633  31.413 0.0000000000
72247  36.964  10.476  13.819 0.0000000000
51831  17.808  -11.310  38.624 0.0000000000
52928  12.972  -11.331  38.533 0.0000000000
72192  35.539  10.741  17.670 0.0000000000
105619  9.131  -9.855  38.149 0.0000000000
51846  4.723  -11.868  37.780 0.0000000000
123637  25.323  2.507  25.521 0.0000000000
125629  25.553  -0.191  29.179 0.0000000000
58816  26.127  -5.445  29.491 0.0000000000
105443  24.166  -4.967  32.116 0.0000000000
65441  31.909  2.319  23.191 0.0000000000
65477  29.881  2.099  21.641 0.0000000000
65444  28.722  2.600  23.448 0.0000000000
107373  33.645  4.159  22.679 0.0000000000
53059  13.639  -10.812  31.606 0.0000000000
50806  12.164  -12.511  31.834 0.0000000000
53033  12.608  -10.614  33.362 0.0000000000
52995  17.727  -11.029  34.948 0.0000000000
54101  19.483  -10.162  33.446 0.0000000000
54136  15.738  -10.216  31.780 0.0000000000
51937  14.945  -11.398  29.851 0.0000000000
69903  31.475  7.337  16.478 0.0000000000
69853  33.667  7.255  20.280 0.0000000000
70735  33.531  8.576  18.468 0.0000000000
70753  33.235  8.966  16.035 0.0000000000
54023  12.505  -9.780  40.661 0.0000000000
52930  11.142  -11.198  38.715 0.0000000000
54025  10.252  -9.593  40.721 0.0000000000
53985  4.663  -9.501  42.584 0.0000000000
52876  5.571  -10.313  40.006 0.0000000000
52878  4.059  -10.999  40.998 0.0000000000
50732  2.461  -12.479  40.475 0.0000000000
50718  1.154  -12.224  42.299 0.0000000000
64413  24.899  1.797  32.146 0.0000000000
63464  27.030  0.607  30.956 0.0000000000
60700  26.785  -2.493  28.958 0.0000000000
60690  28.045  -2.672  30.201 0.0000000000
57014  20.111  -5.997  32.515 0.0000000000
58739  22.690  -4.507  34.083 0.0000000000
121278  20.616  -5.174  31.166 0.0000000000
58805  22.378  -5.323  30.183 0.0000000000
64474  23.336  1.936  25.517 0.0000000000
124854  23.788  1.165  22.993 0.0000000000
62623  22.548  -0.765  23.098 0.0000000000
72922  42.029  11.867  11.038 0.0000000000
71577  46.769  9.369  10.817 0.0000000000
68170  31.613  5.082  20.457 0.0000000000
66407  29.643  3.053  19.690 0.0000000000
68946  33.684  6.069  21.300 0.0000000000
117911  22.424  -7.316  37.817 0.0000000000
57804  24.104  -5.371  37.141 0.0000000000
56140  21.215  -7.390  35.767 0.0000000000
56162  19.628  -7.891  33.134 0.0000000000
54151  18.373  -9.627  30.547 0.0000000000
117888  38.890  11.041  15.164 0.0000000000
71537  40.403  9.785  14.207 0.0000000000
70768  41.478  8.388  12.373 0.0000000000
69925  42.437  7.572  11.520 0.0000000000
125056  16.650  -10.495  36.269 0.0000000000
52974  14.283  -10.443  36.279 0.0000000000
110648  15.783  -10.556  38.294 0.0000000000
52969  19.836  -11.342  36.717 0.0000000000
72227  36.078  11.287  15.408 0.0000000000
112480  11.967  -11.139  35.533 0.0000000000
53002  9.248  -10.567  35.549 0.0000000000
51870  7.271  -11.348  35.372 0.0000000000
54028  7.841  -9.747  40.294 0.0000000000
52959  6.339  -10.322  37.520 0.0000000000
50712  -1.431  -12.502  43.558 0.0000000000
65403  27.712  2.596  25.472 0.0000000000
64456  23.279  1.943  27.811 0.0000000000
64439  23.596  1.731  30.089 0.0000000000
62568  23.856  -0.238  27.951 0.0000000000
61620  24.993  -1.510  27.951 0.0000000000
58831  25.889  -4.884  27.979 0.0000000000
57050  24.457  -6.366  27.430 0.0000000000
58719  26.310  -4.355  35.883 0.0000000000
58750  26.551  -4.455  34.225 0.0000000000
116757  28.289  -3.930  32.420 0.0000000000
58803  24.993  -5.379  30.758 0.0000000000
108883  22.924  -5.744  28.544 0.0000000000
65462  26.299  2.364  22.642 0.0000000000
64547  25.091  1.061  20.962 0.0000000000
65422  31.111  2.520  24.310 0.0000000000
121066  30.456  2.514  23.766 0.0000000000
65423  30.303  2.690  24.685 0.0000000000
66337  32.624  2.586  24.753 0.0000000000
54121  14.594  -10.199  32.364 0.0000000000
53045  13.365  -10.637  32.306 0.0000000000
54092  14.219  -10.253  33.566 0.0000000000
124001  16.416  -10.291  34.085 0.0000000000
121452  17.012  -10.575  33.653 0.0000000000
54103  15.436  -10.108  33.198 0.0000000000
54137  14.876  -10.221  31.676 0.0000000000
69898  31.579  7.338  17.441 0.0000000000
68986  32.065  6.864  19.383 0.0000000000
69887  33.074  8.069  18.863 0.0000000000
69888  32.517  7.812  18.517 0.0000000000
69897  32.130  7.821  16.919 0.0000000000
53986  3.935  -9.856  42.876 0.0000000000
52850  4.538  -10.389  41.395 0.0000000000
51784  3.333  -11.336  41.371 0.0000000000
50731  3.139  -12.139  40.161 0.0000000000
51785  2.618  -11.642  41.709 0.0000000000
50724  2.218  -12.240  41.281 0.0000000000
63448  27.377  0.996  31.667 0.0000000000
63447  28.206  0.578  31.905 0.0000000000
61587  27.974  -1.541  30.363 0.0000000000
61573  28.325  -1.837  30.990 0.0000000000
120071  26.554  -4.493  39.004 0.0000000000
56181  18.777  -6.859  30.409 0.0000000000
57857  20.358  -5.409  31.781 0.0000000000
57027  19.049  -6.075  29.876 0.0000000000
57878  19.567  -5.809  29.251 0.0000000000
110741  22.653  1.104  25.948 0.0000000000
119952  22.665  0.492  24.149 0.0000000000
71560  45.316  9.129  12.959 0.0000000000
71559  46.387  9.363  12.585 0.0000000000
72925  46.603  10.943  10.780 0.0000000000
72926  45.677  11.186  10.527 0.0000000000
70778  46.778  8.162  11.445 0.0000000000
67273  31.418  4.288  20.773 0.0000000000
67287  30.960  4.674  20.102 0.0000000000
67274  30.798  3.798  20.460 0.0000000000
65478  28.586  2.066  21.540 0.0000000000
65500  28.856  1.712  20.722 0.0000000000
64544  28.091  1.580  20.291 0.0000000000
66360  32.870  3.754  22.343 0.0000000000
68151  32.673  5.069  21.368 0.0000000000
68169  32.247  5.459  20.718 0.0000000000
51897  11.454  -11.436  32.618 0.0000000000
51889  9.572  -11.135  33.711 0.0000000000
114485  21.425  -8.334  36.904 0.0000000000
56127  22.181  -6.850  36.961 0.0000000000
55135  21.050  -8.202  36.128 0.0000000000
53041  18.352  -10.883  32.565 0.0000000000
55164  19.629  -8.961  33.290 0.0000000000
54135  18.528  -9.895  31.455 0.0000000000
55191  18.604  -8.817  31.179 0.0000000000
119771  18.063  -10.363  30.250 0.0000000000
53089  16.724  -10.953  29.753 0.0000000000
59809  24.792  -3.669  26.865 0.0000000000
72239  38.442  10.941  14.581 0.0000000000
72238  39.288  10.734  14.576 0.0000000000
71539  38.852  10.414  13.868 0.0000000000
70770  39.540  8.781  12.268 0.0000000000
69927  40.137  7.684  11.090 0.0000000000
70782  41.602  7.882  11.691 0.0000000000
52948  17.153  -10.910  37.395 0.0000000000
117368  15.771  -10.364  37.166 0.0000000000
52949  16.289  -10.571  37.754 0.0000000000
51843  18.782  -11.496  37.082 0.0000000000
51857  18.195  -11.380  36.523 0.0000000000
72207  37.185  11.760  16.388 0.0000000000
72191  35.714  11.333  17.056 0.0000000000
71543  33.886  9.361  14.759 0.0000000000
112481  13.923  -10.804  37.122 0.0000000000
53000  12.942  -11.139  35.618 0.0000000000
111600  12.985  -11.384  36.951 0.0000000000
52956  9.979  -10.507  38.134 0.0000000000
111597  10.189  -10.923  37.315 0.0000000000
111596  9.322  -10.297  37.336 0.0000000000
53003  8.439  -10.642  35.401 0.0000000000
52957  8.315  -10.105  37.378 0.0000000000
54004  7.106  -9.399  41.657 0.0000000000
122376  5.420  -10.597  39.289 0.0000000000
119459  6.061  -10.251  39.079 0.0000000000
52960  5.700  -10.723  37.781 0.0000000000
52983  5.842  -10.824  36.909 0.0000000000
66278  23.989  3.073  28.131 0.0000000000
64437  25.043  1.076  30.906 0.0000000000
64422  24.297  1.754  31.521 0.0000000000
63486  24.082  0.917  29.910 0.0000000000
63498  23.595  1.202  29.213 0.0000000000
62546  24.957  -0.104  28.832 0.0000000000
61621  24.498  -0.822  27.903 0.0000000000
62566  25.100  -0.818  28.376 0.0000000000
59784  27.014  -3.782  29.341 0.0000000000
117160  26.515  -3.262  28.659 0.0000000000
104913  26.248  -5.155  28.652 0.0000000000
57886  25.686  -5.570  28.297 0.0000000000
111206  25.049  -5.852  28.368 0.0000000000
105618  22.626  -5.621  36.063 0.0000000000
58703  25.388  -4.800  36.891 0.0000000000
58722  23.745  -4.638  35.244 0.0000000000
105444  24.241  -4.777  32.959 0.0000000000
107823  25.084  -4.583  34.011 0.0000000000
121989  26.027  -4.647  33.123 0.0000000000
59743  27.993  -4.147  33.313 0.0000000000
58768  25.914  -4.819  32.492 0.0000000000
58783  26.793  -4.861  31.834 0.0000000000
58785  25.022  -5.206  31.527 0.0000000000
105786  21.183  -5.702  28.812 0.0000000000
57876  22.003  -5.562  29.236 0.0000000000
65404  26.932  2.566  25.436 0.0000000000
65426  27.274  2.542  24.752 0.0000000000
65427  26.445  2.514  24.671 0.0000000000
63585  23.773  0.222  21.673 0.0000000000
109159  24.514  1.248  22.045 0.0000000000
72931  40.697  11.472  10.460 0.0000000000
65457  31.692  2.583  22.343 0.0000000000
65475  31.069  2.556  21.646 0.0000000000
119397  31.099  2.253  22.317 0.0000000000
65459  29.898  2.351  22.374 0.0000000000
111104  28.356  2.513  22.418 0.0000000000
67229  34.118  3.443  24.044 0.0000000000
66349  33.235  3.169  23.092 0.0000000000
51910  12.579  -11.784  31.690 0.0000000000
124397  11.925  -11.164  32.599 0.0000000000
53047  11.739  -10.831  33.096 0.0000000000
53011  19.329  -10.893  34.724 0.0000000000
54088  19.749  -10.224  34.319 0.0000000000
53012  18.542  -11.202  34.350 0.0000000000
53030  17.713  -10.907  33.111 0.0000000000
108196  16.434  -10.443  31.126 0.0000000000
53069  16.118  -10.593  30.320 0.0000000000
53057  15.511  -10.362  30.991 0.0000000000
51908  14.065  -11.060  30.850 0.0000000000
71569  36.128  9.302  12.739 0.0000000000
52897  17.040  -11.081  38.977 0.0000000000
70721  34.482  8.537  19.556 0.0000000000
70734  34.197  8.885  18.817 0.0000000000
71501  34.619  9.517  18.397 0.0000000000
72210  34.348  10.244  16.643 0.0000000000
70749  33.308  8.835  16.903 0.0000000000
70750  32.678  8.371  16.457 0.0000000000
52871  13.041  -10.507  40.023 0.0000000000
52929  12.075  -11.443  38.651 0.0000000000
52902  11.669  -11.058  39.370 0.0000000000
52873  10.539  -10.241  39.973 0.0000000000
52905  9.227  -9.911  39.667 0.0000000000
107728  6.213  -9.321  42.074 0.0000000000
54006  4.957  -9.779  41.846 0.0000000000
52877  4.764  -10.619  40.572 0.0000000000
51813  4.403  -11.433  39.438 0.0000000000
50741  3.365  -12.382  39.370 0.0000000000
64420  26.426  1.205  31.590 0.0000000000
63484  26.632  0.182  30.256 0.0000000000
62544  26.535  -0.957  29.219 0.0000000000
62525  27.067  -0.769  29.760 0.0000000000
60699  27.408  -2.658  29.503 0.0000000000
59776  27.737  -3.821  29.867 0.0000000000
57007  20.927  -5.962  33.888 0.0000000000
57836  22.207  -4.932  34.531 0.0000000000
57843  21.257  -5.190  33.312 0.0000000000
120671  22.140  -4.598  32.702 0.0000000000
58771  22.560  -4.632  32.381 0.0000000000
105666  23.278  -4.896  31.847 0.0000000000
58788  21.286  -5.052  30.888 0.0000000000
57877  20.507  -5.441  29.469 0.0000000000
111385  23.919  2.303  25.741 0.0000000000
65429  24.668  2.229  24.469 0.0000000000
64494  23.634  1.636  24.129 0.0000000000
63551  22.910  0.626  23.577 0.0000000000
72920  44.036  11.983  10.958 0.0000000000
72256  44.919  10.633  10.092 0.0000000000
68177  31.597  6.164  19.599 0.0000000000
68190  30.156  5.530  18.653 0.0000000000
68179  30.450  5.156  19.433 0.0000000000
66391  30.013  2.488  20.545 0.0000000000
65499  29.312  2.058  20.197 0.0000000000
68135  34.765  5.803  22.498 0.0000000000
68944  35.133  6.667  22.030 0.0000000000
69832  34.705  7.135  21.364 0.0000000000
68967  33.288  6.527  20.594 0.0000000000
68968  32.405  6.247  20.198 0.0000000000
57795  24.697  -5.912  38.955 0.0000000000
57794  25.330  -5.305  38.463 0.0000000000
57806  23.301  -6.151  37.520 0.0000000000
123524  22.257  -6.233  36.325 0.0000000000
56997  21.406  -6.709  35.460 0.0000000000
55148  20.321  -8.675  34.732 0.0000000000
56152  20.395  -7.696  34.544 0.0000000000
57003  20.618  -6.787  34.272 0.0000000000
56161  19.747  -6.906  32.884 0.0000000000
56175  18.630  -7.777  30.858 0.0000000000
54168  18.424  -9.122  29.799 0.0000000000
105625  41.265  9.388  14.218 0.0000000000
122142  39.338  9.319  12.777 0.0000000000
71565  40.133  9.075  12.897 0.0000000000
71549  41.537  8.934  13.595 0.0000000000
70767  42.525  8.454  12.688 0.0000000000
70781  43.039  8.015  12.115 0.0000000000
70780  44.105  7.941  12.148 0.0000000000
108057  45.327  7.812  12.077 0.0000000000
53015  16.134  -10.197  34.810 0.0000000000
53016  14.150  -10.371  34.824 0.0000000000
119835  15.001  -10.195  36.155 0.0000000000
112430  14.931  -10.363  36.971 0.0000000000
105276  14.280  -10.734  38.708 0.0000000000
52898  16.282  -10.836  39.301 0.0000000000
105277  13.891  -10.357  40.051 0.0000000000
52870  13.399  -9.946  40.660 0.0000000000
116204  25.469  -5.545  40.325 0.0000000000
56971  23.540  -6.806  38.844 0.0000000000
55112  22.118  -8.132  38.036 0.0000000000
54062  21.131  -9.810  37.006 0.0000000000
52945  21.094  -10.460  37.428 0.0000000000
52992  20.266  -10.820  36.209 0.0000000000
52994  18.689  -11.264  35.237 0.0000000000
126250  16.894  -10.524  35.133 0.0000000000
123728  38.956  11.668  16.938 0.0000000000
72225  38.143  11.390  15.383 0.0000000000
110626  36.753  11.054  14.802 0.0000000000
110594  34.746  10.641  16.131 0.0000000000
72242  34.987  10.278  14.898 0.0000000000
71554  35.716  9.661  13.381 0.0000000000
53017  13.322  -10.682  34.824 0.0000000000
53018  12.398  -10.811  34.756 0.0000000000
53019  11.331  -10.711  34.682 0.0000000000
111598  11.086  -11.296  37.185 0.0000000000
53001  11.015  -10.886  35.614 0.0000000000
114945  9.637  -10.687  34.169 0.0000000000
51878  9.059  -10.945  34.122 0.0000000000
51880  7.840  -11.639  34.819 0.0000000000
54026  9.246  -9.679  40.591 0.0000000000
54043  8.237  -9.781  39.592 0.0000000000
54044  7.352  -9.884  39.696 0.0000000000
52932  8.065  -9.782  38.234 0.0000000000
52982  6.607  -10.482  36.661 0.0000000000
50711  -0.293  -12.078  43.416 0.0000000000
109248  29.464  2.719  25.229 0.0000000000
66308  25.592  3.022  27.162 0.0000000000
65387  23.996  2.510  26.617 0.0000000000
65377  23.055  1.849  26.919 0.0000000000
64457  22.929  1.434  27.305 0.0000000000
64445  23.440  2.105  29.405 0.0000000000
63506  23.335  1.009  28.477 0.0000000000
62581  23.264  -0.280  27.336 0.0000000000
61635  23.641  -1.124  27.046 0.0000000000
60717  24.758  -2.166  27.463 0.0000000000
59795  25.229  -3.137  27.474 0.0000000000
60709  26.145  -2.349  28.546 0.0000000000
60710  25.579  -2.459  28.036 0.0000000000
59804  25.535  -4.195  27.481 0.0000000000
57885  25.549  -5.454  27.736 0.0000000000
57049  24.944  -6.627  27.164 0.0000000000
62474  29.466  -0.496  32.757 0.0000000000
58691  25.738  -4.878  37.738 0.0000000000
59694  26.927  -4.172  36.492 0.0000000000
59693  27.721  -3.808  36.165 0.0000000000
58737  24.574  -4.550  34.724 0.0000000000
58735  26.401  -4.400  35.077 0.0000000000
59707  28.608  -3.380  35.107 0.0000000000
59724  28.788  -3.426  34.229 0.0000000000
60659  29.339  -2.829  33.486 0.0000000000
61561  29.268  -1.880  32.048 0.0000000000
60681  28.488  -3.084  30.968 0.0000000000
112508  27.594  -4.537  30.467 0.0000000000
122226  25.815  -5.421  30.205 0.0000000000
106500  24.085  -5.295  31.330 0.0000000000
57874  24.129  -5.531  29.695 0.0000000000
57887  24.031  -5.597  28.802 0.0000000000
57899  23.958  -5.869  27.898 0.0000000000
65424  28.654  2.604  24.544 0.0000000000
119705  27.817  2.610  23.128 0.0000000000
115259  26.791  2.276  22.015 0.0000000000
65464  24.668  1.896  23.197 0.0000000000
65481  25.622  1.999  22.204 0.0000000000
104965  25.726  1.491  20.974 0.0000000000
69922  45.928  7.225  11.630 0.0000000000
65401  30.992  2.739  25.100 0.0000000000
112349  31.686  2.553  24.737 0.0000000000
54104  14.729  -10.120  33.002 0.0000000000
54105  13.955  -10.320  32.803 0.0000000000
54090  15.673  -10.122  33.998 0.0000000000
54089  16.233  -10.250  33.412 0.0000000000
68994  31.046  6.791  17.916 0.0000000000
69000  30.335  6.327  17.361 0.0000000000
68189  30.541  6.186  18.296 0.0000000000
68993  31.831  7.331  18.500 0.0000000000
52838  3.503  -10.538  42.513 0.0000000000
52852  3.060  -11.112  42.125 0.0000000000
51772  2.348  -11.416  42.455 0.0000000000
63430  28.549  0.950  32.697 0.0000000000
62487  28.553  -0.240  31.459 0.0000000000
62498  28.621  -0.928  31.277 0.0000000000
114749  26.749  -4.528  39.972 0.0000000000
56182  18.526  -7.591  29.936 0.0000000000
106104  19.321  -6.129  30.921 0.0000000000
57028  18.715  -6.800  29.498 0.0000000000
63525  22.642  0.518  26.433 0.0000000000
117510  22.553  0.425  25.691 0.0000000000
70764  45.878  8.908  12.501 0.0000000000
71558  46.960  9.836  11.772 0.0000000000
71572  46.966  9.457  11.239 0.0000000000
71573  46.654  8.987  11.829 0.0000000000
66389  31.274  3.387  21.105 0.0000000000
64545  27.247  1.554  20.331 0.0000000000
66369  32.193  3.394  21.998 0.0000000000
123019  33.152  4.579  21.934 0.0000000000
67260  32.453  4.271  21.686 0.0000000000
67272  32.011  4.731  21.104 0.0000000000
51887  10.897  -11.117  33.147 0.0000000000
51898  10.806  -11.836  32.740 0.0000000000
51888  10.200  -11.485  33.252 0.0000000000
50799  10.223  -12.330  33.043 0.0000000000
55121  21.125  -9.057  36.508 0.0000000000
55122  20.644  -9.051  35.622 0.0000000000
53055  18.194  -10.708  31.785 0.0000000000
54118  18.759  -10.198  32.199 0.0000000000
53067  18.076  -10.476  30.982 0.0000000000
53068  17.289  -10.666  30.446 0.0000000000
58847  25.099  -4.489  26.828 0.0000000000
72246  37.830  10.677  13.959 0.0000000000
114726  38.129  10.101  13.456 0.0000000000
69926  41.012  7.511  11.108 0.0000000000
52923  17.080  -10.974  38.178 0.0000000000
51844  17.963  -11.335  37.795 0.0000000000
51858  17.861  -11.285  37.086 0.0000000000
120639  35.790  10.417  18.361 0.0000000000
109503  36.165  10.966  17.802 0.0000000000
72883  36.534  11.657  17.166 0.0000000000
52952  13.344  -11.254  37.745 0.0000000000
52953  12.507  -11.497  37.804 0.0000000000
52980  8.572  -10.414  36.312 0.0000000000
53983  6.907  -8.976  42.504 0.0000000000
52935  5.020  -11.096  39.017 0.0000000000
52934  5.583  -10.638  38.600 0.0000000000
51832  5.152  -11.235  38.203 0.0000000000
51845  5.310  -11.402  37.343 0.0000000000
63485  25.656  0.514  30.246 0.0000000000
120407  24.787  0.809  30.292 0.0000000000
63496  25.104  0.322  29.571 0.0000000000
63497  24.281  0.513  29.230 0.0000000000
59785  26.591  -4.443  29.006 0.0000000000
57873  25.350  -5.638  29.097 0.0000000000
57828  22.437  -5.270  35.278 0.0000000000
57827  23.160  -5.041  35.688 0.0000000000
107498  25.181  -4.689  33.217 0.0000000000
58769  25.047  -4.914  32.340 0.0000000000
65405  26.091  2.545  25.454 0.0000000000
65428  25.469  2.418  24.670 0.0000000000
120188  31.350  2.277  22.821 0.0000000000
65443  29.755  2.533  23.205 0.0000000000
65460  29.196  2.528  22.672 0.0000000000
104983  29.231  2.303  21.974 0.0000000000
109422  34.615  3.962  24.114 0.0000000000
65421  31.912  2.266  24.030 0.0000000000
66350  32.660  2.495  23.631 0.0000000000
66361  32.481  2.856  22.731 0.0000000000
105404  13.163  -10.546  32.924 0.0000000000
53046  12.509  -10.868  32.619 0.0000000000
53013  17.747  -11.085  33.958 0.0000000000
53031  16.880  -10.528  32.828 0.0000000000
53042  17.598  -10.779  32.279 0.0000000000
53043  16.688  -10.477  31.970 0.0000000000
115968  14.282  -10.545  31.391 0.0000000000
69874  34.059  7.930  19.944 0.0000000000
70722  33.759  8.312  19.218 0.0000000000
71502  33.949  9.146  18.037 0.0000000000
71510  33.746  9.232  17.337 0.0000000000
70742  33.371  8.725  17.705 0.0000000000
69902  32.086  7.821  16.026 0.0000000000
119990  12.195  -10.499  39.974 0.0000000000
119647  11.845  -9.877  40.431 0.0000000000
52904  10.155  -10.224  39.384 0.0000000000
52874  9.857  -10.071  40.086 0.0000000000
53966  5.162  -9.021  43.081 0.0000000000
53984  5.426  -9.286  42.365 0.0000000000
51796  4.256  -11.225  40.215 0.0000000000
52908  4.897  -10.866  39.766 0.0000000000
51834  3.977  -12.020  39.045 0.0000000000
51814  3.765  -11.762  39.808 0.0000000000
50742  2.693  -12.733  39.640 0.0000000000
50725  1.468  -12.513  41.534 0.0000000000
63465  26.066  0.862  30.909 0.0000000000
62500  27.465  -0.204  30.467 0.0000000000
61588  27.580  -1.678  29.819 0.0000000000
119892  20.655  -5.754  33.156 0.0000000000
57850  21.305  -4.869  32.581 0.0000000000
58773  21.058  -4.887  31.814 0.0000000000
58787  21.699  -4.831  31.512 0.0000000000
65430  23.915  2.088  24.811 0.0000000000
64485  23.317  1.678  24.806 0.0000000000
62614  22.576  -0.061  23.665 0.0000000000
72255  46.110  10.196  10.413 0.0000000000
71578  45.937  9.017  10.295 0.0000000000
70792  46.879  8.427  10.768 0.0000000000
68178  31.231  5.465  19.809 0.0000000000
105736  30.843  5.896  19.131 0.0000000000
67288  30.181  4.131  19.676 0.0000000000
124399  29.225  3.246  19.066 0.0000000000
65498  30.322  2.287  21.293 0.0000000000
116174  29.669  1.918  20.968 0.0000000000
65516  28.531  1.700  19.730 0.0000000000
124681  28.509  1.950  18.889 0.0000000000
67228  34.351  4.229  23.394 0.0000000000
106845  34.741  5.061  23.128 0.0000000000
68149  34.060  5.548  21.932 0.0000000000
68945  34.390  6.349  21.681 0.0000000000
68966  34.010  6.825  20.997 0.0000000000
105480  31.819  5.713  20.168 0.0000000000
56980  23.535  -6.435  38.191 0.0000000000
107513  24.156  -6.108  38.350 0.0000000000
56981  22.850  -6.598  37.634 0.0000000000
56128  21.543  -7.532  36.529 0.0000000000
56989  21.750  -6.766  36.109 0.0000000000
54087  20.168  -9.611  34.868 0.0000000000
55149  19.947  -9.333  34.078 0.0000000000
55163  19.945  -8.296  33.952 0.0000000000
115361  20.061  -7.313  33.747 0.0000000000
55190  18.867  -8.099  31.732 0.0000000000
55201  18.487  -8.518  30.328 0.0000000000
53070  15.260  -10.727  30.300 0.0000000000
53090  15.799  -11.014  29.751 0.0000000000
72205  39.990  11.113  16.068 0.0000000000
71538  39.685  10.240  14.189 0.0000000000
72237  40.112  10.379  14.756 0.0000000000
72236  41.016  9.875  14.974 0.0000000000
70772  37.481  9.052  12.135 0.0000000000
71566  38.735  9.728  13.096 0.0000000000
70769  40.465  8.565  12.333 0.0000000000
71564  41.018  8.796  12.983 0.0000000000
122251  41.781  8.628  13.051 0.0000000000
71563  42.369  8.735  13.475 0.0000000000
122840  42.204  8.118  12.092 0.0000000000
69924  43.447  7.454  11.618 0.0000000000
52996  16.369  -10.302  35.668 0.0000000000
52997  15.479  -10.135  35.551 0.0000000000
52973  15.806  -10.231  36.402 0.0000000000
52950  15.381  -10.442  37.778 0.0000000000
52951  14.463  -10.612  37.891 0.0000000000
52926  15.076  -10.557  38.640 0.0000000000
51812  16.947  -11.138  39.814 0.0000000000
52868  15.402  -10.473  40.553 0.0000000000
52900  14.474  -10.549  39.430 0.0000000000
118129  24.447  -6.397  39.530 0.0000000000
121116  21.771  -8.495  37.527 0.0000000000
52947  19.623  -11.505  37.561 0.0000000000
126476  20.394  -11.025  36.778 0.0000000000
52946  20.712  -10.556  36.845 0.0000000000
126262  19.725  -11.213  36.109 0.0000000000
52970  18.991  -11.407  36.122 0.0000000000
52971  17.355  -10.982  36.540 0.0000000000
112134  17.181  -10.775  35.737 0.0000000000
68191  29.645  5.156  18.207 0.0000000000
72208  36.286  11.627  16.230 0.0000000000
72907  37.655  11.648  15.842 0.0000000000
72226  37.108  11.502  15.458 0.0000000000
71520  33.795  9.608  16.571 0.0000000000
71519  34.216  10.134  15.951 0.0000000000
71529  34.305  9.969  15.186 0.0000000000
71542  34.578  9.695  14.422 0.0000000000
71541  35.360  9.991  14.164 0.0000000000
71555  34.922  9.353  13.619 0.0000000000
52998  14.609  -10.244  35.514 0.0000000000
52999  13.797  -10.604  35.558 0.0000000000
52976  12.423  -11.385  36.312 0.0000000000
52954  11.557  -11.467  37.928 0.0000000000
52979  9.667  -10.604  36.455 0.0000000000
52978  10.601  -10.995  36.439 0.0000000000
121688  10.152  -10.690  35.663 0.0000000000
125473  10.545  -10.657  35.023 0.0000000000
107826  9.816  -10.595  34.882 0.0000000000
53021  8.898  -10.701  34.723 0.0000000000
53004  7.741  -10.663  35.696 0.0000000000
53022  8.045  -10.950  35.005 0.0000000000
54003  8.083  -9.414  41.624 0.0000000000
109201  8.378  -9.572  40.844 0.0000000000
54027  8.560  -9.792  40.179 0.0000000000
54030  6.211  -9.656  41.271 0.0000000000
113333  6.090  -9.953  40.544 0.0000000000
124416  6.484  -10.186  38.693 0.0000000000
52907  6.847  -10.080  39.087 0.0000000000
52933  6.994  -10.092  38.373 0.0000000000
52906  7.725  -9.824  38.987 0.0000000000
52958  7.275  -10.152  37.449 0.0000000000
50719  0.246  -12.471  42.538 0.0000000000
50720  -0.813  -12.756  42.729 0.0000000000
66307  27.101  2.877  26.790 0.0000000000
66309  24.781  2.782  26.899 0.0000000000
66293  24.103  2.775  27.436 0.0000000000
118080  23.656  2.616  28.098 0.0000000000
65376  23.552  2.348  27.293 0.0000000000
64464  22.738  1.282  26.680 0.0000000000
64423  23.595  2.184  30.886 0.0000000000
63505  23.877  0.357  28.590 0.0000000000
63515  23.273  0.487  27.936 0.0000000000
123174  23.930  -0.775  27.540 0.0000000000
61634  24.333  -1.371  27.460 0.0000000000
61603  26.345  -1.564  28.885 0.0000000000
116058  26.107  -3.802  28.159 0.0000000000
124067  26.142  -2.951  28.311 0.0000000000
57898  25.228  -6.055  27.622 0.0000000000
57067  24.157  -6.918  27.018 0.0000000000
58692  24.977  -5.212  37.501 0.0000000000
119014  25.748  -4.515  36.284 0.0000000000
58702  26.260  -4.529  37.023 0.0000000000
125471  26.313  -4.396  36.400 0.0000000000
58738  23.545  -4.527  34.408 0.0000000000
58736  25.624  -4.513  34.541 0.0000000000
59726  27.405  -4.227  34.710 0.0000000000
59708  27.936  -3.867  35.393 0.0000000000
59725  28.108  -4.050  34.033 0.0000000000
59742  28.642  -3.624  33.294 0.0000000000
60668  29.062  -2.938  32.398 0.0000000000
59759  28.600  -3.302  31.708 0.0000000000
60680  28.781  -2.456  31.574 0.0000000000
111266  28.189  -3.954  31.435 0.0000000000
58801  26.948  -5.060  30.966 0.0000000000
58802  26.089  -5.267  30.734 0.0000000000
59777  27.179  -4.809  30.077 0.0000000000
104850  23.095  -5.288  30.978 0.0000000000
57875  23.096  -5.567  29.464 0.0000000000
108483  28.508  2.648  25.420 0.0000000000
65425  27.977  2.568  24.852 0.0000000000
111518  26.876  2.526  24.082 0.0000000000
110465  27.740  2.559  24.022 0.0000000000
65445  26.978  2.557  23.332 0.0000000000
65461  27.312  2.499  22.528 0.0000000000
65448  24.326  1.944  23.959 0.0000000000
65447  25.085  2.217  23.804 0.0000000000
64526  24.616  0.927  21.384 0.0000000000
108695  25.175  1.511  21.662 0.0000000000
108186  25.856  1.847  21.603 0.0000000000
72932  39.699  11.646  10.446 0.0000000000
72940  40.256  10.981  9.968 0.0000000000
72933  38.759  11.860  10.307 0.0000000000
69030  45.236  6.627  11.412 0.0000000000
65442  31.270  2.328  23.467 0.0000000000
119733  29.549  2.617  24.173 0.0000000000
53044  14.116  -10.347  32.007 0.0000000000
53032  13.430  -10.459  33.500 0.0000000000
53014  17.012  -10.566  34.441 0.0000000000
54119  15.995  -10.198  32.591 0.0000000000
54120  15.213  -10.103  32.413 0.0000000000
68999  30.924  6.824  16.930 0.0000000000
68985  32.906  7.016  19.854 0.0000000000
69875  33.354  7.679  19.547 0.0000000000
69876  32.577  7.525  19.147 0.0000000000
70736  32.886  8.261  18.145 0.0000000000
70743  32.757  8.312  17.330 0.0000000000
69889  32.263  7.829  17.835 0.0000000000
53998  12.307  -9.317  41.500 0.0000000000
109976  11.729  -9.417  40.906 0.0000000000
106075  11.683  -9.020  41.574 0.0000000000
52851  3.780  -10.741  41.754 0.0000000000
51797  3.568  -11.552  40.589 0.0000000000
51798  2.905  -11.917  40.963 0.0000000000
51786  1.908  -11.929  42.011 0.0000000000
51773  1.603  -11.647  42.744 0.0000000000
64410  27.672  1.288  32.470 0.0000000000
63463  27.889  0.237  31.123 0.0000000000
62499  28.130  -0.705  30.779 0.0000000000
57020  19.452  -6.527  31.973 0.0000000000
125693  19.805  -5.866  31.641 0.0000000000
57858  19.973  -5.447  30.994 0.0000000000
114524  19.683  -5.500  30.131 0.0000000000
110878  19.017  -6.286  29.127 0.0000000000
65389  22.944  1.696  26.118 0.0000000000
64475  22.873  1.379  25.284 0.0000000000
126283  22.625  0.929  25.452 0.0000000000
62605  22.487  -0.126  24.430 0.0000000000
71545  45.948  9.574  13.293 0.0000000000
72254  46.916  10.127  10.944 0.0000000000
114423  46.986  8.709  11.120 0.0000000000
121666  30.277  3.268  20.234 0.0000000000
117588  29.331  1.931  21.312 0.0000000000
108148  27.724  1.349  19.680 0.0000000000
67242  34.229  4.956  22.601 0.0000000000
68150  33.388  5.328  21.595 0.0000000000
68168  32.964  5.784  20.955 0.0000000000
50807  11.449  -12.207  32.302 0.0000000000
50800  9.584  -11.918  33.488 0.0000000000
56117  21.843  -7.745  37.323 0.0000000000
56141  20.714  -8.012  35.329 0.0000000000
54102  18.975  -10.472  32.820 0.0000000000
54117  19.247  -9.614  32.676 0.0000000000
55177  18.892  -9.185  31.963 0.0000000000
55176  19.272  -8.531  32.522 0.0000000000
53088  17.822  -10.746  29.590 0.0000000000
59810  23.978  -3.289  26.292 0.0000000000
72224  39.634  10.893  15.305 0.0000000000
70785  38.909  8.419  11.633 0.0000000000
70783  40.759  8.084  11.717 0.0000000000
117990  41.716  7.386  11.140 0.0000000000
52972  16.500  -10.520  36.932 0.0000000000
72209  35.435  11.167  16.210 0.0000000000
71530  33.729  9.571  15.608 0.0000000000
52975  13.525  -10.971  36.304 0.0000000000
125250  12.977  -11.325  36.303 0.0000000000
52931  10.391  -10.780  38.752 0.0000000000
52955  10.656  -11.161  38.057 0.0000000000
52981  7.517  -10.366  36.505 0.0000000000
124020  7.665  -9.565  41.004 0.0000000000
118137  6.164  -10.286  38.314 0.0000000000
66277  24.202  3.460  28.782 0.0000000000
106688  23.737  3.139  28.854 0.0000000000
65369  23.501  2.425  28.709 0.0000000000
64421  25.429  1.369  31.569 0.0000000000
64438  24.075  1.357  30.664 0.0000000000
62567  24.480  -0.327  28.319 0.0000000000
57816  23.344  -5.414  36.522 0.0000000000
58704  24.674  -4.971  36.752 0.0000000000
58705  24.033  -4.882  36.152 0.0000000000
111297  24.916  -4.640  36.176 0.0000000000
58721  24.491  -4.602  35.559 0.0000000000
58752  23.394  -4.510  33.554 0.0000000000
107214  24.316  -4.582  33.822 0.0000000000
58751  25.832  -4.563  33.757 0.0000000000
119211  26.650  -4.529  33.432 0.0000000000
59744  27.378  -4.347  33.794 0.0000000000
58767  26.712  -4.651  32.670 0.0000000000
59760  27.556  -4.501  32.070 0.0000000000
58784  25.939  -5.069  31.665 0.0000000000
123952  21.252  -5.468  29.374 0.0000000000
106368  21.967  -5.934  28.288 0.0000000000
57900  22.766  -6.140  27.741 0.0000000000
57901  21.957  -6.469  27.611 0.0000000000
65446  26.048  2.456  23.704 0.0000000000
64509  23.879  0.847  22.339 0.0000000000
64508  24.313  1.431  22.736 0.0000000000
64527  24.206  0.762  21.751 0.0000000000
72929  42.533  11.263  10.415 0.0000000000
72930  41.622  11.347  10.462 0.0000000000
66370  31.640  3.133  21.676 0.0000000000
65476  30.524  2.166  22.016 0.0000000000
65458  30.658  2.312  22.834 0.0000000000
65479  27.613  2.272  21.772 0.0000000000
121427  33.811  3.516  23.418 0.0000000000
106564  33.443  2.901  23.943 0.0000000000
53060  12.872  -11.141  31.939 0.0000000000
51896  12.091  -11.571  32.169 0.0000000000
54079  19.868  -10.368  34.994 0.0000000000
53029  19.219  -10.839  34.006 0.0000000000
108425  18.599  -11.025  33.418 0.0000000000
53058  14.749  -10.556  30.883 0.0000000000
71553  36.547  9.873  13.296 0.0000000000
71552  37.408  10.025  13.382 0.0000000000
71568  36.985  9.498  12.692 0.0000000000
51811  17.851  -11.375  39.503 0.0000000000
70720  35.227  8.757  19.877 0.0000000000
71500  35.369  9.800  18.794 0.0000000000
72193  35.104  10.157  17.970 0.0000000000
113004  34.943  10.707  17.059 0.0000000000
71509  34.334  9.833  17.441 0.0000000000
70754  32.652  8.404  15.569 0.0000000000
52901  12.580  -11.112  39.336 0.0000000000
52872  11.360  -10.438  39.925 0.0000000000
52903  10.831  -10.694  39.305 0.0000000000
106095  9.814  -9.978  38.843 0.0000000000
54005  5.619  -9.596  41.705 0.0000000000
52849  5.396  -10.076  41.061 0.0000000000
51833  4.549  -11.635  38.632 0.0000000000
50757  3.585  -12.663  38.577 0.0000000000
64412  25.751  1.583  32.268 0.0000000000
62526  26.100  -0.252  29.559 0.0000000000
61602  26.990  -1.638  29.292 0.0000000000
62524  27.690  -0.949  30.190 0.0000000000
59778  26.682  -5.125  29.775 0.0000000000
57837  21.560  -5.372  34.209 0.0000000000
58740  21.955  -4.734  33.743 0.0000000000
57851  20.756  -5.295  32.541 0.0000000000
58754  21.797  -4.688  32.970 0.0000000000
58753  22.515  -4.541  33.178 0.0000000000
58770  23.367  -4.665  32.663 0.0000000000
58786  22.427  -4.813  31.625 0.0000000000
121011  22.102  -5.033  30.933 0.0000000000
124196  21.769  -5.156  30.487 0.0000000000
57867  20.506  -5.224  30.413 0.0000000000
57866  21.358  -5.234  29.982 0.0000000000
57888  20.323  -5.929  28.603 0.0000000000
65406  24.636  2.367  25.191 0.0000000000
64486  22.975  1.167  24.310 0.0000000000
63550  23.406  1.178  23.549 0.0000000000
63566  23.320  0.694  22.942 0.0000000000
72921  43.000  11.908  10.983 0.0000000000
72927  44.543  11.380  10.474 0.0000000000
72928  43.496  11.386  10.468 0.0000000000
71579  45.047  9.703  9.784 0.0000000000
67305  29.761  4.815  18.919 0.0000000000
66390  30.672  2.884  20.851 0.0000000000
65515  28.951  2.530  19.203 0.0000000000
69852  34.381  7.519  20.646 0.0000000000
57783  25.415  -5.471  39.475 0.0000000000
115752  25.903  -4.928  39.170 0.0000000000
107112  24.553  -5.703  38.012 0.0000000000
107541  23.457  -5.750  37.181 0.0000000000
57817  22.805  -6.016  36.918 0.0000000000
56996  21.927  -6.008  35.578 0.0000000000
56151  20.895  -7.127  35.054 0.0000000000
118162  21.300  -6.222  34.778 0.0000000000
57008  20.338  -6.452  33.437 0.0000000000
56168  19.253  -7.470  32.308 0.0000000000
56174  18.934  -7.085  31.403 0.0000000000
55208  18.465  -8.338  29.433 0.0000000000
61636  22.978  -0.802  26.629 0.0000000000
71535  42.711  9.323  14.644 0.0000000000
71551  39.697  9.709  13.498 0.0000000000
71550  40.684  9.295  13.549 0.0000000000
112393  42.131  9.066  14.164 0.0000000000
71548  43.003  8.929  13.998 0.0000000000
71562  43.284  8.755  13.199 0.0000000000
70766  43.642  8.492  12.627 0.0000000000
70765  44.896  8.539  12.578 0.0000000000
126457  14.434  -10.224  34.194 0.0000000000
54080  15.049  -10.083  34.666 0.0000000000
124612  13.894  -10.902  37.748 0.0000000000
52927  13.769  -10.988  38.315 0.0000000000
52924  16.372  -10.760  38.537 0.0000000000
52925  15.782  -10.674  38.852 0.0000000000
113783  16.140  -10.788  40.161 0.0000000000
52899  15.403  -10.573  39.605 0.0000000000
105102  13.559  -10.858  39.223 0.0000000000
53997  13.047  -9.605  41.312 0.0000000000
56961  24.046  -6.409  38.898 0.0000000000
56106  22.981  -6.992  38.403 0.0000000000
56107  22.615  -7.691  38.587 0.0000000000
54069  21.550  -9.118  37.269 0.0000000000
54070  20.703  -9.876  36.282 0.0000000000
52993  19.658  -10.995  35.515 0.0000000000
114189  18.004  -11.314  35.830 0.0000000000
106366  29.871  5.726  17.794 0.0000000000
72896  39.595  11.471  16.637 0.0000000000
72206  39.044  11.412  15.933 0.0000000000
72897  38.112  11.735  16.441 0.0000000000
72240  37.604  11.082  14.742 0.0000000000
72228  35.267  10.775  15.458 0.0000000000
72229  34.684  10.396  15.524 0.0000000000
72241  35.856  10.692  14.689 0.0000000000
71540  36.160  10.271  13.932 0.0000000000
119998  13.735  -10.414  34.174 0.0000000000
114068  12.903  -10.587  34.092 0.0000000000
106694  11.981  -10.631  33.929 0.0000000000
53034  11.075  -10.697  33.745 0.0000000000
111599  12.034  -11.537  37.076 0.0000000000
52977  11.529  -11.278  36.358 0.0000000000
53020  10.430  -10.617  34.322 0.0000000000
51890  8.989  -11.553  33.961 0.0000000000
51879  8.504  -11.233  34.461 0.0000000000
50790  8.396  -12.066  34.364 0.0000000000
104840  8.763  -9.681  38.935 0.0000000000
54029  6.951  -9.762  40.612 0.0000000000
52875  6.466  -10.035  39.811 0.0000000000
51871  6.924  -10.801  35.929 0.0000000000
51774  0.767  -11.855  43.039 0.0000000000
50727  -0.223  -13.168  42.021 0.0000000000
119305  30.302  2.784  25.432 0.0000000000
65385  26.601  2.658  26.143 0.0000000000
65386  25.646  2.673  26.280 0.0000000000
105024  24.706  2.529  26.034 0.0000000000
65388  23.381  2.135  26.363 0.0000000000
65362  23.511  2.870  29.410 0.0000000000
64452  23.373  1.669  28.587 0.0000000000
63507  23.097  1.231  27.891 0.0000000000
63516  22.816  0.691  27.240 0.0000000000
62582  22.787  -0.053  26.768 0.0000000000
60718  24.038  -1.892  26.918 0.0000000000
60725  24.400  -2.748  26.889 0.0000000000
62545  25.806  -0.732  28.907 0.0000000000
61619  25.653  -1.542  28.452 0.0000000000
58863  25.416  -5.132  27.173 0.0000000000
57897  25.318  -5.827  27.123 0.0000000000
57048  25.355  -6.544  26.715 0.0000000000
57066  24.973  -7.183  26.882 0.0000000000
58682  25.981  -4.807  38.483 0.0000000000
58690  26.482  -4.522  38.018 0.0000000000
59663  27.214  -4.094  38.410 0.0000000000
59681  27.073  -4.167  37.462 0.0000000000
59692  28.445  -3.389  35.923 0.0000000000
58723  22.920  -4.699  34.882 0.0000000000
58720  25.410  -4.506  35.457 0.0000000000
59709  27.122  -4.157  35.622 0.0000000000
60635  29.079  -2.739  35.578 0.0000000000
60658  29.854  -2.032  33.525 0.0000000000
61552  29.666  -2.050  32.800 0.0000000000
61560  29.514  -1.290  32.540 0.0000000000
62486  29.021  -0.874  31.941 0.0000000000
61572  28.812  -1.572  31.540 0.0000000000
59769  28.097  -3.882  30.582 0.0000000000
59770  27.628  -4.614  31.187 0.0000000000
58804  24.094  -5.466  30.531 0.0000000000
57865  23.328  -5.464  30.194 0.0000000000
116642  25.073  -5.500  30.007 0.0000000000
117234  23.455  -6.467  27.287 0.0000000000
64525  26.677  1.898  21.230 0.0000000000
65463  25.404  2.197  22.966 0.0000000000
64507  24.945  1.739  22.460 0.0000000000
65480  26.218  2.114  21.937 0.0000000000
118361  46.304  7.749  11.731 0.0000000000
69921  47.086  7.333  11.148 0.0000000000
57042  18.831  -6.846  28.690 0.0000000000
57805  23.866  -5.947  37.726 0.0000000000
58772  21.815  -4.663  32.228 0.0000000000
63538  22.602  0.628  24.913 0.0000000000
107655  24.009  1.580  23.410 0.0000000000
110592  23.288  0.103  22.283 0.0000000000
116405  27.446  -4.407  32.959 0.0000000000
118308  29.258  -2.932  34.157 0.0000000000
118315  28.186  -3.851  34.718 0.0000000000
121674  36.587  10.712  14.292 0.0000000000
126410  37.174  10.864  14.288 0.0000000000
126536  23.812  2.695  27.754 0.0000000000
