#!ascii label  , from subject sub-v1s10x0051113_ses-1 vox2ras=TkReg
1269
7696  14.388  -75.769  -39.858 0.5000000000
16280  14.425  -64.855  -38.549 0.6000000238
16264  14.256  -64.822  -37.666 0.6000000238
17149  13.429  -64.503  -37.343 0.6000000238
16244  14.232  -64.920  -36.739 0.6999999881
17131  13.358  -64.714  -36.688 0.6000000238
16243  15.322  -65.601  -36.522 0.6999999881
16222  14.761  -65.015  -35.782 0.6000000238
12686  8.045  -69.519  -45.673 0.5000000000
10088  11.104  -72.303  -45.443 0.6000000238
10968  10.672  -71.143  -45.568 0.6000000238
11808  9.105  -70.333  -45.153 0.5000000000
9237  11.901  -75.003  -45.955 0.5000000000
10071  11.433  -73.700  -45.608 0.4000000060
119045  10.455  -71.648  -44.763 0.5000000000
10951  9.851  -70.838  -44.735 0.6000000238
17217  9.826  -64.426  -42.044 0.5000000000
137257  12.689  -73.959  -41.875 0.4000000060
17216  10.247  -63.537  -42.014 0.5000000000
16334  10.483  -65.363  -41.685 0.5000000000
18075  11.586  -63.009  -41.469 0.6000000238
128580  12.959  -63.616  -40.571 0.6000000238
16297  14.561  -65.019  -39.474 0.6000000238
16279  15.069  -65.710  -38.986 0.6999999881
17184  13.787  -64.156  -38.988 0.6000000238
16263  14.994  -65.555  -38.087 0.6999999881
15384  16.030  -67.068  -37.715 0.6000000238
15364  15.467  -66.148  -37.488 0.6999999881
14412  17.437  -67.693  -37.203 0.6000000238
14399  16.667  -67.330  -37.067 0.6000000238
15345  16.027  -66.594  -36.809 0.6999999881
15343  17.497  -66.985  -35.951 0.6999999881
17130  13.876  -64.847  -35.890 0.6000000238
13607  8.257  -68.739  -45.691 0.5000000000
12704  9.866  -69.805  -46.249 0.6000000238
12685  9.006  -69.337  -45.792 0.5000000000
10087  11.332  -73.422  -46.758 0.6000000238
10967  11.212  -71.961  -46.682 0.6999999881
11807  9.925  -70.280  -45.991 0.6000000238
8456  12.459  -75.407  -45.918 0.4000000060
18106  10.892  -62.959  -42.691 0.5000000000
17229  10.255  -63.261  -42.477 0.5000000000
7684  12.962  -75.490  -39.377 0.5000000000
18100  11.355  -62.663  -42.167 0.5000000000
17213  14.132  -64.620  -41.845 0.6999999881
18089  12.017  -62.815  -41.815 0.6000000238
16332  14.714  -65.325  -41.479 0.6999999881
123056  14.249  -64.576  -40.917 0.6000000238
17214  13.265  -63.968  -41.598 0.6000000238
16314  14.658  -65.202  -40.438 0.6999999881
17200  14.059  -64.383  -39.959 0.6000000238
16296  15.089  -65.893  -39.887 0.6999999881
141451  16.049  -67.463  -38.518 0.6000000238
14434  15.813  -67.310  -39.262 0.6000000238
125423  17.765  -67.955  -37.998 0.6000000238
15385  15.541  -66.582  -38.498 0.6000000238
14411  18.321  -67.707  -37.222 0.6000000238
14396  18.740  -67.298  -36.550 0.6999999881
17109  15.182  -64.808  -34.903 0.6999999881
17111  13.601  -65.018  -35.169 0.5000000000
15325  17.028  -66.366  -35.493 0.6999999881
16242  16.199  -66.089  -35.921 0.6999999881
17110  14.325  -64.843  -35.043 0.6000000238
13627  10.584  -69.230  -46.480 0.5000000000
13606  9.143  -68.724  -45.733 0.5000000000
14559  9.492  -67.966  -45.294 0.5000000000
126627  10.916  -70.767  -47.334 0.6999999881
13628  9.829  -69.350  -46.227 0.6000000238
9262  11.561  -74.325  -47.615 0.5000000000
10101  11.487  -72.924  -47.613 0.6999999881
10979  11.237  -71.487  -47.479 0.6999999881
10980  10.731  -70.898  -46.838 0.6000000238
11833  10.512  -70.332  -46.858 0.6000000238
8455  12.967  -75.285  -45.756 0.4000000060
9236  12.094  -75.186  -46.488 0.4000000060
9249  11.716  -74.614  -46.831 0.5000000000
16363  10.610  -64.377  -43.527 0.5000000000
17238  13.144  -64.450  -42.974 0.5000000000
17239  12.216  -63.760  -43.040 0.5000000000
18099  12.080  -63.014  -42.388 0.5000000000
16347  14.817  -65.815  -42.116 0.6000000238
17227  13.443  -64.353  -42.408 0.5000000000
15417  15.335  -66.973  -41.256 0.6999999881
14474  16.698  -68.085  -40.633 0.6000000238
14475  15.908  -67.666  -40.916 0.6999999881
16313  15.087  -66.058  -40.819 0.6999999881
14473  17.567  -68.112  -40.430 0.6000000238
14456  16.227  -67.647  -39.972 0.6000000238
15402  15.550  -66.890  -40.206 0.6999999881
14452  19.560  -67.440  -39.268 0.6999999881
14454  17.820  -68.071  -39.614 0.6000000238
129069  16.414  -67.900  -39.054 0.6000000238
15383  20.312  -67.051  -38.251 0.6000000238
14432  18.705  -67.798  -38.018 0.6999999881
16260  22.266  -65.274  -37.321 0.6000000238
15362  20.664  -66.571  -37.476 0.6000000238
14431  19.575  -67.464  -38.247 0.6999999881
119583  13.961  -64.362  -33.610 0.6000000238
15363  20.002  -66.880  -36.959 0.6999999881
16220  16.570  -65.603  -35.054 0.6999999881
17096  14.634  -64.584  -34.236 0.6000000238
17148  22.004  -64.702  -36.626 0.6999999881
16262  21.101  -65.961  -36.983 0.6000000238
15341  19.777  -66.389  -36.357 0.8000000119
125151  19.078  -66.671  -36.056 0.6999999881
15324  17.848  -66.359  -35.409 0.6999999881
16219  17.454  -65.700  -34.912 0.6999999881
13605  10.078  -68.626  -45.902 0.6000000238
11847  11.155  -70.994  -47.686 0.6999999881
12716  11.353  -70.387  -47.481 0.6999999881
12703  10.403  -69.906  -46.791 0.6000000238
140054  11.677  -74.052  -48.130 0.5000000000
10986  11.560  -71.902  -47.931 0.6999999881
133213  12.551  -74.655  -46.698 0.4000000060
9248  11.904  -75.027  -47.427 0.5000000000
16380  11.061  -65.454  -43.885 0.5000000000
16381  9.966  -65.169  -43.883 0.5000000000
16362  11.675  -64.630  -43.506 0.5000000000
16359  14.251  -65.403  -43.163 0.6000000238
14509  15.571  -67.585  -42.741 0.6000000238
138849  14.731  -65.778  -42.778 0.6999999881
17226  14.259  -64.996  -42.636 0.6999999881
14492  15.599  -67.766  -41.829 0.6999999881
15430  15.084  -66.825  -42.210 0.6999999881
14490  17.419  -68.206  -41.290 0.6000000238
14491  16.415  -68.193  -41.536 0.6000000238
118563  20.182  -66.726  -41.058 0.6999999881
122797  19.561  -67.134  -40.884 0.6999999881
14489  18.898  -67.457  -41.030 0.6999999881
18828  14.810  -62.958  -33.495 0.6000000238
15414  21.326  -66.287  -40.265 0.6000000238
15415  20.689  -66.672  -40.245 0.6999999881
14472  18.414  -67.827  -40.316 0.6999999881
17146  23.502  -64.302  -37.511 0.6000000238
17165  22.983  -65.034  -37.894 0.6000000238
16277  22.311  -65.657  -38.535 0.6000000238
16278  21.616  -66.188  -38.731 0.6000000238
15401  20.396  -66.967  -39.220 0.6999999881
135901  15.048  -63.606  -33.611 0.6000000238
17147  22.762  -64.525  -36.991 0.6000000238
15361  21.543  -65.982  -37.701 0.6000000238
17981  18.093  -64.147  -34.681 0.6999999881
17094  16.915  -64.068  -34.181 0.6000000238
133106  16.258  -64.276  -34.144 0.6999999881
17095  15.484  -64.410  -34.175 0.6000000238
18031  23.861  -63.383  -37.249 0.5000000000
17126  22.293  -63.787  -36.633 0.6000000238
17127  21.440  -64.295  -36.468 0.8000000119
17128  20.785  -64.793  -36.293 0.8000000119
17129  19.944  -64.619  -36.127 0.8000000119
141367  19.030  -65.590  -35.495 0.8000000119
16197  18.005  -64.998  -34.640 0.6999999881
140060  17.017  -64.887  -34.427 0.6999999881
16240  20.958  -65.457  -36.506 0.8000000119
16241  20.106  -65.475  -36.187 0.8000000119
12702  10.990  -69.791  -47.034 0.6999999881
13604  11.072  -68.480  -45.869 0.6999999881
14558  10.549  -67.878  -45.260 0.6999999881
10985  12.194  -72.070  -48.371 0.6999999881
14534  11.039  -67.151  -44.684 0.6000000238
10118  12.434  -73.093  -48.662 0.6000000238
15481  10.479  -66.209  -44.342 0.5000000000
15480  11.561  -66.353  -44.315 0.5000000000
22825  12.159  -58.231  -38.305 0.6000000238
16379  12.115  -65.657  -43.813 0.5000000000
142512  12.804  -59.329  -37.908 0.5000000000
16378  13.105  -65.765  -43.788 0.5000000000
131839  14.170  -60.281  -37.375 0.6000000238
15476  14.955  -66.927  -43.922 0.6999999881
15460  13.945  -65.893  -43.691 0.6000000238
15458  15.091  -66.779  -43.163 0.6999999881
19755  14.901  -60.936  -35.939 0.6000000238
14507  17.228  -68.190  -42.148 0.6999999881
14508  16.247  -68.109  -42.400 0.6000000238
15428  20.381  -66.369  -41.974 0.6999999881
15429  19.566  -66.989  -41.761 0.6999999881
14506  18.463  -67.749  -41.957 0.6999999881
18854  15.805  -62.003  -34.544 0.6000000238
129529  15.179  -61.401  -35.080 0.6000000238
16312  20.974  -66.210  -41.181 0.6000000238
18853  16.726  -62.091  -35.234 0.6000000238
137485  14.313  -62.208  -33.857 0.6000000238
16310  23.102  -65.228  -40.511 0.6000000238
16294  22.634  -65.543  -39.761 0.6000000238
18852  17.589  -62.635  -35.540 0.6999999881
133150  16.899  -63.391  -34.254 0.6000000238
125066  15.935  -62.732  -33.924 0.6000000238
17164  23.638  -64.708  -38.598 0.6000000238
18034  19.801  -63.533  -36.788 0.6000000238
18013  19.099  -63.582  -36.203 0.6000000238
17996  18.596  -63.834  -35.334 0.6999999881
17997  17.930  -63.361  -35.007 0.6000000238
17983  16.265  -63.496  -33.929 0.6000000238
18033  20.445  -63.175  -37.087 0.6000000238
18012  19.733  -64.027  -36.253 0.8000000119
18032  21.376  -63.439  -36.660 0.6000000238
18011  20.549  -63.990  -36.416 0.6999999881
17108  18.658  -64.612  -35.125 0.8000000119
133495  12.173  -70.185  -47.458 0.6999999881
13625  12.508  -68.916  -46.414 0.6999999881
13603  12.051  -68.363  -45.813 0.6999999881
10984  12.942  -71.228  -48.153 0.6999999881
11846  11.915  -71.019  -47.904 0.6999999881
14557  11.566  -67.759  -45.274 0.6000000238
23909  13.203  -57.491  -38.777 0.6000000238
24979  12.720  -56.949  -38.223 0.6000000238
23923  13.049  -58.305  -39.211 0.6000000238
23910  12.576  -57.804  -38.677 0.6000000238
15479  12.571  -66.409  -44.286 0.6000000238
21765  12.883  -59.020  -39.122 0.5000000000
14530  14.671  -67.227  -44.565 0.6999999881
15477  14.290  -66.600  -44.096 0.6999999881
20731  14.394  -60.008  -39.267 0.4000000060
21755  13.195  -59.453  -38.499 0.5000000000
14521  16.249  -67.840  -43.291 0.6999999881
14522  15.568  -67.468  -43.645 0.8000000119
20711  14.702  -60.360  -38.037 0.5000000000
131084  17.099  -67.865  -42.976 0.6000000238
20710  15.500  -60.746  -37.607 0.6000000238
15445  19.310  -67.009  -42.562 0.6999999881
141601  17.938  -67.738  -42.725 0.6999999881
141131  16.863  -61.624  -36.981 0.6999999881
19754  15.646  -61.036  -36.575 0.6000000238
16330  21.030  -65.932  -42.176 0.6999999881
15443  20.593  -66.114  -42.782 0.6999999881
19752  17.561  -62.073  -37.368 0.5000000000
121379  15.806  -61.445  -35.570 0.6000000238
16328  22.771  -65.343  -41.453 0.6000000238
128134  22.048  -65.553  -41.581 0.6000000238
120726  21.483  -65.792  -41.647 0.6999999881
18867  17.216  -62.011  -36.276 0.6999999881
16311  22.410  -65.515  -40.744 0.6000000238
140945  22.188  -65.737  -40.263 0.6000000238
18887  18.819  -62.863  -37.688 0.5000000000
18866  17.937  -62.544  -36.499 0.6000000238
16293  23.359  -65.094  -39.579 0.6000000238
18886  20.209  -62.531  -38.151 0.6000000238
125646  19.565  -62.976  -37.801 0.5000000000
18014  18.332  -63.122  -35.829 0.6999999881
130472  21.757  -61.925  -37.348 0.6000000238
12700  12.975  -69.565  -47.005 0.6999999881
13602  13.002  -68.273  -45.774 0.6000000238
14556  12.528  -67.672  -45.276 0.6000000238
138797  14.045  -57.054  -38.066 0.4000000060
24965  13.712  -56.689  -37.512 0.5000000000
14532  12.999  -67.074  -44.723 0.6000000238
23922  13.654  -58.014  -39.335 0.5000000000
24967  12.227  -56.428  -37.582 0.6000000238
14554  14.328  -67.620  -45.166 0.6999999881
14553  15.113  -67.679  -45.069 0.6999999881
15478  13.500  -66.456  -44.227 0.6000000238
20747  13.976  -59.463  -39.689 0.5000000000
14529  16.280  -67.731  -44.275 0.6999999881
20745  15.129  -60.241  -39.932 0.4000000060
15474  20.018  -66.566  -44.521 0.6999999881
133211  19.495  -66.692  -44.082 0.6999999881
126580  18.698  -67.106  -44.207 0.6999999881
20730  15.284  -60.523  -38.769 0.6000000238
15454  21.456  -66.069  -43.539 0.6999999881
136630  20.897  -66.261  -43.857 0.6999999881
128677  18.768  -67.246  -42.980 0.6999999881
14519  18.088  -67.444  -43.532 0.6999999881
123888  16.803  -61.252  -38.935 0.5000000000
120578  16.244  -61.194  -37.234 0.5000000000
16345  21.907  -65.721  -42.959 0.6000000238
16346  21.217  -65.879  -42.913 0.6999999881
15455  20.782  -66.149  -43.396 0.6999999881
15444  19.944  -66.476  -42.649 0.6999999881
19776  16.849  -61.483  -37.862 0.5000000000
16327  23.661  -65.014  -41.233 0.5000000000
125062  23.174  -65.346  -42.131 0.6000000238
16329  21.658  -65.689  -42.311 0.6000000238
12699  14.022  -69.339  -46.811 0.6999999881
13624  13.501  -68.822  -46.340 0.6999999881
23896  14.467  -57.121  -37.502 0.4000000060
13623  14.469  -68.782  -46.177 0.6999999881
14555  13.449  -67.623  -45.241 0.6999999881
24953  14.082  -56.772  -36.835 0.4000000060
13601  13.927  -68.236  -45.684 0.6999999881
120603  12.815  -56.222  -36.499 0.6000000238
133962  15.875  -67.795  -45.019 0.8000000119
138300  15.514  -68.131  -45.432 0.6999999881
14551  17.632  -67.684  -45.257 0.6000000238
14552  16.704  -67.808  -45.113 0.6000000238
23852  12.054  -56.518  -34.558 0.6000000238
15475  19.226  -66.998  -44.774 0.6999999881
14527  18.244  -67.338  -44.775 0.6999999881
14528  17.286  -67.590  -44.609 0.6000000238
15473  20.687  -66.397  -44.343 0.6000000238
16377  21.976  -66.211  -43.980 0.6000000238
23835  11.152  -56.647  -33.508 0.5000000000
16344  22.722  -65.591  -42.897 0.6000000238
16358  22.265  -65.919  -43.472 0.6999999881
16343  23.724  -65.541  -42.777 0.5000000000
13622  15.499  -68.736  -45.991 0.6999999881
23869  14.456  -57.117  -36.040 0.4000000060
13599  16.208  -68.274  -45.541 0.8000000119
24941  13.597  -56.622  -36.265 0.5000000000
14572  18.000  -68.067  -45.863 0.8000000119
23850  13.172  -57.241  -34.844 0.4000000060
119293  13.821  -57.171  -35.437 0.4000000060
13598  17.091  -68.226  -45.696 0.6999999881
23833  12.533  -57.373  -34.177 0.4000000060
23870  13.035  -56.567  -35.670 0.5000000000
15492  21.174  -66.502  -44.784 0.6000000238
15494  19.857  -66.816  -45.050 0.6000000238
14549  19.393  -67.292  -45.458 0.6999999881
22763  12.184  -58.023  -33.268 0.4000000060
123703  21.850  -66.462  -44.538 0.6000000238
15472  21.311  -66.313  -44.149 0.6000000238
23820  10.693  -57.411  -32.681 0.4000000060
24920  11.542  -55.988  -34.383 0.6000000238
124099  23.273  -65.852  -43.540 0.6000000238
16341  24.975  -65.023  -43.012 0.5000000000
23849  14.709  -57.674  -35.189 0.4000000060
13621  16.524  -68.764  -46.164 0.8000000119
22783  13.995  -57.891  -34.500 0.4000000060
13620  17.449  -68.657  -46.347 0.6999999881
22784  13.249  -57.860  -34.132 0.4000000060
14570  19.691  -67.734  -46.087 0.6000000238
14550  18.567  -67.481  -45.356 0.6999999881
15493  20.482  -66.608  -44.976 0.6000000238
14548  20.175  -67.132  -45.536 0.6000000238
22744  12.607  -58.919  -32.680 0.4000000060
22764  11.448  -57.731  -32.998 0.4000000060
134189  23.223  -66.171  -44.130 0.6000000238
22746  11.043  -58.478  -32.228 0.4000000060
16375  24.023  -66.008  -44.123 0.4000000060
124112  14.808  -58.280  -34.441 0.4000000060
13619  18.337  -68.575  -46.562 0.6999999881
22761  14.484  -58.657  -33.728 0.4000000060
13618  19.190  -68.381  -46.607 0.6999999881
14571  18.852  -67.868  -46.005 0.6000000238
126368  13.697  -58.482  -33.609 0.4000000060
14546  21.816  -66.767  -45.164 0.6000000238
14547  21.071  -66.985  -45.530 0.6000000238
22745  11.839  -58.711  -32.456 0.4000000060
15490  23.190  -66.735  -45.063 0.6000000238
22731  10.627  -59.173  -31.448 0.3000000119
15470  23.645  -66.387  -44.630 0.4000000060
123527  24.851  -65.750  -44.147 0.4000000060
15469  24.699  -66.257  -44.726 0.4000000060
22743  13.358  -59.080  -32.880 0.4000000060
21683  13.069  -59.661  -32.097 0.4000000060
14545  22.680  -67.159  -45.538 0.6000000238
14544  23.723  -67.293  -45.623 0.6000000238
134181  25.032  -66.809  -45.348 0.4000000060
14543  25.462  -67.582  -45.869 0.5000000000
133932  25.493  -66.393  -44.974 0.4000000060
23754  9.775  -58.475  -28.882 0.3000000119
15488  25.879  -66.936  -45.385 0.4000000060
136268  16.414  -59.772  -32.436 0.4000000060
22692  12.055  -58.927  -29.522 0.3000000119
24854  8.566  -56.490  -28.431 0.4000000060
131143  18.135  -59.586  -31.961 0.4000000060
21646  16.413  -59.611  -30.961 0.4000000060
22691  12.953  -58.725  -29.774 0.3000000119
22711  13.853  -59.050  -30.136 0.3000000119
24852  10.024  -57.483  -28.789 0.3000000119
23768  10.778  -58.049  -29.080 0.3000000119
24853  9.358  -56.921  -28.596 0.3000000119
21645  17.106  -59.437  -30.923 0.4000000060
22708  16.574  -58.981  -30.578 0.4000000060
22710  14.529  -59.250  -30.450 0.4000000060
23766  12.233  -57.931  -29.540 0.3000000119
23767  11.447  -57.261  -29.309 0.3000000119
27956  7.394  -52.578  -29.267 0.4000000060
29919  7.376  -50.238  -29.093 0.3000000119
30850  8.101  -49.985  -29.784 0.3000000119
24867  10.170  -56.341  -28.991 0.3000000119
25950  9.285  -55.890  -28.783 0.3000000119
23780  16.301  -57.945  -30.374 0.4000000060
143201  15.858  -58.726  -30.457 0.4000000060
23782  14.556  -58.336  -30.267 0.3000000119
23784  12.983  -57.492  -29.878 0.3000000119
24865  12.326  -56.806  -29.726 0.3000000119
26977  7.923  -53.742  -29.065 0.3000000119
136137  11.746  -56.272  -29.635 0.3000000119
28973  8.249  -51.274  -30.096 0.3000000119
25970  10.662  -55.477  -29.521 0.3000000119
28972  8.957  -51.407  -30.569 0.4000000060
29932  8.376  -50.482  -30.232 0.3000000119
29930  9.621  -50.954  -31.123 0.3000000119
30869  8.682  -49.974  -30.356 0.3000000119
23781  15.407  -58.122  -30.357 0.4000000060
24884  14.218  -57.235  -30.331 0.4000000060
24885  13.557  -57.069  -30.171 0.3000000119
27955  8.251  -52.999  -29.594 0.4000000060
24886  13.037  -56.457  -30.210 0.3000000119
26992  9.941  -53.717  -30.100 0.3000000119
28957  8.604  -52.257  -30.081 0.4000000060
27970  9.444  -52.673  -30.399 0.4000000060
29943  10.220  -50.487  -31.707 0.3000000119
24883  15.587  -57.092  -30.520 0.4000000060
25991  14.761  -56.391  -30.688 0.4000000060
118830  13.819  -56.320  -30.495 0.4000000060
25992  13.261  -55.546  -30.599 0.4000000060
25968  12.335  -55.696  -30.138 0.3000000119
26990  11.741  -54.697  -30.401 0.3000000119
26991  10.857  -54.042  -30.362 0.3000000119
132244  11.012  -53.302  -30.786 0.3000000119
28984  11.139  -52.108  -31.756 0.5000000000
28971  9.889  -52.038  -30.899 0.4000000060
28985  10.376  -51.535  -31.506 0.4000000060
31835  10.404  -49.541  -31.564 0.3000000119
25990  15.748  -56.014  -30.920 0.4000000060
26002  14.133  -55.495  -30.879 0.4000000060
27006  13.571  -54.682  -31.116 0.3000000119
27981  12.587  -53.540  -31.476 0.3000000119
27994  12.916  -53.004  -32.180 0.3000000119
28996  13.221  -52.480  -33.084 0.3000000119
26989  12.684  -54.807  -30.714 0.3000000119
27007  12.897  -54.196  -31.167 0.3000000119
123345  11.976  -53.444  -31.262 0.3000000119
27995  12.005  -52.673  -31.852 0.3000000119
28997  12.204  -52.173  -32.950 0.3000000119
27968  11.561  -53.784  -30.821 0.3000000119
28998  11.480  -51.691  -32.618 0.3000000119
29942  10.875  -51.123  -32.237 0.3000000119
31834  11.091  -49.486  -32.033 0.3000000119
25987  18.649  -55.712  -30.401 0.3000000119
25988  17.615  -55.628  -30.700 0.3000000119
136350  16.150  -55.556  -31.160 0.3000000119
27004  15.999  -54.623  -31.970 0.3000000119
27014  15.489  -53.921  -32.321 0.3000000119
140666  14.728  -52.864  -33.396 0.3000000119
26000  15.743  -55.218  -31.410 0.3000000119
27015  14.738  -53.848  -32.160 0.3000000119
27992  14.881  -53.266  -32.797 0.3000000119
29009  13.646  -51.943  -33.872 0.3000000119
29010  12.506  -51.445  -33.732 0.3000000119
121798  11.722  -51.334  -33.344 0.3000000119
29953  11.792  -50.627  -33.513 0.3000000119
29955  10.906  -50.433  -32.381 0.3000000119
30896  11.331  -50.098  -32.779 0.3000000119
132341  20.154  -55.196  -30.120 0.3000000119
141349  16.996  -55.356  -30.960 0.3000000119
25999  16.498  -55.129  -31.318 0.3000000119
27013  16.273  -53.870  -32.367 0.3000000119
27991  15.747  -53.312  -32.891 0.3000000119
29964  14.174  -51.491  -34.538 0.3000000119
29965  13.240  -50.994  -34.156 0.3000000119
30913  13.044  -50.226  -33.816 0.3000000119
123780  12.641  -49.323  -31.446 0.3000000119
28001  15.990  -52.792  -33.552 0.3000000119
29007  15.446  -52.480  -34.105 0.3000000119
138700  14.601  -50.063  -34.226 0.3000000119
31870  12.981  -49.701  -33.348 0.3000000119
31854  12.572  -49.425  -32.576 0.3000000119
31853  13.586  -49.391  -32.763 0.3000000119
29005  16.988  -51.870  -33.711 0.3000000119
29963  15.160  -51.857  -34.687 0.3000000119
30911  14.824  -50.804  -34.657 0.3000000119
28993  17.390  -52.147  -32.947 0.3000000119
29952  17.619  -51.151  -33.265 0.3000000119
29974  15.814  -51.015  -34.633 0.3000000119
30910  15.458  -49.989  -34.412 0.3000000119
31868  14.943  -49.566  -33.710 0.3000000119
31852  14.534  -49.296  -32.918 0.3000000119
31831  14.303  -49.289  -31.982 0.3000000119
7683  13.666  -75.229  -39.235 0.5000000000
8371  12.736  -74.848  -39.545 0.5000000000
8387  12.503  -74.983  -40.419 0.4000000060
127393  14.861  -65.408  -37.305 0.6999999881
16221  15.651  -65.348  -35.460 0.6999999881
8446  13.289  -74.692  -45.134 0.4000000060
9169  12.607  -74.114  -40.031 0.5000000000
14433  17.231  -68.143  -38.857 0.6000000238
16360  13.589  -65.183  -43.327 0.5000000000
14453  18.707  -67.790  -39.497 0.6000000238
129913  15.393  -67.504  -44.441 0.8000000119
14531  13.888  -67.088  -44.670 0.6999999881
14520  17.122  -67.675  -43.820 0.6000000238
16326  24.052  -65.213  -42.095 0.5000000000
121020  19.592  -66.626  -43.321 0.6999999881
23834  11.788  -57.086  -33.846 0.4000000060
16342  24.657  -64.851  -42.306 0.5000000000
15491  22.411  -66.663  -44.933 0.6000000238
16357  24.423  -65.598  -43.428 0.4000000060
14569  20.577  -67.671  -46.153 0.6000000238
14568  21.506  -67.686  -46.220 0.6000000238
22730  11.455  -59.382  -31.643 0.3000000119
15489  24.140  -66.739  -45.209 0.4000000060
134185  24.604  -67.353  -45.699 0.4000000060
21661  16.777  -59.754  -31.514 0.4000000060
125207  19.209  -55.049  -30.215 0.3000000119
12710  19.783  -69.435  -47.727 0.5000000000
122294  19.019  -69.373  -47.593 0.5000000000
13633  18.224  -69.417  -47.463 0.6999999881
12711  17.298  -69.636  -47.447 0.6999999881
12697  15.940  -69.277  -46.705 0.6000000238
13632  19.500  -68.879  -47.193 0.5000000000
134418  18.765  -68.940  -47.099 0.6000000238
12696  16.900  -69.214  -46.819 0.6000000238
122173  13.800  -70.461  -47.720 0.6000000238
12715  12.914  -70.376  -47.595 0.6000000238
11842  17.811  -70.200  -48.092 0.6999999881
11844  15.729  -70.334  -47.880 0.6000000238
11845  14.752  -70.419  -47.785 0.6000000238
11843  16.728  -70.280  -47.975 0.6999999881
12713  15.371  -69.750  -47.328 0.6000000238
137740  13.656  -69.857  -47.309 0.6000000238
13631  20.304  -68.954  -47.315 0.5000000000
10993  16.436  -72.012  -48.955 0.6999999881
10994  15.369  -71.963  -48.909 0.6999999881
10995  14.280  -72.056  -48.864 0.6000000238
11853  17.100  -71.075  -48.557 0.6000000238
11854  16.074  -71.032  -48.474 0.6999999881
11855  15.047  -71.118  -48.348 0.6000000238
128873  19.064  -71.510  -48.832 0.6000000238
131291  21.866  -69.236  -47.438 0.5000000000
13617  20.035  -68.336  -46.683 0.5000000000
10992  17.482  -72.190  -49.036 0.6999999881
10114  15.722  -73.001  -49.458 0.6000000238
10996  13.125  -72.339  -48.766 0.6000000238
12707  22.639  -70.202  -47.989 0.5000000000
13616  21.045  -68.473  -46.850 0.5000000000
138359  24.890  -69.905  -47.462 0.5000000000
13630  22.861  -69.325  -47.414 0.5000000000
12695  24.990  -68.875  -47.051 0.4000000060
143523  13.088  -64.462  -37.231 0.4000000060
17166  13.534  -64.237  -38.118 0.4000000060
17150  12.915  -64.199  -37.868 0.4000000060
17185  12.893  -63.695  -38.650 0.5000000000
125485  13.097  -63.577  -39.504 0.5000000000
18062  12.080  -63.365  -39.270 0.5000000000
13614  23.104  -68.472  -46.838 0.5000000000
18074  12.292  -63.258  -39.675 0.5000000000
14493  11.356  -67.257  -41.485 0.6000000238
129708  24.025  -68.545  -46.826 0.4000000060
137916  11.934  -63.268  -41.102 0.5000000000
17201  11.732  -63.614  -40.810 0.5000000000
15431  11.483  -66.075  -41.271 0.5000000000
17167  12.596  -64.597  -37.989 0.5000000000
18050  12.503  -63.751  -38.759 0.5000000000
16298  12.328  -65.280  -38.574 0.5000000000
17186  12.028  -64.023  -38.855 0.5000000000
15404  12.320  -66.232  -39.214 0.5000000000
17187  11.770  -63.752  -39.703 0.5000000000
16299  11.889  -64.859  -39.464 0.5000000000
15418  12.009  -66.104  -40.324 0.5000000000
14566  23.386  -67.771  -46.237 0.5000000000
16315  11.582  -64.701  -40.710 0.5000000000
13612  26.959  -69.178  -47.007 0.4000000060
134381  25.326  -68.178  -46.513 0.4000000060
14564  26.185  -68.292  -46.519 0.4000000060
16199  13.695  -64.921  -34.306 0.5000000000
15403  12.433  -66.373  -38.409 0.5000000000
14567  22.431  -67.714  -46.246 0.5000000000
138777  24.940  -67.759  -46.068 0.4000000060
17968  14.415  -63.653  -33.425 0.5000000000
17950  12.833  -63.723  -32.810 0.5000000000
17951  12.046  -63.703  -32.571 0.5000000000
16182  13.165  -64.835  -33.630 0.5000000000
128184  14.013  -62.910  -33.339 0.5000000000
18829  13.096  -62.874  -33.128 0.5000000000
136935  13.543  -62.348  -33.627 0.5000000000
19696  12.764  -62.098  -33.759 0.5000000000
18812  11.694  -62.991  -32.685 0.5000000000
17071  10.643  -64.237  -32.603 0.4000000060
19716  13.422  -61.766  -34.218 0.5000000000
18831  11.359  -62.321  -33.213 0.6000000238
18813  10.811  -62.846  -32.681 0.6000000238
119721  14.076  -61.582  -34.523 0.5000000000
19735  12.494  -60.998  -35.447 0.5000000000
19717  12.439  -61.439  -34.616 0.5000000000
19698  11.044  -61.647  -33.728 0.6000000238
18832  10.511  -62.136  -33.088 0.6000000238
17954  9.017  -63.567  -32.588 0.6000000238
17073  8.921  -64.114  -32.747 0.5000000000
17970  8.078  -63.886  -33.640 0.5000000000
17999  8.071  -63.361  -35.048 0.5000000000
20670  13.904  -60.807  -35.927 0.5000000000
20690  13.522  -60.302  -36.801 0.5000000000
20672  12.207  -60.375  -35.902 0.5000000000
20655  11.892  -60.917  -35.198 0.5000000000
136679  11.676  -60.267  -35.415 0.6000000238
19699  10.182  -61.386  -33.422 0.6000000238
18833  9.569  -62.060  -32.859 0.6000000238
17955  8.250  -63.592  -32.871 0.6000000238
17971  7.727  -63.115  -33.375 0.5000000000
22766  6.623  -58.400  -34.372 0.5000000000
18869  7.669  -62.075  -35.549 0.5000000000
20689  14.293  -60.584  -36.586 0.5000000000
20713  13.048  -59.709  -37.453 0.5000000000
20692  12.165  -59.656  -36.506 0.6000000238
20673  11.598  -59.537  -35.960 0.6000000238
21727  10.943  -59.119  -35.670 0.6000000238
20643  9.954  -60.484  -33.755 0.6000000238
20657  10.615  -60.035  -34.509 0.6000000238
19700  9.080  -61.152  -33.144 0.6000000238
19685  8.556  -62.126  -32.771 0.6000000238
18834  7.521  -62.321  -33.379 0.5000000000
18844  7.355  -62.479  -34.013 0.5000000000
19720  6.891  -61.669  -33.898 0.5000000000
137197  6.585  -61.038  -33.762 0.5000000000
19736  6.926  -61.636  -34.832 0.5000000000
19737  6.517  -60.708  -35.131 0.5000000000
21757  12.003  -58.639  -37.595 0.6000000238
21741  10.988  -58.667  -36.510 0.6000000238
129622  10.323  -58.490  -35.831 0.6000000238
22804  9.696  -57.558  -36.086 0.6000000238
21714  10.465  -59.162  -35.046 0.6000000238
20658  9.673  -59.350  -34.230 0.6000000238
22785  9.687  -58.347  -35.079 0.6000000238
141000  8.466  -60.628  -33.238 0.5000000000
21701  8.731  -59.183  -33.667 0.5000000000
19702  7.252  -61.490  -33.383 0.5000000000
21702  8.043  -58.437  -33.607 0.5000000000
23836  8.033  -57.395  -34.182 0.6000000238
21703  7.311  -59.008  -33.596 0.5000000000
22765  7.528  -57.806  -33.959 0.5000000000
23855  7.529  -57.023  -34.798 0.5000000000
24934  7.323  -56.762  -34.684 0.5000000000
22816  10.344  -57.564  -36.716 0.6000000238
23871  10.243  -56.243  -36.525 0.6000000238
22786  9.112  -57.309  -35.411 0.6000000238
21715  8.751  -58.173  -34.304 0.6000000238
23854  8.057  -56.303  -35.201 0.6000000238
24933  7.820  -56.129  -35.138 0.5000000000
23885  10.744  -56.204  -36.775 0.6000000238
22787  8.471  -57.093  -34.967 0.6000000238
24932  8.125  -55.146  -35.883 0.6000000238
26027  7.875  -54.908  -35.207 0.5000000000
24929  11.924  -55.678  -35.134 0.6000000238
24943  11.556  -55.362  -35.660 0.6000000238
24945  9.908  -54.952  -36.063 0.6000000238
23853  8.859  -55.934  -35.897 0.6000000238
26026  8.432  -54.207  -35.340 0.5000000000
24930  11.247  -54.895  -35.031 0.6000000238
24921  10.995  -55.331  -33.960 0.6000000238
24931  9.146  -54.347  -36.066 0.6000000238
26009  10.197  -54.985  -33.355 0.6000000238
26010  9.369  -54.548  -32.676 0.5000000000
24913  9.727  -55.847  -32.510 0.4000000060
12714  14.445  -69.789  -47.308 0.6000000238
12712  16.334  -69.724  -47.370 0.6999999881
13615  22.117  -68.426  -46.837 0.5000000000
12706  23.657  -70.478  -47.982 0.5000000000
13629  23.933  -69.498  -47.380 0.5000000000
20656  11.308  -60.553  -34.829 0.6000000238
20674  11.177  -59.741  -35.185 0.6000000238
19701  7.937  -61.164  -33.081 0.6000000238
20645  8.030  -59.841  -33.293 0.5000000000
24956  11.093  -55.530  -36.217 0.6000000238
23872  9.651  -56.182  -36.258 0.6000000238
26015  10.390  -54.446  -34.500 0.6000000238
27024  8.705  -53.859  -33.061 0.6000000238
7695  15.502  -75.433  -40.157 0.4000000060
7670  16.821  -75.871  -38.210 0.5000000000
8352  16.045  -74.565  -37.759 0.5000000000
7672  15.757  -74.779  -38.656 0.4000000060
7681  15.661  -75.121  -39.499 0.4000000060
8369  14.131  -74.502  -38.864 0.4000000060
7682  14.805  -75.075  -39.421 0.4000000060
8338  15.830  -73.663  -37.286 0.5000000000
8337  16.499  -74.335  -36.989 0.5000000000
124034  14.739  -73.874  -38.448 0.5000000000
8354  13.807  -73.738  -38.746 0.5000000000
9117  15.837  -72.884  -37.105 0.5000000000
9118  15.181  -72.915  -37.785 0.5000000000
9982  14.074  -72.466  -38.694 0.5000000000
140073  13.251  -72.887  -39.224 0.5000000000
9150  13.176  -73.581  -39.076 0.4000000060
9168  12.858  -73.226  -39.745 0.4000000060
9980  15.335  -71.908  -37.907 0.5000000000
9981  14.654  -72.256  -38.348 0.5000000000
10881  14.776  -71.502  -39.523 0.5000000000
10005  13.692  -72.345  -39.117 0.5000000000
125195  13.361  -72.369  -39.760 0.5000000000
9186  12.741  -73.431  -40.783 0.4000000060
10108  12.347  -74.209  -48.612 0.5000000000
9261  11.937  -74.913  -48.108 0.4000000060
9247  12.367  -75.149  -47.836 0.4000000060
10100  13.413  -73.602  -46.961 0.4000000060
9225  13.385  -73.810  -45.598 0.4000000060
10899  14.522  -71.521  -40.359 0.5000000000
129523  13.329  -73.300  -44.381 0.4000000060
121467  13.165  -73.605  -43.507 0.4000000060
9205  13.027  -73.169  -42.616 0.4000000060
124724  15.026  -71.387  -41.020 0.4000000060
10900  13.762  -71.879  -40.481 0.5000000000
10035  13.045  -72.808  -41.610 0.4000000060
10019  13.148  -72.533  -40.607 0.4000000060
9260  12.964  -74.708  -48.581 0.4000000060
10086  13.651  -72.990  -45.884 0.4000000060
128415  13.632  -72.472  -44.817 0.4000000060
10914  15.769  -71.523  -41.210 0.4000000060
10058  13.266  -72.559  -43.335 0.4000000060
10915  14.978  -71.438  -41.970 0.4000000060
133652  14.014  -71.626  -42.167 0.4000000060
10049  13.374  -72.189  -42.381 0.4000000060
10917  13.565  -72.000  -41.399 0.4000000060
10117  12.908  -73.766  -49.228 0.5000000000
9269  13.248  -74.681  -49.302 0.4000000060
9259  14.040  -75.030  -48.743 0.4000000060
9245  14.774  -73.811  -47.938 0.4000000060
10085  14.214  -72.371  -46.009 0.4000000060
10966  14.002  -71.977  -45.108 0.4000000060
10949  14.493  -71.561  -44.503 0.4000000060
10070  13.473  -72.185  -43.996 0.4000000060
10928  15.173  -71.442  -42.997 0.4000000060
10939  14.440  -71.462  -43.610 0.4000000060
10940  13.740  -71.751  -43.230 0.4000000060
10116  13.669  -73.102  -49.239 0.5000000000
9276  13.835  -74.242  -49.709 0.5000000000
10115  14.608  -73.026  -49.394 0.6000000238
8468  14.535  -75.224  -49.788 0.5000000000
10099  14.337  -72.911  -47.014 0.4000000060
10084  15.014  -72.077  -46.185 0.4000000060
10947  15.516  -71.831  -45.353 0.4000000060
10937  15.780  -71.884  -44.368 0.4000000060
8467  15.236  -75.240  -49.721 0.4000000060
10120  16.017  -74.034  -49.903 0.5000000000
143495  16.143  -74.559  -48.639 0.4000000060
10098  15.486  -72.807  -47.001 0.4000000060
9257  16.765  -74.341  -48.608 0.5000000000
9243  17.218  -73.766  -47.822 0.4000000060
9244  16.176  -73.892  -47.940 0.4000000060
10097  16.743  -72.963  -46.903 0.4000000060
137960  16.867  -73.963  -49.675 0.6000000238
10113  16.796  -73.150  -49.447 0.6000000238
9256  17.666  -74.036  -48.597 0.5000000000
143061  17.930  -73.661  -47.909 0.4000000060
11841  18.602  -69.833  -47.904 0.5000000000
22826  11.607  -57.943  -37.711 0.5000000000
24968  11.657  -56.199  -37.175 0.5000000000
24942  12.222  -55.944  -35.894 0.5000000000
23897  12.039  -57.343  -38.112 0.5000000000
120021  12.197  -55.934  -36.828 0.5000000000
22815  11.053  -57.817  -37.144 0.5000000000
8353  15.429  -74.057  -38.080 0.5000000000
139953  15.264  -74.390  -38.523 0.5000000000
9246  13.366  -74.413  -48.031 0.4000000060
10929  14.470  -71.453  -42.782 0.4000000060
9258  15.340  -74.701  -48.658 0.4000000060
10965  14.668  -71.742  -45.327 0.4000000060
10948  15.164  -71.531  -44.723 0.4000000060
9274  15.474  -74.776  -50.093 0.5000000000
10083  16.101  -72.295  -46.156 0.4000000060
9273  16.155  -74.605  -49.821 0.5000000000
131573  17.040  -74.357  -49.099 0.6000000238
9272  18.599  -73.794  -49.165 0.5000000000
12678  24.821  -69.665  -44.846 0.3000000119
11817  24.166  -71.037  -46.322 0.3000000119
11816  25.192  -71.228  -46.550 0.3000000119
11800  25.561  -70.623  -45.755 0.3000000119
12677  25.868  -69.892  -44.953 0.3000000119
13581  25.558  -68.603  -43.470 0.3000000119
12663  26.188  -69.257  -44.197 0.3000000119
11818  23.098  -70.828  -46.104 0.3000000119
10961  22.868  -71.690  -46.839 0.4000000060
10974  23.566  -72.333  -47.734 0.4000000060
11802  23.413  -70.119  -45.364 0.3000000119
10983  23.710  -72.364  -48.088 0.4000000060
10973  24.291  -72.099  -47.762 0.4000000060
12708  21.611  -70.073  -48.079 0.4000000060
12709  20.608  -69.639  -47.880 0.4000000060
12679  23.803  -69.488  -44.684 0.3000000119
11831  25.471  -71.467  -47.209 0.3000000119
11838  24.240  -71.583  -48.199 0.4000000060
143033  27.392  -70.663  -45.636 0.3000000119
11830  26.235  -71.222  -47.086 0.3000000119
131317  21.484  -73.188  -48.045 0.4000000060
10106  21.684  -73.210  -48.461 0.4000000060
10998  19.946  -72.990  -49.309 0.4000000060
10990  20.110  -71.950  -49.140 0.4000000060
10975  22.601  -72.411  -47.599 0.4000000060
127453  22.157  -73.028  -48.606 0.4000000060
10989  21.270  -72.195  -49.117 0.4000000060
11850  20.622  -71.083  -48.662 0.4000000060
11803  22.348  -69.985  -45.182 0.3000000119
10105  22.753  -72.666  -48.384 0.4000000060
11849  21.739  -71.317  -48.649 0.4000000060
12719  19.295  -69.945  -48.061 0.4000000060
12680  22.798  -69.409  -44.523 0.3000000119
11840  22.479  -70.973  -48.439 0.4000000060
12718  20.116  -70.130  -48.216 0.4000000060
13592  23.251  -68.856  -43.817 0.3000000119
11839  23.358  -71.320  -48.385 0.4000000060
12705  24.620  -70.812  -47.908 0.4000000060
129004  19.562  -72.777  -47.393 0.4000000060
9265  19.207  -73.769  -48.971 0.4000000060
10977  19.947  -72.093  -46.884 0.4000000060
10095  20.600  -72.984  -47.734 0.4000000060
9253  20.424  -73.508  -48.538 0.4000000060
10999  19.041  -73.200  -49.321 0.4000000060
134539  21.815  -69.478  -44.327 0.3000000119
10962  21.626  -71.489  -46.560 0.4000000060
13563  21.942  -68.879  -42.887 0.3000000119
12664  22.297  -69.028  -43.707 0.3000000119
11851  19.634  -70.784  -48.540 0.4000000060
13583  23.228  -68.456  -42.953 0.3000000119
9266  18.137  -74.021  -49.067 0.4000000060
9254  19.671  -73.591  -48.556 0.4000000060
12694  25.790  -70.046  -47.411 0.3000000119
11828  27.007  -70.758  -47.040 0.3000000119
11836  26.304  -70.965  -47.305 0.3000000119
11852  18.733  -70.504  -48.368 0.4000000060
132778  19.343  -72.415  -49.239 0.4000000060
10112  17.863  -73.398  -49.378 0.4000000060
9255  18.650  -73.705  -48.473 0.4000000060
10960  23.922  -71.791  -47.093 0.3000000119
10982  24.365  -72.058  -48.024 0.4000000060
11848  22.857  -72.014  -48.658 0.4000000060
12717  20.926  -70.378  -48.318 0.4000000060
11837  24.840  -71.527  -47.826 0.4000000060
10976  21.283  -72.379  -47.385 0.4000000060
9270  20.501  -73.377  -49.092 0.4000000060
125442  21.233  -73.217  -49.080 0.4000000060
10988  22.196  -72.582  -48.909 0.4000000060
10963  20.393  -71.384  -46.222 0.4000000060
11820  20.838  -70.654  -45.568 0.3000000119
12665  21.461  -69.300  -43.423 0.3000000119
6466  21.755  -77.600  -39.995 0.3000000119
139995  22.143  -77.966  -40.692 0.3000000119
133778  21.396  -77.309  -39.326 0.3000000119
6453  20.522  -77.446  -39.242 0.3000000119
5812  20.950  -78.074  -40.466 0.3000000119
134118  21.909  -76.908  -38.812 0.3000000119
6436  22.962  -76.898  -38.871 0.3000000119
6452  22.387  -77.233  -39.464 0.3000000119
7030  20.956  -76.176  -37.633 0.3000000119
6437  20.959  -76.996  -38.736 0.3000000119
6454  19.651  -77.619  -39.213 0.3000000119
7671  16.304  -75.516  -39.175 0.3000000119
7040  23.425  -76.613  -38.196 0.3000000119
6435  24.021  -77.053  -38.828 0.3000000119
7029  21.879  -76.133  -37.659 0.3000000119
7041  22.403  -76.535  -38.236 0.3000000119
6451  23.495  -77.286  -39.542 0.3000000119
7045  18.654  -76.786  -38.010 0.3000000119
7661  17.395  -75.807  -37.424 0.3000000119
7046  17.653  -76.578  -38.170 0.3000000119
7657  21.383  -75.658  -37.129 0.3000000119
7044  19.586  -76.734  -38.071 0.3000000119
7031  20.041  -76.217  -37.567 0.3000000119
7659  19.581  -75.692  -36.977 0.3000000119
7660  18.671  -75.691  -36.880 0.3000000119
7033  18.206  -76.194  -37.417 0.3000000119
7649  17.311  -74.957  -36.752 0.3000000119
10863  16.627  -71.582  -38.259 0.4000000060
9940  17.070  -72.749  -36.656 0.4000000060
128589  23.375  -80.781  -40.498 0.3000000119
4066  21.826  -82.474  -41.450 0.3000000119
6464  24.025  -77.701  -40.219 0.3000000119
5810  23.431  -78.003  -40.916 0.3000000119
5186  25.423  -79.260  -39.113 0.3000000119
4617  24.181  -80.382  -39.731 0.3000000119
4627  24.443  -80.351  -40.825 0.3000000119
4638  23.270  -81.162  -41.528 0.3000000119
5780  25.211  -78.328  -37.897 0.3000000119
5797  25.353  -78.567  -39.686 0.3000000119
5188  25.427  -79.238  -39.968 0.3000000119
125015  25.054  -79.675  -41.185 0.3000000119
6450  24.675  -77.704  -39.443 0.3000000119
5798  24.887  -78.113  -40.137 0.3000000119
5808  25.278  -78.694  -40.390 0.3000000119
5822  25.094  -78.802  -40.937 0.3000000119
5809  24.612  -78.238  -40.702 0.3000000119
6438  20.059  -77.130  -38.662 0.3000000119
6455  18.777  -77.709  -39.226 0.3000000119
6434  24.838  -77.608  -38.488 0.3000000119
7032  19.117  -76.278  -37.448 0.3000000119
4628  22.332  -81.273  -40.630 0.3000000119
5823  24.436  -78.498  -41.360 0.3000000119
5790  25.353  -78.431  -38.806 0.3000000119
4616  25.057  -79.877  -39.392 0.3000000119
4626  25.086  -79.788  -40.294 0.3000000119
5198  24.985  -79.238  -41.645 0.3000000119
8332  17.040  -74.092  -36.518 0.3000000119
8405  19.569  -74.992  -42.351 0.3000000119
9182  20.004  -74.733  -41.590 0.3000000119
9167  18.736  -73.616  -41.234 0.3000000119
10017  18.609  -73.046  -40.529 0.4000000060
121177  17.305  -72.407  -40.856 0.4000000060
10897  16.163  -71.420  -40.152 0.3000000119
10898  15.349  -71.356  -40.282 0.3000000119
8406  18.973  -74.681  -42.690 0.3000000119
9184  18.403  -73.984  -41.926 0.4000000060
9185  17.558  -73.434  -42.016 0.4000000060
10047  16.909  -73.009  -42.471 0.4000000060
120435  15.764  -71.662  -42.349 0.3000000119
10057  16.338  -72.603  -43.840 0.4000000060
10927  15.795  -71.795  -43.363 0.3000000119
10069  16.489  -72.651  -44.950 0.3000000119
9163  23.055  -74.490  -41.034 0.3000000119
8385  21.592  -74.844  -41.584 0.3000000119
9165  20.356  -73.741  -40.676 0.4000000060
10018  17.875  -72.522  -40.279 0.3000000119
10896  17.074  -71.832  -39.968 0.3000000119
10878  17.242  -71.688  -38.957 0.3000000119
8403  21.597  -75.368  -42.738 0.3000000119
133262  20.939  -75.321  -43.313 0.3000000119
8422  20.164  -75.233  -42.707 0.3000000119
8423  19.645  -75.073  -43.023 0.3000000119
9203  18.129  -74.259  -42.779 0.3000000119
9204  17.418  -73.844  -43.043 0.4000000060
8436  19.325  -74.706  -43.476 0.3000000119
9212  18.659  -74.388  -43.816 0.3000000119
8437  18.608  -74.576  -43.309 0.3000000119
10056  16.843  -73.326  -43.419 0.4000000060
9224  18.086  -74.173  -44.391 0.3000000119
10068  17.377  -73.429  -44.843 0.4000000060
122569  16.875  -73.418  -44.207 0.4000000060
10096  18.099  -72.727  -46.537 0.3000000119
10081  17.746  -73.034  -45.482 0.4000000060
141216  16.978  -72.872  -45.733 0.4000000060
10978  19.016  -72.356  -46.573 0.3000000119
124013  17.585  -73.087  -47.145 0.4000000060
9242  18.369  -73.246  -47.534 0.3000000119
9128  26.287  -73.830  -38.559 0.3000000119
9145  25.585  -73.884  -39.348 0.3000000119
9130  24.526  -73.021  -38.698 0.3000000119
9973  23.345  -72.316  -38.324 0.3000000119
140415  24.343  -74.800  -41.325 0.3000000119
9161  24.282  -74.466  -40.735 0.3000000119
140005  23.413  -73.372  -39.619 0.3000000119
9998  22.966  -72.785  -39.129 0.3000000119
132117  24.077  -75.389  -43.890 0.3000000119
8383  23.875  -75.064  -41.901 0.3000000119
9146  22.584  -73.619  -40.100 0.3000000119
9147  21.571  -73.233  -39.942 0.3000000119
10001  20.372  -72.438  -39.347 0.3000000119
130486  18.653  -72.234  -39.131 0.3000000119
10862  17.479  -71.782  -38.144 0.3000000119
10839  17.882  -71.948  -37.401 0.3000000119
9955  17.385  -72.244  -36.949 0.3000000119
8401  23.224  -75.417  -43.447 0.3000000119
10066  18.994  -73.300  -44.703 0.3000000119
10067  18.216  -73.368  -45.039 0.3000000119
10945  19.110  -72.356  -45.063 0.3000000119
10964  19.419  -71.714  -45.787 0.3000000119
142003  18.794  -72.800  -47.204 0.3000000119
128507  27.514  -74.477  -38.081 0.3000000119
8366  26.305  -74.402  -39.617 0.3000000119
128892  24.939  -73.489  -39.217 0.3000000119
8382  24.856  -74.973  -41.524 0.3000000119
119495  24.199  -73.596  -39.657 0.3000000119
9939  17.830  -72.684  -36.481 0.3000000119
7654  28.072  -74.991  -37.761 0.3000000119
8351  27.078  -74.425  -38.905 0.3000000119
122142  26.898  -74.844  -39.927 0.3000000119
8381  26.377  -75.057  -40.723 0.3000000119
9160  24.901  -74.160  -40.091 0.3000000119
7669  28.386  -75.538  -38.652 0.3000000119
8364  28.129  -75.493  -39.544 0.3000000119
8380  27.183  -75.503  -40.982 0.3000000119
9956  16.436  -72.351  -37.041 0.3000000119
10864  15.827  -71.454  -38.426 0.3000000119
10880  15.611  -71.332  -39.358 0.3000000119
10913  16.595  -71.846  -40.916 0.3000000119
10082  17.336  -72.871  -46.043 0.4000000060
8404  20.799  -75.247  -42.135 0.3000000119
9183  19.180  -74.372  -41.755 0.3000000119
8386  20.919  -74.376  -41.154 0.3000000119
10032  17.971  -73.141  -41.132 0.4000000060
143123  17.423  -72.862  -41.368 0.4000000060
10034  16.337  -71.938  -41.806 0.4000000060
9214  17.346  -74.020  -43.971 0.4000000060
8384  22.863  -75.148  -42.069 0.3000000119
9164  21.684  -74.005  -40.683 0.3000000119
9149  19.948  -72.947  -40.061 0.3000000119
136281  21.064  -73.655  -40.461 0.3000000119
138852  19.110  -72.780  -39.960 0.4000000060
10003  17.870  -72.132  -39.488 0.3000000119
8421  21.828  -75.296  -43.854 0.3000000119
8435  20.263  -75.070  -43.601 0.3000000119
9213  17.991  -74.385  -43.609 0.4000000060
10946  18.557  -72.596  -45.707 0.3000000119
9999  22.089  -72.679  -39.256 0.3000000119
10000  21.204  -72.505  -39.316 0.3000000119
134078  19.548  -71.412  -44.940 0.3000000119
17215  11.072  -63.601  -41.452 0.4000000060
4050  22.015  -81.829  -41.300 0.3000000119
4636  25.027  -79.741  -41.955 0.3000000119
5193  25.259  -79.178  -40.717 0.3000000119
5799  20.185  -77.919  -39.808 0.3000000119
6439  19.159  -77.264  -38.599 0.3000000119
6465  22.867  -77.562  -40.174 0.3000000119
7026  28.659  -75.762  -37.859 0.3000000119
7042  21.425  -76.556  -38.217 0.3000000119
7043  20.500  -76.626  -38.163 0.3000000119
7648  18.208  -75.014  -36.399 0.3000000119
7662  16.709  -75.167  -37.513 0.5000000000
7740  12.606  -75.864  -45.560 0.4000000060
8350  27.847  -74.900  -38.759 0.3000000119
8365  27.533  -75.065  -39.701 0.3000000119
8367  25.628  -74.619  -40.468 0.3000000119
8368  15.090  -74.672  -38.886 0.4000000060
8370  13.229  -74.524  -39.101 0.4000000060
8402  22.388  -75.434  -43.176 0.3000000119
8434  21.239  -75.092  -44.028 0.3000000119
8464  15.931  -74.906  -49.237 0.4000000060
8465  14.774  -75.284  -49.298 0.5000000000
8466  15.758  -75.041  -49.861 0.5000000000
8469  15.676  -75.008  -50.035 0.5000000000
8470  15.229  -75.173  -50.042 0.5000000000
9105  18.201  -73.374  -36.056 0.3000000119
9106  17.374  -73.418  -36.379 0.3000000119
9107  16.509  -73.344  -36.750 0.4000000060
9131  14.291  -73.004  -38.412 0.5000000000
9132  13.631  -72.997  -38.794 0.5000000000
9148  20.765  -73.040  -39.985 0.3000000119
9151  12.858  -74.072  -39.387 0.4000000060
9162  23.561  -74.104  -40.421 0.3000000119
9166  19.441  -73.608  -40.851 0.3000000119
9240  20.134  -73.409  -48.077 0.4000000060
9241  19.223  -73.378  -47.888 0.4000000060
9263  21.015  -73.393  -48.755 0.4000000060
9264  20.098  -73.596  -48.915 0.4000000060
9267  16.312  -74.613  -49.564 0.5000000000
9268  13.853  -75.102  -49.367 0.5000000000
9271  19.615  -73.582  -49.117 0.4000000060
9275  14.579  -74.921  -50.070 0.5000000000
9954  18.327  -72.147  -36.788 0.3000000119
9957  15.704  -72.277  -37.380 0.5000000000
9971  24.691  -72.708  -37.905 0.3000000119
9979  17.927  -71.944  -38.781 0.3000000119
9997  23.763  -72.895  -38.945 0.3000000119
10002  19.553  -72.358  -39.286 0.3000000119
10004  14.283  -71.887  -38.929 0.5000000000
10033  16.932  -72.532  -41.616 0.4000000060
10048  16.364  -72.290  -42.742 0.4000000060
10093  23.068  -72.651  -48.097 0.4000000060
10094  22.270  -72.949  -48.213 0.4000000060
10107  20.975  -73.380  -48.295 0.4000000060
10109  11.899  -73.042  -48.235 0.5000000000
10110  22.143  -72.995  -48.786 0.4000000060
10111  21.758  -73.175  -48.818 0.4000000060
10119  21.700  -72.993  -49.111 0.4000000060
10121  14.972  -74.041  -49.946 0.5000000000
10840  16.918  -71.913  -37.514 0.3000000119
10841  16.079  -71.745  -37.622 0.5000000000
10865  15.043  -71.613  -38.693 0.5000000000
10879  16.435  -71.396  -39.169 0.3000000119
10882  13.996  -71.820  -39.654 0.5000000000
10916  14.316  -71.595  -41.228 0.4000000060
10938  15.205  -71.471  -43.925 0.4000000060
10950  13.859  -71.785  -44.213 0.4000000060
10959  24.759  -71.683  -47.269 0.4000000060
10972  24.793  -71.666  -47.645 0.3000000119
10987  23.678  -72.169  -48.326 0.4000000060
10991  18.501  -72.342  -49.163 0.4000000060
10997  20.856  -72.873  -49.270 0.4000000060
11799  26.710  -70.815  -45.889 0.3000000119
11801  24.476  -70.351  -45.556 0.3000000119
11804  21.296  -69.970  -44.987 0.3000000119
11819  21.960  -70.686  -45.844 0.4000000060
11822  8.973  -69.797  -45.663 0.5000000000
11832  10.822  -70.429  -47.263 0.6999999881
11856  13.985  -71.208  -48.317 0.6000000238
12676  26.906  -70.136  -45.001 0.3000000119
12693  26.695  -70.121  -47.260 0.3000000119
12698  14.970  -69.283  -46.713 0.6000000238
12701  11.908  -69.669  -46.959 0.6999999881
13562  22.488  -68.594  -42.433 0.3000000119
13584  22.634  -68.703  -43.175 0.3000000119
13591  24.235  -68.938  -44.076 0.3000000119
13600  14.814  -68.207  -45.569 0.6999999881
13613  26.015  -69.047  -47.090 0.4000000060
13626  11.511  -69.041  -46.471 0.6999999881
13634  17.764  -69.095  -46.947 0.6999999881
14397  17.921  -67.429  -36.514 0.6000000238
14398  17.245  -67.346  -36.563 0.6000000238
14409  20.006  -67.133  -37.606 0.6999999881
14410  19.294  -67.433  -37.276 0.6000000238
14455  16.929  -68.066  -39.746 0.6000000238
14471  19.204  -67.481  -40.227 0.6999999881
14533  12.048  -67.122  -44.705 0.6000000238
14565  24.419  -67.905  -46.297 0.4000000060
15322  19.369  -65.888  -35.810 0.8000000119
15323  18.663  -66.096  -35.506 0.8000000119
15340  20.503  -66.190  -36.681 0.6000000238
15342  18.301  -66.912  -35.916 0.6999999881
15344  16.747  -66.863  -36.261 0.6999999881
15382  20.988  -66.582  -38.433 0.6000000238
15400  21.173  -66.486  -39.427 0.6000000238
15416  19.974  -67.151  -40.192 0.6999999881
15456  20.255  -66.357  -43.849 0.6999999881
15457  18.983  -66.990  -43.658 0.6999999881
15459  14.562  -66.186  -43.458 0.6000000238
15471  22.664  -66.398  -44.431 0.6000000238
16198  16.051  -64.905  -34.628 0.6999999881
16217  19.309  -65.106  -35.623 0.8000000119
16218  18.658  -65.330  -35.202 0.8000000119
16239  21.406  -64.926  -36.432 0.8000000119
16261  21.596  -65.408  -36.833 0.6999999881
16276  23.017  -65.265  -38.862 0.6000000238
16281  12.505  -65.844  -37.819 0.5000000000
16295  21.885  -66.006  -39.685 0.6000000238
16331  15.003  -66.199  -41.585 0.6000000238
16333  11.102  -64.821  -41.365 0.4000000060
16348  14.567  -65.245  -42.252 0.6999999881
16361  12.691  -64.918  -43.405 0.5000000000
16376  22.627  -66.117  -43.898 0.6000000238
17069  12.406  -64.304  -32.815 0.5000000000
17070  11.590  -64.291  -32.645 0.5000000000
17080  14.880  -64.114  -33.757 0.6000000238
17081  13.132  -64.322  -33.163 0.5000000000
17086  8.638  -64.341  -33.297 0.5000000000
17093  17.512  -64.377  -34.432 0.6000000238
17183  23.881  -64.661  -39.445 0.6000000238
17228  12.667  -63.802  -42.563 0.5000000000
17237  13.850  -64.853  -42.940 0.6000000238
17240  11.220  -63.588  -43.148 0.5000000000
17952  11.150  -63.621  -32.512 0.4000000060
17953  10.052  -63.477  -32.507 0.6000000238
17969  13.624  -63.681  -33.151 0.5000000000
17982  17.462  -63.708  -34.459 0.6000000238
17984  15.523  -63.197  -33.675 0.6000000238
17986  7.749  -63.312  -34.175 0.5000000000
17995  19.238  -64.297  -35.728 0.8000000119
18035  19.221  -63.187  -37.056 0.6000000238
18063  11.934  -63.312  -40.266 0.5000000000
18088  12.483  -63.427  -41.306 0.5000000000
18090  10.779  -62.806  -41.966 0.5000000000
18098  12.638  -63.462  -42.052 0.6000000238
18105  11.568  -63.033  -42.685 0.5000000000
18107  10.357  -63.162  -42.688 0.5000000000
18811  12.400  -63.161  -32.783 0.5000000000
18814  9.192  -62.855  -32.572 0.6000000238
18815  8.354  -62.905  -32.667 0.6000000238
18816  7.855  -62.869  -32.887 0.5000000000
18830  12.209  -62.526  -33.193 0.5000000000
18841  17.247  -62.928  -34.706 0.6000000238
18842  16.535  -62.725  -34.324 0.6000000238
18843  15.244  -62.442  -33.907 0.6000000238
18856  7.643  -62.647  -34.874 0.5000000000
18865  18.637  -62.968  -36.764 0.5000000000
18885  21.118  -62.575  -37.193 0.6000000238
18888  18.245  -62.596  -37.322 0.6000000238
19686  7.851  -62.195  -32.889 0.5000000000
19697  11.875  -61.876  -33.871 0.5000000000
19703  6.420  -60.972  -34.297 0.5000000000
19715  14.858  -61.753  -34.451 0.6000000238
19718  11.525  -61.273  -34.466 0.6000000238
19719  10.783  -60.923  -34.142 0.6000000238
19733  14.387  -61.229  -35.147 0.5000000000
19734  13.364  -61.196  -35.127 0.5000000000
19753  16.438  -61.515  -36.280 0.6999999881
19777  16.119  -60.959  -38.273 0.5000000000
20644  9.012  -60.141  -33.506 0.5000000000
20646  6.963  -60.386  -33.405 0.5000000000
20647  6.326  -60.308  -34.089 0.5000000000
20671  12.982  -60.674  -36.019 0.5000000000
20688  14.900  -60.605  -36.980 0.6000000238
20691  12.447  -59.303  -37.303 0.5000000000
20712  13.949  -59.954  -38.345 0.4000000060
20732  13.746  -59.583  -39.144 0.5000000000
21644  17.769  -59.270  -30.940 0.4000000060
21660  17.576  -59.550  -31.432 0.4000000060
21679  17.369  -59.708  -32.192 0.4000000060
21684  12.268  -59.569  -31.855 0.3000000119
21700  14.109  -59.234  -32.985 0.4000000060
21740  11.767  -59.033  -36.827 0.6000000238
21756  12.542  -58.923  -38.343 0.5000000000
21772  13.426  -59.213  -39.430 0.5000000000
21773  13.190  -58.887  -39.434 0.5000000000
22693  11.241  -59.000  -29.417 0.3000000119
22709  15.203  -58.999  -30.454 0.4000000060
22762  12.929  -58.293  -33.465 0.4000000060
22833  12.688  -58.591  -38.946 0.6000000238
23783  13.711  -58.018  -30.020 0.3000000119
23851  12.501  -56.519  -35.061 0.6000000238
23884  10.998  -56.669  -37.106 0.5000000000
23898  11.505  -57.012  -37.538 0.5000000000
23908  13.944  -57.386  -38.709 0.6000000238
23921  14.481  -57.907  -39.329 0.5000000000
24866  10.758  -57.135  -29.067 0.3000000119
24882  16.456  -56.790  -30.579 0.4000000060
24912  10.458  -56.234  -33.056 0.4000000060
24944  10.786  -55.058  -35.816 0.6000000238
24954  13.340  -56.338  -36.985 0.5000000000
24955  11.578  -55.747  -36.486 0.6000000238
24966  13.018  -56.449  -37.605 0.6000000238
24978  13.435  -56.926  -38.139 0.6000000238
25969  11.446  -55.526  -29.814 0.3000000119
25989  16.673  -55.848  -30.880 0.3000000119
25998  17.254  -54.855  -31.070 0.3000000119
26001  14.979  -55.408  -31.166 0.4000000060
26011  8.540  -54.436  -32.180 0.5000000000
26016  9.543  -54.104  -33.786 0.6000000238
26024  10.357  -54.229  -35.542 0.6000000238
26025  9.442  -54.036  -35.060 0.6000000238
26028  7.653  -55.734  -34.682 0.5000000000
26976  8.722  -54.016  -29.352 0.3000000119
27034  8.624  -53.907  -34.210 0.6000000238
27954  9.095  -53.358  -29.842 0.4000000060
27967  12.243  -54.101  -30.975 0.3000000119
27969  10.332  -53.078  -30.599 0.3000000119
27980  13.380  -53.794  -31.599 0.3000000119
27982  11.424  -52.998  -31.246 0.3000000119
27983  10.718  -52.532  -31.100 0.5000000000
27993  13.950  -53.318  -32.340 0.3000000119
28002  15.242  -52.914  -33.513 0.3000000119
28958  7.833  -51.821  -29.711 0.3000000119
28994  16.703  -52.497  -33.334 0.3000000119
28995  14.177  -52.742  -33.246 0.3000000119
29006  16.167  -52.056  -34.202 0.3000000119
29008  14.635  -52.404  -34.037 0.3000000119
29918  7.768  -50.713  -29.696 0.3000000119
29931  9.019  -50.414  -30.707 0.3000000119
29944  9.526  -50.199  -31.153 0.3000000119
29954  11.247  -50.832  -32.994 0.3000000119
29962  16.737  -51.127  -34.153 0.3000000119
30868  9.208  -49.855  -30.749 0.3000000119
30881  10.625  -49.888  -31.979 0.3000000119
30895  12.141  -49.948  -33.413 0.3000000119
30912  13.949  -50.528  -34.235 0.3000000119
31814  11.764  -49.314  -31.150 0.3000000119
31832  13.468  -49.334  -31.738 0.3000000119
31833  11.868  -49.313  -32.058 0.3000000119
31855  11.709  -49.615  -32.664 0.3000000119
31869  13.904  -49.738  -33.661 0.3000000119
119471  14.903  -57.437  -30.431 0.4000000060
119804  12.217  -63.339  -40.508 0.5000000000
120009  23.126  -63.804  -36.874 0.5000000000
120597  21.757  -65.838  -40.781 0.6000000238
122106  25.469  -71.335  -47.418 0.4000000060
122118  11.049  -56.306  -29.380 0.3000000119
122510  17.892  -67.414  -44.221 0.6999999881
122620  12.714  -56.149  -37.112 0.6000000238
122914  25.428  -70.981  -47.664 0.4000000060
123077  17.057  -58.313  -30.466 0.4000000060
123347  13.914  -75.017  -49.757 0.5000000000
123641  18.101  -71.244  -48.669 0.6000000238
124319  15.413  -66.524  -39.370 0.6999999881
124769  11.549  -58.268  -29.347 0.3000000119
124969  19.411  -67.016  -36.612 0.6999999881
126416  18.193  -67.942  -40.999 0.6999999881
126464  10.494  -64.276  -41.653 0.5000000000
126843  18.197  -67.994  -38.778 0.6999999881
126981  22.344  -65.503  -42.272 0.6000000238
127839  17.918  -75.594  -36.914 0.3000000119
129718  22.339  -74.523  -41.175 0.3000000119
130212  23.866  -68.527  -43.408 0.3000000119
130498  10.716  -62.839  -42.364 0.5000000000
132287  12.566  -74.272  -40.902 0.4000000060
132387  12.706  -60.036  -36.668 0.5000000000
132491  18.156  -65.709  -35.065 0.6999999881
132771  20.241  -66.281  -43.243 0.6999999881
133040  18.967  -67.748  -38.748 0.6999999881
133167  15.609  -63.891  -33.806 0.6000000238
133430  12.455  -50.560  -33.846 0.3000000119
133781  17.214  -74.114  -49.390 0.6000000238
134396  15.816  -59.414  -30.733 0.4000000060
136028  11.444  -58.451  -37.160 0.6000000238
136368  13.739  -64.136  -41.121 0.6000000238
136525  7.931  -55.788  -28.321 0.4000000060
137790  12.439  -63.328  -39.058 0.5000000000
138342  10.021  -62.674  -32.669 0.6000000238
138466  16.478  -53.137  -32.804 0.3000000119
138509  22.166  -75.180  -42.094 0.3000000119
138564  20.942  -77.654  -39.770 0.3000000119
138577  16.754  -67.790  -38.044 0.6000000238
139739  24.397  -65.301  -42.709 0.5000000000
140727  18.289  -69.021  -47.024 0.6999999881
140902  24.440  -69.129  -47.176 0.4000000060
141564  18.434  -72.557  -39.857 0.3000000119
141790  21.064  -69.234  -47.512 0.5000000000
141970  16.312  -75.192  -38.272 0.5000000000
142056  16.602  -72.398  -42.125 0.4000000060
142273  19.972  -67.244  -38.732 0.6999999881
142325  10.993  -57.463  -29.146 0.3000000119
142829  13.683  -64.011  -40.427 0.6000000238
142976  13.574  -59.940  -37.679 0.6000000238
143305  21.883  -67.239  -45.714 0.6000000238
143428  24.790  -77.527  -37.719 0.3000000119
