#!ascii label  , from subject sub-v1s10x0050990_ses-1 vox2ras=TkReg
1080
53236  29.468  -35.382  57.578 0.0000000000
81080  42.215  -9.935  47.751 0.0000000000
68041  32.423  -21.692  51.101 0.0000000000
51948  9.086  -36.999  66.579 0.0000000000
54367  24.064  -34.919  59.951 0.0000000000
74579  33.397  -16.517  51.931 0.0000000000
56691  15.386  -32.564  63.170 0.0000000000
151447  12.696  -36.722  64.786 0.0000000000
54355  20.002  -34.668  61.496 0.0000000000
81089  46.714  -10.211  47.579 0.0000000000
57722  28.879  -31.232  58.069 0.0000000000
59894  30.663  -29.327  54.769 0.0000000000
55638  32.432  -33.460  58.507 0.0000000000
85823  45.863  -5.283  47.122 0.0000000000
83967  49.511  -7.782  45.096 0.0000000000
81062  39.466  -10.619  50.070 0.0000000000
76688  41.818  -14.908  50.015 0.0000000000
75667  37.341  -15.261  49.712 0.0000000000
70336  37.168  -20.849  51.502 0.0000000000
47639  27.671  -40.091  59.964 0.0000000000
47518  7.266  -40.791  68.117 0.0000000000
46376  3.301  -41.618  69.926 0.0000000000
45163  -0.139  -41.553  72.640 0.0000000000
52074  26.369  -36.432  58.146 0.0000000000
139827  23.113  -38.793  59.238 0.0000000000
67968  27.737  -22.672  54.073 0.0000000000
65398  32.671  -24.976  55.982 0.0000000000
87625  53.167  -3.186  45.727 0.0000000000
81091  44.349  -10.498  47.629 0.0000000000
78957  44.129  -12.046  48.967 0.0000000000
56747  28.453  -32.749  57.704 0.0000000000
56760  30.729  -32.626  56.257 0.0000000000
54404  31.082  -34.265  57.731 0.0000000000
83942  42.193  -7.507  49.106 0.0000000000
85806  44.786  -5.780  49.713 0.0000000000
83953  43.737  -7.158  47.362 0.0000000000
83025  45.396  -8.464  46.268 0.0000000000
41712  -0.895  -45.204  72.709 0.0000000000
78946  38.010  -13.223  49.276 0.0000000000
77774  35.903  -13.169  51.551 0.0000000000
162127  32.238  -19.103  50.771 0.0000000000
71434  35.151  -19.216  49.611 0.0000000000
69222  35.136  -21.885  51.121 0.0000000000
66785  35.247  -22.771  53.873 0.0000000000
51967  10.714  -36.870  65.346 0.0000000000
49661  11.942  -38.229  66.612 0.0000000000
157433  9.727  -38.669  66.156 0.0000000000
155870  8.971  -40.493  68.473 0.0000000000
48632  7.959  -39.353  66.824 0.0000000000
48581  4.407  -39.812  69.475 0.0000000000
46362  1.296  -41.745  70.984 0.0000000000
53199  24.901  -36.002  58.875 0.0000000000
49816  24.826  -37.802  57.716 0.0000000000
53239  23.200  -35.408  57.622 0.0000000000
51998  18.986  -35.937  63.638 0.0000000000
166834  20.815  -37.307  62.357 0.0000000000
60932  33.224  -29.128  57.085 0.0000000000
62005  31.917  -26.995  56.257 0.0000000000
76650  35.061  -13.968  53.199 0.0000000000
72479  33.030  -17.662  52.816 0.0000000000
71383  31.369  -19.181  52.329 0.0000000000
53152  16.733  -35.460  63.223 0.0000000000
148136  15.434  -36.251  64.734 0.0000000000
54332  14.048  -34.981  63.492 0.0000000000
54307  12.283  -34.547  65.007 0.0000000000
53118  10.755  -34.891  66.858 0.0000000000
55632  21.711  -33.246  59.294 0.0000000000
56716  20.505  -31.957  61.423 0.0000000000
55608  17.787  -33.655  61.545 0.0000000000
60912  29.469  -28.897  57.832 0.0000000000
60934  27.798  -28.146  55.507 0.0000000000
58815  29.592  -30.510  55.255 0.0000000000
57743  32.438  -30.983  56.310 0.0000000000
86740  49.636  -4.933  45.780 0.0000000000
84904  47.676  -6.636  45.353 0.0000000000
82129  47.508  -9.262  46.021 0.0000000000
81082  40.633  -10.678  48.631 0.0000000000
77816  41.982  -12.959  48.765 0.0000000000
77818  40.246  -12.767  48.620 0.0000000000
75650  39.792  -15.582  49.659 0.0000000000
73594  39.302  -17.422  50.705 0.0000000000
75653  35.077  -15.312  50.599 0.0000000000
157169  37.168  -18.197  50.152 0.0000000000
49784  28.979  -38.053  58.374 0.0000000000
52052  30.805  -36.746  58.831 0.0000000000
82978  41.815  -8.595  51.107 0.0000000000
50749  7.641  -36.729  68.765 0.0000000000
48597  6.183  -39.892  68.094 0.0000000000
46390  5.254  -41.715  68.980 0.0000000000
44086  3.952  -43.127  70.468 0.0000000000
44088  2.282  -43.581  70.834 0.0000000000
44071  -0.192  -43.918  71.448 0.0000000000
44056  -1.432  -43.728  72.088 0.0000000000
45147  -3.413  -42.816  73.393 0.0000000000
52095  28.151  -35.954  57.721 0.0000000000
49786  27.145  -38.304  58.026 0.0000000000
48728  25.329  -39.721  59.209 0.0000000000
52056  21.187  -36.710  59.652 0.0000000000
69192  30.076  -21.620  52.126 0.0000000000
63141  28.242  -26.525  54.023 0.0000000000
65454  30.616  -24.307  53.670 0.0000000000
159869  32.457  -23.171  53.234 0.0000000000
53183  33.027  -35.718  60.231 0.0000000000
86735  55.286  -4.245  45.496 0.0000000000
85837  51.313  -5.329  45.145 0.0000000000
141581  53.791  -6.343  45.341 0.0000000000
81092  43.760  -10.091  47.427 0.0000000000
80034  44.260  -11.074  48.003 0.0000000000
80027  42.949  -11.519  48.056 0.0000000000
54406  29.210  -34.522  57.521 0.0000000000
55651  29.628  -33.793  57.207 0.0000000000
157610  29.994  -35.001  57.563 0.0000000000
82088  42.065  -9.131  47.880 0.0000000000
83954  42.996  -7.486  47.883 0.0000000000
82112  42.672  -9.372  47.596 0.0000000000
146006  44.155  -8.750  46.875 0.0000000000
41713  -1.656  -45.101  73.042 0.0000000000
78918  37.229  -12.339  51.083 0.0000000000
77760  37.007  -12.744  52.794 0.0000000000
70367  32.427  -20.208  50.452 0.0000000000
155443  33.261  -20.462  50.095 0.0000000000
69223  34.239  -21.850  51.009 0.0000000000
68005  35.082  -22.498  52.294 0.0000000000
68006  34.236  -22.493  52.270 0.0000000000
51947  9.590  -36.760  66.197 0.0000000000
49679  10.195  -38.098  65.847 0.0000000000
49664  9.508  -38.036  66.004 0.0000000000
146580  8.978  -38.632  66.277 0.0000000000
161521  8.149  -37.682  67.033 0.0000000000
53200  24.517  -35.593  59.740 0.0000000000
53217  24.328  -35.333  58.103 0.0000000000
54379  23.631  -34.304  59.096 0.0000000000
144237  18.136  -35.855  63.865 0.0000000000
148656  28.037  -25.122  57.903 0.0000000000
61991  33.504  -28.344  57.584 0.0000000000
72471  31.827  -18.594  52.503 0.0000000000
71350  31.455  -19.375  53.788 0.0000000000
53167  15.611  -34.939  62.574 0.0000000000
145926  14.886  -35.202  63.088 0.0000000000
54331  14.413  -34.247  63.250 0.0000000000
55546  13.326  -33.417  65.243 0.0000000000
55530  12.496  -33.509  66.445 0.0000000000
54295  11.386  -34.499  66.371 0.0000000000
55604  22.138  -32.607  61.734 0.0000000000
56689  16.868  -31.748  62.953 0.0000000000
56704  18.282  -31.970  62.060 0.0000000000
55590  16.446  -33.663  61.839 0.0000000000
54346  16.575  -34.539  62.050 0.0000000000
149103  28.952  -29.401  56.683 0.0000000000
58804  29.039  -30.800  56.545 0.0000000000
55648  31.865  -32.834  57.415 0.0000000000
57744  31.391  -31.950  55.912 0.0000000000
56745  32.356  -32.100  57.198 0.0000000000
57721  33.314  -31.198  58.020 0.0000000000
56736  33.276  -32.053  58.519 0.0000000000
160569  45.017  -5.367  48.409 0.0000000000
85828  47.498  -5.368  46.177 0.0000000000
139845  46.668  -5.433  46.546 0.0000000000
82108  46.214  -9.783  46.966 0.0000000000
160147  46.877  -8.744  45.822 0.0000000000
82107  47.099  -9.761  46.843 0.0000000000
80011  39.920  -10.868  49.247 0.0000000000
80028  40.340  -11.492  48.664 0.0000000000
80029  39.609  -11.744  48.956 0.0000000000
76706  37.493  -14.500  49.586 0.0000000000
76705  38.891  -14.509  49.153 0.0000000000
75666  38.977  -15.375  49.527 0.0000000000
156774  39.525  -16.733  50.338 0.0000000000
74603  38.788  -16.803  50.231 0.0000000000
75622  34.205  -15.215  52.224 0.0000000000
76672  34.530  -14.546  51.774 0.0000000000
74605  34.335  -16.037  50.610 0.0000000000
71419  35.978  -19.723  50.100 0.0000000000
72517  35.694  -18.511  49.687 0.0000000000
71418  37.117  -19.465  50.655 0.0000000000
153666  38.707  -19.498  51.474 0.0000000000
49785  28.564  -38.796  58.842 0.0000000000
49765  29.435  -38.581  59.160 0.0000000000
81049  40.220  -10.325  51.424 0.0000000000
82055  40.534  -9.748  50.861 0.0000000000
82078  40.545  -9.406  49.447 0.0000000000
162297  13.915  -36.482  64.592 0.0000000000
164664  13.461  -37.227  65.798 0.0000000000
47517  8.129  -40.767  68.154 0.0000000000
47500  8.505  -40.971  69.065 0.0000000000
47501  7.681  -41.278  68.798 0.0000000000
167532  6.626  -41.979  69.427 0.0000000000
50733  6.613  -37.002  69.647 0.0000000000
49612  6.590  -37.768  68.794 0.0000000000
49613  5.942  -38.286  69.077 0.0000000000
46392  3.827  -41.143  69.513 0.0000000000
47502  4.255  -40.616  69.245 0.0000000000
45215  3.965  -41.910  69.578 0.0000000000
45196  4.734  -42.666  70.034 0.0000000000
155393  3.364  -42.462  70.137 0.0000000000
44068  3.283  -43.730  71.038 0.0000000000
45197  2.488  -42.743  70.455 0.0000000000
46354  0.515  -41.325  72.445 0.0000000000
45179  0.839  -42.574  71.048 0.0000000000
45180  -0.415  -42.977  71.587 0.0000000000
44055  -0.832  -43.536  71.705 0.0000000000
45164  -1.207  -42.767  72.063 0.0000000000
53197  27.539  -36.009  58.574 0.0000000000
53196  27.998  -35.409  58.517 0.0000000000
52073  27.149  -36.252  58.062 0.0000000000
49813  27.484  -37.336  57.696 0.0000000000
152270  26.791  -36.850  57.686 0.0000000000
49790  23.758  -38.410  58.277 0.0000000000
48749  24.886  -39.167  58.585 0.0000000000
48729  24.511  -39.564  59.282 0.0000000000
54381  20.546  -33.988  59.982 0.0000000000
53201  21.126  -35.049  58.803 0.0000000000
152258  20.540  -35.759  60.426 0.0000000000
49725  21.586  -38.545  62.312 0.0000000000
76702  42.109  -14.214  49.665 0.0000000000
77803  43.072  -13.345  49.497 0.0000000000
145187  42.548  -14.633  50.236 0.0000000000
69159  28.886  -20.843  54.756 0.0000000000
70305  29.535  -20.656  53.224 0.0000000000
69194  28.729  -22.274  52.794 0.0000000000
60963  28.438  -28.545  54.784 0.0000000000
62033  27.669  -27.360  54.636 0.0000000000
167111  29.437  -27.860  54.555 0.0000000000
64259  32.330  -25.360  56.214 0.0000000000
64270  30.280  -25.615  54.914 0.0000000000
65411  31.852  -24.678  55.092 0.0000000000
66788  31.431  -24.029  53.775 0.0000000000
65431  32.501  -24.265  54.810 0.0000000000
66748  33.721  -23.955  55.265 0.0000000000
52050  31.947  -36.422  59.716 0.0000000000
146929  54.060  -3.380  45.601 0.0000000000
85839  49.168  -5.950  45.294 0.0000000000
142895  50.519  -5.078  45.373 0.0000000000
141358  50.673  -5.922  44.966 0.0000000000
140268  52.252  -6.591  45.115 0.0000000000
83963  53.235  -8.058  45.385 0.0000000000
56676  15.319  -31.990  64.069 0.0000000000
56692  14.759  -32.573  63.723 0.0000000000
81090  45.786  -10.346  47.656 0.0000000000
167617  46.556  -10.815  48.850 0.0000000000
80024  45.296  -11.324  48.834 0.0000000000
57732  28.476  -31.976  57.880 0.0000000000
56761  29.585  -32.502  56.383 0.0000000000
154114  29.085  -33.010  57.040 0.0000000000
55650  30.647  -33.777  57.188 0.0000000000
55639  31.767  -33.914  58.195 0.0000000000
84881  44.360  -6.302  50.221 0.0000000000
84886  43.403  -6.558  48.923 0.0000000000
84889  44.031  -6.173  48.423 0.0000000000
83958  44.460  -6.803  46.850 0.0000000000
161999  45.665  -6.979  46.081 0.0000000000
168279  44.716  -8.357  46.528 0.0000000000
82132  44.943  -9.080  46.665 0.0000000000
41711  -0.111  -45.289  72.566 0.0000000000
79981  39.075  -11.114  51.476 0.0000000000
79997  38.470  -11.628  50.019 0.0000000000
79983  37.825  -11.959  50.589 0.0000000000
77792  36.937  -13.087  50.222 0.0000000000
77810  36.505  -13.702  50.300 0.0000000000
72506  32.916  -17.722  50.708 0.0000000000
73584  33.474  -17.205  50.533 0.0000000000
72519  32.994  -18.669  50.054 0.0000000000
70365  35.078  -20.648  50.199 0.0000000000
69221  36.426  -21.235  51.185 0.0000000000
68004  35.915  -22.447  52.187 0.0000000000
66784  36.228  -22.777  53.872 0.0000000000
46504  27.193  -41.193  60.950 0.0000000000
51965  11.913  -36.779  64.876 0.0000000000
50801  12.645  -37.285  65.360 0.0000000000
50802  10.842  -37.550  65.570 0.0000000000
49678  10.803  -38.181  65.922 0.0000000000
49644  10.875  -38.965  66.979 0.0000000000
48616  8.199  -39.878  66.987 0.0000000000
47537  7.757  -40.327  67.505 0.0000000000
49597  5.068  -38.099  70.411 0.0000000000
47464  3.500  -39.814  70.859 0.0000000000
47485  2.777  -41.130  70.446 0.0000000000
46378  1.976  -42.149  70.474 0.0000000000
46352  1.812  -40.949  71.734 0.0000000000
46353  1.163  -41.165  72.159 0.0000000000
46341  0.307  -40.842  73.211 0.0000000000
52055  25.755  -36.488  58.827 0.0000000000
153308  25.991  -36.399  57.892 0.0000000000
52076  24.871  -35.905  57.868 0.0000000000
52100  23.941  -36.328  57.373 0.0000000000
50899  22.793  -37.296  58.116 0.0000000000
168666  19.369  -34.985  62.506 0.0000000000
53162  20.280  -36.016  62.406 0.0000000000
52013  19.875  -36.030  63.152 0.0000000000
74599  41.968  -16.188  50.811 0.0000000000
66750  27.193  -23.477  55.375 0.0000000000
59876  32.231  -29.526  55.674 0.0000000000
62015  31.625  -27.839  55.639 0.0000000000
62003  32.897  -28.217  56.944 0.0000000000
62004  32.579  -27.167  56.830 0.0000000000
87614  52.236  -2.891  46.056 0.0000000000
42870  -3.840  -44.335  73.983 0.0000000000
75611  35.168  -15.656  53.737 0.0000000000
74570  34.665  -16.365  53.405 0.0000000000
73570  33.507  -16.915  52.669 0.0000000000
72480  32.385  -17.844  52.306 0.0000000000
72494  31.652  -19.043  51.682 0.0000000000
70338  31.267  -20.528  51.417 0.0000000000
51981  16.902  -36.022  64.500 0.0000000000
51961  16.408  -36.177  65.249 0.0000000000
51982  16.103  -35.986  64.440 0.0000000000
52002  14.366  -35.646  63.749 0.0000000000
53141  12.992  -35.603  64.267 0.0000000000
55560  13.518  -33.762  64.330 0.0000000000
54320  12.687  -34.928  64.437 0.0000000000
53142  12.100  -35.449  64.652 0.0000000000
160013  11.321  -35.697  65.013 0.0000000000
53119  10.356  -35.645  66.261 0.0000000000
151000  9.982  -35.344  67.367 0.0000000000
55630  23.220  -33.652  59.487 0.0000000000
55603  22.771  -33.159  61.248 0.0000000000
55620  21.341  -32.743  60.108 0.0000000000
55622  19.844  -33.198  60.666 0.0000000000
56703  19.171  -31.743  62.105 0.0000000000
56718  18.761  -32.453  61.462 0.0000000000
54356  19.355  -33.827  61.146 0.0000000000
54344  18.742  -34.722  62.440 0.0000000000
53151  17.605  -35.456  63.319 0.0000000000
61968  28.896  -27.174  58.876 0.0000000000
63109  27.955  -26.784  57.665 0.0000000000
62006  28.221  -28.042  56.980 0.0000000000
59880  28.763  -29.354  55.317 0.0000000000
59878  30.086  -30.011  54.833 0.0000000000
57745  30.249  -31.971  55.777 0.0000000000
57756  30.945  -31.313  55.450 0.0000000000
59877  31.805  -30.000  55.221 0.0000000000
58802  32.789  -30.393  56.726 0.0000000000
58780  33.953  -30.618  58.404 0.0000000000
86731  48.963  -4.647  46.526 0.0000000000
85826  48.819  -5.212  45.881 0.0000000000
84903  48.475  -6.676  45.183 0.0000000000
83970  46.453  -7.274  45.653 0.0000000000
83969  47.336  -7.518  45.331 0.0000000000
81081  41.518  -10.620  48.103 0.0000000000
163836  42.181  -11.391  48.021 0.0000000000
156183  41.563  -11.670  48.240 0.0000000000
77817  41.127  -12.936  48.644 0.0000000000
149864  40.813  -14.360  49.198 0.0000000000
162650  38.586  -12.749  49.052 0.0000000000
76704  39.819  -14.200  48.947 0.0000000000
75664  41.083  -15.020  49.734 0.0000000000
74601  40.788  -16.353  50.372 0.0000000000
73582  40.964  -17.538  51.197 0.0000000000
77762  35.092  -13.101  52.064 0.0000000000
76690  35.323  -14.395  51.158 0.0000000000
75652  36.474  -15.427  49.915 0.0000000000
158671  34.977  -17.443  49.725 0.0000000000
73597  36.439  -17.383  49.803 0.0000000000
160068  36.987  -16.866  49.903 0.0000000000
72503  38.607  -18.176  50.817 0.0000000000
52072  29.599  -36.575  57.846 0.0000000000
52071  30.371  -36.279  58.162 0.0000000000
140685  30.131  -37.087  58.388 0.0000000000
49763  30.992  -37.924  59.907 0.0000000000
82995  41.685  -7.994  49.622 0.0000000000
82089  41.467  -8.903  48.446 0.0000000000
51911  8.867  -36.161  68.012 0.0000000000
51897  7.987  -35.975  69.264 0.0000000000
50767  7.943  -37.232  67.859 0.0000000000
50768  7.587  -38.050  67.360 0.0000000000
48618  6.853  -39.383  67.589 0.0000000000
47519  6.431  -40.710  68.209 0.0000000000
48580  5.043  -39.467  69.079 0.0000000000
47520  5.689  -40.596  68.447 0.0000000000
46400  5.830  -41.260  68.596 0.0000000000
45213  5.400  -42.320  69.560 0.0000000000
45195  5.454  -42.708  70.257 0.0000000000
42884  2.133  -44.660  72.195 0.0000000000
45198  1.643  -42.786  70.627 0.0000000000
165019  1.007  -43.981  71.165 0.0000000000
42905  0.612  -44.347  71.488 0.0000000000
42906  -0.111  -44.563  71.665 0.0000000000
42888  -1.399  -44.598  72.398 0.0000000000
44057  -2.286  -44.014  72.752 0.0000000000
45146  -1.661  -42.190  72.924 0.0000000000
163908  -2.686  -43.264  73.105 0.0000000000
44041  -3.270  -43.743  73.418 0.0000000000
54407  28.570  -34.536  57.875 0.0000000000
53215  28.181  -35.278  57.932 0.0000000000
50917  28.021  -36.708  57.628 0.0000000000
147515  28.071  -38.184  58.121 0.0000000000
48746  27.666  -38.926  58.690 0.0000000000
49815  25.709  -37.718  57.704 0.0000000000
48748  25.764  -39.197  58.564 0.0000000000
47640  26.893  -40.107  59.734 0.0000000000
54393  22.558  -34.218  58.286 0.0000000000
157652  21.716  -35.724  58.422 0.0000000000
49767  22.137  -38.259  59.906 0.0000000000
50859  20.946  -37.240  61.425 0.0000000000
49749  21.343  -37.824  61.028 0.0000000000
141182  22.314  -38.808  60.551 0.0000000000
78958  43.302  -12.173  48.668 0.0000000000
71367  30.742  -19.625  53.307 0.0000000000
162575  30.232  -20.760  52.187 0.0000000000
69226  31.551  -21.489  51.340 0.0000000000
64261  27.200  -25.867  56.523 0.0000000000
64283  26.940  -25.543  54.877 0.0000000000
65458  27.647  -24.672  53.823 0.0000000000
63126  30.356  -26.350  55.089 0.0000000000
64280  29.559  -25.575  54.205 0.0000000000
65476  28.706  -23.636  52.881 0.0000000000
66813  30.379  -23.167  52.530 0.0000000000
66812  31.256  -23.214  52.658 0.0000000000
152541  32.677  -22.568  52.177 0.0000000000
149487  33.772  -22.810  53.440 0.0000000000
52070  30.993  -36.135  58.608 0.0000000000
53212  32.126  -35.087  59.004 0.0000000000
54376  32.751  -34.592  59.306 0.0000000000
53182  33.720  -35.145  60.315 0.0000000000
55627  33.632  -33.400  59.453 0.0000000000
87623  55.809  -3.529  45.567 0.0000000000
87627  51.523  -3.992  45.694 0.0000000000
87626  52.371  -3.836  45.588 0.0000000000
160982  51.577  -7.087  45.038 0.0000000000
85836  52.144  -5.610  45.114 0.0000000000
150778  52.929  -4.951  45.300 0.0000000000
85834  54.358  -5.658  45.381 0.0000000000
85833  55.170  -5.674  45.379 0.0000000000
81093  43.018  -10.048  47.537 0.0000000000
80035  43.524  -10.822  47.737 0.0000000000
80036  42.548  -10.747  47.763 0.0000000000
41714  -2.375  -45.017  73.570 0.0000000000
69225  32.855  -21.102  50.591 0.0000000000
69224  33.342  -21.804  50.997 0.0000000000
148296  33.816  -22.230  51.597 0.0000000000
68040  32.946  -22.223  51.609 0.0000000000
50785  9.400  -37.414  66.103 0.0000000000
50786  8.812  -37.791  66.425 0.0000000000
54378  24.205  -35.152  58.999 0.0000000000
159363  17.931  -36.452  65.011 0.0000000000
50820  18.442  -36.574  64.928 0.0000000000
64240  28.310  -25.317  58.734 0.0000000000
162172  15.319  -33.524  62.676 0.0000000000
54330  15.083  -34.340  62.739 0.0000000000
55576  14.787  -33.361  63.186 0.0000000000
168540  16.104  -32.257  62.825 0.0000000000
56706  16.576  -32.613  62.180 0.0000000000
56707  15.854  -33.113  62.389 0.0000000000
55591  15.780  -34.224  62.209 0.0000000000
58796  29.131  -30.546  57.485 0.0000000000
167834  31.995  -33.233  58.018 0.0000000000
56737  32.493  -32.580  58.114 0.0000000000
55637  33.044  -32.968  58.831 0.0000000000
85818  45.307  -5.293  47.751 0.0000000000
149525  45.650  -5.145  48.583 0.0000000000
85817  46.108  -4.961  47.935 0.0000000000
85829  45.838  -5.769  46.645 0.0000000000
82130  46.606  -9.242  46.333 0.0000000000
81088  47.688  -10.151  47.638 0.0000000000
42868  1.688  -44.993  72.964 0.0000000000
80012  39.200  -11.309  49.609 0.0000000000
154923  38.158  -14.956  49.471 0.0000000000
74618  38.227  -15.980  49.814 0.0000000000
156190  33.928  -15.886  51.612 0.0000000000
70363  36.576  -20.598  50.934 0.0000000000
153131  36.567  -19.975  50.577 0.0000000000
70362  37.156  -20.129  51.063 0.0000000000
48725  28.133  -39.470  59.411 0.0000000000
48724  29.009  -39.297  59.636 0.0000000000
47638  28.507  -39.891  60.099 0.0000000000
81050  39.545  -10.663  51.003 0.0000000000
81061  39.924  -10.171  50.507 0.0000000000
163952  39.883  -10.218  49.807 0.0000000000
51984  13.171  -36.349  64.487 0.0000000000
51964  13.525  -36.898  65.064 0.0000000000
46388  7.334  -41.797  69.480 0.0000000000
46399  6.713  -41.444  68.699 0.0000000000
162088  6.160  -37.550  69.526 0.0000000000
145601  4.113  -42.475  69.884 0.0000000000
44087  3.054  -43.177  70.535 0.0000000000
157995  0.175  -42.222  71.718 0.0000000000
149841  -0.541  -42.212  72.059 0.0000000000
45145  -0.858  -41.846  72.748 0.0000000000
53198  27.027  -36.436  58.622 0.0000000000
52053  27.301  -36.496  59.380 0.0000000000
52097  26.583  -36.477  57.880 0.0000000000
48751  23.512  -38.784  58.846 0.0000000000
48750  24.107  -39.007  58.706 0.0000000000
48730  23.630  -39.300  59.451 0.0000000000
47643  24.222  -39.864  60.056 0.0000000000
48709  23.442  -39.654  60.363 0.0000000000
53188  20.290  -34.868  60.648 0.0000000000
67967  27.969  -22.055  54.652 0.0000000000
69147  28.356  -21.365  55.270 0.0000000000
69160  28.409  -21.540  54.214 0.0000000000
69174  28.509  -21.843  53.334 0.0000000000
67986  28.159  -22.631  53.238 0.0000000000
59895  29.632  -29.303  54.736 0.0000000000
60962  29.108  -28.583  54.640 0.0000000000
60961  30.180  -28.405  54.730 0.0000000000
65399  31.945  -24.944  55.733 0.0000000000
65410  32.671  -24.685  55.525 0.0000000000
65409  33.372  -24.415  55.645 0.0000000000
88660  53.900  -2.557  45.880 0.0000000000
84902  49.277  -6.944  45.024 0.0000000000
84901  49.956  -6.458  44.968 0.0000000000
140266  49.954  -7.216  44.973 0.0000000000
56675  16.213  -31.837  64.463 0.0000000000
56661  15.487  -31.945  65.120 0.0000000000
57671  16.906  -31.572  63.929 0.0000000000
150240  44.992  -10.269  47.486 0.0000000000
81079  45.014  -10.850  48.062 0.0000000000
80025  44.557  -11.453  48.558 0.0000000000
54405  30.250  -34.422  57.438 0.0000000000
55649  31.430  -33.529  57.587 0.0000000000
83941  42.891  -7.046  49.450 0.0000000000
84890  43.468  -6.751  48.106 0.0000000000
84894  44.200  -6.380  47.578 0.0000000000
83026  44.203  -7.759  46.801 0.0000000000
82110  44.420  -9.713  47.164 0.0000000000
82109  45.346  -9.764  47.044 0.0000000000
79961  38.608  -11.508  51.862 0.0000000000
79982  38.420  -11.461  50.987 0.0000000000
78917  37.924  -11.946  51.748 0.0000000000
78919  36.618  -12.799  51.403 0.0000000000
78935  36.877  -12.738  50.745 0.0000000000
77793  36.437  -13.171  50.833 0.0000000000
162879  32.469  -18.214  50.908 0.0000000000
69246  34.681  -21.291  50.569 0.0000000000
70366  34.181  -20.606  50.022 0.0000000000
69245  35.660  -21.271  50.765 0.0000000000
68037  36.050  -22.002  51.434 0.0000000000
68038  35.392  -22.276  51.667 0.0000000000
67984  35.596  -22.589  53.058 0.0000000000
157891  35.710  -22.960  54.477 0.0000000000
51966  11.249  -36.447  64.994 0.0000000000
159456  11.269  -37.028  65.151 0.0000000000
49663  10.485  -38.643  66.271 0.0000000000
48629  10.118  -39.190  66.675 0.0000000000
48630  9.351  -39.261  66.539 0.0000000000
48631  8.588  -39.305  66.621 0.0000000000
48617  7.528  -39.736  67.194 0.0000000000
143416  2.972  -40.412  70.843 0.0000000000
47466  2.439  -40.630  71.281 0.0000000000
46340  1.035  -40.741  73.021 0.0000000000
52039  25.644  -36.498  59.823 0.0000000000
52075  25.549  -36.264  58.088 0.0000000000
53218  23.739  -35.060  57.815 0.0000000000
53238  24.246  -35.691  57.566 0.0000000000
156726  23.673  -35.702  57.471 0.0000000000
50921  23.612  -37.104  57.586 0.0000000000
52101  23.110  -36.240  57.587 0.0000000000
53164  19.111  -35.325  62.987 0.0000000000
67940  27.558  -22.795  56.008 0.0000000000
66731  27.419  -23.601  56.272 0.0000000000
60933  32.602  -28.914  56.301 0.0000000000
139462  33.693  -27.573  58.081 0.0000000000
61992  33.161  -27.340  57.458 0.0000000000
73571  32.854  -17.140  52.137 0.0000000000
71402  31.720  -19.893  51.078 0.0000000000
71403  31.219  -19.698  51.842 0.0000000000
52000  16.361  -35.783  63.818 0.0000000000
53140  13.755  -35.990  64.183 0.0000000000
53154  13.701  -35.401  63.904 0.0000000000
56677  14.585  -32.337  64.506 0.0000000000
55577  14.112  -33.204  63.847 0.0000000000
148911  13.908  -32.901  64.899 0.0000000000
55547  12.707  -33.811  65.569 0.0000000000
54306  12.961  -34.206  64.695 0.0000000000
54308  11.622  -34.905  65.369 0.0000000000
53129  10.990  -35.270  65.815 0.0000000000
54354  23.398  -33.934  61.069 0.0000000000
56715  21.348  -32.127  61.527 0.0000000000
56726  21.697  -32.422  60.825 0.0000000000
56727  20.918  -32.319  60.757 0.0000000000
55621  20.540  -32.968  60.259 0.0000000000
55605  20.099  -32.463  60.818 0.0000000000
56719  17.943  -32.772  61.533 0.0000000000
55607  18.555  -33.296  61.272 0.0000000000
54357  18.566  -34.088  61.748 0.0000000000
54345  17.650  -34.471  62.073 0.0000000000
53166  16.267  -35.116  62.548 0.0000000000
53165  17.103  -35.069  62.599 0.0000000000
51999  17.267  -35.795  63.878 0.0000000000
60913  29.222  -28.225  58.078 0.0000000000
165066  28.683  -27.983  57.624 0.0000000000
60923  28.856  -28.655  57.255 0.0000000000
59864  29.065  -30.065  55.880 0.0000000000
166185  28.797  -29.397  55.980 0.0000000000
59879  29.240  -29.829  54.981 0.0000000000
57746  29.165  -31.604  56.224 0.0000000000
142250  32.168  -31.679  56.406 0.0000000000
57755  31.906  -31.196  55.760 0.0000000000
58813  31.502  -30.607  55.300 0.0000000000
58803  32.281  -30.359  55.831 0.0000000000
57720  33.750  -31.404  58.601 0.0000000000
58795  33.367  -30.368  57.546 0.0000000000
86724  49.143  -4.400  47.346 0.0000000000
85827  48.140  -4.980  46.294 0.0000000000
85840  48.093  -5.750  45.593 0.0000000000
83042  45.861  -7.846  45.870 0.0000000000
83040  47.451  -8.449  45.482 0.0000000000
140068  48.109  -8.028  45.194 0.0000000000
82090  40.904  -9.673  48.649 0.0000000000
145893  40.975  -11.313  48.377 0.0000000000
163460  40.060  -12.141  48.652 0.0000000000
78960  40.819  -12.093  48.446 0.0000000000
77806  40.556  -13.585  48.789 0.0000000000
78933  38.006  -12.380  49.660 0.0000000000
78945  38.835  -12.035  49.274 0.0000000000
148598  39.543  -14.923  49.305 0.0000000000
75665  40.289  -14.970  49.430 0.0000000000
75649  40.583  -15.672  49.893 0.0000000000
73593  40.243  -16.992  50.667 0.0000000000
73583  40.059  -17.795  51.098 0.0000000000
77749  35.477  -13.332  52.764 0.0000000000
76661  34.817  -13.559  52.453 0.0000000000
165685  34.870  -14.915  51.230 0.0000000000
155640  35.846  -14.892  50.275 0.0000000000
160556  35.725  -15.591  50.047 0.0000000000
73599  34.190  -17.552  49.918 0.0000000000
157287  34.920  -18.168  49.595 0.0000000000
151519  36.438  -18.250  49.861 0.0000000000
73608  35.692  -17.804  49.679 0.0000000000
166036  36.837  -17.852  49.934 0.0000000000
73596  37.205  -17.526  50.035 0.0000000000
73595  37.856  -17.848  50.360 0.0000000000
50897  29.333  -37.311  58.041 0.0000000000
50881  29.808  -37.823  58.762 0.0000000000
48723  29.869  -39.039  59.918 0.0000000000
49764  30.239  -38.274  59.533 0.0000000000
82987  42.022  -8.055  50.579 0.0000000000
82988  41.365  -8.562  50.333 0.0000000000
82077  41.019  -8.700  49.274 0.0000000000
150090  41.596  -9.643  48.135 0.0000000000
51962  15.610  -36.330  65.722 0.0000000000
50783  12.238  -37.779  66.022 0.0000000000
48596  9.743  -40.237  68.971 0.0000000000
53097  9.292  -35.493  68.153 0.0000000000
51912  8.315  -36.440  68.379 0.0000000000
50750  7.276  -37.523  68.226 0.0000000000
49629  6.299  -38.823  68.246 0.0000000000
49628  6.941  -38.427  67.784 0.0000000000
48561  4.686  -38.911  69.952 0.0000000000
49614  5.349  -38.611  69.480 0.0000000000
46391  4.566  -41.351  69.078 0.0000000000
47521  4.908  -40.446  68.817 0.0000000000
46401  5.224  -41.098  68.704 0.0000000000
46389  5.977  -41.883  69.113 0.0000000000
44085  4.870  -43.119  70.740 0.0000000000
42903  2.646  -44.239  71.543 0.0000000000
42904  1.603  -44.236  71.381 0.0000000000
44070  0.470  -43.444  71.216 0.0000000000
42886  0.298  -44.974  71.965 0.0000000000
42907  -0.766  -44.263  71.775 0.0000000000
45132  -2.071  -41.517  73.603 0.0000000000
148961  -2.514  -42.472  73.201 0.0000000000
44042  -4.231  -43.472  73.765 0.0000000000
168496  28.398  -33.975  58.224 0.0000000000
53216  27.642  -35.772  57.972 0.0000000000
50919  25.181  -36.988  57.574 0.0000000000
50918  26.042  -36.824  57.683 0.0000000000
48727  26.282  -39.785  59.286 0.0000000000
158111  26.346  -40.319  59.876 0.0000000000
47641  25.680  -40.270  59.795 0.0000000000
55631  22.618  -33.261  59.382 0.0000000000
55641  23.009  -33.729  58.781 0.0000000000
55642  22.374  -33.569  58.786 0.0000000000
157663  20.842  -35.844  59.579 0.0000000000
157849  21.249  -35.984  59.028 0.0000000000
52078  21.669  -36.580  58.883 0.0000000000
165136  21.331  -37.265  59.959 0.0000000000
50847  20.411  -36.655  62.804 0.0000000000
52027  20.611  -36.562  61.947 0.0000000000
49735  21.688  -38.430  61.501 0.0000000000
49748  21.828  -38.346  60.742 0.0000000000
78959  42.351  -12.164  48.415 0.0000000000
78944  42.808  -12.846  48.980 0.0000000000
71351  30.843  -19.692  54.225 0.0000000000
70304  30.097  -20.051  53.696 0.0000000000
70320  29.788  -20.894  52.575 0.0000000000
151041  30.734  -21.124  51.687 0.0000000000
69227  30.961  -22.021  51.745 0.0000000000
61994  27.695  -27.295  56.886 0.0000000000
63110  27.585  -26.402  57.197 0.0000000000
62007  27.396  -27.386  55.896 0.0000000000
146684  28.028  -27.125  54.225 0.0000000000
63142  27.189  -26.332  54.779 0.0000000000
64282  27.363  -25.798  54.401 0.0000000000
65433  27.232  -25.065  54.382 0.0000000000
64300  27.619  -25.323  54.028 0.0000000000
60944  30.885  -27.644  55.195 0.0000000000
62016  31.278  -26.876  55.673 0.0000000000
140623  30.281  -24.922  54.337 0.0000000000
164712  29.685  -25.000  53.924 0.0000000000
64298  29.058  -24.935  53.605 0.0000000000
65456  29.202  -24.168  53.009 0.0000000000
66814  29.384  -23.405  52.685 0.0000000000
66789  30.058  -23.948  52.967 0.0000000000
66787  32.339  -23.778  53.916 0.0000000000
145839  31.752  -23.457  53.176 0.0000000000
66811  32.042  -22.896  52.546 0.0000000000
66810  33.039  -22.789  52.889 0.0000000000
66786  33.105  -23.161  53.653 0.0000000000
66767  34.143  -23.370  54.562 0.0000000000
166238  32.407  -35.937  59.837 0.0000000000
53195  31.995  -35.782  59.361 0.0000000000
53194  32.605  -35.334  59.589 0.0000000000
54365  34.010  -34.242  60.091 0.0000000000
166048  34.289  -33.387  59.888 0.0000000000
87624  54.892  -3.408  45.589 0.0000000000
88658  55.423  -2.885  45.659 0.0000000000
143013  49.687  -4.208  46.696 0.0000000000
86739  51.071  -4.493  45.568 0.0000000000
86738  51.895  -4.684  45.339 0.0000000000
140269  53.072  -7.021  45.285 0.0000000000
141580  52.976  -5.999  45.243 0.0000000000
85835  53.613  -5.566  45.341 0.0000000000
148421  53.953  -4.905  45.386 0.0000000000
80026  43.796  -11.543  48.298 0.0000000000
55652  28.737  -33.643  57.675 0.0000000000
54389  30.696  -34.980  57.813 0.0000000000
83005  41.988  -8.429  48.241 0.0000000000
83949  42.320  -7.777  48.405 0.0000000000
83018  42.640  -8.461  47.725 0.0000000000
83017  43.470  -8.129  47.261 0.0000000000
82111  43.424  -9.246  47.283 0.0000000000
78899  37.177  -12.545  52.024 0.0000000000
77761  36.119  -12.882  52.252 0.0000000000
71420  32.825  -19.634  50.013 0.0000000000
69247  33.763  -21.237  50.499 0.0000000000
68039  34.660  -22.262  51.616 0.0000000000
67985  34.589  -22.633  53.124 0.0000000000
51946  10.155  -36.480  65.779 0.0000000000
50803  10.047  -37.360  65.739 0.0000000000
49645  8.158  -38.559  66.683 0.0000000000
47447  2.364  -40.323  72.370 0.0000000000
54391  23.846  -34.782  58.367 0.0000000000
54392  23.326  -34.420  58.313 0.0000000000
51979  18.702  -36.330  64.284 0.0000000000
65387  27.555  -24.895  57.060 0.0000000000
60922  33.841  -29.107  57.835 0.0000000000
60910  34.230  -28.907  58.342 0.0000000000
72470  32.543  -18.377  53.021 0.0000000000
71365  32.026  -18.981  53.338 0.0000000000
71366  31.337  -19.179  52.966 0.0000000000
53153  15.827  -35.461  63.103 0.0000000000
55529  13.158  -33.179  66.157 0.0000000000
54294  12.015  -34.132  65.911 0.0000000000
157700  21.026  -31.864  62.346 0.0000000000
57685  17.542  -31.469  63.513 0.0000000000
57696  17.843  -31.575  62.818 0.0000000000
56705  17.424  -32.231  62.115 0.0000000000
55589  17.155  -33.162  61.606 0.0000000000
54358  17.077  -33.967  61.647 0.0000000000
166249  16.023  -34.777  62.266 0.0000000000
168462  29.179  -29.140  57.315 0.0000000000
141544  29.336  -29.626  57.503 0.0000000000
149446  29.113  -30.083  56.805 0.0000000000
164341  29.228  -30.881  55.835 0.0000000000
55664  31.128  -33.135  56.885 0.0000000000
56759  31.689  -32.437  56.617 0.0000000000
56758  32.771  -31.199  57.133 0.0000000000
56744  32.795  -31.775  57.848 0.0000000000
56735  33.933  -31.970  59.035 0.0000000000
85813  44.588  -5.706  48.820 0.0000000000
85811  46.455  -5.042  48.839 0.0000000000
86725  48.235  -4.533  47.007 0.0000000000
86726  47.443  -4.883  46.779 0.0000000000
84896  47.193  -5.990  45.806 0.0000000000
82131  45.771  -9.186  46.508 0.0000000000
83024  46.185  -8.610  46.004 0.0000000000
82128  48.471  -9.532  46.141 0.0000000000
143684  47.890  -9.744  46.739 0.0000000000
157803  40.308  -10.076  49.266 0.0000000000
149790  38.092  -14.076  49.239 0.0000000000
74617  39.237  -16.157  49.921 0.0000000000
76651  34.496  -14.284  52.599 0.0000000000
75635  34.487  -15.327  51.322 0.0000000000
71433  36.140  -19.013  49.901 0.0000000000
165205  36.549  -19.416  50.300 0.0000000000
150496  36.871  -18.864  50.225 0.0000000000
72504  37.695  -18.761  50.623 0.0000000000
71401  37.862  -19.632  51.132 0.0000000000
81035  40.488  -10.472  52.338 0.0000000000
81048  40.913  -9.935  51.806 0.0000000000
82065  40.697  -9.125  50.180 0.0000000000
82066  40.162  -9.671  50.004 0.0000000000
51963  14.614  -36.613  65.142 0.0000000000
51945  14.213  -36.886  65.937 0.0000000000
47516  8.603  -40.269  67.592 0.0000000000
46375  6.945  -42.210  70.146 0.0000000000
50732  7.278  -36.412  69.768 0.0000000000
152250  7.050  -37.008  69.026 0.0000000000
49630  5.695  -39.189  68.683 0.0000000000
144431  3.844  -40.242  69.862 0.0000000000
45214  4.650  -42.143  69.391 0.0000000000
46363  0.753  -41.801  71.683 0.0000000000
45148  -4.093  -42.364  73.598 0.0000000000
52096  27.364  -36.380  57.780 0.0000000000
49814  26.578  -37.582  57.714 0.0000000000
49817  24.053  -37.831  57.737 0.0000000000
49789  24.464  -38.512  58.121 0.0000000000
47642  24.931  -40.176  59.834 0.0000000000
55633  20.988  -33.251  59.641 0.0000000000
54380  20.973  -33.979  59.153 0.0000000000
53202  20.637  -34.934  59.708 0.0000000000
52057  20.802  -36.454  60.201 0.0000000000
49713  20.925  -38.141  63.759 0.0000000000
49726  21.111  -37.998  62.800 0.0000000000
77804  42.393  -13.520  49.278 0.0000000000
76701  42.841  -13.918  49.875 0.0000000000
70291  29.454  -20.413  54.200 0.0000000000
69173  28.925  -21.101  53.683 0.0000000000
69193  29.193  -21.513  52.783 0.0000000000
68011  29.508  -22.486  52.489 0.0000000000
60945  28.271  -28.730  55.114 0.0000000000
62018  27.505  -27.674  55.184 0.0000000000
60946  27.874  -28.162  54.843 0.0000000000
62032  28.467  -27.799  54.454 0.0000000000
62031  29.271  -27.141  54.387 0.0000000000
63118  31.702  -26.017  56.066 0.0000000000
63125  30.979  -25.931  55.466 0.0000000000
64260  31.594  -25.315  55.796 0.0000000000
166082  31.078  -25.031  55.248 0.0000000000
65432  31.158  -24.561  54.463 0.0000000000
164806  31.837  -24.294  54.422 0.0000000000
66768  33.258  -23.702  54.434 0.0000000000
66749  33.078  -24.242  55.179 0.0000000000
50879  31.346  -37.074  59.602 0.0000000000
50878  31.991  -36.952  60.096 0.0000000000
52035  32.468  -36.451  60.225 0.0000000000
164932  54.415  -2.995  45.667 0.0000000000
86736  54.431  -4.164  45.470 0.0000000000
86730  50.334  -4.306  46.000 0.0000000000
85838  50.005  -5.654  45.199 0.0000000000
140270  53.932  -7.343  45.339 0.0000000000
57670  17.868  -31.617  64.292 0.0000000000
56690  16.078  -31.848  63.561 0.0000000000
157275  46.393  -10.543  48.175 0.0000000000
81078  45.836  -10.839  48.463 0.0000000000
57731  28.796  -31.412  57.192 0.0000000000
56746  28.735  -32.209  57.002 0.0000000000
55665  30.085  -33.221  56.693 0.0000000000
84882  43.629  -6.659  49.834 0.0000000000
84885  44.093  -6.137  49.328 0.0000000000
83948  42.825  -7.129  48.634 0.0000000000
85819  44.623  -5.713  47.904 0.0000000000
84893  44.997  -5.870  46.976 0.0000000000
84897  45.560  -6.296  46.471 0.0000000000
166157  45.088  -6.655  46.504 0.0000000000
83957  44.997  -7.532  46.332 0.0000000000
41710  0.771  -45.173  72.756 0.0000000000
79996  38.991  -11.095  50.481 0.0000000000
78934  37.355  -12.543  50.308 0.0000000000
163071  37.462  -12.946  49.763 0.0000000000
77809  37.271  -13.704  49.691 0.0000000000
76707  36.666  -14.505  49.946 0.0000000000
153006  32.983  -16.988  51.326 0.0000000000
74591  33.584  -16.483  51.020 0.0000000000
72505  33.494  -17.942  50.103 0.0000000000
72518  34.042  -18.628  49.591 0.0000000000
71435  33.702  -19.672  49.647 0.0000000000
165050  34.365  -19.409  49.557 0.0000000000
70384  35.353  -20.059  49.924 0.0000000000
166566  36.176  -20.927  50.799 0.0000000000
161046  36.647  -22.174  52.259 0.0000000000
67983  36.454  -22.511  52.975 0.0000000000
66783  36.961  -22.675  53.585 0.0000000000
141712  27.782  -40.631  60.574 0.0000000000
151875  28.154  -40.264  60.337 0.0000000000
46484  28.121  -41.141  61.201 0.0000000000
155331  11.699  -37.432  65.402 0.0000000000
50784  11.455  -37.986  65.938 0.0000000000
141335  9.587  -39.985  67.895 0.0000000000
48615  9.006  -39.771  67.050 0.0000000000
48562  4.087  -39.345  70.378 0.0000000000
47484  3.319  -40.717  70.147 0.0000000000
46377  2.633  -41.962  70.225 0.0000000000
46361  2.088  -41.418  70.707 0.0000000000
52054  26.482  -36.633  59.182 0.0000000000
52098  25.402  -36.386  57.778 0.0000000000
52099  24.646  -36.346  57.574 0.0000000000
50920  24.371  -37.056  57.479 0.0000000000
50898  23.450  -37.802  57.996 0.0000000000
49791  23.064  -38.240  58.661 0.0000000000
53177  20.355  -35.651  61.535 0.0000000000
53163  19.913  -35.280  62.377 0.0000000000
51997  19.607  -36.559  63.988 0.0000000000
51996  20.161  -36.697  63.484 0.0000000000
50832  20.547  -37.357  63.341 0.0000000000
75647  42.237  -15.395  50.523 0.0000000000
67951  27.899  -22.020  55.682 0.0000000000
67952  27.537  -22.699  55.022 0.0000000000
167679  31.569  -29.394  55.071 0.0000000000
60943  31.217  -28.587  55.054 0.0000000000
60942  31.992  -28.730  55.571 0.0000000000
141874  32.298  -28.004  56.227 0.0000000000
63117  32.419  -26.158  56.616 0.0000000000
87613  52.934  -2.540  46.101 0.0000000000
42869  -2.891  -44.492  73.484 0.0000000000
76640  35.717  -14.809  53.936 0.0000000000
152629  34.882  -14.747  53.346 0.0000000000
75612  34.428  -15.319  53.073 0.0000000000
74578  33.978  -16.117  52.628 0.0000000000
73572  32.498  -17.588  51.546 0.0000000000
72493  32.047  -18.273  51.639 0.0000000000
70337  31.978  -20.894  50.838 0.0000000000
51960  17.381  -36.318  65.099 0.0000000000
52001  15.340  -35.879  63.817 0.0000000000
51983  14.556  -36.216  64.307 0.0000000000
54318  13.864  -34.207  63.722 0.0000000000
54319  13.346  -34.758  63.987 0.0000000000
51985  12.401  -36.191  64.580 0.0000000000
51986  11.754  -36.125  64.735 0.0000000000
53130  10.723  -36.058  65.408 0.0000000000
51927  9.830  -36.062  66.522 0.0000000000
51928  9.290  -36.224  67.152 0.0000000000
54368  23.587  -34.106  60.138 0.0000000000
55618  23.069  -33.362  60.252 0.0000000000
55619  22.249  -32.762  60.209 0.0000000000
165860  22.263  -32.676  61.016 0.0000000000
54369  20.108  -33.957  60.647 0.0000000000
56702  20.103  -31.643  62.220 0.0000000000
56717  19.602  -32.100  61.383 0.0000000000
55606  19.279  -32.871  60.937 0.0000000000
53178  19.478  -34.544  62.053 0.0000000000
142416  18.077  -35.059  62.856 0.0000000000
159757  18.379  -35.522  63.370 0.0000000000
51980  17.833  -36.197  64.508 0.0000000000
64249  28.045  -26.009  58.049 0.0000000000
63097  28.410  -26.782  58.402 0.0000000000
61993  28.267  -27.408  57.653 0.0000000000
163171  27.824  -27.959  56.271 0.0000000000
158737  28.405  -28.748  56.106 0.0000000000
59896  28.835  -29.125  54.879 0.0000000000
57757  29.862  -31.221  55.494 0.0000000000
58814  30.512  -30.652  55.109 0.0000000000
146445  31.089  -30.031  54.888 0.0000000000
59863  32.732  -29.695  56.443 0.0000000000
149914  33.147  -29.839  57.069 0.0000000000
59852  33.527  -29.649  57.509 0.0000000000
159465  46.313  -6.327  46.088 0.0000000000
145125  46.987  -6.738  45.568 0.0000000000
83041  46.659  -8.090  45.555 0.0000000000
163036  48.051  -7.296  45.150 0.0000000000
83968  48.707  -7.524  45.109 0.0000000000
149445  41.574  -12.370  48.470 0.0000000000
77805  41.524  -13.763  49.045 0.0000000000
76703  41.487  -14.464  49.539 0.0000000000
78961  39.388  -12.612  48.790 0.0000000000
77808  38.893  -13.534  48.883 0.0000000000
77807  39.746  -13.333  48.718 0.0000000000
75648  41.413  -15.722  50.279 0.0000000000
74600  41.381  -16.466  50.676 0.0000000000
74590  41.692  -17.014  51.103 0.0000000000
74602  40.043  -16.272  50.092 0.0000000000
73592  41.037  -16.892  50.796 0.0000000000
77763  34.630  -13.628  51.936 0.0000000000
77775  35.339  -13.551  51.619 0.0000000000
77794  35.909  -13.684  50.962 0.0000000000
76689  36.016  -14.224  50.451 0.0000000000
74606  34.022  -16.800  50.391 0.0000000000
154395  35.213  -16.133  50.045 0.0000000000
73598  35.536  -16.973  49.773 0.0000000000
74604  36.215  -16.343  49.839 0.0000000000
75651  37.175  -16.127  49.862 0.0000000000
157892  37.839  -16.953  50.082 0.0000000000
165620  38.498  -17.445  50.449 0.0000000000
72502  39.389  -18.110  51.084 0.0000000000
71400  38.385  -18.992  51.059 0.0000000000
72492  39.100  -18.781  51.267 0.0000000000
72491  39.852  -18.506  51.420 0.0000000000
52094  29.018  -35.939  57.556 0.0000000000
52093  29.757  -35.975  57.719 0.0000000000
50880  30.561  -37.497  59.177 0.0000000000
83935  42.420  -7.548  49.993 0.0000000000
83006  41.669  -8.108  48.826 0.0000000000
153099  15.008  -36.582  66.104 0.0000000000
51896  8.685  -35.704  68.775 0.0000000000
51929  8.606  -36.909  67.334 0.0000000000
49646  7.418  -38.956  67.075 0.0000000000
47538  6.976  -40.156  67.707 0.0000000000
48598  5.475  -39.947  68.531 0.0000000000
45194  6.137  -42.405  69.896 0.0000000000
162869  5.959  -42.661  70.457 0.0000000000
42885  1.204  -44.779  72.087 0.0000000000
44069  1.306  -43.523  70.943 0.0000000000
42887  -0.501  -44.934  72.046 0.0000000000
42889  -2.119  -44.686  72.982 0.0000000000
45165  -1.966  -43.129  72.657 0.0000000000
61981  29.304  -27.777  58.854 0.0000000000
53237  28.671  -35.249  57.691 0.0000000000
54390  28.275  -34.626  58.393 0.0000000000
50916  28.752  -36.643  57.648 0.0000000000
142006  28.461  -37.388  57.797 0.0000000000
48726  27.252  -39.602  59.281 0.0000000000
49788  25.281  -38.555  58.037 0.0000000000
49787  26.216  -38.456  57.998 0.0000000000
48747  26.739  -39.068  58.608 0.0000000000
47623  26.890  -40.608  60.317 0.0000000000
165662  22.440  -34.840  57.994 0.0000000000
54394  21.692  -34.046  58.606 0.0000000000
53220  21.905  -34.894  58.230 0.0000000000
53219  22.480  -35.458  57.889 0.0000000000
52077  22.256  -36.410  58.156 0.0000000000
50882  22.371  -37.839  59.018 0.0000000000
49766  22.661  -38.473  59.339 0.0000000000
52041  20.674  -36.522  60.979 0.0000000000
50884  21.068  -37.140  60.481 0.0000000000
49736  21.261  -37.898  61.886 0.0000000000
50869  21.539  -37.718  60.264 0.0000000000
48731  22.839  -38.985  59.965 0.0000000000
48710  22.752  -39.433  60.900 0.0000000000
147848  43.698  -12.820  49.390 0.0000000000
75646  43.039  -15.092  50.772 0.0000000000
164355  31.630  -19.459  54.677 0.0000000000
71384  30.879  -19.632  52.553 0.0000000000
70319  30.212  -20.199  52.778 0.0000000000
64250  27.649  -25.661  57.357 0.0000000000
65400  27.160  -24.984  56.086 0.0000000000
63119  27.110  -26.506  55.820 0.0000000000
65401  26.991  -25.686  55.607 0.0000000000
65412  27.088  -24.226  55.700 0.0000000000
66751  26.926  -24.158  54.963 0.0000000000
66769  27.362  -23.456  54.413 0.0000000000
67987  27.748  -23.199  53.610 0.0000000000
62030  30.126  -27.222  54.833 0.0000000000
63140  29.039  -26.430  54.147 0.0000000000
64281  28.654  -25.777  53.874 0.0000000000
64299  28.159  -25.167  53.674 0.0000000000
65457  28.326  -24.281  53.263 0.0000000000
66790  28.170  -23.431  53.105 0.0000000000
68012  28.706  -22.981  52.749 0.0000000000
140879  30.934  -23.729  53.049 0.0000000000
68010  30.421  -22.431  52.178 0.0000000000
68009  31.155  -22.704  52.163 0.0000000000
68008  31.942  -22.294  51.703 0.0000000000
68007  33.423  -22.505  52.229 0.0000000000
66809  33.807  -22.619  52.815 0.0000000000
144453  34.403  -22.881  53.959 0.0000000000
153600  33.737  -23.116  54.005 0.0000000000
66766  34.973  -23.082  54.565 0.0000000000
53235  30.230  -35.570  57.802 0.0000000000
53214  30.890  -35.599  58.231 0.0000000000
52051  31.410  -36.303  59.162 0.0000000000
53213  31.486  -35.640  58.770 0.0000000000
54388  31.498  -34.844  58.332 0.0000000000
54387  32.281  -34.295  58.727 0.0000000000
54386  32.914  -33.815  59.075 0.0000000000
52034  33.050  -36.504  60.734 0.0000000000
53193  33.258  -34.877  59.825 0.0000000000
54375  33.314  -34.183  59.554 0.0000000000
56730  33.614  -32.595  59.102 0.0000000000
163603  34.255  -32.636  59.545 0.0000000000
87615  51.528  -3.344  46.108 0.0000000000
140267  50.736  -6.965  44.931 0.0000000000
141579  51.461  -6.229  44.963 0.0000000000
86737  53.497  -4.047  45.468 0.0000000000
148716  54.811  -4.959  45.430 0.0000000000
50883  21.715  -37.391  59.474 0.0000000000
50900  22.122  -37.123  58.694 0.0000000000
54408  22.995  -34.790  57.834 0.0000000000
61982  28.833  -27.544  58.245 0.0000000000
62017  30.722  -26.801  55.288 0.0000000000
63127  27.222  -26.952  55.160 0.0000000000
63128  27.005  -26.225  55.223 0.0000000000
63161  27.862  -25.898  53.970 0.0000000000
65386  33.083  -25.160  56.378 0.0000000000
65413  26.919  -24.885  55.288 0.0000000000
65434  26.948  -24.775  54.778 0.0000000000
65455  29.820  -24.568  53.545 0.0000000000
66791  27.644  -23.887  53.634 0.0000000000
70339  30.693  -20.256  52.049 0.0000000000
70364  35.927  -20.488  50.432 0.0000000000
70385  34.631  -19.988  49.697 0.0000000000
141360  34.679  -16.800  50.016 0.0000000000
144440  28.557  -27.043  54.192 0.0000000000
154331  27.242  -24.328  54.325 0.0000000000
161963  27.629  -26.587  54.362 0.0000000000
163727  29.779  -26.363  54.639 0.0000000000
164077  28.056  -24.442  57.717 0.0000000000
164442  28.109  -22.140  53.845 0.0000000000
166725  27.392  -26.825  54.714 0.0000000000
167707  27.304  -26.730  56.470 0.0000000000
