#!ascii label  , from subject sub-v1s11x0050150_ses-1 vox2ras=TkReg
1112
120961  33.086  -73.704  -51.883 0.5000000000
12006  29.277  -70.187  -42.855 0.6000000238
12007  28.725  -69.646  -42.350 0.6000000238
11148  28.667  -70.544  -41.523 0.6000000238
11134  28.217  -70.171  -41.040 0.6000000238
130719  28.293  -69.119  -41.986 0.6999999881
11997  28.460  -69.709  -41.514 0.6000000238
7928  31.607  -73.816  -48.992 0.5000000000
112849  32.101  -71.081  -51.477 0.6000000238
129533  32.113  -72.159  -50.442 0.6000000238
8768  31.234  -73.188  -50.329 0.5000000000
11285  31.563  -70.413  -52.374 0.5000000000
10428  31.715  -71.823  -51.186 0.5000000000
9579  31.455  -72.512  -50.771 0.6000000238
134005  29.866  -73.921  -43.634 0.5000000000
11300  33.267  -70.734  -53.941 0.4000000060
8688  30.295  -73.328  -43.623 0.5000000000
117339  29.251  -74.185  -43.365 0.5000000000
9526  30.127  -72.652  -43.151 0.6000000238
10360  30.067  -71.381  -42.875 0.6000000238
11174  29.295  -70.113  -43.847 0.6000000238
12035  28.445  -69.764  -44.382 0.6999999881
12019  28.718  -69.618  -43.301 0.6999999881
12051  26.382  -69.935  -45.750 0.6000000238
12036  27.556  -69.650  -44.704 0.6999999881
12037  26.702  -69.574  -44.865 0.6000000238
119071  27.086  -69.172  -44.022 0.6999999881
12052  25.507  -69.761  -45.810 0.6999999881
11135  27.655  -70.375  -40.593 0.6000000238
8747  32.153  -73.747  -48.216 0.5000000000
8758  31.642  -73.344  -49.577 0.6000000238
11284  32.398  -70.233  -51.588 0.6000000238
10426  32.836  -70.796  -50.682 0.6999999881
9573  32.044  -72.701  -49.848 0.6000000238
11293  31.239  -69.794  -52.967 0.4000000060
9535  31.247  -72.552  -44.431 0.5000000000
8706  30.840  -73.330  -44.144 0.5000000000
9593  33.395  -72.460  -52.986 0.5000000000
9536  30.676  -72.571  -43.731 0.5000000000
11187  29.888  -70.538  -44.406 0.6999999881
10359  30.428  -71.963  -43.199 0.6000000238
11206  29.625  -70.470  -45.473 0.6999999881
11172  30.376  -71.409  -43.463 0.6000000238
11188  29.006  -70.216  -44.999 0.6999999881
11173  29.909  -70.771  -43.389 0.6000000238
11189  28.082  -70.116  -45.395 0.6999999881
11209  26.913  -70.448  -46.519 0.6000000238
11210  26.040  -70.347  -46.649 0.6000000238
12050  27.222  -70.067  -45.606 0.6000000238
11231  24.756  -70.323  -47.602 0.6000000238
12071  25.174  -70.084  -46.687 0.6999999881
12886  27.490  -68.835  -40.695 0.6999999881
11136  26.937  -70.682  -40.186 0.5000000000
12021  26.233  -69.077  -44.110 0.6999999881
128975  26.709  -68.754  -43.409 0.6999999881
11991  27.804  -69.534  -40.719 0.6000000238
10414  33.231  -72.097  -48.402 0.5000000000
9564  32.808  -72.658  -48.433 0.5000000000
8737  32.412  -73.611  -47.418 0.5000000000
10421  33.141  -71.283  -49.896 0.6999999881
9572  32.744  -72.402  -49.087 0.6000000238
11283  32.646  -69.491  -51.615 0.5000000000
11279  33.251  -69.934  -50.703 0.6999999881
130010  33.417  -70.589  -50.008 0.6999999881
9578  32.664  -71.995  -49.825 0.6000000238
13017  32.025  -68.127  -52.921 0.4000000060
11292  31.648  -68.931  -52.946 0.4000000060
116695  31.891  -69.535  -52.446 0.5000000000
9545  31.732  -72.238  -45.087 0.5000000000
10386  31.035  -71.378  -44.683 0.5000000000
10372  31.345  -71.867  -44.631 0.5000000000
118909  30.876  -71.793  -43.964 0.5000000000
11186  30.496  -71.103  -44.074 0.5000000000
11207  28.649  -70.469  -46.083 0.6999999881
11246  28.022  -70.364  -47.899 0.6000000238
11227  28.243  -70.584  -46.938 0.6999999881
11247  27.310  -70.527  -48.173 0.6000000238
11228  27.464  -70.618  -47.221 0.6000000238
11208  27.750  -70.461  -46.301 0.6999999881
12119  25.675  -70.047  -50.097 0.6999999881
124013  26.759  -70.438  -48.907 0.6000000238
11276  24.209  -69.906  -50.179 0.6000000238
11264  25.419  -70.375  -49.684 0.6999999881
11230  25.626  -70.542  -47.668 0.6999999881
12121  22.938  -69.068  -50.083 0.6000000238
11266  23.749  -70.009  -49.671 0.6000000238
11249  25.102  -70.594  -48.710 0.6999999881
11984  26.746  -69.374  -39.498 0.6000000238
11250  24.221  -70.342  -48.597 0.6999999881
12912  26.731  -68.428  -42.506 0.6999999881
11125  27.230  -69.823  -40.061 0.6000000238
12091  22.512  -69.224  -48.566 0.6999999881
12090  23.370  -69.805  -48.327 0.6000000238
12072  24.347  -69.791  -46.726 0.8000000119
12053  24.615  -69.574  -45.859 0.6999999881
122964  24.885  -69.322  -44.986 0.6999999881
12926  25.970  -68.622  -43.265 0.6999999881
129072  33.043  -72.449  -47.759 0.6000000238
11273  33.636  -69.939  -49.669 0.6999999881
113901  33.548  -70.798  -49.137 0.6999999881
10422  33.228  -71.691  -49.119 0.6000000238
12133  33.196  -69.101  -51.192 0.5000000000
12128  33.602  -69.125  -50.313 0.6999999881
12134  32.346  -68.618  -52.293 0.5000000000
8716  32.138  -72.844  -45.629 0.5000000000
10385  31.640  -71.527  -45.221 0.5000000000
114543  30.284  -70.553  -45.722 0.6000000238
11245  28.874  -70.271  -47.374 0.6000000238
11226  29.461  -70.400  -46.417 0.6999999881
11205  30.492  -70.845  -44.923 0.6999999881
133129  28.764  -70.490  -46.711 0.6999999881
11261  27.533  -69.829  -48.986 0.6000000238
12088  28.518  -69.687  -48.372 0.6000000238
12978  25.535  -68.867  -48.457 0.6999999881
12994  26.340  -69.380  -49.386 0.6999999881
12105  26.830  -69.603  -49.520 0.6999999881
11974  26.336  -68.991  -38.939 0.6000000238
12979  24.461  -68.588  -48.524 0.6000000238
12995  25.092  -69.450  -49.780 0.6999999881
11274  26.269  -69.953  -49.880 0.6999999881
14792  22.370  -67.071  -48.905 0.6000000238
13884  22.550  -68.284  -49.820 0.6000000238
13869  23.307  -67.568  -48.761 0.6000000238
12996  23.888  -68.905  -49.898 0.6000000238
12875  26.686  -68.734  -39.587 0.6000000238
12998  21.996  -68.189  -49.592 0.6000000238
13006  23.193  -68.963  -50.088 0.6000000238
112439  25.071  -68.530  -42.957 0.6999999881
12898  27.085  -68.371  -41.344 0.6999999881
12887  26.891  -68.448  -40.348 0.6000000238
14793  21.817  -66.987  -48.918 0.5000000000
13880  21.637  -67.478  -49.056 0.6000000238
12981  21.894  -68.518  -48.726 0.8000000119
12055  23.002  -69.100  -46.438 0.8000000119
12947  23.198  -68.823  -45.440 0.8000000119
12039  23.982  -69.168  -45.139 0.8000000119
12022  25.206  -68.914  -44.013 0.6999999881
12074  22.897  -69.366  -47.443 0.8000000119
12054  23.756  -69.374  -46.029 0.8000000119
10413  33.453  -71.345  -48.376 0.6999999881
130535  33.333  -71.736  -47.670 0.6999999881
115859  32.729  -72.843  -47.163 0.6000000238
13012  33.721  -68.285  -50.017 0.6999999881
122699  33.041  -72.082  -47.002 0.6000000238
9553  32.590  -72.420  -46.349 0.5000000000
10384  32.273  -71.911  -45.642 0.5000000000
12824  23.613  -68.915  -35.360 0.6000000238
11203  32.116  -71.124  -45.823 0.5000000000
11944  24.169  -69.341  -35.824 0.5000000000
11204  31.231  -70.911  -45.512 0.5000000000
12855  24.690  -68.735  -37.220 0.6000000238
11244  29.892  -69.985  -47.024 0.6999999881
11225  30.598  -70.342  -46.227 0.6000000238
12087  29.365  -69.542  -47.886 0.6999999881
129151  25.203  -68.265  -38.410 0.6000000238
130960  27.615  -69.208  -49.235 0.6999999881
12104  28.265  -69.141  -48.947 0.6000000238
12961  25.971  -68.457  -47.062 0.6999999881
12960  27.010  -68.476  -47.351 0.6999999881
12993  27.339  -69.084  -49.179 0.6999999881
122509  25.354  -67.842  -40.250 0.6000000238
12876  25.447  -68.030  -39.229 0.6000000238
12962  24.978  -68.247  -47.237 0.6000000238
12977  26.705  -68.813  -48.486 0.6999999881
12900  24.410  -68.139  -41.634 0.6000000238
12864  25.802  -68.600  -38.592 0.6000000238
14773  24.282  -66.913  -46.689 0.6000000238
13868  24.149  -67.746  -47.565 0.6000000238
114292  24.071  -68.401  -42.424 0.6999999881
112725  25.148  -68.171  -42.088 0.6000000238
114138  26.191  -68.111  -39.880 0.6000000238
14784  22.909  -66.893  -48.600 0.6000000238
120527  22.285  -67.849  -45.666 0.6000000238
114369  22.893  -68.295  -43.920 0.6000000238
12928  23.470  -68.562  -43.692 0.6999999881
12927  24.254  -68.630  -43.395 0.6000000238
115299  26.203  -68.021  -40.775 0.6000000238
13849  21.835  -67.467  -46.692 0.6000000238
12935  23.374  -68.659  -44.525 0.8000000119
12963  21.630  -68.086  -47.632 0.6000000238
12948  22.565  -68.480  -45.968 0.6999999881
12023  24.203  -68.894  -44.286 0.8000000119
11260  33.658  -69.888  -48.621 0.6999999881
115493  33.560  -70.627  -48.277 0.6999999881
10405  33.413  -70.923  -47.622 0.6999999881
13005  33.640  -68.369  -49.134 0.6999999881
12118  33.703  -69.133  -49.370 0.6999999881
10406  33.140  -71.272  -46.959 0.6000000238
10396  32.651  -71.592  -46.361 0.6000000238
13723  22.770  -67.440  -36.091 0.6000000238
126342  23.047  -68.463  -34.878 0.6000000238
12841  23.069  -67.876  -36.566 0.6000000238
12809  23.278  -69.317  -34.686 0.6000000238
11223  32.562  -70.764  -46.449 0.6000000238
12840  23.808  -68.584  -36.107 0.5000000000
12086  30.359  -69.296  -47.490 0.6999999881
12070  31.083  -69.723  -46.728 0.6999999881
12866  23.380  -67.739  -37.940 0.4000000060
12856  23.817  -68.224  -37.030 0.5000000000
12103  29.038  -69.069  -48.600 0.6999999881
134197  23.620  -67.779  -38.474 0.5000000000
12992  28.782  -68.640  -48.692 0.6000000238
12878  23.269  -67.782  -39.313 0.6000000238
12976  27.662  -68.611  -48.457 0.6999999881
120478  28.083  -68.819  -48.951 0.6999999881
125740  23.054  -68.233  -40.937 0.6999999881
12877  24.315  -67.818  -39.720 0.6000000238
13857  26.056  -67.844  -46.014 0.6999999881
131048  26.661  -68.199  -46.467 0.6999999881
12915  22.714  -68.096  -42.287 0.5000000000
12888  24.098  -67.999  -40.798 0.6000000238
14756  25.528  -66.644  -45.258 0.6000000238
13859  24.815  -67.472  -46.490 0.6000000238
13858  25.431  -67.885  -46.431 0.6999999881
12901  23.467  -68.284  -41.596 0.6999999881
14757  24.850  -66.792  -45.878 0.6000000238
122618  22.573  -67.971  -43.707 0.5000000000
12914  23.101  -68.349  -42.289 0.6000000238
14783  23.605  -66.952  -47.642 0.6000000238
14758  22.196  -67.028  -45.714 0.6000000238
13836  22.443  -67.372  -44.530 0.5000000000
113829  23.496  -68.476  -42.969 0.6999999881
14759  21.750  -66.547  -46.586 0.6000000238
12083  33.387  -69.449  -47.900 0.6999999881
11242  33.428  -70.109  -47.686 0.6999999881
11243  33.082  -70.397  -46.991 0.6000000238
13709  22.748  -67.659  -35.225 0.4000000060
128548  22.665  -67.973  -34.292 0.5000000000
12069  32.074  -69.594  -46.779 0.6000000238
13735  22.689  -67.291  -36.920 0.5000000000
11048  22.091  -70.225  -33.453 0.6000000238
12085  31.513  -69.024  -47.335 0.6999999881
11224  31.767  -70.348  -46.259 0.6000000238
12867  22.783  -67.357  -38.353 0.5000000000
12991  29.420  -68.442  -48.356 0.6999999881
12879  22.753  -67.455  -39.285 0.4000000060
13846  28.562  -67.560  -45.715 0.6999999881
13855  28.319  -67.940  -46.841 0.6999999881
111978  28.989  -67.806  -47.668 0.6999999881
12890  22.845  -67.781  -39.995 0.6000000238
14740  27.377  -66.828  -44.246 0.6999999881
13833  27.968  -67.393  -44.825 0.6999999881
127587  27.772  -68.296  -47.466 0.6999999881
12959  28.480  -68.293  -48.203 0.6999999881
13788  22.528  -67.615  -41.089 0.5000000000
124233  22.780  -68.001  -40.652 0.5000000000
13835  26.202  -67.228  -45.156 0.6000000238
119928  26.847  -67.780  -45.736 0.6999999881
13847  27.710  -67.725  -45.737 0.6999999881
13856  27.414  -68.145  -46.543 0.6999999881
13804  22.482  -67.662  -41.934 0.5000000000
15656  25.072  -65.983  -45.502 0.5000000000
14741  26.119  -66.405  -44.623 0.6000000238
13848  25.433  -67.327  -45.777 0.6000000238
12972  33.142  -68.802  -47.893 0.6999999881
12084  32.854  -69.488  -47.231 0.6999999881
14622  22.611  -67.036  -35.547 0.4000000060
12973  32.425  -68.594  -47.645 0.6999999881
134902  32.273  -69.192  -47.208 0.6999999881
12794  22.353  -68.348  -33.438 0.4000000060
11902  22.291  -69.258  -33.420 0.6000000238
12975  30.190  -68.166  -48.189 0.8000000119
12974  31.248  -68.156  -47.876 0.6999999881
13867  29.595  -67.516  -47.776 0.6000000238
13876  29.977  -67.704  -48.195 0.6000000238
11905  19.517  -69.233  -33.132 0.6000000238
125936  29.208  -67.479  -46.684 0.6999999881
13877  29.235  -68.068  -48.275 0.6000000238
13832  28.833  -67.293  -44.809 0.6000000238
14728  27.681  -66.307  -43.562 0.6000000238
12811  18.390  -68.823  -34.624 0.5000000000
14729  26.784  -66.134  -43.958 0.6000000238
126371  26.701  -66.805  -44.529 0.6999999881
15644  26.113  -65.383  -44.465 0.5000000000
13875  30.724  -67.454  -48.148 0.6999999881
13694  22.350  -67.369  -33.584 0.4000000060
12795  21.658  -68.777  -32.797 0.5000000000
14782  29.917  -67.062  -47.200 0.8000000119
12780  20.314  -68.242  -32.467 0.4000000060
13695  21.927  -67.816  -32.868 0.4000000060
12781  19.652  -68.421  -32.784 0.4000000060
11892  20.934  -69.454  -32.645 0.5000000000
14727  28.592  -66.480  -43.385 0.6000000238
13845  29.251  -67.337  -45.602 0.6999999881
128936  19.241  -67.864  -33.026 0.4000000060
15624  28.151  -65.741  -42.847 0.6000000238
14739  28.251  -66.921  -44.090 0.6000000238
12826  18.175  -68.370  -35.372 0.4000000060
11906  18.792  -69.281  -33.874 0.6000000238
15634  27.292  -65.552  -43.388 0.6000000238
16612  27.035  -64.815  -43.491 0.5000000000
16611  27.240  -64.108  -43.422 0.5000000000
14604  21.972  -67.074  -32.911 0.4000000060
14791  30.582  -67.040  -48.129 0.8000000119
13680  21.416  -67.228  -32.537 0.4000000060
13681  20.554  -67.401  -32.379 0.4000000060
14772  29.841  -67.092  -46.079 0.6000000238
14738  29.131  -66.911  -44.071 0.6000000238
14755  29.730  -67.033  -44.930 0.6000000238
13696  19.220  -67.183  -33.016 0.4000000060
13697  18.728  -67.661  -33.570 0.4000000060
13724  18.087  -67.631  -35.314 0.4000000060
128757  27.565  -64.806  -42.972 0.4000000060
14603  22.214  -66.415  -33.284 0.4000000060
14781  30.480  -66.754  -47.640 0.6999999881
14593  21.659  -66.464  -32.660 0.4000000060
14754  30.429  -66.671  -45.616 0.6999999881
14771  30.395  -66.659  -46.682 0.6000000238
14595  19.887  -66.661  -32.522 0.4000000060
14726  29.472  -66.521  -43.419 0.6000000238
130492  29.844  -66.745  -44.081 0.6000000238
118184  18.416  -66.984  -34.091 0.4000000060
120159  28.900  -65.518  -42.393 0.6000000238
115836  18.116  -67.012  -34.911 0.3000000119
16600  28.363  -64.696  -42.328 0.4000000060
17482  28.331  -63.496  -42.185 0.4000000060
17476  28.859  -63.325  -41.565 0.4000000060
15509  20.409  -65.628  -32.429 0.4000000060
14605  19.145  -66.395  -33.122 0.4000000060
15623  29.616  -65.679  -42.313 0.6000000238
16599  29.252  -65.018  -41.923 0.6000000238
15608  30.066  -65.226  -41.761 0.6000000238
17475  29.391  -63.625  -41.173 0.4000000060
17465  29.782  -63.175  -40.680 0.5000000000
18305  29.242  -62.572  -41.189 0.4000000060
16526  17.608  -64.361  -37.431 0.3000000119
18304  30.026  -62.357  -40.410 0.4000000060
16463  22.212  -64.264  -32.445 0.4000000060
113509  18.346  -63.738  -35.607 0.3000000119
17452  18.193  -63.512  -39.587 0.4000000060
17352  23.516  -63.372  -32.552 0.4000000060
129885  21.881  -62.960  -32.512 0.4000000060
125437  19.748  -62.583  -34.692 0.3000000119
18204  19.975  -62.882  -33.787 0.3000000119
16525  17.944  -63.671  -37.537 0.3000000119
17402  18.611  -63.149  -36.295 0.3000000119
17418  18.406  -63.195  -38.133 0.3000000119
18193  23.281  -62.630  -32.521 0.4000000060
18194  22.447  -62.510  -32.587 0.4000000060
17363  20.326  -63.268  -32.995 0.4000000060
17387  19.014  -63.003  -35.320 0.3000000119
130740  19.221  -62.628  -36.194 0.3000000119
19088  17.391  -61.366  -40.131 0.4000000060
19888  16.175  -60.916  -40.312 0.3000000119
19878  15.786  -60.179  -39.850 0.3000000119
18264  19.070  -62.635  -37.952 0.3000000119
116381  19.049  -62.730  -38.727 0.3000000119
133107  22.303  -61.876  -32.877 0.4000000060
18203  20.718  -62.553  -33.283 0.4000000060
18214  20.436  -62.247  -34.197 0.3000000119
18231  20.297  -62.043  -35.008 0.3000000119
18232  19.850  -62.248  -35.734 0.3000000119
134689  18.876  -62.012  -40.519 0.3000000119
18245  19.768  -62.154  -36.762 0.3000000119
19877  16.692  -60.719  -39.480 0.3000000119
18263  19.881  -62.106  -37.804 0.3000000119
19863  17.149  -60.420  -38.763 0.4000000060
19864  16.161  -60.055  -38.946 0.3000000119
118032  16.649  -59.753  -38.281 0.3000000119
118716  15.877  -59.276  -38.566 0.3000000119
18201  21.904  -61.514  -33.462 0.4000000060
19018  20.938  -61.667  -34.752 0.4000000060
19087  18.746  -61.707  -40.132 0.4000000060
18244  20.380  -61.778  -36.542 0.3000000119
19086  19.342  -61.839  -39.702 0.3000000119
19876  17.913  -61.049  -39.415 0.4000000060
19875  19.088  -61.300  -39.334 0.4000000060
20676  16.325  -59.151  -37.906 0.3000000119
19016  22.283  -60.845  -34.020 0.4000000060
19017  21.629  -61.251  -34.408 0.4000000060
19034  21.499  -61.158  -35.414 0.4000000060
19046  21.107  -61.285  -36.988 0.4000000060
18262  20.488  -61.666  -37.448 0.3000000119
19073  20.650  -61.133  -38.321 0.3000000119
119888  20.231  -60.914  -38.514 0.3000000119
19861  19.476  -60.810  -38.716 0.3000000119
20673  19.098  -59.632  -37.666 0.5000000000
19862  18.364  -60.623  -38.772 0.4000000060
20693  17.651  -59.994  -38.173 0.4000000060
121129  16.233  -57.790  -37.408 0.3000000119
19818  22.057  -60.639  -35.017 0.4000000060
19826  21.867  -60.562  -36.071 0.4000000060
19045  21.545  -60.819  -36.804 0.3000000119
19846  21.085  -60.217  -37.532 0.3000000119
20663  20.514  -59.236  -37.139 0.3000000119
21643  19.854  -58.467  -36.594 0.3000000119
19061  20.977  -61.208  -37.879 0.3000000119
19060  21.065  -60.885  -37.978 0.3000000119
20672  20.140  -59.836  -37.688 0.3000000119
21654  19.503  -59.058  -37.170 0.3000000119
21644  18.844  -58.408  -36.561 0.3000000119
19860  20.628  -60.630  -38.126 0.3000000119
21655  18.460  -58.983  -37.114 0.3000000119
20675  17.087  -59.388  -37.677 0.3000000119
22666  15.918  -57.043  -38.221 0.3000000119
19797  24.282  -59.867  -32.802 0.3000000119
19816  23.124  -59.925  -33.816 0.3000000119
19817  22.639  -60.129  -34.503 0.3000000119
20650  22.604  -59.478  -35.045 0.3000000119
21642  21.557  -58.756  -36.262 0.3000000119
22647  20.202  -57.843  -36.075 0.3000000119
19825  22.317  -60.067  -35.482 0.3000000119
20661  21.953  -59.529  -36.316 0.3000000119
20662  21.364  -59.434  -36.849 0.3000000119
117822  20.798  -58.605  -36.531 0.3000000119
22648  19.204  -57.788  -36.014 0.3000000119
22649  18.228  -57.756  -36.031 0.3000000119
21645  17.849  -58.373  -36.572 0.3000000119
22650  17.355  -57.669  -36.275 0.3000000119
21646  16.948  -58.227  -36.781 0.3000000119
22651  16.717  -57.514  -36.703 0.3000000119
20626  25.161  -59.413  -32.533 0.3000000119
20638  23.604  -59.354  -33.502 0.3000000119
20649  23.070  -59.394  -34.351 0.3000000119
125240  22.459  -58.980  -35.377 0.3000000119
21634  21.819  -58.163  -35.775 0.3000000119
22638  19.584  -57.149  -35.595 0.3000000119
22639  18.630  -57.138  -35.607 0.3000000119
23621  16.921  -56.939  -36.322 0.3000000119
23629  16.474  -56.290  -37.896 0.3000000119
22636  21.508  -57.411  -35.577 0.3000000119
22637  20.597  -57.217  -35.634 0.3000000119
23615  18.273  -56.500  -35.549 0.3000000119
124580  17.199  -56.374  -36.063 0.3000000119
22658  16.423  -56.963  -37.104 0.3000000119
23628  16.814  -56.290  -36.761 0.3000000119
23612  21.133  -56.586  -35.387 0.3000000119
23613  20.049  -56.373  -35.365 0.3000000119
23614  19.027  -56.471  -35.420 0.3000000119
22635  22.121  -56.899  -35.197 0.3000000119
123980  20.765  -55.760  -35.216 0.3000000119
126748  20.019  -55.553  -35.293 0.3000000119
125991  19.298  -55.684  -35.381 0.3000000119
24541  18.031  -55.315  -35.962 0.3000000119
24542  17.366  -55.727  -36.393 0.3000000119
24549  17.129  -55.486  -37.747 0.3000000119
8778  33.438  -73.035  -51.831 0.5000000000
130128  33.430  -71.342  -53.812 0.4000000060
12020  27.920  -69.299  -43.750 0.6999999881
12896  27.705  -68.663  -42.160 0.6999999881
13018  31.743  -68.808  -53.015 0.4000000060
10437  33.672  -71.514  -53.336 0.5000000000
11229  26.592  -70.625  -47.686 0.6000000238
11248  25.971  -70.647  -48.786 0.6000000238
128472  30.592  -68.657  -47.784 0.8000000119
14742  25.606  -65.940  -44.941 0.5000000000
12797  18.583  -68.431  -33.923 0.4000000060
17496  26.636  -64.275  -44.233 0.5000000000
14712  29.097  -66.123  -42.781 0.6000000238
17483  27.731  -63.924  -42.788 0.4000000060
14737  30.534  -66.543  -44.558 0.6000000238
14711  29.943  -66.197  -42.847 0.6000000238
14606  18.618  -66.258  -33.774 0.3000000119
16588  28.927  -64.153  -41.679 0.4000000060
16587  29.693  -64.481  -41.389 0.4000000060
17353  22.600  -63.393  -32.465 0.4000000060
20637  24.313  -58.945  -32.981 0.3000000119
120704  31.673  -65.810  -45.130 0.5000000000
15654  31.508  -65.874  -46.269 0.5000000000
14770  30.946  -66.265  -47.154 0.6999999881
14780  31.090  -66.410  -47.963 0.6999999881
13865  31.961  -67.486  -48.133 0.6000000238
122782  31.219  -66.180  -44.603 0.5000000000
118395  30.896  -66.364  -46.195 0.6000000238
13873  33.368  -67.646  -48.864 0.6000000238
12101  33.529  -69.024  -48.514 0.6000000238
15669  31.542  -65.770  -47.507 0.6999999881
14789  32.543  -65.731  -48.879 0.6000000238
13874  32.703  -66.879  -48.620 0.6000000238
15680  31.866  -65.822  -48.219 0.6999999881
14790  31.509  -66.586  -48.223 0.6000000238
135300  33.343  -68.380  -48.446 0.6000000238
15643  31.658  -65.805  -44.227 0.5000000000
15693  32.482  -65.157  -48.702 0.6999999881
14798  33.013  -65.463  -49.877 0.6000000238
13883  33.619  -67.492  -49.698 0.6000000238
15679  32.177  -65.248  -47.882 0.6000000238
14788  33.282  -66.595  -49.395 0.6000000238
16642  32.867  -64.924  -46.176 0.6000000238
15620  32.046  -65.281  -42.880 0.5000000000
14724  31.022  -66.228  -43.859 0.5000000000
16650  32.768  -64.855  -47.258 0.6999999881
120215  32.702  -64.934  -49.450 0.6000000238
16598  31.797  -65.143  -41.985 0.5000000000
15632  31.495  -65.755  -43.375 0.5000000000
16572  31.841  -64.249  -40.602 0.5000000000
15621  31.249  -65.594  -42.550 0.5000000000
17463  31.406  -63.630  -40.087 0.4000000060
11149  28.051  -70.914  -41.095 0.4000000060
129582  29.078  -70.280  -42.059 0.4000000060
10334  28.548  -71.429  -41.574 0.4000000060
116002  29.245  -71.018  -41.974 0.5000000000
10348  29.635  -71.427  -42.415 0.5000000000
10349  29.184  -71.971  -42.109 0.5000000000
15607  30.926  -65.261  -41.803 0.5000000000
9517  29.951  -72.022  -42.612 0.5000000000
7868  27.548  -74.586  -43.179 0.6000000238
16585  31.415  -64.702  -41.241 0.4000000060
8671  29.445  -72.753  -42.675 0.5000000000
8672  28.847  -73.581  -42.774 0.5000000000
10335  27.735  -71.740  -41.262 0.5000000000
9501  28.246  -72.291  -41.737 0.5000000000
9502  27.341  -72.492  -41.544 0.5000000000
8655  26.899  -73.129  -41.887 0.5000000000
9518  28.623  -72.850  -42.289 0.5000000000
134080  28.273  -73.346  -42.446 0.5000000000
7854  27.887  -73.834  -42.643 0.5000000000
16586  30.520  -64.663  -41.242 0.5000000000
18288  32.162  -62.765  -38.856 0.4000000060
16573  30.946  -64.144  -40.636 0.4000000060
17448  31.124  -63.032  -39.674 0.4000000060
15622  30.434  -65.721  -42.362 0.5000000000
17474  30.095  -63.942  -40.816 0.4000000060
11113  26.211  -69.692  -38.898 0.5000000000
11127  25.905  -70.587  -39.065 0.5000000000
10292  25.241  -71.050  -38.592 0.5000000000
11126  26.608  -70.168  -39.527 0.5000000000
17464  30.538  -63.264  -40.236 0.4000000060
11114  25.597  -70.149  -38.255 0.5000000000
11975  25.842  -69.260  -38.329 0.5000000000
11115  25.085  -70.747  -37.926 0.5000000000
10293  24.590  -71.378  -38.084 0.5000000000
9453  23.785  -71.994  -38.303 0.4000000060
11102  25.117  -70.184  -37.486 0.5000000000
121386  24.018  -71.602  -37.423 0.6000000238
11962  25.390  -69.535  -37.781 0.5000000000
113309  24.685  -70.335  -36.780 0.5000000000
125842  24.700  -70.920  -37.341 0.5000000000
133686  22.941  -72.281  -36.943 0.6000000238
9436  23.157  -72.243  -37.567 0.6000000238
114702  22.473  -72.651  -37.957 0.6000000238
9455  22.235  -72.921  -38.617 0.5000000000
8614  20.942  -74.030  -38.608 0.5000000000
7820  20.416  -74.674  -38.256 0.5000000000
12854  25.309  -68.809  -37.831 0.5000000000
11086  24.271  -70.513  -36.071 0.5000000000
10261  24.258  -71.118  -36.641 0.5000000000
10262  23.794  -71.237  -35.925 0.6000000238
9437  22.376  -72.624  -37.160 0.6000000238
118803  21.828  -73.143  -37.834 0.6000000238
119587  21.290  -73.713  -38.034 0.6000000238
8600  20.775  -74.190  -37.737 0.5000000000
8601  17.416  -73.698  -37.207 0.5000000000
7058  18.840  -75.479  -37.471 0.5000000000
12865  24.475  -68.176  -37.865 0.5000000000
12839  24.461  -68.999  -36.517 0.5000000000
11073  24.204  -69.998  -35.704 0.6000000238
10248  23.364  -71.286  -35.324 0.6000000238
10249  22.764  -71.706  -35.029 0.6000000238
9422  21.940  -72.702  -36.328 0.6000000238
9405  22.338  -72.294  -35.579 0.6000000238
127498  21.680  -73.048  -36.967 0.6000000238
8585  21.202  -73.248  -36.260 0.6000000238
8599  21.104  -73.624  -37.150 0.6000000238
7810  20.125  -74.653  -37.388 0.5000000000
7057  19.746  -75.203  -37.842 0.5000000000
7811  19.293  -74.936  -37.019 0.5000000000
7812  18.313  -74.931  -36.881 0.5000000000
11074  23.750  -70.579  -35.351 0.6000000238
11075  23.146  -70.997  -34.736 0.6000000238
10250  21.883  -72.154  -34.656 0.6000000238
9392  20.966  -72.442  -34.586 0.6000000238
9406  21.371  -72.750  -35.439 0.6000000238
8575  20.652  -73.246  -35.663 0.6000000238
9407  20.420  -72.810  -35.136 0.6000000238
8586  20.366  -73.789  -36.229 0.5000000000
8576  19.864  -73.318  -35.539 0.5000000000
7801  19.759  -74.387  -36.596 0.5000000000
8588  18.485  -73.520  -36.192 0.5000000000
128717  18.563  -72.902  -35.965 0.6000000238
7802  18.820  -74.374  -36.429 0.5000000000
8589  17.821  -73.368  -36.685 0.5000000000
10279  17.662  -71.956  -37.844 0.5000000000
10239  21.586  -71.640  -33.905 0.6000000238
9393  20.062  -72.278  -34.552 0.6000000238
9408  19.534  -72.619  -35.186 0.6000000238
8577  19.047  -73.138  -35.662 0.6000000238
9423  18.093  -72.639  -36.466 0.6000000238
9438  17.829  -72.082  -37.098 0.5000000000
10232  20.920  -71.370  -33.583 0.6000000238
121398  18.194  -71.718  -36.595 0.6000000238
10278  18.002  -71.399  -37.432 0.5000000000
11904  20.208  -69.992  -32.973 0.6000000238
11050  20.616  -70.789  -33.316 0.6000000238
11063  19.257  -70.694  -34.155 0.6000000238
10242  19.135  -71.172  -34.666 0.6000000238
9409  18.688  -72.203  -35.682 0.6000000238
113460  18.286  -70.892  -36.928 0.5000000000
117572  19.388  -70.028  -33.610 0.6000000238
11064  18.724  -70.532  -34.866 0.6000000238
11921  18.517  -69.681  -34.733 0.6000000238
10264  18.428  -71.203  -36.053 0.6000000238
11076  18.437  -70.041  -35.544 0.6000000238
11945  18.269  -69.605  -36.324 0.5000000000
11931  18.288  -69.222  -35.468 0.4000000060
12990  32.927  -67.973  -48.187 0.6000000238
15633  30.756  -66.083  -43.053 0.5000000000
115789  32.409  -64.607  -41.374 0.5000000000
125101  27.209  -73.565  -42.330 0.6000000238
9421  22.712  -72.290  -36.403 0.6000000238
114072  23.104  -71.806  -35.792 0.6000000238
10241  19.753  -71.497  -34.111 0.6000000238
9394  19.299  -71.842  -34.908 0.6000000238
133503  18.545  -70.703  -35.612 0.6000000238
11103  18.234  -70.076  -37.114 0.6000000238
115731  33.682  -73.751  -51.112 0.4000000060
7948  36.685  -74.317  -51.459 0.5000000000
126739  36.999  -73.681  -51.974 0.5000000000
8776  35.589  -73.709  -51.233 0.4000000060
8777  34.364  -73.043  -51.241 0.4000000060
9585  34.708  -72.274  -51.522 0.4000000060
9591  38.152  -72.816  -52.652 0.5000000000
8783  38.082  -73.388  -52.357 0.5000000000
10429  36.132  -71.843  -51.860 0.5000000000
10430  35.094  -71.624  -51.745 0.5000000000
9586  33.912  -72.430  -51.795 0.4000000060
11288  38.344  -71.732  -53.139 0.5000000000
10434  37.435  -72.028  -52.584 0.5000000000
116129  36.706  -70.863  -52.585 0.5000000000
11290  35.503  -70.252  -52.732 0.5000000000
10436  34.487  -71.107  -52.490 0.4000000060
11291  34.774  -70.550  -52.762 0.4000000060
11295  38.654  -71.042  -53.360 0.5000000000
11289  37.534  -70.735  -53.024 0.5000000000
12142  37.420  -69.935  -53.171 0.5000000000
12136  36.393  -69.995  -52.864 0.5000000000
10440  33.948  -70.760  -53.455 0.4000000060
114640  33.307  -68.164  -51.176 0.5000000000
125557  32.803  -67.058  -51.617 0.4000000060
13014  32.399  -67.476  -52.390 0.4000000060
14804  32.456  -67.165  -52.670 0.4000000060
13901  32.347  -67.760  -53.123 0.4000000060
13024  32.100  -68.571  -53.221 0.4000000060
112430  36.284  -69.085  -53.211 0.5000000000
13023  32.859  -68.429  -53.552 0.4000000060
12145  32.730  -69.237  -53.700 0.4000000060
11297  33.537  -70.012  -53.837 0.4000000060
122768  36.745  -68.235  -53.351 0.4000000060
12143  35.403  -69.497  -53.166 0.5000000000
11296  34.508  -69.919  -53.435 0.4000000060
14813  32.849  -66.531  -52.606 0.4000000060
13900  32.662  -67.145  -53.068 0.4000000060
13898  37.223  -67.512  -53.298 0.4000000060
13022  33.804  -68.388  -53.628 0.4000000060
12144  33.687  -69.187  -53.754 0.4000000060
13021  35.677  -68.182  -53.391 0.4000000060
126378  34.726  -68.256  -53.503 0.4000000060
121547  35.316  -68.826  -53.394 0.4000000060
13887  33.499  -67.295  -50.594 0.5000000000
13890  32.897  -66.194  -51.384 0.4000000060
119286  32.777  -65.349  -51.499 0.4000000060
15720  33.390  -64.880  -51.604 0.4000000060
15729  34.124  -65.456  -52.161 0.4000000060
14820  33.568  -66.950  -53.180 0.4000000060
127329  34.550  -66.625  -53.051 0.4000000060
129493  34.018  -67.714  -53.459 0.4000000060
14818  36.621  -66.854  -53.053 0.4000000060
14819  35.548  -66.750  -53.054 0.4000000060
120792  34.905  -67.388  -53.335 0.4000000060
14797  33.362  -66.424  -50.248 0.5000000000
15711  32.645  -65.265  -50.864 0.5000000000
15721  32.628  -64.731  -51.067 0.5000000000
125202  34.462  -64.939  -51.536 0.4000000060
15728  35.446  -65.543  -52.012 0.4000000060
15718  36.235  -65.534  -51.476 0.4000000060
15727  36.615  -65.943  -52.085 0.4000000060
16668  33.055  -64.417  -50.582 0.4000000060
16665  32.809  -64.754  -49.375 0.5000000000
16667  33.656  -64.315  -50.762 0.4000000060
15719  35.364  -65.083  -51.255 0.4000000060
16663  33.689  -64.348  -50.035 0.5000000000
16654  34.516  -64.612  -49.208 0.4000000060
16662  34.543  -64.538  -50.265 0.4000000060
15710  35.381  -64.947  -50.642 0.4000000060
130857  33.500  -64.495  -48.450 0.6000000238
16657  32.795  -64.755  -48.408 0.6000000238
16647  34.747  -64.803  -48.138 0.5000000000
15692  35.557  -65.225  -48.516 0.4000000060
11918  23.311  -70.180  -34.662 0.5000000000
11062  22.119  -71.008  -33.767 0.5000000000
11903  21.188  -70.232  -32.961 0.5000000000
11919  22.774  -69.727  -34.068 0.5000000000
10238  22.421  -71.407  -34.322 0.5000000000
9584  35.831  -72.414  -51.647 0.5000000000
14803  32.692  -66.235  -52.095 0.4000000060
15730  33.000  -65.584  -51.991 0.4000000060
13899  36.116  -67.426  -53.284 0.4000000060
16669  32.936  -64.461  -51.107 0.4000000060
130822  33.736  -64.475  -51.212 0.4000000060
14811  34.931  -66.089  -52.674 0.4000000060
14810  36.065  -66.268  -52.609 0.4000000060
15704  32.800  -64.729  -50.351 0.5000000000
118876  36.008  -65.232  -50.992 0.4000000060
16664  33.136  -64.563  -49.842 0.5000000000
132267  34.105  -64.466  -48.555 0.6000000238
15703  35.635  -65.168  -49.663 0.5000000000
16648  34.158  -64.568  -47.771 0.5000000000
16537  35.571  -64.676  -38.343 0.3000000119
16554  35.145  -65.124  -38.969 0.3000000119
16555  34.440  -64.707  -39.274 0.3000000119
16538  34.772  -64.435  -38.493 0.3000000119
17415  35.315  -63.892  -37.833 0.3000000119
17413  37.015  -63.303  -37.587 0.3000000119
18256  36.363  -62.764  -37.459 0.3000000119
15597  35.418  -65.680  -40.465 0.3000000119
15606  35.053  -65.314  -41.395 0.4000000060
16582  34.440  -64.783  -41.546 0.4000000060
15582  35.635  -65.585  -39.521 0.3000000119
16583  33.763  -64.529  -41.417 0.4000000060
16569  34.233  -64.720  -40.139 0.4000000060
16597  32.654  -64.795  -42.390 0.4000000060
15631  32.219  -65.373  -43.777 0.4000000060
16536  36.370  -64.756  -38.242 0.3000000119
16556  33.735  -64.316  -39.595 0.3000000119
16584  33.125  -64.444  -41.161 0.4000000060
18258  34.854  -62.494  -37.494 0.3000000119
17445  33.288  -63.762  -39.038 0.3000000119
16607  35.375  -64.920  -43.251 0.4000000060
112085  34.979  -64.644  -43.904 0.4000000060
16631  33.567  -64.639  -45.614 0.4000000060
16632  32.926  -64.941  -45.167 0.4000000060
120831  35.587  -65.845  -41.263 0.4000000060
16594  34.991  -64.968  -42.351 0.4000000060
113884  34.619  -64.615  -43.153 0.4000000060
16620  33.662  -64.600  -44.624 0.4000000060
118483  36.071  -66.068  -39.965 0.3000000119
16595  34.074  -64.536  -42.374 0.4000000060
16609  33.471  -64.625  -43.681 0.4000000060
15653  32.268  -65.394  -45.694 0.4000000060
15581  36.428  -65.788  -39.320 0.3000000119
16596  33.377  -64.604  -42.832 0.4000000060
15642  32.294  -65.390  -44.696 0.4000000060
123992  37.179  -64.646  -38.226 0.3000000119
16571  32.695  -64.254  -40.583 0.4000000060
16629  35.568  -64.902  -45.403 0.4000000060
16640  34.216  -64.611  -46.864 0.4000000060
16617  36.015  -65.071  -44.697 0.4000000060
16618  35.283  -64.743  -44.646 0.4000000060
114867  34.806  -64.646  -45.336 0.4000000060
16630  34.240  -64.571  -45.965 0.4000000060
14698  36.694  -66.555  -41.571 0.3000000119
15619  35.843  -65.467  -42.680 0.4000000060
15580  37.296  -65.843  -39.166 0.3000000119
15564  37.648  -65.151  -38.663 0.3000000119
113435  34.838  -64.851  -47.204 0.4000000060
113823  35.009  -64.811  -46.222 0.4000000060
17462  32.224  -63.815  -39.971 0.3000000119
17431  32.915  -63.039  -38.580 0.3000000119
17446  32.550  -63.452  -39.269 0.3000000119
15668  32.158  -65.296  -46.809 0.4000000060
16641  33.516  -64.622  -46.560 0.4000000060
16649  33.467  -64.581  -47.536 0.4000000060
15678  35.511  -65.217  -47.543 0.4000000060
15598  34.668  -65.085  -40.689 0.3000000119
128355  34.835  -63.247  -37.649 0.3000000119
18257  35.721  -62.267  -37.431 0.3000000119
15605  35.487  -65.512  -41.909 0.4000000060
16570  33.540  -64.428  -40.521 0.4000000060
115562  33.254  -64.529  -41.943 0.4000000060
16610  32.787  -64.874  -43.309 0.4000000060
16557  33.020  -64.005  -39.846 0.4000000060
132947  35.961  -65.232  -43.468 0.4000000060
16619  34.530  -64.554  -44.594 0.4000000060
15604  35.993  -66.077  -41.806 0.3000000119
132082  33.963  -64.519  -43.185 0.4000000060
124647  36.355  -65.271  -44.041 0.4000000060
14710  36.570  -66.154  -42.524 0.3000000119
14665  36.880  -66.380  -39.958 0.3000000119
5793  37.612  -77.253  -49.319 0.3000000119
5118  37.095  -78.518  -49.064 0.3000000119
124777  37.765  -76.811  -48.990 0.3000000119
5117  37.756  -78.063  -48.751 0.3000000119
132862  37.461  -76.828  -49.763 0.3000000119
5794  36.960  -77.374  -49.851 0.3000000119
6455  37.643  -76.196  -49.248 0.3000000119
6456  37.506  -76.488  -48.617 0.3000000119
5785  37.835  -77.408  -48.506 0.3000000119
7915  37.538  -75.227  -49.749 0.3000000119
6466  37.558  -76.355  -49.590 0.3000000119
7937  35.628  -74.507  -50.906 0.3000000119
7906  36.611  -75.065  -48.485 0.3000000119
7143  37.027  -75.879  -48.505 0.3000000119
7916  37.081  -74.761  -49.229 0.3000000119
6442  37.593  -76.905  -48.128 0.3000000119
7169  37.253  -75.388  -50.691 0.3000000119
7947  37.468  -74.377  -51.561 0.3000000119
7181  36.943  -74.868  -51.241 0.3000000119
8757  37.052  -73.961  -49.555 0.3000000119
7168  37.506  -75.561  -50.215 0.3000000119
8756  37.711  -74.432  -50.664 0.3000000119
123332  38.020  -73.957  -51.201 0.3000000119
8766  37.818  -74.290  -51.431 0.3000000119
7936  37.534  -74.763  -51.172 0.3000000119
113014  38.201  -73.572  -51.967 0.3000000119
11294  39.233  -70.592  -53.470 0.4000000060
10432  38.883  -72.125  -53.040 0.4000000060
5077  39.309  -78.644  -43.564 0.3000000119
4466  39.337  -79.712  -42.420 0.3000000119
5116  38.075  -77.864  -47.909 0.3000000119
5109  37.925  -78.512  -47.908 0.3000000119
6428  36.244  -77.089  -46.214 0.3000000119
5762  37.249  -77.416  -46.290 0.3000000119
5733  38.636  -78.142  -45.137 0.3000000119
5085  39.156  -78.620  -44.574 0.3000000119
4481  39.224  -79.377  -44.085 0.3000000119
134349  35.397  -75.654  -47.133 0.3000000119
113440  37.013  -77.069  -47.129 0.3000000119
5746  37.986  -77.766  -45.785 0.3000000119
4489  38.887  -79.411  -45.072 0.3000000119
6443  36.818  -76.397  -47.822 0.3000000119
5774  37.858  -77.423  -47.625 0.3000000119
5745  38.578  -78.005  -46.091 0.3000000119
4498  38.596  -79.190  -45.970 0.3000000119
5773  38.212  -77.719  -47.244 0.3000000119
128042  38.149  -78.810  -47.174 0.3000000119
6478  37.295  -76.362  -50.179 0.3000000119
128634  36.733  -76.005  -50.435 0.3000000119
7133  36.057  -75.573  -47.710 0.3000000119
116562  37.754  -74.734  -51.005 0.3000000119
5078  38.878  -78.306  -42.995 0.3000000119
135739  37.846  -79.377  -47.029 0.3000000119
6429  35.727  -76.361  -46.886 0.3000000119
5747  36.929  -77.525  -45.521 0.3000000119
5761  38.036  -77.610  -46.730 0.3000000119
5093  38.889  -78.562  -45.559 0.3000000119
4499  37.832  -79.804  -46.385 0.3000000119
9590  38.565  -72.829  -52.628 0.3000000119
15700  41.287  -65.395  -50.117 0.3000000119
15707  42.105  -65.093  -51.292 0.3000000119
15723  41.266  -65.889  -52.876 0.3000000119
14806  40.252  -66.416  -53.094 0.4000000060
14815  39.598  -67.029  -53.570 0.4000000060
13897  38.275  -67.563  -53.460 0.3000000119
123481  38.008  -68.491  -53.525 0.3000000119
15708  40.739  -65.428  -51.078 0.3000000119
15714  40.101  -65.717  -51.737 0.4000000060
15724  39.587  -66.047  -52.345 0.4000000060
15725  38.584  -66.165  -52.228 0.4000000060
14817  37.650  -66.933  -53.097 0.3000000119
120447  37.604  -65.841  -50.902 0.4000000060
15726  37.602  -66.143  -52.141 0.4000000060
14809  37.103  -66.448  -52.633 0.3000000119
15709  36.740  -65.591  -50.960 0.3000000119
14796  43.323  -65.642  -49.748 0.3000000119
15706  42.886  -65.156  -50.821 0.3000000119
14805  42.073  -66.354  -53.040 0.4000000060
119519  41.196  -66.826  -53.438 0.4000000060
14814  40.459  -67.220  -53.726 0.3000000119
123669  39.068  -68.328  -53.817 0.3000000119
116969  39.041  -69.190  -53.781 0.3000000119
15699  42.924  -65.218  -49.921 0.3000000119
116087  42.116  -65.298  -49.530 0.3000000119
112631  40.372  -65.601  -49.231 0.3000000119
119046  39.568  -65.745  -50.916 0.3000000119
15715  39.070  -65.931  -51.611 0.4000000060
15688  39.784  -65.700  -48.431 0.3000000119
112632  38.949  -65.726  -48.310 0.3000000119
112630  39.398  -65.734  -49.198 0.3000000119
113646  38.973  -65.840  -50.057 0.4000000060
15716  38.088  -66.010  -51.553 0.4000000060
112629  38.325  -65.759  -49.130 0.3000000119
113645  37.985  -65.847  -50.127 0.4000000060
114992  37.103  -65.667  -50.287 0.4000000060
15677  36.343  -65.479  -47.785 0.3000000119
15691  36.591  -65.546  -48.826 0.4000000060
15701  37.358  -65.689  -49.470 0.4000000060
118566  36.252  -65.372  -50.419 0.4000000060
15666  36.719  -65.322  -46.179 0.3000000119
15667  36.145  -65.394  -46.904 0.3000000119
11255  42.241  -70.065  -49.126 0.3000000119
12113  42.366  -69.472  -49.837 0.3000000119
111938  41.592  -69.549  -50.396 0.3000000119
12123  41.803  -69.235  -51.260 0.3000000119
13881  43.480  -66.366  -49.369 0.3000000119
13882  43.064  -67.250  -50.187 0.3000000119
13008  42.708  -67.950  -51.123 0.3000000119
13013  42.189  -68.704  -51.715 0.3000000119
14778  43.370  -65.663  -48.062 0.3000000119
126185  43.562  -65.687  -48.983 0.3000000119
13886  43.138  -66.511  -50.955 0.3000000119
13888  42.809  -66.885  -51.790 0.3000000119
13892  42.439  -67.184  -52.639 0.3000000119
13016  41.307  -68.484  -53.200 0.3000000119
13019  40.576  -68.782  -53.635 0.3000000119
12139  39.921  -69.878  -53.610 0.3000000119
11286  39.626  -70.349  -53.361 0.3000000119
11287  39.160  -71.278  -53.171 0.3000000119
15685  42.816  -65.383  -48.887 0.3000000119
15689  38.105  -65.701  -48.101 0.3000000119
15690  37.520  -65.679  -48.687 0.3000000119
135230  37.686  -65.541  -46.727 0.3000000119
115363  37.242  -65.629  -47.940 0.3000000119
15652  37.177  -65.406  -45.486 0.3000000119
16628  36.372  -65.186  -45.426 0.3000000119
16639  35.900  -65.124  -46.137 0.3000000119
124668  42.109  -70.546  -48.384 0.3000000119
12096  42.670  -69.415  -48.978 0.3000000119
12985  42.790  -68.799  -49.392 0.3000000119
12122  42.336  -69.101  -50.804 0.3000000119
13872  43.714  -66.905  -48.547 0.3000000119
13000  42.721  -68.518  -50.147 0.3000000119
131995  39.131  -71.878  -52.939 0.3000000119
133724  41.804  -70.692  -48.366 0.3000000119
135782  42.473  -69.940  -48.541 0.3000000119
12095  42.908  -69.158  -48.056 0.3000000119
12984  43.219  -68.209  -48.510 0.3000000119
12999  43.130  -67.719  -49.351 0.3000000119
14787  43.924  -65.962  -48.346 0.3000000119
12078  42.558  -70.018  -47.794 0.3000000119
12077  43.253  -69.135  -47.214 0.3000000119
12968  43.836  -67.959  -47.505 0.3000000119
13864  44.002  -67.163  -47.924 0.3000000119
134038  38.876  -71.737  -53.240 0.3000000119
12141  38.488  -69.805  -53.534 0.3000000119
14816  38.633  -66.957  -53.257 0.3000000119
14808  38.101  -66.522  -52.706 0.4000000060
15702  36.599  -65.508  -49.742 0.4000000060
15641  36.781  -65.337  -44.735 0.3000000119
129330  42.482  -65.122  -50.431 0.3000000119
115099  41.175  -65.439  -52.004 0.3000000119
15712  42.636  -65.393  -51.618 0.3000000119
132338  40.497  -65.836  -52.446 0.4000000060
14807  39.112  -66.491  -52.877 0.4000000060
15698  43.282  -65.479  -49.236 0.3000000119
14801  43.004  -65.681  -51.430 0.3000000119
13893  41.731  -67.533  -53.208 0.3000000119
14802  42.653  -66.018  -52.257 0.3000000119
13894  40.958  -67.849  -53.700 0.4000000060
13020  39.843  -69.186  -53.858 0.3000000119
15673  42.123  -65.761  -47.981 0.3000000119
15686  41.640  -65.553  -48.625 0.3000000119
15687  40.643  -65.664  -48.477 0.3000000119
115223  37.085  -65.502  -46.991 0.3000000119
13889  42.526  -67.944  -52.060 0.3000000119
13015  41.970  -68.321  -52.607 0.3000000119
124051  37.501  -65.491  -46.228 0.3000000119
8689  29.658  -73.416  -43.196 0.4000000060
4474  39.442  -79.295  -43.229 0.3000000119
4490  38.286  -79.858  -45.647 0.3000000119
4504  38.286  -79.152  -46.627 0.3000000119
5101  38.535  -78.490  -46.475 0.3000000119
5108  38.307  -78.183  -47.251 0.3000000119
5129  37.285  -77.918  -49.366 0.3000000119
5760  38.461  -77.935  -46.769 0.3000000119
5808  36.479  -76.671  -50.154 0.3000000119
7152  37.406  -75.521  -49.224 0.3000000119
7161  37.632  -75.710  -49.795 0.3000000119
7803  17.941  -74.131  -36.632 0.5000000000
7897  35.208  -74.905  -47.199 0.3000000119
7918  31.559  -74.330  -48.291 0.5000000000
7926  37.603  -75.108  -50.404 0.3000000119
7927  37.483  -74.718  -49.924 0.3000000119
7935  37.677  -74.964  -50.854 0.3000000119
7946  37.760  -74.492  -51.331 0.3000000119
8587  19.357  -73.867  -35.957 0.5000000000
8736  32.649  -73.128  -48.001 0.5000000000
8746  32.280  -73.149  -48.898 0.5000000000
8775  37.924  -74.064  -51.892 0.3000000119
9456  17.275  -72.518  -38.225 0.5000000000
9519  27.767  -73.079  -42.124 0.5000000000
9583  37.296  -72.895  -52.390 0.5000000000
9592  34.109  -71.765  -52.202 0.4000000060
10233  20.334  -71.304  -33.657 0.6000000238
10240  20.676  -71.923  -33.956 0.6000000238
10251  18.775  -71.278  -35.292 0.6000000238
10263  23.453  -71.828  -36.661 0.6000000238
10427  32.459  -71.545  -50.572 0.6000000238
10433  38.482  -72.416  -52.918 0.5000000000
10435  35.623  -71.054  -52.190 0.5000000000
11049  21.465  -70.905  -33.448 0.5000000000
11051  19.888  -70.765  -33.559 0.6000000238
11061  22.678  -70.602  -34.149 0.5000000000
11087  18.389  -70.425  -36.295 0.6000000238
11162  29.573  -70.809  -42.579 0.6000000238
11262  26.721  -70.027  -49.554 0.6999999881
11263  26.168  -70.282  -49.634 0.6999999881
11265  24.575  -70.312  -49.693 0.6999999881
11275  24.905  -70.041  -50.237 0.6999999881
11893  20.208  -69.042  -32.644 0.4000000060
11920  18.871  -70.054  -34.232 0.6000000238
11930  23.788  -69.730  -35.235 0.6000000238
11943  24.502  -69.777  -36.294 0.5000000000
11963  24.921  -69.461  -37.097 0.5000000000
11983  27.230  -69.100  -40.084 0.6000000238
12008  28.209  -69.089  -42.761 0.6999999881
12038  25.818  -69.440  -44.929 0.6999999881
12068  32.494  -70.064  -46.679 0.6000000238
12073  23.555  -69.596  -46.996 0.8000000119
12089  24.060  -70.007  -47.571 0.6999999881
12102  29.782  -68.858  -48.152 0.8000000119
12106  25.958  -69.845  -49.935 0.6999999881
12107  25.204  -69.947  -50.184 0.6999999881
12108  24.258  -69.662  -50.117 0.6000000238
12109  23.004  -69.452  -49.611 0.6000000238
12110  22.409  -68.843  -49.635 0.6999999881
12120  23.567  -69.472  -50.108 0.6000000238
12137  31.517  -69.289  -53.029 0.4000000060
12138  40.258  -69.512  -53.524 0.3000000119
12140  39.478  -69.929  -53.652 0.4000000060
12779  21.154  -68.058  -32.467 0.4000000060
12796  19.055  -68.481  -33.349 0.4000000060
12810  22.781  -68.845  -34.104 0.5000000000
12825  23.129  -68.146  -35.704 0.6000000238
12842  18.061  -68.748  -36.197 0.4000000060
12857  22.944  -67.592  -37.435 0.5000000000
12889  23.163  -68.017  -40.257 0.5000000000
12897  27.932  -68.932  -41.345 0.6999999881
12899  25.293  -67.901  -41.206 0.6000000238
12902  22.811  -68.142  -41.496 0.6999999881
12913  26.094  -68.096  -41.731 0.6000000238
12925  27.446  -68.783  -43.111 0.6999999881
12929  22.839  -68.258  -43.063 0.6000000238
12936  22.712  -68.206  -44.785 0.6000000238
12949  22.121  -68.117  -46.595 0.6000000238
12980  23.730  -68.240  -48.824 0.6000000238
12997  23.065  -68.296  -49.716 0.6000000238
13007  22.622  -68.667  -49.905 0.6000000238
13682  19.763  -67.637  -32.602 0.4000000060
13710  18.326  -67.832  -34.518 0.4000000060
13771  22.601  -67.485  -40.190 0.6000000238
13834  27.095  -67.354  -44.934 0.6999999881
13866  30.119  -67.187  -47.908 0.8000000119
13878  22.629  -67.709  -49.428 0.6000000238
13879  22.138  -67.722  -49.473 0.6000000238
13885  43.262  -66.204  -50.197 0.3000000119
13891  32.495  -66.737  -52.196 0.4000000060
13895  40.016  -67.989  -53.958 0.3000000119
13896  39.103  -67.528  -53.676 0.4000000060
14594  20.898  -66.532  -32.335 0.4000000060
14615  18.216  -66.275  -34.527 0.3000000119
14641  22.876  -66.685  -37.851 0.5000000000
14683  36.929  -66.678  -40.775 0.3000000119
14700  22.464  -67.033  -41.594 0.5000000000
14725  30.278  -66.457  -43.593 0.5000000000
14753  31.084  -66.288  -45.369 0.5000000000
14800  43.162  -65.546  -50.585 0.3000000119
14812  33.742  -66.142  -52.692 0.4000000060
15510  19.569  -65.827  -32.760 0.4000000060
15565  36.791  -65.314  -38.683 0.3000000119
15566  35.952  -65.298  -38.791 0.3000000119
15583  34.887  -65.228  -39.803 0.3000000119
15596  36.171  -66.315  -40.792 0.3000000119
15635  26.705  -65.287  -43.797 0.5000000000
15676  37.855  -65.598  -47.257 0.3000000119
15684  43.747  -65.724  -48.326 0.3000000119
15705  43.073  -65.306  -50.081 0.3000000119
15713  42.080  -65.536  -52.283 0.4000000060
15717  37.146  -65.872  -51.528 0.4000000060
15722  32.775  -64.540  -50.876 0.5000000000
16505  17.950  -63.859  -36.603 0.3000000119
16606  35.689  -64.935  -43.990 0.4000000060
16608  34.210  -64.499  -43.853 0.4000000060
16621  32.894  -64.916  -44.217 0.4000000060
16655  33.615  -64.389  -49.211 0.5000000000
16656  33.092  -64.537  -49.105 0.5000000000
16666  34.540  -64.565  -50.967 0.4000000060
17429  34.424  -63.712  -38.054 0.3000000119
17434  18.614  -63.135  -39.067 0.4000000060
17447  31.772  -63.225  -39.441 0.4000000060
18195  21.120  -63.031  -32.665 0.4000000060
18202  21.606  -62.283  -32.915 0.4000000060
18246  19.079  -62.597  -37.002 0.3000000119
18259  34.139  -62.281  -37.605 0.3000000119
18289  31.438  -62.416  -39.211 0.4000000060
18290  30.725  -62.448  -39.785 0.4000000060
18307  19.138  -62.062  -40.240 0.3000000119
18993  23.001  -61.880  -32.658 0.4000000060
19001  21.159  -61.865  -33.777 0.4000000060
19035  20.810  -61.617  -35.821 0.4000000060
19056  34.506  -61.843  -37.523 0.3000000119
20655  22.284  -59.520  -35.717 0.3000000119
20674  18.057  -59.532  -37.613 0.3000000119
20691  19.774  -60.334  -38.188 0.3000000119
20692  18.740  -60.145  -38.189 0.5000000000
21592  25.780  -58.697  -32.427 0.3000000119
21641  22.124  -58.876  -35.851 0.3000000119
21656  17.482  -58.903  -37.146 0.3000000119
21657  16.597  -58.694  -37.416 0.3000000119
22640  17.668  -56.953  -35.753 0.3000000119
22646  21.106  -57.985  -36.013 0.3000000119
24533  18.465  -55.815  -35.533 0.3000000119
24534  17.718  -56.070  -35.732 0.3000000119
112152  34.591  -69.039  -53.549 0.4000000060
112810  41.193  -65.478  -49.172 0.3000000119
113229  40.050  -65.690  -50.098 0.3000000119
113890  24.465  -67.908  -38.767 0.6000000238
114154  42.055  -69.537  -50.404 0.3000000119
114186  33.060  -67.648  -53.405 0.4000000060
114894  26.157  -68.450  -39.210 0.6000000238
115181  37.338  -69.078  -53.339 0.3000000119
115341  18.439  -63.176  -37.220 0.3000000119
115425  35.536  -63.069  -37.485 0.3000000119
116425  18.778  -66.897  -33.489 0.4000000060
119496  20.462  -74.177  -36.996 0.6000000238
120154  38.062  -77.953  -42.895 0.3000000119
120307  38.543  -65.906  -50.866 0.4000000060
120802  21.320  -60.829  -37.433 0.3000000119
121624  21.461  -61.112  -36.285 0.4000000060
122592  37.889  -64.458  -38.355 0.3000000119
122673  35.389  -72.923  -51.400 0.5000000000
125122  32.764  -64.899  -51.426 0.4000000060
127005  21.670  -69.610  -32.977 0.5000000000
128514  34.168  -64.542  -45.224 0.4000000060
129693  34.127  -64.680  -40.881 0.4000000060
130092  22.364  -68.712  -47.275 0.8000000119
131095  23.049  -67.618  -38.702 0.4000000060
131409  25.819  -68.331  -42.514 0.6000000238
131656  35.476  -65.143  -46.788 0.4000000060
134595  41.445  -68.757  -52.767 0.3000000119
134772  43.416  -65.567  -48.670 0.3000000119
135238  20.827  -68.748  -32.504 0.5000000000
135445  21.306  -72.120  -34.219 0.6000000238
