#!ascii label  , from subject sub-v1s18x0051256_ses-1 vox2ras=TkReg
1148
94176  -53.986  35.158  19.790 0.0000000000
103860  -48.645  52.478  17.407 0.0000000000
134946  -42.788  41.020  20.897 0.0000000000
97173  -53.480  40.075  10.727 0.0000000000
102315  -49.825  49.896  9.657 0.0000000000
100539  -48.855  46.296  12.381 0.0000000000
98884  -49.227  43.245  5.714 0.0000000000
117528  -46.209  41.561  11.809 0.0000000000
90684  -52.150  30.571  26.788 0.0000000000
92636  -51.709  33.348  24.764 0.0000000000
104345  -39.349  53.566  17.378 0.0000000000
104839  -44.772  54.549  12.322 0.0000000000
105785  -49.385  57.118  9.793 0.0000000000
124061  -49.707  38.687  21.356 0.0000000000
101098  -42.840  47.548  17.282 0.0000000000
99374  -49.770  44.875  18.133 0.0000000000
97095  -52.235  40.709  18.526 0.0000000000
120094  -48.741  38.284  15.962 0.0000000000
95980  -44.456  38.448  16.680 0.0000000000
94184  -52.642  35.542  18.754 0.0000000000
102867  -51.094  50.762  6.005 0.0000000000
101198  -51.501  46.984  7.124 0.0000000000
101197  -48.852  47.253  6.771 0.0000000000
99441  -46.750  44.521  8.181 0.0000000000
92006  -54.927  31.275  26.709 0.0000000000
93372  -51.975  34.408  27.137 0.0000000000
103294  -37.241  51.594  20.823 0.0000000000
134093  -46.881  55.828  11.316 0.0000000000
94827  -47.475  36.642  21.797 0.0000000000
96497  -46.795  39.511  20.266 0.0000000000
103309  -44.950  52.062  19.687 0.0000000000
102771  -45.497  50.488  16.944 0.0000000000
98287  -49.659  42.755  11.238 0.0000000000
119291  -48.213  43.922  14.039 0.0000000000
98250  -51.017  42.606  14.438 0.0000000000
98792  -52.787  44.023  17.674 0.0000000000
97687  -53.196  41.966  15.020 0.0000000000
95989  -50.393  39.137  16.927 0.0000000000
130638  -50.393  39.328  13.818 0.0000000000
97120  -45.168  40.187  15.244 0.0000000000
102805  -48.520  50.735  13.016 0.0000000000
102279  -48.715  49.101  14.152 0.0000000000
101170  -51.808  47.897  11.056 0.0000000000
99435  -50.006  44.620  8.985 0.0000000000
97187  -50.769  40.513  8.002 0.0000000000
97164  -49.273  40.110  10.778 0.0000000000
121301  -46.936  41.428  8.516 0.0000000000
98294  -44.068  42.425  9.665 0.0000000000
90720  -54.317  30.402  24.243 0.0000000000
92643  -54.638  32.567  23.166 0.0000000000
124427  -53.445  34.839  22.458 0.0000000000
103804  -40.533  52.445  23.452 0.0000000000
103825  -40.438  52.225  20.168 0.0000000000
104348  -44.082  53.847  18.344 0.0000000000
103348  -45.604  51.589  14.260 0.0000000000
103903  -47.313  52.131  10.833 0.0000000000
104406  -49.451  53.458  9.257 0.0000000000
104913  -50.211  54.288  6.486 0.0000000000
115430  -49.536  57.147  7.010 0.0000000000
93382  -49.207  34.355  24.618 0.0000000000
94150  -50.813  35.500  22.432 0.0000000000
95385  -53.269  37.760  22.061 0.0000000000
99348  -42.451  44.519  20.348 0.0000000000
128640  -46.557  47.058  14.601 0.0000000000
99914  -45.582  45.513  17.644 0.0000000000
126838  -46.114  43.429  19.565 0.0000000000
98205  -49.755  43.029  19.771 0.0000000000
97072  -52.281  41.223  21.145 0.0000000000
121830  -53.423  37.961  19.872 0.0000000000
120510  -50.988  37.028  18.889 0.0000000000
133443  -48.973  36.521  17.748 0.0000000000
94863  -47.401  35.876  17.464 0.0000000000
130576  -47.758  39.448  13.677 0.0000000000
95985  -46.636  38.093  15.925 0.0000000000
124661  -44.996  35.474  17.378 0.0000000000
93413  -54.165  34.522  20.268 0.0000000000
93420  -54.086  34.936  19.063 0.0000000000
94175  -53.664  35.624  19.553 0.0000000000
128910  -50.177  50.989  5.662 0.0000000000
101771  -50.656  48.786  5.706 0.0000000000
101754  -48.663  48.783  6.862 0.0000000000
121075  -47.488  47.118  8.282 0.0000000000
125124  -44.712  40.116  20.088 0.0000000000
103849  -47.300  53.089  18.345 0.0000000000
97726  -51.705  41.404  10.701 0.0000000000
98278  -51.065  42.029  12.542 0.0000000000
97704  -53.411  41.610  12.971 0.0000000000
98252  -53.343  41.844  14.403 0.0000000000
97142  -53.504  41.004  13.087 0.0000000000
96545  -51.471  39.864  14.227 0.0000000000
96568  -52.592  39.574  11.964 0.0000000000
102828  -48.845  50.382  10.962 0.0000000000
134388  -50.434  49.662  12.621 0.0000000000
102306  -50.929  48.694  11.210 0.0000000000
100013  -51.131  45.492  5.689 0.0000000000
99992  -51.215  45.693  7.761 0.0000000000
129660  -50.791  44.063  6.052 0.0000000000
98310  -50.356  42.553  8.012 0.0000000000
97761  -49.986  41.696  6.306 0.0000000000
97746  -48.500  41.017  7.570 0.0000000000
98318  -47.947  41.909  6.502 0.0000000000
98862  -44.318  42.984  8.493 0.0000000000
134251  -54.107  32.180  25.742 0.0000000000
92012  -54.742  31.626  24.915 0.0000000000
92638  -54.083  32.530  24.442 0.0000000000
114565  -54.227  33.421  22.857 0.0000000000
93389  -53.495  33.968  23.051 0.0000000000
103833  -37.944  52.268  19.246 0.0000000000
120287  -38.985  51.673  20.503 0.0000000000
103847  -40.453  53.040  18.790 0.0000000000
104325  -42.383  53.862  19.155 0.0000000000
104347  -41.252  53.497  17.552 0.0000000000
104368  -43.341  53.633  13.495 0.0000000000
103870  -43.487  52.491  14.403 0.0000000000
103878  -44.415  52.352  13.411 0.0000000000
103371  -45.911  51.603  12.725 0.0000000000
104385  -45.531  53.691  11.707 0.0000000000
105773  -48.314  56.308  10.695 0.0000000000
104854  -48.108  54.671  10.219 0.0000000000
104872  -49.689  54.962  9.256 0.0000000000
128315  -50.580  54.068  8.000 0.0000000000
105326  -50.372  55.643  7.846 0.0000000000
136909  -49.962  55.794  6.576 0.0000000000
118052  -49.818  57.273  7.644 0.0000000000
94110  -45.946  35.916  27.328 0.0000000000
128071  -47.087  36.344  28.250 0.0000000000
130125  -47.387  35.840  27.008 0.0000000000
94122  -48.673  35.617  26.653 0.0000000000
94138  -47.109  35.155  24.868 0.0000000000
95398  -48.887  37.593  21.512 0.0000000000
94814  -48.646  36.079  22.106 0.0000000000
94816  -50.507  36.951  21.996 0.0000000000
124233  -52.361  36.983  22.314 0.0000000000
95401  -51.343  38.555  21.907 0.0000000000
100469  -40.926  46.946  19.365 0.0000000000
99880  -41.100  45.453  20.612 0.0000000000
99901  -42.865  45.725  18.746 0.0000000000
101150  -48.874  47.486  13.056 0.0000000000
101700  -47.394  48.632  14.389 0.0000000000
100529  -47.924  46.277  13.531 0.0000000000
98798  -48.982  43.758  16.342 0.0000000000
99389  -47.375  44.591  15.901 0.0000000000
127651  -47.985  44.759  17.540 0.0000000000
99893  -46.300  45.232  19.253 0.0000000000
99354  -48.319  44.950  19.417 0.0000000000
129615  -48.604  43.226  19.628 0.0000000000
98771  -50.011  44.357  19.555 0.0000000000
97661  -52.695  42.565  18.603 0.0000000000
98208  -52.465  42.971  19.538 0.0000000000
97086  -53.060  41.081  20.111 0.0000000000
96508  -53.497  39.671  20.461 0.0000000000
96507  -53.229  39.499  19.821 0.0000000000
95414  -52.489  37.800  19.503 0.0000000000
95974  -51.447  38.684  18.841 0.0000000000
118643  -49.424  38.621  15.983 0.0000000000
95442  -49.455  37.879  17.188 0.0000000000
95432  -48.759  37.201  17.304 0.0000000000
94864  -48.164  36.429  17.474 0.0000000000
95441  -47.880  37.376  16.771 0.0000000000
97725  -47.356  41.019  11.253 0.0000000000
97154  -48.482  40.116  12.095 0.0000000000
97152  -47.045  40.664  12.753 0.0000000000
96528  -44.639  39.123  16.315 0.0000000000
96536  -45.605  39.419  15.412 0.0000000000
95438  -45.185  37.791  16.591 0.0000000000
95431  -45.680  36.974  16.859 0.0000000000
95430  -44.827  37.025  17.051 0.0000000000
94194  -43.456  35.320  17.318 0.0000000000
129386  -55.348  31.886  19.869 0.0000000000
93428  -51.916  34.981  18.269 0.0000000000
102849  -50.582  50.369  7.825 0.0000000000
121079  -50.576  48.751  8.631 0.0000000000
101755  -51.073  48.803  6.231 0.0000000000
127081  -50.793  47.036  5.457 0.0000000000
100011  -49.393  45.039  5.850 0.0000000000
99451  -47.876  44.062  6.960 0.0000000000
100577  -47.942  46.177  7.680 0.0000000000
90679  -54.287  30.889  27.556 0.0000000000
134270  -54.025  32.062  28.462 0.0000000000
92632  -51.917  33.426  25.727 0.0000000000
104343  -37.571  53.693  17.563 0.0000000000
105294  -45.719  55.072  11.687 0.0000000000
106276  -48.643  57.916  11.084 0.0000000000
106784  -49.200  59.048  9.888 0.0000000000
122750  -46.236  35.566  23.150 0.0000000000
95944  -47.094  38.307  20.807 0.0000000000
96498  -48.461  39.615  20.582 0.0000000000
128317  -44.075  49.160  16.333 0.0000000000
98848  -49.096  43.744  11.450 0.0000000000
99412  -48.491  44.618  12.690 0.0000000000
98832  -49.133  43.067  12.888 0.0000000000
98249  -49.641  42.841  14.403 0.0000000000
98811  -50.988  43.470  15.963 0.0000000000
98790  -51.421  44.708  17.854 0.0000000000
98812  -52.392  43.713  16.138 0.0000000000
97681  -53.126  42.937  16.419 0.0000000000
97669  -52.358  41.875  17.012 0.0000000000
97105  -51.086  39.834  17.332 0.0000000000
97121  -51.241  40.148  15.830 0.0000000000
96539  -50.591  39.544  15.605 0.0000000000
96004  -49.443  38.966  14.422 0.0000000000
97701  -45.866  41.270  13.241 0.0000000000
98178  -42.018  42.209  22.933 0.0000000000
103350  -48.470  51.463  14.823 0.0000000000
114524  -49.581  51.117  15.894 0.0000000000
132952  -50.179  50.534  14.185 0.0000000000
101714  -50.941  49.024  13.112 0.0000000000
100550  -50.240  46.817  11.315 0.0000000000
133940  -51.658  47.233  9.212 0.0000000000
99978  -51.237  46.638  9.727 0.0000000000
99984  -49.806  45.171  9.896 0.0000000000
98857  -49.683  43.379  9.796 0.0000000000
98303  -50.580  41.838  9.421 0.0000000000
97181  -52.613  39.989  9.390 0.0000000000
96579  -51.451  39.496  10.344 0.0000000000
133114  -50.008  40.106  8.718 0.0000000000
97177  -47.968  40.784  9.870 0.0000000000
97732  -46.345  41.579  10.374 0.0000000000
98875  -46.521  42.309  7.300 0.0000000000
97739  -45.240  41.803  8.757 0.0000000000
91397  -54.802  30.834  26.184 0.0000000000
91408  -54.859  31.145  23.357 0.0000000000
91410  -54.937  31.267  22.520 0.0000000000
92648  -54.671  32.772  21.371 0.0000000000
93402  -54.252  33.816  21.806 0.0000000000
94159  -53.769  35.675  21.308 0.0000000000
103264  -42.379  52.061  22.939 0.0000000000
103275  -40.303  51.741  22.297 0.0000000000
103286  -41.897  51.796  21.522 0.0000000000
103838  -42.745  53.310  19.717 0.0000000000
104328  -44.902  54.626  18.963 0.0000000000
103851  -45.801  53.285  17.774 0.0000000000
104359  -40.676  53.860  15.713 0.0000000000
104357  -41.970  53.120  16.156 0.0000000000
117894  -44.139  52.442  16.176 0.0000000000
103866  -47.098  52.326  16.183 0.0000000000
103361  -47.056  51.262  13.489 0.0000000000
103373  -47.461  51.027  12.183 0.0000000000
103393  -48.121  51.799  10.429 0.0000000000
104397  -46.832  53.688  10.764 0.0000000000
103915  -47.934  52.813  10.224 0.0000000000
103405  -49.531  51.868  9.285 0.0000000000
103416  -50.759  52.088  7.509 0.0000000000
103969  -50.815  52.206  5.960 0.0000000000
104897  -49.251  54.405  6.578 0.0000000000
105335  -48.980  55.234  6.682 0.0000000000
106798  -49.452  58.821  8.018 0.0000000000
93377  -50.356  34.318  25.804 0.0000000000
92635  -50.638  33.769  24.376 0.0000000000
93385  -48.111  34.885  23.421 0.0000000000
119281  -49.710  34.537  23.251 0.0000000000
115476  -51.274  34.418  23.083 0.0000000000
93393  -52.016  34.775  22.748 0.0000000000
94818  -53.083  36.533  22.366 0.0000000000
94830  -53.646  36.698  21.330 0.0000000000
98758  -42.502  43.205  20.834 0.0000000000
102255  -46.818  49.851  15.369 0.0000000000
101690  -45.636  48.657  15.156 0.0000000000
101116  -44.643  47.884  15.740 0.0000000000
99941  -47.099  45.615  14.570 0.0000000000
99930  -46.060  45.907  15.573 0.0000000000
100490  -44.379  46.396  16.865 0.0000000000
99903  -44.596  45.480  18.442 0.0000000000
98766  -44.743  44.114  19.741 0.0000000000
98201  -44.750  42.353  19.706 0.0000000000
97650  -46.151  41.680  19.557 0.0000000000
97085  -48.321  41.386  19.890 0.0000000000
97070  -49.826  40.653  20.613 0.0000000000
98772  -51.257  44.501  19.365 0.0000000000
97642  -51.373  41.652  20.712 0.0000000000
97053  -51.230  39.990  21.445 0.0000000000
95949  -52.729  39.205  21.980 0.0000000000
95409  -53.636  38.252  21.134 0.0000000000
95415  -53.550  37.320  20.126 0.0000000000
94843  -53.015  36.979  19.588 0.0000000000
94854  -52.239  36.250  19.087 0.0000000000
94182  -50.600  35.755  18.443 0.0000000000
95973  -50.690  38.523  18.117 0.0000000000
95421  -50.233  36.985  18.410 0.0000000000
94201  -49.972  35.207  18.047 0.0000000000
93442  -48.634  34.601  17.432 0.0000000000
93441  -47.791  34.549  17.307 0.0000000000
96566  -49.811  39.478  12.275 0.0000000000
96544  -48.662  39.119  13.745 0.0000000000
96003  -48.441  38.743  14.609 0.0000000000
97129  -46.244  40.215  14.175 0.0000000000
136252  -46.894  38.992  14.786 0.0000000000
95995  -47.424  38.277  15.593 0.0000000000
94868  -46.490  36.881  16.871 0.0000000000
94196  -45.765  35.433  17.369 0.0000000000
93421  -54.415  34.206  19.416 0.0000000000
128696  -49.285  51.143  6.170 0.0000000000
102337  -49.183  49.599  6.307 0.0000000000
102336  -48.136  49.576  7.251 0.0000000000
96493  -43.415  39.592  20.833 0.0000000000
97064  -43.427  40.392  20.573 0.0000000000
103853  -47.927  52.977  17.924 0.0000000000
103325  -48.184  52.180  18.279 0.0000000000
103326  -48.755  52.202  17.729 0.0000000000
97727  -52.903  40.957  10.999 0.0000000000
97716  -53.222  41.261  12.093 0.0000000000
97717  -53.523  41.045  12.259 0.0000000000
97705  -53.477  41.461  12.993 0.0000000000
96556  -53.499  40.687  12.399 0.0000000000
96555  -53.090  40.122  12.692 0.0000000000
96569  -53.470  39.969  11.991 0.0000000000
102829  -49.349  50.264  10.344 0.0000000000
133041  -49.476  49.859  11.098 0.0000000000
102305  -49.943  49.448  10.653 0.0000000000
99459  -50.559  44.471  5.630 0.0000000000
99453  -51.175  44.856  5.961 0.0000000000
98886  -50.253  43.502  5.696 0.0000000000
98878  -50.309  43.045  6.309 0.0000000000
98885  -49.845  42.965  5.649 0.0000000000
136525  -48.777  41.959  6.134 0.0000000000
98326  -48.469  42.476  6.157 0.0000000000
90695  -52.890  30.257  26.274 0.0000000000
118923  -52.696  33.011  25.461 0.0000000000
92637  -53.001  32.951  24.746 0.0000000000
92641  -53.299  33.380  23.833 0.0000000000
131423  -52.295  33.483  24.040 0.0000000000
104335  -38.988  53.216  18.054 0.0000000000
103834  -39.000  52.350  19.326 0.0000000000
104336  -39.912  53.305  18.082 0.0000000000
114809  -40.845  53.430  18.199 0.0000000000
104346  -40.254  53.543  17.386 0.0000000000
104838  -44.101  54.601  12.725 0.0000000000
104833  -42.946  54.365  13.526 0.0000000000
104374  -43.827  53.941  12.987 0.0000000000
104369  -44.025  53.172  13.099 0.0000000000
104375  -44.386  53.783  12.621 0.0000000000
103888  -44.737  52.840  12.635 0.0000000000
104376  -44.984  53.724  12.182 0.0000000000
119937  -49.065  56.330  10.145 0.0000000000
105316  -49.340  55.613  9.662 0.0000000000
125314  -49.665  56.413  9.322 0.0000000000
105317  -49.993  55.706  8.925 0.0000000000
125627  -50.114  56.522  8.228 0.0000000000
105786  -49.777  57.204  8.732 0.0000000000
94119  -44.851  35.751  26.219 0.0000000000
94120  -45.733  35.701  26.563 0.0000000000
134063  -46.554  35.740  26.835 0.0000000000
136556  -46.296  35.577  26.170 0.0000000000
94131  -47.421  35.292  25.691 0.0000000000
95946  -48.966  38.324  21.258 0.0000000000
94829  -49.661  37.276  21.724 0.0000000000
95399  -49.692  38.070  21.538 0.0000000000
95400  -50.538  37.875  21.799 0.0000000000
115683  -50.460  38.644  21.605 0.0000000000
101671  -42.498  48.288  17.555 0.0000000000
101097  -42.186  47.416  17.975 0.0000000000
100479  -41.569  46.901  18.699 0.0000000000
100488  -42.755  46.862  17.686 0.0000000000
101140  -48.221  47.185  13.422 0.0000000000
100530  -48.499  46.652  12.981 0.0000000000
98788  -49.354  44.345  17.266 0.0000000000
99383  -48.430  44.347  16.966 0.0000000000
99373  -48.799  44.928  18.127 0.0000000000
99372  -47.929  45.138  18.423 0.0000000000
99364  -48.651  45.201  19.141 0.0000000000
99355  -49.325  44.957  19.313 0.0000000000
99365  -49.631  45.180  18.935 0.0000000000
97660  -52.440  41.755  18.091 0.0000000000
97096  -52.725  41.519  19.163 0.0000000000
96516  -52.816  40.343  19.436 0.0000000000
96506  -52.378  39.235  19.321 0.0000000000
96515  -51.879  39.724  18.758 0.0000000000
138678  -49.213  38.230  16.487 0.0000000000
114560  -48.679  37.822  16.623 0.0000000000
95987  -48.043  38.010  16.067 0.0000000000
97714  -47.077  41.019  12.003 0.0000000000
116258  -45.068  38.512  16.305 0.0000000000
95429  -44.389  37.750  16.978 0.0000000000
95428  -43.841  37.140  17.311 0.0000000000
136394  -55.140  32.535  19.778 0.0000000000
93446  -52.377  34.494  17.626 0.0000000000
128719  -50.950  50.378  6.583 0.0000000000
102338  -50.768  49.416  7.303 0.0000000000
102358  -51.014  49.938  5.931 0.0000000000
127132  -50.209  48.207  5.697 0.0000000000
101211  -50.817  47.809  5.565 0.0000000000
101210  -50.021  47.376  5.715 0.0000000000
100608  -50.301  46.458  5.567 0.0000000000
100592  -49.327  46.583  6.249 0.0000000000
128679  -48.801  45.894  6.644 0.0000000000
100591  -48.556  46.591  7.052 0.0000000000
100576  -47.158  46.198  8.551 0.0000000000
91976  -53.680  32.593  28.688 0.0000000000
92620  -52.466  33.617  26.687 0.0000000000
104332  -36.421  53.395  18.459 0.0000000000
106270  -47.947  57.864  11.708 0.0000000000
106776  -48.329  58.843  11.283 0.0000000000
122847  -47.743  59.408  11.436 0.0000000000
95954  -45.503  38.702  20.593 0.0000000000
95943  -45.581  38.061  20.956 0.0000000000
95955  -46.376  38.843  20.515 0.0000000000
95956  -47.502  39.136  20.541 0.0000000000
103308  -44.251  52.238  19.853 0.0000000000
102242  -44.541  49.975  16.735 0.0000000000
98842  -49.242  43.210  12.028 0.0000000000
98277  -49.877  42.518  12.261 0.0000000000
98265  -51.618  42.284  13.528 0.0000000000
135687  -50.265  42.530  13.863 0.0000000000
98239  -50.344  42.964  15.162 0.0000000000
98240  -52.163  43.173  15.265 0.0000000000
130367  -53.346  42.365  14.717 0.0000000000
129669  -53.293  42.834  15.370 0.0000000000
97680  -52.744  41.979  15.987 0.0000000000
97113  -51.652  40.747  16.509 0.0000000000
97122  -52.007  40.981  15.520 0.0000000000
97130  -51.337  40.077  15.121 0.0000000000
116844  -50.471  39.388  14.759 0.0000000000
96538  -49.815  38.987  15.351 0.0000000000
103362  -48.719  51.172  13.954 0.0000000000
103351  -49.694  51.271  15.000 0.0000000000
102806  -49.748  50.517  13.502 0.0000000000
133165  -51.320  48.792  12.071 0.0000000000
102288  -50.594  49.610  13.319 0.0000000000
101715  -51.289  48.605  12.240 0.0000000000
101152  -50.941  48.220  12.455 0.0000000000
100551  -51.311  47.476  11.209 0.0000000000
101745  -50.916  48.273  7.637 0.0000000000
101736  -51.006  47.935  9.212 0.0000000000
101189  -51.382  47.410  8.119 0.0000000000
99436  -50.650  44.976  8.155 0.0000000000
100568  -51.419  46.540  8.692 0.0000000000
99985  -50.623  45.697  9.028 0.0000000000
134027  -50.321  46.076  9.964 0.0000000000
99429  -49.537  44.149  9.834 0.0000000000
98863  -49.908  43.591  8.878 0.0000000000
97747  -50.601  41.236  7.569 0.0000000000
98311  -50.604  41.746  8.501 0.0000000000
97742  -51.223  40.642  8.600 0.0000000000
97180  -51.748  40.026  8.756 0.0000000000
97179  -51.035  39.937  8.531 0.0000000000
97186  -50.309  40.390  7.890 0.0000000000
97745  -47.535  41.359  7.883 0.0000000000
97184  -48.032  40.907  8.697 0.0000000000
97741  -47.304  41.211  9.408 0.0000000000
99442  -47.407  44.495  7.571 0.0000000000
98870  -46.985  43.376  7.413 0.0000000000
98869  -45.807  42.576  7.740 0.0000000000
98300  -44.072  42.368  8.785 0.0000000000
98307  -44.485  42.375  8.356 0.0000000000
91386  -54.777  30.953  27.208 0.0000000000
90696  -54.239  30.549  26.825 0.0000000000
92014  -54.682  32.152  23.968 0.0000000000
131899  -54.874  31.261  24.196 0.0000000000
92015  -54.836  31.694  23.343 0.0000000000
133709  -54.857  32.024  22.686 0.0000000000
92017  -54.951  31.886  21.910 0.0000000000
93395  -53.945  34.100  22.413 0.0000000000
92645  -54.256  33.574  22.383 0.0000000000
93401  -54.000  34.704  21.112 0.0000000000
114417  -53.793  34.840  21.866 0.0000000000
103791  -41.008  53.008  24.022 0.0000000000
104306  -42.549  53.706  24.659 0.0000000000
103792  -42.040  52.942  24.051 0.0000000000
103806  -42.815  52.365  23.438 0.0000000000
103805  -41.603  52.438  23.443 0.0000000000
103272  -36.961  51.752  22.292 0.0000000000
103273  -37.896  51.574  22.134 0.0000000000
103284  -39.601  51.594  21.715 0.0000000000
103296  -41.031  51.968  20.885 0.0000000000
135069  -41.279  51.767  22.152 0.0000000000
103297  -42.074  52.002  20.832 0.0000000000
103826  -41.428  52.423  20.227 0.0000000000
115392  -43.063  53.831  18.402 0.0000000000
104338  -43.036  54.225  19.012 0.0000000000
104339  -44.128  54.509  18.992 0.0000000000
104349  -45.281  54.000  18.528 0.0000000000
104356  -41.228  53.462  16.427 0.0000000000
104361  -42.051  53.127  15.148 0.0000000000
103871  -44.162  52.067  14.105 0.0000000000
103863  -43.526  52.387  15.330 0.0000000000
103337  -44.891  51.792  14.709 0.0000000000
103865  -45.629  52.163  15.792 0.0000000000
103338  -46.218  51.765  15.106 0.0000000000
103349  -46.789  51.524  14.420 0.0000000000
103890  -46.118  52.000  11.925 0.0000000000
103372  -46.712  51.345  12.409 0.0000000000
103381  -46.872  51.663  11.577 0.0000000000
103382  -47.716  51.229  11.310 0.0000000000
105295  -46.347  55.355  11.386 0.0000000000
104852  -46.535  54.528  10.984 0.0000000000
105300  -46.999  55.372  10.934 0.0000000000
136560  -49.343  54.269  9.401 0.0000000000
104399  -48.534  53.819  9.795 0.0000000000
103916  -48.676  52.884  9.724 0.0000000000
103924  -49.248  52.639  9.391 0.0000000000
103925  -49.900  52.757  8.890 0.0000000000
129334  -50.253  52.161  8.538 0.0000000000
103936  -50.559  52.805  8.045 0.0000000000
127100  -50.641  54.164  7.148 0.0000000000
104433  -50.759  53.312  6.658 0.0000000000
121298  -50.662  53.028  6.284 0.0000000000
103447  -50.113  51.907  5.784 0.0000000000
103968  -50.271  52.859  6.048 0.0000000000
104912  -50.000  54.385  6.356 0.0000000000
105809  -49.850  56.292  6.723 0.0000000000
105817  -49.679  55.843  6.571 0.0000000000
105808  -49.409  56.646  6.736 0.0000000000
136582  -48.783  56.773  6.845 0.0000000000
123657  -49.083  57.377  6.895 0.0000000000
106785  -49.472  58.555  9.064 0.0000000000
94114  -50.118  36.138  27.589 0.0000000000
93375  -48.668  34.688  25.302 0.0000000000
93370  -49.928  34.995  26.353 0.0000000000
93376  -49.492  34.536  25.529 0.0000000000
92630  -50.001  34.030  24.926 0.0000000000
94812  -46.878  36.075  22.343 0.0000000000
94143  -47.197  35.215  23.548 0.0000000000
94147  -47.492  35.440  22.805 0.0000000000
94149  -49.969  35.455  22.406 0.0000000000
116268  -49.166  35.464  22.455 0.0000000000
131803  -49.609  34.929  22.720 0.0000000000
93387  -50.510  34.214  23.515 0.0000000000
118355  -51.201  34.944  22.652 0.0000000000
94151  -51.708  35.508  22.503 0.0000000000
138219  -53.070  37.249  22.295 0.0000000000
94819  -53.360  37.021  21.985 0.0000000000
99881  -41.852  45.089  20.248 0.0000000000
99340  -42.187  43.836  20.885 0.0000000000
124469  -49.650  50.605  15.234 0.0000000000
102256  -48.336  50.258  15.305 0.0000000000
102269  -48.630  49.744  14.735 0.0000000000
101128  -46.468  47.861  14.571 0.0000000000
101699  -46.347  48.633  14.782 0.0000000000
101127  -45.837  48.079  14.896 0.0000000000
101117  -45.289  47.957  15.289 0.0000000000
101118  -45.866  47.258  15.043 0.0000000000
99406  -48.088  44.657  13.530 0.0000000000
99949  -47.708  45.452  13.843 0.0000000000
99398  -47.637  44.663  14.425 0.0000000000
99381  -46.609  45.179  16.789 0.0000000000
99922  -46.228  45.479  16.062 0.0000000000
121804  -45.920  45.507  16.855 0.0000000000
100501  -45.052  46.457  16.185 0.0000000000
99913  -44.798  45.713  17.602 0.0000000000
99912  -43.973  45.922  17.706 0.0000000000
135243  -45.267  45.458  18.296 0.0000000000
98768  -46.669  44.458  19.569 0.0000000000
99351  -45.125  44.834  19.528 0.0000000000
98767  -45.650  44.262  19.617 0.0000000000
125919  -44.317  43.216  19.852 0.0000000000
126839  -45.205  43.303  19.643 0.0000000000
97649  -45.262  41.551  19.635 0.0000000000
98203  -46.557  42.608  19.541 0.0000000000
97652  -47.959  42.060  19.660 0.0000000000
97653  -48.906  42.108  19.815 0.0000000000
97640  -49.139  41.197  20.216 0.0000000000
130492  -49.709  42.010  20.078 0.0000000000
98781  -52.290  44.422  18.412 0.0000000000
99357  -51.750  44.755  18.907 0.0000000000
98773  -52.098  44.179  19.084 0.0000000000
97644  -52.670  41.691  20.479 0.0000000000
98194  -51.679  42.618  20.260 0.0000000000
97643  -52.138  41.975  20.625 0.0000000000
97071  -51.408  40.782  21.188 0.0000000000
97054  -52.032  40.428  21.568 0.0000000000
96486  -52.396  39.861  21.747 0.0000000000
97055  -52.723  40.497  21.433 0.0000000000
95967  -53.513  38.779  20.074 0.0000000000
95959  -53.605  38.932  20.751 0.0000000000
132594  -53.639  38.134  20.326 0.0000000000
122714  -53.699  37.480  20.789 0.0000000000
94844  -53.526  36.457  19.888 0.0000000000
95422  -51.548  37.780  19.156 0.0000000000
94842  -51.852  36.998  19.261 0.0000000000
94853  -51.245  36.318  18.831 0.0000000000
96514  -51.153  39.316  18.165 0.0000000000
130594  -50.661  39.053  17.585 0.0000000000
95433  -49.506  37.071  17.829 0.0000000000
95434  -50.138  37.767  17.927 0.0000000000
94851  -49.669  36.094  18.179 0.0000000000
94200  -49.101  35.282  17.800 0.0000000000
94865  -48.791  35.891  17.849 0.0000000000
94199  -48.171  35.344  17.629 0.0000000000
94198  -47.396  35.092  17.472 0.0000000000
93440  -46.951  34.530  17.244 0.0000000000
96578  -50.125  39.691  10.592 0.0000000000
116199  -50.473  39.510  11.416 0.0000000000
132726  -49.364  39.812  11.574 0.0000000000
97141  -48.319  39.702  12.939 0.0000000000
132744  -49.024  39.636  12.393 0.0000000000
96543  -47.924  38.940  14.195 0.0000000000
97128  -45.428  40.670  14.460 0.0000000000
96542  -45.887  39.845  14.819 0.0000000000
95994  -46.062  38.731  15.592 0.0000000000
96537  -46.316  39.189  15.085 0.0000000000
131591  -46.807  38.641  15.287 0.0000000000
95440  -46.963  37.404  16.511 0.0000000000
95439  -46.110  37.570  16.434 0.0000000000
94862  -45.316  36.233  17.250 0.0000000000
117091  -46.120  36.218  17.193 0.0000000000
135097  -45.399  34.798  17.346 0.0000000000
124283  -54.467  33.691  20.087 0.0000000000
93448  -54.660  34.338  17.756 0.0000000000
102885  -50.597  50.349  5.702 0.0000000000
102357  -50.711  49.591  5.739 0.0000000000
102356  -50.204  49.602  5.678 0.0000000000
101770  -49.732  48.856  5.917 0.0000000000
127584  -49.271  48.066  6.393 0.0000000000
127588  -48.172  47.001  7.550 0.0000000000
101196  -48.194  47.852  7.509 0.0000000000
96495  -44.938  39.406  20.343 0.0000000000
97066  -45.402  40.076  19.932 0.0000000000
103310  -45.813  52.917  19.328 0.0000000000
103317  -46.573  52.172  19.091 0.0000000000
102772  -46.698  50.710  16.799 0.0000000000
98288  -50.658  41.960  11.543 0.0000000000
97715  -52.018  41.550  11.792 0.0000000000
97703  -52.645  41.826  12.806 0.0000000000
98266  -53.219  42.132  13.575 0.0000000000
98251  -52.658  42.549  14.339 0.0000000000
97132  -53.539  41.808  13.859 0.0000000000
97131  -52.410  40.866  14.622 0.0000000000
96546  -52.702  40.522  13.677 0.0000000000
96554  -51.635  39.596  13.116 0.0000000000
102814  -48.988  50.439  12.452 0.0000000000
102815  -50.088  50.139  13.007 0.0000000000
102821  -49.445  50.046  11.877 0.0000000000
102298  -50.474  49.373  11.824 0.0000000000
101729  -51.736  48.033  10.729 0.0000000000
100002  -51.345  46.299  5.869 0.0000000000
100578  -51.484  46.387  7.561 0.0000000000
100001  -51.403  45.666  6.480 0.0000000000
99444  -51.014  44.739  6.882 0.0000000000
99443  -50.346  44.160  8.028 0.0000000000
130980  -50.231  43.418  7.905 0.0000000000
98319  -50.269  42.983  7.244 0.0000000000
98320  -50.333  42.149  6.909 0.0000000000
97755  -50.238  41.429  6.724 0.0000000000
97193  -50.308  40.742  7.307 0.0000000000
97754  -49.996  41.056  6.593 0.0000000000
97753  -48.889  41.390  6.645 0.0000000000
97752  -47.675  41.599  7.081 0.0000000000
99440  -45.976  43.644  8.242 0.0000000000
90710  -53.621  30.051  24.794 0.0000000000
91994  -54.433  32.140  27.057 0.0000000000
118737  -54.934  31.205  25.796 0.0000000000
92642  -54.150  33.066  23.569 0.0000000000
103790  -40.049  53.069  24.027 0.0000000000
103305  -37.644  51.765  20.013 0.0000000000
103295  -38.216  51.579  20.606 0.0000000000
103306  -38.537  51.826  19.921 0.0000000000
103307  -39.465  51.973  20.023 0.0000000000
103836  -40.932  52.779  19.522 0.0000000000
103837  -41.866  53.081  19.636 0.0000000000
104337  -41.474  53.470  18.948 0.0000000000
125462  -41.616  53.579  18.421 0.0000000000
116097  -42.192  53.702  18.382 0.0000000000
104832  -42.259  54.778  13.682 0.0000000000
103862  -42.768  52.793  14.765 0.0000000000
104365  -42.974  53.099  14.053 0.0000000000
103877  -43.675  52.721  13.713 0.0000000000
103359  -44.897  51.746  13.813 0.0000000000
103360  -45.760  51.522  13.522 0.0000000000
103879  -45.090  51.930  13.024 0.0000000000
103889  -45.446  52.346  12.349 0.0000000000
103902  -46.559  52.668  11.212 0.0000000000
105296  -47.475  56.224  11.222 0.0000000000
105301  -47.774  55.478  10.618 0.0000000000
105302  -48.586  55.537  10.213 0.0000000000
104871  -48.918  54.811  9.752 0.0000000000
104888  -50.108  54.306  8.800 0.0000000000
104422  -50.304  53.489  8.496 0.0000000000
118844  -50.197  55.071  8.651 0.0000000000
104889  -50.502  54.730  7.993 0.0000000000
104914  -50.338  54.670  6.742 0.0000000000
105345  -50.053  55.145  6.561 0.0000000000
105336  -50.171  55.645  6.794 0.0000000000
105797  -50.100  56.516  7.159 0.0000000000
94795  -44.155  36.119  26.726 0.0000000000
94784  -44.313  36.277  27.553 0.0000000000
94785  -45.235  36.170  27.829 0.0000000000
94786  -46.145  36.229  28.066 0.0000000000
94113  -49.159  36.084  27.350 0.0000000000
94121  -47.833  35.582  26.470 0.0000000000
94132  -48.233  35.178  25.914 0.0000000000
93374  -47.868  34.886  25.087 0.0000000000
129111  -48.126  37.142  21.561 0.0000000000
131664  -48.175  36.526  21.839 0.0000000000
94828  -48.834  36.825  21.764 0.0000000000
94815  -49.580  36.308  22.041 0.0000000000
132990  -50.414  36.095  22.199 0.0000000000
94817  -51.358  36.416  22.264 0.0000000000
95383  -51.582  37.617  22.120 0.0000000000
95931  -52.256  38.533  22.147 0.0000000000
100462  -40.821  46.297  20.015 0.0000000000
99888  -41.556  45.709  19.762 0.0000000000
99889  -42.519  45.249  19.619 0.0000000000
125660  -48.899  48.294  13.545 0.0000000000
101701  -47.947  48.219  13.958 0.0000000000
134258  -47.924  47.602  13.772 0.0000000000
100520  -47.032  46.545  14.373 0.0000000000
98808  -48.099  43.924  14.920 0.0000000000
127290  -47.624  44.389  15.238 0.0000000000
99390  -48.086  44.059  15.930 0.0000000000
99382  -47.684  44.553  16.719 0.0000000000
99915  -46.442  45.329  17.820 0.0000000000
99904  -45.942  45.390  18.526 0.0000000000
99906  -47.176  45.278  18.557 0.0000000000
99894  -47.006  45.223  19.274 0.0000000000
126958  -46.921  43.518  19.553 0.0000000000
98769  -47.786  44.214  19.557 0.0000000000
98770  -48.921  44.430  19.545 0.0000000000
135433  -49.331  43.818  19.662 0.0000000000
98219  -52.815  43.397  18.029 0.0000000000
98774  -52.423  43.530  19.201 0.0000000000
98214  -52.685  43.112  18.927 0.0000000000
97655  -52.653  42.217  19.599 0.0000000000
97073  -53.035  40.957  20.919 0.0000000000
97056  -53.247  40.297  21.165 0.0000000000
97087  -53.328  40.237  20.074 0.0000000000
95966  -53.021  38.647  19.658 0.0000000000
95965  -52.092  38.438  19.359 0.0000000000
96530  -50.103  39.100  16.159 0.0000000000
95981  -50.175  38.487  17.396 0.0000000000
95988  -49.779  38.585  16.693 0.0000000000
94869  -47.278  36.731  17.091 0.0000000000
97163  -48.585  40.337  11.274 0.0000000000
97162  -47.847  40.595  11.687 0.0000000000
97153  -47.703  40.378  12.466 0.0000000000
97140  -47.408  40.121  13.192 0.0000000000
96535  -44.885  39.669  15.820 0.0000000000
96529  -45.324  38.942  15.910 0.0000000000
95984  -45.732  38.265  16.105 0.0000000000
94861  -44.481  36.240  17.350 0.0000000000
94195  -44.222  35.421  17.388 0.0000000000
123270  -43.659  36.151  17.428 0.0000000000
91416  -55.232  31.308  20.403 0.0000000000
132947  -50.132  50.418  8.901 0.0000000000
102326  -50.337  49.602  8.764 0.0000000000
118853  -51.288  47.774  6.658 0.0000000000
101772  -50.847  49.117  5.863 0.0000000000
124635  -51.107  48.112  5.798 0.0000000000
101212  -51.179  47.123  5.663 0.0000000000
100609  -51.006  46.327  5.458 0.0000000000
100012  -50.442  45.477  5.546 0.0000000000
99458  -49.743  44.173  5.530 0.0000000000
99452  -48.743  44.119  6.129 0.0000000000
100000  -48.163  45.043  7.025 0.0000000000
99991  -47.342  45.339  8.024 0.0000000000
90685  -53.324  30.604  27.194 0.0000000000
91385  -53.486  31.012  27.757 0.0000000000
91375  -54.044  31.449  28.124 0.0000000000
91995  -54.672  31.464  27.556 0.0000000000
92597  -53.472  33.369  28.964 0.0000000000
92622  -54.350  32.309  27.989 0.0000000000
92633  -53.166  32.928  26.300 0.0000000000
103824  -36.151  52.200  20.155 0.0000000000
103844  -36.988  52.669  18.900 0.0000000000
104333  -37.254  53.254  18.216 0.0000000000
104344  -38.457  53.605  17.436 0.0000000000
104842  -45.338  54.459  11.871 0.0000000000
105768  -48.160  57.078  11.280 0.0000000000
105774  -48.842  57.113  10.622 0.0000000000
106282  -49.177  58.008  10.150 0.0000000000
106283  -49.530  57.765  9.254 0.0000000000
106782  -48.894  58.661  10.696 0.0000000000
107268  -48.803  59.494  10.531 0.0000000000
95396  -46.220  37.599  21.235 0.0000000000
95397  -47.272  37.392  21.381 0.0000000000
95945  -48.104  37.892  21.207 0.0000000000
95957  -48.230  38.692  20.864 0.0000000000
95958  -49.195  39.069  21.028 0.0000000000
127789  -42.876  48.961  17.373 0.0000000000
101672  -43.050  48.360  16.956 0.0000000000
99969  -49.068  45.276  11.411 0.0000000000
99968  -48.742  45.369  12.173 0.0000000000
98841  -48.480  43.883  13.181 0.0000000000
98831  -48.858  43.263  13.789 0.0000000000
98264  -50.150  42.457  13.170 0.0000000000
127561  -49.530  42.773  13.638 0.0000000000
98820  -48.736  43.371  14.602 0.0000000000
98821  -49.349  43.136  15.076 0.0000000000
98810  -49.665  43.370  15.754 0.0000000000
98799  -50.081  43.813  16.629 0.0000000000
98789  -50.467  44.514  17.550 0.0000000000
98800  -51.618  44.138  16.923 0.0000000000
98801  -52.880  43.935  16.699 0.0000000000
98241  -53.296  42.882  15.149 0.0000000000
122878  -53.107  43.385  15.946 0.0000000000
98229  -53.018  43.589  16.970 0.0000000000
97670  -52.804  42.785  17.525 0.0000000000
97106  -51.823  40.827  17.584 0.0000000000
96523  -51.581  40.059  18.084 0.0000000000
96531  -50.806  39.717  16.382 0.0000000000
95997  -48.983  38.638  15.264 0.0000000000
97702  -46.429  41.184  12.643 0.0000000000
97700  -45.169  41.776  13.183 0.0000000000
97694  -45.342  41.295  13.798 0.0000000000
97119  -44.424  40.430  15.688 0.0000000000
96527  -44.169  39.884  16.289 0.0000000000
96522  -43.883  39.205  16.763 0.0000000000
103340  -49.320  51.915  16.109 0.0000000000
103333  -49.328  52.070  16.862 0.0000000000
102786  -49.524  51.312  15.812 0.0000000000
102796  -49.952  50.953  15.240 0.0000000000
102270  -49.900  50.250  14.660 0.0000000000
102807  -50.428  50.208  13.822 0.0000000000
102281  -50.489  49.713  13.765 0.0000000000
101709  -50.230  49.004  13.570 0.0000000000
101151  -49.925  48.135  12.972 0.0000000000
133492  -50.091  47.598  12.399 0.0000000000
100549  -49.286  46.083  11.640 0.0000000000
102316  -50.413  48.848  9.859 0.0000000000
101179  -51.638  47.525  10.130 0.0000000000
125924  -51.683  46.949  8.466 0.0000000000
126964  -51.645  47.180  9.465 0.0000000000
100559  -51.533  47.361  10.378 0.0000000000
100558  -50.793  46.744  10.573 0.0000000000
134152  -49.681  45.860  10.746 0.0000000000
99420  -49.222  44.616  10.790 0.0000000000
98849  -49.396  43.552  10.564 0.0000000000
98296  -49.921  42.732  10.196 0.0000000000
98302  -50.131  42.689  9.204 0.0000000000
98297  -50.509  41.937  10.473 0.0000000000
97734  -51.556  41.100  9.596 0.0000000000
134740  -52.598  40.571  10.000 0.0000000000
97172  -53.199  39.957  9.948 0.0000000000
96580  -52.564  39.533  10.851 0.0000000000
96596  -51.864  39.768  9.210 0.0000000000
96591  -50.805  39.680  9.513 0.0000000000
97171  -49.708  40.026  9.810 0.0000000000
97185  -49.250  40.505  8.191 0.0000000000
97178  -48.906  40.432  9.313 0.0000000000
97170  -48.691  40.423  10.371 0.0000000000
97169  -47.920  40.736  10.841 0.0000000000
97733  -47.162  41.254  10.373 0.0000000000
97724  -46.692  41.396  11.161 0.0000000000
98877  -48.125  43.231  6.436 0.0000000000
98876  -47.447  42.433  6.757 0.0000000000
98309  -45.845  42.017  7.594 0.0000000000
121781  -45.128  42.224  7.956 0.0000000000
98308  -45.040  41.970  8.086 0.0000000000
97744  -45.871  41.755  8.169 0.0000000000
117206  -53.944  30.290  25.805 0.0000000000
90711  -54.589  30.556  25.158 0.0000000000
91406  -54.972  30.968  25.184 0.0000000000
90712  -54.813  30.788  24.563 0.0000000000
90721  -54.709  30.807  23.777 0.0000000000
90732  -54.769  30.865  21.894 0.0000000000
91413  -55.081  31.219  21.428 0.0000000000
92019  -55.157  31.798  20.920 0.0000000000
92646  -54.579  32.866  22.346 0.0000000000
93414  -54.335  33.712  20.823 0.0000000000
94167  -53.899  35.410  20.542 0.0000000000
137329  -39.211  51.961  23.017 0.0000000000
103274  -38.719  51.506  21.924 0.0000000000
133196  -39.382  51.687  22.446 0.0000000000
103262  -40.002  51.987  22.943 0.0000000000
103263  -41.188  52.008  22.798 0.0000000000
103276  -42.631  51.777  22.277 0.0000000000
103287  -43.243  51.545  21.559 0.0000000000
103298  -43.230  51.650  20.862 0.0000000000
103828  -43.394  52.335  20.134 0.0000000000
103839  -43.658  53.529  19.640 0.0000000000
104327  -43.973  54.491  19.098 0.0000000000
103840  -44.823  53.650  19.443 0.0000000000
103841  -45.821  54.030  19.061 0.0000000000
104351  -46.935  53.347  18.314 0.0000000000
103859  -47.764  52.767  17.346 0.0000000000
104354  -39.671  53.843  16.653 0.0000000000
104355  -40.474  53.673  16.562 0.0000000000
116059  -42.079  53.396  17.399 0.0000000000
103850  -43.050  53.112  17.156 0.0000000000
103855  -42.713  52.722  15.741 0.0000000000
103856  -43.505  52.624  16.314 0.0000000000
103857  -44.374  52.965  17.328 0.0000000000
126811  -45.086  52.530  16.586 0.0000000000
103858  -46.386  52.666  16.993 0.0000000000
103867  -48.563  52.360  16.618 0.0000000000
103339  -47.852  51.898  15.545 0.0000000000
117665  -47.573  50.970  12.990 0.0000000000
102813  -48.076  50.665  12.062 0.0000000000
103383  -48.464  50.583  11.558 0.0000000000
133240  -48.315  50.987  10.849 0.0000000000
103394  -48.875  51.179  10.149 0.0000000000
104843  -45.897  54.458  11.428 0.0000000000
104386  -46.157  53.636  11.265 0.0000000000
103914  -47.199  52.993  10.630 0.0000000000
104853  -47.267  54.589  10.587 0.0000000000
104398  -47.611  53.760  10.338 0.0000000000
138170  -48.358  52.399  10.045 0.0000000000
131442  -48.768  52.127  9.818 0.0000000000
102840  -49.607  50.834  9.492 0.0000000000
103415  -50.339  51.274  8.441 0.0000000000
102850  -50.965  51.227  6.811 0.0000000000
104423  -50.717  53.485  7.491 0.0000000000
103432  -51.050  52.160  6.329 0.0000000000
103449  -51.040  51.406  5.920 0.0000000000
103448  -50.701  51.243  5.758 0.0000000000
105344  -49.677  55.041  6.536 0.0000000000
106297  -49.632  57.970  8.281 0.0000000000
106309  -49.413  58.024  7.482 0.0000000000
93365  -51.554  35.224  27.588 0.0000000000
94123  -49.547  35.617  26.858 0.0000000000
94124  -50.483  35.492  27.153 0.0000000000
93371  -50.865  34.737  26.676 0.0000000000
92619  -51.316  34.003  26.174 0.0000000000
92631  -50.886  33.726  25.297 0.0000000000
115790  -46.919  35.181  24.157 0.0000000000
93380  -47.580  34.925  24.254 0.0000000000
93381  -48.390  34.613  24.380 0.0000000000
94148  -48.350  35.389  22.618 0.0000000000
93391  -48.968  34.835  22.936 0.0000000000
93386  -49.017  34.493  23.721 0.0000000000
93383  -49.805  34.144  24.042 0.0000000000
92640  -51.388  33.792  23.774 0.0000000000
93388  -52.341  34.042  23.311 0.0000000000
93394  -52.875  34.634  22.833 0.0000000000
118625  -52.264  36.174  22.410 0.0000000000
94152  -52.870  35.523  22.530 0.0000000000
123325  -53.471  35.922  22.009 0.0000000000
132603  -53.779  36.129  20.744 0.0000000000
98747  -41.696  43.019  22.660 0.0000000000
98191  -42.440  42.495  21.052 0.0000000000
120476  -42.943  41.904  20.623 0.0000000000
134538  -49.176  51.521  16.563 0.0000000000
102784  -46.363  50.192  15.886 0.0000000000
102268  -47.150  49.366  14.859 0.0000000000
102267  -46.202  49.183  15.081 0.0000000000
102243  -45.443  50.061  16.207 0.0000000000
102253  -44.722  49.341  15.963 0.0000000000
101682  -44.294  48.544  15.983 0.0000000000
101107  -43.436  47.654  16.725 0.0000000000
99950  -48.299  45.579  13.044 0.0000000000
100521  -47.456  46.122  14.045 0.0000000000
100512  -46.380  46.306  14.983 0.0000000000
99932  -47.123  44.917  15.184 0.0000000000
99931  -46.583  45.531  15.333 0.0000000000
100500  -44.492  47.147  16.158 0.0000000000
100489  -43.451  46.789  17.207 0.0000000000
100481  -43.170  46.173  17.981 0.0000000000
99902  -43.743  45.559  18.541 0.0000000000
99890  -43.543  45.165  19.314 0.0000000000
99892  -45.415  45.277  19.126 0.0000000000
99891  -44.481  45.194  19.205 0.0000000000
99349  -43.301  44.567  19.899 0.0000000000
98765  -43.898  43.987  20.026 0.0000000000
98193  -43.766  42.296  20.099 0.0000000000
97638  -43.537  41.259  20.327 0.0000000000
97639  -44.386  41.443  19.889 0.0000000000
97082  -45.764  40.822  19.671 0.0000000000
97067  -46.260  40.149  19.873 0.0000000000
97651  -47.038  41.855  19.587 0.0000000000
97084  -47.525  41.157  19.753 0.0000000000
97068  -47.149  40.327  19.942 0.0000000000
97069  -48.150  40.532  20.148 0.0000000000
115565  -49.010  40.349  20.466 0.0000000000
128343  -49.542  39.851  20.797 0.0000000000
99356  -50.386  44.968  19.204 0.0000000000
98206  -50.959  43.472  19.844 0.0000000000
98207  -51.958  43.472  19.730 0.0000000000
97654  -50.642  42.375  20.180 0.0000000000
97641  -50.213  41.459  20.439 0.0000000000
96499  -50.485  40.246  21.008 0.0000000000
96484  -50.255  39.381  21.292 0.0000000000
95947  -51.194  39.272  21.681 0.0000000000
95948  -51.971  39.252  21.993 0.0000000000
95932  -53.066  38.465  22.114 0.0000000000
96500  -53.437  39.687  21.127 0.0000000000
123472  -53.344  38.978  21.551 0.0000000000
95933  -53.396  38.234  21.721 0.0000000000
95402  -53.527  37.613  21.552 0.0000000000
94836  -53.666  36.706  20.461 0.0000000000
127253  -53.748  35.957  20.145 0.0000000000
94174  -53.218  36.047  19.323 0.0000000000
94183  -51.544  35.622  18.613 0.0000000000
93427  -50.895  35.076  18.182 0.0000000000
127688  -50.816  37.778  18.613 0.0000000000
94852  -50.521  36.413  18.558 0.0000000000
93444  -50.332  34.572  17.643 0.0000000000
93443  -49.473  34.614  17.555 0.0000000000
92678  -49.053  34.057  17.115 0.0000000000
116987  -51.580  39.430  11.381 0.0000000000
96567  -50.985  39.430  12.209 0.0000000000
96553  -50.201  39.330  12.986 0.0000000000
96552  -49.229  39.363  12.992 0.0000000000
136683  -49.549  39.191  13.583 0.0000000000
95996  -48.187  38.406  15.370 0.0000000000
97139  -46.568  40.595  13.396 0.0000000000
132877  -46.601  39.525  14.517 0.0000000000
120255  -47.288  39.209  14.319 0.0000000000
96002  -47.552  38.689  14.850 0.0000000000
95986  -47.381  37.843  16.150 0.0000000000
128407  -46.785  36.257  17.240 0.0000000000
94197  -46.646  35.402  17.394 0.0000000000
91366  -54.425  31.784  28.126 0.0000000000
91376  -54.564  31.260  27.733 0.0000000000
92598  -53.979  32.497  28.482 0.0000000000
93369  -49.059  35.092  26.131 0.0000000000
93392  -50.413  34.791  22.777 0.0000000000
94109  -45.052  35.907  27.061 0.0000000000
94137  -46.390  35.312  24.497 0.0000000000
94141  -45.779  35.628  23.286 0.0000000000
94142  -46.396  35.398  23.654 0.0000000000
94145  -46.118  35.805  22.767 0.0000000000
94146  -46.706  35.522  22.996 0.0000000000
94813  -47.830  35.995  22.194 0.0000000000
95384  -52.677  37.801  22.261 0.0000000000
96485  -51.795  39.783  21.733 0.0000000000
96487  -53.076  39.830  21.599 0.0000000000
96494  -44.116  39.830  20.399 0.0000000000
96496  -45.872  39.432  20.238 0.0000000000
96581  -53.360  39.832  11.244 0.0000000000
96592  -52.645  39.715  9.884 0.0000000000
96593  -53.254  39.844  10.415 0.0000000000
97065  -44.182  40.616  20.151 0.0000000000
97074  -53.304  40.399  20.652 0.0000000000
97081  -44.934  40.736  19.806 0.0000000000
97083  -46.639  40.963  19.656 0.0000000000
97138  -45.896  40.805  13.817 0.0000000000
97165  -53.519  40.329  11.632 0.0000000000
97192  -49.652  40.729  7.218 0.0000000000
97194  -50.400  40.932  7.173 0.0000000000
97728  -53.406  40.597  11.350 0.0000000000
97735  -53.271  40.201  10.369 0.0000000000
97743  -52.296  40.136  9.210 0.0000000000
97751  -46.674  41.745  7.587 0.0000000000
98192  -43.039  42.803  20.509 0.0000000000
98195  -52.350  42.540  20.146 0.0000000000
98200  -43.609  43.216  20.170 0.0000000000
98202  -45.670  42.463  19.565 0.0000000000
98204  -47.471  42.886  19.572 0.0000000000
98267  -53.406  41.766  13.532 0.0000000000
98317  -46.921  41.970  7.081 0.0000000000
98327  -49.859  42.299  5.948 0.0000000000
98328  -50.111  42.176  6.266 0.0000000000
98750  -41.992  43.197  21.581 0.0000000000
98782  -52.597  43.812  18.548 0.0000000000
98791  -52.298  44.420  17.690 0.0000000000
98809  -48.747  43.515  15.434 0.0000000000
98868  -45.026  42.883  8.187 0.0000000000
98871  -50.523  43.708  7.058 0.0000000000
99350  -44.211  44.678  19.622 0.0000000000
99352  -46.020  44.940  19.519 0.0000000000
99353  -47.393  44.958  19.515 0.0000000000
99363  -47.765  45.199  19.230 0.0000000000
99366  -51.226  44.987  18.988 0.0000000000
99371  -47.266  45.027  17.494 0.0000000000
99375  -50.702  44.992  18.567 0.0000000000
99376  -51.677  44.818  18.489 0.0000000000
99388  -46.798  45.052  15.938 0.0000000000
99419  -48.858  44.551  11.805 0.0000000000
99876  -40.647  45.599  21.395 0.0000000000
99905  -46.594  45.341  18.735 0.0000000000
99920  -45.186  45.857  16.839 0.0000000000
99921  -45.633  45.884  16.134 0.0000000000
100461  -40.497  46.634  20.626 0.0000000000
100470  -41.982  46.032  18.996 0.0000000000
100480  -42.401  46.508  18.315 0.0000000000
100499  -43.908  47.134  16.582 0.0000000000
100510  -45.143  47.203  15.641 0.0000000000
100511  -45.664  46.478  15.576 0.0000000000
100540  -49.666  46.927  12.010 0.0000000000
100593  -51.500  46.413  6.615 0.0000000000
101075  -40.806  47.574  19.609 0.0000000000
101085  -41.161  47.598  19.011 0.0000000000
101108  -44.028  47.792  16.215 0.0000000000
101129  -47.236  47.531  14.195 0.0000000000
101139  -47.608  46.857  13.889 0.0000000000
101162  -50.724  47.545  11.892 0.0000000000
101163  -51.613  48.054  11.801 0.0000000000
101199  -51.444  46.842  6.175 0.0000000000
101661  -41.961  48.396  18.198 0.0000000000
101681  -43.673  48.455  16.454 0.0000000000
101689  -44.960  48.643  15.548 0.0000000000
101723  -51.635  48.217  11.639 0.0000000000
102241  -43.538  49.322  16.942 0.0000000000
102254  -45.631  49.432  15.541 0.0000000000
102271  -50.339  50.257  14.276 0.0000000000
102280  -49.957  49.526  14.074 0.0000000000
102289  -51.041  49.107  12.728 0.0000000000
102774  -49.338  51.750  16.456 0.0000000000
102797  -49.994  50.707  14.549 0.0000000000
102866  -48.632  50.378  6.668 0.0000000000
102884  -49.747  50.349  5.828 0.0000000000
102886  -50.957  50.754  5.834 0.0000000000
103282  -37.332  51.568  21.633 0.0000000000
103283  -38.044  51.498  21.380 0.0000000000
103285  -40.620  51.732  21.607 0.0000000000
103293  -36.289  51.839  20.739 0.0000000000
103304  -36.801  51.884  20.121 0.0000000000
103311  -46.673  53.191  18.850 0.0000000000
103318  -47.497  52.521  18.571 0.0000000000
103319  -48.172  52.624  18.097 0.0000000000
103327  -49.055  52.169  17.322 0.0000000000
103331  -48.711  51.941  17.789 0.0000000000
103332  -49.270  51.976  17.190 0.0000000000
103363  -49.716  50.898  14.147 0.0000000000
103803  -39.564  52.445  23.489 0.0000000000
103827  -42.427  52.453  20.263 0.0000000000
103832  -36.473  52.407  19.586 0.0000000000
103835  -39.970  52.511  19.418 0.0000000000
103845  -38.551  52.737  18.637 0.0000000000
103846  -39.495  52.824  18.695 0.0000000000
103848  -46.331  53.627  18.618 0.0000000000
103852  -47.040  53.388  18.052 0.0000000000
103854  -48.547  52.449  17.711 0.0000000000
103864  -44.474  52.161  15.499 0.0000000000
103868  -49.168  52.237  16.905 0.0000000000
103901  -45.781  52.862  11.703 0.0000000000
103937  -50.971  52.826  7.024 0.0000000000
103951  -50.889  52.717  6.303 0.0000000000
104326  -43.133  54.118  19.276 0.0000000000
104329  -45.584  54.270  18.968 0.0000000000
104334  -38.101  53.204  18.072 0.0000000000
104340  -44.912  54.880  19.070 0.0000000000
104350  -46.251  53.762  18.580 0.0000000000
104448  -49.793  53.646  6.276 0.0000000000
104449  -50.295  53.637  6.319 0.0000000000
104450  -50.500  53.792  6.571 0.0000000000
104837  -43.487  54.511  13.169 0.0000000000
104898  -50.452  54.995  7.242 0.0000000000
115159  -39.846  51.736  20.873 0.0000000000
115803  -38.893  51.537  21.162 0.0000000000
116479  -37.171  52.151  19.562 0.0000000000
123133  -48.871  56.085  6.710 0.0000000000
123999  -42.169  53.821  18.824 0.0000000000
126974  -49.295  42.448  5.859 0.0000000000
127539  -37.764  52.780  18.582 0.0000000000
127736  -49.228  47.188  12.591 0.0000000000
127825  -50.062  42.779  5.837 0.0000000000
128281  -46.702  45.024  19.525 0.0000000000
128336  -49.650  45.887  5.844 0.0000000000
128527  -49.993  43.623  5.506 0.0000000000
129157  -50.655  40.950  20.805 0.0000000000
130083  -46.149  38.267  20.764 0.0000000000
130103  -48.780  43.847  12.325 0.0000000000
130444  -53.045  43.471  15.857 0.0000000000
131448  -47.125  44.847  16.556 0.0000000000
131768  -47.016  35.558  26.293 0.0000000000
132397  -51.379  47.361  6.119 0.0000000000
133833  -53.445  40.062  20.915 0.0000000000
134309  -41.352  46.398  19.349 0.0000000000
134822  -47.595  39.816  20.290 0.0000000000
135530  -50.112  44.762  5.501 0.0000000000
135531  -46.923  38.940  20.522 0.0000000000
137170  -44.051  52.092  14.769 0.0000000000
137276  -49.514  41.785  6.188 0.0000000000
137593  -42.599  51.763  21.201 0.0000000000
137736  -50.427  39.877  9.092 0.0000000000
138239  -44.600  42.041  8.523 0.0000000000
138592  -45.276  53.095  12.096 0.0000000000
138745  -52.981  39.923  9.668 0.0000000000
