#!ascii label  , from subject sub-v1s20x0050281_ses-1 vox2ras=TkReg
1258
2718  -24.955  -87.487  -22.149 0.5000000000
3115  -24.209  -87.493  -22.808 0.6000000238
3514  -28.951  -85.041  -19.147 0.3000000119
3114  -23.173  -87.228  -23.006 0.5000000000
3083  -30.108  -86.381  -20.051 0.4000000060
3520  -30.532  -85.737  -19.662 0.4000000060
3967  -29.907  -84.918  -19.278 0.3000000119
3084  -30.987  -86.440  -20.205 0.4000000060
128011  -27.094  -86.671  -24.543 0.5000000000
3128  -26.964  -86.951  -24.377 0.5000000000
3116  -25.380  -87.398  -23.184 0.5000000000
3586  -26.504  -86.027  -25.444 0.6000000238
3142  -26.199  -86.440  -25.333 0.5000000000
3126  -24.767  -87.303  -23.874 0.6000000238
3961  -28.426  -84.563  -18.275 0.3000000119
113623  -24.095  -87.177  -24.291 0.5000000000
2697  -29.792  -87.206  -21.217 0.5000000000
3090  -29.663  -86.844  -20.451 0.5000000000
3962  -29.364  -84.317  -18.667 0.3000000119
3148  -25.452  -86.265  -25.668 0.6000000238
130459  -23.822  -87.471  -23.630 0.5000000000
116363  -31.323  -87.006  -20.988 0.5000000000
2698  -30.448  -86.961  -20.729 0.4000000060
3521  -31.583  -85.821  -19.802 0.4000000060
3969  -31.798  -84.873  -19.463 0.3000000119
3106  -32.207  -86.794  -22.225 0.4000000060
3091  -31.769  -86.514  -20.406 0.4000000060
3527  -32.469  -86.228  -20.227 0.4000000060
3092  -32.236  -86.703  -21.104 0.4000000060
4019  -29.529  -85.280  -22.935 0.6999999881
3558  -28.935  -86.080  -23.551 0.6999999881
3575  -28.286  -86.686  -24.044 0.6999999881
2719  -25.975  -87.525  -22.349 0.5000000000
4001  -29.189  -84.412  -21.925 0.6999999881
4017  -27.957  -85.152  -22.492 0.6999999881
3574  -27.423  -86.322  -24.151 0.8000000119
115133  -26.853  -86.214  -24.774 0.6999999881
2709  -26.788  -87.553  -21.854 0.5000000000
4016  -27.214  -85.152  -22.880 0.6999999881
2711  -28.222  -87.343  -21.840 0.4000000060
2712  -29.014  -87.293  -21.756 0.5000000000
126925  -29.709  -83.738  -18.261 0.3000000119
4035  -26.428  -85.305  -25.013 0.6000000238
2713  -29.735  -87.335  -22.150 0.5000000000
3104  -30.548  -87.274  -21.955 0.5000000000
115358  -30.955  -83.454  -18.725 0.3000000119
3597  -26.035  -85.307  -25.992 0.5000000000
3105  -31.505  -87.071  -22.171 0.5000000000
122783  -32.912  -86.180  -23.796 0.4000000060
3561  -32.560  -86.603  -23.021 0.4000000060
123183  -33.125  -86.292  -20.708 0.4000000060
3523  -33.225  -85.655  -20.043 0.4000000060
3522  -32.389  -85.553  -19.809 0.4000000060
108288  -33.611  -85.779  -23.183 0.3000000119
3562  -33.351  -86.227  -22.478 0.4000000060
4948  -28.942  -82.258  -21.885 0.5000000000
4479  -29.845  -82.686  -22.235 0.6000000238
4002  -30.199  -84.061  -22.262 0.6000000238
6005  -28.484  -80.510  -22.729 0.5000000000
5483  -27.853  -80.667  -22.605 0.5000000000
4947  -28.224  -81.483  -22.014 0.6000000238
4478  -29.460  -83.470  -21.519 0.6000000238
4477  -28.809  -83.828  -21.218 0.6999999881
3129  -27.658  -86.683  -24.112 0.6000000238
122316  -28.615  -84.643  -15.631 0.3000000119
5467  -26.893  -80.676  -21.201 0.6999999881
5468  -27.786  -81.491  -21.387 0.6000000238
126130  -27.358  -81.929  -20.299 0.6000000238
4934  -28.476  -82.423  -21.019 0.6000000238
4464  -28.353  -83.387  -20.707 0.6999999881
3999  -27.442  -84.564  -21.712 0.6999999881
119790  -29.300  -87.044  -24.383 0.6000000238
2731  -28.891  -87.278  -23.854 0.6000000238
2721  -27.614  -87.298  -22.584 0.5000000000
5994  -27.225  -80.054  -22.704 0.6999999881
130795  -26.980  -81.440  -20.238 0.6000000238
4920  -26.714  -82.128  -19.782 0.6000000238
4933  -27.861  -82.590  -20.465 0.6000000238
3980  -26.983  -84.123  -20.871 0.6999999881
4015  -26.338  -84.619  -22.834 0.6999999881
2723  -29.256  -87.367  -22.934 0.5000000000
129577  -28.407  -84.124  -17.479 0.3000000119
5977  -26.861  -80.102  -22.422 0.6999999881
5964  -26.524  -80.455  -20.967 0.6000000238
5451  -26.346  -81.326  -19.934 0.6999999881
4461  -25.924  -83.440  -20.209 0.6000000238
3979  -26.133  -83.916  -20.774 0.6000000238
131994  -25.984  -84.607  -24.669 0.6999999881
2732  -29.859  -87.145  -24.298 0.5000000000
3117  -30.715  -87.134  -23.608 0.5000000000
4919  -25.805  -82.284  -19.582 0.6000000238
4460  -24.560  -83.329  -20.352 0.6000000238
4014  -25.472  -84.170  -22.738 0.6000000238
121735  -25.369  -84.105  -24.250 0.6000000238
4034  -25.811  -84.469  -25.477 0.6000000238
3132  -31.042  -86.469  -24.348 0.5000000000
133125  -31.426  -83.667  -18.906 0.3000000119
122085  -25.025  -81.065  -19.668 0.6999999881
5449  -24.576  -81.599  -19.614 0.6000000238
4441  -25.310  -83.046  -19.858 0.6000000238
4476  -25.345  -83.641  -20.556 0.6000000238
4475  -24.700  -83.743  -21.182 0.5000000000
4489  -24.695  -83.752  -22.231 0.5000000000
4039  -25.394  -83.895  -26.174 0.5000000000
4040  -25.580  -84.475  -26.571 0.5000000000
3133  -32.027  -86.311  -24.275 0.5000000000
112673  -35.890  -84.000  -23.727 0.3000000119
4022  -35.043  -84.856  -22.517 0.3000000119
3563  -34.098  -85.461  -22.116 0.3000000119
3541  -34.248  -85.449  -21.048 0.4000000060
3528  -33.817  -85.635  -20.525 0.4000000060
4517  -25.145  -83.848  -27.112 0.5000000000
110061  -34.561  -84.003  -24.748 0.3000000119
108289  -34.194  -85.221  -23.375 0.3000000119
3540  -33.640  -86.075  -21.303 0.4000000060
114997  -29.715  -80.460  -22.847 0.5000000000
6006  -29.063  -80.708  -23.469 0.5000000000
6007  -29.603  -80.620  -24.159 0.5000000000
5508  -29.457  -80.884  -24.224 0.5000000000
5997  -29.597  -80.427  -21.657 0.5000000000
5996  -28.392  -80.114  -22.671 0.5000000000
5995  -27.634  -80.105  -23.166 0.5000000000
4966  -28.490  -81.119  -22.780 0.5000000000
4967  -29.084  -81.589  -23.185 0.5000000000
4490  -30.636  -83.011  -22.552 0.6000000238
119516  -31.108  -83.892  -23.035 0.6000000238
6523  -27.937  -79.674  -22.561 0.5000000000
3559  -29.683  -86.288  -24.082 0.8000000119
3928  -30.122  -84.457  -15.187 0.3000000119
6508  -28.256  -79.533  -21.166 0.6000000238
126205  -31.713  -83.779  -23.735 0.4000000060
3927  -29.143  -84.156  -15.692 0.3000000119
6521  -27.079  -79.580  -22.885 0.6999999881
3560  -30.568  -86.237  -24.321 0.5000000000
3576  -29.136  -86.851  -24.321 0.6000000238
4413  -28.716  -83.763  -16.639 0.3000000119
4418  -29.645  -83.348  -17.532 0.3000000119
6520  -26.884  -79.156  -22.689 0.6999999881
4031  -32.481  -84.731  -25.073 0.4000000060
4419  -30.387  -82.974  -17.633 0.3000000119
6492  -26.739  -79.838  -22.402 0.6000000238
6491  -25.920  -80.073  -20.764 0.6999999881
3578  -31.780  -85.527  -24.761 0.4000000060
4445  -32.001  -83.972  -19.098 0.3000000119
6505  -24.924  -78.800  -21.591 0.6000000238
6490  -25.131  -79.732  -20.537 0.6999999881
125690  -24.265  -82.142  -19.716 0.6000000238
4459  -23.890  -83.303  -20.815 0.5000000000
4474  -23.977  -83.367  -21.735 0.5000000000
4504  -25.019  -83.681  -25.174 0.6000000238
108292  -32.770  -84.696  -25.091 0.4000000060
3579  -32.492  -85.700  -24.806 0.4000000060
5004  -35.719  -82.729  -24.800 0.3000000119
126278  -35.905  -83.184  -24.840 0.3000000119
108294  -36.689  -83.415  -23.610 0.3000000119
108293  -36.404  -84.031  -23.435 0.3000000119
4003  -34.961  -84.984  -21.417 0.4000000060
3970  -32.657  -84.775  -19.588 0.3000000119
5448  -23.698  -81.574  -19.689 0.6000000238
4932  -23.332  -82.615  -20.537 0.5000000000
4946  -23.327  -82.873  -21.354 0.5000000000
4488  -23.992  -83.301  -22.901 0.5000000000
4497  -24.455  -83.487  -24.061 0.5000000000
4516  -24.581  -83.460  -26.148 0.6000000238
119488  -24.120  -83.525  -27.075 0.5000000000
3588  -32.989  -85.085  -25.003 0.3000000119
4042  -35.137  -83.384  -25.056 0.3000000119
4917  -23.758  -82.386  -19.955 0.5000000000
116556  -23.439  -82.953  -22.205 0.5000000000
4984  -23.552  -82.924  -23.967 0.5000000000
4983  -22.699  -82.389  -23.939 0.5000000000
5981  -31.068  -80.211  -20.395 0.5000000000
5998  -30.529  -80.378  -21.426 0.5000000000
6008  -30.691  -80.207  -23.546 0.5000000000
6011  -29.810  -80.835  -24.607 0.5000000000
5509  -29.844  -81.075  -24.746 0.5000000000
5965  -28.737  -80.187  -20.352 0.5000000000
5510  -30.746  -81.228  -25.236 0.4000000060
5978  -28.370  -79.815  -21.703 0.5000000000
4987  -31.663  -82.026  -24.525 0.4000000060
3491  -29.596  -85.706  -14.823 0.3000000119
4404  -31.650  -84.329  -14.530 0.3000000119
4491  -31.264  -82.681  -23.338 0.4000000060
6507  -27.905  -79.324  -20.375 0.6000000238
7055  -27.361  -79.050  -22.382 0.6000000238
4409  -29.741  -83.502  -15.821 0.3000000119
129363  -30.025  -82.997  -16.374 0.3000000119
7037  -27.107  -78.680  -21.916 0.6000000238
111864  -32.050  -84.405  -24.613 0.4000000060
7036  -26.329  -78.604  -22.178 0.6000000238
4501  -33.529  -83.034  -24.900 0.4000000060
4505  -33.124  -84.043  -25.102 0.4000000060
4902  -31.068  -82.847  -18.142 0.3000000119
6506  -26.018  -79.072  -22.232 0.6999999881
109872  -33.567  -84.221  -25.040 0.3000000119
5003  -35.013  -82.584  -25.194 0.3000000119
125346  -30.866  -80.285  -22.253 0.5000000000
6531  -31.405  -80.052  -24.420 0.4000000060
5980  -30.138  -80.433  -20.577 0.5000000000
6014  -31.299  -80.539  -25.170 0.4000000060
5518  -30.421  -80.907  -25.070 0.4000000060
5967  -30.680  -80.328  -19.615 0.6000000238
5511  -32.194  -81.276  -25.507 0.4000000060
4882  -30.495  -82.982  -15.795 0.3000000119
4411  -31.171  -83.152  -15.127 0.3000000119
7021  -27.481  -79.013  -19.860 0.6000000238
4499  -32.240  -83.050  -23.961 0.4000000060
4988  -32.831  -82.400  -24.656 0.4000000060
4989  -33.621  -81.931  -25.271 0.4000000060
5002  -34.313  -82.663  -25.219 0.3000000119
4990  -34.604  -82.188  -25.293 0.3000000119
7035  -25.497  -77.939  -22.360 0.6000000238
129485  -31.485  -79.875  -21.306 0.5000000000
115770  -31.552  -79.829  -22.538 0.5000000000
6528  -32.151  -79.185  -23.038 0.4000000060
6527  -31.620  -79.714  -23.554 0.4000000060
6509  -31.688  -79.624  -20.311 0.5000000000
6536  -32.445  -79.951  -24.872 0.4000000060
5966  -29.607  -80.424  -19.750 0.6000000238
5953  -31.045  -80.122  -18.898 0.6000000238
5968  -31.521  -79.798  -19.463 0.6000000238
114154  -28.881  -80.346  -19.380 0.6000000238
5952  -30.302  -80.339  -18.850 0.6000000238
5520  -32.363  -80.737  -25.569 0.4000000060
6493  -27.635  -79.564  -19.124 0.6000000238
5512  -33.104  -81.183  -25.546 0.4000000060
5500  -33.841  -80.958  -24.361 0.4000000060
4892  -30.096  -82.877  -17.005 0.3000000119
4887  -31.455  -82.282  -16.706 0.3000000119
7020  -27.045  -78.578  -20.302 0.6000000238
4969  -34.115  -81.697  -25.131 0.4000000060
4904  -32.567  -82.541  -18.246 0.3000000119
123607  -30.881  -82.609  -17.291 0.3000000119
7019  -26.422  -78.047  -21.099 0.6000000238
7662  -25.807  -77.612  -22.127 0.6000000238
7654  -25.743  -77.458  -20.956 0.6999999881
6467  -26.924  -79.032  -17.905 0.6999999881
123729  -25.873  -77.657  -19.663 0.6999999881
7637  -26.049  -77.938  -18.450 0.6999999881
7653  -25.145  -76.931  -21.391 0.6000000238
6450  -26.924  -78.984  -17.030 0.6999999881
6983  -27.040  -78.944  -16.080 0.6000000238
117839  -25.164  -77.136  -19.831 0.6999999881
6993  -26.387  -78.340  -17.560 0.6999999881
6524  -32.151  -79.235  -21.872 0.5000000000
7056  -32.725  -78.664  -22.504 0.5000000000
6495  -32.185  -79.152  -19.805 0.5000000000
7022  -32.800  -78.666  -20.309 0.5000000000
6510  -32.117  -79.099  -20.786 0.5000000000
7065  -32.758  -78.636  -23.716 0.4000000060
6532  -32.207  -79.308  -24.160 0.4000000060
6482  -30.831  -80.032  -18.205 0.6000000238
6483  -31.497  -79.635  -18.515 0.6000000238
6484  -32.107  -79.175  -18.892 0.6000000238
7008  -32.856  -78.616  -19.196 0.6000000238
114249  -33.156  -79.147  -24.906 0.4000000060
5950  -28.598  -80.332  -18.655 0.6000000238
6472  -31.958  -79.084  -18.038 0.6000000238
117542  -32.486  -78.696  -18.383 0.6000000238
6016  -32.809  -79.935  -24.935 0.4000000060
5949  -27.833  -80.149  -18.522 0.6000000238
5941  -29.118  -80.316  -17.946 0.6000000238
6470  -30.486  -79.817  -17.417 0.6000000238
6994  -31.775  -78.927  -17.201 0.6000000238
6995  -32.430  -78.537  -17.628 0.6000000238
6013  -33.134  -80.348  -25.246 0.4000000060
6529  -34.629  -79.468  -23.253 0.4000000060
5940  -28.246  -80.339  -17.862 0.6000000238
6469  -29.624  -80.061  -17.269 0.6000000238
6454  -30.962  -79.255  -16.758 0.6000000238
6985  -31.587  -78.671  -16.393 0.6000000238
7614  -32.764  -77.854  -16.267 0.6000000238
6009  -34.101  -80.271  -23.648 0.4000000060
7007  -27.105  -78.877  -18.934 0.6000000238
5930  -28.730  -80.183  -17.160 0.5000000000
118894  -30.088  -79.607  -16.657 0.6000000238
6974  -32.078  -78.191  -15.948 0.6000000238
7602  -33.295  -77.392  -15.655 0.6999999881
130838  -27.581  -80.193  -17.830 0.6000000238
6453  -29.248  -79.825  -16.490 0.6000000238
6435  -30.395  -79.194  -16.158 0.6000000238
7601  -32.541  -77.699  -15.370 0.6000000238
7585  -33.074  -77.222  -14.683 0.6000000238
8168  -34.160  -76.194  -14.568 0.6000000238
6972  -30.233  -78.846  -15.558 0.6000000238
7600  -31.755  -77.957  -15.194 0.6000000238
7584  -32.226  -77.454  -14.529 0.6000000238
8167  -33.548  -76.609  -14.095 0.6000000238
6451  -27.448  -79.657  -16.543 0.6000000238
6433  -28.868  -79.512  -15.726 0.6000000238
7583  -31.361  -77.640  -14.456 0.5000000000
7558  -31.827  -77.105  -13.801 0.6000000238
8150  -33.113  -76.182  -13.599 0.6000000238
6971  -29.443  -78.978  -15.288 0.5000000000
7636  -25.181  -77.395  -18.463 0.6999999881
6982  -26.569  -78.292  -16.651 0.6999999881
115485  -27.901  -78.869  -14.948 0.5000000000
6956  -29.168  -78.465  -14.684 0.6000000238
122727  -30.517  -77.790  -14.355 0.5000000000
124352  -30.987  -77.234  -13.757 0.5000000000
7582  -29.684  -77.866  -14.210 0.6000000238
7534  -20.781  -77.718  -11.989 0.6000000238
118202  -21.109  -77.461  -12.670 0.6000000238
7548  -20.935  -77.555  -13.381 0.6000000238
7039  -32.713  -78.648  -21.366 0.5000000000
7040  -33.406  -78.218  -20.983 0.5000000000
7057  -33.361  -78.276  -22.076 0.5000000000
7066  -33.572  -78.303  -24.363 0.5000000000
7069  -32.956  -78.892  -24.711 0.4000000060
7009  -33.647  -78.033  -19.000 0.5000000000
7071  -34.608  -78.179  -24.987 0.4000000060
7072  -35.095  -78.026  -25.248 0.4000000060
6996  -33.158  -78.223  -18.161 0.5000000000
121944  -33.822  -77.698  -18.304 0.5000000000
6533  -33.526  -79.368  -24.867 0.4000000060
6538  -34.286  -78.444  -24.841 0.4000000060
6534  -34.293  -79.262  -24.389 0.4000000060
7615  -33.463  -77.487  -16.620 0.5000000000
7616  -34.185  -77.119  -16.962 0.5000000000
7625  -33.658  -77.608  -17.540 0.5000000000
7603  -33.988  -77.021  -16.021 0.6000000238
8178  -33.779  -76.847  -15.052 0.6000000238
8179  -34.397  -76.448  -15.481 0.5000000000
9305  -34.249  -74.441  -14.269 0.4000000060
8750  -34.446  -75.294  -14.485 0.4000000060
9306  -34.997  -74.248  -14.697 0.4000000060
8737  -32.638  -75.486  -13.446 0.6000000238
8738  -33.292  -75.469  -13.627 0.6000000238
9826  -34.079  -73.089  -14.274 0.5000000000
117685  -34.371  -73.733  -14.332 0.4000000060
10357  -35.127  -72.209  -14.851 0.4000000060
7635  -24.558  -76.882  -18.907 0.6999999881
8149  -32.146  -76.287  -13.438 0.6000000238
9825  -33.311  -73.155  -14.194 0.5000000000
10356  -34.369  -72.422  -14.648 0.4000000060
6968  -26.749  -78.104  -15.856 0.6000000238
7557  -30.167  -77.291  -13.695 0.5000000000
128114  -31.366  -76.651  -13.506 0.5000000000
9815  -32.857  -73.770  -13.778 0.5000000000
10354  -32.942  -72.515  -14.726 0.5000000000
117064  -33.690  -72.590  -14.517 0.4000000060
10988  -34.019  -71.515  -15.629 0.4000000060
6955  -28.365  -78.413  -14.606 0.6000000238
119555  -31.452  -74.880  -13.376 0.5000000000
7505  -20.334  -77.350  -10.639 0.6999999881
129787  -20.920  -77.174  -10.847 0.6000000238
8095  -21.701  -76.170  -10.045 0.6999999881
8114  -21.856  -76.755  -11.463 0.6000000238
8707  -22.637  -75.757  -10.285 0.6000000238
7549  -21.463  -77.098  -13.205 0.6000000238
8115  -22.571  -76.493  -11.507 0.6000000238
8708  -23.355  -75.386  -10.617 0.6000000238
9258  -23.553  -74.682  -10.335 0.6000000238
9259  -23.912  -74.107  -10.877 0.6000000238
7573  -21.020  -76.559  -14.026 0.5000000000
8138  -21.957  -76.871  -12.780 0.6000000238
8116  -23.301  -76.262  -11.684 0.6000000238
8718  -23.698  -75.637  -11.339 0.6000000238
9265  -23.896  -74.939  -11.067 0.6000000238
7061  -33.388  -78.231  -23.254 0.5000000000
8164  -21.208  -75.914  -14.423 0.5000000000
113519  -21.634  -76.673  -13.798 0.5000000000
8719  -24.310  -75.227  -11.758 0.5000000000
9266  -24.398  -74.425  -11.526 0.5000000000
7023  -33.541  -78.245  -19.937 0.4000000060
7663  -34.142  -77.736  -20.677 0.5000000000
7684  -34.115  -77.771  -24.092 0.5000000000
7691  -34.365  -77.913  -25.045 0.4000000060
8165  -21.887  -76.285  -14.095 0.5000000000
8139  -22.442  -76.875  -13.145 0.5000000000
8725  -24.625  -75.576  -12.490 0.5000000000
9272  -24.903  -74.677  -12.276 0.5000000000
7655  -34.145  -77.747  -19.653 0.5000000000
7698  -35.074  -77.851  -25.209 0.4000000060
7068  -35.879  -77.738  -24.351 0.4000000060
7063  -36.415  -78.008  -23.546 0.4000000060
8140  -23.480  -76.897  -13.168 0.5000000000
8129  -24.153  -76.382  -12.723 0.6000000238
8726  -25.288  -75.253  -12.957 0.6000000238
6535  -35.079  -78.702  -24.100 0.4000000060
7550  -23.940  -77.280  -13.860 0.6000000238
8141  -24.420  -76.980  -13.358 0.6000000238
8130  -24.873  -76.102  -13.153 0.6999999881
8189  -34.855  -76.680  -17.228 0.4000000060
114459  -34.640  -76.621  -16.368 0.5000000000
8787  -22.144  -75.189  -17.728 0.6000000238
8180  -35.007  -76.037  -15.842 0.5000000000
8764  -35.841  -75.019  -15.890 0.4000000060
8197  -22.832  -75.685  -18.075 0.6000000238
8763  -35.224  -75.234  -15.334 0.4000000060
113747  -24.197  -77.036  -17.946 0.6000000238
7623  -24.693  -77.518  -17.300 0.6000000238
9836  -35.640  -73.496  -15.094 0.4000000060
7613  -26.022  -77.806  -16.230 0.6000000238
7624  -25.621  -77.765  -17.526 0.6999999881
7581  -28.856  -77.883  -14.143 0.6000000238
8146  -28.937  -76.603  -13.500 0.6000000238
8147  -29.784  -76.625  -13.470 0.5000000000
8148  -30.631  -76.621  -13.466 0.5000000000
8094  -20.841  -76.329  -9.561 0.6999999881
8696  -22.297  -75.509  -9.441 0.6999999881
8685  -21.922  -75.114  -8.704 0.6000000238
8697  -23.029  -75.131  -9.827 0.6000000238
9247  -23.216  -74.233  -9.598 0.6000000238
125873  -23.667  -73.938  -10.223 0.6000000238
9776  -24.235  -73.323  -10.387 0.6999999881
121542  -24.635  -73.178  -11.789 0.6000000238
7664  -34.828  -77.316  -20.747 0.5000000000
7676  -34.004  -77.814  -21.878 0.5000000000
117132  -33.881  -77.869  -22.892 0.5000000000
7685  -34.661  -77.504  -23.247 0.5000000000
9794  -24.828  -73.843  -11.890 0.6000000238
10322  -24.905  -73.074  -12.499 0.5000000000
7677  -34.730  -77.413  -21.789 0.5000000000
126392  -35.361  -77.667  -24.888 0.5000000000
7694  -36.097  -77.413  -24.125 0.4000000060
9283  -26.087  -74.180  -13.195 0.6000000238
9273  -25.542  -74.460  -12.854 0.6000000238
7638  -34.282  -77.493  -18.864 0.5000000000
130076  -22.647  -75.874  -16.191 0.6000000238
125449  -23.002  -76.434  -15.906 0.4000000060
7575  -23.439  -77.257  -14.565 0.6000000238
122377  -25.688  -75.898  -13.430 0.6000000238
8731  -26.132  -74.978  -13.334 0.6000000238
9809  -26.314  -73.408  -13.330 0.6000000238
7626  -34.406  -77.142  -17.966 0.4000000060
7639  -34.997  -76.925  -18.826 0.4000000060
7610  -23.526  -77.157  -16.099 0.5000000000
7595  -23.050  -76.981  -15.323 0.5000000000
8142  -25.324  -76.874  -13.546 0.6000000238
128889  -26.489  -75.741  -13.473 0.6000000238
9284  -26.887  -74.265  -13.273 0.6000000238
8188  -23.180  -76.495  -16.617 0.6000000238
7576  -24.475  -77.476  -14.653 0.6000000238
7552  -25.887  -77.232  -13.958 0.6000000238
118526  -27.116  -75.185  -13.382 0.6000000238
9810  -27.582  -73.370  -13.383 0.6000000238
8775  -35.605  -75.608  -16.198 0.4000000060
7611  -24.369  -77.538  -16.342 0.5000000000
7596  -23.947  -77.464  -15.430 0.6000000238
7553  -26.811  -77.184  -13.952 0.6000000238
127879  -27.960  -75.560  -13.433 0.6000000238
9285  -28.010  -74.486  -13.346 0.6000000238
7622  -23.821  -77.195  -16.977 0.6000000238
7612  -25.279  -77.747  -16.653 0.6000000238
7597  -25.106  -77.638  -15.624 0.6000000238
7554  -27.650  -77.220  -13.853 0.6000000238
8144  -27.204  -76.704  -13.696 0.6000000238
7555  -28.473  -77.255  -13.742 0.6000000238
6954  -27.625  -78.240  -14.724 0.6000000238
8734  -30.224  -75.853  -13.407 0.5000000000
117701  -30.618  -74.991  -13.380 0.5000000000
117742  -20.158  -76.341  -9.253 0.6999999881
8695  -21.446  -75.759  -9.127 0.6999999881
8681  -18.366  -75.529  -8.348 0.6999999881
9230  -19.679  -74.756  -8.018 0.6999999881
8683  -20.173  -75.390  -8.334 0.6999999881
9232  -21.459  -74.558  -8.179 0.6999999881
9233  -22.227  -74.343  -8.487 0.6000000238
9756  -23.220  -73.506  -9.009 0.6000000238
10301  -24.715  -72.396  -10.041 0.5000000000
9768  -23.749  -73.457  -9.637 0.6999999881
10944  -24.806  -72.013  -11.600 0.5000000000
10310  -24.652  -72.754  -11.127 0.5000000000
10333  -24.679  -72.191  -12.738 0.5000000000
7678  -35.406  -77.028  -21.623 0.4000000060
8257  -36.168  -76.763  -22.739 0.5000000000
8258  -37.089  -76.764  -23.895 0.5000000000
131344  -36.800  -77.011  -24.306 0.5000000000
7695  -37.492  -77.018  -24.224 0.4000000060
7656  -34.678  -77.316  -19.514 0.4000000060
8248  -36.030  -76.634  -21.323 0.4000000060
10335  -25.865  -72.578  -13.587 0.6000000238
126415  -26.917  -72.719  -13.556 0.6000000238
10349  -26.774  -72.099  -13.923 0.6000000238
9811  -28.413  -72.897  -13.458 0.6000000238
10350  -27.996  -71.864  -14.019 0.6000000238
117936  -28.806  -75.189  -13.417 0.6000000238
9286  -29.142  -74.156  -13.379 0.6000000238
8145  -28.007  -76.478  -13.582 0.6000000238
9812  -29.095  -73.098  -13.451 0.5000000000
8733  -29.355  -75.889  -13.436 0.6000000238
128374  -29.714  -73.479  -13.466 0.5000000000
9287  -30.104  -74.186  -13.420 0.5000000000
116388  -17.804  -74.756  -8.408 0.6999999881
121305  -18.741  -74.792  -8.094 0.6999999881
9221  -20.115  -74.050  -7.740 0.6999999881
9231  -20.594  -74.696  -8.046 0.6999999881
9738  -21.217  -73.161  -7.744 0.6000000238
124385  -21.802  -73.731  -7.987 0.6999999881
10286  -23.124  -72.814  -8.474 0.4000000060
9228  -17.220  -74.253  -9.179 0.6999999881
9229  -18.376  -74.139  -8.207 0.6999999881
9752  -19.183  -72.966  -8.064 0.6000000238
10271  -20.591  -72.724  -7.694 0.6000000238
10294  -24.417  -72.253  -9.084 0.5000000000
9264  -16.617  -74.195  -11.833 0.6999999881
9245  -17.018  -73.874  -10.211 0.6999999881
127685  -24.978  -71.691  -10.299 0.5000000000
9780  -16.647  -73.401  -12.071 0.6999999881
132998  -24.910  -71.433  -11.955 0.5000000000
9791  -16.185  -73.433  -13.168 0.6000000238
128209  -14.735  -72.879  -12.259 0.6000000238
10305  -14.256  -71.933  -11.796 0.6000000238
11578  -12.451  -70.668  -12.319 0.5000000000
12203  -13.310  -69.098  -13.084 0.5000000000
8249  -36.840  -76.456  -22.298 0.4000000060
8259  -38.181  -76.784  -23.957 0.4000000060
10351  -28.958  -71.789  -14.354 0.6000000238
10285  -21.102  -72.315  -7.802 0.5000000000
9754  -22.191  -72.653  -7.973 0.5000000000
9766  -17.520  -73.365  -9.704 0.6000000238
10282  -18.727  -72.559  -8.937 0.6000000238
10283  -19.377  -72.175  -8.574 0.6000000238
10913  -20.582  -71.601  -8.180 0.6000000238
10915  -22.583  -71.661  -8.114 0.5000000000
10287  -23.807  -72.198  -8.470 0.5000000000
10925  -24.776  -71.596  -9.551 0.5000000000
9781  -17.182  -72.828  -11.533 0.6999999881
9775  -17.860  -72.583  -10.280 0.6000000238
10291  -18.311  -72.197  -9.788 0.6000000238
10292  -18.777  -71.950  -9.354 0.6000000238
11547  -19.438  -70.712  -9.529 0.6000000238
11558  -25.483  -70.498  -10.813 0.5000000000
9793  -16.725  -72.876  -11.910 0.6999999881
10308  -17.328  -72.189  -11.505 0.6000000238
10942  -17.690  -71.295  -11.287 0.6000000238
11556  -18.557  -70.852  -10.653 0.6000000238
11557  -19.120  -70.498  -10.328 0.6000000238
10307  -16.320  -72.250  -11.849 0.6000000238
113961  -17.045  -71.802  -11.637 0.6000000238
11567  -16.890  -70.740  -11.421 0.6000000238
11568  -18.115  -70.480  -11.068 0.6000000238
10939  -14.792  -71.470  -11.656 0.6000000238
11565  -14.885  -70.610  -11.621 0.6000000238
12180  -16.224  -69.789  -11.568 0.6000000238
12181  -17.067  -69.734  -11.472 0.6000000238
11564  -14.023  -70.968  -11.741 0.5000000000
11579  -13.255  -70.366  -12.000 0.5000000000
115253  -14.226  -69.447  -12.020 0.5000000000
132305  -15.713  -69.253  -11.869 0.6000000238
12193  -16.512  -68.970  -11.964 0.6000000238
121175  -37.633  -76.478  -23.069 0.4000000060
12210  -12.575  -69.783  -14.241 0.5000000000
12803  -14.122  -68.953  -12.503 0.5000000000
12804  -14.934  -68.697  -12.700 0.6000000238
130821  -16.130  -68.696  -12.446 0.6000000238
12224  -12.795  -69.918  -15.117 0.5000000000
111562  -14.053  -69.282  -14.920 0.5000000000
12211  -13.650  -68.929  -14.015 0.4000000060
12817  -15.082  -68.573  -13.569 0.5000000000
12819  -16.486  -68.425  -13.704 0.6000000238
10914  -21.599  -71.680  -8.032 0.6000000238
11544  -23.600  -70.857  -8.517 0.5000000000
10917  -24.241  -71.394  -8.737 0.5000000000
11541  -20.939  -70.953  -8.440 0.6000000238
12153  -22.316  -70.148  -8.697 0.5000000000
12164  -25.015  -70.126  -10.028 0.5000000000
12158  -19.891  -70.127  -9.873 0.6999999881
12159  -20.708  -69.726  -9.382 0.6999999881
11569  -18.672  -70.316  -10.772 0.6000000238
12169  -19.417  -69.842  -10.467 0.6999999881
12182  -18.342  -69.588  -11.124 0.6000000238
11570  -18.906  -69.324  -10.901 0.6999999881
12195  -17.996  -68.924  -11.673 0.6000000238
12796  -18.594  -68.729  -11.547 0.6999999881
12807  -17.467  -68.570  -12.425 0.6000000238
12808  -18.299  -68.311  -12.479 0.6999999881
11607  -13.202  -70.698  -16.936 0.5000000000
12226  -14.485  -69.750  -15.824 0.5000000000
12837  -15.371  -68.687  -14.422 0.4000000060
12838  -16.210  -68.657  -14.493 0.6000000238
12820  -17.443  -68.259  -13.626 0.6000000238
12244  -14.951  -70.210  -16.754 0.5000000000
12212  -14.926  -69.138  -15.076 0.4000000060
12214  -16.743  -69.105  -15.254 0.5000000000
12163  -24.399  -69.783  -9.399 0.5000000000
12162  -23.626  -69.519  -9.044 0.5000000000
11549  -21.339  -70.248  -8.830 0.6000000238
12783  -22.309  -68.617  -9.312 0.5000000000
13444  -23.724  -68.082  -9.857 0.5000000000
12781  -20.852  -68.850  -9.535 0.6999999881
12791  -20.330  -68.473  -10.170 0.6999999881
12798  -19.945  -68.128  -10.906 0.6000000238
12822  -18.775  -67.784  -13.069 0.6999999881
13456  -19.673  -67.817  -11.754 0.6000000238
12840  -17.772  -68.582  -14.606 0.6000000238
13476  -18.622  -67.729  -14.065 0.6000000238
127991  -16.230  -70.401  -17.621 0.5000000000
12228  -16.352  -69.647  -15.955 0.4000000060
12215  -17.618  -69.066  -15.286 0.6000000238
11618  -16.998  -70.198  -17.567 0.4000000060
112174  -16.823  -70.014  -16.816 0.4000000060
12246  -17.648  -69.941  -16.882 0.5000000000
12230  -18.201  -69.481  -16.097 0.5000000000
12782  -21.552  -68.563  -9.478 0.6000000238
13443  -22.764  -67.999  -9.757 0.5000000000
13449  -21.433  -67.458  -10.277 0.6000000238
13450  -22.251  -67.279  -10.095 0.5000000000
14085  -20.987  -66.977  -10.820 0.6000000238
14097  -20.615  -66.592  -11.533 0.6000000238
14098  -21.241  -66.152  -11.029 0.5000000000
14114  -20.297  -66.234  -12.334 0.6000000238
13477  -19.265  -67.278  -13.652 0.6999999881
14113  -19.795  -66.788  -12.951 0.5000000000
12841  -18.777  -68.371  -14.912 0.6000000238
130697  -18.853  -69.004  -15.711 0.5000000000
12247  -18.228  -69.876  -16.965 0.4000000060
119000  -19.136  -68.866  -16.221 0.5000000000
16345  -15.392  -63.582  -14.449 0.4000000060
16351  -15.768  -63.002  -15.257 0.3000000119
16346  -16.086  -63.974  -14.863 0.4000000060
14087  -22.623  -66.420  -10.392 0.5000000000
14866  -16.895  -65.384  -15.494 0.3000000119
15605  -17.358  -64.771  -16.712 0.4000000060
14812  -20.856  -65.739  -11.776 0.5000000000
14798  -22.663  -65.460  -10.943 0.5000000000
13521  -17.225  -67.092  -17.950 0.3000000119
14880  -17.466  -65.390  -17.298 0.4000000060
14833  -20.614  -65.428  -12.644 0.5000000000
117758  -17.533  -67.922  -19.055 0.3000000119
14130  -19.890  -66.648  -13.932 0.6000000238
115668  -19.293  -67.635  -15.285 0.6999999881
14149  -20.092  -66.168  -14.643 0.6000000238
116267  -19.246  -69.246  -17.065 0.5000000000
13503  -19.224  -67.973  -15.993 0.5000000000
13513  -19.381  -68.327  -16.902 0.4000000060
14168  -19.909  -66.472  -16.367 0.4000000060
123627  -14.199  -61.501  -14.890 0.3000000119
17067  -15.035  -62.323  -15.055 0.3000000119
17081  -16.189  -62.548  -15.862 0.3000000119
119819  -16.946  -63.189  -16.320 0.3000000119
16360  -17.353  -64.012  -16.796 0.4000000060
14813  -21.678  -65.475  -11.377 0.5000000000
14173  -17.437  -66.240  -17.814 0.4000000060
15611  -17.787  -64.720  -17.903 0.4000000060
14834  -21.332  -65.060  -12.209 0.5000000000
14179  -17.773  -66.750  -18.820 0.4000000060
14889  -18.148  -65.884  -19.315 0.4000000060
14848  -20.624  -65.274  -13.642 0.5000000000
15563  -21.733  -64.408  -12.687 0.5000000000
14186  -18.134  -67.765  -19.858 0.4000000060
14861  -20.476  -65.510  -14.529 0.5000000000
14162  -19.901  -66.279  -15.449 0.5000000000
15599  -20.626  -65.124  -15.253 0.5000000000
12297  -18.956  -69.637  -19.086 0.3000000119
12888  -19.864  -68.848  -17.950 0.4000000060
132549  -20.024  -66.861  -17.104 0.4000000060
14874  -20.330  -65.600  -16.056 0.4000000060
17824  -13.477  -60.671  -14.886 0.3000000119
17080  -15.471  -61.943  -15.571 0.3000000119
117762  -17.529  -63.167  -17.020 0.4000000060
16365  -18.022  -63.180  -17.668 0.4000000060
14815  -24.800  -65.193  -10.915 0.4000000060
16374  -18.192  -64.028  -18.214 0.4000000060
15543  -25.097  -64.432  -11.269 0.4000000060
14888  -17.741  -65.606  -18.334 0.4000000060
15619  -18.737  -64.502  -19.236 0.4000000060
15540  -22.255  -64.722  -11.864 0.4000000060
14896  -18.669  -65.307  -19.748 0.4000000060
15581  -21.480  -64.155  -13.455 0.5000000000
14180  -18.263  -66.806  -19.789 0.4000000060
12931  -19.885  -69.123  -21.155 0.3000000119
15593  -21.353  -64.095  -14.345 0.5000000000
14181  -21.089  -67.455  -18.799 0.3000000119
17831  -14.452  -60.866  -15.187 0.3000000119
17841  -16.527  -61.276  -16.222 0.3000000119
17093  -16.636  -62.034  -16.377 0.3000000119
17105  -17.739  -62.306  -17.295 0.4000000060
17106  -18.432  -62.435  -17.764 0.4000000060
17117  -19.746  -62.688  -18.772 0.3000000119
110396  -19.211  -63.290  -18.727 0.4000000060
14817  -26.898  -65.447  -11.490 0.4000000060
14103  -29.215  -66.068  -11.735 0.4000000060
16376  -19.279  -63.959  -19.292 0.4000000060
15542  -24.198  -64.555  -11.288 0.4000000060
118153  -22.341  -64.074  -12.473 0.4000000060
14897  -19.368  -65.807  -20.605 0.3000000119
16312  -22.086  -63.731  -13.106 0.4000000060
14194  -19.414  -67.684  -21.359 0.3000000119
14188  -19.290  -66.806  -21.124 0.3000000119
13544  -21.109  -68.249  -21.077 0.3000000119
14875  -20.877  -65.327  -16.766 0.4000000060
18566  -15.219  -60.358  -14.971 0.3000000119
17842  -17.291  -61.412  -16.776 0.4000000060
17848  -19.108  -61.218  -17.700 0.4000000060
17852  -18.907  -61.897  -17.875 0.4000000060
14104  -30.061  -65.949  -11.736 0.4000000060
14819  -28.753  -65.189  -11.643 0.4000000060
17123  -20.319  -62.935  -19.245 0.4000000060
15544  -25.968  -64.402  -11.296 0.4000000060
15627  -19.440  -64.742  -20.080 0.4000000060
15565  -23.681  -63.951  -11.834 0.4000000060
16295  -25.479  -63.664  -11.686 0.4000000060
15634  -20.325  -65.533  -20.903 0.3000000119
16335  -23.309  -62.974  -12.812 0.4000000060
14905  -21.319  -66.409  -21.345 0.3000000119
16333  -21.794  -63.434  -13.849 0.5000000000
14195  -20.253  -67.489  -21.445 0.3000000119
13545  -21.580  -67.571  -20.926 0.3000000119
16347  -21.844  -63.473  -14.524 0.5000000000
14175  -21.227  -66.552  -18.134 0.3000000119
15600  -21.563  -64.271  -16.010 0.4000000060
14174  -20.536  -67.080  -17.793 0.4000000060
18578  -16.435  -60.564  -15.587 0.3000000119
17853  -20.512  -61.469  -18.494 0.3000000119
17863  -21.258  -61.840  -19.112 0.3000000119
14820  -29.548  -65.390  -11.697 0.4000000060
16384  -20.617  -63.609  -19.974 0.3000000119
15546  -28.052  -64.436  -11.586 0.4000000060
15547  -29.493  -64.611  -11.784 0.3000000119
15628  -20.439  -64.556  -20.572 0.3000000119
16315  -24.958  -62.978  -12.295 0.4000000060
16297  -27.337  -63.738  -11.685 0.4000000060
15636  -22.344  -65.377  -21.441 0.3000000119
14190  -22.521  -66.540  -20.903 0.3000000119
17068  -22.900  -62.572  -14.427 0.4000000060
13533  -21.438  -67.868  -20.117 0.3000000119
14890  -21.964  -66.138  -18.627 0.3000000119
14882  -21.353  -65.651  -17.562 0.3000000119
15601  -22.220  -63.701  -15.989 0.3000000119
17124  -21.005  -62.767  -19.521 0.3000000119
116337  -22.089  -61.830  -19.487 0.3000000119
16385  -21.642  -63.467  -20.383 0.3000000119
123784  -28.804  -64.290  -11.733 0.3000000119
16317  -26.900  -62.958  -12.063 0.4000000060
16298  -28.339  -63.646  -11.871 0.4000000060
15638  -24.149  -65.159  -21.083 0.3000000119
17031  -24.168  -62.686  -12.909 0.4000000060
17032  -26.510  -62.585  -12.595 0.4000000060
14898  -23.112  -66.126  -20.535 0.3000000119
14891  -22.750  -65.805  -19.204 0.3000000119
16361  -22.774  -63.657  -17.011 0.3000000119
16395  -24.387  -64.525  -20.957 0.3000000119
14899  -23.684  -65.639  -20.941 0.3000000119
124012  -25.743  -62.519  -12.818 0.3000000119
17033  -27.320  -62.542  -12.716 0.3000000119
14892  -23.697  -65.450  -19.842 0.3000000119
17069  -23.762  -62.343  -14.286 0.3000000119
112076  -23.092  -64.260  -17.870 0.3000000119
16354  -22.903  -63.033  -16.097 0.3000000119
16397  -25.465  -64.096  -20.466 0.3000000119
17868  -26.272  -62.625  -19.357 0.3000000119
15621  -24.643  -64.857  -19.777 0.3000000119
17053  -25.499  -62.252  -13.605 0.3000000119
16378  -25.889  -63.693  -19.472 0.3000000119
17130  -26.375  -63.133  -19.313 0.3000000119
13527  -20.892  -68.254  -19.336 0.3000000119
14182  -21.723  -66.952  -19.346 0.3000000119
2729  -27.297  -87.158  -23.652 0.5000000000
2728  -26.421  -87.219  -23.503 0.5000000000
3127  -26.032  -87.028  -24.396 0.5000000000
2720  -26.803  -87.341  -22.784 0.5000000000
119049  -28.396  -87.402  -20.997 0.5000000000
3557  -27.852  -85.819  -23.378 0.6999999881
4020  -30.421  -85.278  -23.607 0.6999999881
4030  -26.799  -85.393  -23.951 0.6999999881
2710  -27.559  -87.611  -21.213 0.4000000060
4029  -26.033  -84.601  -23.849 0.6999999881
2724  -29.954  -87.352  -23.194 0.5000000000
4428  -31.573  -83.222  -18.708 0.3000000119
3118  -31.690  -86.823  -23.380 0.5000000000
110182  -33.338  -85.549  -24.215 0.3000000119
4968  -29.860  -82.071  -23.478 0.6000000238
4986  -30.148  -81.645  -24.532 0.5000000000
5482  -27.558  -80.526  -22.578 0.6000000238
3981  -27.819  -84.092  -20.966 0.6999999881
4408  -29.013  -83.727  -16.203 0.3000000119
4442  -26.270  -82.918  -19.824 0.6000000238
4463  -27.496  -83.467  -20.443 0.6000000238
3998  -26.488  -84.396  -21.711 0.6999999881
3577  -29.730  -86.927  -24.392 0.5000000000
128506  -29.436  -87.299  -23.915 0.6000000238
2730  -28.162  -87.190  -23.680 0.5000000000
3996  -25.242  -84.016  -21.838 0.6000000238
131594  -25.411  -84.167  -23.485 0.6999999881
129277  -23.951  -82.952  -20.267 0.5000000000
4498  -24.870  -83.828  -23.247 0.5000000000
4429  -32.371  -83.173  -18.769 0.3000000119
5962  -24.419  -80.684  -19.674 0.6000000238
4021  -31.272  -85.018  -24.309 0.5000000000
4446  -32.986  -83.969  -19.189 0.3000000119
5519  -31.461  -80.882  -25.546 0.4000000060
114166  -31.187  -82.487  -15.911 0.3000000119
5942  -29.988  -80.252  -18.050 0.6000000238
7006  -26.497  -78.252  -19.389 0.6999999881
6468  -27.212  -79.781  -17.436 0.6000000238
6432  -27.863  -79.380  -15.600 0.6000000238
6471  -31.295  -79.498  -17.666 0.6000000238
6537  -33.592  -78.788  -24.890 0.4000000060
6986  -32.274  -78.373  -16.773 0.6000000238
6987  -32.947  -77.996  -17.178 0.5000000000
127674  -31.449  -78.398  -15.724 0.6000000238
8762  -34.669  -75.852  -15.108 0.4000000060
8126  -22.113  -76.792  -12.037 0.6000000238
9320  -35.736  -74.401  -15.454 0.4000000060
122015  -32.203  -74.775  -13.444 0.4000000060
8207  -23.716  -76.362  -18.741 0.6000000238
8105  -22.255  -76.359  -10.824 0.6000000238
8128  -23.379  -76.598  -12.401 0.6000000238
7693  -35.563  -77.400  -24.125 0.5000000000
8166  -22.887  -77.019  -13.807 0.5000000000
9795  -25.252  -73.960  -12.374 0.6000000238
7574  -22.430  -76.468  -14.574 0.4000000060
7579  -27.285  -77.647  -14.367 0.5000000000
8199  -35.180  -76.581  -17.987 0.5000000000
8732  -27.188  -76.053  -13.519 0.6000000238
7578  -26.468  -77.503  -14.552 0.5000000000
9790  -15.638  -73.284  -13.270 0.6000000238
112730  -13.026  -69.327  -13.832 0.5000000000
10924  -19.945  -71.068  -8.749 0.5000000000
10300  -18.125  -71.941  -10.642 0.6000000238
10922  -18.490  -71.588  -10.031 0.6000000238
11548  -20.359  -70.456  -9.123 0.6000000238
10941  -16.382  -71.404  -11.580 0.6000000238
12225  -13.500  -69.919  -15.752 0.5000000000
12161  -22.730  -69.377  -8.957 0.5000000000
13464  -19.398  -67.489  -12.613 0.6000000238
12245  -15.885  -70.107  -16.753 0.5000000000
130188  -19.485  -67.106  -14.263 0.6000000238
15590  -15.895  -64.726  -14.314 0.3000000119
14086  -21.712  -66.655  -10.491 0.5000000000
12270  -19.178  -69.390  -18.025 0.3000000119
14814  -23.832  -65.399  -10.819 0.4000000060
15541  -23.246  -64.664  -11.433 0.4000000060
13522  -19.953  -67.723  -17.451 0.4000000060
12889  -20.373  -68.847  -19.147 0.3000000119
114880  -21.152  -64.497  -15.213 0.5000000000
122257  -26.494  -64.880  -11.264 0.4000000060
18577  -15.631  -60.624  -15.375 0.3000000119
16334  -22.517  -62.945  -13.496 0.4000000060
15606  -21.518  -64.756  -16.963 0.3000000119
15635  -21.328  -65.406  -21.278 0.3000000119
114136  -22.399  -63.200  -15.112 0.4000000060
18569  -18.117  -60.281  -15.105 0.3000000119
16394  -23.475  -64.485  -21.098 0.3000000119
17052  -24.489  -62.293  -13.762 0.4000000060
15630  -25.089  -64.631  -20.460 0.3000000119
5506  -19.994  -81.636  -23.640 0.5000000000
5507  -20.865  -81.669  -23.266 0.5000000000
4982  -21.730  -81.910  -23.886 0.5000000000
5496  -19.613  -81.114  -22.971 0.5000000000
116899  -20.296  -81.332  -22.852 0.5000000000
4963  -21.482  -81.909  -22.660 0.5000000000
4964  -22.303  -82.279  -22.910 0.5000000000
4965  -23.155  -82.674  -22.999 0.4000000060
6004  -19.347  -80.761  -22.408 0.4000000060
5497  -20.049  -80.968  -22.091 0.5000000000
117224  -22.783  -82.566  -22.066 0.4000000060
5481  -20.714  -81.372  -21.213 0.5000000000
5498  -20.782  -81.484  -22.290 0.5000000000
5975  -20.531  -80.848  -20.641 0.5000000000
117197  -21.275  -81.788  -21.760 0.5000000000
5466  -21.315  -81.339  -20.568 0.5000000000
4944  -21.613  -81.818  -21.072 0.5000000000
4945  -22.585  -82.281  -21.076 0.4000000060
5993  -19.980  -80.708  -21.075 0.5000000000
4931  -22.279  -81.709  -20.414 0.5000000000
4916  -23.083  -81.969  -20.105 0.5000000000
126285  -20.197  -77.837  -21.941 0.5000000000
131995  -20.010  -80.236  -20.719 0.5000000000
6503  -20.617  -79.820  -20.595 0.5000000000
7032  -21.135  -78.846  -20.806 0.5000000000
5976  -21.353  -80.641  -20.353 0.5000000000
116606  -21.694  -79.612  -20.460 0.5000000000
5446  -21.951  -81.152  -20.133 0.5000000000
5447  -22.731  -81.294  -19.856 0.5000000000
7051  -21.157  -77.870  -21.795 0.5000000000
111935  -22.097  -76.059  -22.543 0.5000000000
123685  -22.198  -78.343  -21.110 0.5000000000
119768  -22.246  -77.057  -21.951 0.5000000000
7673  -23.088  -76.292  -22.061 0.5000000000
127815  -22.756  -79.244  -20.396 0.5000000000
7052  -23.164  -77.299  -21.656 0.5000000000
6504  -23.819  -78.941  -20.571 0.5000000000
5960  -22.405  -80.430  -20.055 0.5000000000
5961  -23.383  -80.630  -19.728 0.5000000000
8813  -22.579  -75.421  -19.872 0.5000000000
8222  -23.656  -75.885  -20.108 0.6000000238
8231  -23.225  -75.865  -21.908 0.5000000000
7674  -23.969  -76.711  -21.949 0.5000000000
8233  -24.511  -76.681  -21.966 0.5000000000
7053  -24.185  -77.368  -21.917 0.5000000000
7661  -25.236  -77.158  -22.450 0.5000000000
6488  -23.257  -79.854  -20.046 0.5000000000
8799  -22.241  -75.194  -18.586 0.5000000000
8206  -22.998  -75.705  -19.034 0.5000000000
7652  -24.448  -76.580  -19.944 0.6000000238
5882  -19.531  -80.018  -13.520 0.5000000000
6921  -20.169  -78.548  -12.263 0.6000000238
6382  -19.234  -79.736  -12.620 0.5000000000
6920  -19.581  -79.206  -12.223 0.5000000000
6906  -20.186  -78.130  -11.614 0.6000000238
6887  -19.891  -77.965  -11.083 0.6000000238
6374  -19.037  -79.472  -11.859 0.5000000000
7504  -19.546  -77.548  -10.531 0.6000000238
7503  -18.601  -77.753  -10.487 0.5000000000
7487  -20.066  -76.849  -9.938 0.6000000238
7486  -19.071  -77.043  -9.965 0.6000000238
8091  -17.648  -76.537  -9.459 0.5000000000
8092  -18.533  -76.580  -9.366 0.6000000238
8082  -19.762  -76.018  -8.688 0.6000000238
7484  -16.870  -76.399  -9.684 0.5000000000
8079  -17.256  -75.971  -9.070 0.5000000000
8716  -16.303  -75.133  -11.378 0.5000000000
9271  -16.516  -74.060  -12.962 0.6000000238
9805  -15.364  -73.447  -14.254 0.6000000238
9807  -16.279  -73.898  -14.432 0.5000000000
9244  -16.658  -74.795  -9.739 0.6000000238
8680  -17.111  -75.198  -8.962 0.5000000000
117013  -16.428  -73.712  -13.701 0.5000000000
121518  -13.692  -73.090  -12.507 0.6000000238
120096  -14.580  -73.431  -13.201 0.6000000238
10953  -13.186  -71.427  -11.945 0.6000000238
4447  -33.975  -84.071  -19.159 0.3000000119
4449  -36.180  -84.148  -19.187 0.3000000119
3529  -34.868  -85.002  -20.396 0.3000000119
4451  -37.765  -83.321  -19.021 0.3000000119
3983  -35.817  -84.770  -20.968 0.3000000119
3982  -34.045  -85.257  -20.006 0.3000000119
111994  -33.560  -84.733  -19.657 0.3000000119
7033  -23.408  -78.250  -21.178 0.5000000000
116991  -20.419  -78.497  -13.114 0.5000000000
119792  -21.988  -82.145  -21.898 0.4000000060
7030  -19.626  -78.525  -20.994 0.5000000000
7031  -20.291  -78.715  -20.912 0.5000000000
7672  -20.712  -77.013  -22.656 0.5000000000
114480  -21.509  -76.767  -22.528 0.5000000000
8247  -23.880  -76.511  -21.873 0.5000000000
3971  -34.527  -84.716  -19.643 0.3000000119
123001  -36.930  -84.405  -21.048 0.3000000119
3973  -36.782  -84.357  -20.059 0.3000000119
3972  -35.621  -84.602  -19.760 0.3000000119
129091  -36.067  -84.657  -20.409 0.3000000119
4466  -37.492  -83.972  -20.499 0.3000000119
16318  -27.815  -62.967  -12.157 0.3000000119
2696  -29.091  -87.138  -20.757 0.5000000000
2722  -28.514  -87.338  -22.796 0.5000000000
3130  -28.675  -86.910  -24.337 0.6000000238
3131  -30.256  -86.784  -24.348 0.5000000000
3141  -25.216  -86.826  -24.795 0.5000000000
3143  -26.713  -86.556  -24.874 0.5000000000
3490  -28.605  -85.321  -15.292 0.3000000119
3539  -32.909  -86.528  -21.706 0.4000000060
3587  -32.423  -85.167  -25.104 0.4000000060
3926  -28.376  -84.190  -16.186 0.3000000119
3950  -29.052  -83.943  -17.860 0.3000000119
3968  -30.902  -84.935  -19.352 0.3000000119
3997  -25.595  -84.024  -21.293 0.6000000238
4000  -28.315  -84.450  -21.652 0.6999999881
4018  -28.701  -85.182  -22.563 0.6999999881
4041  -34.368  -83.590  -25.108 0.3000000119
4410  -30.659  -83.855  -15.135 0.3000000119
4414  -29.363  -83.305  -16.666 0.3000000119
4417  -28.816  -83.660  -17.150 0.3000000119
4440  -24.440  -82.734  -19.893 0.5000000000
4443  -27.130  -82.773  -20.018 0.6000000238
4444  -31.225  -84.132  -19.095 0.3000000119
4450  -37.331  -83.848  -19.436 0.3000000119
4462  -26.640  -83.492  -20.301 0.6000000238
4465  -28.975  -83.075  -21.018 0.6000000238
4500  -32.779  -83.569  -24.681 0.4000000060
4503  -23.948  -83.254  -25.059 0.5000000000
4506  -33.937  -83.440  -25.119 0.3000000119
4507  -34.694  -83.043  -25.169 0.3000000119
4518  -35.358  -82.929  -25.116 0.3000000119
4886  -30.659  -82.659  -16.525 0.3000000119
4903  -31.833  -82.704  -18.366 0.3000000119
4918  -24.930  -82.289  -19.636 0.6000000238
4985  -29.387  -81.269  -24.164 0.5000000000
4992  -36.768  -82.987  -23.541 0.3000000119
5416  -32.002  -81.956  -15.950 0.3000000119
5450  -25.363  -81.595  -19.599 0.6000000238
5499  -28.998  -80.961  -23.556 0.5000000000
5514  -35.656  -82.378  -24.336 0.3000000119
5874  -18.843  -80.238  -12.948 0.5000000000
5929  -27.841  -80.163  -17.159 0.6000000238
5951  -29.430  -80.375  -18.749 0.6000000238
5963  -25.736  -80.825  -19.931 0.6999999881
5979  -29.167  -80.291  -21.057 0.5000000000
6012  -30.300  -80.554  -24.675 0.5000000000
6015  -32.070  -80.528  -25.443 0.4000000060
6383  -19.849  -79.246  -12.912 0.6000000238
6434  -29.733  -79.374  -15.945 0.6000000238
6452  -28.307  -79.906  -16.382 0.6000000238
6481  -27.275  -79.739  -18.259 0.6000000238
6489  -24.139  -79.726  -20.063 0.5000000000
6494  -28.256  -79.988  -19.553 0.6000000238
6522  -27.618  -79.327  -22.187 0.6000000238
6886  -19.156  -78.288  -10.948 0.6000000238
6905  -19.562  -78.725  -11.561 0.5000000000
6957  -30.003  -78.403  -14.870 0.5000000000
6969  -27.309  -78.618  -15.327 0.6000000238
6970  -28.570  -79.053  -15.051 0.6000000238
6973  -30.893  -78.288  -15.148 0.6000000238
6981  -25.990  -77.940  -16.935 0.6999999881
6984  -30.917  -78.779  -15.956 0.6000000238
7034  -24.555  -78.039  -21.830 0.5000000000
7038  -27.595  -78.858  -21.188 0.6000000238
7054  -24.979  -77.369  -22.620 0.5000000000
7067  -35.639  -78.273  -23.877 0.4000000060
7070  -33.824  -78.586  -24.899 0.4000000060
7073  -35.343  -77.827  -24.983 0.4000000060
7485  -18.132  -77.085  -9.980 0.5000000000
7506  -21.486  -76.747  -10.803 0.6000000238
7517  -20.563  -77.612  -11.240 0.6000000238
7518  -21.203  -77.191  -11.412 0.6000000238
7535  -21.536  -77.119  -12.223 0.6000000238
7551  -24.927  -77.326  -13.911 0.6000000238
7556  -29.332  -77.286  -13.686 0.5000000000
7559  -32.727  -76.893  -13.874 0.6000000238
7577  -25.513  -77.493  -14.665 0.6000000238
7580  -28.045  -77.804  -14.209 0.6000000238
7598  -26.185  -77.692  -15.379 0.5000000000
7599  -26.974  -77.925  -15.078 0.6000000238
7675  -24.676  -76.899  -22.381 0.5000000000
7686  -35.483  -77.165  -22.946 0.5000000000
7692  -34.934  -77.630  -24.765 0.5000000000
8080  -18.024  -76.117  -8.810 0.5000000000
8081  -18.890  -76.125  -8.668 0.6000000238
8083  -20.598  -75.887  -8.868 0.6999999881
8093  -19.427  -76.508  -9.314 0.6000000238
8104  -20.912  -76.796  -10.285 0.6999999881
8127  -22.625  -76.717  -12.211 0.6000000238
8143  -26.342  -76.575  -13.670 0.6000000238
8151  -33.822  -75.894  -13.889 0.6000000238
8187  -22.571  -75.703  -17.031 0.6000000238
8190  -35.253  -76.210  -16.670 0.4000000060
8198  -23.388  -76.464  -17.549 0.6000000238
8223  -24.344  -76.360  -21.043 0.6000000238
8262  -36.308  -77.039  -23.998 0.5000000000
8682  -19.263  -75.488  -8.259 0.6999999881
8684  -21.069  -75.282  -8.474 0.6999999881
8694  -16.633  -75.695  -9.561 0.5000000000
8717  -23.037  -76.026  -11.001 0.6000000238
8724  -24.008  -75.959  -12.008 0.5000000000
8735  -31.206  -75.851  -13.334 0.5000000000
8736  -31.939  -75.470  -13.344 0.4000000060
8739  -33.756  -74.960  -13.941 0.6000000238
8749  -21.654  -75.733  -14.775 0.4000000060
9220  -19.158  -73.933  -7.865 0.6000000238
9222  -20.963  -73.955  -7.745 0.6000000238
9234  -22.781  -74.095  -8.917 0.6000000238
9246  -22.643  -74.807  -9.090 0.6000000238
9256  -16.643  -74.486  -10.791 0.6000000238
9257  -17.030  -73.596  -11.287 0.6999999881
9288  -30.966  -74.122  -13.436 0.5000000000
9290  -32.979  -74.631  -13.616 0.6000000238
9291  -33.655  -73.939  -13.995 0.5000000000
9736  -19.748  -73.393  -7.722 0.6000000238
9737  -20.438  -73.344  -7.655 0.6000000238
9750  -17.854  -73.779  -8.749 0.6999999881
9751  -18.539  -73.367  -8.431 0.6999999881
9753  -19.882  -72.733  -7.797 0.6000000238
9755  -22.579  -73.536  -8.421 0.4000000060
9767  -18.147  -72.968  -9.325 0.6000000238
9769  -24.240  -72.861  -9.594 0.5000000000
9774  -17.454  -73.064  -10.790 0.6000000238
9782  -24.415  -73.608  -11.280 0.6000000238
9792  -16.347  -73.449  -12.708 0.6999999881
9806  -16.107  -73.446  -14.061 0.6000000238
9808  -25.568  -73.698  -12.888 0.6000000238
9827  -34.916  -73.067  -14.545 0.4000000060
10284  -20.193  -72.123  -7.999 0.6000000238
10293  -23.810  -72.861  -9.008 0.6000000238
10299  -17.697  -72.344  -11.107 0.6000000238
10306  -15.280  -72.214  -11.843 0.6000000238
10309  -17.945  -71.714  -11.141 0.6000000238
10319  -15.887  -72.941  -12.357 0.6000000238
10320  -16.401  -73.037  -12.222 0.6999999881
10321  -24.672  -72.507  -12.065 0.5000000000
10336  -27.830  -72.419  -13.660 0.6000000238
10337  -28.894  -72.230  -13.735 0.6000000238
10355  -33.764  -72.058  -14.983 0.4000000060
10916  -23.429  -71.542  -8.286 0.5000000000
10923  -19.104  -71.376  -9.227 0.6000000238
10926  -25.135  -71.015  -10.153 0.5000000000
10931  -18.311  -71.352  -10.715 0.6000000238
10932  -18.732  -71.000  -10.111 0.6000000238
10933  -24.896  -72.058  -10.795 0.5000000000
10934  -25.258  -71.388  -11.024 0.5000000000
10940  -15.597  -71.469  -11.615 0.6000000238
10943  -18.244  -71.070  -10.974 0.6000000238
10954  -24.677  -71.808  -12.470 0.5000000000
11542  -21.977  -70.916  -8.331 0.6000000238
11543  -22.879  -70.873  -8.356 0.5000000000
11550  -24.025  -70.379  -8.870 0.5000000000
11551  -24.662  -70.706  -9.400 0.5000000000
11566  -15.881  -70.643  -11.502 0.6000000238
11598  -11.898  -70.194  -13.789 0.5000000000
11617  -15.358  -70.646  -17.712 0.5000000000
11619  -17.531  -69.992  -17.592 0.4000000060
12154  -23.205  -70.177  -8.718 0.5000000000
12160  -21.671  -69.319  -9.083 0.6999999881
12170  -20.104  -69.299  -9.945 0.6999999881
12177  -14.057  -70.094  -11.834 0.5000000000
12178  -14.667  -69.795  -11.796 0.5000000000
12179  -15.358  -69.827  -11.676 0.6000000238
12189  -12.789  -69.860  -12.598 0.5000000000
12190  -13.552  -69.544  -12.285 0.5000000000
12191  -14.916  -69.131  -12.010 0.6000000238
12192  -15.647  -68.827  -12.253 0.6000000238
12194  -17.377  -69.122  -11.689 0.6000000238
12213  -15.832  -69.120  -15.182 0.5000000000
12227  -15.412  -69.682  -15.873 0.4000000060
12229  -17.285  -69.588  -16.058 0.4000000060
12243  -14.056  -70.384  -16.785 0.5000000000
12248  -18.687  -69.660  -17.277 0.3000000119
12784  -23.221  -68.701  -9.300 0.5000000000
12790  -19.561  -68.874  -10.526 0.6999999881
12792  -21.123  -68.173  -9.973 0.6000000238
12797  -19.229  -68.495  -11.304 0.6999999881
12805  -15.799  -68.533  -12.987 0.6000000238
12806  -16.635  -68.532  -12.812 0.6000000238
12809  -18.999  -68.106  -12.154 0.6999999881
12816  -14.219  -68.725  -13.330 0.5000000000
12818  -15.783  -68.496  -13.828 0.6000000238
12821  -18.152  -68.006  -13.467 0.6999999881
12836  -14.510  -68.751  -14.228 0.4000000060
12839  -17.060  -68.622  -14.508 0.6000000238
12857  -18.342  -68.853  -15.160 0.5000000000
12858  -19.052  -68.327  -15.450 0.5000000000
12875  -18.794  -69.444  -16.546 0.5000000000
12904  -19.739  -69.327  -19.058 0.3000000119
12932  -20.593  -68.972  -20.955 0.3000000119
13442  -21.925  -68.030  -9.863 0.6000000238
13448  -20.676  -67.743  -10.543 0.6000000238
13457  -20.352  -67.412  -11.287 0.6000000238
13465  -20.057  -67.116  -12.098 0.6000000238
13489  -19.137  -67.606  -14.646 0.6000000238
13523  -20.443  -68.019  -18.394 0.3000000119
13542  -19.208  -68.442  -21.262 0.3000000119
13543  -20.131  -68.407  -21.366 0.3000000119
14102  -28.304  -66.068  -11.805 0.4000000060
14131  -20.185  -66.007  -13.209 0.5000000000
14148  -19.605  -66.920  -14.822 0.6000000238
14161  -19.478  -67.077  -15.725 0.5000000000
14167  -19.530  -67.325  -16.646 0.4000000060
14183  -22.448  -66.562  -19.936 0.3000000119
14187  -18.641  -67.464  -20.825 0.3000000119
14189  -21.994  -67.119  -20.542 0.3000000119
14196  -21.198  -67.297  -21.303 0.3000000119
14197  -21.902  -66.936  -21.121 0.3000000119
14797  -21.926  -65.955  -10.741 0.5000000000
14799  -23.322  -66.001  -10.568 0.5000000000
14816  -26.084  -65.500  -11.219 0.4000000060
14818  -27.770  -65.333  -11.598 0.4000000060
14860  -16.350  -65.438  -14.808 0.3000000119
14867  -20.954  -64.866  -16.056 0.4000000060
14873  -17.226  -65.436  -16.328 0.4000000060
14881  -20.509  -66.120  -17.142 0.4000000060
14883  -22.129  -65.274  -17.987 0.3000000119
14904  -20.280  -66.524  -21.310 0.3000000119
14906  -22.207  -66.231  -21.326 0.3000000119
14907  -23.019  -66.052  -21.272 0.3000000119
15545  -27.212  -64.679  -11.460 0.4000000060
15562  -21.045  -64.756  -13.029 0.5000000000
15564  -22.905  -64.037  -12.063 0.4000000060
15591  -16.602  -64.651  -15.030 0.3000000119
15592  -20.867  -64.842  -14.459 0.5000000000
15598  -17.054  -64.467  -15.965 0.4000000060
15607  -22.045  -64.126  -16.685 0.3000000119
15612  -22.374  -64.480  -17.460 0.3000000119
15618  -18.205  -64.894  -18.790 0.4000000060
15622  -25.383  -64.314  -19.673 0.3000000119
15623  -25.498  -64.173  -20.236 0.3000000119
15629  -24.438  -65.124  -20.685 0.3000000119
15637  -23.287  -65.360  -21.308 0.3000000119
15639  -24.794  -64.762  -20.831 0.3000000119
15640  -25.162  -64.400  -20.584 0.3000000119
16294  -24.552  -63.787  -11.746 0.4000000060
16296  -26.381  -63.625  -11.679 0.4000000060
16313  -22.720  -63.501  -12.678 0.4000000060
16314  -23.975  -63.271  -12.282 0.4000000060
16316  -25.990  -63.001  -12.144 0.4000000060
16348  -22.152  -62.963  -14.263 0.5000000000
16352  -16.474  -63.652  -15.536 0.3000000119
16353  -21.755  -63.894  -15.192 0.5000000000
16355  -23.638  -62.641  -15.952 0.3000000119
16375  -18.600  -63.231  -18.214 0.4000000060
16383  -19.837  -63.409  -19.272 0.4000000060
16387  -25.762  -63.776  -20.050 0.3000000119
16388  -26.047  -63.431  -19.513 0.3000000119
16392  -21.416  -64.398  -21.025 0.3000000119
16396  -25.055  -64.337  -20.743 0.3000000119
17051  -23.471  -62.525  -13.578 0.4000000060
17079  -14.869  -61.446  -15.293 0.3000000119
17082  -23.082  -62.751  -15.316 0.3000000119
17094  -17.223  -62.416  -16.766 0.4000000060
17116  -19.089  -62.547  -18.276 0.3000000119
17118  -20.397  -62.228  -18.898 0.3000000119
17119  -26.937  -62.911  -18.909 0.3000000119
17125  -21.879  -62.583  -19.793 0.3000000119
17129  -25.911  -63.154  -19.838 0.3000000119
17139  -25.609  -63.613  -20.248 0.3000000119
17832  -15.271  -61.021  -15.578 0.3000000119
17833  -15.969  -61.538  -15.960 0.3000000119
17840  -16.057  -60.893  -15.821 0.3000000119
17847  -18.216  -61.469  -17.457 0.4000000060
18564  -12.802  -59.955  -14.913 0.3000000119
18567  -16.117  -60.355  -15.071 0.3000000119
18579  -17.312  -60.458  -15.784 0.3000000119
108290  -34.963  -84.384  -23.684 0.3000000119
108291  -36.079  -84.375  -22.872 0.3000000119
109624  -35.530  -83.735  -24.465 0.3000000119
109843  -36.412  -83.070  -24.309 0.3000000119
109907  -36.966  -83.835  -23.110 0.3000000119
112732  -18.167  -68.226  -14.334 0.6000000238
112760  -30.324  -83.343  -18.223 0.3000000119
113073  -16.349  -74.834  -12.294 0.6000000238
113360  -20.260  -65.703  -15.183 0.5000000000
115505  -29.433  -84.928  -15.230 0.3000000119
117935  -29.715  -75.051  -13.427 0.6000000238
118278  -20.688  -77.951  -12.649 0.6000000238
118428  -16.861  -72.496  -11.814 0.6999999881
118435  -25.406  -73.011  -13.112 0.6000000238
118532  -20.321  -65.961  -13.993 0.6000000238
118673  -18.720  -63.892  -18.721 0.4000000060
118909  -26.545  -78.524  -18.392 0.6999999881
119008  -19.667  -61.857  -18.274 0.4000000060
119081  -27.281  -81.046  -21.252 0.6000000238
119144  -13.687  -70.934  -17.780 0.5000000000
119266  -19.868  -64.004  -19.859 0.4000000060
119649  -20.783  -77.438  -14.131 0.5000000000
119676  -13.277  -69.499  -14.647 0.5000000000
120214  -18.660  -66.295  -20.267 0.4000000060
120769  -25.578  -65.041  -11.034 0.4000000060
121406  -24.502  -86.592  -24.993 0.5000000000
121411  -23.305  -63.519  -12.312 0.4000000060
121757  -12.899  -72.332  -12.277 0.6000000238
122558  -17.733  -63.938  -17.478 0.4000000060
122824  -13.722  -72.385  -12.065 0.6000000238
122925  -28.471  -73.603  -13.382 0.6000000238
123700  -17.784  -69.700  -11.319 0.6000000238
123849  -20.219  -69.300  -19.888 0.3000000119
123955  -24.959  -62.515  -13.049 0.4000000060
124018  -26.676  -64.257  -11.435 0.4000000060
124273  -25.240  -80.471  -19.912 0.6999999881
124416  -17.585  -70.414  -11.273 0.6000000238
124848  -33.916  -84.802  -24.462 0.3000000119
124924  -36.286  -83.506  -24.149 0.3000000119
125334  -21.050  -64.608  -13.774 0.5000000000
125370  -30.320  -84.063  -18.855 0.3000000119
126181  -17.538  -64.555  -17.247 0.4000000060
126281  -28.620  -75.944  -13.454 0.6000000238
126327  -26.046  -64.961  -11.124 0.4000000060
127578  -25.805  -84.285  -22.020 0.6000000238
127597  -28.329  -85.770  -23.228 0.6999999881
128034  -32.401  -74.161  -13.538 0.5000000000
128463  -17.669  -75.548  -8.630 0.5000000000
128473  -28.341  -83.995  -21.044 0.6999999881
129842  -35.438  -78.038  -24.965 0.4000000060
130522  -22.825  -82.142  -20.503 0.5000000000
130640  -17.868  -68.256  -12.997 0.6999999881
131463  -23.089  -72.178  -8.191 0.5000000000
132154  -15.736  -73.718  -14.670 0.5000000000
132928  -19.799  -71.651  -8.535 0.5000000000
133035  -18.447  -64.341  -18.724 0.4000000060
