#!ascii label  , from subject sub-v1s23x0050625_ses-1 vox2ras=TkReg
696
13294  21.101  -58.816  -23.480 0.6000000238
17338  13.859  -52.600  -24.745 0.6999999881
15917  13.783  -53.341  -25.354 0.6999999881
102738  16.221  -56.274  -23.641 0.8999999762
13938  17.546  -56.904  -23.016 0.8000000119
13936  19.144  -57.047  -22.945 0.8000000119
13935  21.711  -57.984  -23.060 0.6000000238
13293  22.124  -58.606  -23.699 0.6999999881
13303  22.825  -58.345  -24.745 0.6999999881
120073  13.117  -52.356  -23.839 0.6999999881
17308  12.793  -52.717  -23.602 0.6999999881
16621  14.320  -52.673  -25.598 0.6999999881
15915  15.107  -52.992  -26.219 0.6000000238
15905  15.160  -53.881  -25.816 0.6999999881
15238  14.955  -54.720  -25.152 0.6999999881
117919  16.686  -54.896  -24.910 0.8000000119
15221  18.088  -55.577  -23.934 0.8000000119
14578  17.818  -56.289  -23.519 0.8000000119
14577  18.664  -56.268  -23.346 0.8000000119
101050  20.060  -57.107  -22.882 0.6000000238
13934  22.666  -57.830  -23.300 0.6000000238
13292  22.942  -58.307  -23.993 0.6999999881
13312  22.491  -58.157  -25.628 0.6999999881
17307  13.575  -52.506  -23.973 0.5000000000
16566  13.638  -53.243  -22.817 0.6000000238
17336  14.891  -50.981  -25.957 0.4000000060
17352  14.660  -51.844  -25.865 0.6000000238
112394  15.410  -52.374  -26.610 0.5000000000
15903  17.007  -54.170  -25.501 0.6000000238
15236  17.549  -54.878  -24.636 0.6999999881
15220  18.983  -55.508  -23.645 0.6999999881
14575  20.441  -56.233  -23.007 0.6999999881
14574  22.097  -57.049  -22.860 0.5000000000
13933  23.507  -57.599  -23.604 0.6000000238
13948  23.626  -57.837  -24.321 0.6000000238
13954  23.495  -57.840  -25.087 0.6000000238
13319  22.080  -57.751  -26.441 0.5000000000
104335  15.393  -52.385  -23.641 0.5000000000
16565  14.761  -53.730  -22.348 0.6000000238
15853  14.410  -54.720  -21.011 0.6000000238
17306  14.417  -52.001  -24.442 0.5000000000
15913  16.359  -53.290  -26.193 0.5000000000
15902  17.951  -54.108  -25.137 0.6000000238
115022  19.695  -54.241  -24.043 0.6000000238
15218  20.684  -55.392  -23.216 0.6000000238
105612  22.378  -56.097  -22.914 0.5000000000
14573  23.042  -56.950  -23.003 0.5000000000
13932  24.252  -57.297  -23.921 0.6000000238
13953  23.990  -57.276  -25.488 0.5000000000
13956  23.469  -56.765  -26.418 0.5000000000
15254  22.856  -55.484  -28.775 0.5000000000
100986  22.319  -56.375  -27.712 0.5000000000
114240  15.536  -54.008  -22.031 0.5000000000
15869  15.020  -54.345  -21.567 0.5000000000
17321  14.700  -51.359  -25.274 0.5000000000
18137  15.368  -50.372  -26.544 0.4000000060
18136  16.008  -50.142  -26.764 0.3000000119
17349  16.292  -51.099  -26.867 0.4000000060
17335  18.477  -52.416  -25.567 0.3000000119
17334  19.151  -52.112  -25.152 0.3000000119
103993  18.250  -53.208  -25.481 0.5000000000
16595  19.743  -53.605  -24.329 0.5000000000
15890  20.334  -54.119  -23.806 0.5000000000
15217  21.607  -55.145  -23.119 0.5000000000
111181  23.310  -56.037  -23.068 0.5000000000
14571  24.628  -56.546  -23.657 0.6000000238
14592  24.859  -56.921  -24.225 0.6000000238
119146  24.300  -56.843  -25.798 0.5000000000
14599  23.552  -55.924  -27.150 0.5000000000
14602  22.844  -55.644  -28.137 0.5000000000
105591  15.562  -53.377  -22.721 0.5000000000
17305  16.025  -51.685  -23.859 0.5000000000
18112  15.700  -50.479  -24.932 0.4000000060
18124  15.101  -50.502  -25.799 0.5000000000
18135  17.086  -50.359  -26.376 0.4000000060
111642  18.235  -51.332  -25.767 0.3000000119
16606  19.848  -52.794  -24.551 0.3000000119
16594  20.481  -53.378  -23.955 0.4000000060
15888  22.196  -54.506  -23.222 0.5000000000
15216  23.468  -55.289  -23.150 0.4000000060
14595  25.423  -56.235  -25.399 0.5000000000
15246  25.442  -55.807  -26.118 0.5000000000
14598  24.646  -56.345  -26.182 0.5000000000
104536  23.334  -54.957  -28.928 0.5000000000
111043  23.372  -54.854  -28.750 0.4000000060
105594  16.864  -54.406  -21.519 0.5000000000
16578  16.511  -52.842  -22.868 0.5000000000
18098  16.421  -50.912  -24.055 0.5000000000
18111  16.499  -49.864  -25.033 0.4000000060
18122  16.719  -49.669  -25.940 0.4000000060
18134  18.016  -50.095  -25.700 0.3000000119
17333  19.923  -51.871  -24.671 0.3000000119
16593  21.299  -53.141  -23.674 0.4000000060
114727  22.275  -53.659  -23.398 0.4000000060
16591  24.139  -54.050  -23.362 0.4000000060
15889  21.263  -54.083  -23.499 0.4000000060
15887  23.143  -54.467  -23.247 0.4000000060
15886  24.683  -54.966  -23.445 0.5000000000
110682  25.380  -55.085  -23.770 0.5000000000
15213  25.469  -55.847  -24.042 0.6000000238
15247  24.686  -55.411  -26.931 0.4000000060
15248  23.652  -55.314  -27.656 0.5000000000
16563  17.363  -53.618  -22.077 0.4000000060
18097  17.097  -50.744  -23.732 0.4000000060
17304  16.960  -51.863  -23.308 0.4000000060
120979  16.961  -49.390  -25.285 0.4000000060
18937  18.488  -49.550  -25.247 0.4000000060
18110  20.700  -51.655  -24.244 0.4000000060
17318  21.376  -52.325  -23.806 0.4000000060
17319  20.598  -52.548  -24.135 0.4000000060
101515  22.794  -52.946  -23.422 0.4000000060
16592  23.230  -53.637  -23.359 0.4000000060
106082  25.244  -54.081  -23.575 0.5000000000
15900  25.910  -54.470  -24.108 0.5000000000
15912  26.214  -54.781  -25.085 0.6000000238
15920  25.837  -54.987  -26.286 0.5000000000
120575  25.184  -53.725  -27.209 0.4000000060
115947  25.060  -54.478  -27.121 0.4000000060
114097  18.174  -53.742  -21.788 0.4000000060
17303  17.815  -51.708  -22.932 0.4000000060
16577  17.599  -52.661  -22.588 0.4000000060
18916  17.330  -49.535  -24.427 0.4000000060
18120  20.009  -50.966  -24.661 0.4000000060
17317  22.248  -52.200  -23.574 0.4000000060
102559  23.754  -53.067  -23.359 0.4000000060
15899  26.298  -53.906  -24.701 0.4000000060
16629  25.795  -53.989  -26.658 0.6000000238
17296  18.582  -52.446  -22.367 0.4000000060
113830  18.519  -51.498  -22.685 0.4000000060
18903  18.127  -49.545  -23.577 0.4000000060
19768  18.025  -49.002  -25.237 0.4000000060
18926  19.490  -49.722  -24.766 0.4000000060
100512  21.616  -50.662  -23.839 0.4000000060
18108  22.548  -51.279  -23.550 0.5000000000
17316  23.227  -52.239  -23.395 0.4000000060
17315  24.261  -52.338  -23.362 0.3000000119
117642  25.335  -52.242  -23.522 0.3000000119
109292  24.756  -53.170  -23.445 0.4000000060
16604  26.337  -53.089  -24.460 0.4000000060
108436  26.437  -52.799  -26.187 0.4000000060
119909  26.259  -53.475  -26.269 0.5000000000
16562  18.913  -53.381  -21.808 0.4000000060
107039  18.660  -48.806  -24.743 0.4000000060
18925  20.212  -49.152  -24.349 0.4000000060
18913  22.163  -50.145  -23.667 0.3000000119
18912  23.313  -50.501  -23.359 0.3000000119
104650  24.580  -51.698  -23.340 0.3000000119
16589  26.009  -52.747  -23.817 0.3000000119
17347  26.562  -52.587  -25.206 0.4000000060
17359  26.084  -52.166  -26.809 0.4000000060
18087  19.247  -51.759  -22.381 0.3000000119
18088  18.849  -50.641  -22.742 0.3000000119
19748  18.791  -48.603  -24.319 0.3000000119
102645  19.388  -48.625  -24.438 0.3000000119
110450  21.177  -49.722  -23.983 0.3000000119
18106  24.305  -51.010  -23.258 0.4000000060
18910  25.723  -50.598  -23.379 0.4000000060
120160  25.817  -51.444  -23.585 0.3000000119
18119  26.843  -51.173  -24.729 0.3000000119
116403  26.695  -51.869  -24.991 0.3000000119
18133  26.371  -51.374  -26.506 0.4000000060
18144  25.476  -51.324  -27.244 0.4000000060
18952  24.534  -50.581  -27.815 0.4000000060
18911  24.836  -50.592  -23.216 0.4000000060
18924  27.004  -50.412  -24.451 0.4000000060
18104  26.452  -51.084  -23.899 0.4000000060
18935  27.013  -50.530  -25.395 0.3000000119
18132  26.784  -51.287  -25.650 0.4000000060
19776  26.130  -49.969  -26.826 0.4000000060
19777  25.179  -49.644  -27.437 0.4000000060
18947  25.519  -50.452  -27.243 0.4000000060
19783  24.291  -49.703  -27.966 0.4000000060
119563  26.387  -49.441  -26.612 0.5000000000
105354  25.878  -49.054  -27.029 0.4000000060
111844  25.180  -48.841  -27.445 0.4000000060
19784  23.596  -49.223  -28.331 0.3000000119
20648  23.950  -48.340  -28.133 0.3000000119
103267  20.578  -58.018  -22.957 0.6999999881
15237  16.434  -55.613  -24.306 0.8000000119
102065  21.077  -57.086  -22.863 0.6000000238
14576  19.537  -56.261  -23.166 0.6999999881
102293  23.037  -57.527  -25.950 0.6000000238
17351  15.199  -51.367  -26.554 0.4000000060
16618  16.444  -52.347  -26.613 0.4000000060
15891  19.330  -54.772  -23.891 0.6999999881
17320  15.088  -51.240  -24.708 0.5000000000
118824  20.781  -54.686  -23.434 0.5000000000
16607  19.091  -53.051  -24.947 0.4000000060
15215  24.173  -55.784  -23.322 0.6000000238
15234  25.712  -55.930  -24.729 0.5000000000
110211  25.842  -55.302  -24.443 0.6000000238
18109  21.520  -51.466  -23.852 0.3000000119
16590  25.498  -53.173  -23.634 0.4000000060
17295  19.539  -52.604  -21.970 0.4000000060
17314  26.135  -51.941  -23.830 0.3000000119
118755  26.523  -51.689  -24.276 0.3000000119
18936  26.621  -50.629  -26.250 0.3000000119
12691  15.379  -59.340  -20.146 0.6000000238
12681  15.707  -59.978  -19.661 0.6000000238
111085  19.037  -62.089  -19.388 0.6000000238
10732  19.866  -62.222  -19.481 0.6000000238
110629  13.713  -59.870  -20.203 0.5000000000
12692  14.470  -59.414  -20.235 0.6000000238
13272  15.095  -58.263  -21.038 0.6999999881
113254  15.040  -58.813  -20.537 0.6999999881
12682  14.976  -59.934  -19.805 0.6000000238
12680  17.143  -59.546  -19.877 0.6000000238
12038  17.496  -60.340  -19.499 0.6000000238
12678  18.741  -59.872  -20.088 0.6000000238
12036  19.212  -60.661  -19.730 0.6000000238
11348  19.536  -61.452  -19.581 0.6000000238
11361  20.907  -61.399  -20.424 0.6000000238
11371  22.178  -61.633  -21.489 0.6999999881
13274  12.872  -58.563  -20.956 0.6000000238
13923  13.397  -57.121  -22.071 0.6999999881
13262  13.552  -59.098  -20.570 0.5000000000
13908  14.018  -57.619  -21.583 0.6999999881
13261  14.401  -58.621  -20.748 0.6999999881
112863  16.400  -58.370  -21.229 0.6999999881
13259  16.817  -58.915  -20.633 0.6999999881
12679  17.950  -59.708  -19.873 0.5000000000
12048  20.394  -60.842  -20.485 0.6000000238
12064  20.515  -60.847  -22.132 0.6000000238
11372  21.417  -61.225  -21.853 0.6999999881
11384  20.542  -61.482  -23.020 0.6999999881
11383  22.579  -61.615  -23.357 0.6999999881
103754  22.375  -61.596  -24.444 0.6999999881
11478  28.034  -62.116  -30.175 0.4000000060
119646  26.345  -60.913  -28.744 0.5000000000
12143  25.225  -60.364  -27.643 0.6000000238
115200  24.877  -60.455  -26.175 0.6000000238
11410  23.116  -61.304  -24.785 0.6999999881
14564  9.981  -56.259  -22.875 0.5000000000
14563  11.004  -56.188  -22.980 0.5000000000
14582  11.953  -55.956  -23.314 0.6000000238
109546  11.645  -57.505  -21.861 0.5000000000
14561  13.609  -56.466  -22.850 0.6999999881
14562  12.717  -56.565  -22.653 0.5000000000
13924  12.518  -57.284  -21.924 0.6000000238
13922  14.302  -57.017  -22.287 0.6999999881
13907  14.980  -57.591  -21.729 0.6999999881
13906  15.897  -57.439  -22.168 0.6999999881
12702  17.513  -58.922  -21.050 0.6999999881
12049  19.643  -60.170  -20.497 0.6000000238
116761  19.698  -60.509  -22.266 0.6000000238
11399  20.413  -61.765  -23.969 0.6999999881
103834  21.451  -61.755  -24.166 0.6999999881
113960  22.341  -61.492  -25.201 0.6999999881
12103  23.951  -60.675  -26.093 0.6000000238
12125  23.046  -60.879  -26.472 0.6000000238
16599  9.587  -53.176  -23.137 0.5000000000
15229  8.645  -54.835  -23.204 0.4000000060
15227  10.625  -54.462  -23.926 0.5000000000
15894  9.115  -53.874  -23.302 0.5000000000
114753  11.214  -55.206  -23.848 0.5000000000
15226  11.512  -54.377  -24.286 0.6000000238
111415  12.087  -55.071  -24.173 0.6000000238
15224  13.930  -55.180  -24.540 0.6999999881
14581  12.867  -55.814  -23.517 0.6000000238
14560  14.521  -56.394  -23.160 0.6999999881
13921  15.223  -56.909  -22.618 0.6999999881
13270  16.983  -58.440  -21.492 0.6999999881
12701  18.074  -59.173  -21.583 0.6999999881
12687  18.809  -59.534  -21.031 0.6999999881
12058  19.391  -59.923  -21.704 0.6999999881
11400  19.352  -61.519  -23.791 0.6999999881
113038  20.358  -61.500  -25.202 0.8000000119
11423  21.782  -61.449  -25.860 0.6999999881
12159  25.580  -60.300  -28.876 0.5000000000
112560  23.593  -60.465  -26.972 0.6000000238
12105  22.145  -61.149  -26.530 0.6000000238
15874  8.598  -53.589  -22.456 0.4000000060
16598  10.407  -52.980  -23.419 0.6000000238
15893  10.049  -53.706  -23.633 0.6000000238
15242  11.823  -53.895  -24.450 0.6000000238
15241  12.406  -54.219  -24.667 0.6000000238
15239  14.152  -54.548  -25.159 0.6000000238
120834  15.098  -55.758  -24.067 0.6999999881
118037  15.355  -56.269  -23.542 0.6999999881
13920  16.630  -57.439  -22.448 0.6999999881
13284  16.498  -57.928  -21.834 0.6999999881
115535  17.587  -58.097  -22.324 0.8000000119
12713  17.618  -58.626  -21.935 0.8000000119
12711  18.239  -60.096  -23.119 0.6000000238
11414  18.675  -61.146  -24.181 0.6000000238
12106  20.293  -60.903  -26.348 0.8000000119
11424  20.727  -61.388  -25.844 0.6999999881
12765  25.981  -59.999  -29.258 0.5000000000
12154  24.648  -59.950  -28.543 0.6000000238
111743  22.548  -60.628  -27.098 0.6999999881
16553  10.761  -53.507  -21.611 0.5000000000
15857  10.535  -54.259  -20.948 0.4000000060
15187  10.093  -54.948  -20.501 0.4000000060
16581  10.758  -52.617  -23.307 0.5000000000
16582  10.024  -52.758  -23.059 0.5000000000
15909  11.837  -53.466  -24.216 0.6000000238
15908  12.495  -53.740  -24.649 0.6000000238
15906  13.827  -53.840  -25.446 0.6000000238
15223  14.735  -55.300  -24.542 0.6999999881
13939  16.810  -56.881  -23.035 0.8000000119
13919  17.290  -57.507  -22.580 0.8000000119
13281  18.439  -58.459  -22.721 0.6000000238
12723  18.347  -60.151  -23.561 0.6000000238
12089  19.199  -60.810  -24.932 0.6999999881
12107  19.955  -60.593  -25.955 0.6999999881
12147  20.829  -59.989  -27.613 0.6999999881
107424  23.634  -59.884  -28.188 0.6000000238
12753  22.628  -59.618  -28.195 0.6000000238
13326  23.184  -58.528  -29.143 0.6000000238
114324  25.333  -59.347  -29.212 0.6000000238
12756  23.493  -59.345  -28.651 0.6000000238
15872  12.372  -53.374  -22.079 0.5000000000
15873  11.710  -53.515  -21.707 0.5000000000
15856  11.399  -54.259  -20.959 0.5000000000
15168  11.596  -55.797  -19.841 0.5000000000
17309  12.128  -52.676  -23.392 0.5000000000
16568  11.697  -52.740  -22.767 0.5000000000
16609  12.709  -53.339  -24.428 0.6000000238
13917  18.671  -57.657  -22.801 0.6999999881
13295  19.755  -58.943  -23.276 0.6000000238
12730  20.078  -59.666  -24.905 0.6000000238
12739  20.307  -59.620  -25.823 0.6000000238
105380  20.168  -59.975  -26.503 0.6999999881
13321  20.210  -59.023  -26.915 0.6000000238
12755  20.506  -59.291  -27.856 0.6000000238
12757  22.294  -58.861  -28.676 0.6999999881
117060  26.622  -58.384  -29.438 0.5000000000
13976  24.832  -57.618  -29.542 0.4000000060
15871  13.151  -53.703  -21.954 0.5000000000
107509  12.798  -54.781  -20.706 0.5000000000
15167  12.750  -55.610  -20.012 0.5000000000
14533  13.158  -56.331  -19.536 0.5000000000
14521  12.795  -56.823  -19.197 0.5000000000
13242  12.378  -58.066  -18.411 0.5000000000
12720  21.282  -59.152  -24.110 0.6000000238
13963  20.590  -58.268  -27.663 0.4000000060
13968  20.689  -58.271  -28.224 0.5000000000
13327  22.077  -58.008  -29.074 0.4000000060
13336  23.995  -58.177  -29.467 0.4000000060
13337  22.913  -57.673  -29.471 0.5000000000
15870  14.095  -54.069  -21.777 0.6000000238
15184  13.731  -55.224  -20.423 0.5000000000
15166  13.589  -55.857  -19.857 0.5000000000
14532  13.950  -56.370  -19.503 0.5000000000
13872  13.803  -57.434  -18.697 0.5000000000
104567  13.329  -58.055  -18.332 0.5000000000
13227  13.709  -58.736  -17.823 0.4000000060
12658  13.416  -60.039  -17.096 0.5000000000
12013  14.116  -61.030  -16.160 0.4000000060
110466  14.098  -61.259  -15.453 0.4000000060
11322  12.733  -61.465  -14.974 0.4000000060
13320  21.238  -58.270  -26.584 0.6000000238
13958  21.284  -57.585  -27.344 0.4000000060
13967  21.341  -57.683  -28.671 0.4000000060
13977  23.735  -57.284  -29.585 0.4000000060
15183  14.729  -55.319  -20.430 0.5000000000
15165  14.314  -55.800  -19.925 0.4000000060
14519  14.264  -56.917  -19.089 0.4000000060
13871  14.532  -57.401  -18.687 0.5000000000
13240  15.261  -58.392  -17.930 0.4000000060
13226  14.646  -58.920  -17.651 0.5000000000
12665  15.073  -59.841  -17.057 0.4000000060
12656  15.807  -60.277  -16.392 0.5000000000
12657  14.149  -60.346  -16.802 0.5000000000
11993  15.089  -60.702  -15.236 0.3000000119
11312  14.419  -61.069  -14.855 0.3000000119
11994  14.193  -60.718  -14.204 0.3000000119
103378  21.543  -57.011  -27.797 0.4000000060
116380  15.026  -55.780  -19.987 0.5000000000
14531  14.833  -56.372  -19.517 0.5000000000
14518  15.034  -57.030  -19.011 0.4000000060
105593  15.911  -54.457  -21.492 0.4000000060
15164  15.726  -56.030  -19.767 0.4000000060
113473  15.537  -56.618  -19.304 0.4000000060
13869  16.449  -57.864  -18.246 0.4000000060
15851  16.336  -55.027  -20.811 0.4000000060
15163  16.690  -55.969  -19.746 0.4000000060
14530  16.285  -56.542  -19.306 0.4000000060
109068  17.051  -55.442  -20.296 0.4000000060
14516  17.740  -57.067  -18.748 0.4000000060
105245  17.340  -57.573  -18.389 0.4000000060
13223  17.644  -58.804  -17.152 0.4000000060
15162  17.719  -55.883  -19.799 0.4000000060
15868  17.797  -54.294  -21.486 0.3000000119
14515  18.703  -57.095  -18.575 0.4000000060
13868  18.173  -57.680  -18.180 0.4000000060
13215  18.289  -58.440  -16.777 0.4000000060
15849  18.319  -54.760  -20.960 0.4000000060
13207  18.133  -58.428  -16.066 0.4000000060
13841  18.300  -57.654  -15.678 0.4000000060
15848  19.139  -54.557  -20.998 0.3000000119
15179  19.002  -55.352  -20.345 0.4000000060
14527  19.189  -56.551  -19.076 0.4000000060
116672  19.037  -57.542  -17.766 0.4000000060
13852  18.722  -57.801  -16.459 0.4000000060
13858  19.274  -57.438  -17.030 0.3000000119
12721  20.075  -59.444  -24.025 0.6000000238
16596  12.093  -52.960  -23.889 0.5000000000
13313  21.543  -58.842  -25.467 0.6000000238
13961  21.556  -56.861  -28.494 0.4000000060
107324  18.120  -61.922  -19.339 0.6000000238
103835  21.486  -61.654  -23.290 0.6999999881
11412  20.603  -61.689  -24.637 0.6999999881
12152  26.831  -61.467  -29.095 0.5000000000
12764  26.848  -60.558  -29.528 0.5000000000
118490  25.905  -60.487  -27.183 0.5000000000
12153  25.636  -60.427  -28.527 0.4000000060
12124  24.532  -60.363  -26.870 0.6000000238
14583  10.257  -55.358  -23.570 0.5000000000
12712  18.265  -59.217  -22.440 0.6999999881
12145  23.108  -60.142  -27.651 0.6000000238
15225  13.011  -55.088  -24.412 0.6000000238
12700  18.555  -59.653  -22.259 0.6999999881
11425  19.887  -61.194  -25.589 0.8000000119
12126  21.425  -60.701  -27.155 0.6999999881
106537  9.659  -54.173  -21.153 0.4000000060
13297  18.368  -59.419  -22.846 0.6000000238
12732  18.518  -60.595  -24.218 0.6000000238
114156  20.258  -60.297  -26.668 0.6999999881
12127  20.566  -60.488  -26.987 0.6999999881
13333  26.929  -59.264  -29.494 0.5000000000
13332  28.020  -58.807  -29.517 0.5000000000
12146  21.910  -60.122  -27.688 0.6999999881
13296  18.679  -59.178  -23.101 0.6999999881
12731  19.069  -60.233  -24.718 0.6999999881
12740  19.675  -60.315  -25.563 0.6999999881
13328  21.265  -58.436  -28.502 0.6000000238
105022  24.424  -59.175  -29.114 0.6000000238
13335  25.087  -58.569  -29.382 0.6000000238
116961  12.133  -54.313  -20.986 0.5000000000
15185  11.978  -54.981  -20.463 0.5000000000
12729  21.174  -59.246  -24.835 0.6000000238
13324  20.357  -58.866  -27.789 0.6000000238
120706  12.753  -60.920  -16.006 0.3000000119
13978  22.875  -56.955  -29.499 0.4000000060
13241  14.359  -58.064  -18.226 0.5000000000
12003  14.756  -61.003  -15.638 0.4000000060
11321  13.602  -61.379  -14.909 0.4000000060
15180  17.967  -55.333  -20.415 0.4000000060
14528  18.213  -56.525  -19.219 0.4000000060
6184  34.764  -70.338  -24.548 0.3000000119
6744  35.263  -69.661  -25.151 0.3000000119
10797  29.657  -62.377  -24.263 0.4000000060
10807  31.347  -62.655  -25.933 0.4000000060
10229  31.097  -63.008  -24.980 0.4000000060
10228  31.812  -63.353  -25.384 0.4000000060
11405  29.341  -61.536  -24.716 0.4000000060
10787  28.341  -62.565  -23.234 0.4000000060
10788  27.651  -62.082  -23.147 0.4000000060
11379  27.017  -61.952  -22.848 0.5000000000
111326  26.089  -62.303  -22.090 0.5000000000
10775  25.399  -61.943  -22.280 0.5000000000
113277  30.300  -62.434  -27.487 0.4000000060
115303  30.047  -61.973  -25.045 0.5000000000
10798  28.873  -61.979  -23.942 0.5000000000
10165  23.919  -63.434  -20.092 0.5000000000
10814  31.159  -62.766  -27.106 0.5000000000
10808  30.679  -62.351  -25.448 0.5000000000
10237  31.936  -63.131  -26.477 0.4000000060
10236  32.509  -63.628  -26.902 0.4000000060
9643  32.260  -64.171  -24.886 0.4000000060
9642  33.019  -64.374  -25.530 0.4000000060
9641  33.715  -65.103  -25.450 0.3000000119
8463  33.627  -66.451  -24.462 0.4000000060
11431  29.038  -61.360  -27.172 0.4000000060
12099  28.342  -60.629  -26.174 0.4000000060
12085  27.553  -60.510  -24.883 0.4000000060
11445  29.448  -61.959  -27.638 0.4000000060
11430  29.679  -61.472  -26.625 0.4000000060
12098  29.094  -60.993  -26.364 0.4000000060
11407  27.500  -60.935  -24.009 0.4000000060
11408  26.777  -60.966  -23.730 0.5000000000
11395  26.478  -61.381  -23.211 0.5000000000
10822  29.621  -62.765  -28.425 0.4000000060
11444  30.149  -61.882  -26.865 0.4000000060
12074  25.873  -60.843  -23.866 0.5000000000
109332  25.621  -61.378  -23.069 0.5000000000
10761  24.744  -62.339  -21.549 0.5000000000
10762  23.852  -62.230  -21.293 0.6000000238
10777  23.328  -61.740  -22.166 0.6000000238
10746  23.339  -62.720  -20.454 0.6000000238
11398  23.321  -61.429  -23.891 0.6000000238
10748  22.402  -62.254  -20.556 0.5000000000
10235  32.947  -64.113  -27.284 0.4000000060
11360  21.606  -61.655  -20.674 0.5000000000
102223  33.618  -64.476  -26.118 0.4000000060
9053  33.322  -65.654  -24.683 0.4000000060
12121  27.516  -60.676  -26.931 0.4000000060
104785  26.941  -60.426  -26.381 0.5000000000
12086  25.753  -60.516  -24.905 0.5000000000
11381  24.762  -61.465  -22.887 0.5000000000
12102  24.814  -60.594  -25.427 0.5000000000
11382  23.837  -61.559  -22.856 0.6000000238
12088  23.892  -60.874  -25.109 0.6000000238
11409  23.993  -61.071  -24.224 0.6000000238
5589  34.454  -71.191  -24.390 0.3000000119
6756  36.134  -69.987  -26.227 0.3000000119
8485  36.244  -66.641  -26.722 0.3000000119
10847  28.590  -63.024  -29.854 0.4000000060
11462  27.863  -62.251  -29.014 0.4000000060
114840  27.701  -61.178  -27.767 0.4000000060
12141  26.881  -61.002  -28.103 0.4000000060
12122  26.205  -60.404  -26.450 0.5000000000
103071  26.603  -60.578  -27.163 0.4000000060
101969  25.627  -60.396  -25.847 0.5000000000
10763  22.976  -61.986  -21.311 0.6000000238
10730  21.623  -62.481  -19.918 0.5000000000
11447  27.404  -61.642  -28.659 0.4000000060
11406  28.433  -61.043  -24.468 0.4000000060
10166  23.155  -63.443  -19.809 0.5000000000
8470  35.752  -67.015  -26.075 0.3000000119
11446  28.372  -61.675  -28.018 0.4000000060
109262  26.697  -60.600  -24.435 0.5000000000
11396  24.879  -61.042  -23.625 0.6000000238
9640  34.344  -64.906  -26.515 0.4000000060
10227  32.521  -63.671  -25.848 0.4000000060
10745  24.316  -62.868  -20.726 0.5000000000
10760  25.625  -62.613  -21.587 0.5000000000
10776  24.114  -61.892  -21.993 0.6000000238
10786  29.226  -62.862  -23.590 0.4000000060
10815  30.704  -62.234  -26.474 0.4000000060
10838  28.303  -62.687  -29.432 0.4000000060
10839  27.776  -62.345  -29.685 0.4000000060
10859  27.678  -62.204  -29.937 0.4000000060
11313  13.707  -61.150  -14.224 0.4000000060
11346  21.039  -61.931  -20.016 0.5000000000
11347  20.349  -61.578  -19.844 0.6000000238
11349  18.748  -61.292  -19.445 0.6000000238
11370  22.405  -61.612  -22.357 0.6999999881
11380  26.241  -61.858  -22.610 0.5000000000
11385  18.677  -61.187  -23.613 0.6000000238
11393  28.043  -61.648  -23.650 0.4000000060
11394  27.262  -61.470  -23.404 0.5000000000
11397  24.135  -61.299  -23.479 0.6000000238
11411  21.388  -61.624  -25.076 0.6999999881
11413  19.611  -61.477  -24.665 0.8000000119
11420  30.240  -61.787  -25.973 0.4000000060
11421  29.649  -61.364  -25.628 0.4000000060
11422  28.955  -60.882  -25.397 0.4000000060
11432  21.072  -61.159  -26.553 0.6999999881
11461  28.734  -62.452  -28.647 0.4000000060
12002  15.488  -60.638  -15.795 0.3000000119
12004  13.311  -61.200  -15.669 0.4000000060
12012  14.945  -60.631  -16.362 0.5000000000
12014  13.218  -60.646  -16.473 0.3000000119
12035  19.896  -60.871  -19.940 0.6000000238
12037  18.392  -60.405  -19.599 0.6000000238
12041  14.267  -60.399  -19.828 0.6000000238
12047  20.976  -60.946  -21.096 0.6000000238
12057  20.249  -60.391  -21.299 0.6000000238
12065  18.617  -60.634  -22.957 0.6999999881
12075  18.383  -60.746  -23.717 0.6000000238
12084  28.226  -60.575  -25.333 0.4000000060
12087  24.845  -60.755  -24.502 0.6000000238
12100  27.575  -60.426  -25.872 0.4000000060
12101  26.640  -60.370  -25.521 0.5000000000
12104  22.911  -61.218  -25.738 0.6000000238
12120  28.378  -61.007  -27.093 0.4000000060
12123  25.403  -60.403  -26.686 0.6000000238
12142  26.076  -60.610  -27.977 0.5000000000
12144  24.228  -60.211  -27.735 0.6000000238
12158  26.478  -60.951  -29.145 0.5000000000
12666  14.023  -59.550  -17.352 0.5000000000
12688  18.101  -59.391  -20.567 0.5000000000
12689  17.521  -59.315  -20.333 0.6999999881
12690  16.247  -59.373  -20.036 0.6000000238
12722  18.802  -59.863  -23.928 0.6000000238
12750  20.352  -59.623  -27.254 0.6000000238
12754  21.319  -59.319  -28.155 0.6999999881
12758  20.654  -58.808  -28.120 0.6000000238
12766  25.188  -59.814  -29.004 0.6000000238
13225  15.473  -59.086  -17.480 0.4000000060
13260  15.832  -58.682  -20.689 0.6999999881
13271  15.807  -58.007  -21.441 0.6999999881
13273  13.751  -58.290  -21.069 0.6999999881
13280  19.348  -58.040  -22.901 0.6999999881
13282  18.063  -58.626  -22.433 0.8000000119
13283  17.091  -58.028  -22.140 0.6999999881
13304  22.122  -58.807  -24.377 0.6000000238
13334  25.974  -58.958  -29.375 0.5000000000
13859  18.784  -57.941  -17.110 0.4000000060
13860  18.326  -58.169  -17.468 0.4000000060
13861  17.529  -58.158  -17.865 0.4000000060
13873  12.880  -57.405  -18.780 0.5000000000
13909  13.142  -57.810  -21.446 0.6000000238
13918  17.989  -57.728  -22.615 0.6999999881
13937  18.332  -56.954  -22.977 0.8000000119
13940  16.053  -56.862  -22.906 0.8000000119
13947  24.249  -57.388  -24.649 0.6000000238
13957  22.205  -57.085  -26.915 0.5000000000
13962  21.074  -57.612  -28.146 0.5000000000
13966  22.085  -57.042  -29.186 0.4000000060
14506  19.800  -56.925  -17.586 0.3000000119
14517  16.794  -57.082  -18.809 0.4000000060
14520  13.478  -56.880  -19.125 0.5000000000
14529  17.217  -56.490  -19.273 0.4000000060
14534  12.336  -56.375  -19.504 0.5000000000
14570  25.138  -56.362  -23.903 0.6000000238
14572  23.877  -56.753  -23.381 0.6000000238
14579  14.611  -55.783  -23.912 0.6999999881
14580  13.786  -55.780  -23.714 0.6000000238
14591  25.338  -56.420  -24.523 0.5000000000
14593  15.541  -55.577  -24.338 0.6999999881
14596  24.806  -56.873  -25.179 0.5000000000
15161  18.689  -55.998  -19.705 0.4000000060
15181  16.267  -55.583  -20.178 0.4000000060
15182  15.561  -55.442  -20.345 0.4000000060
15186  11.045  -55.022  -20.414 0.5000000000
15214  24.964  -55.794  -23.612 0.6000000238
15219  19.842  -55.470  -23.398 0.6999999881
15222  17.252  -55.618  -24.166 0.8000000119
15228  9.663  -54.588  -23.583 0.5000000000
15235  18.475  -54.800  -24.286 0.6999999881
15240  13.335  -54.310  -24.977 0.6000000238
15244  25.901  -55.587  -25.396 0.5000000000
15250  23.367  -55.033  -28.350 0.5000000000
15850  17.389  -54.889  -20.934 0.4000000060
15852  15.329  -54.891  -20.920 0.5000000000
15854  13.485  -54.447  -21.178 0.6000000238
15855  12.628  -54.052  -21.404 0.5000000000
15867  18.615  -54.137  -21.440 0.4000000060
15892  11.025  -53.642  -24.047 0.6000000238
15895  8.324  -54.173  -22.908 0.4000000060
15901  18.945  -53.980  -24.580 0.6000000238
15904  16.099  -54.071  -25.687 0.6000000238
15907  13.134  -53.758  -25.043 0.6000000238
15914  15.651  -53.190  -26.281 0.6000000238
15916  14.482  -53.268  -25.750 0.6999999881
15918  13.254  -53.438  -24.927 0.6000000238
16554  10.055  -53.639  -21.531 0.4000000060
16564  16.317  -53.846  -22.120 0.5000000000
16567  12.587  -52.961  -22.762 0.6999999881
16569  9.971  -53.038  -22.308 0.5000000000
16576  18.147  -53.205  -22.136 0.4000000060
16579  14.584  -52.955  -23.365 0.5000000000
16580  11.516  -52.667  -23.468 0.5000000000
16583  9.297  -53.123  -22.774 0.5000000000
16597  11.203  -52.944  -23.674 0.6000000238
16605  25.945  -53.585  -23.929 0.5000000000
16608  17.248  -53.254  -25.943 0.5000000000
16616  26.458  -53.335  -25.429 0.4000000060
16617  26.314  -54.113  -25.778 0.5000000000
16619  15.795  -51.717  -26.933 0.4000000060
16620  14.890  -52.374  -26.146 0.5000000000
16622  13.833  -52.996  -25.201 0.6999999881
17322  14.173  -51.871  -24.554 0.5000000000
17323  13.704  -52.415  -24.153 0.6999999881
17324  12.611  -52.756  -23.750 0.5000000000
17332  26.415  -52.333  -24.322 0.3000000119
17337  14.458  -51.911  -25.119 0.6000000238
17339  13.120  -52.935  -24.196 0.6999999881
17348  17.433  -52.014  -26.218 0.4000000060
17350  15.675  -50.774  -26.933 0.4000000060
17353  14.186  -52.491  -25.267 0.6999999881
17354  13.480  -53.215  -25.076 0.6000000238
18096  17.927  -50.643  -23.280 0.4000000060
18105  25.142  -51.285  -23.353 0.3000000119
18107  23.717  -51.533  -23.338 0.3000000119
18121  19.093  -50.843  -25.209 0.3000000119
18123  15.773  -49.908  -26.122 0.4000000060
18914  20.692  -50.510  -24.266 0.4000000060
18915  18.004  -48.954  -24.507 0.4000000060
18927  18.061  -48.920  -25.019 0.4000000060
18928  17.463  -49.235  -25.276 0.4000000060
18938  17.853  -49.302  -25.499 0.4000000060
18939  17.434  -49.494  -25.725 0.4000000060
18946  26.084  -50.754  -26.850 0.4000000060
19731  18.491  -48.818  -23.844 0.3000000119
19767  26.855  -49.773  -26.084 0.5000000000
19769  17.725  -49.110  -25.385 0.4000000060
20626  19.315  -48.275  -24.149 0.3000000119
102051  17.020  -56.295  -23.644 0.8999999762
102621  21.999  -52.858  -23.544 0.4000000060
102773  28.604  -61.693  -30.391 0.4000000060
103323  21.664  -61.479  -22.448 0.6999999881
104408  21.383  -56.156  -22.901 0.5000000000
104529  10.807  -52.764  -22.613 0.5000000000
105597  11.863  -56.730  -22.468 0.5000000000
106028  15.812  -54.834  -25.079 0.6999999881
107147  22.690  -55.242  -23.054 0.4000000060
107905  26.605  -52.028  -25.937 0.4000000060
109075  14.417  -54.043  -25.624 0.6000000238
111891  24.524  -48.984  -27.790 0.4000000060
112986  16.573  -60.065  -19.553 0.6000000238
113158  14.461  -58.074  -21.232 0.6999999881
113334  20.101  -54.762  -23.606 0.5000000000
113461  24.603  -61.798  -22.276 0.5000000000
114670  23.946  -54.917  -23.267 0.5000000000
115237  9.301  -53.424  -21.960 0.4000000060
115605  11.182  -56.986  -22.316 0.5000000000
116756  15.900  -52.593  -26.637 0.5000000000
117262  11.101  -52.529  -23.151 0.5000000000
117668  19.362  -61.231  -23.050 0.6000000238
118725  24.935  -60.208  -28.167 0.5000000000
119616  18.339  -55.632  -20.074 0.4000000060
120552  28.189  -62.675  -29.780 0.4000000060
