#!ascii label  , from subject sub-v1s19x0051301_ses-1 vox2ras=TkReg
917
57722  18.052  -6.814  60.885 0.0000000000
47375  7.927  -16.609  43.389 0.0000000000
51224  9.421  -12.557  58.503 0.0000000000
56699  10.989  -7.745  54.030 0.0000000000
59953  6.443  -4.170  47.293 0.0000000000
123202  14.084  -11.306  62.133 0.0000000000
55583  10.993  -8.981  61.135 0.0000000000
54559  21.430  -9.113  58.239 0.0000000000
52272  16.642  -11.860  58.621 0.0000000000
49171  12.801  -14.759  58.610 0.0000000000
59888  7.192  -4.879  55.645 0.0000000000
56719  7.985  -7.561  50.323 0.0000000000
62753  7.205  -1.085  51.745 0.0000000000
51246  6.621  -11.678  53.010 0.0000000000
52355  9.660  -11.837  50.863 0.0000000000
53422  12.296  -10.501  56.312 0.0000000000
129472  8.695  -6.474  58.844 0.0000000000
52399  12.129  -11.081  47.514 0.0000000000
122430  7.234  -10.764  45.342 0.0000000000
56811  6.264  -7.504  42.769 0.0000000000
60864  8.147  -2.983  45.166 0.0000000000
55569  15.780  -9.334  61.663 0.0000000000
56651  14.928  -8.203  62.162 0.0000000000
55587  19.735  -8.294  59.320 0.0000000000
53407  18.934  -9.289  57.969 0.0000000000
53399  17.291  -9.854  60.113 0.0000000000
52263  15.659  -12.138  60.944 0.0000000000
121121  7.230  -3.957  53.521 0.0000000000
51235  7.975  -12.408  56.125 0.0000000000
52300  9.113  -11.422  55.131 0.0000000000
52284  10.167  -11.606  57.439 0.0000000000
58813  10.706  -6.021  61.468 0.0000000000
56666  9.823  -7.666  60.463 0.0000000000
49163  10.580  -14.267  59.496 0.0000000000
49183  9.987  -14.777  57.424 0.0000000000
50250  8.368  -13.385  57.037 0.0000000000
50258  6.795  -13.128  54.962 0.0000000000
53476  12.331  -10.118  52.215 0.0000000000
52385  11.497  -11.818  49.045 0.0000000000
55629  12.218  -8.674  50.465 0.0000000000
57859  6.929  -6.346  48.626 0.0000000000
55645  7.929  -8.046  47.815 0.0000000000
127451  6.466  -7.438  46.170 0.0000000000
54663  6.318  -9.214  43.898 0.0000000000
57899  6.303  -5.912  44.448 0.0000000000
51214  11.778  -12.499  60.457 0.0000000000
52264  11.506  -11.286  60.569 0.0000000000
54544  13.202  -9.744  62.044 0.0000000000
57721  12.868  -6.506  62.240 0.0000000000
54581  22.899  -9.810  56.966 0.0000000000
53445  21.709  -10.206  54.358 0.0000000000
53418  19.960  -9.542  56.033 0.0000000000
52280  17.644  -10.220  56.886 0.0000000000
50230  15.313  -13.521  58.729 0.0000000000
116497  13.130  -13.719  60.872 0.0000000000
114318  8.200  -7.409  54.511 0.0000000000
131628  9.812  -7.930  51.897 0.0000000000
57792  6.965  -6.661  53.438 0.0000000000
58928  6.595  -5.376  51.802 0.0000000000
117595  6.570  -3.520  50.053 0.0000000000
58825  19.812  -5.248  59.448 0.0000000000
53440  27.276  -10.428  54.462 0.0000000000
54576  27.589  -9.304  56.610 0.0000000000
55591  23.717  -8.408  59.014 0.0000000000
57736  22.020  -6.700  59.433 0.0000000000
131564  5.989  -13.857  49.914 0.0000000000
131468  7.077  -13.413  49.459 0.0000000000
131005  7.726  -11.929  51.640 0.0000000000
52308  10.798  -10.921  53.155 0.0000000000
54594  12.462  -9.046  55.558 0.0000000000
54555  11.801  -9.444  59.443 0.0000000000
55602  11.657  -8.510  57.859 0.0000000000
56689  10.086  -7.677  56.229 0.0000000000
57753  7.835  -5.901  57.462 0.0000000000
49306  9.287  -14.292  48.341 0.0000000000
49338  11.148  -14.893  46.605 0.0000000000
121009  10.791  -14.354  44.684 0.0000000000
55642  10.582  -8.470  48.419 0.0000000000
53579  9.969  -10.961  45.746 0.0000000000
128614  8.296  -13.562  44.259 0.0000000000
51332  6.231  -12.233  43.902 0.0000000000
52473  6.586  -11.283  42.099 0.0000000000
64792  6.917  0.351  50.909 0.0000000000
62785  6.997  -1.383  48.483 0.0000000000
62794  8.864  -1.349  47.332 0.0000000000
61868  6.264  -2.764  45.660 0.0000000000
117187  5.981  -4.188  43.299 0.0000000000
117133  16.657  -8.161  61.181 0.0000000000
56655  16.260  -7.407  61.565 0.0000000000
57723  17.454  -6.780  61.136 0.0000000000
55580  19.047  -8.012  59.821 0.0000000000
54549  18.862  -8.764  59.378 0.0000000000
55582  17.566  -9.081  60.117 0.0000000000
54546  16.769  -9.483  60.701 0.0000000000
46466  6.050  -17.712  42.771 0.0000000000
47376  6.931  -16.143  42.881 0.0000000000
51232  8.445  -12.458  56.796 0.0000000000
52286  8.401  -12.075  56.559 0.0000000000
52275  9.438  -12.084  58.604 0.0000000000
118535  23.929  -10.249  53.400 0.0000000000
50232  9.437  -13.387  58.662 0.0000000000
49174  9.412  -14.087  58.683 0.0000000000
50233  8.991  -12.964  58.025 0.0000000000
50243  8.275  -12.783  56.687 0.0000000000
55618  12.254  -8.448  53.267 0.0000000000
54607  12.523  -9.185  51.833 0.0000000000
55627  11.743  -8.136  51.845 0.0000000000
113668  6.743  -5.832  47.966 0.0000000000
114557  6.811  -6.709  47.936 0.0000000000
57875  6.631  -5.986  47.046 0.0000000000
56751  6.404  -6.766  45.758 0.0000000000
58994  6.204  -5.145  45.532 0.0000000000
51210  12.682  -12.094  61.689 0.0000000000
52257  12.452  -11.456  61.587 0.0000000000
53392  13.674  -10.671  62.047 0.0000000000
124078  13.403  -7.009  62.471 0.0000000000
124814  12.525  -5.687  61.188 0.0000000000
54570  21.891  -9.456  57.740 0.0000000000
54582  21.529  -9.669  56.845 0.0000000000
54571  20.882  -9.395  57.552 0.0000000000
126944  17.600  -10.136  58.612 0.0000000000
53411  18.164  -9.637  57.441 0.0000000000
51225  17.051  -11.047  57.355 0.0000000000
51222  16.193  -12.438  59.070 0.0000000000
125745  14.873  -11.701  61.790 0.0000000000
51217  14.883  -12.816  61.168 0.0000000000
51212  13.530  -12.717  61.591 0.0000000000
50199  12.491  -13.097  60.852 0.0000000000
57773  7.371  -6.194  55.606 0.0000000000
56697  7.400  -6.953  54.144 0.0000000000
57783  7.037  -6.299  54.195 0.0000000000
60812  7.289  -3.398  52.762 0.0000000000
59911  6.630  -4.827  52.394 0.0000000000
60821  6.715  -3.516  51.362 0.0000000000
113355  6.530  -3.943  50.828 0.0000000000
122783  6.780  -2.685  51.204 0.0000000000
54567  24.378  -9.388  57.762 0.0000000000
50278  5.945  -12.602  51.785 0.0000000000
129088  6.238  -12.910  50.572 0.0000000000
52339  7.069  -11.696  52.209 0.0000000000
117520  11.224  -11.208  55.793 0.0000000000
117094  10.260  -11.015  53.838 0.0000000000
53435  11.888  -10.766  55.467 0.0000000000
113943  12.213  -10.349  54.808 0.0000000000
53434  12.479  -10.087  55.507 0.0000000000
54551  11.422  -9.776  60.922 0.0000000000
53406  11.508  -10.911  60.019 0.0000000000
127792  11.621  -9.831  60.221 0.0000000000
56667  9.289  -7.142  60.008 0.0000000000
55597  10.936  -8.177  58.828 0.0000000000
56678  9.931  -7.582  58.337 0.0000000000
55609  10.780  -7.795  56.816 0.0000000000
56679  9.123  -7.303  57.739 0.0000000000
56684  8.365  -7.127  56.337 0.0000000000
124884  8.175  -6.392  57.533 0.0000000000
112427  20.832  -10.216  54.424 0.0000000000
53472  20.973  -10.465  52.896 0.0000000000
49181  13.430  -14.571  57.262 0.0000000000
49196  13.455  -14.554  56.375 0.0000000000
111194  12.714  -14.817  56.943 0.0000000000
49213  8.739  -14.426  55.967 0.0000000000
48147  10.573  -14.770  55.511 0.0000000000
51243  6.318  -12.094  53.625 0.0000000000
50269  5.751  -12.980  52.467 0.0000000000
111599  8.576  -12.743  49.701 0.0000000000
48239  8.225  -14.458  48.574 0.0000000000
50295  9.003  -13.075  49.185 0.0000000000
124256  12.061  -11.447  48.318 0.0000000000
51298  11.446  -12.929  47.714 0.0000000000
50316  11.618  -13.300  46.997 0.0000000000
48271  11.297  -15.095  45.874 0.0000000000
123485  11.507  -13.102  45.780 0.0000000000
56718  8.919  -7.883  50.777 0.0000000000
56722  9.996  -7.970  50.185 0.0000000000
115860  8.899  -7.935  49.852 0.0000000000
53568  8.110  -9.584  46.223 0.0000000000
54642  9.507  -9.572  46.698 0.0000000000
53580  8.903  -10.707  45.781 0.0000000000
51321  9.517  -12.256  44.904 0.0000000000
129769  7.464  -11.888  44.791 0.0000000000
50352  6.398  -13.045  43.998 0.0000000000
52445  6.516  -11.476  44.445 0.0000000000
54669  6.240  -8.790  43.328 0.0000000000
125448  6.479  -10.386  43.099 0.0000000000
54673  6.689  -9.826  42.382 0.0000000000
131788  7.239  0.256  50.248 0.0000000000
63777  6.721  -0.854  49.505 0.0000000000
63785  8.074  -0.623  48.867 0.0000000000
62829  9.977  -2.091  45.948 0.0000000000
61851  8.105  -2.116  46.197 0.0000000000
61852  7.059  -2.088  46.246 0.0000000000
61882  6.995  -2.884  45.064 0.0000000000
60878  6.030  -3.353  44.446 0.0000000000
60890  6.945  -3.549  43.683 0.0000000000
110425  14.820  -10.230  61.662 0.0000000000
54542  14.502  -9.836  61.919 0.0000000000
55570  15.326  -9.203  61.982 0.0000000000
55586  20.656  -8.044  59.286 0.0000000000
54560  20.553  -9.154  58.296 0.0000000000
54553  19.284  -8.933  58.904 0.0000000000
114838  18.020  -9.763  58.932 0.0000000000
53404  17.379  -10.378  59.234 0.0000000000
52267  16.476  -11.771  59.548 0.0000000000
53401  16.278  -10.868  60.476 0.0000000000
53396  15.677  -10.581  61.023 0.0000000000
60792  7.993  -3.522  55.771 0.0000000000
59895  7.078  -4.839  54.687 0.0000000000
60798  7.959  -3.512  54.711 0.0000000000
61799  8.303  -2.369  53.517 0.0000000000
61806  7.789  -1.618  52.700 0.0000000000
51238  6.988  -11.900  54.755 0.0000000000
52312  7.293  -11.302  53.533 0.0000000000
52292  7.995  -11.912  55.649 0.0000000000
52285  9.385  -11.713  56.856 0.0000000000
52283  11.228  -11.299  57.501 0.0000000000
56658  10.614  -7.327  61.614 0.0000000000
55584  10.376  -8.329  60.881 0.0000000000
56660  9.787  -6.959  61.180 0.0000000000
57740  9.126  -6.593  60.262 0.0000000000
57741  8.804  -6.091  59.899 0.0000000000
58846  8.289  -5.363  58.796 0.0000000000
49172  11.128  -14.770  59.049 0.0000000000
48132  10.995  -15.086  57.255 0.0000000000
113350  9.801  -14.572  58.318 0.0000000000
49198  8.886  -14.371  57.042 0.0000000000
49214  7.865  -14.059  55.656 0.0000000000
49215  7.229  -13.664  55.286 0.0000000000
49200  7.622  -13.569  55.966 0.0000000000
50255  6.876  -12.362  54.953 0.0000000000
52336  11.420  -11.056  51.639 0.0000000000
52370  10.828  -11.865  49.764 0.0000000000
53504  12.114  -10.709  51.057 0.0000000000
53520  12.443  -10.216  49.644 0.0000000000
133006  12.341  -9.728  48.538 0.0000000000
56726  7.270  -7.007  49.440 0.0000000000
56724  8.188  -7.757  49.270 0.0000000000
56734  7.180  -7.214  48.533 0.0000000000
55650  7.379  -8.185  47.160 0.0000000000
110709  7.122  -8.910  45.713 0.0000000000
53582  6.697  -10.212  44.936 0.0000000000
55670  6.524  -8.474  45.195 0.0000000000
56780  6.336  -7.427  44.431 0.0000000000
126726  6.269  -6.885  43.561 0.0000000000
124025  9.837  -3.789  44.692 0.0000000000
60889  8.174  -3.894  43.845 0.0000000000
59979  9.905  -4.695  43.336 0.0000000000
50212  10.438  -12.987  59.445 0.0000000000
52269  10.426  -11.949  59.717 0.0000000000
52261  11.575  -11.916  60.518 0.0000000000
53394  12.086  -10.644  61.411 0.0000000000
54545  12.150  -9.783  61.707 0.0000000000
54543  14.087  -9.370  62.313 0.0000000000
56654  12.413  -7.917  62.291 0.0000000000
56657  11.377  -8.063  61.937 0.0000000000
130066  12.033  -6.371  61.906 0.0000000000
53430  23.784  -9.954  55.061 0.0000000000
53443  23.193  -10.082  54.430 0.0000000000
54598  22.099  -9.972  55.093 0.0000000000
53419  19.081  -9.251  57.191 0.0000000000
53431  18.940  -9.647  55.963 0.0000000000
53432  18.504  -10.116  55.382 0.0000000000
50231  14.805  -13.891  58.137 0.0000000000
49170  13.722  -14.480  58.734 0.0000000000
114027  15.533  -13.077  60.104 0.0000000000
50221  14.418  -13.815  60.086 0.0000000000
49161  12.934  -14.613  59.411 0.0000000000
49153  11.878  -14.122  60.279 0.0000000000
50222  10.421  -13.728  59.567 0.0000000000
56695  10.039  -7.785  54.446 0.0000000000
113866  9.977  -7.915  53.104 0.0000000000
56701  9.131  -7.865  53.768 0.0000000000
56707  8.252  -7.726  52.337 0.0000000000
56708  7.438  -7.297  52.045 0.0000000000
58910  6.672  -5.329  53.230 0.0000000000
57802  6.724  -6.191  52.121 0.0000000000
57824  7.253  -6.724  50.803 0.0000000000
126293  6.723  -5.440  50.397 0.0000000000
118186  6.712  -5.049  49.607 0.0000000000
59946  6.610  -4.100  48.234 0.0000000000
57732  18.579  -6.392  60.407 0.0000000000
53441  25.562  -10.115  54.575 0.0000000000
55610  29.555  -8.327  54.763 0.0000000000
55604  28.845  -8.319  55.917 0.0000000000
54588  28.654  -9.453  55.301 0.0000000000
53414  27.705  -9.834  56.149 0.0000000000
120676  26.467  -10.113  55.972 0.0000000000
53429  24.769  -9.928  55.164 0.0000000000
54568  23.535  -9.445  57.778 0.0000000000
54558  22.359  -8.943  58.377 0.0000000000
56671  23.129  -7.749  59.237 0.0000000000
55585  21.576  -7.971  59.256 0.0000000000
56664  21.021  -7.491  59.641 0.0000000000
132523  20.061  -7.007  60.027 0.0000000000
51256  7.774  -12.272  50.937 0.0000000000
52356  8.651  -11.877  51.284 0.0000000000
52323  8.209  -11.075  53.047 0.0000000000
52322  9.182  -11.003  52.660 0.0000000000
125820  10.535  -11.298  51.775 0.0000000000
53477  11.646  -10.704  52.540 0.0000000000
54602  12.480  -9.361  53.463 0.0000000000
55616  11.718  -7.953  54.466 0.0000000000
52273  11.000  -11.442  59.606 0.0000000000
53410  11.738  -10.780  59.095 0.0000000000
53412  12.348  -10.259  57.770 0.0000000000
116586  11.350  -8.782  59.499 0.0000000000
55596  11.870  -8.919  58.688 0.0000000000
54573  12.424  -9.609  57.450 0.0000000000
55612  12.112  -8.540  56.282 0.0000000000
56688  11.284  -7.906  55.959 0.0000000000
56694  10.938  -7.711  54.997 0.0000000000
56690  9.084  -7.571  55.837 0.0000000000
57772  7.771  -6.597  55.983 0.0000000000
58883  7.232  -5.499  56.063 0.0000000000
58847  8.072  -4.880  58.463 0.0000000000
59877  7.694  -4.658  57.473 0.0000000000
59881  7.361  -4.801  56.583 0.0000000000
49223  13.283  -14.754  54.558 0.0000000000
48137  11.523  -14.957  56.660 0.0000000000
51287  10.081  -12.871  48.958 0.0000000000
49323  9.982  -14.871  47.821 0.0000000000
117825  9.795  -15.230  44.168 0.0000000000
56716  11.356  -8.034  51.362 0.0000000000
55635  11.475  -8.520  49.144 0.0000000000
54628  11.362  -9.338  47.557 0.0000000000
55643  9.429  -8.321  48.192 0.0000000000
54629  10.391  -9.241  47.193 0.0000000000
53565  10.891  -10.636  46.237 0.0000000000
51320  10.516  -12.584  45.021 0.0000000000
50351  9.373  -13.651  44.356 0.0000000000
49379  7.687  -14.602  43.675 0.0000000000
49380  6.505  -14.018  43.393 0.0000000000
53597  6.475  -10.709  44.438 0.0000000000
111510  6.044  -12.335  42.622 0.0000000000
63739  6.912  0.447  52.699 0.0000000000
65869  6.906  1.081  52.165 0.0000000000
130264  6.674  -0.353  51.330 0.0000000000
62766  6.595  -1.434  49.868 0.0000000000
61834  6.626  -2.394  48.726 0.0000000000
60849  6.409  -3.206  47.442 0.0000000000
62795  7.912  -1.470  47.608 0.0000000000
61853  6.613  -2.227  46.620 0.0000000000
123593  6.172  -3.275  46.466 0.0000000000
59965  5.866  -4.179  45.096 0.0000000000
59000  5.915  -5.137  44.010 0.0000000000
59011  5.936  -5.752  42.694 0.0000000000
59022  6.347  -5.840  41.538 0.0000000000
55575  17.567  -7.677  60.841 0.0000000000
121729  16.978  -7.238  61.330 0.0000000000
56659  18.539  -7.428  60.500 0.0000000000
55581  18.029  -8.306  60.180 0.0000000000
55576  17.163  -8.731  60.723 0.0000000000
46464  7.963  -17.465  43.672 0.0000000000
118943  6.922  -17.151  43.008 0.0000000000
51228  9.059  -12.348  57.996 0.0000000000
53442  24.645  -10.105  54.067 0.0000000000
117761  24.681  -10.306  53.219 0.0000000000
51229  8.708  -12.586  57.405 0.0000000000
55619  11.731  -7.981  53.581 0.0000000000
55623  11.857  -8.097  52.627 0.0000000000
58977  6.447  -5.118  47.182 0.0000000000
57887  6.345  -6.023  46.126 0.0000000000
58985  6.353  -5.206  46.331 0.0000000000
52255  13.843  -11.837  62.212 0.0000000000
52256  13.262  -11.529  62.064 0.0000000000
52271  17.247  -10.630  58.593 0.0000000000
52276  17.421  -10.317  57.883 0.0000000000
120682  16.984  -11.188  58.176 0.0000000000
51226  16.682  -11.932  57.696 0.0000000000
119893  16.363  -12.435  58.289 0.0000000000
52254  14.389  -11.754  62.067 0.0000000000
51207  14.757  -12.194  61.776 0.0000000000
51208  14.001  -12.235  62.062 0.0000000000
51209  13.324  -12.191  62.039 0.0000000000
58898  7.138  -5.692  55.011 0.0000000000
130051  7.308  -6.432  54.819 0.0000000000
61807  7.306  -2.342  52.233 0.0000000000
60820  7.062  -3.025  51.824 0.0000000000
61812  6.850  -2.000  51.482 0.0000000000
111659  6.368  -12.138  52.104 0.0000000000
52289  11.129  -11.072  55.006 0.0000000000
56673  9.133  -7.090  58.920 0.0000000000
56674  8.613  -6.734  58.078 0.0000000000
113489  13.365  -14.583  58.026 0.0000000000
49182  12.673  -14.796  57.767 0.0000000000
49224  8.621  -14.503  54.823 0.0000000000
51247  6.078  -12.267  52.723 0.0000000000
51267  8.836  -12.287  50.344 0.0000000000
51274  9.477  -12.570  49.591 0.0000000000
126518  11.747  -12.596  47.152 0.0000000000
121940  11.819  -11.927  46.907 0.0000000000
51310  11.694  -12.689  46.407 0.0000000000
52428  11.618  -11.912  46.222 0.0000000000
56713  8.084  -7.661  51.403 0.0000000000
116856  7.621  -9.509  45.891 0.0000000000
53581  7.901  -10.277  45.799 0.0000000000
117946  7.919  -11.243  45.349 0.0000000000
52432  6.976  -11.391  44.970 0.0000000000
55704  6.273  -8.419  42.804 0.0000000000
54674  6.431  -9.525  42.804 0.0000000000
64790  8.752  0.584  50.584 0.0000000000
64803  8.143  0.306  50.028 0.0000000000
63776  7.573  -0.169  49.623 0.0000000000
63775  8.701  -0.182  49.375 0.0000000000
61865  8.862  -2.400  45.736 0.0000000000
61866  7.532  -2.431  45.674 0.0000000000
60877  6.491  -3.184  44.353 0.0000000000
60876  7.514  -3.285  44.421 0.0000000000
54540  15.341  -9.808  61.563 0.0000000000
54541  14.952  -9.650  61.819 0.0000000000
132738  15.927  -6.698  61.662 0.0000000000
54552  20.145  -8.661  58.782 0.0000000000
54550  18.016  -9.257  59.576 0.0000000000
54554  18.477  -9.340  59.105 0.0000000000
53403  17.721  -9.825  59.446 0.0000000000
113800  17.277  -10.310  59.805 0.0000000000
52266  16.820  -10.936  59.835 0.0000000000
53400  16.881  -10.427  60.179 0.0000000000
54547  15.936  -9.773  61.175 0.0000000000
131208  15.502  -10.125  61.297 0.0000000000
53390  15.188  -10.510  61.448 0.0000000000
62741  8.886  -1.986  54.319 0.0000000000
62746  8.599  -1.418  53.407 0.0000000000
52293  7.348  -11.824  55.043 0.0000000000
125463  10.744  -11.450  56.570 0.0000000000
57730  10.367  -6.623  61.493 0.0000000000
124354  9.953  -7.707  61.029 0.0000000000
57734  9.323  -6.438  60.779 0.0000000000
57735  8.873  -5.719  60.366 0.0000000000
58834  8.465  -5.334  59.636 0.0000000000
49173  10.168  -14.476  58.913 0.0000000000
49185  8.726  -13.511  57.734 0.0000000000
49184  9.034  -14.193  57.977 0.0000000000
121628  8.516  -13.902  57.371 0.0000000000
49199  8.130  -13.864  56.596 0.0000000000
50251  7.897  -13.236  56.276 0.0000000000
120821  7.769  -12.639  55.973 0.0000000000
119251  7.334  -12.205  55.487 0.0000000000
53490  12.055  -10.604  51.781 0.0000000000
52353  11.541  -11.202  50.733 0.0000000000
131674  12.319  -8.715  51.243 0.0000000000
53503  12.475  -10.088  50.533 0.0000000000
54609  12.486  -9.358  50.021 0.0000000000
53534  12.438  -10.293  48.806 0.0000000000
54615  12.411  -9.533  49.189 0.0000000000
57843  7.091  -6.420  49.437 0.0000000000
128501  7.010  -6.846  48.826 0.0000000000
111036  6.466  -6.933  46.832 0.0000000000
56742  6.880  -7.347  47.564 0.0000000000
55651  6.724  -7.764  46.840 0.0000000000
54645  7.053  -8.399  46.441 0.0000000000
55660  6.589  -8.120  45.993 0.0000000000
57898  6.288  -5.933  45.245 0.0000000000
56764  6.394  -6.706  44.873 0.0000000000
121171  6.321  -6.727  44.140 0.0000000000
131405  6.290  -7.400  43.854 0.0000000000
60863  10.323  -3.203  45.153 0.0000000000
60874  10.755  -3.871  44.709 0.0000000000
60887  10.348  -4.321  44.103 0.0000000000
51218  11.049  -12.436  59.913 0.0000000000
53393  12.798  -10.667  61.816 0.0000000000
52260  11.918  -11.366  61.079 0.0000000000
55571  14.736  -9.191  62.213 0.0000000000
55572  14.136  -8.479  62.435 0.0000000000
56653  13.353  -7.772  62.460 0.0000000000
126764  12.749  -7.183  62.444 0.0000000000
56656  11.805  -7.063  62.217 0.0000000000
54590  23.358  -9.922  56.041 0.0000000000
54597  22.888  -9.939  55.100 0.0000000000
54591  22.523  -10.003  55.956 0.0000000000
54593  20.970  -9.839  55.978 0.0000000000
54561  19.657  -9.143  58.410 0.0000000000
54572  19.902  -9.325  57.775 0.0000000000
53420  18.481  -9.617  56.674 0.0000000000
130114  18.215  -9.929  56.185 0.0000000000
53421  17.641  -10.297  55.996 0.0000000000
52282  16.392  -11.612  56.269 0.0000000000
130360  14.309  -14.216  58.426 0.0000000000
49159  14.536  -14.061  59.066 0.0000000000
52262  16.150  -11.642  60.348 0.0000000000
51215  15.948  -12.477  60.106 0.0000000000
51216  15.454  -12.729  60.742 0.0000000000
50208  14.285  -13.363  60.880 0.0000000000
50207  14.988  -13.258  60.465 0.0000000000
115285  13.686  -13.880  60.608 0.0000000000
49160  13.746  -14.282  59.715 0.0000000000
49152  12.880  -14.216  60.279 0.0000000000
124137  12.235  -14.506  59.798 0.0000000000
50200  11.946  -12.976  60.554 0.0000000000
50210  11.793  -13.543  60.450 0.0000000000
50211  11.203  -13.200  60.026 0.0000000000
56696  9.072  -7.723  54.889 0.0000000000
56703  7.539  -7.269  53.067 0.0000000000
57801  6.947  -6.816  52.567 0.0000000000
60799  7.406  -4.083  54.270 0.0000000000
118991  6.988  -4.684  53.816 0.0000000000
57813  6.837  -6.005  51.176 0.0000000000
57825  7.088  -6.191  50.292 0.0000000000
58942  6.525  -5.064  51.045 0.0000000000
59934  6.556  -4.526  50.347 0.0000000000
59939  6.658  -4.069  49.268 0.0000000000
126088  6.770  -4.777  48.823 0.0000000000
60834  6.539  -3.132  49.295 0.0000000000
57739  19.197  -5.826  59.945 0.0000000000
58826  18.891  -5.012  59.595 0.0000000000
53453  27.437  -11.014  53.095 0.0000000000
53454  26.879  -10.744  53.518 0.0000000000
113219  26.310  -10.352  54.119 0.0000000000
55606  27.518  -8.702  56.987 0.0000000000
55605  28.144  -8.315  56.506 0.0000000000
124634  28.197  -8.946  56.274 0.0000000000
54574  28.705  -9.057  55.582 0.0000000000
54575  28.227  -9.450  55.911 0.0000000000
53425  28.418  -9.796  55.365 0.0000000000
53416  26.002  -9.924  56.512 0.0000000000
53428  25.741  -10.040  55.631 0.0000000000
53417  25.154  -9.864  56.290 0.0000000000
54556  24.095  -8.954  58.426 0.0000000000
54557  23.245  -8.976  58.386 0.0000000000
119817  23.013  -8.509  58.976 0.0000000000
57744  22.692  -6.595  59.206 0.0000000000
56662  22.291  -7.473  59.375 0.0000000000
56663  21.676  -7.279  59.506 0.0000000000
58824  20.587  -5.802  59.479 0.0000000000
57738  20.543  -6.815  59.804 0.0000000000
126576  19.953  -6.282  59.813 0.0000000000
57731  19.458  -7.025  60.243 0.0000000000
49293  6.199  -14.472  49.725 0.0000000000
50298  6.147  -13.345  50.058 0.0000000000
51257  6.902  -12.197  51.501 0.0000000000
50285  6.836  -12.618  50.722 0.0000000000
52311  8.184  -11.167  53.846 0.0000000000
52310  9.274  -11.140  54.098 0.0000000000
52309  9.811  -10.972  53.254 0.0000000000
52321  10.159  -11.121  52.489 0.0000000000
52320  10.935  -11.066  52.329 0.0000000000
53464  11.629  -10.636  53.564 0.0000000000
54600  12.501  -9.522  54.604 0.0000000000
53450  12.201  -10.246  53.998 0.0000000000
117167  12.301  -8.535  54.057 0.0000000000
55615  12.240  -8.510  54.916 0.0000000000
52268  11.064  -11.614  60.137 0.0000000000
53405  11.894  -10.157  59.444 0.0000000000
53409  12.139  -10.293  58.549 0.0000000000
53413  11.909  -10.819  58.098 0.0000000000
55589  10.514  -8.281  60.053 0.0000000000
55595  12.189  -9.107  57.916 0.0000000000
55607  12.174  -8.857  57.148 0.0000000000
55608  11.558  -8.184  56.951 0.0000000000
131449  10.590  -7.708  55.624 0.0000000000
118315  9.965  -7.698  55.329 0.0000000000
57761  7.905  -6.477  56.829 0.0000000000
57762  7.467  -5.916  56.636 0.0000000000
53444  22.510  -10.159  54.354 0.0000000000
53456  23.041  -10.249  53.674 0.0000000000
53457  22.139  -10.321  53.677 0.0000000000
49197  12.744  -14.750  56.103 0.0000000000
49210  13.422  -14.604  55.456 0.0000000000
48138  10.723  -14.889  56.499 0.0000000000
50287  5.820  -13.535  50.577 0.0000000000
49279  5.818  -14.314  50.358 0.0000000000
130058  8.103  -15.159  48.438 0.0000000000
49324  8.967  -15.044  48.106 0.0000000000
51273  10.496  -12.306  49.343 0.0000000000
51286  11.147  -12.485  48.528 0.0000000000
50317  11.104  -13.731  47.566 0.0000000000
49305  10.314  -14.088  48.067 0.0000000000
49322  10.777  -14.537  47.375 0.0000000000
48257  10.586  -15.393  47.195 0.0000000000
48272  11.010  -15.721  46.356 0.0000000000
48287  11.250  -14.617  45.227 0.0000000000
48288  10.996  -15.671  45.373 0.0000000000
49363  10.715  -15.094  44.660 0.0000000000
48299  9.598  -16.107  43.969 0.0000000000
56706  10.326  -7.894  52.403 0.0000000000
56712  10.583  -7.902  51.618 0.0000000000
55636  10.483  -8.196  49.336 0.0000000000
55631  11.105  -8.121  49.975 0.0000000000
55641  11.492  -8.872  48.222 0.0000000000
55638  8.437  -8.013  48.425 0.0000000000
55644  8.635  -8.334  47.772 0.0000000000
53566  9.730  -10.262  46.183 0.0000000000
54641  10.337  -9.909  46.629 0.0000000000
53550  11.128  -9.929  46.953 0.0000000000
52429  11.205  -11.461  45.877 0.0000000000
52430  10.373  -11.706  45.387 0.0000000000
51331  8.816  -12.885  44.582 0.0000000000
49365  8.841  -14.388  44.059 0.0000000000
130767  8.001  -14.047  43.991 0.0000000000
125974  7.331  -13.668  43.989 0.0000000000
51345  5.766  -12.864  42.884 0.0000000000
53583  6.570  -9.748  44.463 0.0000000000
124529  6.531  -10.034  43.971 0.0000000000
53622  6.606  -10.668  42.527 0.0000000000
111438  6.342  -11.205  43.159 0.0000000000
52474  6.300  -11.662  42.561 0.0000000000
52489  6.299  -11.993  42.186 0.0000000000
64777  7.162  0.871  51.557 0.0000000000
64778  6.823  0.618  51.718 0.0000000000
63764  6.563  -0.022  50.993 0.0000000000
127707  6.665  -0.788  50.281 0.0000000000
63787  6.728  -1.120  48.934 0.0000000000
62774  6.619  -1.516  49.172 0.0000000000
62786  6.836  -1.674  48.499 0.0000000000
121418  6.636  -2.701  47.902 0.0000000000
124834  6.818  -2.230  47.937 0.0000000000
62793  9.857  -1.169  47.089 0.0000000000
63799  9.493  -0.744  47.787 0.0000000000
63800  8.507  -0.940  48.066 0.0000000000
117157  6.437  -2.384  46.058 0.0000000000
110511  6.253  -2.592  46.256 0.0000000000
60856  6.039  -3.023  45.687 0.0000000000
59964  6.038  -3.952  45.946 0.0000000000
123701  5.969  -3.441  45.182 0.0000000000
115157  5.806  -3.763  43.966 0.0000000000
59983  5.820  -4.483  43.594 0.0000000000
59003  5.907  -5.364  43.304 0.0000000000
59993  5.886  -4.915  42.889 0.0000000000
59981  7.641  -4.293  43.112 0.0000000000
55577  16.398  -9.115  61.354 0.0000000000
56650  15.839  -8.489  61.731 0.0000000000
57724  16.691  -6.522  61.246 0.0000000000
121655  18.319  -8.682  59.740 0.0000000000
47377  6.102  -16.690  42.494 0.0000000000
48312  6.133  -15.630  42.529 0.0000000000
52279  8.745  -12.196  57.366 0.0000000000
52278  9.263  -11.883  57.894 0.0000000000
52277  10.176  -11.639  58.281 0.0000000000
49164  9.854  -13.951  59.159 0.0000000000
49175  9.029  -13.638  58.304 0.0000000000
50242  8.600  -12.995  57.412 0.0000000000
54604  12.467  -9.540  52.642 0.0000000000
53489  12.452  -10.026  51.392 0.0000000000
55622  12.402  -8.752  52.614 0.0000000000
55626  12.180  -8.464  51.888 0.0000000000
111548  11.956  -8.344  51.222 0.0000000000
127442  12.431  -12.508  60.988 0.0000000000
127768  12.184  -11.994  61.063 0.0000000000
56652  14.102  -7.465  62.415 0.0000000000
57720  13.876  -6.580  62.305 0.0000000000
57728  12.679  -6.015  61.727 0.0000000000
58811  13.315  -5.692  61.318 0.0000000000
114669  22.234  -9.698  57.278 0.0000000000
115356  22.184  -9.842  56.596 0.0000000000
54583  20.700  -9.479  56.666 0.0000000000
53408  18.071  -9.662  58.281 0.0000000000
51223  15.954  -12.987  58.464 0.0000000000
52259  15.247  -11.884  61.517 0.0000000000
116837  15.253  -12.316  61.300 0.0000000000
51211  14.176  -12.787  61.469 0.0000000000
50197  13.626  -13.303  61.118 0.0000000000
50209  12.504  -13.694  60.715 0.0000000000
50198  13.058  -13.215  61.101 0.0000000000
51213  12.926  -12.597  61.454 0.0000000000
57782  7.617  -6.824  55.096 0.0000000000
131023  6.734  -6.067  53.613 0.0000000000
59910  6.851  -4.344  53.011 0.0000000000
60813  6.775  -3.921  52.162 0.0000000000
59921  6.554  -4.456  51.515 0.0000000000
130784  6.470  -4.509  50.947 0.0000000000
60827  6.642  -2.997  50.655 0.0000000000
53439  28.068  -10.499  54.072 0.0000000000
54564  27.060  -9.126  57.237 0.0000000000
129094  25.036  -9.376  57.653 0.0000000000
55601  24.980  -8.925  58.281 0.0000000000
55590  24.488  -8.379  58.841 0.0000000000
57737  21.314  -6.466  59.530 0.0000000000
50286  5.932  -12.930  50.891 0.0000000000
51258  6.234  -12.572  51.266 0.0000000000
52290  10.170  -11.420  55.680 0.0000000000
52299  10.212  -11.197  54.617 0.0000000000
52298  11.004  -10.934  54.109 0.0000000000
53451  11.721  -10.676  54.497 0.0000000000
53398  11.699  -10.574  61.021 0.0000000000
53402  11.575  -10.428  60.502 0.0000000000
56672  9.839  -7.613  59.522 0.0000000000
55603  10.845  -7.913  57.679 0.0000000000
115599  9.894  -7.636  57.267 0.0000000000
56683  9.086  -7.480  56.759 0.0000000000
56680  8.469  -7.004  57.193 0.0000000000
53458  21.322  -10.371  53.683 0.0000000000
53459  20.437  -10.395  53.684 0.0000000000
49195  14.130  -14.210  56.715 0.0000000000
125682  12.158  -14.899  56.649 0.0000000000
49212  9.764  -14.659  56.258 0.0000000000
50259  6.341  -12.764  54.248 0.0000000000
49227  6.077  -13.517  53.796 0.0000000000
50262  5.945  -12.786  53.348 0.0000000000
50279  5.716  -13.374  51.528 0.0000000000
50296  7.828  -13.182  49.421 0.0000000000
50309  7.396  -13.866  49.100 0.0000000000
50308  8.540  -13.698  48.841 0.0000000000
50307  9.669  -13.548  48.649 0.0000000000
132698  11.634  -11.966  48.404 0.0000000000
49321  11.348  -14.083  46.787 0.0000000000
50332  11.602  -13.576  46.242 0.0000000000
50343  11.446  -13.788  45.517 0.0000000000
112088  11.138  -13.147  45.250 0.0000000000
113869  8.995  -7.954  51.706 0.0000000000
125794  9.862  -7.936  51.156 0.0000000000
113183  9.858  -8.247  48.889 0.0000000000
54631  8.247  -8.616  47.202 0.0000000000
54643  8.604  -9.256  46.700 0.0000000000
53567  8.752  -9.965  46.266 0.0000000000
52431  9.154  -11.471  45.327 0.0000000000
51322  8.359  -12.060  44.882 0.0000000000
117858  7.527  -12.761  44.484 0.0000000000
51323  6.785  -12.119  44.417 0.0000000000
111540  6.435  -9.771  43.439 0.0000000000
64791  7.616  0.569  50.767 0.0000000000
63765  6.814  -0.197  50.083 0.0000000000
63786  7.010  -0.739  49.121 0.0000000000
62810  9.179  -1.805  46.524 0.0000000000
62811  8.044  -1.809  46.848 0.0000000000
61867  6.623  -2.526  45.641 0.0000000000
61883  6.429  -2.810  44.854 0.0000000000
60865  6.105  -3.200  45.097 0.0000000000
59982  6.135  -3.587  43.795 0.0000000000
114697  14.690  -11.121  61.784 0.0000000000
53391  14.329  -10.553  61.922 0.0000000000
57719  14.718  -6.961  62.216 0.0000000000
55594  21.024  -8.535  58.711 0.0000000000
54562  18.749  -9.309  58.645 0.0000000000
118469  16.917  -11.140  59.021 0.0000000000
53395  16.438  -10.142  60.605 0.0000000000
52258  15.664  -11.452  60.995 0.0000000000
53397  15.200  -11.279  61.457 0.0000000000
60793  7.466  -4.193  55.227 0.0000000000
60805  7.843  -3.306  53.687 0.0000000000
61788  8.456  -2.752  55.150 0.0000000000
61795  8.362  -2.837  54.241 0.0000000000
61800  7.762  -2.669  52.967 0.0000000000
51242  6.786  -11.709  53.967 0.0000000000
52302  7.310  -11.510  54.347 0.0000000000
52301  8.129  -11.475  54.715 0.0000000000
52291  8.924  -11.658  56.029 0.0000000000
53423  11.662  -11.079  56.439 0.0000000000
55579  10.637  -8.265  61.343 0.0000000000
58814  9.857  -6.221  61.208 0.0000000000
56661  9.502  -7.129  60.616 0.0000000000
57747  8.919  -6.617  59.634 0.0000000000
113891  8.593  -5.964  59.219 0.0000000000
110293  11.897  -14.924  58.373 0.0000000000
128836  10.819  -14.933  58.136 0.0000000000
50254  7.289  -12.951  55.620 0.0000000000
51239  6.643  -12.096  54.330 0.0000000000
52337  10.256  -11.554  51.228 0.0000000000
52371  9.987  -12.117  50.077 0.0000000000
52354  10.672  -11.636  50.512 0.0000000000
110438  11.587  -11.425  49.880 0.0000000000
53521  12.179  -10.822  50.170 0.0000000000
52369  12.231  -11.025  49.155 0.0000000000
52384  12.322  -10.831  48.348 0.0000000000
52398  12.338  -10.270  48.087 0.0000000000
56720  7.512  -7.090  50.226 0.0000000000
56725  7.581  -7.334  49.420 0.0000000000
56733  7.713  -7.628  48.549 0.0000000000
56741  7.347  -7.644  47.822 0.0000000000
54644  7.769  -8.913  46.437 0.0000000000
54653  7.103  -10.003  45.397 0.0000000000
54654  6.732  -9.372  45.054 0.0000000000
54662  6.437  -8.828  44.508 0.0000000000
56763  6.389  -7.562  45.299 0.0000000000
56779  6.336  -8.074  44.657 0.0000000000
55682  6.284  -8.191  43.959 0.0000000000
55693  6.292  -7.749  43.326 0.0000000000
123522  6.263  -7.035  43.127 0.0000000000
118424  9.865  -2.603  45.527 0.0000000000
124600  9.315  -3.124  45.185 0.0000000000
60875  8.751  -3.575  44.589 0.0000000000
51221  9.870  -12.771  58.930 0.0000000000
52270  9.858  -12.240  59.050 0.0000000000
51220  10.369  -12.306  59.454 0.0000000000
52265  10.961  -11.922  60.058 0.0000000000
54548  11.655  -9.718  61.227 0.0000000000
55578  11.375  -8.941  61.592 0.0000000000
126227  14.047  -10.057  62.097 0.0000000000
55573  13.244  -8.697  62.303 0.0000000000
55574  12.212  -8.876  62.052 0.0000000000
57729  11.163  -6.522  61.787 0.0000000000
123543  23.814  -10.098  54.173 0.0000000000
54592  21.756  -10.008  55.945 0.0000000000
54599  21.271  -9.959  55.142 0.0000000000
53447  19.106  -10.251  54.529 0.0000000000
54584  19.983  -9.243  56.952 0.0000000000
128517  19.258  -9.376  56.525 0.0000000000
111553  19.477  -9.942  55.241 0.0000000000
52281  16.996  -10.871  56.584 0.0000000000
50241  14.884  -13.696  57.106 0.0000000000
49180  14.112  -14.281  57.768 0.0000000000
51219  15.736  -13.065  59.362 0.0000000000
50220  15.110  -13.512  59.626 0.0000000000
114518  12.080  -14.772  59.203 0.0000000000
49162  11.418  -14.451  59.728 0.0000000000
49154  11.046  -13.994  60.088 0.0000000000
50223  9.965  -13.438  59.080 0.0000000000
56700  10.233  -7.861  53.678 0.0000000000
56705  10.962  -7.821  53.078 0.0000000000
114735  9.255  -7.948  52.621 0.0000000000
56702  8.085  -7.483  53.727 0.0000000000
130328  8.429  -7.723  53.101 0.0000000000
56714  7.497  -7.200  51.109 0.0000000000
58909  6.869  -5.522  54.112 0.0000000000
58919  6.646  -6.184  52.937 0.0000000000
57812  7.056  -6.792  51.677 0.0000000000
58958  6.935  -5.756  49.742 0.0000000000
112605  6.901  -5.614  48.900 0.0000000000
58967  6.548  -4.980  48.091 0.0000000000
128399  18.424  -5.476  60.041 0.0000000000
55611  29.211  -8.644  55.188 0.0000000000
53426  28.032  -10.166  55.166 0.0000000000
53427  27.215  -10.136  55.679 0.0000000000
53415  26.830  -9.858  56.511 0.0000000000
116040  26.465  -10.185  55.133 0.0000000000
54589  24.259  -9.873  56.115 0.0000000000
54580  23.858  -9.811  57.023 0.0000000000
54569  22.692  -9.454  57.796 0.0000000000
56670  23.954  -7.723  59.111 0.0000000000
55592  22.390  -8.234  59.087 0.0000000000
55593  21.759  -8.541  58.711 0.0000000000
56665  20.135  -7.595  59.804 0.0000000000
50297  6.798  -13.108  49.945 0.0000000000
51275  7.751  -12.699  50.158 0.0000000000
52324  7.400  -11.355  52.801 0.0000000000
119011  8.260  -11.458  52.182 0.0000000000
113271  8.954  -10.923  53.357 0.0000000000
52338  9.549  -11.463  51.782 0.0000000000
53463  12.182  -10.217  53.069 0.0000000000
52274  10.174  -11.819  59.153 0.0000000000
120571  11.119  -11.306  58.646 0.0000000000
116372  12.092  -10.769  57.161 0.0000000000
55588  11.118  -9.092  60.455 0.0000000000
54563  12.232  -9.709  58.464 0.0000000000
120943  12.480  -10.196  57.013 0.0000000000
54585  12.499  -9.516  56.453 0.0000000000
127855  12.044  -8.332  55.585 0.0000000000
55613  11.707  -7.992  55.189 0.0000000000
56691  8.279  -7.260  55.456 0.0000000000
57752  8.280  -6.009  58.287 0.0000000000
58858  8.025  -5.432  58.088 0.0000000000
58859  7.726  -5.230  57.604 0.0000000000
58871  7.385  -5.272  56.861 0.0000000000
124806  7.553  -4.187  56.256 0.0000000000
114300  17.588  -6.010  60.500 0.0000000000
53470  23.285  -10.352  52.837 0.0000000000
112024  22.713  -10.449  52.230 0.0000000000
121439  21.746  -10.413  53.107 0.0000000000
48131  11.806  -15.004  57.399 0.0000000000
48146  11.332  -14.835  55.784 0.0000000000
49307  7.379  -14.749  48.950 0.0000000000
50306  10.688  -13.284  48.282 0.0000000000
48258  9.724  -15.742  47.666 0.0000000000
113802  9.325  -16.721  47.453 0.0000000000
126101  8.716  -16.173  43.609 0.0000000000
56711  11.191  -7.898  52.147 0.0000000000
55630  11.596  -8.220  50.606 0.0000000000
56717  10.790  -7.968  50.800 0.0000000000
124095  11.804  -8.426  49.927 0.0000000000
55640  12.108  -9.096  48.739 0.0000000000
127775  12.069  -9.513  48.047 0.0000000000
53549  11.912  -10.086  47.447 0.0000000000
55637  9.026  -8.138  49.036 0.0000000000
54630  9.273  -8.849  47.331 0.0000000000
55649  10.153  -8.660  47.729 0.0000000000
55648  10.853  -8.807  47.758 0.0000000000
52417  11.633  -10.586  46.904 0.0000000000
52416  11.657  -11.274  46.566 0.0000000000
116859  11.274  -12.338  45.619 0.0000000000
51329  10.649  -13.254  44.821 0.0000000000
51330  9.895  -13.028  44.617 0.0000000000
50350  10.349  -13.744  44.559 0.0000000000
49364  10.016  -14.409  44.340 0.0000000000
48300  8.761  -15.366  43.762 0.0000000000
48310  7.812  -15.662  43.375 0.0000000000
48311  6.855  -15.094  42.986 0.0000000000
49381  6.090  -14.711  42.672 0.0000000000
52433  6.713  -10.820  45.017 0.0000000000
52446  6.274  -11.478  43.858 0.0000000000
53609  6.392  -10.647  43.708 0.0000000000
52460  6.046  -12.175  43.230 0.0000000000
63738  7.852  -0.554  52.913 0.0000000000
121881  7.276  -0.479  52.299 0.0000000000
64762  6.753  0.912  52.441 0.0000000000
63751  6.688  0.164  51.845 0.0000000000
129462  6.732  -0.988  51.032 0.0000000000
61813  6.599  -1.875  50.653 0.0000000000
61827  6.548  -2.393  49.788 0.0000000000
60841  6.586  -3.275  48.481 0.0000000000
62784  7.572  -1.119  48.333 0.0000000000
62796  7.302  -1.627  47.871 0.0000000000
62812  7.210  -1.859  47.104 0.0000000000
62797  6.953  -1.994  47.630 0.0000000000
115046  6.471  -2.454  47.075 0.0000000000
131469  6.225  -2.759  46.728 0.0000000000
59959  6.324  -4.331  46.437 0.0000000000
113331  6.204  -4.515  45.802 0.0000000000
58995  6.010  -5.050  44.759 0.0000000000
59972  5.840  -3.588  44.613 0.0000000000
59973  5.738  -4.246  44.299 0.0000000000
57905  6.270  -6.026  43.759 0.0000000000
57912  6.117  -6.289  43.196 0.0000000000
57921  6.142  -6.657  42.715 0.0000000000
110986  6.579  -4.119  43.110 0.0000000000
59010  6.065  -5.416  42.190 0.0000000000
57920  6.040  -6.194  42.115 0.0000000000
57928  6.243  -7.089  42.216 0.0000000000
49337  11.513  -14.378  45.996 0.0000000000
50344  11.073  -13.819  44.909 0.0000000000
51285  11.798  -12.055  47.763 0.0000000000
55634  12.200  -8.851  49.551 0.0000000000
56723  9.668  -8.101  49.470 0.0000000000
60005  6.484  -5.275  41.724 0.0000000000
121536  12.519  -9.267  50.899 0.0000000000
130158  10.678  -11.160  45.785 0.0000000000
130344  7.016  -7.731  47.362 0.0000000000
131707  7.326  -6.726  50.059 0.0000000000
132232  6.597  -5.607  52.513 0.0000000000
132893  10.881  -11.361  51.174 0.0000000000
