#!ascii label  , from subject sub-v1s10x0051155_ses-1 vox2ras=TkReg
388
135632  45.608  -73.323  -31.505 0.0000000000
20744  43.311  -71.480  -40.834 0.0000000000
15229  39.861  -75.842  -39.159 0.0000000000
21877  38.236  -70.682  -37.375 0.0000000000
17287  48.628  -74.123  -39.052 0.0000000000
17288  44.879  -75.009  -39.202 0.0000000000
147198  47.401  -77.447  -39.413 0.0000000000
23038  42.812  -69.228  -36.825 0.0000000000
24195  36.747  -68.573  -34.705 0.0000000000
138215  41.937  -72.212  -34.778 0.0000000000
18369  38.678  -72.951  -38.819 0.0000000000
19536  44.027  -72.048  -38.269 0.0000000000
19562  46.078  -72.231  -39.720 0.0000000000
145960  47.904  -74.404  -43.892 0.0000000000
147357  50.399  -74.974  -30.792 0.0000000000
144455  46.132  -75.031  -33.792 0.0000000000
133541  42.506  -74.522  -34.512 0.0000000000
21815  38.372  -70.164  -30.622 0.0000000000
13126  46.702  -78.591  -38.141 0.0000000000
21891  44.220  -69.779  -38.904 0.0000000000
24205  42.497  -68.482  -36.814 0.0000000000
18337  39.301  -74.183  -36.815 0.0000000000
17293  39.255  -74.475  -39.255 0.0000000000
17273  48.109  -74.808  -37.844 0.0000000000
18383  44.255  -73.704  -38.988 0.0000000000
18351  47.889  -72.827  -37.751 0.0000000000
20720  46.926  -71.451  -37.797 0.0000000000
18382  47.893  -72.834  -38.596 0.0000000000
129749  45.590  -74.175  -43.828 0.0000000000
15176  45.154  -76.049  -33.099 0.0000000000
143589  44.374  -74.752  -34.153 0.0000000000
16193  42.998  -75.195  -32.823 0.0000000000
19495  37.210  -72.139  -35.745 0.0000000000
20666  36.643  -70.956  -33.674 0.0000000000
145516  36.435  -66.903  -34.067 0.0000000000
25371  36.834  -67.939  -31.911 0.0000000000
15208  42.278  -76.699  -38.701 0.0000000000
16256  42.210  -75.531  -39.583 0.0000000000
15224  44.981  -76.331  -38.683 0.0000000000
15203  48.029  -76.958  -37.859 0.0000000000
15238  48.568  -76.050  -39.572 0.0000000000
21875  41.026  -70.178  -37.483 0.0000000000
23028  37.679  -69.923  -36.138 0.0000000000
23025  40.063  -69.214  -36.576 0.0000000000
24193  38.107  -68.071  -35.979 0.0000000000
19592  42.254  -72.970  -43.068 0.0000000000
19470  43.976  -71.737  -33.017 0.0000000000
19494  37.846  -72.772  -36.046 0.0000000000
19541  38.471  -72.164  -38.455 0.0000000000
143144  42.206  -73.999  -39.594 0.0000000000
19555  42.368  -72.528  -39.144 0.0000000000
20726  40.904  -71.479  -38.747 0.0000000000
20709  43.801  -70.489  -37.423 0.0000000000
21882  45.544  -70.430  -37.936 0.0000000000
20736  44.727  -71.257  -39.820 0.0000000000
126682  48.155  -74.559  -41.925 0.0000000000
18406  46.000  -73.754  -41.561 0.0000000000
130043  44.849  -73.467  -41.700 0.0000000000
18415  43.154  -73.238  -42.635 0.0000000000
18292  50.118  -74.084  -30.524 0.0000000000
148700  47.622  -74.429  -31.076 0.0000000000
17202  48.131  -75.105  -32.768 0.0000000000
18308  46.270  -73.137  -33.366 0.0000000000
19481  44.391  -72.589  -34.381 0.0000000000
18321  43.083  -73.559  -35.135 0.0000000000
17239  39.965  -74.699  -36.272 0.0000000000
146123  39.522  -75.242  -35.510 0.0000000000
15196  39.584  -76.678  -37.866 0.0000000000
21834  36.478  -70.020  -32.848 0.0000000000
17162  45.750  -73.781  -30.389 0.0000000000
18282  45.581  -73.714  -29.877 0.0000000000
18294  44.849  -73.402  -30.548 0.0000000000
20738  43.542  -70.721  -40.199 0.0000000000
23066  43.506  -69.646  -39.398 0.0000000000
17259  38.892  -75.153  -37.961 0.0000000000
17246  38.817  -74.487  -37.569 0.0000000000
16259  39.553  -75.169  -39.273 0.0000000000
17257  48.361  -73.904  -37.894 0.0000000000
17258  48.015  -73.590  -37.701 0.0000000000
18364  48.283  -73.334  -37.892 0.0000000000
19551  48.003  -72.633  -37.956 0.0000000000
18398  48.301  -73.630  -39.079 0.0000000000
17361  46.540  -73.952  -45.924 0.0000000000
16181  43.672  -75.723  -32.552 0.0000000000
20694  37.083  -71.615  -36.254 0.0000000000
19488  37.111  -71.849  -35.009 0.0000000000
20681  36.850  -71.447  -35.392 0.0000000000
26736  36.682  -66.718  -32.784 0.0000000000
15207  43.475  -76.792  -38.523 0.0000000000
15206  44.650  -77.010  -38.236 0.0000000000
14183  47.393  -77.966  -38.478 0.0000000000
14165  47.366  -77.884  -37.830 0.0000000000
14164  48.050  -77.251  -38.061 0.0000000000
15202  48.326  -76.616  -38.010 0.0000000000
14194  48.081  -77.078  -38.887 0.0000000000
21874  42.232  -69.966  -37.205 0.0000000000
23040  40.467  -69.668  -37.021 0.0000000000
23039  41.663  -69.402  -36.818 0.0000000000
24208  39.687  -68.416  -36.435 0.0000000000
25439  39.481  -67.584  -36.632 0.0000000000
25440  37.609  -67.158  -36.039 0.0000000000
126515  43.087  -71.743  -34.245 0.0000000000
20660  42.873  -71.353  -33.648 0.0000000000
19478  42.381  -71.604  -34.228 0.0000000000
19520  37.629  -72.492  -37.415 0.0000000000
16254  44.359  -75.593  -39.265 0.0000000000
135683  41.744  -74.813  -39.703 0.0000000000
17289  43.962  -74.627  -39.395 0.0000000000
18368  44.132  -72.907  -38.667 0.0000000000
18385  42.530  -73.241  -39.368 0.0000000000
19554  43.223  -72.732  -38.966 0.0000000000
19556  41.399  -72.219  -39.163 0.0000000000
19537  43.115  -71.952  -38.548 0.0000000000
20724  42.972  -71.158  -38.047 0.0000000000
20723  43.898  -71.271  -37.802 0.0000000000
19553  46.626  -71.503  -38.649 0.0000000000
20721  46.308  -70.920  -37.806 0.0000000000
20735  45.704  -71.322  -39.297 0.0000000000
20732  45.334  -70.576  -38.861 0.0000000000
19563  45.052  -72.103  -40.250 0.0000000000
15312  46.501  -76.382  -46.750 0.0000000000
16305  47.818  -74.492  -44.696 0.0000000000
15274  47.904  -75.071  -44.647 0.0000000000
16298  48.080  -74.683  -44.058 0.0000000000
17334  48.083  -74.503  -42.988 0.0000000000
17325  47.235  -74.068  -41.643 0.0000000000
127505  47.168  -74.183  -43.077 0.0000000000
17351  45.006  -74.247  -44.484 0.0000000000
17337  45.103  -74.094  -43.158 0.0000000000
131179  44.273  -73.745  -42.647 0.0000000000
18408  43.831  -73.130  -41.854 0.0000000000
18420  43.553  -73.720  -43.268 0.0000000000
17157  51.319  -74.051  -30.107 0.0000000000
17173  50.273  -74.599  -30.709 0.0000000000
17175  49.157  -74.705  -31.058 0.0000000000
141826  48.835  -74.942  -31.597 0.0000000000
16199  47.423  -75.807  -33.284 0.0000000000
16192  48.006  -75.721  -32.871 0.0000000000
17213  47.621  -75.004  -33.498 0.0000000000
17203  47.532  -74.332  -33.163 0.0000000000
18314  46.227  -73.373  -33.899 0.0000000000
19468  45.647  -72.727  -33.710 0.0000000000
17215  45.810  -74.025  -34.045 0.0000000000
17218  43.123  -74.790  -33.964 0.0000000000
17229  43.293  -74.249  -34.770 0.0000000000
17236  42.463  -74.111  -35.246 0.0000000000
17237  41.666  -74.069  -35.684 0.0000000000
17231  41.239  -74.333  -35.567 0.0000000000
14147  39.397  -76.730  -36.183 0.0000000000
14159  39.664  -77.193  -37.049 0.0000000000
15191  39.376  -76.470  -37.318 0.0000000000
136776  36.981  -69.208  -35.212 0.0000000000
23001  36.484  -69.749  -33.656 0.0000000000
131480  36.412  -69.123  -33.027 0.0000000000
24139  37.939  -68.275  -30.950 0.0000000000
23048  44.355  -69.779  -37.468 0.0000000000
23023  42.296  -68.883  -36.645 0.0000000000
138724  41.387  -73.317  -35.679 0.0000000000
19492  40.674  -73.192  -35.695 0.0000000000
18327  40.063  -73.757  -36.220 0.0000000000
17294  38.930  -73.736  -39.108 0.0000000000
17274  45.943  -74.824  -38.597 0.0000000000
17275  44.982  -74.158  -38.822 0.0000000000
18366  46.120  -73.540  -38.071 0.0000000000
152120  46.348  -72.131  -37.591 0.0000000000
147931  45.693  -71.354  -37.572 0.0000000000
20706  46.972  -71.699  -37.613 0.0000000000
19552  47.419  -71.825  -38.097 0.0000000000
19561  47.112  -72.368  -39.071 0.0000000000
17341  46.933  -74.158  -43.910 0.0000000000
138258  47.083  -74.036  -45.378 0.0000000000
17362  45.756  -74.165  -45.278 0.0000000000
137382  45.370  -75.492  -33.582 0.0000000000
17216  45.190  -74.791  -33.946 0.0000000000
16201  44.563  -75.505  -33.390 0.0000000000
16202  43.742  -75.160  -33.607 0.0000000000
17204  42.376  -74.772  -33.336 0.0000000000
20657  37.433  -71.161  -32.610 0.0000000000
21833  37.244  -70.708  -32.093 0.0000000000
25416  36.507  -67.788  -34.114 0.0000000000
24176  36.418  -68.156  -33.173 0.0000000000
25390  36.609  -67.594  -32.549 0.0000000000
25389  37.103  -67.203  -31.994 0.0000000000
15228  40.676  -76.025  -39.317 0.0000000000
15226  42.776  -76.201  -39.287 0.0000000000
15225  43.900  -76.266  -39.115 0.0000000000
16253  45.366  -75.644  -38.847 0.0000000000
15223  45.948  -76.423  -38.335 0.0000000000
16240  46.496  -75.861  -38.355 0.0000000000
16239  47.724  -76.043  -37.926 0.0000000000
15201  48.553  -75.937  -38.306 0.0000000000
21876  39.833  -70.379  -37.828 0.0000000000
21858  37.534  -70.743  -36.647 0.0000000000
23041  39.225  -69.883  -37.198 0.0000000000
23027  38.359  -69.321  -36.283 0.0000000000
23013  37.841  -69.046  -35.761 0.0000000000
23024  41.560  -68.925  -36.594 0.0000000000
24209  38.711  -68.670  -36.231 0.0000000000
24194  37.271  -68.294  -35.383 0.0000000000
25427  37.047  -67.440  -35.398 0.0000000000
132359  36.581  -67.101  -34.777 0.0000000000
19567  42.831  -72.075  -41.552 0.0000000000
19459  44.510  -72.389  -32.212 0.0000000000
20651  43.236  -71.437  -33.207 0.0000000000
20711  38.295  -71.431  -37.968 0.0000000000
18387  40.634  -73.979  -39.663 0.0000000000
18384  43.285  -73.697  -39.325 0.0000000000
18386  41.577  -73.298  -39.512 0.0000000000
19557  40.450  -73.097  -39.481 0.0000000000
19539  40.222  -72.230  -39.176 0.0000000000
135730  39.967  -71.591  -38.794 0.0000000000
20727  39.255  -71.293  -38.404 0.0000000000
21885  41.518  -70.718  -38.064 0.0000000000
21884  42.569  -70.592  -37.693 0.0000000000
21873  43.381  -69.827  -37.131 0.0000000000
20707  45.466  -70.785  -37.559 0.0000000000
21871  45.010  -70.310  -37.616 0.0000000000
21883  44.882  -70.046  -37.772 0.0000000000
21890  44.881  -70.048  -38.406 0.0000000000
21900  44.366  -70.476  -39.500 0.0000000000
20737  43.993  -71.159  -40.242 0.0000000000
15249  48.374  -75.651  -40.855 0.0000000000
15288  47.185  -75.821  -46.150 0.0000000000
16284  48.552  -74.927  -41.424 0.0000000000
17308  48.331  -74.221  -39.917 0.0000000000
17309  47.900  -74.130  -40.837 0.0000000000
18405  46.669  -73.645  -40.727 0.0000000000
129088  46.509  -73.036  -40.042 0.0000000000
17336  45.675  -73.961  -42.506 0.0000000000
18400  45.536  -73.087  -40.719 0.0000000000
18407  44.446  -72.689  -41.109 0.0000000000
19566  43.592  -72.323  -41.328 0.0000000000
19577  42.522  -72.565  -42.274 0.0000000000
19450  50.473  -73.350  -30.175 0.0000000000
18291  51.154  -73.369  -30.010 0.0000000000
18278  49.670  -73.348  -30.095 0.0000000000
17159  48.495  -74.320  -30.350 0.0000000000
17177  46.801  -74.107  -30.671 0.0000000000
17189  46.455  -73.718  -31.544 0.0000000000
15153  48.919  -76.763  -32.135 0.0000000000
17186  49.408  -75.207  -31.482 0.0000000000
17187  48.141  -74.729  -32.018 0.0000000000
17188  47.334  -74.133  -31.917 0.0000000000
134960  46.206  -73.212  -32.474 0.0000000000
19469  44.914  -72.187  -33.396 0.0000000000
128788  44.417  -71.887  -33.904 0.0000000000
19482  43.637  -72.384  -34.537 0.0000000000
17227  44.966  -74.064  -34.389 0.0000000000
18320  43.883  -73.429  -34.747 0.0000000000
18324  42.281  -73.673  -35.480 0.0000000000
18325  41.715  -73.718  -35.748 0.0000000000
17244  40.141  -74.262  -36.333 0.0000000000
16225  39.181  -75.902  -38.126 0.0000000000
143712  39.424  -75.414  -36.632 0.0000000000
127593  39.198  -75.761  -37.448 0.0000000000
15210  39.599  -76.215  -38.567 0.0000000000
20682  36.614  -70.854  -35.052 0.0000000000
21837  36.523  -70.478  -33.432 0.0000000000
21824  37.656  -70.279  -31.331 0.0000000000
24141  36.976  -68.609  -31.604 0.0000000000
135836  37.314  -69.408  -31.298 0.0000000000
15163  48.524  -76.354  -32.487 0.0000000000
15174  46.710  -75.932  -33.391 0.0000000000
15175  45.869  -76.055  -33.308 0.0000000000
15204  47.107  -77.105  -37.803 0.0000000000
15209  40.144  -76.761  -38.361 0.0000000000
15222  48.422  -76.519  -38.527 0.0000000000
15227  41.670  -76.142  -39.336 0.0000000000
15237  48.707  -75.860  -38.878 0.0000000000
15287  47.492  -75.485  -45.444 0.0000000000
16166  50.007  -75.130  -31.149 0.0000000000
16200  47.078  -75.004  -33.800 0.0000000000
16220  39.280  -76.117  -36.761 0.0000000000
16226  38.903  -75.055  -38.543 0.0000000000
16238  48.321  -75.988  -37.975 0.0000000000
16241  39.274  -75.557  -38.813 0.0000000000
16255  43.305  -75.548  -39.489 0.0000000000
16258  40.332  -75.339  -39.488 0.0000000000
17160  47.420  -74.247  -30.221 0.0000000000
17172  50.706  -74.008  -30.425 0.0000000000
17174  49.808  -74.717  -30.931 0.0000000000
17176  48.295  -74.630  -31.029 0.0000000000
17201  48.747  -75.236  -32.052 0.0000000000
17214  47.191  -74.429  -33.749 0.0000000000
17217  43.734  -74.655  -34.317 0.0000000000
17228  44.148  -74.160  -34.588 0.0000000000
17230  41.842  -74.361  -35.151 0.0000000000
17238  40.816  -74.241  -35.981 0.0000000000
17245  39.379  -74.852  -37.037 0.0000000000
17272  48.537  -74.964  -38.240 0.0000000000
17276  39.020  -74.973  -39.022 0.0000000000
17277  38.765  -74.382  -38.821 0.0000000000
17290  42.751  -74.737  -39.625 0.0000000000
17292  40.011  -74.609  -39.561 0.0000000000
17324  48.490  -74.626  -40.866 0.0000000000
17326  46.735  -74.040  -42.258 0.0000000000
17335  47.641  -74.230  -42.455 0.0000000000
17342  46.073  -74.112  -43.287 0.0000000000
17350  46.362  -74.162  -44.579 0.0000000000
17376  46.740  -73.831  -46.674 0.0000000000
18283  44.944  -73.560  -29.982 0.0000000000
18293  49.439  -74.209  -30.499 0.0000000000
18301  44.907  -72.934  -31.543 0.0000000000
18307  46.873  -73.599  -32.841 0.0000000000
18309  45.529  -72.688  -32.717 0.0000000000
18313  46.837  -73.781  -33.631 0.0000000000
18315  45.494  -73.189  -34.161 0.0000000000
18319  44.676  -73.305  -34.466 0.0000000000
18326  41.068  -73.894  -36.053 0.0000000000
18352  47.248  -72.981  -37.618 0.0000000000
18363  48.584  -74.026  -38.319 0.0000000000
18365  47.166  -74.134  -37.847 0.0000000000
18367  45.128  -73.086  -38.358 0.0000000000
18381  48.375  -73.415  -38.357 0.0000000000
18388  39.724  -73.826  -39.483 0.0000000000
18399  47.502  -73.461  -39.746 0.0000000000
19460  43.494  -72.262  -31.643 0.0000000000
19476  45.055  -72.433  -34.078 0.0000000000
19477  43.630  -71.563  -33.770 0.0000000000
19483  42.653  -72.569  -34.930 0.0000000000
19484  41.197  -72.485  -35.052 0.0000000000
19491  41.938  -73.052  -35.437 0.0000000000
19506  37.509  -72.446  -36.698 0.0000000000
19517  47.291  -72.207  -37.622 0.0000000000
19518  46.282  -71.197  -37.673 0.0000000000
19519  37.840  -72.260  -37.920 0.0000000000
19534  47.478  -72.032  -37.739 0.0000000000
19535  45.067  -72.077  -37.883 0.0000000000
19538  42.345  -71.850  -38.735 0.0000000000
19540  39.288  -72.201  -38.878 0.0000000000
19558  39.470  -73.005  -39.264 0.0000000000
19564  44.158  -71.832  -40.643 0.0000000000
19576  43.153  -72.685  -41.915 0.0000000000
20665  37.033  -71.317  -33.487 0.0000000000
20672  37.589  -71.804  -34.217 0.0000000000
20673  36.772  -71.281  -34.479 0.0000000000
20708  44.648  -70.575  -37.478 0.0000000000
20710  38.920  -70.700  -37.843 0.0000000000
20712  37.566  -71.691  -37.246 0.0000000000
20722  44.845  -71.306  -37.586 0.0000000000
20725  41.948  -71.334  -38.472 0.0000000000
20730  46.802  -71.204  -38.007 0.0000000000
20731  46.149  -70.874  -38.284 0.0000000000
21832  37.938  -70.892  -31.809 0.0000000000
21836  36.746  -70.787  -32.838 0.0000000000
21841  36.563  -70.475  -34.290 0.0000000000
21849  36.912  -70.683  -35.774 0.0000000000
21850  36.710  -70.130  -35.097 0.0000000000
21870  45.737  -70.708  -37.678 0.0000000000
21872  44.254  -69.901  -37.324 0.0000000000
21886  40.413  -70.880  -38.350 0.0000000000
21901  43.720  -70.171  -39.654 0.0000000000
22987  36.781  -69.243  -31.883 0.0000000000
22997  36.847  -70.075  -32.032 0.0000000000
22998  36.575  -69.428  -32.398 0.0000000000
23006  36.643  -69.487  -34.498 0.0000000000
23014  37.176  -69.805  -35.579 0.0000000000
23022  42.976  -68.766  -36.867 0.0000000000
23026  39.081  -69.252  -36.513 0.0000000000
23037  43.573  -69.265  -37.157 0.0000000000
23042  38.317  -69.920  -36.746 0.0000000000
23053  44.468  -69.604  -37.963 0.0000000000
23054  43.910  -69.373  -38.550 0.0000000000
24113  37.880  -69.048  -30.680 0.0000000000
24140  37.471  -68.646  -31.150 0.0000000000
24163  36.593  -68.565  -32.334 0.0000000000
24184  36.547  -68.804  -33.863 0.0000000000
24206  41.844  -68.451  -36.718 0.0000000000
24207  40.861  -68.546  -36.569 0.0000000000
25370  37.323  -67.981  -31.447 0.0000000000
25409  36.453  -67.222  -33.357 0.0000000000
25428  36.775  -67.851  -34.908 0.0000000000
25438  40.389  -67.783  -36.769 0.0000000000
26717  37.778  -66.740  -31.928 0.0000000000
26735  37.294  -66.356  -32.449 0.0000000000
132461  47.095  -75.155  -38.141 0.0000000000
132604  46.639  -74.199  -33.859 0.0000000000
135747  38.575  -72.818  -35.592 0.0000000000
139923  41.377  -74.201  -39.679 0.0000000000
143747  40.942  -69.171  -36.644 0.0000000000
144633  48.205  -73.361  -37.761 0.0000000000
145561  40.201  -76.348  -38.929 0.0000000000
145796  49.381  -76.356  -31.815 0.0000000000
148044  37.514  -67.745  -35.688 0.0000000000
150297  38.953  -68.027  -36.330 0.0000000000
150309  38.332  -70.620  -31.118 0.0000000000
150686  43.219  -70.509  -37.491 0.0000000000
151156  38.591  -67.398  -36.433 0.0000000000
