#!ascii label  , from subject sub-v1s10x0051123_ses-1 vox2ras=TkReg
975
43290  -18.852  -26.931  41.704 0.0000000000
52993  -34.235  -19.225  24.481 0.0000000000
56836  -36.663  -15.655  18.584 0.0000000000
45613  -30.828  -25.948  26.203 0.0000000000
120580  -38.594  -9.454  10.994 0.0000000000
61634  -33.152  -10.543  16.448 0.0000000000
49857  -36.632  -21.622  28.745 0.0000000000
46817  -33.146  -25.344  24.085 0.0000000000
137569  -43.529  -8.950  13.396 0.0000000000
65355  -45.507  -6.272  10.007 0.0000000000
68147  -47.282  -2.929  8.043 0.0000000000
58696  -35.488  -13.420  24.483 0.0000000000
58769  -32.670  -13.741  18.916 0.0000000000
136223  -36.106  -10.381  21.999 0.0000000000
117484  -38.793  -8.945  19.608 0.0000000000
48852  -24.702  -23.533  29.421 0.0000000000
127078  -16.605  -27.331  45.477 0.0000000000
123331  -37.511  -19.012  20.020 0.0000000000
139534  -38.959  -15.084  23.039 0.0000000000
48901  -25.863  -23.723  25.128 0.0000000000
46828  -28.630  -25.213  21.642 0.0000000000
69024  -44.452  -2.952  2.709 0.0000000000
70824  -48.756  -0.025  6.149 0.0000000000
141176  -35.637  -9.052  13.435 0.0000000000
63525  -40.589  -7.876  16.498 0.0000000000
44329  -19.511  -27.482  38.197 0.0000000000
40531  -13.292  -31.286  45.582 0.0000000000
63580  -44.305  -8.499  11.138 0.0000000000
60599  -35.126  -11.579  23.644 0.0000000000
47836  -22.702  -24.226  29.392 0.0000000000
43269  -18.411  -27.414  44.232 0.0000000000
117744  -34.083  -18.523  20.155 0.0000000000
138801  -36.169  -19.311  22.265 0.0000000000
47890  -28.577  -23.996  25.674 0.0000000000
47914  -27.624  -24.055  22.944 0.0000000000
46803  -29.815  -25.269  23.969 0.0000000000
49877  -32.816  -22.377  25.656 0.0000000000
123403  -32.729  -24.743  21.242 0.0000000000
50918  -31.570  -21.168  23.553 0.0000000000
45595  -30.242  -25.891  28.084 0.0000000000
47856  -28.151  -24.737  28.058 0.0000000000
66285  -41.583  -5.833  6.714 0.0000000000
68161  -43.202  -3.839  4.118 0.0000000000
69939  -48.033  -1.509  7.139 0.0000000000
59711  -31.914  -11.935  17.656 0.0000000000
62573  -34.676  -9.613  15.029 0.0000000000
63517  -39.394  -8.308  17.541 0.0000000000
122037  -21.072  -24.725  33.839 0.0000000000
46675  -20.786  -24.926  35.447 0.0000000000
46634  -21.190  -25.291  38.543 0.0000000000
44351  -19.526  -27.444  35.956 0.0000000000
41546  -14.945  -30.801  43.796 0.0000000000
51949  -35.204  -20.034  26.159 0.0000000000
52996  -37.255  -19.292  24.097 0.0000000000
51936  -38.856  -19.546  26.764 0.0000000000
125234  -33.191  -28.145  26.697 0.0000000000
45650  -31.974  -27.213  24.144 0.0000000000
45635  -35.804  -26.422  25.603 0.0000000000
48907  -34.397  -24.273  26.771 0.0000000000
121056  -40.972  -9.303  11.889 0.0000000000
63578  -41.971  -8.578  10.701 0.0000000000
65352  -42.470  -6.521  9.206 0.0000000000
66287  -43.111  -4.837  7.716 0.0000000000
68144  -44.603  -3.358  7.218 0.0000000000
67226  -46.353  -4.620  8.991 0.0000000000
57727  -35.877  -14.079  21.086 0.0000000000
57771  -34.362  -14.915  18.966 0.0000000000
58723  -34.340  -13.206  21.452 0.0000000000
137984  -33.199  -11.570  21.169 0.0000000000
61591  -34.273  -10.387  19.409 0.0000000000
62551  -35.751  -9.909  18.160 0.0000000000
62518  -37.714  -9.673  20.554 0.0000000000
47805  -24.272  -24.134  31.420 0.0000000000
47819  -21.941  -24.510  30.929 0.0000000000
71755  -48.027  0.809  1.504 0.0000000000
44260  -14.963  -26.338  47.124 0.0000000000
54016  -36.005  -18.626  18.409 0.0000000000
54919  -38.417  -17.085  18.487 0.0000000000
53029  -39.057  -19.572  21.977 0.0000000000
55843  -40.066  -16.172  20.032 0.0000000000
57743  -37.810  -14.580  20.482 0.0000000000
57712  -37.329  -14.745  23.490 0.0000000000
45675  -31.243  -26.411  21.625 0.0000000000
46736  -26.827  -24.932  29.854 0.0000000000
134733  -25.220  -23.153  27.724 0.0000000000
69015  -45.215  -1.860  5.523 0.0000000000
134197  -45.607  -1.213  4.383 0.0000000000
126580  -46.775  -0.227  2.952 0.0000000000
72639  -49.374  1.464  5.187 0.0000000000
42430  -18.108  -29.207  39.007 0.0000000000
42420  -17.033  -28.972  40.959 0.0000000000
62616  -37.228  -9.209  11.747 0.0000000000
62568  -37.164  -9.188  16.355 0.0000000000
63543  -37.773  -8.554  15.033 0.0000000000
62597  -39.597  -8.779  13.146 0.0000000000
63547  -41.662  -8.315  14.176 0.0000000000
43310  -18.758  -28.223  39.197 0.0000000000
43275  -16.421  -28.635  43.533 0.0000000000
42404  -15.200  -29.153  45.133 0.0000000000
126279  -12.949  -28.767  45.160 0.0000000000
43286  -19.074  -26.883  42.505 0.0000000000
53024  -33.475  -18.817  23.030 0.0000000000
53978  -34.295  -18.956  22.017 0.0000000000
53009  -34.935  -18.979  23.578 0.0000000000
46778  -29.607  -24.972  25.881 0.0000000000
47903  -29.181  -24.534  24.418 0.0000000000
46804  -30.414  -25.864  24.528 0.0000000000
51947  -33.178  -20.530  25.078 0.0000000000
49885  -32.101  -22.150  24.419 0.0000000000
51964  -32.586  -20.301  24.448 0.0000000000
53007  -32.054  -19.623  23.267 0.0000000000
45597  -31.401  -26.923  27.443 0.0000000000
45577  -31.334  -27.184  28.229 0.0000000000
46767  -30.561  -25.813  27.200 0.0000000000
46777  -29.219  -24.813  26.798 0.0000000000
68154  -42.796  -4.184  4.883 0.0000000000
55861  -36.918  -17.026  17.315 0.0000000000
55853  -36.266  -16.141  17.933 0.0000000000
60688  -32.358  -11.250  17.473 0.0000000000
137625  -31.826  -11.291  15.833 0.0000000000
61635  -33.922  -10.188  16.215 0.0000000000
46680  -20.346  -25.584  33.329 0.0000000000
46676  -20.959  -24.796  34.574 0.0000000000
135053  -20.285  -25.364  34.698 0.0000000000
45484  -20.021  -25.673  35.653 0.0000000000
45491  -19.651  -26.995  34.677 0.0000000000
50868  -35.394  -21.437  27.754 0.0000000000
51934  -36.882  -19.688  26.673 0.0000000000
50870  -37.252  -20.556  28.226 0.0000000000
44475  -35.030  -28.189  27.035 0.0000000000
44510  -34.505  -27.361  25.504 0.0000000000
44495  -36.395  -27.042  26.606 0.0000000000
48865  -36.225  -23.155  29.223 0.0000000000
47869  -35.120  -24.297  28.281 0.0000000000
49855  -34.824  -22.591  28.009 0.0000000000
49868  -34.439  -22.256  27.466 0.0000000000
62608  -41.921  -9.251  12.089 0.0000000000
62627  -41.262  -8.949  10.860 0.0000000000
62619  -42.624  -9.173  11.609 0.0000000000
130068  -44.861  -7.726  10.736 0.0000000000
64475  -43.331  -7.632  10.378 0.0000000000
125259  -44.261  -6.470  9.706 0.0000000000
66280  -42.684  -5.439  8.089 0.0000000000
66282  -44.480  -5.152  8.769 0.0000000000
67225  -44.851  -4.388  8.321 0.0000000000
66273  -45.733  -5.649  9.622 0.0000000000
57710  -35.700  -13.891  23.031 0.0000000000
58739  -35.036  -13.846  20.878 0.0000000000
58711  -34.422  -12.896  22.319 0.0000000000
61533  -35.631  -10.844  23.246 0.0000000000
60609  -34.123  -11.578  22.381 0.0000000000
61559  -34.652  -10.558  21.233 0.0000000000
61574  -33.557  -10.675  20.022 0.0000000000
137515  -35.562  -10.302  21.007 0.0000000000
61593  -35.843  -10.070  19.857 0.0000000000
62502  -37.356  -9.972  21.167 0.0000000000
46718  -25.787  -25.013  30.881 0.0000000000
46704  -25.474  -25.403  31.523 0.0000000000
47822  -24.558  -23.904  30.711 0.0000000000
46717  -21.847  -24.868  30.095 0.0000000000
72651  -48.732  2.185  2.485 0.0000000000
73608  -49.277  2.717  2.073 0.0000000000
44269  -16.053  -27.144  45.756 0.0000000000
133649  -35.735  -18.926  20.400 0.0000000000
137081  -35.071  -18.522  18.826 0.0000000000
54005  -36.730  -18.641  18.930 0.0000000000
128612  -37.540  -18.341  18.436 0.0000000000
54913  -38.082  -18.227  18.797 0.0000000000
52998  -38.898  -19.803  24.359 0.0000000000
119065  -38.273  -19.741  22.712 0.0000000000
53030  -39.803  -19.532  22.594 0.0000000000
56799  -40.420  -15.735  23.211 0.0000000000
55837  -40.627  -16.615  21.639 0.0000000000
117455  -39.573  -15.281  21.754 0.0000000000
56817  -39.227  -15.493  20.008 0.0000000000
56797  -38.985  -14.973  22.254 0.0000000000
57720  -37.423  -14.591  22.509 0.0000000000
57713  -38.244  -15.073  23.665 0.0000000000
47928  -28.069  -24.410  22.267 0.0000000000
45664  -33.236  -26.605  23.197 0.0000000000
45663  -31.900  -27.132  23.175 0.0000000000
46831  -33.292  -26.084  22.739 0.0000000000
47941  -32.127  -25.141  20.621 0.0000000000
45552  -27.883  -26.280  29.519 0.0000000000
48891  -27.147  -23.395  26.226 0.0000000000
47865  -26.920  -23.764  27.952 0.0000000000
48889  -25.383  -23.450  26.317 0.0000000000
47875  -24.666  -23.899  26.361 0.0000000000
68145  -45.516  -3.264  7.545 0.0000000000
69007  -44.693  -2.419  5.916 0.0000000000
69002  -45.939  -2.572  7.137 0.0000000000
69946  -48.489  -0.799  6.705 0.0000000000
69944  -46.771  -1.336  6.145 0.0000000000
70822  -46.900  -0.465  4.965 0.0000000000
70832  -46.354  -0.544  3.349 0.0000000000
70828  -47.146  -0.027  4.429 0.0000000000
121874  -47.934  0.937  4.123 0.0000000000
71741  -49.048  0.708  5.649 0.0000000000
57770  -33.356  -14.437  18.801 0.0000000000
57787  -33.930  -15.121  18.251 0.0000000000
117728  -35.897  -9.607  10.620 0.0000000000
62595  -36.091  -8.951  12.966 0.0000000000
132207  -37.243  -9.448  18.841 0.0000000000
62567  -36.420  -9.583  16.756 0.0000000000
63515  -37.868  -9.071  17.735 0.0000000000
63524  -39.760  -8.223  16.739 0.0000000000
139705  -38.545  -8.614  16.240 0.0000000000
63533  -39.635  -8.203  15.318 0.0000000000
62586  -39.028  -8.593  13.828 0.0000000000
63546  -40.137  -8.207  14.590 0.0000000000
63556  -40.820  -8.467  13.840 0.0000000000
63534  -40.980  -7.848  15.616 0.0000000000
45452  -19.890  -26.539  38.133 0.0000000000
44330  -19.926  -26.992  39.136 0.0000000000
44318  -19.935  -26.828  40.147 0.0000000000
44317  -19.278  -27.966  38.984 0.0000000000
130273  -18.805  -28.722  38.609 0.0000000000
42438  -18.860  -29.175  37.757 0.0000000000
42419  -16.040  -29.349  41.216 0.0000000000
42414  -16.500  -29.008  41.994 0.0000000000
42418  -15.667  -29.535  41.826 0.0000000000
41541  -14.399  -31.090  44.975 0.0000000000
42406  -14.764  -29.952  45.040 0.0000000000
42403  -14.464  -29.677  45.054 0.0000000000
118355  -14.671  -28.944  45.298 0.0000000000
42402  -13.692  -29.613  45.119 0.0000000000
45599  -35.834  -25.938  28.281 0.0000000000
63560  -44.654  -8.909  13.857 0.0000000000
62611  -44.112  -9.058  12.369 0.0000000000
63566  -45.518  -8.601  12.615 0.0000000000
59641  -34.927  -12.394  23.786 0.0000000000
128526  -23.847  -23.561  28.445 0.0000000000
48851  -23.863  -23.594  29.290 0.0000000000
44277  -18.885  -26.918  45.162 0.0000000000
43261  -17.662  -27.485  44.887 0.0000000000
53977  -33.353  -18.616  21.442 0.0000000000
53979  -35.057  -18.931  21.091 0.0000000000
53980  -36.583  -19.112  20.619 0.0000000000
56784  -38.985  -15.413  24.703 0.0000000000
128980  -27.393  -23.449  25.585 0.0000000000
133654  -26.633  -23.937  23.924 0.0000000000
48917  -27.872  -23.579  24.400 0.0000000000
125408  -28.269  -24.074  22.984 0.0000000000
47929  -28.866  -24.864  22.447 0.0000000000
48919  -33.157  -24.042  24.521 0.0000000000
48934  -32.982  -24.420  23.334 0.0000000000
48918  -32.600  -23.256  24.151 0.0000000000
49910  -31.981  -22.797  22.669 0.0000000000
51997  -30.841  -20.748  22.150 0.0000000000
45575  -29.883  -26.147  28.803 0.0000000000
46754  -28.654  -25.369  28.452 0.0000000000
46765  -28.953  -25.064  27.744 0.0000000000
47878  -28.514  -24.183  26.448 0.0000000000
65373  -40.578  -6.979  6.623 0.0000000000
68170  -43.826  -3.200  3.465 0.0000000000
68139  -48.550  -3.232  8.819 0.0000000000
69004  -47.674  -2.223  7.594 0.0000000000
59712  -32.093  -12.271  18.573 0.0000000000
62581  -33.829  -9.724  13.680 0.0000000000
62582  -34.572  -9.486  14.165 0.0000000000
63500  -39.985  -8.081  19.648 0.0000000000
63511  -39.163  -8.458  18.347 0.0000000000
64416  -39.851  -8.005  18.792 0.0000000000
46682  -22.556  -24.550  33.611 0.0000000000
47777  -21.934  -24.589  34.328 0.0000000000
46655  -22.510  -25.085  36.808 0.0000000000
46654  -21.494  -24.929  36.990 0.0000000000
45463  -20.026  -26.036  37.350 0.0000000000
131077  -19.508  -27.378  36.701 0.0000000000
42441  -19.149  -29.145  36.535 0.0000000000
43350  -19.437  -28.272  35.651 0.0000000000
121779  -34.570  -20.013  25.606 0.0000000000
52995  -35.982  -19.184  24.567 0.0000000000
124924  -36.034  -19.432  25.424 0.0000000000
51951  -37.678  -19.372  25.781 0.0000000000
45614  -31.776  -27.095  26.734 0.0000000000
123347  -31.509  -26.946  24.811 0.0000000000
44508  -32.806  -27.562  25.197 0.0000000000
44530  -33.571  -27.071  24.563 0.0000000000
46792  -34.120  -25.948  25.380 0.0000000000
46781  -35.701  -25.751  26.491 0.0000000000
47893  -34.726  -24.998  26.181 0.0000000000
126377  -34.173  -24.428  26.062 0.0000000000
48906  -33.652  -23.724  26.175 0.0000000000
50893  -34.150  -20.932  26.218 0.0000000000
44473  -32.557  -28.019  27.450 0.0000000000
137589  -39.346  -9.443  11.125 0.0000000000
62638  -38.822  -9.404  9.717 0.0000000000
62626  -40.288  -9.053  10.575 0.0000000000
63576  -40.671  -8.526  10.129 0.0000000000
64481  -41.026  -7.418  9.033 0.0000000000
63579  -43.440  -8.399  10.834 0.0000000000
64482  -41.907  -7.335  9.625 0.0000000000
65351  -41.613  -6.675  8.702 0.0000000000
132154  -41.539  -6.167  7.457 0.0000000000
66286  -42.327  -5.126  7.103 0.0000000000
67236  -42.497  -4.684  6.412 0.0000000000
67244  -42.972  -3.957  5.537 0.0000000000
67232  -43.471  -4.245  7.319 0.0000000000
67234  -45.026  -3.789  7.839 0.0000000000
140807  -46.738  -4.201  8.803 0.0000000000
65357  -46.901  -5.679  10.224 0.0000000000
67228  -48.157  -3.844  9.247 0.0000000000
57758  -36.378  -14.646  19.820 0.0000000000
57772  -35.355  -15.022  19.063 0.0000000000
57757  -35.649  -14.715  19.661 0.0000000000
58756  -34.024  -14.044  19.912 0.0000000000
58737  -33.409  -13.214  20.327 0.0000000000
59648  -34.127  -12.218  22.555 0.0000000000
121994  -33.372  -12.092  21.560 0.0000000000
59692  -32.745  -12.702  19.903 0.0000000000
60657  -32.630  -11.405  19.579 0.0000000000
61590  -33.468  -10.609  19.133 0.0000000000
61622  -33.980  -10.389  17.620 0.0000000000
62559  -34.603  -10.144  16.903 0.0000000000
61612  -35.050  -10.195  18.767 0.0000000000
117331  -36.738  -9.728  19.207 0.0000000000
62538  -38.164  -9.333  20.047 0.0000000000
63489  -38.629  -9.206  21.209 0.0000000000
63490  -39.394  -8.673  21.063 0.0000000000
47794  -23.983  -24.383  32.158 0.0000000000
118513  -23.688  -23.776  30.764 0.0000000000
47804  -23.385  -24.013  31.561 0.0000000000
47792  -22.226  -24.402  32.666 0.0000000000
47791  -21.410  -24.671  32.653 0.0000000000
55862  -37.519  -17.406  17.736 0.0000000000
135565  -37.381  -16.045  18.576 0.0000000000
53011  -36.905  -19.333  23.461 0.0000000000
53042  -37.409  -19.470  21.715 0.0000000000
122038  -38.432  -18.981  20.265 0.0000000000
135258  -39.810  -17.972  20.262 0.0000000000
53993  -39.230  -18.217  19.847 0.0000000000
55848  -38.844  -16.786  18.897 0.0000000000
56825  -38.689  -15.766  19.421 0.0000000000
56815  -37.116  -14.705  19.692 0.0000000000
57742  -36.682  -14.428  20.389 0.0000000000
57719  -36.641  -14.261  22.234 0.0000000000
58705  -35.691  -14.003  23.986 0.0000000000
139838  -37.694  -15.125  24.919 0.0000000000
57693  -36.482  -14.421  25.053 0.0000000000
45649  -31.120  -26.791  23.997 0.0000000000
125445  -30.502  -26.230  22.488 0.0000000000
46829  -29.823  -25.815  21.722 0.0000000000
46844  -32.622  -25.741  21.064 0.0000000000
46842  -30.747  -25.856  20.688 0.0000000000
46719  -26.502  -25.375  30.533 0.0000000000
47840  -26.301  -24.169  29.505 0.0000000000
46753  -27.834  -25.055  28.709 0.0000000000
47854  -26.502  -23.748  28.669 0.0000000000
119104  -24.789  -23.279  28.529 0.0000000000
133932  -24.251  -23.729  27.037 0.0000000000
68155  -43.206  -3.473  5.032 0.0000000000
69013  -43.653  -2.920  4.477 0.0000000000
69018  -44.751  -1.824  4.004 0.0000000000
69009  -46.368  -1.950  6.660 0.0000000000
69950  -45.635  -1.427  5.185 0.0000000000
69957  -45.366  -1.421  3.433 0.0000000000
69958  -45.899  -1.055  2.957 0.0000000000
70837  -46.450  -0.697  2.581 0.0000000000
69973  -46.982  -1.084  1.161 0.0000000000
71754  -47.459  0.282  1.910 0.0000000000
72650  -48.250  1.579  2.906 0.0000000000
120727  -17.986  -28.042  40.273 0.0000000000
42421  -17.881  -28.134  40.628 0.0000000000
41559  -17.594  -29.398  39.534 0.0000000000
56845  -34.476  -15.579  17.678 0.0000000000
117837  -38.114  -9.280  11.649 0.0000000000
140465  -35.171  -9.939  16.592 0.0000000000
62574  -35.531  -9.462  15.453 0.0000000000
119261  -36.293  -8.944  14.921 0.0000000000
63522  -38.019  -8.905  16.864 0.0000000000
63531  -37.879  -8.778  15.905 0.0000000000
117267  -36.776  -8.699  14.246 0.0000000000
118021  -37.828  -8.771  13.107 0.0000000000
62605  -38.473  -9.054  12.369 0.0000000000
118058  -38.999  -9.325  11.676 0.0000000000
62607  -40.247  -9.061  12.481 0.0000000000
63557  -41.631  -8.616  13.465 0.0000000000
63558  -42.337  -8.609  13.658 0.0000000000
43291  -19.313  -26.804  41.658 0.0000000000
44295  -19.976  -26.584  41.564 0.0000000000
42423  -18.471  -27.551  40.375 0.0000000000
42431  -18.310  -28.276  39.539 0.0000000000
42433  -18.281  -29.459  38.454 0.0000000000
123155  -17.775  -27.811  42.252 0.0000000000
123701  -17.047  -28.175  43.598 0.0000000000
124342  -16.929  -27.833  44.911 0.0000000000
42410  -15.521  -29.562  43.761 0.0000000000
43266  -15.765  -28.767  44.998 0.0000000000
43256  -16.233  -27.731  45.361 0.0000000000
43255  -15.715  -27.825  45.422 0.0000000000
44275  -14.207  -27.476  45.761 0.0000000000
123686  -12.465  -31.405  45.656 0.0000000000
42401  -12.617  -29.824  44.961 0.0000000000
42417  -18.368  -27.170  41.873 0.0000000000
53008  -33.824  -18.960  23.845 0.0000000000
118073  -34.328  -18.917  23.034 0.0000000000
46791  -30.300  -25.558  25.551 0.0000000000
125627  -33.790  -19.813  24.955 0.0000000000
51965  -33.335  -19.640  24.521 0.0000000000
51985  -32.727  -19.374  23.807 0.0000000000
131377  -31.224  -26.411  26.893 0.0000000000
46779  -30.073  -25.366  26.537 0.0000000000
60699  -32.424  -11.001  16.653 0.0000000000
123487  -32.528  -10.743  15.942 0.0000000000
61645  -33.160  -10.317  15.554 0.0000000000
45500  -20.116  -26.483  33.187 0.0000000000
123171  -20.034  -25.850  33.953 0.0000000000
45492  -19.831  -26.193  34.720 0.0000000000
50869  -36.231  -21.251  28.241 0.0000000000
50879  -36.458  -20.443  27.618 0.0000000000
44476  -36.084  -27.761  27.142 0.0000000000
44494  -35.929  -27.541  26.219 0.0000000000
44477  -36.424  -27.194  27.463 0.0000000000
49844  -36.196  -22.530  28.921 0.0000000000
48880  -35.557  -23.349  28.742 0.0000000000
49856  -35.626  -22.337  28.448 0.0000000000
44456  -35.471  -28.219  27.943 0.0000000000
62599  -42.922  -8.920  13.118 0.0000000000
62609  -42.815  -9.170  12.285 0.0000000000
65345  -45.239  -6.950  10.434 0.0000000000
65354  -44.522  -7.063  10.271 0.0000000000
132382  -44.918  -6.538  9.948 0.0000000000
66271  -43.909  -5.803  9.156 0.0000000000
66272  -44.926  -5.837  9.461 0.0000000000
58704  -35.154  -13.264  23.699 0.0000000000
58712  -35.018  -13.343  22.753 0.0000000000
61547  -36.328  -10.428  22.628 0.0000000000
61546  -35.433  -10.678  22.485 0.0000000000
61560  -35.439  -10.478  21.694 0.0000000000
61561  -36.389  -10.198  21.223 0.0000000000
61562  -36.886  -10.170  21.905 0.0000000000
47839  -25.498  -23.917  29.853 0.0000000000
47823  -25.328  -24.264  30.524 0.0000000000
47838  -24.834  -23.755  30.133 0.0000000000
73605  -49.241  2.707  3.007 0.0000000000
44270  -17.242  -26.909  45.637 0.0000000000
44262  -16.599  -26.782  45.839 0.0000000000
53992  -36.600  -18.845  19.824 0.0000000000
54004  -35.636  -18.694  19.489 0.0000000000
54006  -37.519  -18.615  19.251 0.0000000000
53014  -39.390  -19.807  23.436 0.0000000000
53015  -40.270  -19.475  23.357 0.0000000000
56798  -39.724  -15.292  22.859 0.0000000000
55830  -40.235  -15.760  22.219 0.0000000000
136767  -38.974  -14.843  21.330 0.0000000000
57721  -38.211  -14.878  22.787 0.0000000000
47889  -25.439  -24.271  25.059 0.0000000000
48914  -26.003  -24.061  24.457 0.0000000000
46816  -33.214  -26.118  23.680 0.0000000000
48902  -26.546  -23.430  25.469 0.0000000000
48890  -26.206  -23.308  26.291 0.0000000000
134852  -25.800  -23.496  25.740 0.0000000000
47876  -25.280  -23.818  25.672 0.0000000000
69031  -45.163  -2.584  2.063 0.0000000000
68146  -46.416  -3.156  7.825 0.0000000000
70817  -47.988  -0.438  5.908 0.0000000000
134068  -47.183  -0.734  5.660 0.0000000000
70829  -47.535  -0.138  5.182 0.0000000000
71745  -47.790  0.456  4.649 0.0000000000
70823  -48.270  0.278  5.398 0.0000000000
57769  -32.591  -14.085  18.315 0.0000000000
120363  -35.249  -9.229  13.060 0.0000000000
62601  -34.619  -9.555  12.508 0.0000000000
62602  -35.453  -9.324  12.269 0.0000000000
62554  -38.044  -9.118  19.113 0.0000000000
62553  -37.149  -9.338  18.047 0.0000000000
136678  -37.742  -9.166  18.392 0.0000000000
121774  -40.106  -8.111  15.940 0.0000000000
139452  -40.348  -7.985  15.230 0.0000000000
141494  -19.542  -27.424  39.531 0.0000000000
43321  -19.176  -28.420  38.101 0.0000000000
41534  -13.909  -30.519  45.145 0.0000000000
41533  -12.978  -30.669  45.266 0.0000000000
59634  -35.930  -12.175  25.130 0.0000000000
47852  -23.267  -24.144  28.296 0.0000000000
43270  -19.411  -27.211  44.010 0.0000000000
44282  -19.784  -26.987  44.604 0.0000000000
43263  -19.053  -27.187  44.659 0.0000000000
43262  -18.410  -27.223  44.913 0.0000000000
53025  -34.965  -19.051  22.673 0.0000000000
53040  -35.497  -19.161  21.918 0.0000000000
139420  -35.847  -19.122  21.090 0.0000000000
53041  -36.502  -19.302  21.508 0.0000000000
48904  -27.981  -23.582  25.249 0.0000000000
47902  -28.582  -23.927  24.834 0.0000000000
47915  -29.088  -24.620  23.424 0.0000000000
46814  -29.766  -25.496  22.925 0.0000000000
48905  -33.128  -23.422  25.571 0.0000000000
121577  -32.761  -23.179  25.015 0.0000000000
50919  -31.999  -21.139  24.259 0.0000000000
49898  -32.060  -22.639  23.592 0.0000000000
49897  -31.539  -22.022  23.173 0.0000000000
49909  -31.281  -22.182  22.171 0.0000000000
50932  -31.149  -21.332  22.746 0.0000000000
53022  -31.748  -19.520  22.641 0.0000000000
45576  -30.616  -26.556  28.626 0.0000000000
45556  -31.121  -27.058  29.197 0.0000000000
45555  -30.255  -26.759  29.473 0.0000000000
46755  -29.472  -25.584  28.284 0.0000000000
47879  -29.008  -24.535  26.037 0.0000000000
48892  -27.948  -23.668  26.021 0.0000000000
65374  -41.021  -6.447  6.241 0.0000000000
58767  -31.795  -12.812  17.745 0.0000000000
59727  -31.591  -12.432  16.955 0.0000000000
62572  -33.792  -9.820  14.558 0.0000000000
64431  -40.857  -7.419  17.679 0.0000000000
47782  -21.599  -24.598  33.350 0.0000000000
118211  -21.773  -24.704  35.275 0.0000000000
46666  -21.666  -24.788  36.157 0.0000000000
46665  -20.683  -25.085  36.334 0.0000000000
45483  -19.645  -26.708  35.412 0.0000000000
45474  -20.152  -25.672  36.574 0.0000000000
45473  -19.703  -26.508  36.419 0.0000000000
43334  -19.392  -28.224  36.488 0.0000000000
51967  -35.222  -19.483  25.211 0.0000000000
120747  -36.156  -19.722  26.188 0.0000000000
51935  -37.974  -19.526  26.703 0.0000000000
120956  -32.369  -27.760  26.704 0.0000000000
44490  -32.222  -27.526  25.892 0.0000000000
44491  -32.953  -27.988  25.883 0.0000000000
44511  -35.613  -27.084  25.571 0.0000000000
45634  -34.702  -26.608  25.399 0.0000000000
45653  -33.635  -26.519  24.768 0.0000000000
46768  -35.579  -25.806  27.421 0.0000000000
47868  -34.716  -24.344  27.488 0.0000000000
47880  -34.870  -24.914  26.749 0.0000000000
48893  -33.859  -23.228  26.953 0.0000000000
50878  -34.802  -21.081  26.974 0.0000000000
49867  -34.050  -21.930  26.881 0.0000000000
44474  -33.573  -28.301  27.514 0.0000000000
118481  -39.970  -9.378  11.622 0.0000000000
119010  -39.859  -9.378  10.891 0.0000000000
62617  -40.696  -9.282  11.249 0.0000000000
63577  -41.363  -8.404  10.374 0.0000000000
63587  -40.337  -8.168  9.085 0.0000000000
63588  -41.160  -7.936  9.785 0.0000000000
63572  -44.130  -8.937  11.711 0.0000000000
63571  -43.477  -8.930  11.410 0.0000000000
64483  -42.891  -7.137  9.858 0.0000000000
65367  -41.232  -6.575  7.808 0.0000000000
65363  -42.261  -6.057  8.461 0.0000000000
66281  -43.518  -5.260  8.481 0.0000000000
67231  -42.848  -4.556  6.995 0.0000000000
66283  -45.561  -5.002  8.997 0.0000000000
134718  -45.931  -3.992  8.379 0.0000000000
124422  -47.718  -4.460  9.573 0.0000000000
57741  -35.792  -14.370  20.320 0.0000000000
58738  -34.220  -13.595  20.625 0.0000000000
59675  -33.650  -12.831  21.115 0.0000000000
60587  -35.455  -11.997  24.456 0.0000000000
60598  -34.493  -11.959  23.143 0.0000000000
60625  -33.619  -11.519  21.724 0.0000000000
59647  -33.704  -11.988  22.114 0.0000000000
59674  -32.957  -12.244  20.744 0.0000000000
59673  -32.595  -11.941  20.071 0.0000000000
137186  -32.968  -11.289  20.380 0.0000000000
61575  -34.375  -10.433  20.317 0.0000000000
61610  -33.324  -10.624  18.255 0.0000000000
61611  -34.171  -10.396  18.508 0.0000000000
62517  -36.996  -9.966  20.453 0.0000000000
62536  -36.556  -9.904  19.777 0.0000000000
62537  -37.348  -9.605  19.734 0.0000000000
62492  -39.030  -8.802  21.991 0.0000000000
120919  -39.595  -8.373  21.931 0.0000000000
63498  -38.801  -9.080  20.440 0.0000000000
63478  -40.082  -8.035  21.536 0.0000000000
46703  -24.753  -24.903  31.845 0.0000000000
46693  -24.420  -25.264  32.518 0.0000000000
47821  -23.207  -23.793  29.923 0.0000000000
124070  -22.830  -24.025  30.831 0.0000000000
47803  -22.507  -24.236  31.715 0.0000000000
47802  -21.605  -24.596  31.907 0.0000000000
117852  -34.127  -18.461  18.723 0.0000000000
134983  -36.270  -18.484  17.464 0.0000000000
54918  -38.036  -17.744  18.233 0.0000000000
54031  -37.447  -18.066  17.715 0.0000000000
55854  -37.920  -16.839  18.198 0.0000000000
137215  -36.607  -19.155  24.071 0.0000000000
53010  -36.009  -19.131  23.672 0.0000000000
53028  -37.352  -19.540  22.640 0.0000000000
133965  -38.098  -19.629  22.015 0.0000000000
53043  -38.428  -19.309  21.222 0.0000000000
55836  -40.146  -15.955  21.087 0.0000000000
54901  -40.293  -17.127  20.596 0.0000000000
54908  -39.878  -17.213  19.744 0.0000000000
54907  -39.125  -17.524  19.283 0.0000000000
55842  -39.392  -16.473  19.464 0.0000000000
56803  -38.783  -14.851  20.605 0.0000000000
136437  -38.564  -14.983  19.966 0.0000000000
56816  -37.965  -15.084  19.519 0.0000000000
57711  -36.466  -14.368  23.258 0.0000000000
57702  -36.412  -14.471  24.220 0.0000000000
57687  -38.307  -15.399  26.298 0.0000000000
57695  -38.106  -15.300  25.355 0.0000000000
58690  -36.102  -13.794  25.441 0.0000000000
48931  -27.196  -23.889  23.515 0.0000000000
47913  -26.920  -24.346  23.244 0.0000000000
45676  -32.041  -26.778  22.176 0.0000000000
45662  -31.195  -26.717  22.800 0.0000000000
47916  -33.007  -24.457  22.236 0.0000000000
47930  -33.158  -25.338  21.561 0.0000000000
46720  -27.187  -25.790  30.075 0.0000000000
47824  -26.066  -24.596  30.224 0.0000000000
47855  -27.366  -24.335  28.385 0.0000000000
48864  -26.148  -23.358  27.825 0.0000000000
48863  -25.659  -23.328  28.387 0.0000000000
48876  -24.361  -23.387  27.664 0.0000000000
48888  -24.879  -23.364  26.992 0.0000000000
68150  -43.453  -3.466  5.947 0.0000000000
68156  -43.850  -2.847  5.444 0.0000000000
69014  -44.407  -2.175  4.894 0.0000000000
68162  -44.141  -2.439  4.055 0.0000000000
69010  -47.192  -1.725  6.920 0.0000000000
69951  -46.318  -0.993  5.238 0.0000000000
128312  -45.894  -0.916  3.688 0.0000000000
70833  -46.877  -0.054  3.639 0.0000000000
70844  -46.668  -0.896  1.809 0.0000000000
70838  -46.973  -0.268  2.265 0.0000000000
70845  -47.212  -0.435  1.457 0.0000000000
71751  -47.279  0.335  2.909 0.0000000000
71746  -48.514  1.054  4.781 0.0000000000
71749  -47.788  1.008  3.344 0.0000000000
72647  -48.341  1.460  3.845 0.0000000000
72644  -48.993  1.843  4.355 0.0000000000
42427  -17.944  -28.624  39.833 0.0000000000
56834  -34.888  -15.307  18.430 0.0000000000
62615  -36.531  -9.362  11.071 0.0000000000
132518  -37.563  -9.440  10.799 0.0000000000
61623  -34.875  -10.175  17.839 0.0000000000
62560  -35.578  -9.914  17.161 0.0000000000
62566  -35.652  -9.710  16.309 0.0000000000
62575  -36.363  -9.341  15.884 0.0000000000
63516  -38.624  -8.701  17.627 0.0000000000
63532  -38.683  -8.452  15.387 0.0000000000
140538  -37.082  -8.651  14.773 0.0000000000
62585  -37.584  -8.604  14.129 0.0000000000
140066  -38.318  -8.619  13.738 0.0000000000
62596  -38.764  -8.798  13.102 0.0000000000
62606  -39.355  -9.093  12.388 0.0000000000
63548  -42.497  -8.260  14.435 0.0000000000
137170  -19.252  -27.495  39.716 0.0000000000
43301  -19.410  -27.063  40.632 0.0000000000
43293  -19.103  -27.126  40.775 0.0000000000
43300  -18.748  -27.591  39.982 0.0000000000
42434  -18.511  -29.216  38.388 0.0000000000
42437  -18.461  -29.704  37.932 0.0000000000
135873  -17.700  -28.386  40.990 0.0000000000
42416  -17.964  -27.718  41.473 0.0000000000
42415  -17.423  -28.369  41.700 0.0000000000
43283  -16.245  -28.877  42.869 0.0000000000
43284  -17.076  -28.373  42.730 0.0000000000
43268  -17.375  -27.811  44.222 0.0000000000
43267  -16.461  -28.283  44.391 0.0000000000
41551  -15.068  -30.656  42.737 0.0000000000
42412  -15.172  -30.092  43.167 0.0000000000
42407  -15.375  -29.486  44.768 0.0000000000
126603  -15.729  -28.356  45.201 0.0000000000
139810  -15.334  -28.497  45.239 0.0000000000
43258  -14.017  -28.448  45.448 0.0000000000
41540  -11.909  -31.072  45.250 0.0000000000
41532  -12.321  -30.700  45.345 0.0000000000
43277  -18.822  -27.185  43.253 0.0000000000
53966  -33.255  -18.834  22.232 0.0000000000
53026  -35.688  -19.165  22.828 0.0000000000
47891  -29.141  -24.528  25.323 0.0000000000
46790  -29.776  -25.104  24.960 0.0000000000
50892  -33.370  -21.285  25.739 0.0000000000
49886  -32.515  -22.347  25.006 0.0000000000
50905  -32.826  -21.524  25.380 0.0000000000
50904  -32.496  -21.286  24.856 0.0000000000
51984  -32.030  -20.281  23.776 0.0000000000
119818  -32.083  -27.801  28.159 0.0000000000
45596  -30.903  -26.446  27.775 0.0000000000
46766  -29.791  -25.362  27.487 0.0000000000
66292  -41.514  -5.816  5.862 0.0000000000
60698  -31.851  -11.637  16.803 0.0000000000
127249  -31.487  -12.114  16.163 0.0000000000
139752  -33.450  -10.048  15.033 0.0000000000
61646  -33.975  -9.951  15.403 0.0000000000
46681  -20.818  -24.942  33.108 0.0000000000
120540  -20.520  -25.149  33.905 0.0000000000
44363  -19.503  -27.600  35.105 0.0000000000
129223  -19.694  -27.740  34.209 0.0000000000
51933  -35.755  -20.320  26.996 0.0000000000
50880  -37.390  -19.897  27.423 0.0000000000
51924  -38.289  -19.795  27.649 0.0000000000
130179  -34.121  -28.162  26.652 0.0000000000
44492  -33.867  -27.980  25.944 0.0000000000
44493  -34.913  -27.785  26.080 0.0000000000
45615  -36.235  -26.727  25.828 0.0000000000
48879  -34.905  -23.446  28.198 0.0000000000
48894  -34.368  -23.425  27.582 0.0000000000
62618  -41.622  -9.212  11.492 0.0000000000
62628  -42.074  -9.013  11.175 0.0000000000
121065  -44.035  -7.723  10.593 0.0000000000
64484  -43.734  -7.055  10.065 0.0000000000
65353  -43.373  -6.459  9.468 0.0000000000
65364  -43.023  -5.893  8.830 0.0000000000
67224  -43.917  -4.571  8.129 0.0000000000
57718  -35.856  -13.858  22.012 0.0000000000
58724  -35.051  -13.532  21.770 0.0000000000
60610  -34.802  -11.253  22.907 0.0000000000
61545  -34.618  -10.870  22.175 0.0000000000
60626  -34.004  -11.003  21.803 0.0000000000
61558  -33.642  -10.892  21.036 0.0000000000
61576  -35.268  -10.251  20.420 0.0000000000
61592  -35.129  -10.189  19.641 0.0000000000
61577  -36.135  -10.108  20.439 0.0000000000
47806  -25.069  -24.572  31.184 0.0000000000
47820  -22.396  -24.278  30.087 0.0000000000
133852  -21.266  -25.036  31.280 0.0000000000
72652  -48.336  1.528  1.971 0.0000000000
72655  -48.551  1.368  1.050 0.0000000000
72653  -48.862  2.097  1.537 0.0000000000
72656  -49.136  1.878  0.613 0.0000000000
44261  -15.600  -26.584  46.604 0.0000000000
53991  -34.848  -18.725  20.271 0.0000000000
54003  -34.548  -18.525  19.528 0.0000000000
54017  -36.899  -18.456  17.988 0.0000000000
54914  -38.558  -17.688  18.792 0.0000000000
52997  -37.995  -19.550  24.209 0.0000000000
53012  -37.701  -19.564  23.436 0.0000000000
53013  -38.513  -19.764  23.502 0.0000000000
129872  -39.013  -19.789  22.804 0.0000000000
55831  -40.960  -16.332  22.743 0.0000000000
56805  -39.494  -15.355  20.761 0.0000000000
140712  -38.378  -14.605  21.120 0.0000000000
56804  -38.286  -14.714  21.880 0.0000000000
131318  -37.716  -14.922  27.049 0.0000000000
45651  -32.766  -27.121  23.498 0.0000000000
45677  -32.757  -26.776  22.696 0.0000000000
134583  -32.009  -23.923  21.186 0.0000000000
46737  -27.464  -25.465  29.307 0.0000000000
47866  -27.606  -24.085  27.620 0.0000000000
48878  -26.810  -23.485  27.112 0.0000000000
48877  -25.737  -23.251  27.026 0.0000000000
47888  -24.877  -24.509  25.698 0.0000000000
68151  -44.199  -3.037  6.385 0.0000000000
68152  -45.054  -2.721  6.818 0.0000000000
69008  -45.549  -2.167  6.341 0.0000000000
69945  -47.615  -1.097  6.407 0.0000000000
70827  -46.399  -0.546  4.258 0.0000000000
71748  -47.420  0.494  3.866 0.0000000000
41566  -17.979  -29.961  38.456 0.0000000000
41563  -17.694  -29.901  38.880 0.0000000000
57786  -33.060  -14.752  17.953 0.0000000000
62614  -35.676  -9.438  11.359 0.0000000000
62603  -36.346  -9.193  12.011 0.0000000000
117838  -37.025  -8.953  12.612 0.0000000000
62552  -36.551  -9.678  18.511 0.0000000000
62561  -36.444  -9.637  17.631 0.0000000000
62562  -37.201  -9.362  17.214 0.0000000000
63523  -38.917  -8.546  16.883 0.0000000000
122739  -39.279  -8.387  16.098 0.0000000000
63544  -38.428  -8.501  14.466 0.0000000000
63545  -39.273  -8.375  14.581 0.0000000000
62587  -39.855  -8.516  13.870 0.0000000000
122274  -40.938  -8.034  14.717 0.0000000000
63535  -41.743  -7.916  14.957 0.0000000000
139394  -20.205  -25.978  38.039 0.0000000000
45453  -20.520  -25.942  38.773 0.0000000000
117503  -20.634  -26.053  39.769 0.0000000000
42413  -15.621  -29.419  42.693 0.0000000000
42409  -15.125  -30.175  44.330 0.0000000000
140237  -14.637  -30.633  44.736 0.0000000000
45598  -36.255  -26.431  27.490 0.0000000000
48866  -36.837  -22.978  29.744 0.0000000000
62600  -44.089  -9.030  13.222 0.0000000000
62610  -43.517  -9.082  12.666 0.0000000000
63565  -44.768  -8.910  12.961 0.0000000000
139349  -44.777  -8.618  11.547 0.0000000000
64476  -45.600  -7.492  10.905 0.0000000000
65346  -46.004  -6.676  10.568 0.0000000000
59633  -35.542  -12.821  24.895 0.0000000000
128329  -35.216  -12.815  24.314 0.0000000000
60600  -35.950  -11.016  24.047 0.0000000000
140085  -24.288  -23.465  28.926 0.0000000000
47837  -23.229  -23.902  29.004 0.0000000000
44276  -17.867  -27.114  45.287 0.0000000000
53989  -33.264  -18.425  20.440 0.0000000000
53990  -34.158  -18.631  20.925 0.0000000000
124540  -39.236  -15.322  23.843 0.0000000000
48915  -26.521  -23.675  24.629 0.0000000000
48903  -27.229  -23.488  24.886 0.0000000000
48916  -27.164  -23.645  24.109 0.0000000000
48932  -27.748  -23.734  23.578 0.0000000000
127251  -28.471  -23.935  23.894 0.0000000000
136063  -33.029  -24.788  23.966 0.0000000000
47917  -33.114  -25.362  23.254 0.0000000000
48933  -32.615  -23.526  22.992 0.0000000000
133276  -32.418  -23.670  22.037 0.0000000000
139112  -31.848  -23.021  21.813 0.0000000000
51983  -31.473  -20.338  22.925 0.0000000000
45553  -28.806  -26.372  29.387 0.0000000000
46739  -29.158  -25.878  28.908 0.0000000000
47867  -28.387  -24.455  27.259 0.0000000000
47877  -27.775  -23.825  26.798 0.0000000000
64498  -40.629  -6.993  7.313 0.0000000000
68138  -47.751  -3.425  8.623 0.0000000000
68996  -48.132  -2.719  8.254 0.0000000000
58768  -32.198  -13.271  18.456 0.0000000000
62594  -35.231  -9.217  13.759 0.0000000000
130558  -39.348  -8.498  19.208 0.0000000000
137582  -38.759  -8.783  18.894 0.0000000000
63512  -39.785  -8.014  18.103 0.0000000000
63518  -40.258  -7.856  17.415 0.0000000000
63519  -41.087  -7.578  17.035 0.0000000000
63526  -41.417  -7.674  16.303 0.0000000000
123761  -22.685  -24.879  35.107 0.0000000000
46643  -21.338  -25.073  37.822 0.0000000000
46653  -20.639  -25.304  37.172 0.0000000000
46633  -20.579  -25.521  37.960 0.0000000000
45462  -19.608  -26.942  37.354 0.0000000000
44340  -19.376  -27.867  37.338 0.0000000000
140009  -19.357  -28.709  36.045 0.0000000000
51966  -34.453  -19.590  25.054 0.0000000000
52994  -35.165  -19.148  24.445 0.0000000000
51968  -36.732  -19.160  24.737 0.0000000000
51950  -36.856  -19.377  25.601 0.0000000000
51969  -37.482  -19.278  24.880 0.0000000000
51970  -38.236  -19.545  25.035 0.0000000000
124754  -38.189  -20.294  28.458 0.0000000000
45633  -31.523  -26.783  25.827 0.0000000000
45632  -30.968  -26.295  25.155 0.0000000000
44507  -32.115  -27.297  25.040 0.0000000000
44509  -33.609  -27.503  25.226 0.0000000000
132217  -33.248  -27.321  24.806 0.0000000000
44529  -32.870  -27.282  24.392 0.0000000000
45652  -33.402  -26.830  23.844 0.0000000000
46805  -33.581  -25.639  24.721 0.0000000000
45616  -36.147  -26.215  26.426 0.0000000000
45636  -35.991  -25.976  25.862 0.0000000000
47881  -35.165  -25.152  27.301 0.0000000000
46780  -35.284  -25.482  26.365 0.0000000000
46793  -34.981  -25.779  25.837 0.0000000000
47892  -34.093  -25.097  25.507 0.0000000000
47904  -33.490  -24.806  24.685 0.0000000000
48920  -33.648  -24.275  25.389 0.0000000000
49878  -33.358  -22.412  26.357 0.0000000000
51948  -33.921  -20.311  25.425 0.0000000000
44472  -31.875  -27.474  27.467 0.0000000000
62625  -39.084  -9.394  10.525 0.0000000000
130519  -39.497  -9.190  10.151 0.0000000000
62639  -39.851  -8.802  9.627 0.0000000000
62620  -43.477  -9.190  11.930 0.0000000000
63570  -42.726  -8.814  11.001 0.0000000000
64474  -42.565  -7.954  10.418 0.0000000000
63589  -41.773  -7.991  10.229 0.0000000000
64493  -40.858  -7.114  8.183 0.0000000000
130537  -41.027  -6.492  6.958 0.0000000000
65368  -42.015  -5.771  7.678 0.0000000000
66293  -41.991  -5.162  6.120 0.0000000000
67243  -42.488  -4.572  5.618 0.0000000000
67237  -43.039  -4.125  6.384 0.0000000000
68143  -43.777  -3.624  6.869 0.0000000000
67233  -44.266  -3.984  7.633 0.0000000000
68137  -46.926  -3.632  8.454 0.0000000000
65356  -46.186  -5.925  10.106 0.0000000000
66274  -46.436  -5.214  9.577 0.0000000000
67227  -47.386  -4.038  8.992 0.0000000000
56824  -36.362  -14.945  19.159 0.0000000000
56835  -35.815  -15.392  18.527 0.0000000000
57756  -34.725  -14.655  19.522 0.0000000000
57740  -34.905  -14.275  20.156 0.0000000000
57755  -33.897  -14.434  19.369 0.0000000000
58755  -33.149  -13.691  19.530 0.0000000000
58703  -34.628  -12.644  23.108 0.0000000000
59659  -33.854  -12.490  21.921 0.0000000000
58754  -32.431  -12.977  19.186 0.0000000000
59691  -32.346  -12.114  19.436 0.0000000000
122191  -32.385  -11.573  18.972 0.0000000000
60658  -33.026  -10.879  19.612 0.0000000000
61589  -32.772  -10.947  18.876 0.0000000000
60677  -32.359  -11.450  18.284 0.0000000000
61609  -32.727  -10.925  18.057 0.0000000000
61621  -33.074  -10.681  17.350 0.0000000000
121734  -33.761  -10.379  16.914 0.0000000000
62535  -35.989  -9.987  19.102 0.0000000000
62503  -37.644  -9.854  21.947 0.0000000000
119311  -38.017  -9.628  21.231 0.0000000000
62481  -38.897  -8.958  22.903 0.0000000000
62519  -38.254  -9.410  20.690 0.0000000000
63499  -39.466  -8.668  20.082 0.0000000000
63491  -40.050  -8.126  20.577 0.0000000000
48839  -24.092  -23.618  30.042 0.0000000000
47793  -23.118  -24.230  32.357 0.0000000000
138918  -21.114  -24.965  31.775 0.0000000000
46691  -20.964  -24.970  32.259 0.0000000000
73611  -49.464  2.569  1.129 0.0000000000
54030  -36.896  -18.217  17.263 0.0000000000
54923  -37.074  -17.782  17.197 0.0000000000
117286  -37.176  -16.487  18.016 0.0000000000
53027  -36.477  -19.322  22.853 0.0000000000
125400  -36.759  -19.418  22.210 0.0000000000
53981  -37.459  -19.265  20.877 0.0000000000
53968  -40.177  -18.827  21.761 0.0000000000
53982  -40.018  -18.278  20.894 0.0000000000
53967  -39.374  -19.009  21.260 0.0000000000
53994  -39.226  -18.699  20.607 0.0000000000
54007  -38.410  -18.440  19.426 0.0000000000
55847  -38.094  -16.075  18.828 0.0000000000
120598  -37.280  -15.284  19.041 0.0000000000
57728  -36.763  -14.320  21.263 0.0000000000
57729  -37.608  -14.493  21.536 0.0000000000
57704  -38.279  -15.223  24.474 0.0000000000
57703  -37.326  -14.899  24.459 0.0000000000
57686  -37.278  -14.777  26.323 0.0000000000
57694  -37.157  -14.869  25.367 0.0000000000
58697  -35.859  -13.987  24.762 0.0000000000
58689  -35.719  -13.412  25.077 0.0000000000
46815  -30.465  -26.134  23.459 0.0000000000
47931  -33.280  -25.324  22.395 0.0000000000
46830  -33.013  -26.252  21.794 0.0000000000
136735  -32.175  -26.364  21.401 0.0000000000
46843  -31.824  -25.982  20.766 0.0000000000
46841  -29.317  -25.818  20.710 0.0000000000
45531  -26.930  -26.149  30.804 0.0000000000
46738  -28.304  -25.762  28.999 0.0000000000
47841  -27.094  -24.555  29.125 0.0000000000
47853  -25.600  -23.558  29.095 0.0000000000
47864  -23.644  -24.008  27.543 0.0000000000
123474  -44.382  -2.475  3.455 0.0000000000
69003  -46.803  -2.412  7.384 0.0000000000
69016  -45.971  -1.593  5.877 0.0000000000
130057  -45.086  -1.637  4.804 0.0000000000
69025  -44.830  -2.088  2.994 0.0000000000
69966  -45.463  -1.707  2.544 0.0000000000
69972  -45.759  -1.980  1.819 0.0000000000
69967  -46.095  -1.313  2.168 0.0000000000
69981  -46.432  -1.696  1.333 0.0000000000
71752  -47.819  0.953  2.414 0.0000000000
72648  -48.770  2.112  3.435 0.0000000000
73602  -49.409  2.501  3.899 0.0000000000
42422  -18.321  -27.488  41.015 0.0000000000
127355  -17.678  -28.785  40.343 0.0000000000
42426  -17.132  -29.333  40.192 0.0000000000
56846  -35.358  -15.824  17.814 0.0000000000
57785  -32.407  -14.373  17.663 0.0000000000
62565  -34.803  -9.876  15.989 0.0000000000
62583  -35.386  -9.250  14.552 0.0000000000
62584  -36.038  -8.874  13.912 0.0000000000
63510  -38.385  -8.893  18.326 0.0000000000
62576  -37.067  -8.858  15.488 0.0000000000
117839  -36.897  -8.749  13.492 0.0000000000
62604  -37.739  -9.054  12.304 0.0000000000
129771  -40.337  -8.725  13.222 0.0000000000
133344  -41.164  -8.882  12.802 0.0000000000
62598  -42.144  -8.883  12.867 0.0000000000
123747  -18.757  -27.158  41.094 0.0000000000
130136  -18.446  -28.876  38.822 0.0000000000
130700  -19.198  -28.618  37.241 0.0000000000
43285  -18.330  -27.313  42.372 0.0000000000
43276  -17.885  -27.755  43.247 0.0000000000
43257  -16.946  -27.512  45.329 0.0000000000
41555  -15.202  -30.139  42.091 0.0000000000
43282  -15.900  -29.097  43.391 0.0000000000
43274  -15.888  -28.981  44.203 0.0000000000
43260  -16.283  -28.082  45.149 0.0000000000
44268  -15.399  -26.953  45.936 0.0000000000
43259  -14.966  -27.897  45.579 0.0000000000
44267  -14.683  -26.798  46.099 0.0000000000
40521  -12.941  -32.052  45.680 0.0000000000
139432  -12.469  -31.849  45.656 0.0000000000
44531  -34.110  -27.011  25.027 0.0000000000
51996  -30.488  -20.991  21.618 0.0000000000
54902  -40.610  -17.707  21.448 0.0000000000
57685  -36.596  -14.267  25.838 0.0000000000
61548  -37.203  -10.152  22.674 0.0000000000
119176  -41.748  -6.216  8.068 0.0000000000
123873  -41.146  -7.150  18.113 0.0000000000
127756  -31.716  -21.865  23.900 0.0000000000
129632  -36.312  -23.714  29.493 0.0000000000
131211  -44.790  -8.789  12.146 0.0000000000
141051  -34.038  -24.006  26.489 0.0000000000
