#!ascii label  , from subject sub-v1s18x0051273_ses-1 vox2ras=TkReg
495
77181  -24.277  -1.457  -26.667 0.0000000000
73557  -19.385  -5.537  -23.605 0.0000000000
74439  -27.303  -4.374  -24.448 0.0000000000
69780  -22.803  -9.468  -23.265 0.0000000000
87840  -26.602  10.541  -29.715 0.0000000000
83579  -28.971  5.893  -30.131 0.0000000000
79981  -22.198  1.583  -27.549 0.0000000000
65886  -22.521  -14.170  -20.862 0.0000000000
71689  -21.019  -7.881  -23.741 0.0000000000
68814  -19.905  -10.101  -21.766 0.0000000000
86171  -27.776  8.508  -30.047 0.0000000000
84435  -26.593  6.597  -25.987 0.0000000000
77147  -18.267  -1.406  -24.584 0.0000000000
78994  -15.188  1.013  -23.130 0.0000000000
78162  -23.455  -0.187  -27.258 0.0000000000
81828  -28.075  3.297  -24.933 0.0000000000
131069  -29.149  1.197  -24.840 0.0000000000
78148  -30.348  -0.805  -25.656 0.0000000000
134174  -17.096  -2.722  -22.913 0.0000000000
75339  -20.226  -3.263  -25.236 0.0000000000
75342  -25.499  -3.083  -25.361 0.0000000000
73591  -22.795  -5.643  -25.903 0.0000000000
129588  -24.507  -7.272  -24.548 0.0000000000
70699  -26.803  -8.511  -23.465 0.0000000000
81842  -20.433  3.294  -27.345 0.0000000000
131403  -27.996  5.000  -25.854 0.0000000000
82726  -29.205  4.126  -30.705 0.0000000000
124627  -19.536  -11.938  -20.533 0.0000000000
67883  -22.449  -11.868  -21.795 0.0000000000
70672  -19.089  -8.918  -21.929 0.0000000000
68802  -18.615  -10.460  -20.844 0.0000000000
85289  -26.265  7.348  -26.299 0.0000000000
124661  -23.768  5.778  -26.215 0.0000000000
77179  -20.516  -1.790  -26.043 0.0000000000
78144  -19.526  -0.850  -25.683 0.0000000000
78163  -24.076  -0.575  -26.700 0.0000000000
79024  -25.599  0.824  -25.062 0.0000000000
79013  -26.812  0.048  -24.396 0.0000000000
79028  -29.385  0.540  -24.884 0.0000000000
78131  -27.080  -0.809  -24.393 0.0000000000
74427  -18.281  -4.243  -23.202 0.0000000000
75322  -18.994  -3.523  -24.175 0.0000000000
74436  -19.466  -4.242  -24.258 0.0000000000
74458  -21.573  -4.481  -25.727 0.0000000000
73571  -20.568  -5.433  -24.559 0.0000000000
70694  -21.765  -8.314  -23.723 0.0000000000
71706  -22.846  -7.463  -24.687 0.0000000000
130668  -23.780  -7.992  -23.921 0.0000000000
70714  -25.018  -7.704  -23.850 0.0000000000
126477  -23.905  -9.318  -23.044 0.0000000000
87026  -25.938  10.137  -27.967 0.0000000000
87832  -24.968  11.140  -27.975 0.0000000000
88610  -25.499  11.571  -29.727 0.0000000000
88616  -24.945  12.099  -30.266 0.0000000000
87856  -26.256  10.142  -31.692 0.0000000000
85319  -28.400  7.100  -30.594 0.0000000000
79035  -18.906  0.728  -26.104 0.0000000000
79964  -18.944  1.681  -26.347 0.0000000000
80938  -20.778  2.452  -27.447 0.0000000000
81833  -23.386  3.475  -26.741 0.0000000000
80928  -23.265  2.532  -26.935 0.0000000000
80942  -29.637  2.736  -28.268 0.0000000000
121507  -29.427  3.499  -28.229 0.0000000000
136046  -29.457  2.710  -30.750 0.0000000000
74461  -25.666  -3.909  -25.206 0.0000000000
76235  -28.801  -2.560  -24.494 0.0000000000
136198  -20.999  -13.803  -20.199 0.0000000000
66891  -20.921  -13.054  -20.778 0.0000000000
66902  -20.880  -12.166  -21.242 0.0000000000
66904  -22.470  -12.524  -21.468 0.0000000000
72653  -18.841  -6.843  -22.606 0.0000000000
72669  -19.982  -6.715  -23.629 0.0000000000
71675  -19.347  -7.625  -22.776 0.0000000000
69761  -20.324  -8.959  -22.790 0.0000000000
69762  -21.083  -9.504  -22.964 0.0000000000
87017  -26.220  9.411  -27.572 0.0000000000
87035  -27.420  9.236  -29.674 0.0000000000
86159  -27.381  8.353  -27.543 0.0000000000
85300  -27.727  7.589  -27.256 0.0000000000
84452  -28.742  6.558  -28.061 0.0000000000
77130  -16.320  -1.208  -23.000 0.0000000000
119701  -17.167  -0.573  -24.154 0.0000000000
119650  -18.651  0.137  -25.684 0.0000000000
79051  -22.011  0.794  -27.588 0.0000000000
139665  -24.932  2.305  -25.546 0.0000000000
79952  -25.289  1.606  -25.326 0.0000000000
80919  -28.715  2.617  -25.006 0.0000000000
137328  -29.866  1.764  -27.244 0.0000000000
121613  -30.577  0.721  -28.400 0.0000000000
64784  -23.846  -14.664  -21.000 0.0000000000
139416  -23.867  -14.051  -21.188 0.0000000000
76216  -17.341  -2.037  -23.521 0.0000000000
76247  -19.759  -2.596  -25.189 0.0000000000
76264  -22.467  -2.684  -26.932 0.0000000000
76249  -25.423  -2.222  -25.437 0.0000000000
122031  -23.400  -3.827  -26.646 0.0000000000
74480  -24.384  -4.337  -26.278 0.0000000000
74459  -24.600  -4.985  -25.803 0.0000000000
72686  -21.305  -6.646  -24.517 0.0000000000
72706  -23.787  -6.496  -25.579 0.0000000000
73573  -25.870  -5.688  -24.658 0.0000000000
72689  -26.257  -6.353  -24.231 0.0000000000
71691  -27.023  -7.611  -23.576 0.0000000000
87046  -27.230  8.829  -31.673 0.0000000000
129662  -24.342  4.948  -25.990 0.0000000000
83555  -26.912  5.832  -25.754 0.0000000000
127021  -29.039  5.607  -28.287 0.0000000000
81827  -27.509  3.863  -25.153 0.0000000000
82707  -29.086  4.752  -27.924 0.0000000000
82725  -29.029  4.997  -30.369 0.0000000000
77152  -27.449  -1.702  -24.435 0.0000000000
77168  -30.611  -1.677  -26.089 0.0000000000
67863  -18.248  -11.153  -20.194 0.0000000000
67880  -19.964  -10.902  -21.431 0.0000000000
68816  -21.186  -10.926  -22.103 0.0000000000
68830  -22.331  -10.733  -22.565 0.0000000000
130048  -23.791  -12.683  -21.584 0.0000000000
67901  -24.507  -11.465  -22.259 0.0000000000
69766  -24.372  -10.019  -22.651 0.0000000000
129657  -22.123  5.032  -27.372 0.0000000000
76279  -22.362  -1.926  -27.181 0.0000000000
77193  -22.693  -1.363  -27.430 0.0000000000
78176  -23.664  -1.077  -27.167 0.0000000000
78164  -24.824  -0.871  -25.996 0.0000000000
78146  -25.603  -0.741  -25.171 0.0000000000
140047  -26.295  -0.593  -24.608 0.0000000000
77166  -25.352  -1.465  -25.491 0.0000000000
73540  -18.328  -5.625  -22.596 0.0000000000
74414  -17.707  -4.450  -22.537 0.0000000000
74428  -18.907  -4.833  -23.462 0.0000000000
125636  -18.845  -4.144  -23.769 0.0000000000
74429  -19.505  -4.905  -23.920 0.0000000000
74437  -20.058  -4.857  -24.401 0.0000000000
73570  -19.959  -5.518  -24.089 0.0000000000
69779  -21.834  -9.126  -23.381 0.0000000000
70695  -22.563  -8.556  -23.689 0.0000000000
70696  -23.432  -8.637  -23.604 0.0000000000
70697  -24.539  -8.519  -23.495 0.0000000000
87834  -26.329  10.397  -28.738 0.0000000000
136315  -25.668  10.806  -28.347 0.0000000000
87833  -25.998  11.041  -29.229 0.0000000000
87839  -26.104  11.091  -30.237 0.0000000000
87847  -25.886  10.882  -31.257 0.0000000000
87848  -26.526  10.404  -30.707 0.0000000000
84456  -28.708  6.706  -29.919 0.0000000000
85325  -28.299  6.911  -31.423 0.0000000000
84468  -28.451  6.221  -31.709 0.0000000000
83592  -28.571  5.459  -31.983 0.0000000000
79966  -20.351  1.151  -27.005 0.0000000000
79951  -18.206  1.438  -25.621 0.0000000000
79965  -19.746  1.843  -26.787 0.0000000000
80939  -21.638  2.239  -27.580 0.0000000000
80941  -22.786  2.500  -27.316 0.0000000000
80960  -30.136  1.906  -29.540 0.0000000000
119963  -29.799  2.573  -29.240 0.0000000000
137589  -26.527  -4.149  -24.662 0.0000000000
123735  -28.475  -3.305  -24.488 0.0000000000
75326  -28.104  -4.191  -24.399 0.0000000000
121572  -22.677  -14.965  -20.592 0.0000000000
64783  -21.917  -14.383  -20.350 0.0000000000
65885  -21.735  -13.603  -20.767 0.0000000000
66903  -21.700  -12.800  -21.175 0.0000000000
65899  -22.467  -13.363  -21.175 0.0000000000
71674  -18.620  -7.622  -22.185 0.0000000000
69748  -19.020  -9.757  -21.544 0.0000000000
137100  -19.658  -8.746  -22.394 0.0000000000
69749  -19.795  -9.332  -22.091 0.0000000000
69750  -20.497  -9.748  -22.324 0.0000000000
86157  -25.592  8.894  -26.984 0.0000000000
86165  -27.089  9.124  -27.821 0.0000000000
86144  -25.923  8.126  -26.611 0.0000000000
84434  -25.519  6.658  -25.904 0.0000000000
85290  -27.262  7.150  -26.542 0.0000000000
138497  -28.374  7.253  -27.825 0.0000000000
84445  -28.172  6.760  -27.065 0.0000000000
77131  -16.896  -1.258  -23.566 0.0000000000
78127  -17.859  -0.680  -24.602 0.0000000000
78173  -21.487  -0.583  -27.218 0.0000000000
78160  -19.901  -0.405  -26.208 0.0000000000
78172  -21.186  0.059  -27.315 0.0000000000
79037  -20.680  0.394  -27.027 0.0000000000
129819  -23.026  0.329  -27.541 0.0000000000
79038  -23.383  0.773  -27.087 0.0000000000
129197  -24.130  0.840  -26.450 0.0000000000
79025  -26.504  0.840  -24.554 0.0000000000
79954  -27.182  1.615  -24.517 0.0000000000
79956  -29.239  1.864  -25.281 0.0000000000
79969  -29.614  1.793  -26.370 0.0000000000
117752  -30.274  1.382  -27.931 0.0000000000
79970  -30.145  1.094  -26.797 0.0000000000
79029  -29.940  0.060  -25.431 0.0000000000
127477  -30.387  0.319  -26.832 0.0000000000
78165  -30.627  -0.923  -26.547 0.0000000000
131809  -24.180  -15.475  -20.555 0.0000000000
63650  -24.790  -15.427  -20.267 0.0000000000
76200  -16.483  -2.593  -22.352 0.0000000000
76215  -16.684  -1.952  -22.935 0.0000000000
75323  -19.623  -3.534  -24.682 0.0000000000
76232  -19.226  -2.837  -24.649 0.0000000000
138167  -19.706  -3.060  -24.908 0.0000000000
76248  -20.392  -2.458  -25.661 0.0000000000
123588  -20.986  -3.075  -25.802 0.0000000000
124784  -22.951  -3.372  -26.807 0.0000000000
75341  -21.581  -3.697  -26.000 0.0000000000
73608  -22.284  -5.009  -26.018 0.0000000000
74479  -23.605  -4.625  -26.511 0.0000000000
136085  -22.976  -5.092  -26.401 0.0000000000
73609  -23.447  -5.442  -26.152 0.0000000000
71688  -20.735  -7.055  -23.941 0.0000000000
71704  -21.476  -7.289  -24.248 0.0000000000
126506  -23.687  -7.486  -24.629 0.0000000000
71721  -23.274  -6.911  -25.309 0.0000000000
71707  -24.067  -6.955  -25.224 0.0000000000
72707  -24.327  -6.341  -25.469 0.0000000000
72687  -24.755  -6.693  -24.910 0.0000000000
71708  -25.301  -7.086  -24.296 0.0000000000
70698  -25.700  -8.449  -23.428 0.0000000000
71690  -25.983  -7.649  -23.676 0.0000000000
70700  -27.983  -8.445  -23.573 0.0000000000
128370  -27.728  8.772  -29.196 0.0000000000
87039  -27.400  9.048  -30.655 0.0000000000
86177  -27.729  8.157  -31.148 0.0000000000
127768  -16.204  0.166  -23.604 0.0000000000
81841  -19.649  3.465  -26.875 0.0000000000
125142  -20.881  3.982  -27.502 0.0000000000
82699  -22.478  4.442  -27.278 0.0000000000
130534  -22.376  4.045  -27.374 0.0000000000
82676  -26.435  4.524  -25.351 0.0000000000
82687  -24.771  4.419  -25.726 0.0000000000
83543  -27.262  5.035  -25.554 0.0000000000
83566  -28.231  5.924  -26.709 0.0000000000
83557  -28.346  5.190  -26.440 0.0000000000
80916  -25.822  2.517  -24.840 0.0000000000
125203  -26.002  3.320  -25.059 0.0000000000
81859  -29.457  3.314  -30.145 0.0000000000
82701  -29.178  4.003  -27.650 0.0000000000
82717  -29.331  4.308  -29.596 0.0000000000
141883  -29.317  4.850  -28.773 0.0000000000
82737  -29.001  3.941  -31.687 0.0000000000
76266  -24.846  -2.771  -26.057 0.0000000000
76250  -26.011  -2.554  -24.883 0.0000000000
76236  -29.366  -2.178  -24.577 0.0000000000
66889  -19.382  -12.360  -19.971 0.0000000000
67847  -18.906  -11.742  -20.066 0.0000000000
67864  -19.241  -11.221  -20.792 0.0000000000
67882  -21.803  -12.012  -21.531 0.0000000000
140989  -21.265  -11.537  -21.705 0.0000000000
67898  -21.931  -11.308  -22.079 0.0000000000
138384  -21.679  -10.633  -22.471 0.0000000000
67899  -22.769  -11.408  -22.243 0.0000000000
65900  -23.980  -13.448  -21.390 0.0000000000
68832  -23.959  -10.753  -22.461 0.0000000000
70671  -18.312  -8.366  -21.684 0.0000000000
121066  -18.421  -9.142  -21.449 0.0000000000
138518  -19.353  -10.501  -21.315 0.0000000000
85288  -25.194  7.461  -26.220 0.0000000000
84433  -24.433  6.632  -26.117 0.0000000000
83553  -24.721  5.791  -25.748 0.0000000000
77165  -19.801  -1.765  -25.558 0.0000000000
142234  -18.427  -0.798  -24.987 0.0000000000
77180  -21.091  -1.356  -26.624 0.0000000000
77192  -21.927  -1.335  -27.209 0.0000000000
78175  -23.062  -0.598  -27.548 0.0000000000
79039  -23.846  0.163  -26.749 0.0000000000
78145  -25.226  0.017  -25.561 0.0000000000
126914  -25.925  0.072  -24.760 0.0000000000
79026  -27.554  0.792  -24.449 0.0000000000
79041  -29.673  1.030  -25.621 0.0000000000
79027  -28.619  0.603  -24.542 0.0000000000
139681  -29.070  0.206  -24.626 0.0000000000
79015  -28.752  -0.271  -24.462 0.0000000000
75294  -17.214  -3.976  -22.266 0.0000000000
75310  -17.615  -3.577  -22.909 0.0000000000
76217  -17.818  -2.811  -23.528 0.0000000000
75311  -18.327  -3.536  -23.632 0.0000000000
75324  -20.269  -4.188  -24.860 0.0000000000
75340  -20.898  -3.934  -25.528 0.0000000000
74457  -20.996  -4.646  -25.226 0.0000000000
73590  -21.554  -5.183  -25.419 0.0000000000
118751  -22.087  -5.757  -25.485 0.0000000000
138422  -21.760  -7.742  -24.045 0.0000000000
70711  -22.388  -7.862  -24.074 0.0000000000
70712  -23.114  -7.940  -24.059 0.0000000000
70713  -24.275  -7.743  -24.073 0.0000000000
126352  -25.492  -9.144  -23.253 0.0000000000
87015  -24.326  9.648  -27.218 0.0000000000
137546  -25.323  11.441  -28.726 0.0000000000
87855  -25.558  10.636  -32.277 0.0000000000
85318  -28.094  7.762  -30.344 0.0000000000
131094  -28.117  7.477  -31.098 0.0000000000
80892  -15.587  2.757  -23.349 0.0000000000
79950  -17.807  2.303  -25.374 0.0000000000
80927  -19.251  2.599  -26.566 0.0000000000
81843  -21.284  3.143  -27.548 0.0000000000
81845  -22.731  3.833  -27.218 0.0000000000
137569  -22.888  3.173  -27.208 0.0000000000
81834  -24.433  3.604  -26.074 0.0000000000
81825  -25.543  3.940  -25.386 0.0000000000
80930  -29.196  3.065  -26.646 0.0000000000
81847  -29.329  3.254  -27.460 0.0000000000
140632  -29.643  2.940  -29.661 0.0000000000
75343  -26.294  -3.294  -24.774 0.0000000000
76234  -27.935  -2.561  -24.459 0.0000000000
75325  -27.337  -3.489  -24.503 0.0000000000
75328  -29.460  -3.055  -24.670 0.0000000000
124972  -20.291  -13.534  -19.832 0.0000000000
65884  -20.417  -13.184  -20.312 0.0000000000
66890  -20.106  -12.528  -20.608 0.0000000000
67865  -20.030  -11.717  -21.076 0.0000000000
72652  -18.082  -6.215  -22.190 0.0000000000
72667  -18.697  -6.094  -22.734 0.0000000000
72684  -19.799  -6.073  -23.789 0.0000000000
72668  -19.291  -6.277  -23.250 0.0000000000
128333  -19.503  -7.033  -23.162 0.0000000000
71687  -20.100  -7.583  -23.375 0.0000000000
70681  -19.170  -8.260  -22.305 0.0000000000
70682  -19.828  -8.283  -22.868 0.0000000000
70693  -20.434  -8.310  -23.269 0.0000000000
69778  -21.038  -8.721  -23.365 0.0000000000
69763  -21.910  -10.009  -22.915 0.0000000000
86156  -24.646  9.011  -26.934 0.0000000000
87016  -25.225  9.732  -27.431 0.0000000000
87027  -26.646  9.731  -28.257 0.0000000000
87034  -26.887  9.838  -29.188 0.0000000000
87028  -27.273  9.259  -28.698 0.0000000000
86166  -27.704  8.639  -28.381 0.0000000000
85299  -26.901  7.926  -26.821 0.0000000000
85311  -28.141  8.057  -29.252 0.0000000000
124111  -28.618  7.208  -28.872 0.0000000000
128891  -28.987  6.241  -29.138 0.0000000000
78125  -16.858  0.196  -24.258 0.0000000000
78143  -18.805  -0.510  -25.466 0.0000000000
78142  -18.175  -0.068  -25.186 0.0000000000
79008  -17.223  0.708  -24.630 0.0000000000
79023  -18.325  0.572  -25.568 0.0000000000
79050  -21.237  0.760  -27.419 0.0000000000
79980  -21.628  1.392  -27.543 0.0000000000
79967  -23.090  1.705  -27.227 0.0000000000
124378  -23.700  1.669  -26.660 0.0000000000
79968  -24.514  1.633  -26.059 0.0000000000
122543  -26.777  2.296  -24.557 0.0000000000
121484  -24.832  0.812  -25.756 0.0000000000
79953  -26.156  1.642  -24.611 0.0000000000
135160  -29.231  2.522  -26.045 0.0000000000
79983  -29.875  2.074  -27.864 0.0000000000
80000  -30.461  1.386  -29.801 0.0000000000
122062  -30.403  1.218  -29.026 0.0000000000
79071  -30.772  0.831  -29.697 0.0000000000
79053  -30.506  0.544  -27.606 0.0000000000
74440  -27.810  -4.967  -24.290 0.0000000000
63649  -23.444  -15.318  -20.645 0.0000000000
140799  -23.137  -14.642  -20.909 0.0000000000
64794  -23.265  -13.954  -21.211 0.0000000000
77146  -17.572  -1.355  -24.104 0.0000000000
76230  -18.051  -2.102  -24.059 0.0000000000
76246  -19.289  -2.149  -25.006 0.0000000000
76262  -21.050  -2.279  -26.234 0.0000000000
76263  -21.754  -2.083  -26.783 0.0000000000
76281  -23.533  -2.406  -27.182 0.0000000000
77182  -24.859  -1.853  -26.075 0.0000000000
76282  -24.019  -2.828  -26.818 0.0000000000
135547  -24.406  -2.824  -26.489 0.0000000000
75357  -24.410  -3.397  -26.427 0.0000000000
74478  -22.797  -4.269  -26.459 0.0000000000
75358  -24.951  -3.676  -25.843 0.0000000000
74460  -25.067  -4.486  -25.583 0.0000000000
73594  -25.799  -4.748  -24.943 0.0000000000
72685  -20.497  -6.205  -24.227 0.0000000000
73572  -21.288  -5.855  -24.901 0.0000000000
71719  -21.873  -6.976  -24.707 0.0000000000
72705  -22.650  -6.342  -25.464 0.0000000000
72719  -23.322  -6.131  -25.724 0.0000000000
134262  -23.912  -5.921  -25.875 0.0000000000
73593  -25.126  -5.270  -25.323 0.0000000000
120555  -26.808  -5.063  -24.437 0.0000000000
73574  -27.602  -5.580  -24.109 0.0000000000
117359  -26.911  -5.942  -24.109 0.0000000000
71709  -26.151  -6.948  -23.990 0.0000000000
71710  -27.063  -6.741  -23.752 0.0000000000
87038  -27.068  9.853  -30.191 0.0000000000
87045  -26.864  9.602  -31.176 0.0000000000
86183  -27.494  8.094  -32.203 0.0000000000
82698  -22.012  4.539  -27.483 0.0000000000
83552  -23.458  4.984  -26.518 0.0000000000
83554  -25.892  5.902  -25.673 0.0000000000
82686  -23.836  4.262  -26.393 0.0000000000
124755  -25.302  5.177  -25.615 0.0000000000
84436  -27.536  6.366  -26.293 0.0000000000
84446  -28.613  6.054  -27.441 0.0000000000
80929  -24.199  2.626  -26.341 0.0000000000
81826  -26.605  3.877  -25.111 0.0000000000
82688  -27.815  4.442  -25.577 0.0000000000
81846  -28.823  3.765  -26.674 0.0000000000
82689  -28.354  4.474  -26.174 0.0000000000
82700  -28.776  4.587  -27.007 0.0000000000
82716  -29.214  5.334  -29.397 0.0000000000
83586  -28.691  5.596  -31.033 0.0000000000
77151  -26.199  -1.581  -24.725 0.0000000000
78132  -28.093  -0.922  -24.312 0.0000000000
78133  -28.892  -0.988  -24.390 0.0000000000
77153  -28.620  -1.760  -24.414 0.0000000000
125479  -29.583  -1.414  -24.606 0.0000000000
68815  -20.583  -10.509  -21.941 0.0000000000
68829  -21.152  -10.219  -22.491 0.0000000000
69764  -22.687  -10.225  -22.842 0.0000000000
66905  -23.183  -13.020  -21.428 0.0000000000
67884  -23.193  -12.134  -21.771 0.0000000000
67885  -24.118  -12.058  -21.788 0.0000000000
67900  -23.596  -11.434  -22.190 0.0000000000
68831  -23.108  -10.814  -22.579 0.0000000000
69765  -23.461  -10.047  -22.739 0.0000000000
69781  -24.886  -9.458  -23.032 0.0000000000
66906  -24.518  -12.815  -21.681 0.0000000000
67881  -20.643  -11.298  -21.589 0.0000000000
71692  -28.057  -7.397  -23.602 0.0000000000
71705  -22.136  -7.403  -24.504 0.0000000000
71720  -22.463  -6.975  -25.029 0.0000000000
72688  -25.507  -6.461  -24.561 0.0000000000
72704  -21.959  -6.429  -25.020 0.0000000000
72708  -24.997  -6.034  -25.135 0.0000000000
73556  -18.841  -5.549  -23.068 0.0000000000
73589  -21.040  -5.193  -24.945 0.0000000000
73592  -24.492  -5.638  -25.656 0.0000000000
73610  -24.079  -5.209  -26.187 0.0000000000
74415  -18.322  -4.979  -22.812 0.0000000000
74438  -20.606  -4.855  -24.768 0.0000000000
74477  -22.102  -4.231  -26.125 0.0000000000
75354  -21.682  -2.889  -26.361 0.0000000000
75355  -22.264  -3.533  -26.459 0.0000000000
75356  -23.964  -3.735  -26.712 0.0000000000
75373  -23.115  -2.774  -27.188 0.0000000000
75374  -23.542  -3.148  -26.915 0.0000000000
76231  -18.522  -2.831  -24.099 0.0000000000
76233  -26.847  -2.534  -24.567 0.0000000000
76265  -24.388  -2.292  -26.596 0.0000000000
76280  -22.948  -2.143  -27.325 0.0000000000
77164  -18.955  -1.385  -25.148 0.0000000000
77167  -30.217  -1.515  -25.136 0.0000000000
77178  -20.274  -1.068  -26.093 0.0000000000
77194  -23.358  -1.585  -27.344 0.0000000000
77195  -23.916  -1.966  -27.118 0.0000000000
78126  -17.498  0.048  -24.666 0.0000000000
78134  -29.382  -0.697  -24.602 0.0000000000
78147  -29.941  -0.726  -24.928 0.0000000000
78159  -19.258  -0.085  -25.947 0.0000000000
78161  -20.661  -0.359  -26.698 0.0000000000
78174  -22.266  -0.610  -27.512 0.0000000000
79014  -27.799  -0.080  -24.329 0.0000000000
79036  -19.885  0.361  -26.511 0.0000000000
79040  -24.519  0.052  -26.251 0.0000000000
79052  -22.611  0.927  -27.508 0.0000000000
79955  -28.390  1.640  -24.648 0.0000000000
79979  -20.984  1.641  -27.464 0.0000000000
79982  -22.697  1.707  -27.420 0.0000000000
79992  -30.022  1.984  -28.656 0.0000000000
80917  -26.979  3.156  -24.695 0.0000000000
80918  -27.719  2.462  -24.658 0.0000000000
80937  -20.021  2.585  -27.080 0.0000000000
80940  -22.355  2.413  -27.494 0.0000000000
80959  -29.813  2.485  -30.094 0.0000000000
80969  -29.475  2.621  -31.471 0.0000000000
81835  -28.257  3.871  -25.668 0.0000000000
81836  -28.768  3.230  -25.830 0.0000000000
81844  -22.476  3.306  -27.395 0.0000000000
81852  -29.543  3.369  -29.121 0.0000000000
81869  -29.170  3.240  -31.117 0.0000000000
82675  -25.681  4.666  -25.481 0.0000000000
82677  -27.158  4.355  -25.310 0.0000000000
82685  -22.966  4.301  -26.944 0.0000000000
82708  -29.352  4.134  -28.562 0.0000000000
83542  -26.273  5.217  -25.519 0.0000000000
83556  -27.796  5.623  -25.993 0.0000000000
83565  -22.629  4.913  -27.052 0.0000000000
83567  -28.728  5.364  -27.267 0.0000000000
84460  -28.591  6.392  -30.815 0.0000000000
85305  -28.097  7.909  -28.143 0.0000000000
85312  -28.408  7.364  -29.817 0.0000000000
86158  -26.554  8.673  -27.182 0.0000000000
118520  -29.532  2.450  -27.156 0.0000000000
120192  -21.981  3.012  -27.569 0.0000000000
120911  -19.552  1.140  -26.552 0.0000000000
121236  -18.706  -2.136  -24.602 0.0000000000
122933  -26.617  9.379  -32.120 0.0000000000
124017  -21.830  3.841  -27.534 0.0000000000
124612  -25.094  3.064  -25.466 0.0000000000
125981  -21.782  0.077  -27.585 0.0000000000
127659  -17.310  1.649  -24.824 0.0000000000
129007  -16.434  0.426  -23.935 0.0000000000
130675  -22.516  0.139  -27.627 0.0000000000
134807  -29.469  -0.137  -24.785 0.0000000000
137331  -20.371  1.926  -27.207 0.0000000000
139205  -24.069  5.314  -26.084 0.0000000000
140816  -22.972  1.075  -27.419 0.0000000000
141448  -19.185  -4.516  -23.838 0.0000000000
141965  -30.147  0.498  -26.163 0.0000000000
