#!ascii label  , from subject sub-v1s18x0051250_ses-1 vox2ras=TkReg
692
20034  -37.650  -54.797  -23.768 0.6999999881
21751  -38.246  -53.236  -24.922 0.6000000238
22634  -37.852  -52.710  -25.774 0.6000000238
22653  -36.651  -51.786  -27.517 0.4000000060
20832  -33.143  -54.346  -15.639 0.6999999881
22520  -33.513  -52.884  -16.607 0.6999999881
128868  -33.868  -54.696  -15.998 0.6999999881
135053  -34.067  -53.165  -16.662 0.6000000238
20852  -34.678  -54.581  -16.874 0.6999999881
21689  -34.586  -53.173  -17.171 0.6000000238
125710  -35.211  -54.563  -17.652 0.6000000238
132345  -35.468  -53.870  -18.089 0.6000000238
20877  -36.009  -54.887  -19.040 0.6000000238
21700  -36.023  -54.020  -18.807 0.6000000238
132114  -36.411  -52.528  -19.421 0.5000000000
20888  -37.094  -53.717  -19.973 0.5000000000
22590  -37.168  -52.819  -20.039 0.5000000000
21733  -38.369  -52.875  -21.519 0.6000000238
20908  -38.374  -53.962  -22.654 0.6000000238
130748  -38.838  -52.069  -22.929 0.6000000238
126082  -38.766  -51.943  -23.852 0.6000000238
136864  -38.471  -51.830  -24.736 0.6000000238
22519  -32.761  -52.685  -16.706 0.6000000238
23451  -33.115  -51.877  -17.704 0.6000000238
23452  -33.787  -51.822  -17.697 0.6000000238
22556  -34.541  -51.987  -17.888 0.6000000238
23475  -34.988  -51.664  -18.615 0.6000000238
22557  -35.213  -52.421  -18.205 0.6000000238
21699  -35.830  -53.059  -18.622 0.6000000238
23488  -36.199  -51.774  -19.646 0.6000000238
23505  -37.157  -51.505  -20.531 0.6000000238
131204  -37.824  -52.779  -20.773 0.6000000238
23516  -37.644  -51.402  -21.032 0.6999999881
23517  -38.219  -51.355  -21.673 0.6000000238
23524  -38.549  -51.318  -22.437 0.6000000238
22635  -38.307  -52.421  -25.103 0.5000000000
23547  -37.982  -51.765  -25.744 0.5000000000
22518  -32.039  -52.747  -17.111 0.6000000238
23472  -32.619  -51.926  -18.135 0.6000000238
23500  -32.991  -51.737  -19.909 0.6000000238
23485  -33.588  -51.420  -19.106 0.6000000238
23486  -34.566  -51.283  -19.393 0.6000000238
23501  -33.614  -51.487  -20.993 0.6000000238
23502  -34.517  -51.093  -20.502 0.6000000238
24345  -35.261  -51.102  -20.104 0.6000000238
23487  -35.476  -51.487  -19.407 0.6000000238
24355  -35.627  -50.581  -20.498 0.6000000238
24356  -36.298  -50.537  -20.513 0.6999999881
23531  -38.613  -51.249  -23.325 0.6000000238
24390  -38.223  -50.470  -24.535 0.6000000238
23558  -37.369  -51.312  -26.802 0.4000000060
22554  -31.411  -52.580  -18.555 0.6000000238
22535  -31.976  -52.442  -17.945 0.6000000238
22588  -32.158  -52.273  -20.200 0.6000000238
23514  -32.974  -51.853  -21.765 0.6000000238
23515  -33.611  -51.294  -21.942 0.5000000000
24364  -33.924  -50.831  -21.864 0.6000000238
117046  -35.197  -50.148  -20.703 0.6999999881
25225  -37.372  -49.145  -21.517 0.6000000238
25215  -37.337  -49.871  -21.145 0.6000000238
24374  -37.861  -49.893  -21.763 0.6000000238
123940  -38.160  -49.996  -22.358 0.6000000238
25235  -38.128  -49.799  -23.141 0.6000000238
25258  -37.678  -49.316  -25.392 0.6000000238
24401  -37.910  -50.170  -25.283 0.6000000238
128112  -37.579  -49.000  -26.963 0.4000000060
130204  -37.617  -49.790  -26.333 0.5000000000
122374  -30.840  -52.446  -19.036 0.5000000000
22572  -30.881  -52.451  -19.964 0.6000000238
22587  -31.448  -52.514  -20.469 0.6000000238
120114  -31.817  -52.463  -21.747 0.6000000238
137501  -32.398  -52.247  -21.557 0.5000000000
22604  -31.539  -52.458  -22.549 0.5000000000
23522  -32.817  -51.636  -22.532 0.5000000000
24373  -33.267  -50.443  -22.353 0.6000000238
25233  -33.009  -49.423  -22.331 0.6000000238
25223  -33.685  -49.845  -21.671 0.6999999881
26136  -34.315  -48.413  -20.556 0.6999999881
118978  -35.784  -49.668  -20.610 0.6999999881
27887  -35.876  -46.985  -20.858 0.6000000238
26137  -36.321  -48.927  -20.709 0.6999999881
27004  -36.336  -47.569  -20.944 0.6000000238
27012  -36.876  -47.525  -21.552 0.6000000238
26146  -37.388  -48.282  -22.008 0.6000000238
26153  -37.620  -48.535  -22.983 0.6000000238
26159  -37.690  -48.672  -23.907 0.6000000238
25270  -37.597  -49.015  -26.129 0.5000000000
23499  -30.314  -52.222  -20.364 0.6000000238
22585  -29.892  -52.285  -21.244 0.6000000238
22597  -31.066  -52.636  -21.880 0.5000000000
22603  -30.599  -52.646  -22.731 0.6000000238
22614  -31.046  -52.417  -23.351 0.5000000000
23530  -32.181  -51.600  -23.269 0.6000000238
23529  -31.418  -51.976  -23.758 0.5000000000
24372  -32.773  -50.988  -22.863 0.6000000238
24382  -32.056  -50.583  -23.557 0.5000000000
25232  -32.574  -49.999  -23.035 0.5000000000
26152  -32.923  -48.581  -22.508 0.5000000000
26144  -33.369  -48.689  -21.541 0.6000000238
27018  -33.147  -47.831  -22.248 0.5000000000
27011  -33.517  -47.725  -21.278 0.5000000000
129332  -33.748  -48.315  -20.837 0.6000000238
28691  -33.808  -45.902  -21.865 0.4000000060
27002  -34.775  -47.603  -20.548 0.6999999881
27895  -34.365  -46.094  -21.207 0.4000000060
27896  -35.764  -46.202  -21.089 0.5000000000
27897  -36.406  -46.843  -21.272 0.6000000238
28695  -36.953  -45.801  -22.080 0.5000000000
27902  -37.250  -46.570  -22.636 0.6000000238
129072  -37.313  -45.870  -22.964 0.5000000000
125802  -37.541  -47.965  -23.565 0.6000000238
27053  -37.777  -47.509  -26.804 0.5000000000
27909  -37.484  -46.449  -23.708 0.6000000238
120678  -37.529  -46.754  -24.761 0.6000000238
27045  -37.593  -47.769  -25.797 0.6000000238
23513  -28.949  -51.869  -21.487 0.5000000000
126069  -29.776  -52.723  -22.811 0.5000000000
22613  -29.787  -52.656  -23.642 0.5000000000
23528  -30.417  -52.247  -24.195 0.4000000060
25241  -31.589  -50.287  -24.376 0.4000000060
25242  -32.020  -49.559  -24.045 0.5000000000
26151  -32.548  -49.015  -23.237 0.5000000000
26158  -32.312  -48.617  -24.226 0.5000000000
138322  -33.704  -44.915  -22.953 0.4000000060
126493  -33.628  -45.559  -22.827 0.4000000060
28699  -34.011  -45.013  -22.141 0.4000000060
29491  -35.232  -44.584  -21.520 0.5000000000
28693  -35.449  -45.352  -21.267 0.5000000000
140902  -35.669  -44.114  -21.651 0.5000000000
139670  -36.246  -44.759  -21.627 0.5000000000
28701  -37.133  -45.134  -22.787 0.5000000000
28734  -38.085  -45.606  -26.535 0.5000000000
27937  -37.847  -46.623  -26.532 0.5000000000
27919  -37.615  -45.897  -24.663 0.6000000238
134148  -37.586  -47.031  -25.616 0.5000000000
25248  -31.903  -48.957  -24.872 0.4000000060
26169  -32.158  -48.320  -25.102 0.5000000000
27907  -32.736  -47.303  -24.138 0.5000000000
27918  -33.059  -45.898  -24.463 0.5000000000
30413  -34.616  -43.604  -22.279 0.4000000060
29504  -36.228  -44.153  -21.787 0.5000000000
28725  -38.337  -44.535  -26.560 0.5000000000
28735  -38.634  -44.792  -27.523 0.3000000119
124283  -36.043  -42.712  -22.268 0.5000000000
29517  -37.409  -44.606  -23.412 0.5000000000
138906  -37.703  -45.101  -24.745 0.5000000000
27917  -32.698  -46.686  -24.780 0.4000000060
28708  -33.401  -45.319  -23.699 0.4000000060
28723  -32.777  -45.460  -25.269 0.4000000060
31291  -33.966  -42.904  -23.797 0.4000000060
29516  -33.516  -44.457  -23.700 0.4000000060
31273  -35.047  -42.337  -22.653 0.4000000060
31292  -34.537  -42.204  -23.340 0.4000000060
31274  -35.711  -42.179  -22.543 0.5000000000
29537  -38.670  -43.233  -26.610 0.4000000060
29547  -39.013  -43.557  -27.599 0.4000000060
129734  -37.502  -43.793  -23.590 0.5000000000
29536  -38.024  -44.356  -25.503 0.5000000000
30432  -37.145  -43.201  -23.026 0.5000000000
130403  -37.840  -43.274  -24.485 0.5000000000
29526  -37.711  -44.311  -24.385 0.5000000000
32169  -34.644  -41.369  -23.829 0.4000000060
32147  -35.214  -41.700  -22.928 0.4000000060
30453  -39.323  -41.509  -26.651 0.4000000060
29527  -38.251  -43.154  -25.451 0.5000000000
31275  -36.245  -41.953  -22.725 0.5000000000
30442  -37.702  -42.770  -23.974 0.5000000000
32991  -35.063  -40.632  -23.894 0.4000000060
31304  -39.604  -40.316  -26.105 0.4000000060
31310  -40.150  -40.621  -26.578 0.3000000119
32979  -36.142  -40.761  -23.300 0.5000000000
31293  -36.911  -41.646  -23.339 0.5000000000
30443  -38.419  -41.877  -25.234 0.5000000000
117447  -35.139  -39.977  -24.575 0.4000000060
31303  -38.755  -40.457  -25.267 0.3000000119
32996  -39.602  -39.811  -24.816 0.3000000119
32992  -35.807  -40.253  -23.733 0.4000000060
128027  -37.733  -41.024  -24.339 0.5000000000
32993  -36.740  -39.712  -24.249 0.4000000060
135370  -36.933  -40.316  -23.915 0.5000000000
32994  -38.308  -39.539  -24.758 0.5000000000
34645  -36.049  -38.373  -25.176 0.4000000060
32995  -39.324  -39.556  -24.442 0.3000000119
32150  -39.331  -40.317  -23.589 0.3000000119
33824  -35.948  -39.529  -24.322 0.4000000060
33836  -39.030  -39.307  -24.547 0.4000000060
33835  -36.786  -38.818  -24.672 0.4000000060
33004  -38.041  -39.065  -24.666 0.4000000060
34661  -35.602  -37.925  -25.972 0.5000000000
33815  -38.653  -39.383  -22.891 0.3000000119
32964  -38.805  -40.102  -22.100 0.4000000060
33791  -38.940  -39.026  -20.881 0.4000000060
33804  -39.115  -39.831  -21.314 0.4000000060
34646  -36.976  -38.075  -24.749 0.4000000060
34622  -38.006  -38.216  -23.203 0.5000000000
34623  -38.289  -38.784  -22.432 0.4000000060
35509  -37.617  -37.831  -24.268 0.5000000000
34647  -37.863  -38.446  -24.464 0.5000000000
35496  -37.715  -37.685  -23.737 0.5000000000
35472  -37.601  -37.569  -21.592 0.4000000060
35461  -38.075  -37.799  -20.965 0.4000000060
34598  -38.630  -38.288  -20.783 0.4000000060
135730  -39.503  -39.525  -20.843 0.3000000119
35508  -36.838  -37.348  -24.668 0.5000000000
35495  -37.363  -37.286  -24.094 0.5000000000
124301  -38.160  -35.890  -20.134 0.4000000060
125799  -39.066  -36.139  -20.035 0.3000000119
36502  -35.747  -36.059  -25.259 0.5000000000
37473  -37.007  -35.831  -20.955 0.4000000060
35460  -37.532  -37.118  -21.008 0.4000000060
125797  -38.272  -36.881  -20.451 0.4000000060
136073  -39.027  -37.016  -20.286 0.4000000060
35463  -40.099  -37.461  -20.354 0.3000000119
36503  -36.269  -36.653  -24.968 0.5000000000
36491  -37.224  -37.043  -23.511 0.5000000000
128659  -37.241  -37.102  -21.831 0.5000000000
36490  -36.850  -36.634  -24.129 0.5000000000
37459  -37.835  -35.094  -20.002 0.4000000060
37451  -38.631  -35.128  -19.859 0.4000000060
37522  -35.302  -35.527  -25.684 0.5000000000
37460  -40.045  -35.948  -20.241 0.3000000119
37510  -36.214  -35.970  -24.420 0.5000000000
37487  -36.113  -35.119  -22.909 0.5000000000
138974  -36.434  -35.332  -22.164 0.5000000000
36465  -36.695  -35.921  -21.848 0.5000000000
140890  -36.797  -36.447  -23.336 0.5000000000
38382  -38.216  -34.290  -19.823 0.4000000060
38438  -34.795  -34.089  -24.916 0.5000000000
133686  -35.821  -34.232  -22.656 0.5000000000
38372  -39.052  -34.248  -19.795 0.3000000119
38383  -39.545  -35.104  -19.988 0.3000000119
38439  -35.402  -34.632  -24.347 0.5000000000
141312  -35.486  -33.827  -23.139 0.5000000000
21738  -38.597  -53.538  -23.385 0.6000000238
22641  -37.323  -52.203  -26.614 0.5000000000
21713  -36.533  -53.383  -19.375 0.6000000238
25213  -34.475  -50.300  -21.121 0.6999999881
117753  -37.963  -49.578  -24.276 0.6000000238
26135  -33.937  -49.127  -20.868 0.6999999881
26170  -37.620  -48.730  -24.781 0.6000000238
134369  -36.139  -48.172  -20.698 0.6999999881
28681  -34.961  -46.041  -20.896 0.5000000000
136728  -37.443  -47.887  -22.774 0.6000000238
27017  -32.705  -48.035  -23.403 0.5000000000
27024  -33.221  -47.172  -23.130 0.5000000000
27885  -34.426  -46.797  -20.809 0.4000000060
28709  -37.516  -45.373  -23.781 0.5000000000
27928  -37.715  -46.230  -25.583 0.5000000000
30412  -33.988  -43.611  -23.193 0.4000000060
30401  -35.219  -43.805  -21.797 0.5000000000
29525  -33.115  -45.027  -24.535 0.4000000060
33005  -39.324  -39.545  -24.926 0.4000000060
34610  -38.367  -38.610  -21.313 0.4000000060
134646  -39.732  -38.049  -20.381 0.3000000119
38414  -36.293  -34.555  -21.918 0.5000000000
14662  -31.446  -62.787  -19.657 0.5000000000
14684  -32.697  -61.939  -20.876 0.5000000000
14675  -32.148  -62.491  -20.220 0.5000000000
15405  -33.700  -61.007  -23.205 0.5000000000
14692  -34.287  -61.989  -22.289 0.5000000000
14685  -33.593  -62.390  -21.129 0.4000000060
130268  -31.643  -61.180  -20.087 0.5000000000
15387  -32.224  -61.125  -21.324 0.6000000238
117013  -31.710  -61.906  -20.039 0.6000000238
15397  -33.517  -61.349  -22.365 0.5000000000
15396  -32.542  -60.798  -22.034 0.5000000000
16169  -33.523  -59.990  -25.346 0.4000000060
14625  -30.821  -62.285  -16.831 0.6999999881
15355  -31.472  -61.679  -17.832 0.6999999881
16104  -31.695  -60.949  -19.521 0.6999999881
16134  -31.622  -59.731  -21.908 0.5000000000
16114  -31.709  -60.065  -20.690 0.6999999881
16906  -32.639  -59.615  -24.082 0.5000000000
16148  -32.077  -59.529  -23.301 0.5000000000
16135  -31.850  -59.959  -22.414 0.5000000000
16924  -32.905  -59.243  -25.624 0.5000000000
16157  -33.399  -60.134  -24.476 0.5000000000
14603  -29.537  -62.235  -15.301 0.5000000000
14604  -30.309  -62.153  -15.702 0.6999999881
15323  -31.303  -61.281  -16.019 0.6999999881
15344  -30.861  -61.942  -16.177 0.6999999881
16094  -32.207  -60.313  -17.251 0.6999999881
15362  -31.698  -61.248  -18.563 0.6000000238
16887  -31.703  -59.317  -21.837 0.6999999881
17660  -32.270  -58.913  -21.368 0.6000000238
17692  -32.269  -58.467  -24.478 0.5000000000
17684  -31.955  -58.695  -23.719 0.6000000238
17676  -31.708  -58.771  -23.088 0.6000000238
16913  -32.452  -58.721  -25.015 0.5000000000
17718  -32.753  -57.940  -26.850 0.5000000000
15303  -30.260  -61.076  -15.073 0.5000000000
15322  -30.664  -61.507  -15.609 0.6999999881
16093  -31.765  -61.032  -17.558 0.6999999881
16848  -32.635  -59.820  -17.847 0.6999999881
16835  -32.674  -59.617  -17.006 0.6999999881
16105  -32.016  -60.180  -19.714 0.8000000119
17643  -33.165  -58.739  -19.901 0.6999999881
17677  -32.405  -58.323  -22.683 0.6000000238
17671  -32.813  -58.344  -21.769 0.6999999881
121757  -33.260  -57.729  -24.174 0.6999999881
18459  -33.082  -57.862  -23.248 0.6000000238
18490  -32.989  -57.625  -26.554 0.6000000238
18481  -32.721  -57.860  -25.623 0.6000000238
19268  -33.404  -56.978  -27.307 0.6000000238
16036  -28.803  -60.637  -14.465 0.5000000000
16783  -30.230  -59.683  -14.591 0.6000000238
16037  -29.758  -60.518  -14.633 0.5000000000
16039  -31.159  -60.004  -15.145 0.6000000238
141026  -31.827  -59.874  -15.659 0.6000000238
16080  -32.175  -60.009  -16.349 0.6999999881
17616  -33.657  -58.529  -18.040 0.6999999881
127758  -33.453  -58.546  -17.200 0.6000000238
17630  -33.455  -58.718  -19.073 0.6999999881
17631  -34.048  -58.047  -18.797 0.6999999881
17661  -33.230  -58.383  -20.711 0.6999999881
18469  -34.334  -57.392  -24.447 0.6999999881
18491  -33.696  -57.132  -26.398 0.6999999881
18483  -34.080  -57.266  -25.462 0.6999999881
127450  -29.571  -58.972  -14.416 0.5000000000
17585  -31.541  -58.633  -14.839 0.6000000238
17586  -32.239  -58.569  -15.315 0.6000000238
17603  -32.766  -58.744  -16.043 0.6000000238
17644  -33.771  -58.179  -19.728 0.8000000119
18422  -34.930  -57.075  -19.897 0.5000000000
18410  -34.513  -57.330  -18.487 0.6000000238
18441  -34.405  -57.499  -21.929 0.6999999881
18442  -35.206  -57.040  -21.561 0.6999999881
19246  -35.640  -56.599  -24.656 0.6999999881
19238  -35.681  -56.694  -23.792 0.6999999881
20065  -34.742  -54.870  -27.771 0.5000000000
126809  -34.999  -56.141  -26.592 0.6999999881
20924  -35.549  -54.576  -27.329 0.5000000000
16781  -28.767  -59.124  -14.472 0.5000000000
17562  -29.918  -58.158  -14.458 0.5000000000
18348  -31.320  -57.208  -14.542 0.6000000238
17563  -30.884  -58.157  -14.520 0.6000000238
18349  -32.152  -57.156  -14.726 0.6000000238
18372  -33.323  -57.305  -15.822 0.6000000238
131103  -33.848  -55.680  -15.958 0.6000000238
18388  -33.833  -57.219  -16.572 0.6000000238
19172  -34.195  -56.341  -16.615 0.6000000238
19221  -36.166  -56.107  -20.954 0.6000000238
20019  -35.962  -56.040  -20.187 0.5000000000
19184  -34.700  -56.077  -17.377 0.5000000000
20029  -36.794  -55.703  -22.811 0.6000000238
135407  -36.739  -55.651  -22.113 0.6000000238
20038  -36.626  -55.699  -24.560 0.6000000238
20033  -36.875  -55.594  -23.740 0.6000000238
21754  -37.103  -53.736  -26.386 0.5000000000
17561  -29.100  -58.316  -14.532 0.5000000000
18347  -30.382  -57.327  -14.524 0.6000000238
19960  -33.196  -55.874  -15.357 0.6000000238
20010  -35.782  -55.682  -19.318 0.5000000000
20867  -35.599  -54.655  -18.375 0.5000000000
20026  -37.464  -54.774  -21.631 0.4000000060
20021  -37.271  -54.742  -20.974 0.5000000000
20011  -36.370  -55.180  -19.791 0.5000000000
20914  -37.653  -54.566  -24.579 0.6000000238
18345  -28.726  -57.761  -14.864 0.5000000000
19129  -29.962  -56.693  -14.745 0.6000000238
123305  -31.779  -55.284  -15.055 0.6000000238
19959  -32.358  -55.661  -14.984 0.6000000238
20905  -38.277  -53.686  -21.829 0.5000000000
20901  -37.486  -54.019  -20.622 0.4000000060
18369  -28.486  -57.476  -15.703 0.5000000000
19154  -29.741  -56.287  -15.228 0.5000000000
19958  -31.038  -55.393  -15.023 0.6000000238
20831  -32.383  -54.702  -15.395 0.6000000238
19169  -28.789  -56.718  -16.537 0.5000000000
19153  -29.392  -56.214  -16.021 0.5000000000
19957  -30.463  -55.418  -15.469 0.6000000238
21655  -31.935  -54.013  -15.713 0.6000000238
18387  -28.302  -56.845  -17.399 0.5000000000
19170  -29.135  -56.035  -17.001 0.5000000000
19975  -30.169  -55.183  -16.261 0.5000000000
21672  -30.926  -53.926  -16.875 0.6000000238
20850  -31.202  -54.259  -16.010 0.6000000238
19183  -28.894  -55.828  -17.337 0.5000000000
20848  -29.728  -54.848  -17.121 0.5000000000
20863  -28.141  -55.049  -17.345 0.5000000000
21688  -31.431  -53.338  -16.995 0.5000000000
127235  -28.898  -54.777  -17.350 0.5000000000
20865  -30.258  -54.099  -17.262 0.5000000000
20846  -27.529  -54.546  -16.633 0.5000000000
20847  -28.588  -53.792  -16.922 0.5000000000
21686  -30.074  -53.479  -17.555 0.5000000000
22534  -31.291  -52.937  -17.798 0.4000000060
21671  -27.803  -53.247  -16.469 0.5000000000
21685  -29.251  -53.191  -17.282 0.5000000000
22532  -29.837  -52.074  -17.958 0.4000000060
22533  -30.466  -52.912  -17.875 0.4000000060
22517  -28.433  -52.848  -16.900 0.4000000060
23450  -29.064  -51.639  -17.841 0.4000000060
23482  -29.550  -51.348  -19.089 0.4000000060
20907  -37.837  -54.653  -22.867 0.6000000238
20922  -37.288  -54.739  -25.249 0.5000000000
21753  -36.488  -53.407  -27.065 0.4000000060
19202  -34.860  -56.545  -18.191 0.6000000238
23471  -30.133  -51.868  -18.589 0.4000000060
23498  -29.508  -51.629  -20.288 0.4000000060
125706  -32.448  -59.976  -18.768 0.6999999881
131905  -34.560  -57.442  -21.183 0.6999999881
18461  -34.969  -57.285  -23.490 0.6999999881
18450  -34.208  -57.559  -22.821 0.6999999881
19217  -34.938  -56.866  -19.052 0.6000000238
18400  -34.368  -57.055  -17.477 0.6000000238
19260  -35.414  -56.437  -25.576 0.6999999881
18432  -35.035  -57.123  -20.694 0.6999999881
122014  -35.642  -56.734  -22.930 0.6999999881
20050  -36.649  -55.378  -25.403 0.6000000238
20057  -36.228  -55.100  -26.443 0.6000000238
13843  -29.342  -63.063  -15.628 0.6999999881
14602  -28.737  -62.620  -15.169 0.5000000000
14623  -29.944  -62.717  -15.795 0.6999999881
14624  -30.411  -62.593  -16.296 0.6999999881
14643  -31.052  -62.271  -17.626 0.6999999881
14686  -34.461  -62.685  -21.569 0.5000000000
15301  -28.588  -61.408  -14.641 0.5000000000
15302  -29.425  -61.382  -14.797 0.5000000000
15321  -30.055  -61.669  -15.289 0.6999999881
15345  -31.313  -61.630  -16.921 0.6999999881
15370  -31.519  -61.825  -19.408 0.5000000000
15379  -31.901  -61.403  -20.642 0.6000000238
15386  -31.763  -60.692  -21.101 0.5000000000
15388  -33.071  -61.604  -21.588 0.5000000000
16035  -27.975  -60.964  -14.570 0.5000000000
16038  -30.504  -60.445  -14.927 0.6000000238
16060  -30.953  -60.829  -15.426 0.6999999881
16061  -31.614  -60.530  -15.822 0.6999999881
16079  -31.740  -60.809  -16.632 0.6999999881
16113  -31.709  -60.626  -20.654 0.6999999881
16123  -31.635  -60.160  -21.262 0.5000000000
16124  -31.801  -60.370  -21.667 0.6000000238
16136  -32.771  -60.485  -22.842 0.5000000000
16149  -33.096  -60.275  -23.668 0.5000000000
16158  -34.219  -60.660  -24.933 0.4000000060
16780  -28.045  -59.323  -14.698 0.5000000000
16782  -29.250  -59.804  -14.410 0.5000000000
16784  -30.996  -59.123  -14.701 0.6000000238
16805  -31.691  -59.287  -15.240 0.6000000238
16806  -32.258  -59.344  -15.818 0.6000000238
16824  -32.591  -59.328  -16.383 0.6999999881
16825  -33.036  -58.935  -16.762 0.6000000238
16836  -33.129  -59.145  -17.536 0.6999999881
16849  -33.076  -59.305  -18.458 0.6999999881
16856  -32.732  -59.391  -19.529 0.6999999881
16872  -31.921  -59.471  -21.046 0.6000000238
16873  -32.584  -59.085  -20.473 0.8000000119
16886  -31.657  -59.757  -21.417 0.6999999881
16898  -31.610  -59.213  -22.644 0.5000000000
16905  -32.091  -58.967  -24.081 0.5000000000
16914  -32.784  -59.412  -24.788 0.5000000000
17564  -31.784  -57.923  -14.738 0.6000000238
17587  -32.862  -57.997  -15.628 0.6000000238
17604  -33.342  -58.110  -16.463 0.6000000238
17670  -31.895  -58.808  -22.276 0.6999999881
17685  -32.198  -58.373  -23.354 0.6000000238
17701  -32.419  -58.205  -25.309 0.5000000000
17702  -32.601  -58.531  -25.821 0.5000000000
17708  -32.580  -58.051  -26.127 0.6000000238
17709  -32.794  -58.373  -26.574 0.5000000000
18346  -29.490  -57.500  -14.649 0.5000000000
18370  -29.170  -56.919  -15.240 0.5000000000
18371  -32.788  -57.230  -15.201 0.6000000238
18399  -33.856  -57.902  -17.274 0.6000000238
18421  -34.432  -57.552  -19.406 0.6999999881
18430  -33.771  -57.828  -21.367 0.6999999881
18431  -34.244  -57.652  -20.423 0.8000000119
18449  -33.436  -57.867  -22.281 0.6999999881
18451  -35.065  -57.210  -22.487 0.6999999881
18458  -32.454  -58.186  -23.966 0.6000000238
18460  -34.017  -57.574  -23.618 0.6000000238
18467  -32.563  -57.952  -24.784 0.6000000238
18468  -33.328  -57.589  -25.049 0.6999999881
18470  -35.196  -57.083  -24.300 0.6999999881
18482  -33.333  -57.515  -25.824 0.6000000238
18500  -33.129  -57.549  -27.438 0.5000000000
19130  -30.892  -56.440  -14.595 0.6000000238
19131  -31.819  -56.435  -14.648 0.6000000238
19155  -30.405  -55.952  -14.952 0.5000000000
19156  -32.598  -56.471  -14.939 0.6000000238
19157  -33.143  -56.664  -15.389 0.6000000238
19171  -33.639  -56.512  -15.899 0.6000000238
19182  -28.585  -56.180  -17.437 0.5000000000
19185  -35.158  -55.775  -18.048 0.6000000238
19203  -35.322  -56.134  -18.780 0.5000000000
19218  -35.405  -56.423  -19.574 0.5000000000
19220  -35.617  -56.571  -20.867 0.6999999881
19226  -35.868  -56.420  -21.584 0.6999999881
19227  -36.456  -55.878  -21.540 0.6000000238
19231  -35.583  -56.704  -22.190 0.6999999881
19232  -36.213  -56.227  -22.357 0.6999999881
19239  -36.274  -56.235  -23.291 0.6999999881
19245  -34.965  -57.020  -25.087 0.6999999881
19247  -36.244  -56.189  -24.169 0.6999999881
19259  -34.562  -56.758  -26.024 0.6999999881
19261  -36.150  -56.091  -25.063 0.6999999881
19269  -34.081  -56.490  -27.051 0.6000000238
19939  -31.476  -55.836  -14.736 0.6000000238
19956  -29.918  -55.742  -15.689 0.5000000000
19974  -29.587  -55.589  -16.615 0.5000000000
19976  -34.428  -55.434  -16.647 0.6000000238
19987  -28.586  -55.519  -17.441 0.5000000000
19988  -29.155  -55.462  -17.261 0.5000000000
19989  -34.968  -55.270  -17.407 0.6000000238
19990  -35.324  -55.144  -18.012 0.5000000000
20001  -35.548  -55.390  -18.594 0.6000000238
20020  -36.638  -55.424  -20.714 0.5000000000
20025  -37.001  -55.287  -21.531 0.4000000060
20030  -37.321  -55.137  -22.297 0.6000000238
20039  -37.183  -55.186  -24.558 0.6000000238
20049  -35.845  -55.784  -26.016 0.6999999881
20055  -34.332  -55.619  -27.645 0.5000000000
20056  -35.318  -55.394  -27.019 0.6999999881
20829  -30.789  -54.866  -15.703 0.6000000238
20830  -31.527  -54.739  -15.410 0.6000000238
20849  -30.480  -54.535  -16.670 0.6000000238
20851  -33.543  -53.670  -16.134 0.6999999881
20864  -29.542  -54.087  -17.314 0.5000000000
20866  -34.944  -53.836  -17.317 0.6000000238
20887  -36.532  -54.288  -19.495 0.6000000238
20900  -36.931  -54.561  -20.226 0.5000000000
20904  -37.883  -54.426  -22.087 0.4000000060
20911  -38.215  -54.212  -23.370 0.6000000238
20921  -36.853  -54.779  -25.938 0.6000000238
20925  -36.523  -54.267  -26.678 0.6000000238
20926  -37.286  -54.234  -25.878 0.5000000000
20935  -35.689  -53.751  -27.588 0.5000000000
21656  -32.691  -53.811  -15.777 0.6000000238
21673  -32.192  -53.284  -16.279 0.6000000238
21674  -32.951  -53.215  -16.216 0.6000000238
21675  -34.322  -53.808  -16.612 0.6999999881
21687  -30.776  -53.475  -17.465 0.4000000060
21690  -35.186  -53.148  -17.786 0.6000000238
21729  -37.530  -53.342  -20.461 0.5000000000
21732  -37.939  -53.483  -21.049 0.4000000060
21741  -37.794  -54.078  -25.113 0.6000000238
21742  -38.226  -53.989  -24.193 0.6000000238
21750  -37.645  -53.532  -25.766 0.5000000000
22531  -28.995  -52.245  -17.422 0.4000000060
22536  -33.343  -52.282  -17.165 0.6000000238
22537  -34.133  -52.511  -17.192 0.6000000238
22538  -34.761  -52.633  -17.620 0.6000000238
22553  -30.683  -52.613  -18.311 0.4000000060
22555  -32.099  -52.257  -18.748 0.6000000238
22573  -31.568  -52.432  -19.489 0.6000000238
22574  -32.307  -52.121  -19.447 0.6000000238
22575  -35.714  -52.142  -18.944 0.6000000238
22586  -30.765  -52.570  -21.005 0.6000000238
22589  -36.891  -52.001  -20.030 0.6000000238
22596  -30.267  -52.622  -22.001 0.5000000000
22598  -37.497  -52.108  -20.580 0.5000000000
22599  -38.104  -52.111  -21.225 0.6000000238
22605  -32.350  -52.191  -22.274 0.5000000000
22606  -38.601  -52.128  -22.013 0.6000000238
22615  -32.030  -52.161  -23.032 0.6000000238
22616  -38.822  -52.728  -23.518 0.6000000238
22625  -38.630  -52.566  -24.367 0.6000000238
23470  -29.367  -51.464  -18.336 0.4000000060
23473  -33.321  -51.631  -18.296 0.6000000238
23474  -34.140  -51.508  -18.430 0.6000000238
23483  -30.262  -51.946  -19.449 0.4000000060
23484  -32.785  -51.746  -18.905 0.6000000238
23503  -35.931  -51.178  -20.092 0.6000000238
23504  -36.595  -51.313  -20.307 0.6000000238
23523  -33.371  -51.128  -22.331 0.5000000000
23540  -38.481  -51.169  -24.222 0.6000000238
23548  -38.192  -51.038  -25.107 0.6000000238
24353  -34.275  -50.992  -21.313 0.6000000238
24354  -34.933  -50.699  -20.648 0.6000000238
24357  -37.101  -50.701  -20.769 0.6000000238
24365  -37.760  -50.629  -21.407 0.6000000238
24366  -38.271  -50.585  -22.020 0.6000000238
24375  -38.394  -50.548  -22.809 0.6000000238
24381  -31.493  -51.110  -24.062 0.5000000000
24383  -38.352  -50.450  -23.722 0.6000000238
25214  -36.663  -49.800  -20.753 0.6999999881
25224  -36.942  -49.206  -20.979 0.6999999881
25234  -37.782  -49.241  -22.390 0.6000000238
25243  -37.824  -49.154  -23.348 0.6000000238
26145  -36.808  -48.390  -21.120 0.6000000238
26184  -37.582  -48.562  -25.593 0.6000000238
26193  -37.639  -48.358  -26.432 0.5000000000
26202  -37.795  -48.270  -27.354 0.4000000060
27001  -33.982  -47.640  -20.700 0.6000000238
27003  -35.628  -47.590  -20.644 0.6000000238
27013  -37.234  -47.368  -22.285 0.6000000238
27019  -37.401  -47.270  -23.184 0.6000000238
27025  -37.519  -47.341  -24.102 0.6000000238
27034  -37.534  -47.521  -24.958 0.6000000238
27884  -33.749  -47.071  -21.076 0.4000000060
27886  -35.191  -46.817  -20.700 0.5000000000
27894  -33.904  -46.520  -21.360 0.4000000060
27898  -36.936  -46.696  -21.844 0.6000000238
27901  -33.468  -46.352  -22.902 0.4000000060
27908  -33.146  -46.570  -23.861 0.5000000000
28692  -34.609  -45.308  -21.444 0.4000000060
28694  -36.238  -45.387  -21.502 0.5000000000
28700  -36.647  -44.886  -21.977 0.5000000000
28724  -37.851  -45.336  -25.561 0.5000000000
29492  -35.855  -44.684  -21.496 0.5000000000
29502  -34.073  -44.309  -22.612 0.4000000060
29503  -34.620  -44.392  -21.820 0.5000000000
29505  -36.952  -44.173  -22.617 0.5000000000
30402  -35.826  -43.461  -21.871 0.5000000000
30414  -35.327  -42.964  -22.226 0.5000000000
30415  -36.461  -43.374  -22.303 0.5000000000
30431  -34.515  -42.883  -22.817 0.4000000060
31276  -36.644  -42.539  -22.772 0.5000000000
31294  -37.348  -42.207  -23.535 0.5000000000
32148  -35.918  -41.427  -22.839 0.5000000000
32149  -36.492  -41.170  -23.268 0.5000000000
32161  -35.490  -41.000  -23.279 0.4000000060
32162  -37.387  -40.623  -24.131 0.5000000000
32170  -38.661  -39.857  -24.999 0.4000000060
32171  -39.713  -39.987  -25.405 0.3000000119
32180  -40.111  -40.121  -26.142 0.3000000119
32965  -39.300  -40.559  -21.613 0.4000000060
32980  -39.071  -39.841  -23.349 0.4000000060
32981  -39.102  -40.741  -22.360 0.4000000060
33803  -38.609  -39.370  -21.719 0.4000000060
33825  -39.088  -39.167  -24.070 0.3000000119
33834  -35.587  -39.082  -24.946 0.4000000060
34599  -39.135  -38.252  -20.543 0.3000000119
34600  -39.721  -38.850  -20.552 0.3000000119
34609  -37.870  -38.152  -21.934 0.4000000060
34634  -38.254  -38.250  -24.019 0.5000000000
34635  -38.603  -38.730  -23.707 0.4000000060
34648  -38.675  -38.820  -24.235 0.5000000000
35462  -39.388  -37.540  -20.365 0.3000000119
35486  -37.467  -37.511  -22.667 0.5000000000
35521  -36.015  -37.259  -25.508 0.5000000000
36451  -37.546  -36.365  -20.624 0.4000000060
36452  -39.690  -36.802  -20.279 0.3000000119
36453  -40.483  -36.718  -20.472 0.3000000119
36466  -37.081  -36.522  -21.427 0.4000000060
36480  -36.554  -35.896  -22.742 0.5000000000
36481  -36.926  -36.666  -22.515 0.5000000000
37497  -35.911  -35.263  -23.886 0.5000000000
37498  -36.445  -35.890  -23.596 0.5000000000
37509  -35.592  -35.402  -24.778 0.5000000000
38413  -35.644  -34.486  -23.451 0.5000000000
38453  -35.079  -34.848  -25.313 0.5000000000
39374  -35.979  -33.755  -22.010 0.5000000000
117940  -37.210  -53.051  -26.496 0.5000000000
118391  -38.708  -37.657  -20.551 0.4000000060
119137  -37.772  -50.772  -26.047 0.5000000000
120081  -34.827  -49.365  -20.637 0.6999999881
120191  -37.407  -50.459  -27.084 0.4000000060
120439  -33.863  -51.346  -19.992 0.6000000238
120522  -32.705  -52.062  -20.918 0.5000000000
120766  -36.524  -52.596  -27.309 0.4000000060
121034  -32.414  -57.801  -15.064 0.6000000238
121928  -32.178  -59.648  -20.299 0.6000000238
122368  -37.761  -54.204  -21.342 0.5000000000
123651  -37.575  -48.063  -24.409 0.6000000238
124502  -34.177  -61.547  -22.824 0.5000000000
124522  -35.388  -48.505  -20.554 0.6999999881
124581  -31.668  -58.951  -23.369 0.6000000238
125247  -33.092  -55.079  -15.440 0.6999999881
125406  -32.463  -47.953  -24.462 0.5000000000
126226  -33.827  -62.001  -21.770 0.5000000000
126348  -36.497  -46.171  -21.512 0.5000000000
126891  -37.562  -48.134  -25.101 0.6000000238
127190  -33.462  -46.899  -21.908 0.4000000060
128806  -38.635  -53.232  -24.087 0.6000000238
130939  -29.746  -52.718  -17.648 0.4000000060
131994  -32.000  -52.442  -21.006 0.6000000238
132016  -37.340  -55.228  -23.090 0.6000000238
132290  -31.709  -60.597  -20.166 0.6999999881
132386  -31.414  -52.585  -21.208 0.6000000238
132499  -32.160  -60.515  -18.150 0.6999999881
133719  -35.391  -56.651  -20.245 0.5000000000
134156  -31.552  -53.729  -16.275 0.6000000238
135248  -32.626  -52.272  -17.425 0.6000000238
135824  -36.309  -37.766  -25.202 0.5000000000
136648  -38.732  -53.021  -22.516 0.6000000238
136901  -34.162  -57.810  -18.001 0.6999999881
137919  -30.311  -58.817  -14.484 0.6000000238
138385  -27.708  -53.927  -16.430 0.5000000000
138561  -32.002  -60.586  -18.945 0.6000000238
138782  -33.500  -55.315  -15.651 0.6000000238
139526  -37.545  -35.678  -20.373 0.4000000060
139894  -37.512  -39.628  -24.523 0.4000000060
140393  -30.944  -55.880  -14.735 0.6000000238
140907  -28.222  -54.392  -16.967 0.5000000000
140961  -37.661  -47.238  -26.169 0.6000000238
141077  -36.354  -40.313  -23.696 0.4000000060
141221  -37.939  -41.662  -24.501 0.5000000000
141293  -28.297  -57.324  -16.673 0.5000000000
141745  -33.385  -45.964  -23.588 0.4000000060
141872  -33.254  -44.348  -24.668 0.4000000060
