#!ascii label  , from subject sub-v1s1x0050652_ses-1 vox2ras=TkReg
636
74593  22.415  -26.376  -0.090 0.0000000000
80151  30.432  -19.453  -3.055 0.0000000000
89389  26.287  -10.060  -0.224 0.0000000000
87677  21.857  -12.849  -3.217 0.0000000000
68907  24.083  -32.403  -0.320 0.0000000000
71768  26.881  -29.432  -0.208 0.0000000000
140113  26.182  -24.254  -4.094 0.0000000000
82029  24.154  -18.485  -5.003 0.0000000000
84910  29.221  -14.932  -2.917 0.0000000000
88567  34.282  -11.490  -3.793 0.0000000000
93843  25.195  -5.143  1.360 0.0000000000
71782  22.982  -29.156  -0.173 0.0000000000
70782  25.299  -30.880  -0.688 0.0000000000
72778  24.941  -28.521  -1.846 0.0000000000
80138  22.393  -20.087  -2.554 0.0000000000
82010  21.687  -17.888  -2.568 0.0000000000
127790  23.766  -11.437  -2.938 0.0000000000
86768  25.521  -14.167  -3.735 0.0000000000
125284  27.564  -12.603  -1.687 0.0000000000
86740  32.298  -13.475  -1.481 0.0000000000
89394  31.393  -10.543  -0.159 0.0000000000
95491  21.431  -3.134  1.043 0.0000000000
127520  22.250  -4.730  0.405 0.0000000000
125898  24.929  -2.494  1.646 0.0000000000
127061  28.380  -22.011  -4.309 0.0000000000
76465  28.627  -24.545  -2.008 0.0000000000
78288  30.511  -22.327  -1.725 0.0000000000
91296  22.963  -8.701  -1.209 0.0000000000
82986  34.043  -18.164  -2.187 0.0000000000
76455  21.631  -24.306  0.038 0.0000000000
75532  24.012  -25.401  -2.204 0.0000000000
78308  23.401  -22.770  -2.727 0.0000000000
79256  24.800  -21.529  -4.871 0.0000000000
81117  28.062  -19.193  -5.666 0.0000000000
84933  23.042  -15.368  -4.101 0.0000000000
84015  26.665  -16.516  -5.079 0.0000000000
82999  31.105  -17.115  -3.369 0.0000000000
84905  34.276  -15.601  -2.446 0.0000000000
92198  22.699  -6.725  0.053 0.0000000000
92186  26.383  -7.695  1.291 0.0000000000
141462  28.184  -2.710  1.063 0.0000000000
93839  29.197  -5.786  1.454 0.0000000000
91268  30.584  -8.460  0.583 0.0000000000
91317  33.195  -8.778  -3.421 0.0000000000
74611  26.161  -26.835  -2.938 0.0000000000
74580  21.462  -26.004  1.002 0.0000000000
145078  21.620  -26.767  0.972 0.0000000000
72770  22.808  -28.269  -0.193 0.0000000000
72768  24.111  -28.686  -1.214 0.0000000000
73725  23.625  -27.158  -1.237 0.0000000000
89407  25.304  -10.591  -1.427 0.0000000000
88554  25.983  -11.855  -1.799 0.0000000000
89398  27.012  -11.128  -0.631 0.0000000000
88529  29.913  -11.357  -0.443 0.0000000000
89397  28.520  -10.726  -0.239 0.0000000000
123411  22.080  -1.462  0.512 0.0000000000
95490  22.594  -3.261  0.750 0.0000000000
96311  23.892  -1.919  0.997 0.0000000000
79245  29.420  -21.110  -3.492 0.0000000000
78306  29.398  -22.449  -2.592 0.0000000000
80122  31.018  -20.933  -1.814 0.0000000000
90367  22.005  -9.747  -2.049 0.0000000000
91298  21.325  -8.480  -1.123 0.0000000000
69777  22.629  -31.252  0.893 0.0000000000
68895  22.919  -32.704  0.625 0.0000000000
67981  24.543  -33.564  -0.441 0.0000000000
68905  25.509  -32.820  -0.834 0.0000000000
71778  25.990  -29.662  -0.708 0.0000000000
136064  27.010  -31.379  -0.295 0.0000000000
77394  22.574  -23.746  -1.323 0.0000000000
78291  21.808  -22.586  -1.133 0.0000000000
81103  23.173  -19.336  -3.792 0.0000000000
79257  24.133  -21.125  -4.376 0.0000000000
80165  24.795  -20.207  -5.307 0.0000000000
80174  26.408  -20.204  -5.517 0.0000000000
124632  26.516  -18.859  -5.652 0.0000000000
84923  21.754  -15.148  -3.021 0.0000000000
85823  22.840  -13.962  -3.904 0.0000000000
86766  26.840  -14.398  -3.698 0.0000000000
85831  26.332  -15.144  -4.801 0.0000000000
84920  27.756  -15.584  -3.839 0.0000000000
84014  27.841  -16.602  -4.933 0.0000000000
84918  29.904  -15.960  -3.505 0.0000000000
83992  32.050  -16.343  -2.881 0.0000000000
85808  31.636  -15.057  -2.086 0.0000000000
87655  33.757  -12.163  -2.035 0.0000000000
86751  34.702  -13.404  -2.618 0.0000000000
93844  24.367  -5.205  0.855 0.0000000000
93011  22.305  -6.092  0.348 0.0000000000
93009  24.240  -6.432  0.471 0.0000000000
92196  24.611  -7.198  0.255 0.0000000000
138466  26.113  -6.587  1.708 0.0000000000
93007  30.202  -6.816  0.717 0.0000000000
92215  31.092  -7.090  -0.926 0.0000000000
91282  31.958  -8.451  -0.619 0.0000000000
75556  25.029  -25.216  -3.174 0.0000000000
74612  25.428  -26.501  -2.726 0.0000000000
75555  26.487  -25.463  -3.510 0.0000000000
75530  29.092  -24.904  -1.075 0.0000000000
75531  28.318  -25.541  -1.611 0.0000000000
71770  22.467  -29.539  0.514 0.0000000000
70784  23.926  -30.572  -0.426 0.0000000000
145829  25.113  -31.461  -0.648 0.0000000000
123427  24.617  -30.242  -0.817 0.0000000000
71780  24.705  -29.396  -1.314 0.0000000000
139037  26.073  -28.586  -1.586 0.0000000000
129937  21.236  -19.939  -1.141 0.0000000000
129214  21.932  -19.352  -2.282 0.0000000000
82020  22.775  -18.590  -3.561 0.0000000000
88558  22.546  -11.774  -3.377 0.0000000000
142017  23.499  -12.872  -3.588 0.0000000000
87659  24.742  -12.561  -3.187 0.0000000000
87658  26.311  -13.124  -2.770 0.0000000000
86744  28.679  -13.537  -2.316 0.0000000000
85796  30.768  -14.293  -1.843 0.0000000000
87640  29.877  -12.869  -1.131 0.0000000000
88537  31.486  -11.924  -0.796 0.0000000000
124845  33.315  -10.747  -1.572 0.0000000000
94635  20.700  -3.821  1.448 0.0000000000
94634  21.794  -3.991  0.807 0.0000000000
94633  23.632  -3.943  0.846 0.0000000000
95488  25.484  -3.815  1.755 0.0000000000
138579  26.881  -23.548  -4.783 0.0000000000
76492  27.416  -24.467  -3.765 0.0000000000
76491  28.112  -23.750  -3.523 0.0000000000
77392  29.088  -23.822  -1.967 0.0000000000
88560  21.257  -11.841  -2.629 0.0000000000
128130  22.528  -11.025  -2.839 0.0000000000
89408  23.759  -10.110  -2.007 0.0000000000
90353  25.082  -9.688  -1.002 0.0000000000
68904  26.292  -32.635  -0.748 0.0000000000
81091  32.246  -19.137  -2.156 0.0000000000
81075  32.376  -19.914  -1.802 0.0000000000
75521  22.272  -25.528  -0.347 0.0000000000
74605  23.431  -26.304  -1.254 0.0000000000
75534  22.616  -25.049  -0.986 0.0000000000
77393  23.366  -23.956  -1.974 0.0000000000
77427  24.664  -23.498  -3.660 0.0000000000
79233  23.231  -21.919  -2.767 0.0000000000
78323  23.810  -22.349  -3.450 0.0000000000
78332  25.788  -22.791  -5.140 0.0000000000
143886  26.744  -21.831  -5.591 0.0000000000
80164  28.131  -20.630  -5.385 0.0000000000
81109  29.225  -19.449  -4.726 0.0000000000
82990  21.951  -16.951  -3.026 0.0000000000
83013  23.445  -16.897  -4.636 0.0000000000
85833  24.821  -14.638  -4.600 0.0000000000
84942  25.272  -15.802  -5.457 0.0000000000
84027  25.832  -16.887  -5.439 0.0000000000
139645  27.529  -17.876  -5.830 0.0000000000
83009  28.785  -17.800  -4.974 0.0000000000
82018  30.381  -18.451  -3.587 0.0000000000
137459  32.477  -17.781  -2.557 0.0000000000
83991  33.468  -16.812  -2.462 0.0000000000
143148  33.136  -14.621  -1.995 0.0000000000
91286  22.522  -7.969  -0.813 0.0000000000
91284  24.382  -8.404  -0.608 0.0000000000
91272  26.752  -9.024  0.637 0.0000000000
95486  26.775  -3.071  2.104 0.0000000000
94623  27.249  -3.916  2.215 0.0000000000
94638  28.809  -4.026  1.059 0.0000000000
144409  27.896  -5.361  2.161 0.0000000000
92998  27.869  -6.773  1.870 0.0000000000
91257  27.947  -8.245  1.366 0.0000000000
90336  28.372  -9.404  0.607 0.0000000000
90344  30.973  -9.819  0.207 0.0000000000
90352  32.782  -9.544  -1.263 0.0000000000
89433  33.691  -10.175  -3.604 0.0000000000
129861  24.152  -26.949  -1.753 0.0000000000
73723  25.549  -27.952  -2.277 0.0000000000
73721  26.953  -27.584  -1.599 0.0000000000
122296  27.649  -25.863  -2.349 0.0000000000
74591  27.576  -26.992  -0.988 0.0000000000
74579  21.757  -25.806  0.440 0.0000000000
73700  21.900  -26.776  0.593 0.0000000000
72760  22.213  -27.806  0.480 0.0000000000
73713  22.619  -27.326  -0.129 0.0000000000
72769  23.410  -27.834  -0.811 0.0000000000
73712  23.059  -26.844  -0.691 0.0000000000
89400  25.777  -10.275  -0.683 0.0000000000
89406  26.002  -11.132  -1.033 0.0000000000
89399  26.410  -10.580  -0.491 0.0000000000
132315  27.726  -10.712  -0.292 0.0000000000
89387  27.987  -10.158  0.112 0.0000000000
130615  22.916  -1.243  0.529 0.0000000000
80152  29.716  -20.171  -3.476 0.0000000000
80136  29.853  -20.781  -2.922 0.0000000000
80134  30.856  -20.091  -2.247 0.0000000000
69776  23.297  -31.930  0.307 0.0000000000
68894  23.605  -32.903  0.069 0.0000000000
67982  24.185  -33.164  -0.366 0.0000000000
67980  25.183  -33.495  -0.593 0.0000000000
68906  24.741  -32.963  -0.654 0.0000000000
70770  26.494  -30.379  -0.344 0.0000000000
71767  27.634  -29.657  0.189 0.0000000000
77395  21.922  -23.224  -0.902 0.0000000000
140259  23.859  -18.994  -4.788 0.0000000000
81111  23.691  -19.425  -4.494 0.0000000000
129350  24.384  -19.350  -5.054 0.0000000000
81121  25.329  -19.418  -5.464 0.0000000000
82041  25.037  -18.517  -5.390 0.0000000000
85811  21.400  -14.414  -2.878 0.0000000000
86772  22.391  -13.393  -3.476 0.0000000000
85810  28.253  -14.815  -3.332 0.0000000000
85819  27.352  -15.097  -3.702 0.0000000000
84919  28.954  -15.597  -3.538 0.0000000000
84909  29.994  -15.410  -2.841 0.0000000000
130933  30.856  -15.522  -2.560 0.0000000000
121369  30.609  -15.026  -2.280 0.0000000000
88552  34.167  -11.488  -2.961 0.0000000000
87671  34.570  -12.120  -3.307 0.0000000000
93002  23.831  -5.694  0.624 0.0000000000
93001  24.764  -5.876  0.866 0.0000000000
93008  25.079  -6.745  0.894 0.0000000000
93000  25.633  -6.139  1.468 0.0000000000
93015  30.668  -6.436  -0.730 0.0000000000
93023  31.427  -6.964  -1.714 0.0000000000
92220  32.042  -7.439  -2.004 0.0000000000
121859  24.740  -24.353  -3.299 0.0000000000
76494  25.705  -24.889  -3.673 0.0000000000
75518  29.778  -25.252  -0.352 0.0000000000
142594  22.371  -28.689  0.421 0.0000000000
71769  23.172  -30.035  -0.017 0.0000000000
71781  23.858  -29.561  -0.712 0.0000000000
71791  25.528  -29.108  -1.440 0.0000000000
82011  21.443  -18.633  -1.921 0.0000000000
81093  21.462  -19.403  -1.622 0.0000000000
82021  22.131  -18.605  -2.744 0.0000000000
125120  22.382  -17.804  -3.288 0.0000000000
88557  23.217  -11.542  -3.263 0.0000000000
87660  23.966  -12.215  -3.376 0.0000000000
88556  24.401  -11.751  -2.741 0.0000000000
87643  26.722  -12.422  -1.948 0.0000000000
132871  25.955  -12.436  -2.438 0.0000000000
87657  27.274  -13.229  -2.510 0.0000000000
87656  27.985  -13.561  -2.656 0.0000000000
87642  28.132  -13.060  -1.913 0.0000000000
86743  29.494  -13.495  -1.842 0.0000000000
87641  28.971  -12.910  -1.478 0.0000000000
88538  30.383  -12.078  -0.702 0.0000000000
88527  31.857  -11.151  -0.464 0.0000000000
145116  32.136  -11.530  -0.764 0.0000000000
89393  32.213  -10.396  -0.429 0.0000000000
96314  21.149  -2.351  1.221 0.0000000000
95475  20.735  -3.076  1.920 0.0000000000
95489  23.925  -2.999  0.949 0.0000000000
132826  24.613  -3.829  1.270 0.0000000000
142546  24.987  -3.236  1.575 0.0000000000
78331  27.299  -22.994  -4.854 0.0000000000
77425  27.460  -23.670  -4.299 0.0000000000
78321  28.161  -22.879  -4.136 0.0000000000
78305  29.965  -22.120  -2.153 0.0000000000
77407  29.213  -23.208  -2.290 0.0000000000
78289  29.836  -22.753  -1.938 0.0000000000
77391  29.701  -23.468  -1.642 0.0000000000
88543  20.617  -11.693  -1.956 0.0000000000
89423  21.049  -11.109  -2.245 0.0000000000
88559  21.825  -11.388  -2.806 0.0000000000
89422  21.707  -10.499  -2.332 0.0000000000
90356  22.492  -9.301  -1.713 0.0000000000
89409  22.971  -9.952  -2.059 0.0000000000
90355  23.391  -9.385  -1.617 0.0000000000
90354  24.231  -9.505  -1.465 0.0000000000
91295  23.864  -8.837  -1.136 0.0000000000
69788  25.678  -31.845  -0.649 0.0000000000
68903  27.028  -32.328  -0.552 0.0000000000
82007  32.906  -18.495  -2.216 0.0000000000
76442  21.371  -24.655  0.523 0.0000000000
76454  22.050  -24.737  -0.420 0.0000000000
76467  22.455  -24.401  -0.928 0.0000000000
77411  23.035  -23.213  -2.016 0.0000000000
77410  23.641  -23.498  -2.641 0.0000000000
144181  24.182  -23.729  -3.116 0.0000000000
77428  23.966  -23.122  -3.315 0.0000000000
80123  22.137  -20.794  -2.041 0.0000000000
79234  22.485  -21.618  -2.127 0.0000000000
80137  22.918  -20.952  -2.892 0.0000000000
79248  23.652  -21.496  -3.592 0.0000000000
79247  24.295  -21.939  -4.188 0.0000000000
78333  25.021  -22.351  -4.700 0.0000000000
130470  26.333  -22.323  -5.535 0.0000000000
141518  26.302  -21.674  -5.589 0.0000000000
80173  27.156  -20.073  -5.596 0.0000000000
79263  27.451  -20.632  -5.605 0.0000000000
80171  28.363  -19.892  -5.531 0.0000000000
80163  28.929  -20.136  -4.985 0.0000000000
81110  28.705  -19.309  -5.246 0.0000000000
144426  22.138  -15.532  -3.286 0.0000000000
84006  21.837  -16.017  -2.965 0.0000000000
84005  22.463  -15.987  -3.605 0.0000000000
83003  22.707  -16.935  -3.862 0.0000000000
84018  23.139  -16.076  -4.427 0.0000000000
130912  24.387  -13.412  -3.930 0.0000000000
144554  24.359  -13.709  -4.029 0.0000000000
86778  24.748  -14.206  -4.005 0.0000000000
84929  26.253  -15.837  -4.993 0.0000000000
121951  25.986  -15.034  -5.154 0.0000000000
84941  25.843  -15.747  -5.284 0.0000000000
137840  25.708  -16.300  -5.400 0.0000000000
84026  26.186  -16.552  -5.251 0.0000000000
128423  26.342  -17.429  -5.634 0.0000000000
84025  26.711  -17.081  -5.428 0.0000000000
124354  29.560  -16.999  -3.992 0.0000000000
137507  28.164  -17.194  -5.239 0.0000000000
83001  29.363  -17.489  -4.296 0.0000000000
82019  29.645  -18.133  -4.325 0.0000000000
83000  30.252  -17.496  -3.826 0.0000000000
82017  31.119  -17.927  -3.290 0.0000000000
123900  32.855  -16.265  -2.557 0.0000000000
126573  33.608  -16.151  -2.475 0.0000000000
84001  35.959  -16.585  -2.933 0.0000000000
83989  35.179  -16.094  -2.648 0.0000000000
86741  31.316  -13.506  -1.395 0.0000000000
135425  31.722  -14.148  -1.672 0.0000000000
86739  33.194  -13.474  -1.769 0.0000000000
93850  21.759  -5.462  0.349 0.0000000000
93010  23.265  -6.251  0.410 0.0000000000
134175  22.122  -7.219  -0.446 0.0000000000
92205  23.088  -7.458  -0.326 0.0000000000
92187  25.508  -7.617  0.695 0.0000000000
91274  24.973  -7.936  -0.136 0.0000000000
91273  25.659  -8.270  0.063 0.0000000000
91259  26.217  -8.336  0.652 0.0000000000
96309  26.983  -2.154  1.822 0.0000000000
96308  27.615  -2.783  1.666 0.0000000000
123676  27.567  -3.449  1.954 0.0000000000
93855  29.827  -5.218  0.084 0.0000000000
94646  29.353  -4.341  -0.002 0.0000000000
94628  29.338  -5.001  0.880 0.0000000000
94629  28.550  -4.936  1.711 0.0000000000
133687  27.441  -6.056  2.057 0.0000000000
93840  28.388  -5.903  1.994 0.0000000000
92194  30.438  -7.646  0.688 0.0000000000
92183  29.229  -7.379  1.557 0.0000000000
142191  29.549  -7.954  1.416 0.0000000000
91270  28.505  -8.697  1.013 0.0000000000
123694  30.008  -8.756  0.899 0.0000000000
90335  29.408  -9.311  0.679 0.0000000000
90333  31.004  -9.026  0.344 0.0000000000
145917  32.604  -8.549  -1.956 0.0000000000
131536  32.520  -8.871  -1.272 0.0000000000
90366  32.887  -9.194  -2.009 0.0000000000
90365  33.270  -9.649  -2.430 0.0000000000
90378  33.467  -9.566  -3.107 0.0000000000
75533  23.370  -25.389  -1.569 0.0000000000
74604  24.121  -26.073  -1.904 0.0000000000
73733  25.509  -27.241  -2.563 0.0000000000
73732  26.038  -27.555  -2.614 0.0000000000
73722  26.237  -28.018  -2.064 0.0000000000
74603  26.595  -27.307  -2.426 0.0000000000
76475  28.079  -24.484  -2.981 0.0000000000
76476  27.543  -24.990  -3.199 0.0000000000
75543  27.936  -25.198  -2.558 0.0000000000
74590  28.261  -26.269  -0.865 0.0000000000
74601  27.684  -26.361  -1.749 0.0000000000
130374  23.444  -28.705  -0.631 0.0000000000
72779  24.193  -27.797  -1.503 0.0000000000
89419  24.836  -11.135  -2.095 0.0000000000
88555  25.160  -12.120  -2.301 0.0000000000
89418  25.448  -11.362  -1.725 0.0000000000
88542  26.608  -11.706  -1.273 0.0000000000
88541  27.352  -11.975  -1.091 0.0000000000
88540  28.317  -12.262  -1.070 0.0000000000
88531  27.959  -11.438  -0.501 0.0000000000
88530  28.937  -11.409  -0.526 0.0000000000
89396  29.456  -10.739  -0.125 0.0000000000
141088  21.569  -1.716  0.900 0.0000000000
96313  21.892  -2.344  0.751 0.0000000000
96312  22.842  -2.203  0.591 0.0000000000
79246  28.813  -21.356  -4.168 0.0000000000
79232  28.951  -22.061  -3.488 0.0000000000
79231  29.756  -21.565  -2.701 0.0000000000
79230  30.473  -21.595  -2.029 0.0000000000
90357  21.589  -9.119  -1.547 0.0000000000
91297  22.050  -8.495  -1.301 0.0000000000
70757  22.007  -30.698  1.470 0.0000000000
128215  22.610  -31.995  0.948 0.0000000000
132811  24.598  -34.185  -0.207 0.0000000000
67971  25.496  -33.804  -0.184 0.0000000000
129389  25.790  -30.387  -0.614 0.0000000000
70781  26.115  -31.131  -0.513 0.0000000000
77378  22.063  -23.949  -0.520 0.0000000000
78290  22.282  -22.916  -1.522 0.0000000000
78309  22.750  -22.443  -2.109 0.0000000000
80155  23.014  -20.061  -3.343 0.0000000000
80154  23.511  -20.654  -3.836 0.0000000000
126083  23.460  -19.958  -4.040 0.0000000000
80166  24.062  -20.233  -4.613 0.0000000000
79266  25.226  -20.959  -5.252 0.0000000000
79265  26.014  -21.007  -5.425 0.0000000000
80175  25.603  -20.221  -5.499 0.0000000000
81119  26.776  -19.410  -5.598 0.0000000000
126338  26.978  -18.766  -5.716 0.0000000000
85835  23.348  -14.600  -4.212 0.0000000000
86767  26.225  -14.343  -3.796 0.0000000000
85820  25.968  -14.659  -4.491 0.0000000000
141512  26.437  -14.825  -4.225 0.0000000000
146094  26.591  -15.243  -4.403 0.0000000000
84928  27.354  -16.051  -4.463 0.0000000000
144444  27.112  -16.460  -4.918 0.0000000000
84004  28.243  -16.228  -4.171 0.0000000000
84003  29.255  -16.422  -3.853 0.0000000000
84002  30.317  -16.609  -3.590 0.0000000000
83993  31.228  -16.485  -3.122 0.0000000000
83994  30.634  -16.014  -3.055 0.0000000000
84908  31.475  -15.882  -2.731 0.0000000000
84907  32.342  -15.730  -2.455 0.0000000000
87637  32.971  -12.594  -1.509 0.0000000000
86752  33.965  -13.433  -2.191 0.0000000000
134398  34.239  -12.737  -2.397 0.0000000000
87653  34.734  -12.736  -2.928 0.0000000000
131771  23.450  -4.825  0.681 0.0000000000
93845  22.825  -5.519  0.471 0.0000000000
92197  23.678  -6.931  0.087 0.0000000000
134945  25.812  -7.034  1.459 0.0000000000
142607  30.095  -5.734  0.078 0.0000000000
92996  29.620  -6.635  1.303 0.0000000000
93006  30.341  -6.249  0.054 0.0000000000
92203  30.721  -7.111  -0.048 0.0000000000
92193  30.856  -7.875  0.158 0.0000000000
91267  31.236  -8.454  0.020 0.0000000000
92214  31.732  -7.599  -1.168 0.0000000000
92219  32.482  -7.987  -2.340 0.0000000000
122959  24.348  -24.954  -2.678 0.0000000000
75547  24.789  -25.818  -2.588 0.0000000000
75546  25.746  -25.851  -3.134 0.0000000000
75545  26.536  -26.084  -3.104 0.0000000000
75519  28.924  -25.648  -0.629 0.0000000000
71754  21.948  -29.858  1.245 0.0000000000
70772  22.576  -30.395  0.714 0.0000000000
70771  23.291  -30.934  0.226 0.0000000000
69790  23.991  -31.490  -0.286 0.0000000000
69789  24.829  -32.013  -0.583 0.0000000000
70783  24.633  -31.109  -0.598 0.0000000000
71779  25.262  -29.928  -0.948 0.0000000000
72767  26.324  -28.908  -0.861 0.0000000000
80139  21.741  -20.042  -1.849 0.0000000000
81104  22.597  -19.332  -3.003 0.0000000000
82030  23.456  -18.637  -4.416 0.0000000000
87676  22.703  -12.639  -3.449 0.0000000000
87661  23.324  -12.268  -3.535 0.0000000000
87674  24.513  -12.976  -3.729 0.0000000000
87673  25.128  -13.340  -3.514 0.0000000000
126310  25.477  -12.916  -2.950 0.0000000000
87672  25.870  -13.664  -3.373 0.0000000000
86757  26.704  -13.759  -3.325 0.0000000000
86755  28.235  -13.969  -3.125 0.0000000000
86754  29.138  -14.094  -2.682 0.0000000000
85809  29.910  -14.640  -2.371 0.0000000000
86753  29.950  -13.960  -2.094 0.0000000000
86742  30.374  -13.502  -1.515 0.0000000000
87639  30.870  -12.804  -1.015 0.0000000000
88539  29.375  -12.169  -0.799 0.0000000000
87638  31.904  -12.729  -1.124 0.0000000000
128127  32.421  -11.904  -1.091 0.0000000000
88553  33.799  -11.338  -2.265 0.0000000000
139029  33.883  -11.031  -2.756 0.0000000000
141543  22.738  -4.149  0.683 0.0000000000
94632  24.429  -4.550  1.028 0.0000000000
94631  25.847  -4.517  1.900 0.0000000000
77435  26.154  -23.561  -4.584 0.0000000000
76493  26.626  -24.805  -3.964 0.0000000000
131255  26.810  -24.125  -4.356 0.0000000000
77408  28.631  -23.800  -2.634 0.0000000000
78307  28.721  -23.016  -3.092 0.0000000000
76464  29.426  -24.178  -1.388 0.0000000000
87663  21.434  -12.454  -2.844 0.0000000000
89421  23.273  -10.728  -2.625 0.0000000000
89410  22.501  -10.269  -2.382 0.0000000000
89420  24.129  -10.860  -2.445 0.0000000000
126153  24.568  -10.284  -1.763 0.0000000000
90345  25.831  -9.501  -0.352 0.0000000000
69787  26.465  -31.931  -0.640 0.0000000000
81092  31.571  -19.039  -2.456 0.0000000000
81076  31.597  -19.624  -2.079 0.0000000000
74592  22.828  -26.119  -0.649 0.0000000000
75520  22.905  -25.654  -0.949 0.0000000000
76466  22.999  -24.541  -1.481 0.0000000000
76477  23.630  -24.753  -2.132 0.0000000000
77409  23.972  -24.205  -2.634 0.0000000000
77426  25.489  -23.907  -3.874 0.0000000000
79218  22.077  -22.156  -1.512 0.0000000000
78322  24.470  -22.745  -3.973 0.0000000000
77436  25.240  -23.170  -4.380 0.0000000000
77434  26.576  -23.017  -5.221 0.0000000000
124248  27.008  -22.383  -5.409 0.0000000000
78330  27.728  -22.224  -4.865 0.0000000000
79264  26.793  -21.025  -5.590 0.0000000000
79254  27.392  -21.475  -5.397 0.0000000000
79253  28.173  -21.435  -4.831 0.0000000000
124296  28.653  -20.841  -4.721 0.0000000000
80162  29.378  -19.911  -4.288 0.0000000000
82991  21.417  -17.256  -2.250 0.0000000000
83002  23.051  -17.779  -4.122 0.0000000000
124641  23.783  -17.706  -4.856 0.0000000000
86771  23.233  -13.303  -3.684 0.0000000000
85822  23.652  -13.876  -4.181 0.0000000000
85834  24.118  -14.557  -4.540 0.0000000000
85832  25.447  -14.698  -4.674 0.0000000000
84930  25.411  -15.068  -5.264 0.0000000000
84931  24.577  -15.276  -5.133 0.0000000000
84016  24.606  -16.071  -5.460 0.0000000000
84028  25.148  -16.692  -5.508 0.0000000000
83022  24.645  -17.621  -5.342 0.0000000000
142669  26.197  -17.944  -5.827 0.0000000000
82039  26.660  -18.226  -5.793 0.0000000000
82037  27.785  -18.420  -5.832 0.0000000000
83010  28.036  -17.763  -5.664 0.0000000000
82028  28.415  -18.495  -5.468 0.0000000000
82027  29.129  -18.696  -4.868 0.0000000000
81102  29.657  -19.135  -4.003 0.0000000000
82009  31.056  -18.736  -2.891 0.0000000000
82008  31.879  -18.357  -2.656 0.0000000000
82987  33.310  -17.685  -2.317 0.0000000000
82988  32.533  -16.988  -2.739 0.0000000000
124663  34.300  -17.406  -2.399 0.0000000000
85807  32.777  -15.070  -2.089 0.0000000000
134223  34.319  -14.124  -2.337 0.0000000000
84904  35.255  -15.194  -2.618 0.0000000000
91285  23.478  -8.184  -0.712 0.0000000000
92204  24.057  -7.661  -0.279 0.0000000000
91283  25.259  -8.784  -0.438 0.0000000000
90338  26.535  -9.581  0.127 0.0000000000
97105  24.906  -1.568  1.595 0.0000000000
96310  25.932  -2.169  1.961 0.0000000000
95487  25.770  -3.095  2.028 0.0000000000
94624  26.363  -3.818  2.169 0.0000000000
94630  26.763  -4.583  2.206 0.0000000000
95485  28.172  -3.352  1.429 0.0000000000
123949  28.067  -4.028  1.887 0.0000000000
123090  27.664  -4.665  2.144 0.0000000000
93842  26.152  -5.314  1.905 0.0000000000
134440  26.515  -6.058  1.885 0.0000000000
92999  26.749  -6.873  1.766 0.0000000000
92185  27.368  -7.608  1.568 0.0000000000
92997  28.832  -6.640  1.723 0.0000000000
92184  28.353  -7.483  1.664 0.0000000000
91258  27.012  -8.356  1.118 0.0000000000
91271  27.638  -8.889  0.837 0.0000000000
90337  27.343  -9.595  0.423 0.0000000000
89386  28.947  -10.142  0.324 0.0000000000
89385  29.941  -10.054  0.348 0.0000000000
90343  31.631  -9.167  -0.018 0.0000000000
90342  32.327  -9.485  -0.579 0.0000000000
89405  32.850  -10.190  -0.970 0.0000000000
137832  33.607  -10.409  -2.573 0.0000000000
89432  33.916  -10.897  -3.321 0.0000000000
130290  33.444  -9.452  -4.791 0.0000000000
136508  33.656  -9.994  -4.360 0.0000000000
89442  33.905  -10.751  -4.350 0.0000000000
88575  34.326  -11.505  -4.814 0.0000000000
73724  24.863  -27.570  -2.104 0.0000000000
74613  24.797  -26.713  -2.317 0.0000000000
72777  25.670  -28.476  -1.925 0.0000000000
73711  26.657  -28.234  -1.197 0.0000000000
75554  27.081  -25.125  -3.575 0.0000000000
75544  27.211  -25.643  -3.050 0.0000000000
74610  27.018  -26.499  -2.627 0.0000000000
74602  27.201  -26.987  -1.948 0.0000000000
73710  27.305  -27.809  -0.714 0.0000000000
72759  27.081  -28.545  -0.405 0.0000000000
80121  31.651  -20.367  -1.751 0.0000000000
142258  31.740  -21.069  -1.541 0.0000000000
79255  25.613  -21.872  -5.380 0.0000000000
80135  30.362  -20.874  -2.407 0.0000000000
80153  29.187  -20.602  -4.196 0.0000000000
80172  27.822  -19.964  -5.782 0.0000000000
81090  33.802  -18.780  -2.015 0.0000000000
81118  27.428  -19.146  -5.727 0.0000000000
81120  26.088  -19.446  -5.568 0.0000000000
82006  34.737  -18.124  -2.405 0.0000000000
82038  27.290  -18.346  -5.802 0.0000000000
82040  25.970  -18.557  -5.702 0.0000000000
82977  21.047  -17.458  -1.661 0.0000000000
82989  31.815  -17.475  -2.983 0.0000000000
83011  27.384  -17.131  -5.450 0.0000000000
83012  24.174  -16.791  -5.364 0.0000000000
83020  27.019  -17.695  -5.738 0.0000000000
83021  25.626  -17.640  -5.614 0.0000000000
83990  34.320  -16.496  -2.488 0.0000000000
84013  28.697  -16.979  -4.480 0.0000000000
84017  23.868  -16.028  -5.135 0.0000000000
84906  33.245  -15.626  -2.360 0.0000000000
84921  27.012  -15.472  -4.165 0.0000000000
84922  22.548  -14.947  -3.615 0.0000000000
84932  23.697  -15.289  -4.626 0.0000000000
85795  32.617  -14.314  -1.794 0.0000000000
85821  25.276  -14.434  -4.004 0.0000000000
85824  22.046  -14.202  -3.427 0.0000000000
86750  35.264  -13.410  -3.148 0.0000000000
86756  27.483  -13.851  -3.269 0.0000000000
86765  27.468  -14.471  -3.530 0.0000000000
86769  24.892  -13.834  -3.757 0.0000000000
86770  23.948  -13.326  -4.055 0.0000000000
86779  24.295  -14.042  -4.198 0.0000000000
87654  34.266  -12.071  -2.626 0.0000000000
87662  21.891  -12.094  -3.256 0.0000000000
87675  23.973  -12.812  -3.771 0.0000000000
88526  32.654  -11.080  -0.872 0.0000000000
88528  30.919  -11.290  -0.402 0.0000000000
88536  33.242  -11.610  -1.503 0.0000000000
88582  33.926  -10.907  -5.472 0.0000000000
89388  27.033  -10.286  -0.085 0.0000000000
89395  30.447  -10.668  -0.038 0.0000000000
89404  33.164  -9.960  -1.750 0.0000000000
89443  33.663  -10.161  -5.128 0.0000000000
90334  30.342  -9.253  0.563 0.0000000000
90346  24.571  -9.039  -0.917 0.0000000000
90388  33.487  -9.444  -3.937 0.0000000000
91256  28.847  -8.102  1.471 0.0000000000
91269  30.067  -8.169  1.151 0.0000000000
91306  33.199  -9.119  -2.721 0.0000000000
91307  32.876  -8.571  -2.618 0.0000000000
92195  29.932  -7.451  1.264 0.0000000000
92202  31.272  -7.758  -0.428 0.0000000000
92213  32.291  -8.110  -1.515 0.0000000000
93841  27.089  -5.342  2.123 0.0000000000
93849  29.841  -5.899  0.681 0.0000000000
120649  31.765  -16.850  -3.100 0.0000000000
122441  26.844  -14.967  -3.886 0.0000000000
125255  21.256  -17.907  -1.947 0.0000000000
127729  24.583  -20.822  -4.952 0.0000000000
134933  29.367  -8.565  1.122 0.0000000000
136005  31.762  -9.881  -0.125 0.0000000000
136142  26.097  -8.849  0.017 0.0000000000
136799  30.914  -6.586  -1.407 0.0000000000
137363  26.691  -15.843  -4.667 0.0000000000
138484  33.495  -14.143  -2.029 0.0000000000
138674  33.092  -20.243  -1.728 0.0000000000
140692  22.480  -9.829  -2.052 0.0000000000
140945  30.199  -20.250  -2.758 0.0000000000
141497  25.136  -4.377  1.448 0.0000000000
144348  33.513  -18.286  -2.178 0.0000000000
144471  33.663  -12.857  -1.965 0.0000000000
144545  31.076  -19.368  -2.494 0.0000000000
145102  28.898  -8.970  0.812 0.0000000000
