#!ascii label  , from subject sub-v1s18x0051282_ses-1 vox2ras=TkReg
1062
76949  -48.767  34.279  42.757 0.0000000000
84322  -40.208  47.684  41.886 0.0000000000
80678  -38.638  40.136  41.808 0.0000000000
80737  -43.573  40.663  31.299 0.0000000000
85283  -42.365  49.989  40.293 0.0000000000
83291  -47.444  45.833  39.324 0.0000000000
83916  -45.235  46.342  31.161 0.0000000000
80741  -38.642  39.839  32.356 0.0000000000
103914  -44.492  26.588  50.291 0.0000000000
76911  -45.604  33.567  46.478 0.0000000000
86191  -33.404  51.061  43.116 0.0000000000
95147  -37.820  52.432  41.897 0.0000000000
88642  -41.974  57.733  40.085 0.0000000000
108910  -44.392  36.295  40.711 0.0000000000
104497  -44.402  42.075  46.387 0.0000000000
81196  -41.924  41.956  38.964 0.0000000000
78692  -46.960  36.829  35.694 0.0000000000
78723  -40.717  36.714  33.899 0.0000000000
78182  -35.777  34.420  33.465 0.0000000000
76966  -45.600  33.361  40.909 0.0000000000
85747  -43.368  51.951  37.412 0.0000000000
105170  -44.565  49.017  35.868 0.0000000000
84851  -42.460  49.047  34.764 0.0000000000
83314  -41.077  45.536  35.432 0.0000000000
75253  -44.933  30.115  47.004 0.0000000000
101850  -42.355  32.042  45.909 0.0000000000
85728  -30.223  50.357  42.823 0.0000000000
87050  -39.940  54.504  41.518 0.0000000000
101676  -42.030  35.517  41.465 0.0000000000
79193  -40.686  37.837  39.751 0.0000000000
83820  -37.805  46.122  41.554 0.0000000000
82658  -42.121  44.876  43.141 0.0000000000
98986  -43.865  44.312  35.398 0.0000000000
82697  -43.164  44.725  39.326 0.0000000000
81212  -42.512  41.922  35.437 0.0000000000
104247  -44.593  39.154  37.181 0.0000000000
80215  -44.685  38.595  33.337 0.0000000000
78703  -44.663  36.602  34.735 0.0000000000
79250  -44.104  37.686  30.506 0.0000000000
79236  -36.324  36.403  31.847 0.0000000000
84791  -43.294  50.030  43.841 0.0000000000
111214  -45.064  48.250  43.238 0.0000000000
84342  -44.892  47.463  39.900 0.0000000000
83317  -47.034  46.011  34.801 0.0000000000
82183  -44.557  43.012  30.007 0.0000000000
80749  -41.472  40.650  30.521 0.0000000000
82176  -41.789  43.319  32.667 0.0000000000
81217  -38.744  42.090  34.960 0.0000000000
74010  -46.830  27.231  49.911 0.0000000000
75803  -49.029  31.749  48.233 0.0000000000
77486  -49.668  35.111  45.849 0.0000000000
84303  -30.490  47.082  43.865 0.0000000000
84784  -34.482  48.111  42.825 0.0000000000
84786  -36.537  48.971  42.549 0.0000000000
101644  -38.748  51.184  43.721 0.0000000000
86194  -41.240  52.708  44.805 0.0000000000
86648  -42.367  53.674  40.523 0.0000000000
87071  -42.582  53.962  38.785 0.0000000000
87476  -40.825  56.630  38.372 0.0000000000
77496  -42.209  34.481  44.646 0.0000000000
77517  -45.571  35.076  44.003 0.0000000000
100853  -47.643  35.859  41.934 0.0000000000
81146  -42.340  40.438  45.535 0.0000000000
82648  -47.084  44.000  44.457 0.0000000000
82114  -43.290  43.113  42.219 0.0000000000
96980  -40.707  40.993  40.739 0.0000000000
80179  -43.323  39.090  39.089 0.0000000000
101628  -46.464  37.880  38.382 0.0000000000
78127  -48.484  35.562  39.259 0.0000000000
77591  -45.629  35.006  37.702 0.0000000000
97515  -42.164  35.403  37.330 0.0000000000
78145  -39.349  35.497  37.368 0.0000000000
107942  -38.989  36.310  29.602 0.0000000000
78709  -38.309  36.114  34.143 0.0000000000
77585  -37.496  34.690  37.483 0.0000000000
76936  -50.009  33.850  44.964 0.0000000000
76940  -48.010  33.569  43.487 0.0000000000
76958  -48.342  34.255  41.691 0.0000000000
85755  -43.282  51.727  36.936 0.0000000000
85318  -43.082  50.536  36.336 0.0000000000
85317  -41.865  49.971  35.877 0.0000000000
84849  -40.828  48.223  35.464 0.0000000000
79682  -39.627  38.607  40.329 0.0000000000
83821  -39.599  46.840  41.584 0.0000000000
106187  -43.012  42.168  34.117 0.0000000000
82720  -42.722  43.570  36.443 0.0000000000
81218  -42.957  41.582  33.951 0.0000000000
80723  -43.377  40.146  35.055 0.0000000000
80214  -43.647  39.580  32.603 0.0000000000
79745  -44.855  37.719  31.854 0.0000000000
105100  -44.515  38.837  30.013 0.0000000000
106183  -42.951  50.581  43.160 0.0000000000
84804  -43.832  49.117  41.756 0.0000000000
84812  -43.381  48.636  40.008 0.0000000000
84862  -45.205  48.664  33.959 0.0000000000
84383  -46.639  47.310  35.569 0.0000000000
83927  -46.373  47.185  32.355 0.0000000000
83340  -46.242  45.196  31.615 0.0000000000
82744  -45.320  44.400  29.976 0.0000000000
82181  -42.958  42.799  31.039 0.0000000000
83325  -42.906  45.017  32.287 0.0000000000
82170  -40.560  43.700  34.978 0.0000000000
76368  -45.183  32.371  46.594 0.0000000000
75243  -46.581  30.805  47.552 0.0000000000
76369  -47.575  33.261  47.241 0.0000000000
76370  -48.499  33.803  47.095 0.0000000000
76929  -47.116  34.528  46.197 0.0000000000
85729  -31.710  50.976  43.149 0.0000000000
85261  -31.640  49.330  43.313 0.0000000000
85263  -33.686  49.691  43.396 0.0000000000
85269  -34.901  49.069  42.939 0.0000000000
85720  -34.646  50.208  43.064 0.0000000000
86210  -36.251  51.546  41.733 0.0000000000
101110  -36.791  50.983  43.061 0.0000000000
85722  -38.242  52.166  44.086 0.0000000000
85723  -40.382  52.155  44.892 0.0000000000
94151  -38.665  52.960  44.318 0.0000000000
87443  -41.551  56.012  41.445 0.0000000000
96300  -41.507  54.963  42.214 0.0000000000
87444  -42.344  56.299  40.987 0.0000000000
109411  -43.130  53.699  39.172 0.0000000000
87851  -42.607  55.747  39.289 0.0000000000
103665  -41.373  54.541  38.520 0.0000000000
87849  -41.522  57.216  38.970 0.0000000000
77509  -37.758  34.662  43.906 0.0000000000
76934  -38.346  34.382  44.736 0.0000000000
77493  -39.220  34.452  44.557 0.0000000000
77479  -40.989  34.244  45.129 0.0000000000
77512  -40.431  34.592  43.666 0.0000000000
78121  -43.489  35.910  41.034 0.0000000000
77531  -44.013  34.650  42.966 0.0000000000
78094  -45.134  35.248  42.271 0.0000000000
78079  -46.346  35.386  43.349 0.0000000000
78647  -45.886  36.220  41.022 0.0000000000
102964  -42.459  41.321  47.013 0.0000000000
80634  -41.858  40.193  47.084 0.0000000000
81147  -43.373  40.787  46.310 0.0000000000
83825  -46.899  46.533  41.792 0.0000000000
83805  -46.174  46.542  43.660 0.0000000000
83244  -47.531  45.063  41.630 0.0000000000
82148  -42.046  43.747  39.248 0.0000000000
82140  -42.852  43.833  40.781 0.0000000000
105416  -42.041  43.372  40.611 0.0000000000
81631  -41.174  42.242  41.121 0.0000000000
106513  -41.397  41.680  39.700 0.0000000000
80695  -42.084  40.146  39.191 0.0000000000
80702  -42.580  40.549  38.577 0.0000000000
79714  -46.690  37.783  35.719 0.0000000000
79705  -45.248  38.685  37.585 0.0000000000
79209  -47.364  37.267  37.196 0.0000000000
79206  -47.941  36.973  38.419 0.0000000000
78152  -47.430  35.991  37.525 0.0000000000
78136  -46.756  35.262  37.863 0.0000000000
78168  -46.508  36.325  36.353 0.0000000000
78712  -42.080  36.711  34.777 0.0000000000
109289  -42.778  36.102  36.364 0.0000000000
78164  -41.360  36.104  36.485 0.0000000000
78147  -41.301  35.599  37.200 0.0000000000
78686  -40.105  36.330  36.072 0.0000000000
80748  -40.158  39.972  31.054 0.0000000000
80240  -40.082  38.803  29.304 0.0000000000
79752  -38.312  38.178  30.106 0.0000000000
78192  -36.118  35.067  32.104 0.0000000000
78720  -37.062  35.382  31.849 0.0000000000
98189  -36.551  34.920  33.540 0.0000000000
78160  -37.289  35.337  35.949 0.0000000000
78159  -36.488  34.719  35.631 0.0000000000
77584  -35.935  33.681  37.065 0.0000000000
75256  -50.602  30.874  47.416 0.0000000000
76980  -44.579  33.333  39.841 0.0000000000
97504  -42.487  50.483  38.867 0.0000000000
84823  -43.391  49.588  37.903 0.0000000000
85301  -43.592  50.114  36.888 0.0000000000
85328  -43.856  49.715  35.326 0.0000000000
84391  -43.411  47.961  33.629 0.0000000000
83902  -42.528  46.102  34.028 0.0000000000
84382  -41.997  47.265  34.658 0.0000000000
74022  -45.142  28.248  48.466 0.0000000000
107722  -43.583  29.676  46.654 0.0000000000
76367  -43.994  32.336  46.314 0.0000000000
112779  -31.683  52.168  42.829 0.0000000000
87041  -39.271  53.552  42.043 0.0000000000
87834  -40.433  57.218  39.791 0.0000000000
88229  -40.752  57.504  39.282 0.0000000000
77528  -40.775  34.753  42.806 0.0000000000
78654  -41.663  36.463  40.216 0.0000000000
109590  -42.437  36.864  39.737 0.0000000000
82645  -43.118  43.898  44.693 0.0000000000
97543  -45.780  45.340  37.051 0.0000000000
83275  -45.393  45.252  39.414 0.0000000000
82714  -43.377  44.875  37.560 0.0000000000
82161  -42.315  43.518  37.432 0.0000000000
105220  -42.451  41.830  37.566 0.0000000000
80708  -42.782  40.895  37.848 0.0000000000
80716  -43.232  40.308  36.181 0.0000000000
80207  -45.003  38.788  35.031 0.0000000000
79721  -46.071  37.674  34.288 0.0000000000
78704  -45.898  36.786  34.724 0.0000000000
79233  -45.659  37.103  33.146 0.0000000000
79231  -44.374  36.968  32.228 0.0000000000
79230  -42.596  36.821  32.410 0.0000000000
79744  -37.152  38.147  31.499 0.0000000000
97616  -38.802  40.103  43.334 0.0000000000
84798  -41.006  48.623  42.749 0.0000000000
83823  -42.716  47.658  42.766 0.0000000000
84324  -43.869  49.224  43.462 0.0000000000
84331  -45.069  47.884  41.428 0.0000000000
83850  -47.177  46.346  39.543 0.0000000000
84825  -44.510  48.008  37.707 0.0000000000
83873  -46.703  46.576  37.376 0.0000000000
83308  -47.085  45.748  36.857 0.0000000000
83315  -45.696  44.948  35.180 0.0000000000
82729  -44.627  44.103  33.620 0.0000000000
105429  -44.066  42.045  31.071 0.0000000000
80751  -43.709  40.945  29.611 0.0000000000
81234  -43.138  41.902  30.413 0.0000000000
81233  -41.690  41.714  31.466 0.0000000000
80736  -40.239  41.316  32.540 0.0000000000
82171  -41.434  43.959  33.964 0.0000000000
81677  -39.637  42.360  34.359 0.0000000000
74686  -45.556  28.775  47.974 0.0000000000
75245  -48.326  29.674  48.588 0.0000000000
75792  -50.488  30.994  48.589 0.0000000000
76371  -50.200  32.740  46.994 0.0000000000
76931  -50.169  34.260  45.622 0.0000000000
76942  -49.999  34.818  44.326 0.0000000000
83803  -32.587  46.465  43.391 0.0000000000
84780  -32.715  48.015  43.362 0.0000000000
84310  -34.156  47.213  42.773 0.0000000000
84317  -35.731  47.309  42.171 0.0000000000
84794  -36.884  48.171  42.098 0.0000000000
84796  -38.600  48.276  41.948 0.0000000000
86202  -34.407  51.141  42.583 0.0000000000
98853  -36.110  50.519  42.871 0.0000000000
85272  -37.180  49.776  42.824 0.0000000000
84788  -39.075  49.144  42.598 0.0000000000
85275  -41.175  50.365  44.009 0.0000000000
109429  -42.079  51.448  44.334 0.0000000000
85737  -42.210  50.985  42.311 0.0000000000
87034  -40.264  53.717  43.830 0.0000000000
86638  -41.480  53.039  43.096 0.0000000000
86217  -41.952  51.949  40.462 0.0000000000
86655  -42.994  52.864  39.593 0.0000000000
98160  -43.040  52.725  38.137 0.0000000000
86662  -40.680  52.832  38.419 0.0000000000
87069  -40.443  53.782  38.266 0.0000000000
88255  -40.592  57.533  38.866 0.0000000000
76380  -42.432  33.048  45.988 0.0000000000
76926  -43.955  34.014  45.997 0.0000000000
107015  -42.463  34.625  42.881 0.0000000000
77498  -44.133  34.614  44.581 0.0000000000
77483  -45.341  34.537  45.652 0.0000000000
77500  -47.240  35.269  45.084 0.0000000000
78081  -49.199  35.363  43.453 0.0000000000
77534  -49.482  35.028  42.665 0.0000000000
80656  -40.190  40.407  43.511 0.0000000000
83232  -44.118  46.538  43.417 0.0000000000
82647  -44.951  45.076  44.554 0.0000000000
82091  -45.180  43.170  45.567 0.0000000000
103128  -45.161  44.456  41.291 0.0000000000
82116  -45.834  43.656  43.115 0.0000000000
81601  -44.809  41.836  45.843 0.0000000000
81167  -42.246  41.696  43.186 0.0000000000
81166  -41.410  41.403  42.664 0.0000000000
80680  -40.280  40.756  41.247 0.0000000000
80177  -40.800  39.385  39.846 0.0000000000
79689  -42.054  38.525  39.452 0.0000000000
79196  -43.749  37.665  39.337 0.0000000000
80187  -44.311  39.026  38.132 0.0000000000
79692  -44.363  38.071  38.955 0.0000000000
100526  -45.414  37.369  39.673 0.0000000000
113944  -47.526  36.642  40.596 0.0000000000
78660  -48.823  35.790  40.771 0.0000000000
111252  -49.248  34.926  41.400 0.0000000000
77546  -47.479  34.318  39.975 0.0000000000
77560  -46.148  34.264  38.855 0.0000000000
76990  -44.061  33.996  38.556 0.0000000000
78167  -44.752  35.857  36.469 0.0000000000
77589  -43.730  34.966  37.629 0.0000000000
76989  -43.106  33.876  38.821 0.0000000000
77573  -41.548  34.501  38.515 0.0000000000
77572  -40.504  34.497  38.660 0.0000000000
80248  -43.063  39.320  27.890 0.0000000000
97471  -41.643  36.840  29.496 0.0000000000
78731  -40.112  36.379  31.293 0.0000000000
79246  -37.443  36.111  30.469 0.0000000000
98508  -38.201  35.823  31.980 0.0000000000
96189  -39.909  36.552  33.801 0.0000000000
78685  -39.227  36.173  35.991 0.0000000000
77586  -38.382  35.277  37.324 0.0000000000
111391  -49.197  34.298  43.384 0.0000000000
76935  -48.474  33.318  44.487 0.0000000000
110029  -47.253  33.541  42.473 0.0000000000
85754  -41.817  50.959  37.365 0.0000000000
85771  -42.475  50.771  36.649 0.0000000000
79681  -38.886  38.538  40.660 0.0000000000
80162  -38.895  39.940  41.009 0.0000000000
84321  -39.106  47.547  41.660 0.0000000000
83822  -40.719  47.055  41.799 0.0000000000
81225  -43.361  41.318  32.372 0.0000000000
106333  -43.257  40.526  32.688 0.0000000000
80730  -43.034  40.717  34.028 0.0000000000
80222  -43.853  39.664  31.319 0.0000000000
85738  -42.369  50.479  41.559 0.0000000000
84803  -42.827  49.287  40.607 0.0000000000
84868  -44.958  48.364  32.960 0.0000000000
84869  -45.846  48.225  32.786 0.0000000000
83926  -45.981  46.845  31.917 0.0000000000
97419  -45.710  45.332  30.246 0.0000000000
83915  -44.831  45.440  30.433 0.0000000000
83339  -44.275  44.447  30.445 0.0000000000
83903  -43.529  45.796  32.221 0.0000000000
74009  -45.218  27.228  49.659 0.0000000000
107200  -46.153  31.902  47.047 0.0000000000
97093  -46.432  32.927  46.928 0.0000000000
76912  -47.048  33.934  46.725 0.0000000000
76928  -46.005  34.305  46.157 0.0000000000
85718  -32.667  50.900  43.271 0.0000000000
85262  -32.745  49.788  43.444 0.0000000000
85719  -33.491  50.456  43.338 0.0000000000
85264  -34.395  49.688  43.208 0.0000000000
85730  -34.102  50.716  43.067 0.0000000000
86645  -37.250  52.568  40.814 0.0000000000
86634  -36.414  52.014  40.852 0.0000000000
86635  -37.125  51.921  41.784 0.0000000000
86627  -37.874  52.100  43.144 0.0000000000
86636  -38.532  52.884  42.779 0.0000000000
87824  -41.839  57.023  40.866 0.0000000000
87819  -42.015  56.286  41.413 0.0000000000
87825  -42.171  57.029  40.759 0.0000000000
87445  -42.898  55.717  40.122 0.0000000000
87836  -42.722  56.308  39.672 0.0000000000
87850  -42.229  56.468  39.060 0.0000000000
88242  -42.139  57.374  39.370 0.0000000000
78076  -38.018  35.199  43.018 0.0000000000
77510  -38.633  34.650  43.825 0.0000000000
77511  -39.520  34.629  43.738 0.0000000000
77494  -40.019  34.456  44.424 0.0000000000
109027  -44.566  35.604  41.490 0.0000000000
78109  -45.721  35.706  41.681 0.0000000000
78122  -45.140  36.025  41.121 0.0000000000
82089  -42.055  42.898  45.175 0.0000000000
81600  -42.692  42.167  46.343 0.0000000000
81139  -43.194  40.961  46.903 0.0000000000
81140  -44.140  41.571  46.443 0.0000000000
83835  -47.472  45.961  40.803 0.0000000000
83826  -47.451  45.731  41.467 0.0000000000
83261  -47.476  45.577  40.401 0.0000000000
82147  -41.776  43.194  38.993 0.0000000000
82138  -41.670  43.219  39.879 0.0000000000
81645  -41.598  42.602  39.458 0.0000000000
81638  -41.306  42.441  40.228 0.0000000000
81189  -42.040  41.062  39.046 0.0000000000
79707  -47.007  37.563  36.523 0.0000000000
79214  -47.235  36.910  36.344 0.0000000000
78681  -47.398  36.635  37.183 0.0000000000
78169  -47.049  36.507  36.645 0.0000000000
104733  -41.791  36.839  33.852 0.0000000000
78701  -41.309  36.526  35.410 0.0000000000
78687  -40.964  36.378  36.020 0.0000000000
78700  -40.535  36.476  35.420 0.0000000000
80742  -39.638  40.390  32.043 0.0000000000
80228  -38.989  39.430  31.238 0.0000000000
78188  -35.664  34.704  32.870 0.0000000000
78189  -36.318  34.945  32.240 0.0000000000
78174  -36.398  34.674  34.510 0.0000000000
77604  -35.697  34.179  34.572 0.0000000000
77608  -35.562  34.246  33.775 0.0000000000
99828  -50.024  32.382  46.537 0.0000000000
76956  -45.557  33.150  41.580 0.0000000000
104329  -44.943  33.221  40.529 0.0000000000
85748  -43.418  51.463  37.670 0.0000000000
85300  -43.529  50.879  37.284 0.0000000000
97493  -42.796  49.933  35.720 0.0000000000
85319  -43.507  50.024  36.009 0.0000000000
85327  -43.158  49.655  35.121 0.0000000000
85335  -43.748  49.429  34.728 0.0000000000
84860  -43.196  49.003  34.385 0.0000000000
84859  -42.524  48.181  34.390 0.0000000000
84381  -41.169  47.386  35.327 0.0000000000
94977  -42.712  29.540  46.406 0.0000000000
75810  -43.058  32.233  46.120 0.0000000000
87833  -39.351  56.270  39.604 0.0000000000
87848  -39.895  57.391  39.257 0.0000000000
88240  -38.723  57.525  38.582 0.0000000000
79188  -40.132  37.193  40.077 0.0000000000
114020  -40.696  36.617  40.205 0.0000000000
108570  -41.008  37.061  39.667 0.0000000000
78665  -41.749  37.104  39.586 0.0000000000
83819  -37.117  46.171  41.560 0.0000000000
83219  -43.062  44.708  43.858 0.0000000000
83307  -44.997  45.092  36.298 0.0000000000
83297  -44.505  45.225  37.252 0.0000000000
82721  -43.725  44.699  36.449 0.0000000000
81675  -42.584  42.467  35.625 0.0000000000
81670  -42.452  42.974  36.459 0.0000000000
81663  -42.185  42.707  37.428 0.0000000000
81204  -42.372  42.267  36.547 0.0000000000
80715  -42.676  41.241  36.642 0.0000000000
80206  -44.139  39.249  34.578 0.0000000000
80216  -45.212  38.392  34.110 0.0000000000
112748  -46.023  37.108  33.720 0.0000000000
79730  -45.708  37.493  33.451 0.0000000000
79753  -44.500  38.075  30.857 0.0000000000
79240  -44.626  37.444  31.516 0.0000000000
79239  -43.748  36.997  31.108 0.0000000000
79238  -42.246  36.767  30.764 0.0000000000
104077  -42.524  49.211  43.537 0.0000000000
95090  -43.650  49.771  43.533 0.0000000000
84341  -44.160  48.238  40.826 0.0000000000
84330  -44.610  48.834  42.523 0.0000000000
83833  -45.865  46.901  40.331 0.0000000000
83849  -46.004  46.796  39.108 0.0000000000
84824  -43.882  48.839  37.540 0.0000000000
84836  -44.546  48.465  36.878 0.0000000000
84384  -47.028  47.279  34.551 0.0000000000
84374  -46.147  47.302  36.493 0.0000000000
83885  -47.083  46.302  36.470 0.0000000000
83874  -47.247  46.047  37.450 0.0000000000
83309  -47.162  45.744  35.925 0.0000000000
111998  -47.047  45.564  36.160 0.0000000000
83316  -46.767  45.427  35.229 0.0000000000
82736  -45.208  43.352  30.732 0.0000000000
82737  -45.763  44.467  31.382 0.0000000000
82172  -44.407  43.099  32.591 0.0000000000
82177  -44.283  42.577  30.324 0.0000000000
81685  -43.814  42.128  30.078 0.0000000000
82186  -44.086  42.318  30.002 0.0000000000
81679  -41.668  42.810  32.391 0.0000000000
81683  -42.947  42.300  30.688 0.0000000000
81682  -41.417  42.311  32.332 0.0000000000
83324  -41.965  45.340  34.358 0.0000000000
82727  -41.400  44.709  34.856 0.0000000000
81673  -39.308  42.777  35.277 0.0000000000
81674  -40.071  43.055  34.632 0.0000000000
96549  -44.471  29.334  47.181 0.0000000000
75254  -46.004  29.683  47.698 0.0000000000
75244  -47.821  30.720  48.139 0.0000000000
112840  -48.631  30.739  48.489 0.0000000000
75246  -49.573  30.645  48.664 0.0000000000
75805  -51.103  31.022  48.205 0.0000000000
76359  -50.032  32.493  47.731 0.0000000000
77468  -48.573  34.530  46.466 0.0000000000
76913  -49.485  34.081  46.676 0.0000000000
77469  -50.058  34.578  46.111 0.0000000000
76937  -50.316  34.634  44.997 0.0000000000
77502  -50.183  35.066  45.122 0.0000000000
83797  -30.469  46.336  44.414 0.0000000000
83801  -30.994  46.541  43.895 0.0000000000
83802  -31.683  46.433  43.681 0.0000000000
84304  -31.381  47.127  43.594 0.0000000000
85727  -29.142  50.755  42.623 0.0000000000
85260  -30.433  49.350  43.006 0.0000000000
84781  -33.194  48.861  43.368 0.0000000000
99250  -32.304  48.749  43.402 0.0000000000
84309  -33.586  47.927  43.155 0.0000000000
84306  -32.937  47.343  43.302 0.0000000000
84311  -34.928  47.299  42.493 0.0000000000
84785  -35.731  48.994  42.723 0.0000000000
84312  -36.113  48.174  42.317 0.0000000000
84795  -37.670  48.193  41.977 0.0000000000
112544  -37.241  48.815  42.377 0.0000000000
111207  -35.529  50.643  42.740 0.0000000000
85732  -37.578  50.973  43.286 0.0000000000
85273  -38.330  50.060  42.980 0.0000000000
85274  -39.588  50.139  43.331 0.0000000000
84789  -40.423  49.321  43.075 0.0000000000
86616  -40.498  52.971  45.166 0.0000000000
85734  -41.476  51.337  44.506 0.0000000000
86193  -41.419  52.136  44.778 0.0000000000
107317  -42.532  51.016  43.733 0.0000000000
86206  -41.879  52.103  44.155 0.0000000000
87042  -40.257  54.128  42.858 0.0000000000
87051  -42.089  54.826  41.683 0.0000000000
87044  -41.189  54.111  42.962 0.0000000000
106278  -41.682  53.681  41.919 0.0000000000
86647  -41.776  52.696  41.170 0.0000000000
86219  -42.826  52.070  39.058 0.0000000000
86664  -42.996  53.905  38.992 0.0000000000
101116  -43.223  52.942  38.533 0.0000000000
100902  -43.117  53.319  38.603 0.0000000000
86663  -42.150  53.072  38.454 0.0000000000
87462  -41.394  55.889  38.616 0.0000000000
87461  -40.601  55.077  38.189 0.0000000000
87079  -39.784  54.181  37.759 0.0000000000
87475  -40.294  55.523  37.657 0.0000000000
105544  -40.763  33.354  45.561 0.0000000000
77480  -41.774  34.294  45.251 0.0000000000
76925  -42.103  33.860  45.674 0.0000000000
77481  -42.645  34.355  45.354 0.0000000000
104757  -43.013  33.948  45.892 0.0000000000
77482  -43.702  34.409  45.427 0.0000000000
78090  -40.999  35.125  42.040 0.0000000000
77529  -41.617  34.799  42.520 0.0000000000
78091  -42.333  35.007  42.043 0.0000000000
77532  -44.725  34.879  42.827 0.0000000000
77516  -44.647  34.770  43.711 0.0000000000
106206  -44.700  34.634  45.183 0.0000000000
99879  -44.939  34.795  44.516 0.0000000000
77499  -45.769  34.938  44.958 0.0000000000
78096  -47.141  35.680  42.687 0.0000000000
78080  -47.669  35.564  43.465 0.0000000000
78097  -48.602  35.517  42.551 0.0000000000
110365  -48.667  35.603  41.628 0.0000000000
80646  -41.674  40.017  46.310 0.0000000000
95018  -40.205  40.002  44.596 0.0000000000
84313  -43.987  48.477  43.406 0.0000000000
83812  -43.199  46.934  42.883 0.0000000000
83813  -44.511  47.994  43.321 0.0000000000
83222  -46.586  45.457  44.206 0.0000000000
83221  -45.667  45.720  44.276 0.0000000000
83213  -46.223  44.800  44.764 0.0000000000
106656  -44.986  44.015  45.266 0.0000000000
82092  -46.395  43.661  45.038 0.0000000000
83274  -44.166  45.212  39.008 0.0000000000
83258  -45.754  44.930  40.150 0.0000000000
82684  -44.947  44.689  40.660 0.0000000000
82130  -43.595  43.640  41.617 0.0000000000
82115  -44.310  43.340  42.602 0.0000000000
82103  -44.984  42.820  43.770 0.0000000000
81620  -43.741  42.656  43.155 0.0000000000
81612  -43.280  41.887  43.799 0.0000000000
81182  -40.913  41.675  40.496 0.0000000000
81176  -41.113  41.700  41.796 0.0000000000
81175  -40.777  41.428  41.212 0.0000000000
81165  -40.761  41.129  42.049 0.0000000000
80687  -40.418  40.544  40.508 0.0000000000
80693  -40.453  40.087  40.088 0.0000000000
98439  -42.562  39.266  39.309 0.0000000000
80178  -41.670  39.374  39.568 0.0000000000
79690  -42.983  38.296  39.233 0.0000000000
79691  -43.688  38.445  39.035 0.0000000000
96597  -43.727  39.589  37.756 0.0000000000
79699  -45.926  38.345  38.036 0.0000000000
79698  -44.876  38.469  38.430 0.0000000000
79204  -45.429  37.847  38.903 0.0000000000
79198  -46.611  37.444  39.266 0.0000000000
78657  -45.942  36.913  40.351 0.0000000000
78139  -48.556  36.039  39.091 0.0000000000
78671  -48.715  36.080  39.861 0.0000000000
78128  -48.717  35.685  39.748 0.0000000000
77548  -49.041  35.126  40.843 0.0000000000
77562  -48.584  34.881  39.969 0.0000000000
77547  -48.581  34.615  40.746 0.0000000000
99973  -47.845  34.775  39.253 0.0000000000
77576  -46.154  34.668  38.265 0.0000000000
77575  -45.199  34.201  38.479 0.0000000000
77590  -44.545  34.616  37.939 0.0000000000
78690  -44.684  36.328  35.646 0.0000000000
78148  -42.962  35.529  37.027 0.0000000000
77588  -42.749  34.967  37.771 0.0000000000
107954  -43.335  34.439  38.259 0.0000000000
77574  -42.478  34.455  38.404 0.0000000000
77587  -41.868  35.022  37.893 0.0000000000
78146  -40.284  35.584  37.331 0.0000000000
78135  -40.902  35.098  37.966 0.0000000000
78134  -39.919  35.113  38.025 0.0000000000
77571  -39.563  34.561  38.596 0.0000000000
78133  -38.995  35.021  38.041 0.0000000000
80750  -43.176  41.118  29.822 0.0000000000
80761  -43.983  40.406  28.414 0.0000000000
80759  -41.903  40.228  29.469 0.0000000000
79256  -39.824  36.895  29.237 0.0000000000
79257  -41.107  36.984  28.842 0.0000000000
79248  -40.229  36.635  29.413 0.0000000000
78738  -40.800  36.494  30.332 0.0000000000
78737  -39.487  36.091  30.075 0.0000000000
79743  -36.632  37.281  31.563 0.0000000000
79237  -36.758  36.213  31.167 0.0000000000
78729  -37.646  35.751  31.000 0.0000000000
78721  -38.232  36.012  33.117 0.0000000000
78722  -39.157  36.286  32.961 0.0000000000
78710  -39.208  36.384  34.250 0.0000000000
78698  -38.767  36.200  35.078 0.0000000000
78144  -37.647  35.213  36.841 0.0000000000
103302  -38.095  35.531  36.548 0.0000000000
108764  -38.252  34.752  37.975 0.0000000000
76930  -49.989  33.520  45.598 0.0000000000
76389  -46.870  32.735  44.024 0.0000000000
85756  -43.449  51.642  37.075 0.0000000000
85772  -43.377  51.345  36.765 0.0000000000
85326  -42.114  49.453  35.225 0.0000000000
84850  -41.679  48.405  35.021 0.0000000000
85325  -41.196  49.096  35.437 0.0000000000
108013  -39.998  37.995  40.073 0.0000000000
79683  -40.395  38.634  39.980 0.0000000000
105022  -38.509  46.603  41.552 0.0000000000
83242  -40.028  46.167  41.766 0.0000000000
102397  -42.109  45.818  42.650 0.0000000000
82728  -43.785  43.771  34.693 0.0000000000
106574  -43.238  43.986  35.945 0.0000000000
82167  -43.164  43.035  34.914 0.0000000000
80722  -42.854  41.042  35.321 0.0000000000
80731  -43.482  39.788  33.847 0.0000000000
79737  -45.278  37.550  32.719 0.0000000000
80223  -44.673  38.430  32.127 0.0000000000
80230  -44.542  38.584  30.973 0.0000000000
101446  -44.348  38.599  29.748 0.0000000000
85279  -43.357  50.194  43.110 0.0000000000
84799  -43.588  49.743  42.565 0.0000000000
84352  -44.124  48.048  39.374 0.0000000000
84852  -44.953  48.902  35.084 0.0000000000
84846  -45.646  48.226  35.705 0.0000000000
84853  -46.192  48.183  34.639 0.0000000000
84854  -46.718  47.734  33.946 0.0000000000
83905  -47.005  46.865  33.276 0.0000000000
83327  -46.503  45.627  33.588 0.0000000000
83341  -46.543  46.043  32.357 0.0000000000
112199  -46.077  44.921  30.223 0.0000000000
82743  -44.658  43.334  30.134 0.0000000000
82182  -43.958  42.854  30.234 0.0000000000
82735  -43.710  43.620  30.691 0.0000000000
96862  -40.861  44.282  35.222 0.0000000000
74678  -46.121  27.399  49.606 0.0000000000
75811  -45.510  31.051  46.927 0.0000000000
75802  -47.401  32.124  47.547 0.0000000000
76358  -48.734  32.950  47.587 0.0000000000
77485  -47.970  35.019  45.809 0.0000000000
102536  -30.366  47.790  43.519 0.0000000000
99525  -30.912  50.920  42.938 0.0000000000
85268  -31.212  50.212  43.151 0.0000000000
85717  -32.016  50.255  43.338 0.0000000000
84782  -34.049  48.905  43.189 0.0000000000
85265  -34.953  49.816  43.010 0.0000000000
85270  -35.428  49.638  42.903 0.0000000000
86204  -36.031  51.064  42.571 0.0000000000
86211  -36.948  51.395  42.665 0.0000000000
95698  -37.614  51.426  43.186 0.0000000000
85733  -40.073  51.142  44.166 0.0000000000
107890  -39.216  52.224  44.626 0.0000000000
86192  -39.650  53.016  45.193 0.0000000000
86628  -39.744  53.432  44.998 0.0000000000
87442  -40.500  55.483  40.950 0.0000000000
87435  -40.954  55.043  42.143 0.0000000000
87436  -41.653  55.323  41.948 0.0000000000
87437  -42.058  55.711  41.772 0.0000000000
109604  -42.468  55.524  40.993 0.0000000000
87052  -42.866  54.739  40.204 0.0000000000
87059  -42.920  54.603  39.408 0.0000000000
87464  -42.796  54.681  39.147 0.0000000000
87463  -42.360  55.193  38.900 0.0000000000
101972  -37.139  35.662  42.665 0.0000000000
78075  -37.264  35.106  43.371 0.0000000000
77508  -36.827  34.704  43.991 0.0000000000
76923  -40.354  33.883  45.320 0.0000000000
113775  -40.367  34.328  44.976 0.0000000000
105972  -40.807  34.442  44.439 0.0000000000
77495  -41.463  34.431  44.684 0.0000000000
78107  -42.886  35.410  41.536 0.0000000000
78092  -43.296  34.854  42.299 0.0000000000
78108  -43.713  35.341  41.673 0.0000000000
78093  -44.265  35.045  42.212 0.0000000000
78078  -45.421  35.069  43.107 0.0000000000
78095  -46.038  35.458  42.521 0.0000000000
114002  -46.636  35.710  42.052 0.0000000000
78110  -46.737  36.097  41.476 0.0000000000
103285  -42.337  40.743  47.183 0.0000000000
80635  -42.514  40.478  46.790 0.0000000000
99906  -46.047  47.424  42.585 0.0000000000
83814  -45.689  47.604  43.142 0.0000000000
83815  -46.557  46.734  42.898 0.0000000000
83806  -47.067  45.795  43.421 0.0000000000
82673  -47.249  44.551  42.368 0.0000000000
82705  -42.486  44.300  38.807 0.0000000000
82683  -43.067  44.401  40.114 0.0000000000
82139  -42.258  43.822  40.000 0.0000000000
82129  -42.529  43.231  41.443 0.0000000000
81619  -42.583  42.558  42.440 0.0000000000
82128  -41.592  42.874  40.688 0.0000000000
80688  -41.000  40.815  40.113 0.0000000000
81188  -41.569  40.792  39.516 0.0000000000
80185  -42.861  39.749  38.858 0.0000000000
79713  -45.649  38.663  36.489 0.0000000000
79706  -46.278  38.269  36.997 0.0000000000
79700  -46.807  37.926  37.564 0.0000000000
79205  -47.347  37.453  38.166 0.0000000000
79199  -47.641  37.242  38.877 0.0000000000
79210  -47.731  36.839  37.806 0.0000000000
78153  -47.770  36.344  37.827 0.0000000000
78138  -48.128  35.863  38.372 0.0000000000
77578  -48.026  35.254  38.785 0.0000000000
78151  -46.443  35.766  37.108 0.0000000000
111901  -45.606  35.463  37.193 0.0000000000
78702  -43.306  36.637  34.806 0.0000000000
78689  -43.434  36.376  35.680 0.0000000000
78688  -42.093  36.444  35.842 0.0000000000
78165  -42.061  35.857  36.702 0.0000000000
78163  -40.599  36.030  36.648 0.0000000000
78162  -39.723  35.950  36.704 0.0000000000
80235  -40.591  39.665  29.928 0.0000000000
80234  -39.364  39.108  29.934 0.0000000000
79760  -39.428  37.907  29.501 0.0000000000
79255  -38.676  36.927  29.658 0.0000000000
78727  -36.493  35.472  31.731 0.0000000000
78728  -36.887  35.608  31.314 0.0000000000
78193  -36.489  35.259  31.799 0.0000000000
78708  -37.357  35.560  33.216 0.0000000000
78697  -37.781  35.796  34.529 0.0000000000
78175  -37.274  35.456  34.959 0.0000000000
77599  -36.927  34.849  36.599 0.0000000000
95228  -36.625  34.313  37.106 0.0000000000
77598  -35.928  34.205  36.012 0.0000000000
99889  -50.044  29.886  47.408 0.0000000000
85744  -42.313  50.937  39.713 0.0000000000
106741  -42.507  49.681  39.404 0.0000000000
85290  -42.861  50.100  38.362 0.0000000000
84835  -44.012  49.475  36.465 0.0000000000
99548  -43.485  50.856  36.691 0.0000000000
110270  -43.584  50.148  36.309 0.0000000000
85329  -44.218  49.493  35.349 0.0000000000
85336  -44.298  49.308  34.791 0.0000000000
84861  -44.117  48.766  33.873 0.0000000000
84392  -44.478  47.652  32.738 0.0000000000
84390  -42.930  46.996  33.741 0.0000000000
83893  -41.536  46.354  35.039 0.0000000000
74008  -43.710  27.700  48.761 0.0000000000
74021  -43.960  28.573  47.503 0.0000000000
75252  -43.956  30.378  46.553 0.0000000000
97602  -44.468  31.298  46.556 0.0000000000
76910  -44.477  33.350  46.267 0.0000000000
99140  -30.136  51.239  42.683 0.0000000000
86198  -31.108  51.644  42.859 0.0000000000
86199  -32.117  51.664  43.039 0.0000000000
86200  -32.976  51.691  42.909 0.0000000000
86646  -38.236  53.054  41.351 0.0000000000
87451  -39.380  54.987  40.255 0.0000000000
95182  -40.053  56.106  40.207 0.0000000000
87823  -40.964  56.639  40.566 0.0000000000
87835  -41.512  57.657  40.075 0.0000000000
88241  -41.480  57.577  39.500 0.0000000000
97814  -39.860  57.645  38.716 0.0000000000
78118  -40.814  36.036  40.820 0.0000000000
78119  -41.643  35.926  41.005 0.0000000000
78120  -42.408  35.986  40.989 0.0000000000
78655  -42.797  36.360  40.398 0.0000000000
112032  -43.566  36.412  40.435 0.0000000000
82102  -42.366  43.507  44.671 0.0000000000
82090  -43.183  42.903  45.608 0.0000000000
83289  -46.822  45.599  38.343 0.0000000000
83276  -46.653  45.261  39.688 0.0000000000
83288  -45.429  45.416  38.640 0.0000000000
83287  -44.265  45.302  38.151 0.0000000000
82706  -43.208  44.908  38.473 0.0000000000
106910  -42.852  44.210  36.990 0.0000000000
82713  -42.566  44.309  37.932 0.0000000000
82156  -42.089  43.683  38.416 0.0000000000
81662  -41.889  43.065  38.206 0.0000000000
81654  -42.157  42.294  38.262 0.0000000000
81197  -42.385  41.427  38.408 0.0000000000
80709  -43.094  40.200  37.258 0.0000000000
80193  -43.802  39.627  36.723 0.0000000000
80199  -43.995  39.575  35.675 0.0000000000
80200  -44.885  39.135  36.095 0.0000000000
98422  -45.969  38.377  35.342 0.0000000000
79722  -46.573  37.438  34.823 0.0000000000
79220  -46.929  37.066  35.008 0.0000000000
78705  -46.679  36.968  34.930 0.0000000000
79219  -46.419  37.095  34.338 0.0000000000
79226  -45.871  36.930  33.694 0.0000000000
78714  -44.727  36.756  33.803 0.0000000000
79232  -45.093  37.333  32.492 0.0000000000
79225  -45.159  36.917  32.935 0.0000000000
78713  -43.373  36.879  33.618 0.0000000000
78724  -41.272  36.735  33.061 0.0000000000
80227  -38.060  38.833  31.483 0.0000000000
80221  -37.649  39.308  32.653 0.0000000000
79736  -36.878  38.380  32.541 0.0000000000
79742  -36.467  37.470  32.415 0.0000000000
78719  -35.948  35.557  32.130 0.0000000000
78718  -35.606  34.985  32.688 0.0000000000
78187  -35.381  34.621  33.258 0.0000000000
107636  -41.731  47.552  42.409 0.0000000000
100519  -42.745  48.679  43.266 0.0000000000
84314  -44.535  48.872  43.186 0.0000000000
84800  -44.115  49.468  43.090 0.0000000000
84325  -45.288  48.275  42.772 0.0000000000
83824  -45.944  47.250  41.618 0.0000000000
83834  -47.020  46.476  40.634 0.0000000000
101108  -47.462  46.064  39.164 0.0000000000
84811  -42.841  49.142  39.150 0.0000000000
96888  -44.118  48.124  38.350 0.0000000000
84353  -44.919  47.428  38.519 0.0000000000
84373  -45.259  48.138  36.459 0.0000000000
84364  -45.482  47.519  37.340 0.0000000000
84354  -46.203  46.849  38.113 0.0000000000
83862  -47.214  46.207  38.430 0.0000000000
83290  -47.349  45.883  38.743 0.0000000000
83299  -46.779  45.578  37.378 0.0000000000
106310  -46.612  45.376  36.347 0.0000000000
82722  -44.472  44.663  35.309 0.0000000000
83326  -46.107  45.066  33.475 0.0000000000
82730  -45.190  44.602  33.953 0.0000000000
81680  -43.861  41.929  31.414 0.0000000000
81231  -43.708  41.533  30.842 0.0000000000
80745  -43.746  40.897  29.994 0.0000000000
108633  -43.568  41.725  30.437 0.0000000000
81235  -43.244  41.264  29.804 0.0000000000
80744  -42.477  41.526  30.634 0.0000000000
81230  -42.516  42.127  31.003 0.0000000000
80743  -40.904  40.939  31.524 0.0000000000
80735  -39.074  40.802  32.902 0.0000000000
82734  -42.262  44.392  33.101 0.0000000000
82175  -40.897  43.305  33.756 0.0000000000
81678  -40.548  42.654  33.549 0.0000000000
74679  -46.584  28.134  49.158 0.0000000000
94870  -47.174  29.127  48.414 0.0000000000
74668  -47.512  28.458  48.690 0.0000000000
74670  -49.405  29.520  48.524 0.0000000000
110564  -50.640  29.829  48.078 0.0000000000
75813  -51.156  31.039  47.898 0.0000000000
75812  -50.528  32.020  47.227 0.0000000000
76384  -50.046  33.188  46.337 0.0000000000
76899  -49.641  33.412  47.095 0.0000000000
76914  -49.973  33.733  46.305 0.0000000000
76941  -49.697  34.300  44.120 0.0000000000
77518  -49.644  34.805  43.323 0.0000000000
109742  -31.589  48.449  43.377 0.0000000000
105249  -31.103  47.764  43.469 0.0000000000
84305  -32.221  47.217  43.435 0.0000000000
106141  -33.419  46.915  43.076 0.0000000000
83225  -34.530  45.830  42.445 0.0000000000
83810  -35.277  46.356  42.136 0.0000000000
83818  -36.261  46.448  41.724 0.0000000000
106431  -36.957  46.839  41.633 0.0000000000
104007  -35.304  48.169  42.553 0.0000000000
84318  -36.527  47.404  41.888 0.0000000000
84319  -37.282  47.472  41.732 0.0000000000
84320  -38.116  47.471  41.651 0.0000000000
85731  -34.875  50.607  42.807 0.0000000000
85721  -35.396  50.186  42.924 0.0000000000
85271  -36.146  49.834  42.902 0.0000000000
99605  -36.730  50.487  42.954 0.0000000000
84787  -37.997  49.010  42.449 0.0000000000
84797  -39.696  48.383  42.146 0.0000000000
84790  -42.230  49.820  43.955 0.0000000000
85276  -42.390  50.765  44.178 0.0000000000
85278  -42.968  50.326  43.712 0.0000000000
86637  -39.437  53.467  43.679 0.0000000000
87035  -40.655  53.679  44.105 0.0000000000
87043  -40.974  54.397  42.938 0.0000000000
86630  -41.375  52.925  44.388 0.0000000000
86212  -41.797  51.854  42.140 0.0000000000
85741  -41.942  51.306  40.751 0.0000000000
86220  -43.240  51.760  38.203 0.0000000000
86225  -43.202  52.298  37.926 0.0000000000
85746  -42.943  52.212  37.447 0.0000000000
87070  -41.370  53.586  38.493 0.0000000000
103038  -41.668  32.256  45.747 0.0000000000
76924  -41.260  33.859  45.461 0.0000000000
76379  -41.476  33.189  45.733 0.0000000000
76381  -43.462  33.235  46.129 0.0000000000
76927  -44.923  34.115  46.074 0.0000000000
77513  -41.552  34.550  43.690 0.0000000000
77514  -42.720  34.495  43.828 0.0000000000
77530  -43.244  34.561  43.140 0.0000000000
77515  -43.668  34.555  43.844 0.0000000000
77497  -43.168  34.531  44.665 0.0000000000
106667  -44.504  34.359  45.701 0.0000000000
77484  -46.476  34.767  45.663 0.0000000000
78065  -46.686  35.348  44.221 0.0000000000
78066  -48.228  35.478  44.313 0.0000000000
77501  -48.952  35.403  45.183 0.0000000000
78067  -49.666  35.224  44.325 0.0000000000
77519  -49.773  34.983  43.625 0.0000000000
77533  -49.414  34.914  42.200 0.0000000000
80655  -39.461  40.083  43.895 0.0000000000
80669  -39.290  40.325  42.671 0.0000000000
83243  -41.494  46.861  42.147 0.0000000000
83231  -43.059  45.674  43.245 0.0000000000
83233  -45.193  47.080  43.570 0.0000000000
98968  -44.867  46.008  43.944 0.0000000000
83220  -44.055  45.380  43.870 0.0000000000
82646  -44.070  44.450  44.649 0.0000000000
82636  -44.115  43.471  45.420 0.0000000000
82083  -44.759  42.468  46.044 0.0000000000
83259  -46.981  44.944  40.384 0.0000000000
82686  -47.164  44.790  41.273 0.0000000000
102298  -46.944  44.082  43.010 0.0000000000
82670  -43.990  44.376  40.922 0.0000000000
82117  -46.919  43.712  43.921 0.0000000000
82104  -46.024  43.231  44.399 0.0000000000
81602  -45.140  42.352  45.782 0.0000000000
106062  -44.746  41.951  46.211 0.0000000000
81148  -44.136  41.427  46.409 0.0000000000
81156  -42.890  41.077  44.673 0.0000000000
81155  -41.833  40.930  43.901 0.0000000000
81154  -40.945  40.777  43.127 0.0000000000
80670  -40.175  40.651  42.326 0.0000000000
80679  -39.479  40.387  41.546 0.0000000000
80686  -39.729  40.123  40.613 0.0000000000
80170  -40.004  39.389  40.228 0.0000000000
79688  -41.190  38.589  39.686 0.0000000000
80694  -41.217  40.135  39.646 0.0000000000
79194  -41.477  37.755  39.503 0.0000000000
79195  -42.286  37.614  39.411 0.0000000000
105507  -43.069  37.303  39.542 0.0000000000
78667  -43.900  36.904  39.925 0.0000000000
80703  -43.075  40.045  38.172 0.0000000000
80186  -43.527  39.392  38.540 0.0000000000
79697  -43.977  38.759  38.735 0.0000000000
79197  -44.574  37.459  39.519 0.0000000000
78668  -44.869  36.922  40.197 0.0000000000
78648  -46.808  36.505  40.819 0.0000000000
78111  -47.880  36.341  41.124 0.0000000000
78669  -47.616  37.126  39.550 0.0000000000
78659  -48.171  36.654  40.190 0.0000000000
78112  -49.131  35.190  41.421 0.0000000000
77540  -49.337  35.005  41.751 0.0000000000
76968  -47.458  34.047  40.875 0.0000000000
76967  -46.426  33.726  40.484 0.0000000000
77561  -46.954  34.404  39.204 0.0000000000
76982  -46.264  33.902  39.615 0.0000000000
76981  -45.486  33.497  40.091 0.0000000000
77559  -45.342  33.737  39.282 0.0000000000
76991  -44.570  33.678  39.067 0.0000000000
78691  -45.936  36.424  35.780 0.0000000000
109707  -45.681  35.828  36.690 0.0000000000
78150  -44.804  35.317  37.249 0.0000000000
78166  -43.699  35.948  36.397 0.0000000000
78149  -43.948  35.509  36.980 0.0000000000
111881  -43.909  34.465  38.133 0.0000000000
76978  -42.747  33.427  39.477 0.0000000000
77558  -42.195  33.948  38.994 0.0000000000
80752  -44.208  40.471  28.906 0.0000000000
108466  -44.286  39.879  28.408 0.0000000000
79259  -43.525  38.140  29.539 0.0000000000
79771  -42.058  38.825  28.383 0.0000000000
79762  -41.946  38.155  28.843 0.0000000000
79249  -43.008  37.257  30.053 0.0000000000
78732  -41.194  36.629  31.851 0.0000000000
97642  -40.196  36.518  32.717 0.0000000000
98176  -37.460  37.811  30.568 0.0000000000
78736  -38.305  35.929  30.105 0.0000000000
78730  -38.984  36.070  31.385 0.0000000000
78711  -40.188  36.547  34.646 0.0000000000
78699  -39.680  36.398  35.311 0.0000000000
78176  -38.206  35.826  35.740 0.0000000000
78161  -38.837  35.759  36.651 0.0000000000
74671  -50.527  29.955  48.337 0.0000000000
74672  -50.946  30.367  48.223 0.0000000000
74680  -46.963  27.811  49.313 0.0000000000
74681  -50.992  30.020  47.941 0.0000000000
75236  -49.175  29.771  48.689 0.0000000000
75237  -50.093  30.200  48.621 0.0000000000
75238  -50.724  30.430  48.388 0.0000000000
75247  -51.113  30.560  48.114 0.0000000000
75257  -50.979  30.189  47.941 0.0000000000
75793  -50.978  30.644  48.308 0.0000000000
75804  -50.409  31.518  48.344 0.0000000000
75821  -49.909  31.534  46.759 0.0000000000
76360  -50.711  31.673  47.722 0.0000000000
77487  -50.392  34.869  45.581 0.0000000000
77563  -48.765  35.311  39.974 0.0000000000
77577  -47.105  34.828  38.563 0.0000000000
78123  -48.813  35.528  40.304 0.0000000000
78137  -47.555  35.455  38.196 0.0000000000
78656  -45.211  36.452  40.695 0.0000000000
78658  -47.130  36.970  40.179 0.0000000000
78666  -43.166  36.687  39.946 0.0000000000
78670  -48.263  36.710  39.145 0.0000000000
78675  -48.118  36.429  38.391 0.0000000000
79213  -47.114  37.087  35.677 0.0000000000
79258  -42.357  37.587  29.366 0.0000000000
79761  -40.765  38.026  29.115 0.0000000000
79763  -43.094  38.440  28.620 0.0000000000
79764  -44.162  39.054  28.461 0.0000000000
79772  -42.732  38.848  28.039 0.0000000000
79773  -43.436  39.157  27.948 0.0000000000
80169  -39.253  39.349  40.595 0.0000000000
80229  -44.183  39.928  29.899 0.0000000000
80236  -44.498  39.472  29.033 0.0000000000
80241  -41.125  39.198  28.891 0.0000000000
80242  -42.409  39.676  28.438 0.0000000000
80243  -43.830  39.679  28.010 0.0000000000
80621  -41.943  40.467  47.183 0.0000000000
80622  -42.377  40.551  47.111 0.0000000000
80760  -43.201  40.567  28.821 0.0000000000
80766  -43.399  39.980  28.098 0.0000000000
81157  -43.895  41.424  45.365 0.0000000000
81229  -41.152  41.877  32.309 0.0000000000
81592  -43.601  41.806  46.557 0.0000000000
81593  -45.178  42.558  45.692 0.0000000000
81603  -45.808  43.025  45.249 0.0000000000
81613  -44.386  42.112  44.508 0.0000000000
81614  -45.298  42.526  45.083 0.0000000000
81618  -41.606  42.168  42.094 0.0000000000
81632  -41.841  42.738  41.446 0.0000000000
81653  -41.805  42.664  38.782 0.0000000000
82082  -44.245  42.554  46.086 0.0000000000
82105  -46.561  43.585  44.689 0.0000000000
82178  -44.779  42.844  30.393 0.0000000000
82637  -45.902  44.020  45.277 0.0000000000
82638  -46.598  44.194  44.904 0.0000000000
82659  -47.208  44.283  43.437 0.0000000000
82671  -44.865  43.949  41.903 0.0000000000
82672  -46.341  44.320  42.015 0.0000000000
82685  -46.117  44.694  40.952 0.0000000000
82696  -42.530  44.217  39.499 0.0000000000
82698  -44.263  44.863  39.951 0.0000000000
82742  -42.590  43.496  31.860 0.0000000000
83212  -45.577  44.708  44.864 0.0000000000
83214  -46.837  44.625  44.525 0.0000000000
83223  -47.223  44.805  43.894 0.0000000000
83230  -41.303  46.011  42.278 0.0000000000
83234  -47.457  44.961  42.857 0.0000000000
83245  -47.521  45.431  40.941 0.0000000000
83260  -47.426  45.110  40.681 0.0000000000
83277  -47.321  45.456  39.911 0.0000000000
83278  -47.493  45.995  39.868 0.0000000000
83298  -45.630  45.439  37.816 0.0000000000
83300  -47.155  45.887  37.876 0.0000000000
83328  -46.883  46.302  33.752 0.0000000000
83808  -33.943  46.343  42.719 0.0000000000
83809  -34.570  46.610  42.498 0.0000000000
83816  -47.318  45.817  42.367 0.0000000000
83886  -47.167  46.534  35.320 0.0000000000
83894  -47.275  46.806  34.261 0.0000000000
83904  -44.024  46.664  32.564 0.0000000000
83917  -45.864  46.107  30.838 0.0000000000
83918  -46.231  46.341  31.658 0.0000000000
83919  -46.604  46.753  32.518 0.0000000000
84323  -41.405  48.032  42.475 0.0000000000
84393  -47.071  47.239  33.690 0.0000000000
84398  -45.482  47.243  32.202 0.0000000000
84399  -46.803  47.316  32.964 0.0000000000
84405  -46.164  47.652  32.379 0.0000000000
84779  -31.902  47.886  43.429 0.0000000000
84863  -46.280  48.208  33.468 0.0000000000
84864  -46.739  47.670  33.301 0.0000000000
84870  -46.449  47.865  32.740 0.0000000000
85281  -42.895  49.931  41.651 0.0000000000
85320  -43.934  49.791  35.791 0.0000000000
86205  -38.990  52.963  44.969 0.0000000000
86216  -35.599  51.760  40.888 0.0000000000
86629  -40.774  53.280  44.832 0.0000000000
87036  -41.098  53.448  44.101 0.0000000000
87452  -42.779  55.328  39.467 0.0000000000
87826  -42.613  56.852  40.284 0.0000000000
88215  -41.965  57.515  40.404 0.0000000000
88216  -42.255  57.471  40.206 0.0000000000
88217  -42.424  57.307  39.739 0.0000000000
88230  -41.994  57.730  39.745 0.0000000000
88243  -42.458  56.731  39.405 0.0000000000
88643  -42.177  57.625  39.894 0.0000000000
94623  -41.071  36.641  34.728 0.0000000000
95514  -47.169  45.601  39.161 0.0000000000
96648  -49.241  35.182  41.994 0.0000000000
98796  -43.877  40.880  29.116 0.0000000000
99641  -34.099  50.217  43.295 0.0000000000
100895  -43.551  48.633  38.683 0.0000000000
102034  -45.681  43.243  45.321 0.0000000000
102082  -41.883  33.458  39.574 0.0000000000
104915  -46.170  45.581  30.651 0.0000000000
106081  -37.626  46.765  41.568 0.0000000000
107787  -48.418  35.164  39.438 0.0000000000
108169  -44.068  42.410  32.091 0.0000000000
110285  -41.646  35.184  41.878 0.0000000000
110675  -46.375  45.453  39.045 0.0000000000
111734  -44.681  43.049  45.695 0.0000000000
112712  -45.581  36.907  33.233 0.0000000000
113130  -39.942  34.261  38.992 0.0000000000
113858  -41.924  43.107  41.044 0.0000000000
