#!ascii label  , from subject sub-v1s0x0050664_ses-1 vox2ras=TkReg
995
137569  -43.790  -28.605  56.217 0.0000000000
46213  -23.979  -33.100  55.514 0.0000000000
47155  -33.864  -32.058  53.676 0.0000000000
70473  -43.360  -6.137  42.374 0.0000000000
71386  -48.944  -5.407  37.178 0.0000000000
46141  -16.213  -33.212  59.311 0.0000000000
68834  -38.950  -7.869  45.884 0.0000000000
55327  -41.633  -23.246  56.271 0.0000000000
48049  -39.355  -31.483  54.175 0.0000000000
47087  -19.168  -32.411  57.004 0.0000000000
43431  -19.578  -36.440  59.719 0.0000000000
136567  -41.226  -27.517  54.882 0.0000000000
53547  -39.366  -25.079  56.093 0.0000000000
46243  -29.168  -33.153  53.146 0.0000000000
50980  -37.164  -28.301  54.123 0.0000000000
59335  -37.048  -19.238  43.853 0.0000000000
138791  -40.237  -14.610  44.254 0.0000000000
66280  -41.940  -11.334  42.694 0.0000000000
40677  -11.625  -38.913  60.565 0.0000000000
37760  -8.548  -42.774  61.422 0.0000000000
132282  -35.332  -24.561  54.662 0.0000000000
56284  -34.001  -22.768  51.315 0.0000000000
57261  -35.072  -21.848  47.527 0.0000000000
41646  -15.286  -38.110  60.523 0.0000000000
45280  -23.763  -34.529  57.579 0.0000000000
45294  -26.293  -34.963  56.318 0.0000000000
49045  -41.581  -30.546  55.137 0.0000000000
49988  -22.457  -29.572  55.325 0.0000000000
124736  -21.826  -32.311  55.965 0.0000000000
46163  -21.782  -34.036  57.822 0.0000000000
50939  -39.688  -27.663  57.267 0.0000000000
50961  -38.830  -28.483  54.781 0.0000000000
62038  -36.319  -16.473  44.942 0.0000000000
62054  -39.003  -16.830  43.546 0.0000000000
64556  -36.280  -13.650  45.088 0.0000000000
67995  -39.771  -9.174  42.878 0.0000000000
68003  -41.622  -8.932  41.732 0.0000000000
67152  -43.997  -11.271  41.453 0.0000000000
68873  -44.369  -8.578  40.510 0.0000000000
68874  -46.157  -8.775  40.017 0.0000000000
54431  -35.990  -25.486  57.922 0.0000000000
54442  -36.998  -24.915  55.545 0.0000000000
54438  -33.724  -24.411  56.983 0.0000000000
57181  -32.178  -21.620  52.643 0.0000000000
59236  -32.314  -20.178  51.188 0.0000000000
57223  -34.263  -21.986  49.921 0.0000000000
59275  -33.332  -19.665  48.522 0.0000000000
59297  -34.436  -19.067  46.929 0.0000000000
47153  -31.645  -32.594  52.979 0.0000000000
44299  -12.888  -35.906  59.694 0.0000000000
44302  -15.139  -35.169  58.949 0.0000000000
35997  -9.381  -45.254  62.990 0.0000000000
33168  -7.532  -47.201  63.837 0.0000000000
67090  -37.419  -10.475  47.211 0.0000000000
56223  -38.690  -22.491  56.384 0.0000000000
48047  -37.071  -31.734  54.235 0.0000000000
47085  -17.769  -32.645  57.910 0.0000000000
123040  -17.271  -34.934  58.307 0.0000000000
120940  -19.719  -34.586  57.879 0.0000000000
118026  -50.446  -4.839  36.454 0.0000000000
50985  -42.228  -27.986  54.581 0.0000000000
53569  -42.038  -25.902  54.638 0.0000000000
53533  -40.057  -26.069  56.811 0.0000000000
48064  -24.187  -30.877  53.856 0.0000000000
129980  -26.307  -33.323  54.294 0.0000000000
48084  -26.976  -31.128  52.763 0.0000000000
48099  -30.205  -30.686  51.788 0.0000000000
117489  -32.643  -29.815  52.107 0.0000000000
50977  -34.452  -28.422  53.905 0.0000000000
49098  -35.221  -29.609  52.506 0.0000000000
50068  -38.280  -29.466  52.877 0.0000000000
50032  -40.481  -29.362  53.833 0.0000000000
57274  -38.706  -22.062  46.014 0.0000000000
122105  -38.108  -11.112  44.198 0.0000000000
130493  -40.643  -12.235  43.921 0.0000000000
68886  -48.016  -8.058  38.811 0.0000000000
39710  -9.940  -40.596  60.585 0.0000000000
36891  -10.588  -43.415  63.152 0.0000000000
133202  -39.819  -24.202  54.834 0.0000000000
54465  -37.425  -23.886  54.754 0.0000000000
120644  -36.041  -23.219  54.208 0.0000000000
56246  -32.318  -22.684  54.521 0.0000000000
55359  -34.209  -23.716  52.861 0.0000000000
57182  -35.906  -22.538  53.090 0.0000000000
56286  -35.942  -22.641  51.527 0.0000000000
56329  -37.068  -23.142  49.568 0.0000000000
130548  -38.167  -23.138  47.501 0.0000000000
57290  -36.227  -21.095  45.449 0.0000000000
60268  -35.492  -18.740  45.500 0.0000000000
44360  -28.772  -35.248  55.681 0.0000000000
131025  -10.916  -36.403  60.759 0.0000000000
126189  -12.852  -38.322  60.402 0.0000000000
42548  -17.481  -37.580  60.265 0.0000000000
33176  -5.185  -47.992  63.245 0.0000000000
46201  -23.779  -33.606  56.219 0.0000000000
45292  -24.809  -34.544  56.744 0.0000000000
46203  -25.051  -34.208  56.111 0.0000000000
50005  -43.010  -29.054  55.582 0.0000000000
47122  -22.900  -31.728  54.909 0.0000000000
48028  -21.631  -30.746  55.556 0.0000000000
47121  -22.308  -32.059  55.520 0.0000000000
46185  -22.480  -33.388  56.849 0.0000000000
62909  -35.761  -15.009  45.802 0.0000000000
137135  -36.484  -15.028  44.690 0.0000000000
64541  -36.024  -13.577  46.460 0.0000000000
70471  -41.860  -6.612  42.771 0.0000000000
69679  -40.657  -7.701  42.698 0.0000000000
69681  -42.154  -6.951  41.936 0.0000000000
126706  -42.971  -8.926  41.044 0.0000000000
69687  -43.279  -7.196  41.133 0.0000000000
69693  -44.421  -7.538  40.444 0.0000000000
54430  -34.386  -24.832  57.417 0.0000000000
128853  -32.286  -18.814  51.839 0.0000000000
58262  -32.724  -19.891  49.840 0.0000000000
60208  -32.879  -18.147  49.951 0.0000000000
60221  -34.073  -17.594  48.716 0.0000000000
46247  -33.063  -32.559  53.666 0.0000000000
46233  -32.939  -33.453  54.188 0.0000000000
118712  -33.753  -33.515  54.545 0.0000000000
45235  -14.674  -34.694  59.324 0.0000000000
45236  -15.325  -34.384  59.167 0.0000000000
127694  -49.152  -6.364  37.408 0.0000000000
35064  -8.604  -46.123  63.550 0.0000000000
55315  -43.200  -23.704  57.050 0.0000000000
56224  -40.169  -22.650  56.548 0.0000000000
48048  -38.472  -31.679  54.247 0.0000000000
48034  -38.959  -31.998  54.914 0.0000000000
49012  -19.888  -31.008  56.889 0.0000000000
47979  -18.741  -30.986  58.137 0.0000000000
47978  -18.156  -30.922  59.016 0.0000000000
47086  -18.367  -32.551  57.473 0.0000000000
45277  -18.434  -33.982  57.583 0.0000000000
46182  -19.676  -33.285  57.102 0.0000000000
45240  -22.519  -35.104  59.109 0.0000000000
45261  -21.932  -34.685  58.604 0.0000000000
51856  -41.782  -27.527  54.550 0.0000000000
51846  -41.469  -26.903  54.933 0.0000000000
52670  -40.973  -26.563  55.771 0.0000000000
50043  -25.061  -30.004  53.645 0.0000000000
48065  -25.587  -31.124  53.439 0.0000000000
50045  -26.680  -30.188  53.424 0.0000000000
50060  -29.489  -29.797  52.490 0.0000000000
125211  -30.313  -29.577  52.228 0.0000000000
49107  -31.117  -30.600  51.886 0.0000000000
51006  -32.197  -28.829  52.427 0.0000000000
49999  -36.080  -28.487  55.846 0.0000000000
50978  -35.382  -28.379  53.934 0.0000000000
50995  -34.994  -28.536  52.918 0.0000000000
51010  -36.390  -28.695  52.732 0.0000000000
132253  -36.730  -29.215  52.522 0.0000000000
51011  -37.202  -28.774  52.833 0.0000000000
50962  -39.775  -28.413  54.826 0.0000000000
51000  -40.041  -28.811  53.805 0.0000000000
50983  -40.818  -28.715  54.215 0.0000000000
50984  -41.526  -28.368  54.559 0.0000000000
58315  -37.773  -20.680  44.940 0.0000000000
58317  -39.791  -20.772  45.066 0.0000000000
59337  -38.885  -19.577  44.151 0.0000000000
128243  -39.010  -15.526  43.978 0.0000000000
61163  -40.377  -17.574  43.572 0.0000000000
67960  -37.922  -9.247  46.476 0.0000000000
67107  -37.188  -10.471  45.171 0.0000000000
67966  -37.937  -9.257  45.458 0.0000000000
67142  -40.528  -10.181  42.636 0.0000000000
66263  -39.877  -11.441  43.546 0.0000000000
66244  -41.521  -12.142  43.731 0.0000000000
65355  -41.710  -12.603  44.169 0.0000000000
68881  -47.404  -8.450  39.302 0.0000000000
69706  -46.738  -7.108  38.786 0.0000000000
69707  -47.650  -7.155  38.406 0.0000000000
41641  -10.451  -38.831  60.458 0.0000000000
136523  -9.275  -39.420  60.896 0.0000000000
39711  -10.622  -40.253  60.649 0.0000000000
38663  -11.200  -41.986  62.896 0.0000000000
36869  -10.563  -43.538  65.204 0.0000000000
53560  -40.488  -24.940  54.955 0.0000000000
53561  -41.397  -25.156  54.712 0.0000000000
53559  -39.736  -24.690  55.225 0.0000000000
54451  -35.693  -24.782  55.202 0.0000000000
54453  -37.298  -24.491  54.958 0.0000000000
134442  -36.721  -24.190  54.735 0.0000000000
55350  -36.465  -23.442  54.566 0.0000000000
54463  -35.426  -24.137  54.062 0.0000000000
139848  -32.205  -20.952  55.125 0.0000000000
56282  -32.569  -22.233  52.088 0.0000000000
56262  -32.410  -22.469  52.848 0.0000000000
134626  -33.820  -23.072  51.844 0.0000000000
56256  -35.380  -23.187  53.065 0.0000000000
56264  -35.276  -22.970  52.321 0.0000000000
56265  -35.890  -22.574  52.409 0.0000000000
56285  -35.002  -22.931  51.493 0.0000000000
57251  -34.914  -22.030  48.449 0.0000000000
56327  -35.651  -22.596  49.889 0.0000000000
56344  -36.311  -22.855  48.341 0.0000000000
55402  -37.721  -23.479  49.117 0.0000000000
134728  -36.407  -22.703  47.354 0.0000000000
56377  -37.020  -22.533  46.541 0.0000000000
56375  -35.428  -21.675  46.658 0.0000000000
60249  -34.979  -18.218  47.065 0.0000000000
60261  -34.978  -18.919  46.261 0.0000000000
60262  -35.530  -17.770  46.546 0.0000000000
46241  -27.808  -33.244  53.616 0.0000000000
45318  -27.548  -34.303  54.859 0.0000000000
45306  -28.998  -34.733  54.963 0.0000000000
42563  -14.061  -36.835  59.457 0.0000000000
42562  -13.006  -36.784  59.579 0.0000000000
41645  -14.403  -38.158  60.466 0.0000000000
44305  -18.205  -35.842  58.763 0.0000000000
43429  -17.681  -36.380  59.135 0.0000000000
43413  -18.965  -37.028  60.123 0.0000000000
45242  -23.848  -35.235  58.797 0.0000000000
45265  -24.948  -35.307  57.950 0.0000000000
44334  -25.702  -35.664  57.732 0.0000000000
44336  -27.314  -35.957  57.323 0.0000000000
48050  -40.810  -31.055  54.704 0.0000000000
47129  -40.222  -32.226  55.806 0.0000000000
49966  -21.633  -29.621  56.407 0.0000000000
48013  -20.979  -31.262  56.067 0.0000000000
117525  -20.481  -31.988  56.349 0.0000000000
46183  -20.536  -33.316  57.081 0.0000000000
47090  -21.710  -32.884  56.586 0.0000000000
46164  -22.516  -33.943  57.543 0.0000000000
50946  -40.114  -27.760  56.218 0.0000000000
51833  -40.349  -26.944  56.646 0.0000000000
50000  -37.057  -28.670  55.869 0.0000000000
130671  -37.985  -28.397  54.374 0.0000000000
50945  -39.703  -28.232  55.846 0.0000000000
61149  -36.964  -17.543  43.929 0.0000000000
60288  -38.136  -18.257  43.610 0.0000000000
62052  -37.429  -16.941  43.830 0.0000000000
62933  -38.071  -15.273  44.111 0.0000000000
119390  -38.080  -14.169  44.382 0.0000000000
67977  -38.792  -8.765  44.071 0.0000000000
69672  -39.823  -7.640  43.789 0.0000000000
68858  -40.260  -8.644  42.626 0.0000000000
67150  -41.740  -9.993  41.839 0.0000000000
66281  -43.378  -11.590  42.555 0.0000000000
68005  -42.998  -9.799  41.181 0.0000000000
67159  -44.304  -10.508  40.976 0.0000000000
68013  -45.807  -9.794  40.406 0.0000000000
120244  -45.267  -8.825  40.227 0.0000000000
69694  -44.983  -7.291  40.077 0.0000000000
40660  -12.199  -39.481  61.086 0.0000000000
39693  -11.947  -40.120  61.590 0.0000000000
39650  -12.515  -40.727  63.104 0.0000000000
53530  -36.733  -25.474  57.190 0.0000000000
53545  -37.407  -25.155  56.435 0.0000000000
53529  -35.822  -25.364  56.856 0.0000000000
54440  -35.322  -24.975  56.118 0.0000000000
54449  -33.764  -24.582  55.963 0.0000000000
130524  -32.012  -20.353  54.258 0.0000000000
59216  -31.899  -19.849  52.912 0.0000000000
58241  -32.293  -20.769  51.537 0.0000000000
57204  -32.692  -21.403  51.200 0.0000000000
125008  -33.715  -21.821  50.373 0.0000000000
58250  -32.873  -20.614  50.075 0.0000000000
57237  -33.702  -21.030  48.819 0.0000000000
58275  -33.666  -20.473  48.297 0.0000000000
58301  -34.660  -20.461  46.799 0.0000000000
58289  -33.765  -19.804  47.840 0.0000000000
131167  -30.161  -32.935  52.904 0.0000000000
46230  -30.024  -34.017  53.866 0.0000000000
46231  -31.024  -33.969  53.863 0.0000000000
44301  -14.328  -35.453  59.265 0.0000000000
42564  -15.070  -36.827  59.382 0.0000000000
36029  -9.051  -44.313  61.655 0.0000000000
36911  -8.170  -43.507  61.745 0.0000000000
35085  -8.185  -44.993  61.960 0.0000000000
35074  -7.310  -45.784  62.655 0.0000000000
35063  -6.347  -46.010  63.006 0.0000000000
56221  -37.135  -22.077  56.591 0.0000000000
48045  -35.362  -31.661  53.925 0.0000000000
46235  -35.113  -32.812  54.802 0.0000000000
47965  -17.270  -31.394  60.124 0.0000000000
47071  -16.739  -32.765  58.920 0.0000000000
45257  -16.615  -34.521  58.481 0.0000000000
45258  -17.254  -34.178  58.135 0.0000000000
45259  -18.000  -34.627  57.997 0.0000000000
44324  -19.525  -35.203  58.390 0.0000000000
45279  -20.319  -34.035  57.630 0.0000000000
44325  -20.525  -34.961  58.344 0.0000000000
44307  -20.357  -35.740  59.232 0.0000000000
71399  -49.767  -5.139  36.808 0.0000000000
50986  -42.924  -27.792  54.891 0.0000000000
132804  -42.914  -26.553  54.747 0.0000000000
51857  -42.489  -27.145  54.629 0.0000000000
52681  -41.542  -26.107  54.796 0.0000000000
53548  -40.074  -25.371  55.955 0.0000000000
52663  -39.812  -26.506  57.485 0.0000000000
123390  -39.033  -26.003  57.985 0.0000000000
53532  -38.529  -25.760  57.678 0.0000000000
53518  -36.867  -25.737  58.167 0.0000000000
48044  -24.298  -31.837  54.108 0.0000000000
46225  -25.384  -33.120  54.594 0.0000000000
47133  -25.075  -32.272  54.005 0.0000000000
47148  -26.377  -32.206  53.484 0.0000000000
47164  -28.327  -32.101  52.586 0.0000000000
50058  -27.705  -30.436  52.647 0.0000000000
48097  -28.543  -30.871  52.065 0.0000000000
134623  -29.080  -31.989  52.256 0.0000000000
47166  -31.108  -32.066  52.463 0.0000000000
48090  -32.455  -31.331  52.523 0.0000000000
48091  -33.284  -30.952  52.656 0.0000000000
50029  -32.577  -28.503  54.275 0.0000000000
51007  -33.436  -28.817  52.511 0.0000000000
49097  -34.339  -29.947  52.449 0.0000000000
49080  -34.627  -30.724  52.950 0.0000000000
49082  -36.511  -30.455  52.945 0.0000000000
49083  -37.443  -30.570  53.008 0.0000000000
49085  -39.005  -30.468  53.141 0.0000000000
50998  -38.488  -28.947  53.261 0.0000000000
122516  -39.388  -29.939  53.142 0.0000000000
49064  -40.398  -30.328  53.941 0.0000000000
49065  -41.100  -29.964  54.352 0.0000000000
50034  -41.923  -28.753  54.724 0.0000000000
49058  -23.495  -30.306  54.138 0.0000000000
60290  -39.931  -18.252  43.662 0.0000000000
66226  -36.541  -11.688  46.215 0.0000000000
65351  -36.862  -12.001  44.938 0.0000000000
65353  -39.078  -12.588  44.214 0.0000000000
67988  -38.571  -9.828  43.799 0.0000000000
66243  -39.557  -12.009  43.978 0.0000000000
64559  -39.970  -13.139  44.400 0.0000000000
63774  -41.747  -13.783  44.357 0.0000000000
68887  -48.860  -8.555  38.604 0.0000000000
69714  -48.426  -6.684  37.836 0.0000000000
71385  -48.164  -5.365  37.569 0.0000000000
39690  -8.943  -40.128  61.171 0.0000000000
37771  -9.551  -41.955  61.053 0.0000000000
38699  -10.785  -41.404  61.379 0.0000000000
38698  -10.213  -41.871  61.174 0.0000000000
36914  -9.691  -43.182  61.536 0.0000000000
36890  -9.955  -44.068  62.628 0.0000000000
134088  -43.203  -26.068  54.954 0.0000000000
54456  -41.508  -24.341  54.884 0.0000000000
55339  -40.613  -23.648  54.946 0.0000000000
119874  -39.076  -24.261  54.877 0.0000000000
54467  -39.355  -23.868  54.709 0.0000000000
55338  -39.734  -23.434  54.938 0.0000000000
56236  -38.274  -22.820  55.588 0.0000000000
56235  -37.297  -22.510  55.770 0.0000000000
57140  -36.782  -21.680  55.556 0.0000000000
55323  -32.660  -23.285  56.010 0.0000000000
128097  -33.324  -23.991  54.512 0.0000000000
135114  -32.092  -22.045  54.190 0.0000000000
55346  -32.813  -23.446  53.864 0.0000000000
132817  -34.034  -24.279  54.202 0.0000000000
55349  -35.568  -23.507  53.648 0.0000000000
56247  -36.041  -22.613  53.870 0.0000000000
56310  -35.261  -22.668  50.750 0.0000000000
56311  -36.170  -22.731  50.656 0.0000000000
56378  -38.144  -22.720  46.676 0.0000000000
57291  -37.184  -21.326  45.381 0.0000000000
58314  -36.841  -20.533  44.842 0.0000000000
58302  -35.191  -20.460  46.147 0.0000000000
59326  -36.089  -20.108  44.916 0.0000000000
59334  -36.327  -19.274  44.368 0.0000000000
122642  -36.007  -17.064  45.245 0.0000000000
62030  -36.184  -16.463  45.751 0.0000000000
46215  -26.135  -33.969  55.026 0.0000000000
45295  -27.077  -35.146  56.104 0.0000000000
44361  -29.757  -35.235  55.414 0.0000000000
42542  -11.360  -37.647  60.177 0.0000000000
130631  -12.176  -36.373  59.904 0.0000000000
42543  -12.113  -37.236  59.904 0.0000000000
41620  -12.501  -38.831  60.694 0.0000000000
40661  -13.052  -39.372  61.382 0.0000000000
44322  -16.603  -35.310  58.566 0.0000000000
130624  -16.279  -36.497  59.126 0.0000000000
42547  -16.552  -37.595  60.039 0.0000000000
33159  -6.926  -47.677  64.464 0.0000000000
33177  -6.108  -47.749  63.565 0.0000000000
35062  -5.344  -46.065  63.194 0.0000000000
51834  -43.943  -27.959  56.243 0.0000000000
138693  -24.453  -34.058  56.354 0.0000000000
46202  -24.502  -33.673  55.773 0.0000000000
50947  -43.395  -28.412  55.576 0.0000000000
47107  -23.160  -32.732  55.617 0.0000000000
64532  -36.322  -13.827  47.148 0.0000000000
63752  -35.898  -14.395  46.516 0.0000000000
70472  -42.634  -6.399  42.561 0.0000000000
69686  -42.555  -7.430  41.378 0.0000000000
70481  -42.907  -6.735  41.749 0.0000000000
70482  -43.613  -6.462  41.572 0.0000000000
47135  -33.784  -32.842  54.182 0.0000000000
46140  -15.608  -33.602  59.640 0.0000000000
70511  -49.874  -6.696  37.361 0.0000000000
71387  -49.782  -5.993  37.037 0.0000000000
56225  -41.006  -22.714  56.922 0.0000000000
55326  -40.852  -23.112  55.880 0.0000000000
47104  -19.808  -31.820  56.676 0.0000000000
48992  -19.535  -30.595  57.713 0.0000000000
47996  -19.238  -31.429  57.227 0.0000000000
47995  -18.645  -31.813  57.502 0.0000000000
46181  -18.791  -33.288  57.237 0.0000000000
132853  -40.862  -27.273  55.792 0.0000000000
50044  -25.894  -30.143  53.577 0.0000000000
50049  -30.745  -28.939  53.664 0.0000000000
120716  -30.035  -29.323  52.995 0.0000000000
50061  -30.854  -29.100  52.640 0.0000000000
50062  -31.579  -29.153  52.201 0.0000000000
50991  -31.511  -28.673  52.973 0.0000000000
50959  -36.634  -28.385  54.967 0.0000000000
50958  -35.764  -28.356  54.936 0.0000000000
50979  -36.294  -28.304  54.011 0.0000000000
50996  -35.945  -28.404  53.120 0.0000000000
50997  -36.821  -28.371  53.240 0.0000000000
50963  -40.564  -27.949  55.133 0.0000000000
129012  -40.379  -28.483  54.358 0.0000000000
51855  -41.119  -28.101  54.560 0.0000000000
58327  -37.396  -19.999  44.341 0.0000000000
58328  -38.333  -20.117  44.491 0.0000000000
59336  -37.964  -19.480  43.988 0.0000000000
62934  -39.827  -15.405  44.022 0.0000000000
62952  -40.433  -16.103  43.834 0.0000000000
68829  -38.415  -8.554  46.195 0.0000000000
66279  -41.371  -11.343  42.928 0.0000000000
67130  -40.842  -10.919  42.861 0.0000000000
66265  -42.003  -11.847  43.350 0.0000000000
66245  -42.293  -12.231  43.785 0.0000000000
70498  -46.204  -6.253  38.808 0.0000000000
120930  -10.894  -39.226  60.476 0.0000000000
138508  -10.751  -39.723  60.566 0.0000000000
54452  -36.517  -24.644  55.000 0.0000000000
54464  -36.013  -24.224  54.530 0.0000000000
56283  -33.234  -22.492  51.671 0.0000000000
139655  -34.566  -23.085  51.737 0.0000000000
56358  -35.639  -22.411  47.922 0.0000000000
135395  -35.689  -22.235  47.143 0.0000000000
56376  -36.139  -22.195  46.542 0.0000000000
46242  -28.569  -33.204  53.350 0.0000000000
46228  -28.437  -33.788  53.890 0.0000000000
45320  -29.132  -34.217  54.233 0.0000000000
42545  -14.686  -37.549  59.828 0.0000000000
42544  -13.733  -37.545  59.861 0.0000000000
41622  -14.989  -38.591  61.206 0.0000000000
44306  -19.139  -35.852  58.938 0.0000000000
43430  -18.604  -36.457  59.390 0.0000000000
38697  -8.542  -41.843  61.465 0.0000000000
37751  -8.181  -42.378  61.954 0.0000000000
54432  -43.580  -24.391  56.651 0.0000000000
45263  -23.442  -34.775  58.267 0.0000000000
45264  -24.194  -35.016  58.119 0.0000000000
45293  -25.522  -34.776  56.527 0.0000000000
45282  -25.263  -35.053  57.237 0.0000000000
45283  -26.008  -35.315  57.014 0.0000000000
44335  -26.498  -35.847  57.510 0.0000000000
44345  -26.792  -35.505  56.795 0.0000000000
48036  -41.369  -31.387  55.543 0.0000000000
49967  -22.171  -29.425  55.999 0.0000000000
49035  -21.796  -29.956  55.651 0.0000000000
47120  -21.643  -31.602  55.666 0.0000000000
131937  -20.333  -31.370  56.490 0.0000000000
47105  -21.189  -32.128  56.112 0.0000000000
47089  -20.858  -32.721  56.618 0.0000000000
124620  -23.247  -33.929  57.032 0.0000000000
46165  -23.103  -34.309  57.790 0.0000000000
51826  -40.198  -27.345  56.638 0.0000000000
50960  -37.956  -28.555  55.395 0.0000000000
49978  -39.408  -28.059  56.784 0.0000000000
61148  -36.325  -17.485  44.571 0.0000000000
124105  -36.904  -16.566  44.341 0.0000000000
63769  -36.267  -14.343  44.814 0.0000000000
62932  -37.096  -15.570  44.376 0.0000000000
63770  -37.105  -14.670  44.458 0.0000000000
64557  -37.057  -13.645  44.673 0.0000000000
69667  -39.615  -7.380  44.606 0.0000000000
69673  -40.420  -7.223  43.478 0.0000000000
68865  -41.609  -8.083  41.740 0.0000000000
68859  -41.027  -8.323  42.143 0.0000000000
67997  -40.925  -9.447  42.226 0.0000000000
66293  -42.565  -10.523  41.592 0.0000000000
68004  -42.328  -9.425  41.400 0.0000000000
68872  -43.589  -8.558  40.818 0.0000000000
68011  -43.775  -9.508  40.873 0.0000000000
68012  -44.771  -9.639  40.580 0.0000000000
70490  -44.452  -6.544  40.592 0.0000000000
118111  -34.994  -25.228  56.883 0.0000000000
54439  -34.458  -24.897  56.448 0.0000000000
59237  -32.335  -19.419  51.124 0.0000000000
59227  -32.021  -19.843  51.912 0.0000000000
57221  -32.605  -20.744  50.839 0.0000000000
57222  -33.103  -21.321  50.526 0.0000000000
59258  -32.924  -19.200  49.289 0.0000000000
58263  -33.110  -20.345  49.160 0.0000000000
139520  -33.551  -19.192  48.105 0.0000000000
60234  -33.784  -18.458  48.185 0.0000000000
47152  -30.832  -32.797  52.880 0.0000000000
46245  -31.376  -33.301  53.404 0.0000000000
45324  -33.364  -34.157  54.730 0.0000000000
45323  -32.471  -34.340  54.498 0.0000000000
43428  -15.039  -35.959  59.036 0.0000000000
43427  -14.397  -36.219  59.219 0.0000000000
36014  -9.385  -44.757  62.216 0.0000000000
134946  -8.582  -44.484  61.764 0.0000000000
35077  -8.876  -45.420  62.481 0.0000000000
34117  -7.988  -46.628  63.277 0.0000000000
34124  -7.712  -46.188  62.678 0.0000000000
34123  -6.965  -46.482  62.891 0.0000000000
56208  -39.160  -22.341  57.314 0.0000000000
56207  -38.180  -22.181  57.380 0.0000000000
56222  -37.749  -22.279  56.566 0.0000000000
48046  -36.209  -31.688  54.111 0.0000000000
47137  -35.623  -32.291  54.511 0.0000000000
47138  -36.500  -32.271  54.710 0.0000000000
47073  -17.985  -31.746  58.184 0.0000000000
47977  -17.536  -31.477  59.223 0.0000000000
47072  -17.325  -32.286  58.605 0.0000000000
47059  -16.934  -31.967  59.485 0.0000000000
46161  -17.331  -33.265  58.142 0.0000000000
45260  -18.896  -34.639  57.861 0.0000000000
44323  -18.586  -35.269  58.337 0.0000000000
138584  -21.056  -33.838  57.574 0.0000000000
45239  -21.965  -35.253  59.311 0.0000000000
117605  -21.370  -35.098  58.718 0.0000000000
45238  -21.337  -35.540  59.382 0.0000000000
53549  -40.721  -25.848  55.605 0.0000000000
52657  -39.858  -26.826  57.661 0.0000000000
52664  -40.281  -26.487  56.652 0.0000000000
53520  -38.477  -26.140  58.609 0.0000000000
53531  -37.650  -25.586  57.388 0.0000000000
47146  -24.913  -31.427  53.707 0.0000000000
48083  -26.224  -30.991  53.186 0.0000000000
48066  -26.286  -31.481  53.282 0.0000000000
135089  -26.857  -31.824  53.098 0.0000000000
133772  -27.563  -31.817  52.734 0.0000000000
49093  -29.833  -30.192  51.978 0.0000000000
49092  -28.938  -30.387  52.214 0.0000000000
48098  -29.347  -30.785  51.891 0.0000000000
48086  -28.968  -31.256  51.984 0.0000000000
48087  -29.712  -31.379  51.897 0.0000000000
47165  -30.145  -32.226  52.346 0.0000000000
48088  -30.635  -31.382  51.972 0.0000000000
49095  -32.024  -30.530  52.046 0.0000000000
48089  -31.542  -31.313  52.159 0.0000000000
119669  -32.772  -30.534  52.289 0.0000000000
50957  -34.832  -28.382  55.075 0.0000000000
49997  -34.081  -28.485  55.930 0.0000000000
50031  -33.963  -28.386  54.928 0.0000000000
50030  -33.223  -28.526  55.072 0.0000000000
50976  -33.557  -28.433  54.027 0.0000000000
50993  -33.095  -28.461  53.204 0.0000000000
50994  -33.972  -28.496  52.993 0.0000000000
50066  -35.119  -28.955  52.544 0.0000000000
50065  -34.529  -29.295  52.425 0.0000000000
139087  -34.932  -30.170  52.650 0.0000000000
49081  -35.515  -30.410  52.869 0.0000000000
50067  -37.531  -29.384  52.677 0.0000000000
49100  -37.076  -29.929  52.614 0.0000000000
49101  -37.927  -30.032  52.727 0.0000000000
49084  -38.317  -30.607  53.062 0.0000000000
49102  -38.715  -30.007  52.831 0.0000000000
50981  -38.668  -28.539  53.810 0.0000000000
50051  -39.700  -29.343  53.457 0.0000000000
126182  -39.960  -29.882  53.485 0.0000000000
50964  -42.650  -28.536  55.060 0.0000000000
49059  -24.266  -30.052  53.818 0.0000000000
50020  -23.712  -29.671  54.348 0.0000000000
48043  -23.501  -31.301  54.279 0.0000000000
56379  -39.288  -22.571  46.602 0.0000000000
58330  -40.169  -20.139  44.591 0.0000000000
131162  -40.900  -20.788  44.866 0.0000000000
61161  -38.570  -17.543  43.512 0.0000000000
60289  -39.038  -18.274  43.609 0.0000000000
61162  -39.478  -17.553  43.536 0.0000000000
66219  -37.237  -11.430  47.347 0.0000000000
65326  -36.748  -11.747  46.834 0.0000000000
66227  -36.751  -11.064  46.536 0.0000000000
66242  -37.237  -11.175  44.689 0.0000000000
65352  -37.897  -12.060  44.405 0.0000000000
67989  -39.204  -9.415  43.293 0.0000000000
127296  -40.063  -12.565  44.172 0.0000000000
65354  -40.802  -12.828  44.353 0.0000000000
64560  -40.755  -13.670  44.436 0.0000000000
118553  -41.464  -13.100  44.482 0.0000000000
116088  -43.247  -13.203  44.165 0.0000000000
139789  -43.848  -11.687  41.956 0.0000000000
68014  -46.724  -9.511  40.071 0.0000000000
68882  -48.191  -8.895  39.144 0.0000000000
70504  -47.577  -6.237  37.974 0.0000000000
69708  -48.616  -7.634  38.266 0.0000000000
70509  -48.043  -6.000  37.655 0.0000000000
40674  -9.590  -39.945  60.562 0.0000000000
39709  -9.365  -40.624  60.776 0.0000000000
39689  -8.856  -41.136  61.130 0.0000000000
38713  -9.464  -41.277  60.892 0.0000000000
39670  -11.919  -40.756  62.199 0.0000000000
39692  -11.205  -40.690  61.231 0.0000000000
38683  -11.319  -41.369  62.068 0.0000000000
37739  -10.956  -42.660  63.282 0.0000000000
38682  -10.777  -42.022  61.891 0.0000000000
37752  -10.721  -42.723  62.467 0.0000000000
37762  -9.744  -42.492  61.289 0.0000000000
36902  -10.193  -43.376  62.150 0.0000000000
36868  -9.926  -44.216  64.770 0.0000000000
53570  -42.643  -25.893  54.724 0.0000000000
54455  -40.559  -24.332  54.831 0.0000000000
53562  -42.177  -25.197  54.764 0.0000000000
54468  -39.999  -23.891  54.790 0.0000000000
54443  -37.863  -24.789  55.512 0.0000000000
54454  -38.179  -24.333  54.923 0.0000000000
54466  -38.505  -23.898  54.728 0.0000000000
55337  -38.876  -23.401  54.941 0.0000000000
56237  -39.245  -22.924  55.468 0.0000000000
55336  -37.880  -23.313  54.946 0.0000000000
55335  -36.948  -22.947  54.929 0.0000000000
123703  -36.593  -22.440  54.821 0.0000000000
56234  -36.817  -22.159  55.772 0.0000000000
56233  -32.402  -22.473  55.481 0.0000000000
55333  -32.676  -23.413  54.980 0.0000000000
55334  -33.132  -24.063  55.494 0.0000000000
58215  -32.024  -20.766  53.400 0.0000000000
119860  -32.090  -21.167  54.328 0.0000000000
57161  -32.097  -21.815  53.491 0.0000000000
55358  -33.288  -23.530  52.972 0.0000000000
55357  -32.719  -23.102  53.098 0.0000000000
55347  -33.668  -23.964  53.615 0.0000000000
55348  -34.735  -24.045  53.588 0.0000000000
137079  -35.962  -22.555  53.463 0.0000000000
119680  -36.647  -21.867  54.566 0.0000000000
57162  -36.281  -22.154  53.763 0.0000000000
56266  -36.832  -22.428  52.371 0.0000000000
56309  -34.308  -22.451  50.704 0.0000000000
57224  -34.859  -22.386  50.166 0.0000000000
56328  -36.343  -22.892  49.230 0.0000000000
134621  -36.452  -22.866  49.956 0.0000000000
56312  -37.054  -22.989  50.407 0.0000000000
55426  -37.741  -23.301  48.217 0.0000000000
55416  -38.330  -23.590  48.774 0.0000000000
55427  -38.651  -23.393  48.120 0.0000000000
56360  -38.945  -22.996  47.348 0.0000000000
57272  -36.642  -21.883  45.918 0.0000000000
57273  -37.629  -22.061  45.943 0.0000000000
59315  -34.240  -19.796  47.160 0.0000000000
59316  -34.762  -19.750  46.445 0.0000000000
59325  -35.396  -19.747  45.625 0.0000000000
130386  -35.811  -19.327  44.931 0.0000000000
60269  -35.995  -18.525  44.701 0.0000000000
61142  -35.774  -17.815  45.359 0.0000000000
62023  -36.485  -16.500  46.635 0.0000000000
45305  -28.150  -34.759  55.244 0.0000000000
45304  -27.348  -34.751  55.464 0.0000000000
44359  -27.914  -35.178  55.943 0.0000000000
44346  -27.608  -35.649  56.587 0.0000000000
44347  -28.472  -35.743  56.385 0.0000000000
45307  -30.434  -34.946  54.995 0.0000000000
124685  -29.842  -34.639  54.630 0.0000000000
44362  -30.697  -35.448  55.442 0.0000000000
119816  -35.012  -33.465  55.214 0.0000000000
43410  -10.774  -37.160  60.527 0.0000000000
44281  -12.932  -35.220  60.194 0.0000000000
44280  -12.281  -35.533  60.335 0.0000000000
118305  -12.853  -37.673  60.007 0.0000000000
41643  -12.029  -38.110  60.226 0.0000000000
41621  -13.331  -38.806  60.904 0.0000000000
42566  -16.992  -36.938  59.492 0.0000000000
43442  -16.804  -36.118  58.930 0.0000000000
42565  -16.037  -37.005  59.491 0.0000000000
32254  -5.489  -48.561  63.937 0.0000000000
33167  -6.140  -48.231  64.322 0.0000000000
34116  -6.058  -47.091  63.134 0.0000000000
34115  -5.084  -47.103  63.011 0.0000000000
46186  -24.098  -34.255  56.887 0.0000000000
45281  -24.505  -34.809  57.403 0.0000000000
49046  -42.225  -30.138  55.577 0.0000000000
49036  -22.186  -30.281  55.022 0.0000000000
48029  -22.164  -31.162  55.119 0.0000000000
47106  -22.415  -32.781  56.154 0.0000000000
139721  -23.033  -33.283  56.399 0.0000000000
62920  -36.151  -15.717  45.401 0.0000000000
62931  -36.525  -15.686  44.842 0.0000000000
119912  -35.964  -14.967  45.090 0.0000000000
63761  -35.800  -14.149  45.552 0.0000000000
64548  -36.243  -13.276  45.730 0.0000000000
69674  -41.092  -6.882  43.095 0.0000000000
69680  -41.407  -7.378  42.198 0.0000000000
69685  -41.956  -7.592  41.656 0.0000000000
68866  -42.256  -8.322  41.346 0.0000000000
68867  -43.047  -8.024  41.018 0.0000000000
69692  -43.768  -7.791  40.734 0.0000000000
69688  -43.925  -6.900  40.889 0.0000000000
122836  -35.155  -25.212  57.694 0.0000000000
54412  -34.520  -24.605  58.397 0.0000000000
55312  -33.703  -24.202  58.001 0.0000000000
55311  -33.201  -23.602  57.435 0.0000000000
59242  -32.514  -20.026  50.545 0.0000000000
59243  -32.609  -19.195  50.279 0.0000000000
132423  -33.291  -18.945  48.578 0.0000000000
60220  -33.331  -18.290  49.003 0.0000000000
130758  -32.406  -32.220  53.086 0.0000000000
46246  -32.236  -33.008  53.546 0.0000000000
69715  -49.414  -7.269  37.771 0.0000000000
69716  -50.466  -7.368  37.415 0.0000000000
35052  -9.123  -45.519  63.779 0.0000000000
35065  -8.920  -45.719  63.078 0.0000000000
35051  -8.695  -45.879  64.420 0.0000000000
34108  -8.195  -46.599  64.106 0.0000000000
130789  -39.510  -22.659  56.198 0.0000000000
48071  -37.824  -31.293  53.657 0.0000000000
119505  -37.756  -31.812  54.394 0.0000000000
47140  -38.103  -32.121  54.915 0.0000000000
47127  -38.486  -32.512  55.505 0.0000000000
48993  -20.275  -30.220  57.327 0.0000000000
48977  -19.303  -30.247  58.653 0.0000000000
48976  -18.717  -30.480  58.994 0.0000000000
46180  -18.064  -33.317  57.604 0.0000000000
45278  -19.291  -33.991  57.457 0.0000000000
49078  -24.923  -30.621  53.614 0.0000000000
49079  -25.684  -30.554  53.455 0.0000000000
49090  -26.545  -30.619  53.151 0.0000000000
122631  -28.809  -30.007  52.691 0.0000000000
49094  -30.697  -30.061  51.930 0.0000000000
50074  -31.633  -29.846  51.971 0.0000000000
50063  -32.193  -29.363  52.097 0.0000000000
49998  -35.365  -28.429  55.735 0.0000000000
51009  -35.689  -28.727  52.714 0.0000000000
133003  -35.902  -29.070  52.494 0.0000000000
49099  -36.173  -29.755  52.557 0.0000000000
51012  -37.870  -28.968  52.953 0.0000000000
50982  -39.519  -28.513  54.023 0.0000000000
57292  -38.210  -21.421  45.452 0.0000000000
57293  -39.256  -21.467  45.468 0.0000000000
58316  -38.769  -20.762  45.028 0.0000000000
58329  -39.265  -20.174  44.591 0.0000000000
129966  -39.661  -19.664  44.295 0.0000000000
62950  -38.551  -16.143  43.812 0.0000000000
62055  -39.934  -16.848  43.629 0.0000000000
67952  -38.151  -9.623  47.491 0.0000000000
67099  -36.990  -10.380  46.096 0.0000000000
67951  -37.505  -9.841  46.632 0.0000000000
67959  -37.506  -9.822  45.732 0.0000000000
67965  -37.717  -9.961  44.904 0.0000000000
67990  -39.813  -9.906  42.889 0.0000000000
67129  -40.184  -10.777  43.065 0.0000000000
66264  -40.913  -11.599  43.342 0.0000000000
117171  -42.960  -12.491  44.066 0.0000000000
68880  -46.462  -7.903  39.404 0.0000000000
68020  -46.889  -8.764  39.751 0.0000000000
69700  -47.265  -7.739  38.955 0.0000000000
70503  -46.927  -6.323  38.429 0.0000000000
41640  -9.782  -39.156  60.574 0.0000000000
40675  -10.265  -39.688  60.466 0.0000000000
36879  -10.544  -43.580  64.246 0.0000000000
137738  -40.165  -24.484  54.901 0.0000000000
54441  -36.165  -24.957  55.861 0.0000000000
57149  -32.182  -21.783  54.926 0.0000000000
55370  -33.030  -22.977  52.356 0.0000000000
131906  -33.734  -23.388  52.386 0.0000000000
56263  -34.532  -23.336  52.251 0.0000000000
57238  -34.233  -21.657  49.047 0.0000000000
57239  -34.916  -22.203  49.412 0.0000000000
56343  -35.622  -22.521  48.881 0.0000000000
56345  -37.019  -23.152  48.739 0.0000000000
134013  -36.961  -23.047  47.980 0.0000000000
56359  -37.395  -22.974  47.338 0.0000000000
121768  -35.969  -21.652  46.060 0.0000000000
46240  -27.049  -33.323  53.930 0.0000000000
46226  -26.914  -33.891  54.535 0.0000000000
46227  -27.663  -33.846  54.195 0.0000000000
45319  -28.319  -34.286  54.560 0.0000000000
43426  -13.654  -36.078  59.400 0.0000000000
41644  -13.557  -38.214  60.419 0.0000000000
117388  -14.139  -38.688  61.118 0.0000000000
125624  -17.869  -35.280  58.361 0.0000000000
44304  -17.394  -35.656  58.639 0.0000000000
43412  -18.037  -37.042  59.785 0.0000000000
54445  -42.832  -24.085  56.168 0.0000000000
55328  -42.064  -23.856  55.656 0.0000000000
122109  -23.557  -35.366  59.336 0.0000000000
44311  -24.172  -35.689  59.439 0.0000000000
44326  -24.573  -35.553  58.660 0.0000000000
44327  -25.360  -35.869  58.501 0.0000000000
123588  -40.078  -31.132  54.207 0.0000000000
116277  -39.979  -31.815  54.899 0.0000000000
48994  -20.986  -29.894  56.897 0.0000000000
49014  -21.228  -30.348  56.138 0.0000000000
49013  -20.570  -30.678  56.577 0.0000000000
47088  -20.047  -32.607  56.707 0.0000000000
46184  -21.327  -33.417  57.135 0.0000000000
128216  -21.967  -33.532  57.211 0.0000000000
45262  -22.607  -34.516  58.342 0.0000000000
45241  -23.152  -35.074  58.917 0.0000000000
138688  -37.381  -28.441  54.945 0.0000000000
50002  -39.182  -28.441  55.584 0.0000000000
59349  -37.753  -18.872  43.704 0.0000000000
60278  -37.289  -18.326  43.706 0.0000000000
61160  -37.710  -17.562  43.644 0.0000000000
62053  -38.126  -16.854  43.610 0.0000000000
62039  -37.671  -16.217  43.961 0.0000000000
63771  -39.156  -14.655  44.234 0.0000000000
68844  -39.009  -7.895  44.867 0.0000000000
122710  -39.319  -8.028  44.089 0.0000000000
68852  -39.556  -8.506  43.332 0.0000000000
67996  -40.227  -9.450  42.611 0.0000000000
67143  -41.289  -10.617  42.420 0.0000000000
136213  -41.952  -10.819  42.073 0.0000000000
126754  -42.552  -11.335  42.224 0.0000000000
66294  -43.247  -11.300  41.733 0.0000000000
67151  -43.456  -10.539  41.245 0.0000000000
115771  -44.951  -8.092  40.184 0.0000000000
68879  -45.608  -8.044  39.900 0.0000000000
69699  -45.533  -7.171  39.548 0.0000000000
40676  -11.294  -39.753  60.798 0.0000000000
53546  -38.472  -25.211  56.535 0.0000000000
53544  -36.629  -25.168  56.393 0.0000000000
54450  -34.735  -24.754  55.380 0.0000000000
59206  -32.019  -19.726  53.845 0.0000000000
59228  -32.048  -19.121  52.548 0.0000000000
58232  -32.077  -20.747  52.359 0.0000000000
130801  -32.352  -21.491  51.855 0.0000000000
133163  -32.777  -21.945  51.540 0.0000000000
57205  -33.396  -22.009  51.038 0.0000000000
120599  -33.524  -21.286  49.684 0.0000000000
122668  -34.263  -21.313  48.060 0.0000000000
57260  -34.742  -21.177  47.156 0.0000000000
58290  -34.172  -20.532  47.523 0.0000000000
59296  -33.927  -19.118  47.564 0.0000000000
60248  -34.411  -18.388  47.544 0.0000000000
120548  -35.309  -17.614  47.806 0.0000000000
131239  -29.762  -33.380  53.229 0.0000000000
46229  -29.178  -33.680  53.573 0.0000000000
45321  -30.684  -34.547  54.407 0.0000000000
45308  -31.169  -34.983  54.939 0.0000000000
46232  -31.937  -33.772  53.981 0.0000000000
45322  -31.564  -34.482  54.390 0.0000000000
44300  -13.517  -35.370  59.653 0.0000000000
45216  -14.058  -34.708  59.759 0.0000000000
42546  -15.632  -37.589  59.902 0.0000000000
43414  -20.478  -36.421  60.216 0.0000000000
36912  -8.737  -43.736  61.521 0.0000000000
138099  -8.171  -42.949  61.793 0.0000000000
36028  -8.163  -44.321  61.830 0.0000000000
36900  -7.680  -44.062  62.233 0.0000000000
35076  -8.296  -45.547  62.285 0.0000000000
35075  -7.830  -45.489  62.304 0.0000000000
36013  -7.632  -44.984  62.236 0.0000000000
36012  -7.025  -45.357  62.834 0.0000000000
35995  -6.364  -45.001  63.481 0.0000000000
66220  -37.979  -11.107  47.967 0.0000000000
68821  -38.639  -8.785  47.180 0.0000000000
68830  -39.167  -8.129  46.829 0.0000000000
57128  -36.944  -21.602  56.285 0.0000000000
48068  -34.608  -31.554  53.547 0.0000000000
47136  -34.669  -32.323  54.233 0.0000000000
47128  -39.372  -32.391  55.601 0.0000000000
130745  -16.764  -31.847  60.254 0.0000000000
47058  -16.460  -32.445  59.824 0.0000000000
46160  -16.677  -33.666  58.592 0.0000000000
45276  -17.785  -33.916  57.784 0.0000000000
46162  -21.204  -34.384  58.124 0.0000000000
51847  -43.476  -27.531  55.374 0.0000000000
51858  -43.090  -27.155  54.871 0.0000000000
52687  -42.416  -26.419  54.617 0.0000000000
122394  -41.968  -26.647  54.535 0.0000000000
134934  -39.482  -26.331  57.943 0.0000000000
136928  -39.365  -25.746  57.011 0.0000000000
54414  -36.124  -25.534  58.952 0.0000000000
47123  -23.802  -32.397  54.768 0.0000000000
46224  -24.578  -33.119  55.085 0.0000000000
139224  -24.591  -32.583  54.463 0.0000000000
47134  -25.883  -32.604  53.965 0.0000000000
47147  -25.652  -31.853  53.611 0.0000000000
137388  -26.550  -32.821  53.800 0.0000000000
120828  -27.148  -32.585  53.335 0.0000000000
47149  -28.022  -32.619  53.050 0.0000000000
47150  -28.780  -32.660  52.823 0.0000000000
50057  -27.098  -30.432  52.976 0.0000000000
119923  -27.219  -30.723  52.726 0.0000000000
50059  -28.354  -30.273  52.525 0.0000000000
120622  -28.226  -30.609  52.295 0.0000000000
49091  -27.734  -30.884  52.346 0.0000000000
48085  -28.234  -31.406  52.266 0.0000000000
47151  -29.517  -32.750  52.755 0.0000000000
47167  -31.834  -31.922  52.639 0.0000000000
47154  -33.169  -31.748  53.139 0.0000000000
48067  -33.919  -31.301  53.112 0.0000000000
50975  -31.652  -28.602  53.930 0.0000000000
50992  -32.279  -28.497  53.221 0.0000000000
133102  -32.823  -29.166  52.255 0.0000000000
51008  -34.286  -28.887  52.563 0.0000000000
50064  -33.642  -29.402  52.321 0.0000000000
49096  -33.437  -30.161  52.323 0.0000000000
133982  -33.918  -30.610  52.681 0.0000000000
118232  -35.205  -31.103  53.357 0.0000000000
48069  -35.927  -31.052  53.515 0.0000000000
48070  -36.823  -31.126  53.587 0.0000000000
48072  -38.792  -31.103  53.568 0.0000000000
119709  -37.764  -28.542  53.435 0.0000000000
50999  -39.254  -28.889  53.557 0.0000000000
50050  -39.005  -29.410  53.116 0.0000000000
49063  -39.616  -30.649  53.595 0.0000000000
50003  -41.728  -29.603  54.896 0.0000000000
50033  -41.255  -29.068  54.318 0.0000000000
50004  -42.405  -29.310  55.277 0.0000000000
49989  -23.253  -29.323  55.082 0.0000000000
50019  -22.888  -29.877  54.636 0.0000000000
48042  -22.780  -30.713  54.581 0.0000000000
57294  -40.327  -21.522  45.403 0.0000000000
59350  -38.549  -18.931  43.784 0.0000000000
59351  -39.551  -18.999  43.916 0.0000000000
59338  -40.441  -19.443  44.175 0.0000000000
65314  -36.379  -13.028  47.025 0.0000000000
124806  -36.315  -12.903  46.340 0.0000000000
65350  -36.724  -12.947  45.182 0.0000000000
66235  -36.694  -11.229  45.551 0.0000000000
117115  -37.300  -12.741  44.710 0.0000000000
64558  -38.083  -13.123  44.451 0.0000000000
117262  -39.049  -13.595  44.362 0.0000000000
68833  -38.422  -8.560  45.134 0.0000000000
67976  -38.182  -9.441  44.548 0.0000000000
67115  -38.080  -10.265  44.262 0.0000000000
67128  -39.236  -10.482  43.375 0.0000000000
66262  -38.940  -11.262  43.793 0.0000000000
116369  -38.720  -11.811  44.125 0.0000000000
63772  -39.841  -13.933  44.417 0.0000000000
63773  -41.181  -14.589  44.197 0.0000000000
64561  -42.276  -13.098  44.386 0.0000000000
116909  -49.314  -8.051  38.154 0.0000000000
70510  -48.515  -5.987  37.460 0.0000000000
123815  -8.435  -40.707  61.779 0.0000000000
37770  -9.000  -42.000  61.048 0.0000000000
39691  -10.404  -41.030  60.866 0.0000000000
38714  -9.908  -41.348  60.839 0.0000000000
37761  -9.164  -42.833  61.259 0.0000000000
36913  -9.215  -43.636  61.474 0.0000000000
140076  -9.764  -44.678  63.005 0.0000000000
120580  -10.045  -44.108  63.623 0.0000000000
35985  -9.629  -44.839  63.819 0.0000000000
52682  -43.419  -26.734  55.185 0.0000000000
55340  -41.357  -23.630  55.329 0.0000000000
54444  -38.792  -24.702  55.421 0.0000000000
55325  -40.080  -22.977  55.507 0.0000000000
55324  -33.084  -23.956  56.500 0.0000000000
133597  -32.637  -22.214  56.513 0.0000000000
56220  -32.853  -23.024  56.902 0.0000000000
54461  -33.900  -24.457  54.983 0.0000000000
56255  -32.349  -22.654  53.649 0.0000000000
54462  -34.692  -24.462  54.441 0.0000000000
137107  -36.372  -22.481  54.387 0.0000000000
58185  -36.979  -21.131  55.916 0.0000000000
57183  -36.499  -22.123  53.225 0.0000000000
57270  -35.105  -21.007  46.535 0.0000000000
57271  -35.574  -21.138  46.011 0.0000000000
58313  -35.672  -20.559  45.572 0.0000000000
58326  -36.702  -19.837  44.385 0.0000000000
60277  -36.577  -18.418  44.043 0.0000000000
125241  -36.175  -15.749  46.237 0.0000000000
63739  -36.573  -14.781  47.225 0.0000000000
46214  -25.223  -33.786  55.388 0.0000000000
45302  -25.793  -34.403  55.827 0.0000000000
45317  -26.892  -34.330  55.093 0.0000000000
45303  -26.573  -34.633  55.617 0.0000000000
44348  -29.349  -35.766  56.163 0.0000000000
44349  -30.206  -35.806  56.042 0.0000000000
43470  -29.842  -36.062  56.645 0.0000000000
44338  -29.091  -36.226  56.970 0.0000000000
46234  -34.424  -33.146  54.669 0.0000000000
46216  -34.196  -33.899  55.017 0.0000000000
42522  -10.077  -37.482  60.943 0.0000000000
42541  -10.612  -38.002  60.367 0.0000000000
41642  -11.135  -38.446  60.309 0.0000000000
43411  -11.443  -36.804  60.178 0.0000000000
40662  -13.825  -39.201  61.718 0.0000000000
45237  -16.034  -34.042  58.906 0.0000000000
44321  -15.875  -34.856  58.683 0.0000000000
44303  -15.881  -35.765  58.829 0.0000000000
132931  -15.659  -36.440  59.128 0.0000000000
42549  -18.383  -37.509  60.586 0.0000000000
42523  -16.975  -38.063  60.808 0.0000000000
41647  -16.137  -38.071  60.603 0.0000000000
34101  -7.572  -46.824  64.924 0.0000000000
33158  -6.280  -48.040  65.319 0.0000000000
139718  -6.837  -47.638  63.742 0.0000000000
33178  -7.090  -47.049  63.196 0.0000000000
129572  -4.861  -47.572  62.830 0.0000000000
34114  -4.752  -46.851  62.716 0.0000000000
35086  -8.735  -44.965  61.955 0.0000000000
36901  -9.594  -43.936  61.840 0.0000000000
44312  -24.986  -35.993  59.241 0.0000000000
46244  -30.533  -33.438  53.331 0.0000000000
62910  -36.117  -15.124  46.604 0.0000000000
62951  -39.458  -16.143  43.791 0.0000000000
65325  -36.514  -12.315  46.610 0.0000000000
65337  -36.493  -12.305  45.752 0.0000000000
66261  -38.552  -10.592  43.855 0.0000000000
66295  -44.536  -11.703  41.815 0.0000000000
67114  -37.628  -10.569  44.572 0.0000000000
68853  -40.138  -7.966  43.157 0.0000000000
68888  -49.686  -8.682  38.301 0.0000000000
125631  -8.422  -46.000  62.814 0.0000000000
125849  -10.252  -42.646  61.683 0.0000000000
134590  -31.039  -29.533  52.091 0.0000000000
134909  -32.767  -28.685  52.626 0.0000000000
136728  -27.579  -31.230  52.460 0.0000000000
138285  -20.928  -35.395  58.874 0.0000000000
