#!ascii label  , from subject sub-v1s10x0051119_ses-1 vox2ras=TkReg
1177
38304  22.565  -49.687  35.189 0.0000000000
40877  36.827  -46.800  41.258 0.0000000000
60599  39.372  -26.992  25.487 0.0000000000
54835  31.442  -33.667  32.214 0.0000000000
49422  37.254  -39.956  37.717 0.0000000000
74708  49.562  -11.079  18.414 0.0000000000
56979  41.341  -31.558  25.172 0.0000000000
54924  36.754  -33.069  25.061 0.0000000000
38273  17.394  -50.800  35.857 0.0000000000
40005  28.476  -48.080  38.354 0.0000000000
147609  32.216  -44.701  37.185 0.0000000000
147045  23.962  -47.207  34.125 0.0000000000
67681  45.023  -18.774  22.140 0.0000000000
36541  26.128  -51.592  38.575 0.0000000000
35571  21.417  -52.649  38.601 0.0000000000
63292  45.520  -24.030  23.123 0.0000000000
36500  16.652  -52.382  40.212 0.0000000000
33433  12.652  -56.140  41.088 0.0000000000
57835  35.591  -29.641  31.339 0.0000000000
52965  33.448  -36.792  34.915 0.0000000000
47686  35.585  -41.610  29.665 0.0000000000
44718  34.395  -44.242  33.314 0.0000000000
53907  40.642  -32.288  27.697 0.0000000000
54934  38.908  -33.534  24.472 0.0000000000
54878  38.507  -32.044  27.262 0.0000000000
56940  43.413  -31.036  28.106 0.0000000000
40046  20.751  -48.706  33.042 0.0000000000
39157  18.051  -49.967  33.215 0.0000000000
39138  20.083  -49.930  35.316 0.0000000000
39123  25.558  -49.258  36.471 0.0000000000
40934  26.264  -47.478  36.001 0.0000000000
40045  23.251  -48.443  34.209 0.0000000000
40069  21.554  -48.154  31.556 0.0000000000
124884  39.455  -24.522  23.033 0.0000000000
62404  42.017  -26.089  28.014 0.0000000000
147591  42.710  -23.888  25.110 0.0000000000
64177  42.734  -23.272  22.620 0.0000000000
34483  20.613  -54.177  40.706 0.0000000000
35541  19.228  -52.741  39.634 0.0000000000
34469  18.998  -53.848  41.263 0.0000000000
33369  13.667  -55.376  45.255 0.0000000000
34442  13.707  -54.487  42.914 0.0000000000
32335  12.430  -56.693  43.532 0.0000000000
146713  11.454  -57.579  43.516 0.0000000000
32321  9.993  -56.293  44.808 0.0000000000
52934  35.240  -35.974  38.880 0.0000000000
51227  35.470  -38.594  36.402 0.0000000000
49475  35.660  -39.447  32.267 0.0000000000
48621  37.085  -40.920  33.121 0.0000000000
134255  28.911  -44.119  35.669 0.0000000000
43709  32.678  -43.766  34.992 0.0000000000
138576  30.844  -43.345  33.256 0.0000000000
44758  31.759  -43.950  31.280 0.0000000000
141448  32.533  -30.692  32.152 0.0000000000
148279  32.939  -30.460  28.488 0.0000000000
55916  30.905  -32.184  28.694 0.0000000000
76426  52.551  -9.566  15.699 0.0000000000
74721  50.054  -10.841  15.320 0.0000000000
58742  40.714  -29.630  25.423 0.0000000000
56996  39.579  -31.843  22.709 0.0000000000
59604  42.700  -29.413  27.917 0.0000000000
129945  32.920  -47.439  39.542 0.0000000000
41792  34.420  -46.030  38.886 0.0000000000
41805  31.009  -46.338  38.186 0.0000000000
42714  27.798  -45.733  36.543 0.0000000000
43734  25.025  -45.069  34.242 0.0000000000
67668  47.400  -19.309  22.184 0.0000000000
70344  47.610  -16.771  22.306 0.0000000000
72020  47.351  -14.258  20.947 0.0000000000
72925  47.708  -12.514  18.241 0.0000000000
37453  24.164  -50.506  36.524 0.0000000000
37440  22.042  -51.354  36.942 0.0000000000
35568  24.025  -52.318  38.200 0.0000000000
38255  27.444  -50.323  38.419 0.0000000000
65063  45.482  -21.999  21.753 0.0000000000
37425  19.560  -51.340  37.510 0.0000000000
37413  17.474  -51.661  37.902 0.0000000000
36519  14.001  -52.758  38.736 0.0000000000
35476  16.344  -53.874  42.598 0.0000000000
123153  14.142  -53.348  41.337 0.0000000000
125970  8.415  -52.136  43.021 0.0000000000
56886  38.402  -29.949  30.856 0.0000000000
55854  32.544  -32.937  34.320 0.0000000000
142133  33.609  -34.304  36.731 0.0000000000
52970  32.643  -35.810  33.712 0.0000000000
51264  32.923  -38.074  32.020 0.0000000000
48644  34.491  -40.164  28.674 0.0000000000
129354  33.407  -42.558  28.254 0.0000000000
42691  35.295  -44.620  37.641 0.0000000000
44697  36.114  -43.397  35.807 0.0000000000
46645  36.670  -42.140  33.899 0.0000000000
141644  34.997  -43.805  30.676 0.0000000000
45708  31.963  -43.649  29.684 0.0000000000
56927  36.361  -30.576  27.931 0.0000000000
56967  34.169  -31.052  25.478 0.0000000000
54860  40.836  -32.069  28.726 0.0000000000
54876  39.712  -32.076  27.759 0.0000000000
55899  39.649  -31.422  28.925 0.0000000000
53890  42.648  -32.409  29.169 0.0000000000
126419  21.619  -49.192  34.407 0.0000000000
144119  20.011  -49.532  34.463 0.0000000000
38305  21.012  -49.736  35.081 0.0000000000
39137  23.778  -49.364  35.376 0.0000000000
39151  24.357  -48.938  35.438 0.0000000000
39152  23.202  -48.977  34.653 0.0000000000
39154  21.744  -48.545  33.470 0.0000000000
62433  39.301  -25.445  24.936 0.0000000000
61517  40.151  -26.644  26.668 0.0000000000
63266  42.233  -24.539  26.507 0.0000000000
63276  40.594  -24.600  25.686 0.0000000000
124375  40.687  -24.111  24.354 0.0000000000
32318  12.700  -56.273  44.968 0.0000000000
134894  12.880  -56.134  44.116 0.0000000000
31272  12.272  -56.691  44.351 0.0000000000
31284  11.922  -57.313  43.018 0.0000000000
31277  11.551  -57.326  43.848 0.0000000000
141088  10.375  -56.956  44.357 0.0000000000
52094  36.301  -38.065  38.059 0.0000000000
50322  36.396  -39.795  36.486 0.0000000000
50348  35.884  -40.374  34.872 0.0000000000
49458  36.317  -40.687  34.859 0.0000000000
42660  38.128  -45.351  41.027 0.0000000000
126053  27.612  -43.786  34.642 0.0000000000
44706  30.474  -43.411  34.199 0.0000000000
45666  29.050  -43.042  33.523 0.0000000000
45676  29.248  -43.040  32.509 0.0000000000
55874  31.289  -32.835  31.810 0.0000000000
56902  31.712  -31.434  30.745 0.0000000000
74704  49.685  -11.297  19.391 0.0000000000
75554  50.634  -10.646  19.408 0.0000000000
75556  50.853  -10.142  17.939 0.0000000000
75559  51.005  -10.012  17.105 0.0000000000
75565  49.974  -10.659  16.899 0.0000000000
57888  41.449  -30.761  25.354 0.0000000000
58754  40.674  -30.131  24.652 0.0000000000
56981  41.051  -31.582  23.895 0.0000000000
54935  37.818  -33.498  24.454 0.0000000000
54949  38.422  -33.493  23.470 0.0000000000
54936  36.852  -33.267  23.886 0.0000000000
56954  42.555  -31.101  27.114 0.0000000000
58731  42.150  -30.339  26.687 0.0000000000
59615  41.906  -29.653  26.797 0.0000000000
39141  17.592  -50.170  34.120 0.0000000000
38275  15.633  -51.387  35.306 0.0000000000
39994  31.551  -47.922  39.285 0.0000000000
40907  32.076  -47.149  38.996 0.0000000000
40916  29.171  -47.349  38.539 0.0000000000
41835  25.105  -47.358  35.221 0.0000000000
41816  26.900  -47.004  36.426 0.0000000000
42729  25.972  -46.382  35.341 0.0000000000
43714  26.409  -45.395  35.293 0.0000000000
42742  24.651  -45.955  34.266 0.0000000000
41857  23.034  -47.147  32.599 0.0000000000
50402  32.199  -37.842  30.072 0.0000000000
67679  46.338  -19.442  22.244 0.0000000000
68590  47.639  -18.364  22.331 0.0000000000
68597  46.208  -17.962  22.158 0.0000000000
71190  46.119  -14.950  20.693 0.0000000000
72027  45.818  -14.330  19.175 0.0000000000
72916  47.310  -13.170  19.190 0.0000000000
137928  25.390  -50.965  37.651 0.0000000000
36558  24.001  -51.483  37.327 0.0000000000
36543  24.873  -51.782  38.139 0.0000000000
37411  27.113  -50.897  38.561 0.0000000000
37435  25.876  -50.683  37.743 0.0000000000
65051  46.371  -22.301  21.563 0.0000000000
65053  45.102  -23.755  21.991 0.0000000000
64192  42.359  -22.799  21.841 0.0000000000
36561  21.604  -51.762  37.503 0.0000000000
128002  21.177  -51.342  36.953 0.0000000000
36547  19.999  -51.901  38.236 0.0000000000
36516  17.804  -52.161  39.412 0.0000000000
36534  18.012  -51.841  38.601 0.0000000000
36517  16.721  -52.122  39.395 0.0000000000
37415  15.448  -52.027  37.880 0.0000000000
125023  15.911  -52.232  39.587 0.0000000000
34426  16.356  -54.049  43.796 0.0000000000
34443  12.955  -55.489  42.413 0.0000000000
35478  13.952  -54.039  42.330 0.0000000000
34471  12.807  -55.041  40.865 0.0000000000
136852  12.962  -54.446  40.163 0.0000000000
144765  33.372  -30.895  34.811 0.0000000000
52959  34.295  -36.474  36.340 0.0000000000
53826  34.121  -34.772  37.605 0.0000000000
53848  33.637  -35.755  35.680 0.0000000000
53849  33.309  -35.056  35.101 0.0000000000
52966  33.015  -36.066  34.381 0.0000000000
52118  32.518  -36.696  33.161 0.0000000000
52117  33.100  -37.692  33.346 0.0000000000
48636  35.754  -40.459  30.054 0.0000000000
49491  35.205  -39.553  30.444 0.0000000000
47692  34.975  -41.419  28.961 0.0000000000
47701  34.402  -41.612  28.396 0.0000000000
46676  34.587  -42.219  28.817 0.0000000000
41802  33.513  -45.507  38.269 0.0000000000
41801  34.480  -45.211  38.284 0.0000000000
42692  33.877  -44.737  37.674 0.0000000000
43729  33.468  -44.023  33.837 0.0000000000
43708  34.262  -43.768  35.408 0.0000000000
43727  35.163  -43.912  33.827 0.0000000000
44703  36.114  -42.538  34.493 0.0000000000
44734  35.949  -44.185  33.071 0.0000000000
45674  36.128  -43.833  32.237 0.0000000000
44756  33.992  -44.409  31.656 0.0000000000
45710  30.295  -43.199  30.013 0.0000000000
44774  31.670  -43.788  30.399 0.0000000000
57834  36.527  -29.693  31.533 0.0000000000
56898  37.674  -29.893  29.618 0.0000000000
56899  35.627  -29.659  29.777 0.0000000000
56944  32.547  -30.675  27.619 0.0000000000
56943  33.483  -30.415  26.988 0.0000000000
75571  52.881  -9.850  13.982 0.0000000000
54906  40.915  -32.247  26.538 0.0000000000
54932  40.547  -32.996  24.692 0.0000000000
53955  39.727  -32.692  26.180 0.0000000000
123858  38.385  -32.915  26.292 0.0000000000
54895  37.478  -32.331  26.654 0.0000000000
54873  43.306  -32.327  29.117 0.0000000000
54890  42.265  -32.402  28.250 0.0000000000
39168  18.876  -49.582  32.619 0.0000000000
39140  18.339  -49.811  33.976 0.0000000000
38291  18.527  -50.084  34.842 0.0000000000
128423  26.737  -48.951  37.072 0.0000000000
40918  27.601  -47.544  37.459 0.0000000000
40028  25.648  -48.555  36.149 0.0000000000
40043  24.572  -48.261  35.186 0.0000000000
40949  24.091  -47.772  34.489 0.0000000000
40967  22.827  -47.604  33.010 0.0000000000
40057  22.692  -48.036  33.347 0.0000000000
39167  21.031  -48.301  32.214 0.0000000000
146317  43.599  -19.186  21.513 0.0000000000
35552  26.247  -52.453  39.420 0.0000000000
135834  43.999  -24.908  27.446 0.0000000000
62422  44.041  -24.138  26.030 0.0000000000
63283  43.878  -23.635  24.503 0.0000000000
63305  43.558  -23.536  23.215 0.0000000000
63295  42.179  -23.705  23.918 0.0000000000
63307  41.474  -23.633  23.154 0.0000000000
35538  21.184  -53.569  39.650 0.0000000000
35559  19.954  -52.889  39.431 0.0000000000
35540  19.747  -53.181  39.803 0.0000000000
35519  18.871  -53.284  40.603 0.0000000000
35499  18.176  -53.358  41.063 0.0000000000
34427  15.164  -54.207  43.964 0.0000000000
148264  13.735  -55.137  44.226 0.0000000000
34429  13.069  -55.512  43.198 0.0000000000
33406  12.607  -56.313  42.609 0.0000000000
31293  12.087  -57.381  42.225 0.0000000000
52095  35.509  -37.517  37.585 0.0000000000
52100  34.734  -37.981  35.847 0.0000000000
51246  34.392  -38.680  34.254 0.0000000000
51245  35.047  -39.222  34.674 0.0000000000
49474  36.322  -39.893  32.280 0.0000000000
47679  36.222  -41.313  30.427 0.0000000000
43693  30.531  -44.133  36.352 0.0000000000
42726  32.346  -44.145  36.327 0.0000000000
43710  31.489  -43.725  35.406 0.0000000000
43730  31.989  -43.771  34.080 0.0000000000
44719  32.480  -43.868  33.205 0.0000000000
44738  32.873  -44.143  32.451 0.0000000000
132231  30.977  -43.584  31.770 0.0000000000
45692  29.319  -43.007  31.389 0.0000000000
57837  33.149  -30.092  31.546 0.0000000000
57845  34.194  -29.874  30.547 0.0000000000
56901  32.388  -30.592  30.336 0.0000000000
56931  32.063  -31.120  28.697 0.0000000000
139534  52.156  -9.317  17.174 0.0000000000
75568  51.335  -10.202  15.483 0.0000000000
60598  40.009  -27.585  26.109 0.0000000000
59648  39.148  -28.247  24.510 0.0000000000
59647  39.900  -28.903  25.089 0.0000000000
55989  39.709  -32.895  22.849 0.0000000000
56005  38.245  -32.794  22.083 0.0000000000
57853  44.435  -30.004  29.636 0.0000000000
59594  44.295  -28.600  29.782 0.0000000000
60563  43.446  -27.490  29.287 0.0000000000
60567  42.140  -27.791  28.339 0.0000000000
60580  40.969  -27.759  27.193 0.0000000000
143675  35.367  -47.323  40.619 0.0000000000
41781  35.695  -46.323  39.433 0.0000000000
40896  34.375  -46.656  39.398 0.0000000000
41794  32.547  -46.470  38.660 0.0000000000
42695  31.161  -45.553  37.713 0.0000000000
41807  28.236  -46.791  37.713 0.0000000000
42697  29.110  -46.059  37.685 0.0000000000
42713  29.890  -45.354  37.399 0.0000000000
43713  28.250  -44.719  36.055 0.0000000000
43732  26.579  -44.375  34.760 0.0000000000
44743  25.147  -43.779  33.091 0.0000000000
71172  48.721  -15.367  22.620 0.0000000000
70351  46.340  -16.290  21.708 0.0000000000
71181  47.306  -15.017  21.624 0.0000000000
72010  48.907  -13.838  22.223 0.0000000000
72906  48.460  -13.129  20.701 0.0000000000
73806  48.647  -12.186  19.449 0.0000000000
73819  48.321  -11.938  17.748 0.0000000000
74712  48.787  -11.502  17.236 0.0000000000
38286  23.738  -50.022  35.910 0.0000000000
38288  22.554  -50.352  35.759 0.0000000000
37438  23.503  -51.162  36.843 0.0000000000
36559  23.275  -51.684  37.387 0.0000000000
143372  22.954  -52.732  38.441 0.0000000000
35554  24.765  -52.747  38.984 0.0000000000
35557  22.604  -53.190  38.921 0.0000000000
34497  21.556  -54.035  40.147 0.0000000000
125844  36.597  -47.514  41.873 0.0000000000
39975  34.632  -47.961  41.015 0.0000000000
39985  31.785  -48.380  39.710 0.0000000000
39099  30.200  -49.104  39.449 0.0000000000
125009  28.731  -49.821  39.097 0.0000000000
39108  27.988  -48.979  38.148 0.0000000000
39122  26.219  -49.516  37.040 0.0000000000
38284  25.116  -49.953  36.633 0.0000000000
135140  48.049  -21.023  21.686 0.0000000000
66823  46.231  -20.306  22.179 0.0000000000
66824  45.347  -20.461  22.232 0.0000000000
64190  44.300  -23.290  22.252 0.0000000000
65941  44.194  -21.374  21.814 0.0000000000
66826  43.576  -20.497  21.488 0.0000000000
38289  20.908  -50.412  35.921 0.0000000000
135916  19.482  -50.794  36.746 0.0000000000
127376  18.213  -50.701  36.214 0.0000000000
36532  18.994  -52.099  38.768 0.0000000000
36550  18.188  -51.520  37.954 0.0000000000
38257  16.944  -51.173  36.489 0.0000000000
146888  15.665  -51.509  36.569 0.0000000000
37416  14.408  -52.303  37.311 0.0000000000
34454  17.747  -53.988  41.871 0.0000000000
35501  16.483  -53.191  41.487 0.0000000000
35502  15.324  -53.070  41.464 0.0000000000
36484  14.772  -52.780  40.803 0.0000000000
36502  14.163  -52.855  39.860 0.0000000000
35463  9.194  -54.038  44.381 0.0000000000
55872  39.778  -30.514  30.264 0.0000000000
57807  34.759  -29.857  33.189 0.0000000000
57808  33.879  -30.178  33.515 0.0000000000
125341  32.425  -32.062  33.684 0.0000000000
137825  31.924  -33.313  33.166 0.0000000000
54800  32.963  -33.486  35.343 0.0000000000
53853  32.675  -34.447  34.082 0.0000000000
53870  31.777  -34.582  32.608 0.0000000000
138477  32.039  -36.328  32.647 0.0000000000
51265  32.208  -37.680  31.804 0.0000000000
123073  33.172  -38.399  29.848 0.0000000000
50382  34.168  -38.708  31.934 0.0000000000
124593  33.795  -38.614  30.480 0.0000000000
49507  33.997  -39.599  28.731 0.0000000000
47702  34.095  -41.025  27.794 0.0000000000
126329  32.839  -42.271  27.273 0.0000000000
49435  37.711  -40.523  38.061 0.0000000000
130633  36.338  -45.591  39.122 0.0000000000
42683  36.952  -44.803  39.014 0.0000000000
43674  37.051  -43.594  37.966 0.0000000000
43690  34.272  -44.012  36.661 0.0000000000
43688  35.707  -43.848  36.223 0.0000000000
145492  37.349  -42.701  37.753 0.0000000000
128401  37.073  -42.125  37.184 0.0000000000
47656  36.950  -41.462  36.999 0.0000000000
132372  36.686  -41.202  36.080 0.0000000000
46651  37.090  -41.776  33.297 0.0000000000
46657  36.565  -42.044  31.184 0.0000000000
45705  35.483  -43.167  30.405 0.0000000000
44772  33.382  -44.248  31.003 0.0000000000
45707  33.591  -43.926  30.135 0.0000000000
45724  33.834  -43.393  29.403 0.0000000000
46678  33.190  -43.218  28.798 0.0000000000
55885  38.907  -31.088  29.202 0.0000000000
55914  37.284  -31.150  27.644 0.0000000000
55932  36.199  -31.387  26.969 0.0000000000
123978  35.272  -29.960  28.287 0.0000000000
56941  35.354  -30.929  26.827 0.0000000000
55962  35.460  -31.771  25.482 0.0000000000
74722  49.394  -11.198  15.756 0.0000000000
54844  41.380  -31.679  29.449 0.0000000000
54845  40.520  -31.554  29.120 0.0000000000
55883  40.221  -30.935  29.603 0.0000000000
54843  42.265  -31.802  29.860 0.0000000000
141577  21.978  -49.881  35.274 0.0000000000
38303  23.197  -49.554  35.246 0.0000000000
39153  22.532  -49.061  34.487 0.0000000000
61526  39.316  -26.123  25.511 0.0000000000
62434  38.899  -25.699  24.322 0.0000000000
61533  38.994  -26.315  24.886 0.0000000000
61525  39.645  -26.442  26.085 0.0000000000
62423  40.402  -25.171  26.296 0.0000000000
62424  39.789  -25.383  25.761 0.0000000000
32319  12.413  -56.436  45.092 0.0000000000
31273  11.990  -56.834  44.436 0.0000000000
31276  12.035  -57.013  43.887 0.0000000000
31274  11.738  -56.891  44.494 0.0000000000
51211  37.232  -39.160  38.256 0.0000000000
51220  36.602  -38.789  37.725 0.0000000000
50312  36.725  -39.563  37.355 0.0000000000
147465  36.435  -40.171  36.186 0.0000000000
49447  36.449  -40.531  35.833 0.0000000000
41747  38.272  -45.691  41.751 0.0000000000
125612  37.396  -45.983  40.789 0.0000000000
44724  26.723  -43.527  34.037 0.0000000000
45667  27.866  -42.969  33.718 0.0000000000
45678  26.654  -42.726  33.099 0.0000000000
133118  27.693  -42.490  32.626 0.0000000000
74703  50.262  -11.049  19.789 0.0000000000
74707  50.157  -10.820  18.998 0.0000000000
75557  50.219  -10.595  18.178 0.0000000000
75560  50.372  -10.423  17.381 0.0000000000
75561  49.772  -10.813  17.549 0.0000000000
57901  41.125  -30.806  24.587 0.0000000000
57900  41.336  -31.310  24.887 0.0000000000
55991  36.026  -32.892  23.443 0.0000000000
148142  36.162  -32.915  24.252 0.0000000000
57886  41.923  -31.095  26.347 0.0000000000
57879  42.483  -30.847  26.961 0.0000000000
57880  42.119  -30.784  26.542 0.0000000000
58740  41.752  -30.621  26.096 0.0000000000
38292  16.941  -50.595  34.792 0.0000000000
39142  16.829  -50.640  33.924 0.0000000000
38293  16.165  -51.139  34.509 0.0000000000
38274  16.461  -50.986  35.517 0.0000000000
40004  29.209  -48.029  38.784 0.0000000000
40909  30.160  -47.569  38.848 0.0000000000
41836  24.535  -47.269  34.719 0.0000000000
41824  25.743  -47.143  35.472 0.0000000000
42741  25.066  -46.681  34.930 0.0000000000
42743  24.285  -46.701  34.209 0.0000000000
131452  23.613  -46.738  33.328 0.0000000000
50420  32.644  -38.357  29.183 0.0000000000
67680  45.562  -19.279  22.274 0.0000000000
133333  45.872  -18.676  22.211 0.0000000000
72026  46.450  -13.847  19.191 0.0000000000
37423  25.712  -51.206  38.103 0.0000000000
37424  25.167  -51.334  37.862 0.0000000000
36542  25.486  -51.699  38.359 0.0000000000
37422  26.340  -51.086  38.320 0.0000000000
63281  45.495  -23.749  24.025 0.0000000000
64166  46.206  -24.157  23.193 0.0000000000
64175  45.946  -24.252  22.216 0.0000000000
145367  45.285  -24.151  22.494 0.0000000000
36545  22.008  -52.283  37.951 0.0000000000
36546  21.040  -52.152  38.080 0.0000000000
35572  20.442  -52.515  38.763 0.0000000000
145208  17.299  -52.258  39.881 0.0000000000
34456  12.915  -55.366  41.701 0.0000000000
130786  33.788  -36.540  35.577 0.0000000000
53844  33.961  -35.601  36.299 0.0000000000
52961  33.330  -35.861  35.061 0.0000000000
52108  33.299  -37.186  34.163 0.0000000000
142952  35.068  -42.183  29.248 0.0000000000
142057  32.462  -45.366  37.772 0.0000000000
42693  33.134  -45.078  37.765 0.0000000000
42709  32.725  -44.508  37.124 0.0000000000
43728  34.265  -43.885  34.251 0.0000000000
124210  35.164  -44.374  32.998 0.0000000000
44735  35.449  -44.231  32.173 0.0000000000
44736  34.581  -44.410  32.359 0.0000000000
56887  36.490  -29.613  30.357 0.0000000000
57844  35.251  -29.680  30.733 0.0000000000
53938  40.741  -32.367  26.873 0.0000000000
53954  40.341  -32.450  26.206 0.0000000000
145978  40.595  -32.339  27.252 0.0000000000
54877  38.784  -32.075  27.653 0.0000000000
53925  38.900  -32.441  26.912 0.0000000000
54893  38.684  -32.383  26.984 0.0000000000
54908  37.852  -32.740  26.509 0.0000000000
54894  38.164  -32.433  26.813 0.0000000000
54857  44.249  -32.121  30.433 0.0000000000
53906  41.416  -32.373  28.133 0.0000000000
53921  42.108  -32.456  28.514 0.0000000000
53922  41.501  -32.381  27.995 0.0000000000
54905  41.231  -32.249  26.947 0.0000000000
39139  19.177  -49.715  34.433 0.0000000000
38290  19.330  -50.076  35.390 0.0000000000
40016  26.128  -48.797  36.582 0.0000000000
140677  23.701  -48.827  34.853 0.0000000000
40044  23.899  -48.379  34.669 0.0000000000
40056  23.400  -47.978  33.866 0.0000000000
133215  42.694  -26.388  28.505 0.0000000000
62403  42.991  -25.254  27.774 0.0000000000
63274  42.352  -24.135  25.728 0.0000000000
63265  43.098  -24.315  26.244 0.0000000000
63273  43.385  -23.874  25.325 0.0000000000
62431  44.391  -23.808  25.186 0.0000000000
125142  42.862  -23.755  24.561 0.0000000000
63294  43.253  -23.611  23.886 0.0000000000
147052  42.219  -23.803  24.428 0.0000000000
63297  40.011  -24.230  23.840 0.0000000000
63296  41.021  -23.897  23.742 0.0000000000
63308  40.301  -23.923  22.851 0.0000000000
34498  20.783  -53.921  40.235 0.0000000000
35539  20.378  -53.471  39.780 0.0000000000
34499  20.159  -53.726  40.207 0.0000000000
34485  19.476  -53.763  40.839 0.0000000000
123171  14.411  -54.694  44.428 0.0000000000
33393  12.740  -56.259  43.380 0.0000000000
32347  12.331  -56.850  42.789 0.0000000000
31285  11.591  -57.504  43.347 0.0000000000
32328  9.684  -56.714  44.109 0.0000000000
32322  9.396  -56.134  44.272 0.0000000000
51221  35.850  -38.310  37.249 0.0000000000
52085  35.895  -37.398  38.373 0.0000000000
52096  34.961  -37.573  36.678 0.0000000000
51236  34.553  -38.298  35.055 0.0000000000
51235  35.234  -38.893  35.542 0.0000000000
49467  35.966  -40.503  33.933 0.0000000000
49468  35.774  -39.843  33.184 0.0000000000
48615  36.586  -40.278  33.050 0.0000000000
141985  36.461  -40.266  31.569 0.0000000000
48622  36.874  -40.560  32.182 0.0000000000
43711  30.511  -43.653  35.369 0.0000000000
43731  31.261  -43.545  34.556 0.0000000000
44721  31.384  -43.498  33.644 0.0000000000
44720  31.937  -43.682  33.185 0.0000000000
44740  31.411  -43.555  32.616 0.0000000000
138935  30.691  -43.367  32.593 0.0000000000
57823  33.268  -30.221  32.598 0.0000000000
56888  32.226  -30.813  31.375 0.0000000000
55903  31.362  -32.001  30.176 0.0000000000
132164  31.908  -31.196  29.791 0.0000000000
56918  31.431  -31.751  29.262 0.0000000000
75569  50.632  -10.453  15.810 0.0000000000
75563  51.163  -10.066  16.287 0.0000000000
75574  50.773  -10.586  14.949 0.0000000000
59630  40.390  -28.683  25.801 0.0000000000
57913  39.794  -30.748  23.188 0.0000000000
58774  39.912  -30.025  24.061 0.0000000000
57914  38.821  -30.779  22.596 0.0000000000
54933  39.821  -33.345  24.577 0.0000000000
54947  40.252  -33.079  23.705 0.0000000000
54948  39.357  -33.380  23.541 0.0000000000
54964  37.941  -33.185  22.651 0.0000000000
55990  38.846  -33.204  22.751 0.0000000000
56926  43.864  -30.864  28.821 0.0000000000
57863  44.358  -30.501  29.515 0.0000000000
57864  43.853  -30.481  28.879 0.0000000000
58713  43.203  -29.598  28.449 0.0000000000
58712  43.837  -29.677  29.196 0.0000000000
59596  43.513  -28.663  29.321 0.0000000000
60562  44.200  -27.540  29.659 0.0000000000
59597  42.935  -28.617  28.722 0.0000000000
60564  42.804  -27.521  28.808 0.0000000000
59598  42.477  -28.536  28.310 0.0000000000
59629  41.191  -29.424  26.258 0.0000000000
59606  41.436  -28.729  26.969 0.0000000000
60597  40.725  -28.340  26.514 0.0000000000
40886  34.316  -47.358  40.145 0.0000000000
40897  33.576  -47.056  39.539 0.0000000000
41796  30.887  -46.969  38.597 0.0000000000
41795  31.763  -46.654  38.510 0.0000000000
147434  32.367  -46.092  38.251 0.0000000000
40926  26.847  -47.686  36.724 0.0000000000
41815  27.472  -46.953  37.111 0.0000000000
42728  27.035  -46.324  36.217 0.0000000000
41814  28.247  -46.117  37.189 0.0000000000
147429  29.158  -45.525  37.240 0.0000000000
43695  28.793  -45.221  36.728 0.0000000000
43694  29.735  -44.830  36.903 0.0000000000
143056  25.809  -44.961  34.694 0.0000000000
44725  25.679  -44.190  34.058 0.0000000000
135647  24.854  -44.504  33.477 0.0000000000
40968  22.167  -47.735  32.300 0.0000000000
67667  48.516  -19.558  22.226 0.0000000000
69486  47.569  -17.477  22.360 0.0000000000
69485  48.262  -17.701  22.548 0.0000000000
140519  48.072  -17.049  22.492 0.0000000000
70342  49.006  -16.182  22.970 0.0000000000
70343  48.210  -16.246  22.468 0.0000000000
70353  44.749  -16.631  21.164 0.0000000000
69493  45.206  -17.082  21.638 0.0000000000
124212  46.800  -14.804  21.078 0.0000000000
71182  46.586  -15.433  21.449 0.0000000000
71180  47.940  -14.466  21.704 0.0000000000
72011  48.418  -13.990  21.812 0.0000000000
72899  48.708  -13.408  21.506 0.0000000000
72019  48.099  -13.775  21.182 0.0000000000
72915  48.203  -12.851  19.823 0.0000000000
73807  48.041  -12.518  19.077 0.0000000000
73813  48.453  -12.019  18.608 0.0000000000
37454  23.627  -50.605  36.379 0.0000000000
148068  23.974  -50.975  36.817 0.0000000000
128362  24.299  -51.893  37.901 0.0000000000
139177  23.695  -52.066  37.802 0.0000000000
36544  22.925  -52.310  37.910 0.0000000000
35569  23.509  -52.528  38.286 0.0000000000
35553  25.485  -52.733  39.309 0.0000000000
35537  24.348  -53.284  39.393 0.0000000000
34510  22.657  -53.614  39.488 0.0000000000
34511  22.010  -53.612  39.513 0.0000000000
39967  35.336  -47.991  41.464 0.0000000000
39986  31.009  -48.763  39.578 0.0000000000
38246  27.752  -50.582  38.785 0.0000000000
38254  28.073  -49.897  38.617 0.0000000000
39109  27.422  -49.715  38.066 0.0000000000
39110  26.823  -49.639  37.566 0.0000000000
38256  26.917  -50.268  38.064 0.0000000000
38269  25.294  -50.562  37.215 0.0000000000
38268  25.724  -50.059  37.116 0.0000000000
38270  24.735  -50.512  36.813 0.0000000000
59667  38.490  -28.419  23.571 0.0000000000
65062  46.038  -21.228  22.015 0.0000000000
65940  45.017  -21.216  22.099 0.0000000000
64176  43.743  -23.455  22.672 0.0000000000
132704  43.047  -22.312  21.625 0.0000000000
141076  43.545  -21.747  21.579 0.0000000000
147198  43.928  -20.880  21.747 0.0000000000
65942  43.564  -21.161  21.434 0.0000000000
37456  22.355  -50.845  36.388 0.0000000000
130428  21.786  -50.410  35.798 0.0000000000
37457  21.552  -50.877  36.457 0.0000000000
37441  20.259  -51.111  36.908 0.0000000000
37442  18.798  -50.830  36.918 0.0000000000
35560  19.363  -52.603  39.338 0.0000000000
36531  19.563  -52.323  38.820 0.0000000000
148026  18.983  -52.345  39.107 0.0000000000
37427  17.498  -51.469  37.305 0.0000000000
37428  16.466  -51.597  37.163 0.0000000000
37403  14.681  -52.303  38.324 0.0000000000
37404  13.925  -52.640  37.919 0.0000000000
34440  17.542  -54.169  42.479 0.0000000000
35488  16.906  -53.738  41.946 0.0000000000
35500  17.493  -53.540  41.493 0.0000000000
34441  14.719  -54.121  43.421 0.0000000000
35490  14.594  -53.527  41.972 0.0000000000
35503  13.841  -53.215  40.646 0.0000000000
34418  8.951  -54.807  44.701 0.0000000000
36450  9.528  -53.146  44.387 0.0000000000
37350  9.115  -52.321  43.265 0.0000000000
57819  37.420  -29.934  33.082 0.0000000000
128476  34.790  -30.077  33.971 0.0000000000
57796  34.047  -30.415  34.441 0.0000000000
56850  32.803  -31.638  34.353 0.0000000000
55861  32.008  -32.385  33.099 0.0000000000
54819  32.343  -33.347  33.748 0.0000000000
54785  33.285  -34.292  35.825 0.0000000000
53861  32.762  -35.251  34.121 0.0000000000
54809  32.979  -34.418  34.681 0.0000000000
53862  32.475  -34.929  33.592 0.0000000000
53869  32.144  -34.579  33.096 0.0000000000
52971  32.218  -35.454  33.030 0.0000000000
52974  31.651  -35.509  32.364 0.0000000000
52124  32.771  -37.671  32.764 0.0000000000
52125  32.274  -37.268  32.468 0.0000000000
50401  32.841  -38.101  30.989 0.0000000000
51255  34.421  -38.993  33.380 0.0000000000
51256  33.864  -38.568  32.902 0.0000000000
50365  34.734  -39.119  32.476 0.0000000000
48637  35.135  -40.003  29.595 0.0000000000
49492  34.563  -39.250  29.999 0.0000000000
49506  34.547  -39.736  29.206 0.0000000000
49493  33.941  -39.021  29.499 0.0000000000
48653  34.138  -40.260  28.172 0.0000000000
46694  33.794  -41.871  27.870 0.0000000000
46711  31.787  -42.876  27.136 0.0000000000
41782  35.088  -46.237  39.153 0.0000000000
146362  36.044  -46.044  39.232 0.0000000000
41791  35.724  -45.787  38.877 0.0000000000
42684  36.211  -45.088  38.492 0.0000000000
42690  36.054  -44.648  37.759 0.0000000000
43666  36.674  -44.309  38.205 0.0000000000
43675  36.504  -44.043  37.385 0.0000000000
42725  32.980  -43.821  36.089 0.0000000000
146977  33.660  -43.789  36.018 0.0000000000
43706  35.498  -43.487  35.321 0.0000000000
43689  34.961  -43.761  35.878 0.0000000000
44688  36.777  -43.317  37.252 0.0000000000
44696  36.583  -43.100  36.431 0.0000000000
45642  37.371  -42.334  37.651 0.0000000000
45651  36.702  -42.537  36.249 0.0000000000
45664  36.381  -42.247  34.224 0.0000000000
45657  36.762  -42.038  36.011 0.0000000000
46638  36.762  -41.925  34.930 0.0000000000
46644  36.766  -41.643  34.521 0.0000000000
47662  36.742  -41.268  35.102 0.0000000000
45688  35.681  -43.632  31.274 0.0000000000
45687  36.588  -43.025  31.893 0.0000000000
133992  36.159  -42.906  30.879 0.0000000000
44757  32.635  -44.184  31.573 0.0000000000
44773  32.534  -44.033  30.476 0.0000000000
123945  32.903  -43.685  29.533 0.0000000000
45725  32.261  -43.378  28.872 0.0000000000
56885  39.212  -30.146  31.030 0.0000000000
56896  38.935  -30.403  29.945 0.0000000000
56914  37.114  -30.492  28.333 0.0000000000
56913  37.761  -30.566  28.862 0.0000000000
55931  37.034  -31.602  26.964 0.0000000000
55915  36.505  -31.080  27.340 0.0000000000
57854  33.441  -30.123  29.876 0.0000000000
56900  34.760  -29.786  29.321 0.0000000000
56916  33.897  -30.060  28.768 0.0000000000
133961  34.334  -30.691  26.443 0.0000000000
56942  34.582  -30.401  27.316 0.0000000000
56955  35.051  -31.133  25.957 0.0000000000
56966  34.776  -31.400  25.191 0.0000000000
76430  53.382  -9.474  14.494 0.0000000000
76434  53.466  -9.581  13.614 0.0000000000
76433  53.942  -9.132  13.080 0.0000000000
74716  48.710  -11.652  16.233 0.0000000000
73831  48.859  -11.751  15.185 0.0000000000
53892  41.150  -32.293  28.384 0.0000000000
53908  39.870  -32.219  27.491 0.0000000000
54875  40.367  -32.156  28.050 0.0000000000
54861  40.097  -31.869  28.409 0.0000000000
54862  39.420  -31.790  28.197 0.0000000000
54859  41.696  -32.193  29.053 0.0000000000
39155  20.398  -49.115  33.885 0.0000000000
39136  24.913  -49.296  36.116 0.0000000000
40029  25.119  -48.636  35.794 0.0000000000
39166  22.573  -48.499  33.842 0.0000000000
63298  39.218  -24.919  23.998 0.0000000000
62405  41.328  -25.902  27.588 0.0000000000
147998  42.135  -25.380  27.540 0.0000000000
135226  41.685  -25.068  27.078 0.0000000000
63275  41.294  -24.648  26.344 0.0000000000
129029  41.461  -24.237  25.561 0.0000000000
63285  41.017  -24.132  25.009 0.0000000000
62432  39.975  -24.553  24.861 0.0000000000
34466  21.183  -54.587  41.198 0.0000000000
34484  19.997  -53.972  40.724 0.0000000000
34467  20.460  -54.371  41.284 0.0000000000
32327  12.643  -56.392  44.255 0.0000000000
31275  12.142  -56.957  43.647 0.0000000000
125240  11.280  -57.363  44.113 0.0000000000
140992  11.295  -56.947  44.620 0.0000000000
32320  10.723  -56.429  45.138 0.0000000000
51212  36.877  -38.487  38.512 0.0000000000
129651  36.246  -39.117  36.876 0.0000000000
50335  35.577  -39.772  35.193 0.0000000000
49448  36.170  -40.079  35.672 0.0000000000
147477  36.195  -40.439  35.292 0.0000000000
48614  36.490  -40.801  33.939 0.0000000000
44708  28.385  -44.014  35.244 0.0000000000
44707  29.458  -43.659  35.078 0.0000000000
44723  28.689  -43.447  34.405 0.0000000000
44722  29.583  -43.317  34.109 0.0000000000
44741  30.051  -43.199  33.206 0.0000000000
45677  28.511  -42.758  32.886 0.0000000000
131731  27.565  -42.297  31.738 0.0000000000
123252  31.988  -31.593  32.298 0.0000000000
56889  31.570  -31.933  31.662 0.0000000000
55886  31.239  -32.394  31.075 0.0000000000
74701  49.847  -11.552  20.224 0.0000000000
74692  50.553  -11.528  21.323 0.0000000000
74700  50.419  -11.286  20.562 0.0000000000
76417  51.578  -9.639  17.668 0.0000000000
75564  50.513  -10.387  16.609 0.0000000000
75570  49.968  -10.730  16.195 0.0000000000
58741  41.392  -30.216  25.778 0.0000000000
148186  41.083  -30.358  25.213 0.0000000000
57902  40.587  -30.734  23.837 0.0000000000
56995  40.361  -31.431  23.279 0.0000000000
128020  38.550  -33.288  25.480 0.0000000000
54950  37.493  -33.360  23.296 0.0000000000
54965  36.968  -33.027  22.372 0.0000000000
57878  43.001  -30.853  27.510 0.0000000000
57871  43.387  -30.705  28.124 0.0000000000
58723  42.944  -30.202  27.596 0.0000000000
58724  42.486  -29.942  27.196 0.0000000000
59605  42.084  -28.948  27.590 0.0000000000
143728  41.722  -30.108  26.330 0.0000000000
39158  17.420  -50.477  33.437 0.0000000000
133291  15.238  -51.599  36.030 0.0000000000
40898  32.306  -47.622  39.379 0.0000000000
40908  31.242  -47.419  38.915 0.0000000000
41806  30.086  -46.790  38.438 0.0000000000
40935  25.527  -47.782  35.601 0.0000000000
41823  26.449  -46.818  35.821 0.0000000000
147945  26.606  -46.132  35.731 0.0000000000
42727  27.214  -45.494  35.923 0.0000000000
43733  25.499  -45.789  34.796 0.0000000000
43748  24.256  -45.257  33.358 0.0000000000
135399  24.030  -46.123  33.640 0.0000000000
42757  23.179  -46.434  32.067 0.0000000000
51276  31.428  -37.274  30.490 0.0000000000
145944  48.071  -18.947  22.283 0.0000000000
67669  46.719  -18.621  22.249 0.0000000000
68596  46.915  -17.846  22.242 0.0000000000
69491  46.886  -17.014  22.110 0.0000000000
70358  45.100  -15.941  20.842 0.0000000000
71191  44.901  -15.517  20.059 0.0000000000
71189  46.708  -14.479  20.517 0.0000000000
124183  46.980  -13.958  19.990 0.0000000000
72926  46.629  -13.491  18.537 0.0000000000
146670  47.045  -13.077  18.216 0.0000000000
37436  24.945  -50.988  37.355 0.0000000000
37437  24.427  -51.006  37.062 0.0000000000
36557  24.629  -51.420  37.595 0.0000000000
137994  26.490  -50.639  38.085 0.0000000000
38267  26.327  -50.172  37.604 0.0000000000
64174  46.725  -23.624  21.650 0.0000000000
65052  45.754  -23.061  21.599 0.0000000000
65064  44.897  -22.705  21.858 0.0000000000
36562  20.611  -51.616  37.542 0.0000000000
35542  18.767  -52.710  39.914 0.0000000000
36515  18.652  -52.281  39.194 0.0000000000
37414  16.772  -51.908  38.362 0.0000000000
37402  15.763  -52.199  38.806 0.0000000000
36518  14.967  -52.374  39.290 0.0000000000
135384  16.927  -54.122  43.157 0.0000000000
34455  13.340  -54.737  42.203 0.0000000000
35491  13.460  -54.248  41.668 0.0000000000
35504  13.286  -53.951  40.847 0.0000000000
57784  34.029  -30.529  35.289 0.0000000000
125860  33.266  -31.044  35.587 0.0000000000
55847  32.735  -32.662  34.878 0.0000000000
52944  34.965  -36.123  38.033 0.0000000000
53825  34.657  -35.401  38.242 0.0000000000
52957  34.636  -36.064  37.086 0.0000000000
53839  33.687  -34.953  36.237 0.0000000000
52962  33.017  -35.144  34.606 0.0000000000
124915  32.867  -36.675  33.795 0.0000000000
51263  33.379  -38.260  32.501 0.0000000000
130794  35.769  -39.821  30.794 0.0000000000
49484  35.223  -39.247  31.482 0.0000000000
48643  34.894  -40.488  28.998 0.0000000000
48652  34.562  -40.854  28.482 0.0000000000
147896  34.085  -42.244  28.430 0.0000000000
147016  33.818  -45.873  38.670 0.0000000000
134958  35.044  -45.681  38.720 0.0000000000
122886  34.632  -44.510  37.470 0.0000000000
122965  33.535  -43.797  34.995 0.0000000000
43707  34.904  -43.640  34.841 0.0000000000
44705  35.386  -43.336  34.486 0.0000000000
124783  36.378  -42.795  35.516 0.0000000000
44717  35.767  -43.119  33.758 0.0000000000
145280  36.159  -42.678  33.640 0.0000000000
46652  37.053  -42.703  32.998 0.0000000000
45673  36.519  -43.367  33.045 0.0000000000
44755  34.843  -44.208  31.384 0.0000000000
45690  31.020  -43.577  30.733 0.0000000000
45709  31.120  -43.452  29.831 0.0000000000
45726  31.357  -43.244  28.980 0.0000000000
45727  30.431  -43.012  29.007 0.0000000000
140090  37.549  -29.731  30.676 0.0000000000
123635  38.271  -30.005  29.996 0.0000000000
123634  36.900  -29.827  29.154 0.0000000000
56915  36.083  -29.843  28.684 0.0000000000
56930  33.672  -30.275  27.897 0.0000000000
123216  32.678  -30.742  26.673 0.0000000000
75567  52.044  -9.960  15.171 0.0000000000
76431  52.725  -9.737  14.846 0.0000000000
55960  40.955  -32.043  25.273 0.0000000000
55973  41.041  -32.238  24.778 0.0000000000
54920  40.558  -32.493  25.511 0.0000000000
54921  40.077  -32.949  25.484 0.0000000000
123842  39.389  -33.181  25.457 0.0000000000
147592  39.419  -32.307  27.142 0.0000000000
54922  39.008  -32.887  26.200 0.0000000000
54923  37.709  -33.160  25.740 0.0000000000
54909  37.066  -32.763  26.199 0.0000000000
55910  44.048  -31.416  29.199 0.0000000000
55927  43.673  -31.298  28.641 0.0000000000
53903  43.056  -32.351  29.447 0.0000000000
54889  43.024  -32.314  28.566 0.0000000000
55928  43.275  -31.646  28.254 0.0000000000
55945  42.222  -31.614  27.176 0.0000000000
55946  41.465  -31.866  26.635 0.0000000000
39156  18.680  -49.578  33.478 0.0000000000
131652  19.387  -49.290  33.517 0.0000000000
124309  17.909  -50.418  35.267 0.0000000000
40006  27.787  -48.181  37.798 0.0000000000
40014  27.165  -48.280  37.206 0.0000000000
40015  26.583  -48.364  36.736 0.0000000000
40027  26.045  -48.111  36.212 0.0000000000
130176  25.508  -48.228  35.810 0.0000000000
40948  24.812  -47.758  35.157 0.0000000000
40966  23.480  -47.457  33.607 0.0000000000
40058  21.880  -48.050  32.796 0.0000000000
67682  44.171  -18.992  21.954 0.0000000000
68598  44.423  -18.216  21.708 0.0000000000
68599  43.682  -18.541  21.389 0.0000000000
36529  26.532  -51.954  39.069 0.0000000000
36514  26.904  -52.246  39.558 0.0000000000
62402  44.799  -24.939  27.711 0.0000000000
62412  44.585  -24.503  26.659 0.0000000000
62414  42.650  -24.793  27.038 0.0000000000
62413  43.623  -24.616  26.863 0.0000000000
63282  44.838  -23.722  24.406 0.0000000000
129852  44.959  -23.779  23.666 0.0000000000
63304  44.666  -23.754  22.858 0.0000000000
63293  44.224  -23.600  23.772 0.0000000000
63306  42.538  -23.540  23.272 0.0000000000
125242  41.551  -23.914  24.377 0.0000000000
64179  40.923  -23.445  22.322 0.0000000000
134186  20.833  -53.039  39.269 0.0000000000
134581  19.524  -53.369  40.213 0.0000000000
35520  17.894  -52.635  40.349 0.0000000000
35521  17.166  -52.846  41.027 0.0000000000
34428  13.924  -54.757  43.803 0.0000000000
133345  13.242  -55.576  43.914 0.0000000000
33420  12.615  -56.295  41.847 0.0000000000
32355  12.375  -56.981  42.030 0.0000000000
31283  12.060  -57.167  42.972 0.0000000000
52933  35.621  -36.743  38.754 0.0000000000
52943  35.233  -36.804  37.841 0.0000000000
52956  34.863  -36.884  37.134 0.0000000000
52097  34.347  -37.144  35.958 0.0000000000
52101  34.063  -37.393  35.355 0.0000000000
52107  33.845  -37.773  34.625 0.0000000000
50364  35.099  -39.501  32.968 0.0000000000
50349  35.469  -39.972  34.251 0.0000000000
49483  36.048  -39.708  31.513 0.0000000000
48630  36.211  -40.399  30.848 0.0000000000
43692  31.219  -44.351  36.626 0.0000000000
42710  31.811  -44.499  36.797 0.0000000000
43691  31.974  -44.002  35.781 0.0000000000
129833  32.193  -43.728  34.755 0.0000000000
128561  32.664  -43.932  33.956 0.0000000000
43747  33.039  -44.029  33.202 0.0000000000
44737  33.658  -44.287  32.650 0.0000000000
146172  31.571  -43.749  31.970 0.0000000000
45675  30.078  -43.314  32.114 0.0000000000
45691  30.215  -43.285  31.037 0.0000000000
45711  29.446  -42.817  30.268 0.0000000000
57836  34.377  -29.725  31.692 0.0000000000
56917  32.707  -30.523  29.347 0.0000000000
76421  52.375  -9.386  16.498 0.0000000000
76422  51.676  -9.658  16.779 0.0000000000
76427  51.834  -9.757  15.979 0.0000000000
75573  51.522  -10.370  14.616 0.0000000000
60614  38.919  -27.264  24.625 0.0000000000
60613  39.629  -27.988  25.334 0.0000000000
58755  40.155  -29.542  24.741 0.0000000000
58756  39.313  -29.160  24.113 0.0000000000
55974  40.988  -32.548  24.122 0.0000000000
134914  40.412  -32.286  23.303 0.0000000000
56004  39.036  -32.625  22.403 0.0000000000
57011  38.380  -31.761  22.026 0.0000000000
58706  44.500  -29.308  29.831 0.0000000000
61487  43.565  -26.372  28.943 0.0000000000
61504  41.834  -27.012  28.266 0.0000000000
60568  41.572  -27.926  27.715 0.0000000000
61505  41.302  -26.918  27.795 0.0000000000
61516  40.675  -26.748  27.284 0.0000000000
40885  36.205  -46.853  40.584 0.0000000000
145635  36.749  -46.314  40.527 0.0000000000
41770  35.762  -46.718  40.016 0.0000000000
40905  33.672  -46.435  39.076 0.0000000000
40906  32.866  -46.857  39.167 0.0000000000
41793  33.166  -46.160  38.713 0.0000000000
41803  32.879  -45.831  38.262 0.0000000000
41804  31.819  -45.898  37.985 0.0000000000
42694  31.822  -45.134  37.499 0.0000000000
40917  28.310  -47.396  38.084 0.0000000000
128684  29.123  -46.684  38.185 0.0000000000
42696  30.156  -45.972  37.894 0.0000000000
42712  30.700  -45.072  37.388 0.0000000000
42711  31.342  -44.855  37.261 0.0000000000
135105  30.437  -44.699  37.015 0.0000000000
43712  29.476  -44.238  36.139 0.0000000000
44709  27.377  -44.584  35.398 0.0000000000
44742  25.932  -43.410  33.481 0.0000000000
40981  22.465  -47.430  31.864 0.0000000000
53878  31.331  -34.512  31.944 0.0000000000
72000  49.773  -14.537  23.294 0.0000000000
126096  45.324  -17.890  21.937 0.0000000000
69492  45.990  -17.171  21.889 0.0000000000
70357  45.817  -15.701  21.188 0.0000000000
142983  47.276  -16.007  22.009 0.0000000000
71173  48.010  -15.286  22.126 0.0000000000
72004  48.517  -14.576  22.235 0.0000000000
72002  49.585  -13.610  22.737 0.0000000000
72898  49.288  -13.088  21.894 0.0000000000
72905  49.076  -12.732  21.086 0.0000000000
72907  47.736  -13.520  20.300 0.0000000000
73802  48.858  -12.455  20.273 0.0000000000
73801  49.457  -12.111  20.657 0.0000000000
73805  49.266  -11.844  19.845 0.0000000000
74705  49.044  -11.571  18.996 0.0000000000
74709  48.893  -11.498  18.112 0.0000000000
74711  49.268  -11.163  17.620 0.0000000000
38287  23.178  -50.214  35.763 0.0000000000
37455  23.056  -50.757  36.338 0.0000000000
37439  22.834  -51.298  36.886 0.0000000000
36560  22.489  -51.783  37.451 0.0000000000
35570  22.309  -52.714  38.453 0.0000000000
124815  25.866  -52.128  38.866 0.0000000000
36530  25.187  -52.252  38.632 0.0000000000
35567  24.535  -52.294  38.407 0.0000000000
35536  24.933  -53.206  39.519 0.0000000000
35555  24.042  -52.795  38.721 0.0000000000
35558  21.737  -53.155  39.030 0.0000000000
34482  21.300  -54.376  40.691 0.0000000000
34481  22.061  -54.505  40.598 0.0000000000
41748  37.788  -46.529  42.142 0.0000000000
40878  36.085  -47.521  41.372 0.0000000000
39983  33.361  -47.754  39.992 0.0000000000
39976  33.804  -48.173  40.701 0.0000000000
39984  32.574  -48.079  39.837 0.0000000000
39995  30.687  -48.194  39.237 0.0000000000
39996  29.709  -48.506  39.146 0.0000000000
39100  29.376  -49.405  39.303 0.0000000000
39997  28.758  -48.942  38.793 0.0000000000
39121  27.353  -48.993  37.599 0.0000000000
38285  24.399  -49.792  36.144 0.0000000000
66810  48.729  -20.632  21.995 0.0000000000
66811  47.802  -20.236  21.972 0.0000000000
65930  47.056  -21.860  21.651 0.0000000000
65939  47.113  -20.898  21.857 0.0000000000
66822  46.953  -20.026  22.085 0.0000000000
137716  45.662  -19.837  22.292 0.0000000000
131600  44.835  -19.656  22.241 0.0000000000
64191  43.351  -22.951  22.251 0.0000000000
65065  44.019  -22.364  21.887 0.0000000000
132587  44.732  -21.868  21.848 0.0000000000
66825  44.371  -20.541  22.061 0.0000000000
135506  43.893  -19.753  21.879 0.0000000000
67687  43.288  -19.746  21.146 0.0000000000
145909  20.800  -50.856  36.522 0.0000000000
38271  20.000  -50.475  36.185 0.0000000000
38272  18.895  -50.422  35.981 0.0000000000
36548  19.127  -51.717  38.288 0.0000000000
36533  18.630  -51.917  38.659 0.0000000000
36549  18.688  -51.664  38.314 0.0000000000
37426  18.704  -51.324  37.696 0.0000000000
37443  17.982  -51.051  36.990 0.0000000000
38258  15.972  -51.239  36.176 0.0000000000
145475  15.994  -51.819  37.595 0.0000000000
37429  15.292  -51.742  36.964 0.0000000000
37445  14.483  -52.255  36.143 0.0000000000
34470  18.353  -53.953  41.603 0.0000000000
35467  15.780  -54.003  43.307 0.0000000000
35477  14.995  -53.718  42.736 0.0000000000
35489  15.811  -53.474  42.031 0.0000000000
36483  15.982  -52.696  40.883 0.0000000000
36501  15.401  -52.412  40.157 0.0000000000
35522  13.339  -53.679  39.993 0.0000000000
36503  13.335  -53.433  39.025 0.0000000000
33371  9.714  -55.732  45.205 0.0000000000
34419  8.978  -55.335  44.467 0.0000000000
35469  8.917  -54.850  44.014 0.0000000000
35468  9.196  -54.023  43.319 0.0000000000
37349  9.517  -52.433  43.939 0.0000000000
55871  40.632  -30.625  30.577 0.0000000000
57820  36.509  -29.786  32.652 0.0000000000
57821  35.361  -29.689  32.349 0.0000000000
57822  34.281  -29.839  32.676 0.0000000000
143493  33.385  -30.703  34.149 0.0000000000
56861  32.896  -30.846  33.564 0.0000000000
56873  32.395  -31.203  32.927 0.0000000000
55873  31.597  -32.785  32.500 0.0000000000
126168  32.824  -32.249  35.727 0.0000000000
54799  33.191  -34.350  35.145 0.0000000000
54810  32.876  -33.674  34.751 0.0000000000
140297  32.715  -33.822  34.318 0.0000000000
54828  32.281  -34.105  33.401 0.0000000000
54834  31.844  -33.851  32.843 0.0000000000
52126  31.583  -36.726  32.017 0.0000000000
51275  31.809  -37.504  31.167 0.0000000000
49508  33.328  -38.878  28.871 0.0000000000
52116  33.728  -38.217  33.818 0.0000000000
148346  33.569  -38.416  31.949 0.0000000000
49485  34.501  -38.879  30.954 0.0000000000
50383  33.658  -38.460  31.392 0.0000000000
48666  33.736  -40.385  27.608 0.0000000000
47712  33.619  -40.782  27.203 0.0000000000
46709  33.475  -41.391  27.140 0.0000000000
49436  37.141  -40.595  37.368 0.0000000000
127074  36.342  -46.177  39.784 0.0000000000
41769  37.095  -45.722  40.096 0.0000000000
42678  37.482  -45.060  39.659 0.0000000000
43656  37.783  -44.362  39.353 0.0000000000
44680  37.600  -43.299  38.436 0.0000000000
42708  33.415  -44.225  36.959 0.0000000000
42707  35.185  -44.225  36.786 0.0000000000
43676  35.928  -44.332  36.960 0.0000000000
44687  37.300  -43.013  37.805 0.0000000000
44686  37.615  -42.748  38.167 0.0000000000
45641  37.800  -42.330  38.359 0.0000000000
45658  36.636  -42.246  35.412 0.0000000000
46630  36.970  -41.714  37.012 0.0000000000
47648  37.606  -41.497  37.823 0.0000000000
143215  36.960  -41.161  37.062 0.0000000000
48587  37.287  -40.839  37.442 0.0000000000
48596  36.758  -40.774  36.764 0.0000000000
48604  36.604  -40.982  35.511 0.0000000000
48605  36.595  -40.992  34.705 0.0000000000
125259  37.056  -42.211  32.224 0.0000000000
47673  37.137  -41.409  32.117 0.0000000000
46667  35.965  -42.316  30.282 0.0000000000
46668  35.278  -42.656  29.754 0.0000000000
133885  33.287  -44.332  31.860 0.0000000000
45689  34.257  -44.157  30.727 0.0000000000
45706  34.606  -43.501  29.997 0.0000000000
45723  34.589  -42.830  29.318 0.0000000000
46677  33.976  -42.788  28.828 0.0000000000
46695  32.515  -42.931  28.080 0.0000000000
45743  31.611  -43.116  28.103 0.0000000000
55901  38.365  -31.225  28.665 0.0000000000
56897  38.339  -30.605  29.335 0.0000000000
55913  38.110  -31.494  27.869 0.0000000000
55930  37.838  -31.864  27.068 0.0000000000
55947  36.677  -32.052  26.555 0.0000000000
55961  36.246  -32.354  25.836 0.0000000000
56929  34.644  -30.133  27.962 0.0000000000
56928  35.631  -30.623  27.525 0.0000000000
55948  35.851  -31.657  26.368 0.0000000000
55975  35.807  -32.426  24.898 0.0000000000
74715  49.390  -11.073  16.786 0.0000000000
123940  49.517  -11.376  14.792 0.0000000000
33372  9.281  -55.536  44.792 0.0000000000
39090  29.809  -49.837  39.590 0.0000000000
40895  35.109  -46.762  39.774 0.0000000000
40936  25.137  -48.127  35.501 0.0000000000
41759  37.638  -46.276  41.488 0.0000000000
41780  36.830  -45.476  39.528 0.0000000000
42715  27.446  -46.464  36.739 0.0000000000
43665  37.405  -43.990  38.663 0.0000000000
43687  36.311  -43.743  36.637 0.0000000000
44695  36.959  -42.683  37.188 0.0000000000
44704  35.799  -42.966  34.869 0.0000000000
44739  32.095  -43.934  32.296 0.0000000000
45634  37.989  -43.018  38.845 0.0000000000
45650  36.877  -42.157  36.676 0.0000000000
45665  36.534  -42.644  33.497 0.0000000000
46621  37.539  -42.217  37.866 0.0000000000
46637  36.754  -41.527  35.792 0.0000000000
47691  35.304  -40.787  29.418 0.0000000000
48629  36.617  -40.998  31.285 0.0000000000
50321  36.671  -40.291  36.836 0.0000000000
50350  34.994  -39.480  33.769 0.0000000000
51226  35.869  -39.445  36.038 0.0000000000
52084  36.550  -37.836  38.791 0.0000000000
53838  34.174  -35.224  36.853 0.0000000000
53845  33.479  -35.030  35.668 0.0000000000
53891  41.985  -32.405  28.769 0.0000000000
53904  42.653  -32.474  29.039 0.0000000000
53905  42.117  -32.446  28.615 0.0000000000
53923  40.845  -32.345  27.550 0.0000000000
53924  40.237  -32.463  27.184 0.0000000000
53937  41.080  -32.352  27.278 0.0000000000
53939  40.144  -32.417  26.798 0.0000000000
53940  39.343  -32.475  26.793 0.0000000000
53941  38.757  -32.642  26.628 0.0000000000
53953  40.694  -32.274  26.221 0.0000000000
54872  44.088  -31.918  29.630 0.0000000000
54874  42.689  -32.503  28.937 0.0000000000
54891  41.564  -32.343  27.788 0.0000000000
54892  39.257  -32.270  27.202 0.0000000000
54904  41.993  -32.044  27.418 0.0000000000
54907  38.453  -32.592  26.746 0.0000000000
54918  41.004  -32.041  26.105 0.0000000000
54919  40.808  -32.165  25.728 0.0000000000
54931  40.839  -32.496  24.903 0.0000000000
55884  39.498  -30.873  29.514 0.0000000000
55898  44.429  -31.539  29.998 0.0000000000
55900  39.018  -31.513  28.645 0.0000000000
55902  37.737  -31.053  28.311 0.0000000000
55911  43.597  -31.901  28.903 0.0000000000
55912  38.787  -31.702  28.036 0.0000000000
55929  42.662  -32.010  27.832 0.0000000000
55944  42.934  -31.331  27.597 0.0000000000
55958  41.876  -31.334  26.550 0.0000000000
55959  41.214  -31.744  25.828 0.0000000000
55972  41.129  -31.819  25.123 0.0000000000
56835  32.905  -31.654  35.039 0.0000000000
56965  41.461  -31.419  25.750 0.0000000000
56980  41.209  -31.900  24.644 0.0000000000
57846  32.966  -30.142  30.759 0.0000000000
57887  41.652  -31.105  25.716 0.0000000000
58730  42.577  -30.532  27.082 0.0000000000
60581  40.472  -27.473  26.745 0.0000000000
62415  40.647  -25.623  26.979 0.0000000000
62416  40.025  -25.823  26.441 0.0000000000
62430  45.061  -23.874  25.149 0.0000000000
63284  42.054  -23.950  24.959 0.0000000000
65929  47.772  -21.625  21.660 0.0000000000
72003  49.132  -14.541  22.754 0.0000000000
73800  50.026  -11.820  20.993 0.0000000000
75548  50.887  -10.716  20.094 0.0000000000
126491  46.264  -14.410  19.883 0.0000000000
129159  43.154  -18.996  20.882 0.0000000000
129396  45.466  -15.374  20.537 0.0000000000
129709  9.113  -54.502  45.123 0.0000000000
131834  48.652  -16.984  22.772 0.0000000000
139467  34.556  -35.544  37.496 0.0000000000
140821  35.461  -45.151  38.315 0.0000000000
141323  43.143  -20.923  20.986 0.0000000000
141669  36.736  -41.234  34.127 0.0000000000
148306  46.496  -17.501  22.125 0.0000000000
