#!ascii label  , from subject sub-v1s10x0051119_ses-1 vox2ras=TkReg
1716
8358  12.001  -83.414  -37.348 0.6999999881
7578  10.577  -84.613  -37.579 0.8000000119
8360  10.737  -83.748  -37.092 0.8000000119
128534  10.095  -83.248  -37.197 0.6999999881
6870  11.105  -85.678  -38.119 0.6000000238
6851  10.991  -85.112  -37.654 0.6000000238
8361  10.042  -84.012  -37.529 0.6000000238
6884  11.459  -86.084  -38.678 0.6000000238
141390  11.573  -82.353  -36.528 0.8000000119
8342  10.558  -82.851  -36.766 0.6999999881
9157  10.288  -82.055  -36.561 0.6999999881
9958  9.636  -81.666  -37.174 0.6999999881
126749  12.016  -84.744  -38.250 0.6000000238
9164  11.900  -82.789  -36.908 0.6999999881
9165  9.996  -82.537  -36.965 0.6999999881
5463  12.120  -86.734  -39.591 0.6000000238
133145  12.517  -87.034  -40.085 0.6000000238
138628  11.852  -87.277  -39.873 0.6000000238
4842  13.267  -89.000  -41.217 0.6000000238
4834  12.384  -88.528  -40.895 0.6000000238
10729  11.788  -80.610  -36.143 0.8000000119
11564  10.589  -79.424  -35.420 0.8000000119
10712  10.035  -80.111  -35.469 0.6999999881
11565  9.755  -79.346  -35.160 0.6999999881
11584  8.387  -79.745  -35.822 0.6999999881
9945  11.551  -81.595  -36.196 0.8000000119
9933  10.323  -80.827  -35.774 0.6999999881
10713  9.206  -79.965  -35.567 0.6999999881
9155  12.033  -82.044  -36.583 0.6999999881
9946  10.690  -81.530  -36.071 0.8000000119
9947  9.906  -81.331  -36.324 0.6999999881
9163  12.276  -82.822  -37.544 0.6999999881
6869  11.792  -85.469  -38.458 0.6999999881
6192  12.572  -86.256  -39.973 0.6000000238
6883  12.117  -86.016  -39.204 0.6000000238
4833  13.143  -88.274  -40.797 0.6000000238
5469  12.408  -87.778  -40.367 0.6000000238
136795  13.982  -89.185  -41.614 0.6000000238
3745  14.740  -90.347  -43.911 0.6999999881
4284  14.655  -89.850  -43.982 0.6000000238
2846  14.873  -92.097  -42.883 0.5000000000
3287  14.849  -91.165  -43.552 0.6000000238
2841  13.939  -92.631  -42.765 0.5000000000
12416  10.535  -78.600  -35.511 0.8999999762
147128  10.090  -78.790  -35.118 0.8000000119
13255  9.115  -77.838  -34.714 0.6999999881
11582  12.145  -80.371  -36.651 0.6999999881
12415  11.204  -79.122  -35.820 0.8999999762
12407  8.552  -78.488  -34.763 0.6999999881
9957  12.470  -81.283  -37.608 0.8000000119
10750  12.375  -80.484  -37.240 0.8000000119
125906  12.530  -82.120  -38.008 0.8000000119
134675  12.475  -83.129  -39.367 0.6999999881
8369  12.238  -83.486  -37.836 0.6999999881
130450  12.448  -83.974  -39.729 0.8000000119
142980  12.537  -84.630  -40.128 0.8000000119
6191  13.019  -86.487  -40.629 0.6999999881
5468  13.089  -87.389  -40.601 0.6999999881
123745  14.108  -88.635  -41.397 0.6000000238
4276  15.383  -89.890  -43.140 0.6999999881
3283  15.603  -91.413  -43.001 0.6999999881
146823  11.150  -78.400  -36.684 0.8999999762
13263  10.268  -77.889  -35.638 0.8000000119
14158  8.143  -77.245  -34.730 0.6999999881
11609  12.157  -79.836  -37.599 0.8000000119
12436  11.467  -78.753  -37.232 0.8000000119
10763  12.345  -80.483  -38.190 0.6999999881
9191  12.331  -82.376  -40.029 0.6999999881
9987  12.303  -81.402  -39.643 0.6000000238
9174  12.493  -82.218  -38.995 0.8000000119
8399  12.366  -83.230  -40.382 0.8000000119
6910  12.732  -84.898  -41.035 0.8000000119
6203  13.703  -86.794  -41.284 0.6999999881
5476  14.799  -87.960  -41.658 0.8000000119
5477  13.893  -87.737  -41.148 0.6999999881
5475  15.371  -88.584  -41.921 0.8000000119
145711  16.664  -90.334  -42.727 0.6999999881
4275  16.429  -89.731  -42.738 0.6999999881
4841  14.878  -89.124  -41.760 0.6999999881
3282  16.252  -91.629  -42.471 0.6999999881
3286  15.477  -90.667  -43.344 0.6999999881
22001  3.220  -69.230  -43.329 0.6000000238
22000  3.732  -68.473  -43.001 0.6000000238
21970  3.249  -68.168  -41.643 0.6000000238
21957  2.879  -67.913  -40.317 0.6999999881
13268  10.593  -77.829  -36.518 0.8999999762
14163  9.385  -77.330  -35.214 0.6999999881
11620  12.015  -80.117  -38.979 0.6000000238
10785  12.089  -80.988  -40.395 0.6000000238
133148  12.049  -80.535  -39.721 0.6000000238
7632  12.567  -84.098  -41.733 0.6999999881
8405  12.342  -83.367  -41.313 0.6999999881
136941  7.208  -73.231  -37.292 0.6999999881
16974  6.384  -72.768  -37.368 0.6999999881
7618  12.439  -84.022  -40.735 0.8000000119
17936  7.289  -72.130  -38.095 0.6000000238
17937  6.642  -72.014  -37.772 0.6000000238
17922  5.523  -72.658  -37.526 0.6999999881
6909  13.392  -85.734  -41.565 0.6999999881
18885  5.484  -71.341  -38.221 0.5000000000
17938  5.091  -72.027  -37.932 0.6999999881
5485  15.905  -87.586  -42.590 0.8000000119
6202  14.663  -87.199  -41.929 0.8000000119
18883  7.009  -71.576  -38.261 0.5000000000
19890  6.018  -70.756  -38.551 0.5000000000
19901  6.536  -70.459  -39.137 0.5000000000
20918  7.781  -69.431  -40.623 0.6000000238
20919  6.837  -69.371  -40.514 0.5000000000
20920  5.786  -69.524  -40.710 0.6000000238
19915  5.001  -70.057  -40.537 0.6999999881
19926  4.027  -70.457  -42.718 0.6999999881
20932  6.466  -68.935  -41.805 0.5000000000
20933  5.493  -69.323  -42.334 0.6000000238
20921  5.044  -69.810  -41.476 0.6000000238
20956  4.311  -68.828  -43.518 0.6000000238
21969  7.458  -68.738  -41.452 0.6000000238
21998  4.999  -68.608  -43.381 0.6000000238
23075  5.198  -67.914  -43.175 0.6000000238
21985  3.835  -67.820  -42.036 0.6000000238
23050  3.645  -67.487  -40.740 0.6999999881
24188  2.980  -65.981  -39.038 0.6000000238
24189  2.172  -66.375  -38.988 0.6999999881
21983  5.826  -68.596  -43.101 0.6000000238
23074  6.232  -67.752  -43.263 0.6000000238
23060  4.896  -67.437  -42.343 0.6000000238
23049  4.363  -66.940  -40.539 0.6999999881
25266  3.924  -65.771  -39.029 0.5000000000
13269  9.847  -77.231  -36.014 0.8999999762
143886  12.027  -79.780  -38.328 0.6000000238
12448  11.245  -78.635  -37.951 0.6999999881
14168  9.135  -76.572  -35.737 0.8000000119
128129  7.980  -76.680  -34.852 0.6999999881
15084  8.069  -75.262  -35.710 0.6999999881
15099  8.422  -75.290  -36.339 0.8000000119
10000  12.178  -81.741  -40.688 0.6999999881
16972  7.803  -73.831  -37.432 0.8000000119
16023  7.346  -74.319  -36.425 0.6000000238
16990  7.631  -72.901  -37.976 0.6999999881
17949  7.417  -72.331  -38.688 0.6000000238
6908  14.333  -86.336  -42.380 0.8000000119
6920  14.000  -85.505  -42.994 0.8000000119
6212  15.417  -86.711  -43.112 0.8000000119
143754  7.326  -71.829  -38.580 0.5000000000
5484  16.649  -88.471  -42.563 0.8000000119
19889  6.806  -71.001  -38.618 0.5000000000
18901  8.046  -70.533  -40.567 0.5000000000
19913  8.454  -69.914  -40.763 0.6000000238
19914  7.701  -70.235  -40.000 0.6000000238
21968  8.196  -68.733  -41.486 0.6000000238
26232  3.877  -64.661  -37.620 0.5000000000
21996  7.462  -67.704  -43.078 0.5000000000
25247  4.293  -64.977  -38.399 0.5000000000
24161  2.231  -65.549  -38.404 0.6000000238
23073  7.161  -67.515  -43.200 0.6000000238
23059  5.739  -67.210  -42.435 0.6999999881
24200  5.795  -66.592  -41.172 0.6999999881
148542  4.450  -66.410  -39.671 0.6999999881
23072  8.020  -67.322  -42.947 0.6000000238
24186  6.030  -66.157  -39.953 0.6000000238
24224  7.856  -66.954  -42.828 0.6999999881
24199  6.720  -66.249  -40.911 0.6000000238
24185  7.082  -65.826  -39.833 0.5000000000
12437  10.974  -78.229  -37.365 0.6999999881
131659  10.303  -77.742  -37.534 0.6999999881
13274  9.970  -77.317  -36.840 0.6999999881
133710  9.325  -76.680  -36.700 0.8000000119
14175  8.789  -75.916  -37.002 0.6999999881
140137  8.114  -74.304  -37.732 0.6999999881
16035  8.181  -74.533  -36.992 0.6999999881
143768  5.010  -65.045  -36.100 0.5000000000
19925  9.320  -69.879  -41.496 0.5000000000
20917  8.723  -69.266  -41.384 0.6000000238
144420  3.751  -64.659  -36.905 0.5000000000
19924  10.293  -69.647  -41.859 0.5000000000
19923  10.837  -69.918  -41.836 0.5000000000
21995  8.498  -67.598  -42.752 0.6000000238
25265  5.049  -65.725  -39.185 0.5000000000
21979  10.018  -68.308  -42.376 0.6000000238
23070  9.789  -67.214  -42.526 0.6000000238
143100  10.378  -67.891  -42.389 0.6000000238
133689  9.851  -77.714  -38.456 0.6999999881
13280  9.544  -77.236  -37.675 0.6999999881
14183  8.926  -76.623  -37.810 0.6999999881
24197  9.098  -66.136  -41.178 0.5000000000
134398  11.143  -70.747  -41.583 0.5000000000
24198  7.743  -65.918  -40.818 0.5000000000
20929  11.204  -69.026  -41.834 0.5000000000
23046  10.715  -67.501  -42.024 0.5000000000
24222  9.705  -66.783  -42.329 0.5000000000
24210  8.383  -66.303  -41.741 0.5000000000
23031  9.843  -67.006  -40.531 0.5000000000
24182  9.012  -66.441  -39.889 0.5000000000
20904  11.542  -69.154  -40.198 0.5000000000
21956  10.188  -67.898  -39.869 0.5000000000
143043  8.486  -65.895  -40.711 0.5000000000
20928  11.631  -69.216  -41.367 0.5000000000
23030  10.768  -67.700  -41.134 0.5000000000
23047  10.200  -66.931  -41.525 0.5000000000
19922  11.592  -69.932  -41.464 0.5000000000
21967  11.062  -68.105  -41.778 0.5000000000
20890  11.497  -69.667  -39.405 0.5000000000
22979  4.284  -67.573  -35.398 0.6000000238
22980  3.624  -67.799  -36.093 0.6000000238
24090  5.134  -66.538  -34.341 0.5000000000
21904  4.576  -68.325  -35.066 0.6999999881
21913  4.122  -68.367  -35.628 0.6000000238
21921  3.020  -68.499  -36.369 0.6000000238
19862  2.108  -70.183  -36.315 0.6999999881
20842  4.795  -69.218  -34.837 0.6000000238
133315  4.302  -68.946  -35.442 0.6999999881
20867  2.739  -69.435  -36.319 0.6999999881
20868  1.696  -69.363  -36.559 0.6999999881
19846  3.199  -70.665  -35.615 0.8000000119
135283  5.878  -68.885  -33.448 0.5000000000
21891  5.459  -68.311  -33.739 0.5000000000
20855  3.424  -69.929  -35.842 0.8000000119
19832  4.608  -70.426  -34.756 0.6000000238
18828  2.431  -72.031  -34.985 0.6999999881
20814  7.007  -69.695  -32.587 0.5000000000
21875  6.553  -68.625  -32.734 0.5000000000
139244  3.180  -71.903  -34.879 0.6999999881
18849  1.997  -71.432  -35.499 0.6999999881
19845  3.830  -70.394  -35.359 0.6999999881
19831  5.352  -70.372  -34.222 0.6999999881
17883  2.024  -72.731  -34.469 0.6999999881
17881  3.879  -72.239  -34.377 0.6999999881
19802  6.665  -70.512  -32.948 0.6000000238
18810  5.293  -71.199  -34.061 0.8000000119
24053  2.023  -66.974  -32.020 0.6999999881
21858  1.980  -68.494  -32.088 0.8000000119
19762  9.260  -70.528  -30.270 0.4000000060
16937  2.144  -73.864  -33.109 0.6999999881
146825  8.438  -70.341  -31.294 0.5000000000
17867  3.460  -73.127  -33.769 0.6999999881
19801  7.280  -70.647  -32.284 0.6000000238
18797  6.782  -71.449  -32.503 0.6000000238
18826  4.465  -71.440  -34.446 0.6999999881
18809  6.101  -71.221  -33.327 0.8000000119
17865  5.531  -72.022  -33.353 0.8000000119
26129  4.761  -64.042  -27.958 0.5000000000
27085  4.158  -63.589  -28.666 0.5000000000
27086  3.037  -63.809  -28.873 0.5000000000
27166  2.182  -62.987  -33.664 0.5000000000
26166  2.491  -64.750  -32.116 0.6000000238
27152  3.227  -63.349  -32.869 0.6000000238
27168  1.020  -63.049  -32.903 0.6000000238
28075  0.161  -62.739  -29.921 0.6000000238
25155  1.793  -65.135  -32.386 0.6999999881
26175  2.077  -64.179  -32.637 0.6999999881
24062  1.883  -66.108  -32.171 0.6999999881
24064  0.727  -66.013  -32.669 0.6999999881
17843  3.932  -72.882  -31.281 0.6999999881
19783  3.294  -71.090  -30.888 0.6999999881
20797  2.879  -69.947  -31.278 0.8000000119
19763  8.547  -70.865  -30.783 0.5000000000
16922  3.482  -73.698  -32.250 0.6999999881
18783  7.906  -71.454  -30.992 0.6000000238
141398  4.544  -73.206  -32.826 0.8000000119
124096  6.167  -72.163  -32.666 0.6999999881
16920  5.090  -73.091  -32.337 0.8000000119
128866  5.009  -72.707  -33.136 0.8000000119
27070  5.766  -63.215  -27.393 0.5000000000
28054  5.489  -62.271  -28.783 0.6000000238
29097  5.650  -61.280  -29.175 0.5000000000
28071  4.578  -61.631  -29.369 0.6000000238
28072  3.417  -61.861  -29.450 0.6000000238
142724  2.308  -62.493  -29.326 0.6000000238
29110  2.535  -61.130  -29.702 0.6000000238
29111  1.700  -61.477  -29.686 0.5000000000
27165  2.765  -62.910  -33.613 0.5000000000
28158  2.082  -62.767  -33.605 0.5000000000
27140  3.693  -63.855  -31.943 0.6000000238
29149  1.519  -61.917  -32.788 0.6000000238
28114  0.301  -62.471  -31.878 0.6999999881
28074  0.726  -62.321  -29.637 0.6000000238
26165  3.302  -64.813  -31.595 0.6000000238
25148  2.533  -65.486  -31.788 0.6999999881
148250  0.734  -64.471  -32.606 0.6999999881
26187  1.004  -63.598  -32.750 0.6999999881
27155  0.306  -63.449  -32.514 0.8000000119
137550  0.313  -62.144  -31.034 0.6999999881
25147  3.278  -65.790  -31.207 0.6999999881
24052  2.594  -66.348  -31.579 0.6999999881
24051  3.277  -66.726  -30.971 0.6999999881
22914  3.014  -67.659  -31.247 0.8000000119
130168  3.482  -69.350  -30.697 0.8000000119
137964  2.959  -69.089  -31.330 0.8000000119
143379  7.712  -71.793  -30.499 0.5000000000
19742  6.301  -71.084  -28.904 0.6000000238
18771  3.947  -71.932  -30.861 0.8000000119
20782  3.667  -70.292  -30.652 0.8000000119
18784  7.350  -72.044  -31.042 0.6000000238
17824  7.283  -72.120  -30.346 0.6999999881
17827  5.420  -72.627  -30.828 0.8000000119
17841  6.772  -72.457  -30.853 0.6999999881
17842  6.117  -72.698  -31.325 0.6999999881
17854  5.899  -72.753  -32.088 0.8000000119
28038  6.001  -62.447  -27.494 0.4000000060
28053  6.024  -62.489  -28.065 0.5000000000
29109  4.516  -60.532  -29.407 0.4000000060
131222  3.519  -60.853  -29.593 0.5000000000
30147  2.075  -60.899  -29.978 0.5000000000
27151  4.091  -63.186  -32.518 0.5000000000
29147  2.939  -61.493  -33.000 0.6000000238
30177  1.831  -61.387  -32.273 0.6000000238
29112  1.280  -61.402  -30.038 0.6000000238
26164  4.309  -64.480  -31.294 0.6000000238
29136  1.298  -61.547  -31.915 0.6999999881
29125  0.689  -61.788  -30.500 0.6999999881
25146  4.045  -65.294  -30.906 0.6000000238
21837  3.376  -68.405  -30.811 0.8000000119
19732  5.567  -70.781  -29.219 0.6999999881
135674  5.405  -71.995  -30.112 0.6999999881
19764  4.381  -70.705  -30.175 0.8000000119
20781  4.237  -69.665  -29.970 0.8000000119
18753  5.930  -71.692  -29.566 0.6999999881
29084  6.371  -61.577  -28.105 0.4000000060
29066  5.898  -61.373  -27.153 0.4000000060
29067  5.291  -61.493  -26.436 0.4000000060
29108  5.461  -60.227  -29.016 0.5000000000
29096  6.249  -60.995  -28.721 0.4000000060
29050  4.343  -61.400  -25.833 0.5000000000
30145  2.948  -60.345  -29.912 0.5000000000
31198  3.732  -60.159  -31.701 0.5000000000
30158  2.400  -60.550  -30.710 0.5000000000
129193  4.593  -60.065  -32.042 0.5000000000
148778  1.876  -60.976  -31.344 0.6999999881
25138  3.920  -66.083  -30.631 0.6000000238
21836  3.950  -68.742  -30.058 0.8000000119
20755  6.387  -69.585  -28.523 0.6000000238
20766  5.646  -69.463  -28.892 0.6000000238
22879  5.354  -67.668  -29.308 0.6999999881
22880  4.785  -67.343  -29.689 0.6999999881
19743  4.893  -70.311  -29.536 0.6999999881
30092  3.718  -60.771  -25.140 0.3000000119
31149  5.830  -58.738  -27.888 0.4000000060
30123  6.380  -59.752  -27.798 0.3000000119
30124  6.302  -60.622  -27.572 0.4000000060
30111  5.983  -60.542  -26.556 0.4000000060
30112  5.324  -61.055  -26.227 0.4000000060
31159  4.333  -58.585  -29.181 0.4000000060
30079  4.557  -60.538  -24.349 0.3000000119
131304  3.630  -59.996  -29.575 0.4000000060
127215  4.148  -60.680  -32.592 0.5000000000
31172  3.411  -59.473  -30.068 0.4000000060
137904  4.954  -60.594  -33.070 0.6000000238
32192  4.549  -58.100  -29.311 0.4000000060
31197  5.575  -59.893  -32.449 0.4000000060
31183  4.101  -59.520  -31.160 0.5000000000
24044  3.991  -66.779  -30.372 0.6999999881
130554  4.554  -68.927  -29.566 0.6999999881
29051  3.063  -61.075  -25.673 0.4000000060
30078  5.290  -60.658  -24.557 0.4000000060
30070  5.494  -60.374  -23.848 0.3000000119
30133  5.004  -58.741  -28.511 0.3000000119
32218  4.965  -58.668  -30.581 0.4000000060
31196  6.519  -59.456  -32.326 0.4000000060
31182  5.743  -59.147  -31.368 0.4000000060
30110  6.469  -59.801  -26.873 0.3000000119
31115  6.363  -60.199  -25.921 0.3000000119
30090  5.673  -60.664  -25.452 0.4000000060
30089  6.413  -60.444  -25.003 0.3000000119
30077  6.070  -60.512  -24.394 0.3000000119
31141  6.376  -58.638  -27.378 0.3000000119
33209  4.927  -57.379  -28.916 0.3000000119
122900  5.742  -58.361  -30.374 0.3000000119
32191  5.006  -57.852  -29.629 0.3000000119
32217  6.736  -58.888  -31.136 0.3000000119
30088  7.000  -60.112  -25.431 0.3000000119
31088  7.239  -59.978  -23.779 0.3000000119
31131  6.877  -59.430  -26.556 0.3000000119
31114  7.995  -60.087  -24.952 0.3000000119
33221  5.847  -56.923  -28.651 0.3000000119
32205  6.438  -58.126  -30.118 0.3000000119
32216  7.742  -58.868  -31.397 0.3000000119
127292  3.789  -60.256  -24.375 0.3000000119
32168  6.904  -58.230  -27.203 0.3000000119
32160  7.824  -58.612  -26.665 0.3000000119
32190  7.677  -57.810  -29.263 0.3000000119
19891  5.086  -70.693  -38.938 0.6000000238
19902  5.404  -70.166  -39.748 0.6999999881
134159  4.617  -70.570  -39.976 0.6999999881
139088  4.363  -70.441  -41.362 0.6999999881
31173  2.985  -60.116  -30.397 0.4000000060
146349  2.383  -60.671  -31.342 0.6000000238
31089  6.249  -59.901  -23.533 0.3000000119
7589  10.494  -85.325  -37.932 0.6999999881
10751  9.285  -80.888  -36.823 0.6999999881
8382  12.329  -83.939  -38.570 0.8000000119
4277  14.405  -89.614  -43.338 0.6000000238
140402  15.452  -89.400  -42.370 0.6999999881
9971  12.449  -81.364  -38.574 0.6000000238
14164  8.561  -76.605  -35.232 0.6999999881
4840  15.936  -89.096  -42.327 0.6999999881
4850  17.130  -89.184  -42.571 0.8000000119
23032  3.735  -66.682  -39.689 0.6999999881
132486  5.818  -70.370  -39.146 0.5000000000
20934  4.624  -69.868  -42.768 0.6000000238
25249  1.669  -65.526  -37.850 0.6000000238
23058  6.803  -67.165  -42.832 0.6999999881
16022  7.961  -74.699  -36.288 0.8000000119
128931  7.413  -71.769  -39.173 0.5000000000
134178  7.490  -71.044  -39.587 0.6000000238
21980  9.046  -68.406  -42.264 0.6000000238
16908  4.151  -73.407  -31.835 0.8000000119
705  9.064  -98.372  -36.523 0.4000000060
460  9.851  -98.755  -36.097 0.4000000060
1277  10.899  -95.971  -39.234 0.3000000119
713  8.549  -97.805  -37.059 0.4000000060
143881  8.295  -98.038  -36.402 0.4000000060
461  9.111  -98.724  -35.813 0.4000000060
131557  12.597  -94.006  -38.380 0.4000000060
128934  11.923  -95.481  -38.587 0.5000000000
1633  11.111  -95.903  -37.415 0.5000000000
2032  12.669  -95.189  -39.452 0.3000000119
1274  11.449  -95.742  -38.479 0.4000000060
716  10.570  -97.377  -37.094 0.4000000060
1636  12.298  -95.478  -39.434 0.3000000119
967  10.219  -97.025  -37.657 0.3000000119
717  9.905  -97.615  -37.526 0.3000000119
1637  11.763  -95.701  -39.433 0.3000000119
2026  13.035  -94.577  -39.290 0.4000000060
2424  13.311  -93.702  -39.013 0.4000000060
2419  12.365  -93.400  -37.436 0.5000000000
2431  13.981  -93.394  -39.513 0.3000000119
2031  13.343  -94.809  -40.001 0.3000000119
1646  12.687  -95.012  -40.623 0.4000000060
2035  13.659  -94.576  -40.482 0.3000000119
2444  14.118  -93.388  -42.157 0.4000000060
2438  13.280  -93.964  -41.803 0.4000000060
132459  13.111  -93.179  -42.483 0.4000000060
2824  13.482  -92.695  -38.774 0.4000000060
3258  14.508  -91.417  -38.822 0.4000000060
127020  14.982  -92.528  -39.855 0.4000000060
3267  15.628  -92.094  -40.087 0.4000000060
3723  15.852  -90.688  -39.271 0.5000000000
2430  14.319  -93.892  -40.131 0.4000000060
3274  16.409  -91.697  -40.561 0.4000000060
2039  13.768  -94.489  -41.053 0.4000000060
2437  14.316  -93.879  -41.394 0.5000000000
2833  16.059  -92.438  -40.882 0.4000000060
2840  14.686  -92.854  -42.382 0.4000000060
3746  14.003  -89.989  -44.546 0.6000000238
2847  13.986  -91.831  -43.450 0.4000000060
4253  17.258  -89.294  -39.828 0.6000000238
4252  18.023  -89.093  -40.677 0.6000000238
132282  16.988  -91.269  -40.910 0.6000000238
3730  17.410  -90.628  -40.884 0.6000000238
3738  17.283  -91.017  -41.542 0.6000000238
4274  18.081  -89.578  -42.177 0.6999999881
2839  15.978  -92.293  -42.018 0.5000000000
3281  16.935  -91.107  -42.296 0.6000000238
141897  17.390  -89.925  -42.440 0.6999999881
126191  18.216  -87.351  -41.794 0.6999999881
6201  18.005  -87.159  -42.817 0.6999999881
4832  18.370  -88.519  -41.220 0.6000000238
5474  18.273  -87.900  -42.471 0.6999999881
6211  16.391  -86.423  -43.923 0.6999999881
6919  15.106  -86.035  -43.755 0.6999999881
7631  13.114  -84.819  -42.303 0.6999999881
4848  17.934  -88.986  -42.484 0.6999999881
5483  17.165  -87.485  -43.163 0.6999999881
4849  17.608  -88.340  -42.709 0.6999999881
146703  16.872  -85.837  -44.129 0.5000000000
6933  16.180  -85.662  -44.896 0.6000000238
6210  17.180  -86.568  -43.545 0.6999999881
6928  15.860  -86.034  -44.631 0.6000000238
7641  14.803  -85.337  -44.410 0.6999999881
7642  13.703  -84.734  -43.666 0.6999999881
5482  17.799  -87.623  -42.859 0.6999999881
8412  12.840  -84.006  -42.895 0.6000000238
7652  14.464  -84.623  -45.151 0.6000000238
130099  12.793  -83.612  -43.637 0.6000000238
8419  13.428  -84.116  -44.268 0.6000000238
10786  11.737  -80.325  -40.543 0.5000000000
9959  9.193  -80.868  -37.870 0.6000000238
9972  9.401  -81.505  -38.158 0.6000000238
9217  12.391  -83.263  -42.805 0.6000000238
9211  12.228  -82.857  -41.910 0.6000000238
10799  11.855  -81.126  -41.341 0.5000000000
10732  8.053  -80.086  -36.674 0.6000000238
10731  8.810  -80.364  -36.315 0.6000000238
10752  8.639  -80.518  -37.319 0.6000000238
9224  12.441  -83.127  -43.802 0.6000000238
10013  11.770  -81.719  -42.204 0.5000000000
10012  12.026  -82.072  -41.621 0.5000000000
12427  6.591  -78.416  -36.341 0.6000000238
12419  7.215  -77.850  -35.476 0.6000000238
12426  7.313  -78.763  -35.744 0.6000000238
10733  7.141  -80.069  -36.819 0.6000000238
11585  7.616  -79.518  -36.156 0.6000000238
12418  7.750  -78.269  -34.910 0.6000000238
11567  7.995  -79.039  -35.283 0.6000000238
12462  10.665  -78.250  -38.393 0.6000000238
10023  11.995  -82.508  -42.743 0.6000000238
12428  6.199  -77.639  -36.687 0.6000000238
15100  6.095  -75.056  -36.384 0.6000000238
13264  7.288  -76.919  -35.294 0.6000000238
15086  6.831  -75.429  -35.792 0.6000000238
14169  6.744  -76.367  -35.762 0.6000000238
139099  6.717  -74.632  -36.297 0.5000000000
15085  7.593  -75.519  -35.594 0.6000000238
16009  7.441  -74.922  -35.914 0.5000000000
12438  5.766  -78.433  -37.177 0.6999999881
13275  5.706  -77.248  -37.315 0.6000000238
14170  6.167  -75.905  -36.269 0.6000000238
16024  5.984  -74.216  -36.679 0.6000000238
16964  5.828  -73.407  -37.114 0.6000000238
140579  3.296  -74.652  -40.169 0.6000000238
134614  5.794  -76.390  -36.906 0.6000000238
128616  5.629  -75.655  -36.924 0.6000000238
16037  5.296  -74.034  -37.252 0.5000000000
15123  4.582  -75.323  -38.415 0.6000000238
16991  3.824  -73.866  -39.108 0.6000000238
16070  3.608  -74.455  -39.536 0.6000000238
145236  3.094  -74.008  -40.250 0.6000000238
14176  5.365  -76.392  -37.606 0.6000000238
17923  4.864  -72.733  -37.907 0.6000000238
16054  4.356  -74.428  -38.515 0.6000000238
138781  4.428  -73.403  -38.341 0.5000000000
17950  3.739  -72.439  -39.290 0.6000000238
17007  3.466  -73.176  -39.549 0.5000000000
17959  2.892  -72.509  -40.999 0.5000000000
18893  4.282  -71.214  -39.407 0.6000000238
18894  3.696  -71.774  -39.775 0.6000000238
17958  3.302  -72.473  -40.060 0.6000000238
18903  3.336  -71.783  -40.779 0.6000000238
18904  2.940  -71.812  -41.996 0.6999999881
18918  2.447  -71.689  -43.356 0.6999999881
19940  1.600  -70.624  -43.503 0.6999999881
19903  3.910  -71.128  -40.447 0.6000000238
19927  3.515  -71.053  -41.926 0.6999999881
147124  3.106  -70.092  -43.503 0.6999999881
18917  3.052  -71.175  -43.120 0.6999999881
18934  2.525  -70.598  -43.463 0.6999999881
20947  2.089  -70.053  -43.293 0.6000000238
19938  4.042  -70.080  -43.400 0.6000000238
11629  11.271  -79.473  -40.552 0.5000000000
10776  11.689  -79.806  -39.708 0.5000000000
12482  10.293  -78.614  -41.418 0.5000000000
11630  10.816  -78.915  -40.811 0.5000000000
12472  10.474  -78.476  -40.437 0.6000000238
13346  8.749  -77.661  -42.507 0.6000000238
12483  9.492  -78.004  -41.791 0.6000000238
13327  9.857  -78.016  -40.824 0.6000000238
13308  10.047  -78.023  -39.934 0.6000000238
13291  9.511  -77.623  -39.346 0.6000000238
13347  7.969  -77.168  -42.223 0.5000000000
13310  8.609  -77.078  -40.798 0.6000000238
130859  9.120  -77.188  -38.622 0.6000000238
14215  7.192  -76.191  -41.375 0.6000000238
14207  7.408  -75.975  -40.669 0.5000000000
142261  8.227  -76.365  -39.483 0.6000000238
14195  8.561  -76.535  -38.760 0.6000000238
15156  6.690  -75.527  -41.265 0.5000000000
15132  8.111  -75.800  -38.901 0.6000000238
17006  7.512  -73.123  -38.797 0.5000000000
134528  7.093  -73.581  -39.759 0.5000000000
15121  8.194  -75.027  -38.139 0.6000000238
15122  7.699  -74.954  -39.193 0.6000000238
146852  15.643  -92.053  -42.550 0.6000000238
3741  17.304  -90.524  -42.247 0.6999999881
12471  11.289  -79.110  -39.589 0.5000000000
17939  4.371  -72.416  -38.559 0.6000000238
19939  3.412  -70.450  -43.325 0.6999999881
12461  11.281  -78.799  -38.739 0.6000000238
14184  8.459  -75.901  -37.987 0.6000000238
144603  7.974  -74.371  -38.412 0.6000000238
968  9.466  -97.177  -38.045 0.3000000119
146646  11.220  -95.970  -38.736 0.3000000119
1271  10.875  -96.192  -37.711 0.4000000060
1642  12.425  -95.444  -40.074 0.3000000119
128309  13.747  -94.225  -39.772 0.4000000060
2034  14.296  -94.143  -40.799 0.4000000060
3724  15.298  -91.341  -39.308 0.4000000060
2829  15.348  -92.940  -40.509 0.3000000119
130193  15.970  -91.333  -39.839 0.5000000000
140936  17.165  -90.146  -40.181 0.6000000238
2435  15.490  -93.037  -41.018 0.5000000000
3273  16.672  -91.725  -41.383 0.5000000000
2442  15.487  -92.869  -41.526 0.5000000000
4259  18.290  -89.366  -41.551 0.6000000238
6217  16.550  -85.920  -44.380 0.6999999881
15112  5.458  -74.818  -37.026 0.6000000238
147844  1.470  -70.243  -42.900 0.6000000238
13328  9.247  -77.585  -41.072 0.6000000238
14224  6.608  -76.072  -42.006 0.5000000000
13309  9.326  -77.573  -40.270 0.6000000238
13292  8.703  -77.061  -39.637 0.6000000238
14223  7.433  -76.647  -41.857 0.5000000000
14206  8.092  -76.489  -40.258 0.6000000238
15157  5.841  -75.001  -42.104 0.5000000000
15142  7.722  -75.812  -39.792 0.5000000000
16069  7.185  -74.393  -39.744 0.5000000000
145485  5.253  -90.421  -29.884 0.4000000060
3597  5.603  -90.484  -29.232 0.4000000060
3623  5.380  -90.438  -30.641 0.5000000000
2739  3.844  -92.424  -29.549 0.5000000000
2758  2.121  -93.313  -30.415 0.5000000000
3173  4.232  -91.310  -29.922 0.5000000000
3153  4.614  -91.717  -29.183 0.5000000000
3596  6.404  -89.961  -28.935 0.4000000060
4161  7.116  -89.552  -29.111 0.4000000060
4177  6.832  -89.848  -30.137 0.5000000000
104  10.350  -99.524  -31.463 0.3000000119
95  10.461  -100.244  -29.786 0.3000000119
234  10.085  -99.325  -31.895 0.3000000119
441  9.474  -99.178  -33.615 0.3000000119
2722  4.320  -92.839  -28.798 0.4000000060
2723  3.396  -93.546  -28.874 0.5000000000
2721  5.153  -92.285  -28.433 0.4000000060
3152  5.275  -91.171  -28.811 0.4000000060
3151  5.998  -90.757  -28.476 0.3000000119
3134  6.432  -91.380  -27.707 0.3000000119
3187  8.147  -91.344  -30.526 0.4000000060
4145  7.198  -89.648  -28.414 0.3000000119
4170  7.395  -89.558  -29.618 0.4000000060
4176  7.583  -89.931  -30.240 0.5000000000
4144  7.787  -89.212  -27.927 0.3000000119
99  11.369  -100.330  -31.036 0.3000000119
90  10.240  -100.820  -29.368 0.3000000119
233  10.244  -99.549  -32.389 0.3000000119
240  9.961  -99.380  -33.382 0.3000000119
140357  8.896  -99.045  -34.414 0.3000000119
2700  5.280  -93.256  -27.795 0.3000000119
2701  4.678  -93.272  -28.219 0.4000000060
2699  5.917  -92.345  -27.810 0.3000000119
3585  7.334  -89.974  -27.511 0.3000000119
3609  8.734  -90.236  -29.692 0.4000000060
3171  8.687  -91.107  -29.937 0.4000000060
4160  7.860  -89.078  -28.967 0.4000000060
4131  7.884  -89.591  -27.021 0.3000000119
93  12.566  -100.847  -30.334 0.4000000060
126817  11.692  -100.760  -30.172 0.4000000060
80  11.796  -101.211  -28.623 0.4000000060
4  12.005  -101.225  -27.781 0.4000000060
64  12.106  -100.948  -27.271 0.4000000060
192  11.358  -100.671  -26.744 0.5000000000
102  11.486  -100.195  -31.988 0.3000000119
103  10.768  -99.915  -31.701 0.3000000119
232  10.962  -99.993  -32.598 0.3000000119
447  9.714  -99.315  -34.346 0.3000000119
462  10.066  -98.364  -36.717 0.3000000119
2685  5.999  -93.216  -27.272 0.3000000119
4743  9.165  -88.723  -28.166 0.3000000119
3608  8.996  -89.562  -29.185 0.3000000119
147954  9.193  -91.955  -28.142 0.4000000060
2720  8.755  -92.590  -28.795 0.4000000060
3573  8.143  -90.015  -26.259 0.3000000119
4729  8.917  -88.531  -27.560 0.3000000119
4130  8.398  -89.222  -26.597 0.3000000119
4143  8.334  -88.928  -27.400 0.3000000119
130301  9.929  -96.772  -27.681 0.5000000000
1170  9.917  -95.901  -27.733 0.5000000000
224  14.919  -100.014  -30.859 0.3000000119
146160  14.159  -100.561  -30.055 0.3000000119
225  14.318  -100.139  -31.413 0.3000000119
92  13.457  -100.789  -30.041 0.3000000119
88  12.553  -101.041  -29.364 0.4000000060
393  12.333  -99.281  -27.273 0.5000000000
640  11.350  -98.891  -27.231 0.5000000000
226  13.572  -100.326  -31.573 0.3000000119
79  12.675  -101.036  -28.284 0.4000000060
199  12.594  -100.578  -27.391 0.4000000060
382  12.114  -100.186  -26.941 0.5000000000
147161  11.751  -99.531  -27.015 0.5000000000
238  11.449  -99.993  -33.412 0.3000000119
245  10.429  -99.536  -34.227 0.3000000119
247  10.835  -99.410  -34.878 0.3000000119
459  10.639  -98.575  -36.271 0.3000000119
711  10.971  -97.643  -36.610 0.4000000060
4158  9.326  -89.056  -28.526 0.3000000119
145461  9.582  -91.245  -27.927 0.4000000060
3566  9.061  -90.122  -25.220 0.3000000119
4129  8.857  -88.738  -26.270 0.3000000119
4715  9.185  -88.249  -26.855 0.3000000119
4118  8.638  -89.571  -25.851 0.3000000119
1924  9.638  -94.287  -27.377 0.4000000060
1524  9.994  -94.924  -27.482 0.5000000000
124756  11.151  -94.696  -28.289 0.4000000060
129658  10.491  -94.535  -27.781 0.5000000000
424  16.079  -99.105  -31.128 0.3000000119
1169  10.530  -96.538  -28.132 0.5000000000
1523  10.646  -95.455  -28.121 0.5000000000
213  15.260  -99.499  -29.414 0.3000000119
883  12.189  -97.769  -28.164 0.4000000060
1180  11.351  -96.347  -28.647 0.5000000000
229  14.957  -99.776  -31.671 0.3000000119
214  14.692  -99.977  -29.114 0.4000000060
204  14.455  -99.779  -28.525 0.4000000060
882  13.275  -97.925  -28.019 0.5000000000
884  11.268  -97.230  -28.321 0.5000000000
231  13.248  -100.171  -32.311 0.3000000119
77  14.033  -100.362  -28.760 0.4000000060
205  13.713  -100.194  -28.147 0.5000000000
392  13.004  -99.980  -27.146 0.5000000000
243  11.998  -99.661  -34.067 0.3000000119
446  12.227  -99.151  -34.657 0.4000000060
456  12.234  -98.202  -35.403 0.3000000119
452  11.116  -99.162  -35.266 0.4000000060
704  11.214  -98.224  -36.194 0.4000000060
5487  11.003  -87.101  -42.774 0.5000000000
965  10.813  -96.730  -36.802 0.3000000119
3557  9.787  -89.815  -24.843 0.3000000119
4117  9.235  -89.122  -25.498 0.3000000119
3149  10.219  -91.071  -27.563 0.3000000119
3132  10.747  -91.661  -27.311 0.3000000119
1922  10.915  -93.824  -27.769 0.5000000000
129407  11.794  -94.777  -28.808 0.4000000060
2323  11.555  -93.342  -28.312 0.3000000119
423  16.526  -98.397  -31.447 0.3000000119
1534  11.575  -95.452  -28.759 0.5000000000
133868  15.529  -99.457  -30.356 0.3000000119
896  12.871  -97.121  -28.520 0.4000000060
1179  12.442  -96.194  -28.854 0.4000000060
203  15.015  -99.445  -28.860 0.4000000060
390  14.668  -99.180  -28.018 0.4000000060
648  14.322  -98.211  -28.010 0.4000000060
895  13.898  -97.291  -28.302 0.4000000060
230  14.082  -100.048  -32.137 0.3000000119
440  13.532  -99.406  -33.751 0.3000000119
391  13.732  -99.692  -27.605 0.4000000060
638  13.691  -98.827  -27.728 0.5000000000
450  12.628  -98.625  -34.952 0.3000000119
132779  12.514  -98.012  -35.476 0.4000000060
709  11.813  -97.492  -35.489 0.4000000060
714  11.167  -97.274  -36.258 0.4000000060
959  11.458  -96.892  -35.635 0.5000000000
5493  11.683  -87.595  -43.540 0.5000000000
10753  7.635  -80.323  -37.604 0.5000000000
1935  12.367  -94.409  -29.008 0.3000000119
2322  12.212  -93.607  -28.907 0.3000000119
10764  8.458  -80.555  -38.327 0.5000000000
10766  6.691  -80.657  -38.137 0.6000000238
672  16.992  -97.958  -32.022 0.3000000119
666  16.294  -98.421  -30.802 0.3000000119
682  17.024  -98.027  -32.940 0.3000000119
414  15.847  -98.859  -30.194 0.3000000119
651  15.755  -98.647  -29.474 0.3000000119
1532  13.331  -95.560  -28.861 0.4000000060
1533  12.443  -95.209  -28.974 0.4000000060
9192  9.426  -82.975  -38.575 0.5000000000
10756  4.881  -80.608  -37.737 0.5000000000
646  15.555  -98.709  -28.843 0.3000000119
647  15.189  -98.564  -28.331 0.3000000119
894  14.850  -97.629  -28.367 0.3000000119
1177  14.518  -96.664  -28.614 0.3000000119
8370  9.541  -83.912  -38.238 0.5000000000
693  14.400  -98.574  -34.729 0.3000000119
449  13.530  -98.579  -34.850 0.3000000119
6872  9.896  -85.432  -38.640 0.5000000000
142656  13.299  -98.027  -35.439 0.3000000119
6205  9.878  -86.510  -41.021 0.5000000000
1267  13.917  -96.981  -35.771 0.4000000060
6204  10.384  -87.106  -41.006 0.6000000238
1261  12.882  -97.003  -35.371 0.4000000060
1262  11.688  -96.673  -35.138 0.5000000000
5479  10.886  -87.488  -41.513 0.5000000000
1249  11.724  -95.623  -34.902 0.4000000060
1268  11.142  -96.243  -36.078 0.3000000119
142045  10.991  -96.542  -36.503 0.4000000060
4852  12.169  -88.471  -42.863 0.6000000238
142574  12.365  -91.480  -35.991 0.3000000119
3245  12.441  -91.947  -36.746 0.4000000060
133095  12.033  -93.890  -36.253 0.4000000060
1631  11.446  -95.296  -37.214 0.3000000119
4851  12.866  -88.627  -43.687 0.6000000238
4861  12.386  -87.967  -44.489 0.5000000000
3699  13.037  -90.127  -36.667 0.3000000119
145365  12.782  -91.053  -37.033 0.5000000000
3260  12.951  -91.617  -37.760 0.4000000060
2825  13.050  -92.216  -38.179 0.4000000060
4859  13.572  -88.919  -44.868 0.6000000238
4243  13.631  -89.754  -36.959 0.3000000119
3708  13.485  -90.378  -37.386 0.5000000000
3254  13.320  -91.019  -37.803 0.4000000060
3259  13.613  -91.667  -38.401 0.4000000060
3707  14.173  -89.858  -37.506 0.4000000060
3715  14.102  -90.673  -38.104 0.5000000000
3714  15.045  -90.664  -38.644 0.5000000000
138171  6.453  -80.006  -36.894 0.6000000238
10754  6.377  -80.461  -37.447 0.6000000238
141525  18.295  -97.003  -33.452 0.3000000119
665  16.874  -97.844  -31.400 0.3000000119
141359  16.729  -97.926  -30.772 0.3000000119
902  16.174  -98.079  -29.988 0.3000000119
138434  5.844  -80.162  -37.188 0.6000000238
143929  5.283  -80.208  -37.460 0.6000000238
933  17.737  -97.395  -33.448 0.3000000119
903  15.806  -98.024  -29.352 0.3000000119
1186  15.691  -96.935  -29.884 0.3000000119
11601  4.844  -79.693  -37.816 0.6000000238
1245  17.348  -96.280  -35.869 0.3000000119
893  15.415  -98.076  -28.674 0.3000000119
1176  15.302  -97.182  -28.914 0.3000000119
12451  4.388  -78.933  -38.785 0.6000000238
698  13.992  -98.095  -35.353 0.3000000119
13294  4.244  -77.322  -39.737 0.6000000238
12464  4.044  -78.240  -39.806 0.6000000238
12473  3.491  -78.526  -40.599 0.6000000238
13312  3.383  -78.077  -41.535 0.5000000000
1984  12.644  -94.568  -34.264 0.4000000060
2808  12.318  -92.858  -36.589 0.4000000060
4820  15.093  -88.679  -37.287 0.4000000060
4248  14.878  -89.931  -38.060 0.5000000000
1226  18.841  -96.558  -33.447 0.3000000119
924  18.287  -96.974  -32.947 0.3000000119
148020  17.291  -97.391  -32.049 0.3000000119
918  17.520  -96.840  -31.901 0.3000000119
909  16.298  -97.662  -30.385 0.3000000119
1197  16.236  -96.636  -30.896 0.3000000119
1542  15.553  -95.935  -30.623 0.3000000119
11586  6.846  -79.426  -36.431 0.5000000000
942  18.242  -96.920  -34.001 0.3000000119
943  17.484  -97.216  -34.404 0.3000000119
12449  5.311  -77.909  -37.843 0.5000000000
11600  5.463  -79.483  -37.349 0.6000000238
1235  17.990  -96.518  -34.958 0.3000000119
1187  15.086  -96.021  -29.233 0.3000000119
12439  5.054  -78.745  -37.879 0.6000000238
1257  17.488  -95.715  -36.341 0.3000000119
12463  4.516  -77.966  -39.228 0.6000000238
1994  13.206  -95.272  -34.139 0.3000000119
1603  13.746  -95.687  -34.725 0.3000000119
13311  3.812  -77.622  -40.610 0.6000000238
14217  3.135  -76.755  -42.309 0.6000000238
12450  4.878  -78.013  -38.516 0.6000000238
14185  4.792  -76.321  -38.469 0.5000000000
14196  4.433  -76.634  -39.247 0.6000000238
145861  3.984  -77.022  -40.232 0.6000000238
14216  3.334  -76.218  -41.311 0.6000000238
13329  3.500  -77.209  -41.497 0.6000000238
15167  2.314  -75.201  -42.949 0.6000000238
15158  2.825  -75.728  -42.023 0.6000000238
15168  1.530  -75.230  -44.034 0.5000000000
13281  5.158  -77.189  -38.171 0.5000000000
15133  4.297  -75.839  -39.092 0.5000000000
15143  3.546  -75.718  -40.412 0.5000000000
129574  2.610  -74.699  -41.760 0.6000000238
18004  0.163  -72.659  -44.080 0.5000000000
18936  0.588  -71.366  -43.426 0.6000000238
17989  0.361  -71.943  -43.797 0.6000000238
17990  -0.037  -72.446  -43.377 0.5000000000
18937  0.107  -71.925  -42.828 0.6000000238
17972  -0.400  -72.731  -42.170 0.6000000238
15134  3.802  -75.250  -39.569 0.5000000000
16103  2.453  -73.909  -41.618 0.5000000000
17053  2.056  -73.449  -43.363 0.5000000000
17987  2.210  -72.614  -43.311 0.6000000238
17988  1.710  -72.828  -44.096 0.5000000000
17067  1.178  -73.303  -44.448 0.5000000000
18001  1.750  -72.013  -44.027 0.6000000238
20946  2.866  -69.839  -43.452 0.6000000238
19941  1.095  -71.141  -43.760 0.6000000238
18905  0.096  -71.338  -41.125 0.5000000000
133489  -0.058  -72.896  -31.274 0.5000000000
16055  3.941  -74.619  -39.140 0.5000000000
16088  2.797  -74.144  -40.841 0.5000000000
17037  2.301  -73.313  -42.259 0.6000000238
17820  0.517  -72.602  -28.963 0.5000000000
17814  -0.165  -72.655  -28.528 0.6000000238
130663  0.956  -73.139  -30.141 0.6000000238
16911  0.851  -73.338  -31.093 0.6000000238
17846  0.140  -73.264  -30.318 0.5000000000
17855  0.160  -72.837  -31.985 0.5000000000
18812  -0.858  -71.549  -33.276 0.5000000000
19905  -1.107  -70.623  -39.390 0.5000000000
19918  -0.237  -71.178  -40.075 0.5000000000
136646  2.350  -69.178  -31.724 0.6000000238
21859  1.678  -69.101  -32.020 0.6999999881
20798  2.129  -69.824  -31.602 0.6000000238
20799  1.432  -69.645  -31.691 0.6999999881
20784  -0.604  -69.393  -30.207 0.6000000238
147494  -0.676  -69.802  -29.432 0.6000000238
145714  1.407  -70.703  -30.729 0.6000000238
134988  0.843  -70.722  -30.143 0.6000000238
19784  2.573  -70.684  -31.080 0.6000000238
134851  2.357  -71.524  -30.769 0.6000000238
18772  1.648  -71.513  -30.393 0.6000000238
18755  -0.442  -71.169  -28.413 0.6000000238
18786  3.316  -72.180  -30.956 0.6000000238
18788  2.070  -72.340  -30.517 0.6000000238
17830  0.914  -71.848  -29.419 0.5000000000
17813  0.141  -71.816  -28.614 0.6000000238
126965  2.539  -73.277  -31.175 0.6000000238
17829  1.479  -72.632  -30.135 0.6000000238
16924  1.830  -73.927  -32.446 0.6000000238
16910  1.934  -73.639  -31.508 0.6000000238
16925  1.119  -73.618  -32.190 0.6000000238
16939  0.660  -73.070  -33.177 0.5000000000
18832  -1.559  -70.824  -33.758 0.5000000000
19833  -0.918  -70.588  -34.858 0.5000000000
19851  -1.947  -70.086  -34.733 0.5000000000
20857  -2.549  -69.564  -35.800 0.5000000000
20801  -0.170  -69.072  -31.209 0.6000000238
20802  -0.935  -68.768  -30.949 0.6999999881
16909  2.850  -73.638  -31.702 0.5000000000
17869  1.623  -73.319  -33.704 0.6000000238
17884  1.055  -72.627  -34.262 0.6000000238
18831  -0.388  -71.326  -34.312 0.5000000000
18830  0.586  -71.798  -34.736 0.6000000238
19850  -0.499  -70.290  -35.780 0.5000000000
19864  0.150  -69.928  -36.384 0.6000000238
136750  -1.680  -69.618  -35.766 0.6000000238
139891  5.622  -66.212  -29.728 0.4000000060
24065  -0.581  -66.553  -32.408 0.6999999881
25159  -1.972  -65.849  -31.504 0.5000000000
25150  -3.220  -65.987  -30.913 0.5000000000
24036  5.297  -66.843  -29.593 0.6000000238
24042  4.997  -66.209  -29.996 0.5000000000
24067  -2.129  -66.248  -31.493 0.6000000238
22920  -3.112  -67.025  -31.050 0.5000000000
22863  6.070  -67.469  -28.998 0.5000000000
24063  1.266  -66.795  -32.582 0.6000000238
22938  -0.960  -66.911  -32.128 0.8000000119
21876  1.276  -68.408  -32.378 0.6999999881
21861  -0.666  -68.241  -31.712 0.8000000119
21862  -1.728  -68.171  -31.187 0.6999999881
18829  1.534  -72.031  -34.960 0.6000000238
18850  1.063  -71.363  -35.482 0.6000000238
25139  -2.781  -65.570  -30.638 0.5000000000
25137  4.632  -65.725  -30.420 0.5000000000
123943  -0.574  -65.091  -32.347 0.6999999881
25140  -3.448  -65.836  -30.267 0.5000000000
24035  6.847  -66.282  -29.176 0.4000000060
25129  6.265  -65.864  -29.634 0.4000000060
24024  6.909  -67.129  -28.694 0.4000000060
21809  6.853  -68.859  -28.294 0.5000000000
19731  6.742  -70.433  -28.537 0.4000000060
26167  -1.427  -64.723  -31.436 0.5000000000
26147  -2.462  -65.566  -29.299 0.5000000000
26154  5.733  -64.679  -30.509 0.3000000119
26163  5.194  -64.192  -31.087 0.3000000119
26179  -1.127  -64.800  -31.965 0.6000000238
22862  7.325  -68.048  -28.226 0.4000000060
21795  7.790  -68.971  -27.863 0.4000000060
18751  7.557  -71.567  -29.349 0.4000000060
27157  -0.973  -64.157  -31.745 0.6000000238
26177  0.172  -64.265  -32.510 0.6000000238
20753  8.040  -69.967  -27.876 0.4000000060
27126  -0.965  -63.874  -30.388 0.5000000000
27127  -1.636  -64.726  -30.458 0.5000000000
27121  8.460  -63.463  -30.208 0.3000000119
27124  6.009  -63.900  -30.846 0.3000000119
27138  5.482  -63.333  -31.548 0.3000000119
27139  4.603  -63.655  -31.701 0.4000000060
19728  9.268  -70.352  -28.615 0.3000000119
18750  8.343  -71.318  -29.465 0.4000000060
143165  9.226  -70.707  -29.413 0.4000000060
148332  5.938  -62.880  -31.736 0.4000000060
28115  -0.265  -62.995  -31.615 0.6000000238
27109  -0.882  -63.992  -29.931 0.4000000060
28113  5.525  -62.658  -32.389 0.4000000060
27119  9.959  -63.180  -30.226 0.3000000119
28092  8.589  -63.095  -30.715 0.3000000119
28076  -0.362  -63.262  -30.083 0.5000000000
28134  4.584  -62.540  -33.001 0.4000000060
28156  3.896  -62.231  -33.394 0.4000000060
30175  3.288  -60.756  -32.345 0.5000000000
28155  4.891  -61.886  -33.415 0.4000000060
29166  4.287  -61.677  -33.426 0.4000000060
31224  8.349  -60.277  -34.972 0.3000000119
31208  7.745  -59.841  -34.264 0.3000000119
128643  7.085  -60.264  -33.982 0.3000000119
31209  6.431  -60.060  -33.286 0.3000000119
32230  7.425  -59.155  -32.316 0.3000000119
28020  5.587  -62.153  -26.852 0.4000000060
31207  8.786  -59.472  -34.169 0.3000000119
140173  14.622  -95.274  -29.187 0.3000000119
1604  12.683  -95.963  -34.413 0.4000000060
29165  5.238  -61.279  -33.589 0.3000000119
19848  1.578  -70.799  -35.990 0.6000000238
29068  3.675  -61.689  -25.878 0.4000000060
21810  6.070  -68.781  -28.720 0.5000000000
144219  6.520  -60.626  -33.794 0.3000000119
2023  12.019  -94.381  -37.379 0.3000000119
2820  12.626  -92.352  -37.521 0.4000000060
15144  3.106  -75.166  -41.062 0.5000000000
3172  4.876  -90.860  -29.508 0.5000000000
2740  2.872  -93.242  -29.797 0.5000000000
3621  7.599  -90.674  -30.713 0.5000000000
136984  11.535  -101.007  -29.390 0.4000000060
142599  5.780  -91.568  -28.263 0.4000000060
4169  8.244  -89.550  -29.656 0.4000000060
139105  8.418  -91.867  -30.074 0.4000000060
145447  12.146  -100.675  -30.839 0.4000000060
5  11.445  -101.170  -27.320 0.4000000060
2309  4.375  -94.103  -27.613 0.3000000119
4159  8.699  -89.047  -28.898 0.3000000119
3170  9.226  -90.785  -28.890 0.4000000060
3150  8.770  -91.850  -29.301 0.4000000060
227  12.874  -100.406  -31.757 0.3000000119
146036  12.355  -100.233  -32.365 0.4000000060
2719  9.070  -92.988  -27.955 0.4000000060
130817  11.966  -98.489  -27.703 0.5000000000
6213  10.244  -86.641  -42.010 0.5000000000
246  11.520  -99.331  -34.785 0.4000000060
4701  9.413  -88.163  -26.036 0.3000000119
3133  9.899  -91.802  -27.428 0.4000000060
2308  9.670  -93.516  -27.407 0.4000000060
1923  10.225  -94.049  -27.418 0.5000000000
404  15.587  -99.129  -29.624 0.3000000119
131095  14.911  -99.173  -33.034 0.3000000119
139549  12.901  -100.027  -32.940 0.3000000119
445  13.031  -99.141  -34.366 0.3000000119
5486  11.483  -88.049  -42.111 0.6000000238
2306  11.102  -92.959  -27.588 0.3000000119
2307  10.422  -93.227  -27.304 0.4000000060
1178  13.560  -96.411  -28.625 0.3000000119
6182  10.115  -86.423  -39.610 0.5000000000
961  12.607  -97.365  -35.357 0.4000000060
2336  12.861  -92.994  -29.141 0.3000000119
1188  14.247  -95.763  -28.815 0.3000000119
129864  12.359  -92.411  -35.768 0.4000000060
2010  11.824  -94.813  -35.431 0.4000000060
130326  11.654  -94.747  -36.404 0.4000000060
4238  12.705  -89.863  -36.045 0.3000000119
1196  17.026  -97.305  -31.057 0.3000000119
13293  4.701  -77.253  -38.943 0.6000000238
2393  12.302  -94.043  -34.924 0.3000000119
1209  16.851  -96.232  -31.441 0.3000000119
130417  16.002  -95.662  -31.487 0.3000000119
1618  17.181  -95.274  -36.749 0.3000000119
16119  1.894  -74.305  -43.596 0.5000000000
18002  1.156  -72.445  -44.315 0.6000000238
20815  1.008  -69.002  -32.218 0.6999999881
22918  -1.343  -67.471  -31.750 0.6999999881
139204  0.324  -67.676  -32.667 0.6999999881
24066  -1.343  -66.214  -31.926 0.6000000238
26153  7.152  -64.568  -29.990 0.3000000119
27122  7.844  -63.283  -30.600 0.3000000119
6180  11.458  -86.646  -39.294 0.5000000000
6170  10.957  -86.274  -38.687 0.5000000000
6907  17.510  -86.308  -42.760 0.6000000238
17023  2.581  -73.274  -41.256 0.4000000060
17971  2.529  -72.526  -42.119 0.5000000000
143671  0.573  -70.845  -41.752 0.5000000000
20922  2.225  -69.132  -41.807 0.5000000000
19928  1.803  -69.727  -42.412 0.5000000000
19916  1.125  -70.248  -41.734 0.5000000000
19904  0.155  -70.435  -39.564 0.5000000000
20924  1.016  -70.076  -40.102 0.5000000000
21986  2.872  -68.794  -42.466 0.5000000000
20909  -0.572  -69.620  -39.001 0.4000000060
21971  2.625  -68.552  -41.071 0.5000000000
20923  1.674  -69.603  -40.960 0.5000000000
20908  0.529  -69.530  -39.246 0.5000000000
20892  -1.192  -68.669  -38.592 0.5000000000
145834  2.372  -68.312  -39.982 0.6000000238
20907  1.442  -69.305  -39.644 0.5000000000
21960  -0.210  -68.638  -38.782 0.5000000000
20871  -2.178  -68.949  -36.561 0.5000000000
23035  1.297  -67.242  -38.987 0.6000000238
21936  -2.423  -68.410  -37.555 0.5000000000
21927  -2.357  -68.495  -37.117 0.5000000000
21959  0.732  -68.516  -39.012 0.6000000238
21943  -0.753  -67.828  -38.428 0.6000000238
20893  -2.106  -68.661  -38.336 0.5000000000
23034  2.138  -67.434  -39.420 0.6000000238
23021  0.755  -66.614  -38.483 0.6000000238
23022  -0.176  -67.074  -38.346 0.6000000238
22997  -1.025  -67.564  -37.202 0.6000000238
24163  1.030  -66.013  -38.073 0.6000000238
21925  -0.886  -67.959  -36.877 0.5000000000
20870  -0.344  -68.976  -36.561 0.5000000000
24164  -0.359  -66.964  -37.725 0.6000000238
23024  -1.539  -67.779  -37.706 0.6000000238
20768  -1.430  -69.541  -29.510 0.5000000000
136183  -2.123  -68.961  -29.943 0.5000000000
20785  -1.519  -68.887  -30.379 0.5000000000
19863  1.152  -70.103  -36.419 0.6000000238
24123  0.831  -66.257  -37.243 0.6000000238
21924  0.127  -68.150  -36.697 0.6000000238
24125  -0.335  -67.049  -37.321 0.6000000238
22996  -0.070  -67.196  -36.997 0.6000000238
22995  0.592  -66.953  -36.959 0.6000000238
141277  5.396  -62.209  -33.197 0.3000000119
27056  5.748  -63.167  -26.849 0.3000000119
4247  15.696  -89.940  -38.652 0.4000000060
4828  17.801  -88.392  -40.133 0.5000000000
4285  14.072  -89.426  -44.392 0.5000000000
4286  13.579  -89.078  -43.793 0.5000000000
5461  18.102  -87.610  -40.722 0.4000000060
4278  13.520  -89.447  -42.124 0.4000000060
6918  17.056  -85.761  -43.485 0.4000000060
6193  10.381  -86.889  -40.179 0.4000000060
5470  11.715  -87.775  -40.433 0.4000000060
5471  10.994  -87.508  -40.585 0.4000000060
4844  12.109  -88.741  -41.652 0.4000000060
131378  12.750  -89.137  -42.428 0.4000000060
9222  15.586  -83.269  -44.882 0.4000000060
7651  15.845  -84.319  -45.248 0.4000000060
7660  15.310  -84.470  -45.566 0.4000000060
144869  10.570  -85.852  -38.383 0.4000000060
139516  16.265  -84.512  -44.525 0.4000000060
7650  16.314  -85.118  -45.003 0.4000000060
8428  13.863  -84.040  -45.561 0.4000000060
9230  12.690  -83.130  -45.124 0.5000000000
25231  1.299  -65.821  -37.447 0.5000000000
25230  2.184  -65.310  -37.287 0.5000000000
25212  1.606  -65.777  -37.068 0.5000000000
130066  2.487  -65.468  -36.841 0.5000000000
24121  4.048  -65.960  -35.954 0.5000000000
22993  2.646  -67.502  -36.540 0.5000000000
24108  3.976  -66.873  -35.825 0.5000000000
21864  -3.302  -67.468  -30.737 0.4000000060
24045  -3.679  -66.333  -30.682 0.4000000060
142252  3.219  -66.434  -36.428 0.5000000000
21923  1.150  -68.377  -36.671 0.5000000000
7639  16.580  -85.024  -43.961 0.4000000060
130068  14.641  -84.131  -45.877 0.4000000060
2757  2.897  -92.683  -31.041 0.4000000060
1202  0.891  -96.783  -30.251 0.4000000060
3174  3.603  -91.978  -30.440 0.4000000060
2768  3.149  -92.336  -31.997 0.4000000060
1214  1.712  -96.218  -31.261 0.4000000060
1200  3.025  -96.167  -30.120 0.4000000060
1555  2.682  -95.988  -31.097 0.4000000060
1566  2.361  -95.654  -32.109 0.4000000060
3189  4.142  -91.113  -30.712 0.5000000000
3203  3.648  -91.652  -31.397 0.5000000000
3202  4.364  -91.175  -31.474 0.4000000060
3210  3.851  -91.733  -32.229 0.4000000060
1576  3.002  -95.103  -32.782 0.4000000060
3624  4.700  -90.715  -30.240 0.5000000000
3201  5.497  -91.393  -31.637 0.5000000000
147252  4.928  -91.223  -31.687 0.5000000000
2776  4.196  -92.327  -32.605 0.4000000060
2777  3.271  -92.708  -32.633 0.4000000060
136529  5.377  -92.025  -31.984 0.4000000060
2775  4.886  -92.293  -32.280 0.4000000060
1945  4.877  -94.920  -30.059 0.4000000060
141596  4.547  -94.782  -30.711 0.4000000060
1553  3.998  -95.085  -31.198 0.4000000060
1961  3.774  -94.706  -32.186 0.4000000060
1969  3.467  -94.225  -33.111 0.4000000060
1548  3.842  -95.831  -29.848 0.4000000060
1565  3.263  -95.449  -31.742 0.4000000060
2348  5.682  -93.371  -30.858 0.5000000000
2358  4.938  -93.556  -31.611 0.4000000060
2365  4.609  -92.938  -32.490 0.4000000060
2366  3.717  -93.299  -33.034 0.4000000060
1950  6.004  -94.037  -30.165 0.5000000000
1951  5.139  -94.233  -30.639 0.4000000060
1960  4.461  -94.367  -31.477 0.4000000060
1968  4.246  -93.823  -32.533 0.4000000060
1181  6.400  -95.986  -28.305 0.3000000119
141636  6.874  -96.504  -27.702 0.3000000119
1528  7.318  -95.757  -28.096 0.4000000060
1545  6.259  -94.697  -29.441 0.3000000119
1535  7.711  -94.997  -28.439 0.4000000060
1536  6.829  -95.207  -28.724 0.4000000060
142834  7.919  -98.034  -26.371 0.3000000119
145080  7.314  -97.097  -27.150 0.4000000060
1527  8.137  -95.531  -27.839 0.4000000060
888  8.212  -97.107  -26.972 0.4000000060
1173  7.933  -96.357  -27.467 0.4000000060
148499  8.651  -95.326  -27.657 0.4000000060
1937  8.885  -94.004  -27.788 0.3000000119
1944  5.514  -94.612  -29.925 0.3000000119
136235  8.166  -94.235  -28.648 0.3000000119
2325  7.951  -93.622  -29.381 0.4000000060
878  8.450  -97.764  -26.608 0.4000000060
1526  8.448  -94.873  -27.988 0.3000000119
144052  8.704  -96.613  -27.201 0.4000000060
1171  9.370  -96.499  -27.385 0.4000000060
1525  9.178  -94.990  -27.488 0.4000000060
2338  6.863  -93.855  -29.765 0.4000000060
632  8.235  -98.493  -26.183 0.4000000060
2324  8.504  -93.378  -28.764 0.3000000119
642  9.572  -98.448  -26.800 0.4000000060
386  8.980  -98.896  -26.187 0.4000000060
630  10.413  -99.098  -26.846 0.4000000060
886  9.667  -97.476  -27.242 0.4000000060
887  8.947  -97.185  -26.964 0.4000000060
2756  6.232  -92.622  -31.055 0.4000000060
2347  6.578  -93.259  -30.413 0.4000000060
2337  8.301  -92.695  -29.636 0.3000000119
2346  7.504  -93.142  -30.026 0.4000000060
384  10.326  -99.828  -26.485 0.4000000060
193  10.540  -100.494  -26.417 0.4000000060
383  11.136  -99.847  -26.766 0.4000000060
885  10.482  -97.417  -27.825 0.4000000060
3200  6.409  -91.389  -31.361 0.4000000060
2754  7.927  -92.232  -30.467 0.3000000119
3622  6.320  -90.288  -30.627 0.4000000060
2767  5.985  -92.035  -31.569 0.4000000060
3199  6.793  -90.720  -31.044 0.4000000060
145745  6.683  -92.035  -31.208 0.4000000060
2755  7.085  -92.482  -30.707 0.4000000060
10033  12.038  -82.579  -44.092 0.4000000060
877  9.106  -97.803  -26.808 0.4000000060
9  11.129  -101.347  -28.069 0.4000000060
13  10.852  -101.128  -28.995 0.4000000060
72  13.007  -100.550  -27.819 0.4000000060
78  13.370  -100.677  -28.447 0.4000000060
86  14.161  -100.515  -29.495 0.4000000060
87  13.509  -100.855  -29.135 0.4000000060
89  10.910  -100.691  -29.667 0.4000000060
94  10.990  -100.331  -30.260 0.3000000119
98  12.970  -100.637  -31.008 0.4000000060
100  10.587  -99.842  -30.694 0.3000000119
191  12.135  -100.738  -27.070 0.4000000060
197  14.134  -99.755  -28.085 0.4000000060
198  13.231  -100.195  -27.600 0.5000000000
220  14.787  -100.160  -29.961 0.3000000119
221  14.047  -100.443  -30.713 0.3000000119
236  13.654  -99.797  -32.999 0.3000000119
237  12.232  -100.025  -33.242 0.4000000060
239  10.669  -99.763  -33.383 0.3000000119
241  9.827  -99.179  -32.747 0.3000000119
242  12.839  -99.665  -33.680 0.3000000119
244  11.165  -99.685  -34.174 0.4000000060
248  10.212  -99.390  -34.906 0.3000000119
385  9.683  -99.390  -26.372 0.4000000060
396  15.602  -98.818  -29.131 0.3000000119
397  15.438  -99.027  -28.952 0.3000000119
398  14.917  -99.295  -28.494 0.4000000060
403  15.682  -98.856  -29.526 0.3000000119
434  14.554  -99.610  -32.587 0.3000000119
439  14.253  -99.327  -33.406 0.3000000119
444  13.971  -99.063  -34.235 0.3000000119
451  11.799  -98.806  -35.319 0.4000000060
453  10.506  -99.085  -35.563 0.3000000119
454  9.545  -99.135  -35.267 0.3000000119
455  8.638  -98.784  -35.164 0.4000000060
457  11.678  -98.285  -35.732 0.4000000060
458  11.199  -98.729  -35.850 0.4000000060
627  7.650  -99.216  -25.852 0.4000000060
631  8.879  -98.245  -26.485 0.4000000060
633  7.331  -98.397  -26.251 0.3000000119
639  12.760  -98.566  -27.707 0.5000000000
641  10.437  -98.236  -27.346 0.4000000060
657  16.544  -98.117  -30.780 0.3000000119
658  15.951  -98.549  -30.192 0.3000000119
673  16.593  -98.473  -32.192 0.3000000119
702  13.056  -98.172  -35.274 0.3000000119
703  11.824  -97.886  -35.679 0.4000000060
706  8.473  -98.370  -35.802 0.4000000060
707  13.968  -97.312  -35.741 0.4000000060
708  13.110  -97.637  -35.510 0.4000000060
710  11.321  -97.539  -36.092 0.4000000060
712  9.448  -98.060  -37.198 0.3000000119
715  10.958  -97.160  -36.626 0.3000000119
879  7.678  -97.657  -26.648 0.3000000119
897  12.005  -97.001  -28.695 0.4000000060
908  16.976  -97.493  -31.279 0.3000000119
917  17.969  -96.783  -32.375 0.3000000119
925  17.535  -97.429  -32.589 0.3000000119
952  17.056  -96.896  -35.288 0.3000000119
962  11.115  -96.960  -36.123 0.4000000060
963  8.929  -97.566  -37.709 0.4000000060
966  10.700  -96.738  -37.223 0.4000000060
970  10.531  -96.408  -38.196 0.3000000119
971  9.910  -96.759  -38.272 0.3000000119
1172  8.830  -95.856  -27.460 0.4000000060
1247  12.372  -96.634  -34.775 0.4000000060
1248  11.867  -96.203  -34.629 0.5000000000
1263  11.496  -96.108  -35.197 0.5000000000
1270  10.831  -96.253  -37.199 0.5000000000
1275  9.972  -96.337  -38.909 0.3000000119
1544  13.977  -95.033  -29.060 0.3000000119
1546  5.360  -95.181  -29.459 0.3000000119
1554  3.526  -95.645  -30.721 0.4000000060
1595  12.686  -95.226  -34.255 0.4000000060
1605  12.163  -95.696  -34.497 0.4000000060
1621  13.445  -96.515  -35.209 0.3000000119
1622  11.418  -95.480  -35.796 0.3000000119
1627  16.864  -94.864  -37.072 0.3000000119
1635  12.821  -95.205  -39.881 0.3000000119
1641  13.077  -94.961  -40.236 0.3000000119
1645  13.279  -94.746  -40.660 0.4000000060
1936  11.621  -94.112  -28.570 0.4000000060
1938  7.340  -94.343  -29.160 0.4000000060
1983  13.103  -94.535  -33.881 0.3000000119
1995  12.216  -95.053  -34.655 0.4000000060
2027  12.284  -94.917  -38.491 0.4000000060
2030  14.051  -94.284  -40.374 0.4000000060
2040  12.943  -94.640  -41.207 0.4000000060
2357  5.404  -92.679  -31.735 0.4000000060
2425  12.848  -93.015  -38.269 0.4000000060
2433  14.753  -93.668  -40.643 0.5000000000
2436  14.932  -93.542  -41.120 0.5000000000
2443  14.896  -93.263  -41.780 0.4000000060
2697  10.576  -92.408  -27.238 0.3000000119
2698  9.719  -92.622  -27.391 0.4000000060
2830  14.277  -92.377  -39.252 0.4000000060
2835  16.078  -92.345  -41.437 0.4000000060
2838  16.587  -91.792  -41.935 0.5000000000
3188  7.331  -91.569  -30.981 0.4000000060
3209  4.731  -91.673  -32.096 0.4000000060
3268  14.910  -91.924  -39.438 0.4000000060
3278  17.421  -90.750  -42.018 0.6000000238
3279  17.039  -91.308  -41.891 0.6000000238
3595  9.609  -89.819  -28.490 0.3000000119
3610  6.028  -90.063  -29.869 0.4000000060
3620  8.273  -90.434  -30.271 0.4000000060
3635  5.898  -90.688  -31.232 0.4000000060
3636  5.078  -90.806  -31.324 0.5000000000
3637  4.664  -90.720  -30.896 0.5000000000
3722  16.489  -90.014  -39.431 0.5000000000
3731  16.623  -90.835  -40.146 0.6000000238
3737  17.865  -90.245  -41.695 0.6999999881
3742  16.961  -90.577  -42.500 0.6999999881
3743  16.338  -90.876  -42.853 0.6999999881
4171  6.756  -89.779  -29.531 0.4000000060
4237  13.239  -89.303  -36.290 0.3000000119
4246  16.370  -89.191  -38.855 0.4000000060
4260  17.829  -89.850  -40.808 0.6000000238
4267  14.603  -89.490  -42.250 0.6000000238
4283  15.990  -90.278  -43.078 0.6999999881
4288  13.580  -89.442  -44.869 0.5000000000
4716  8.687  -88.638  -26.936 0.3000000119
4825  14.792  -89.352  -37.535 0.4000000060
4839  18.403  -88.663  -42.154 0.6999999881
4843  12.753  -89.073  -41.544 0.4000000060
5464  11.190  -87.182  -39.879 0.5000000000
5467  18.478  -88.021  -41.769 0.6999999881
5478  11.530  -88.203  -41.015 0.4000000060
6181  10.732  -86.664  -39.368 0.5000000000
6194  9.707  -86.217  -40.244 0.5000000000
6218  16.205  -86.032  -44.600 0.6999999881
6850  11.483  -85.002  -37.827 0.6000000238
6871  10.304  -86.175  -38.951 0.5000000000
6885  9.705  -85.848  -39.509 0.5000000000
6897  12.868  -85.725  -40.638 0.6999999881
6898  12.600  -85.406  -39.996 0.6000000238
6927  16.497  -85.578  -44.590 0.5000000000
6929  15.679  -85.539  -45.036 0.6000000238
7576  11.904  -84.165  -37.648 0.6999999881
7577  11.201  -84.446  -37.411 0.8000000119
7590  9.870  -84.747  -37.956 0.6000000238
7600  12.311  -84.923  -39.141 0.6000000238
7659  15.895  -85.066  -45.344 0.4000000060
8341  11.220  -82.983  -36.720 0.8000000119
8359  11.518  -83.634  -37.131 0.6999999881
8418  15.967  -83.741  -44.144 0.4000000060
8420  13.088  -83.616  -44.726 0.5000000000
8429  13.474  -83.430  -45.849 0.4000000060
9156  10.976  -82.287  -36.362 0.6999999881
9175  9.665  -82.470  -37.797 0.5000000000
9203  12.238  -82.590  -40.999 0.5000000000
9932  11.134  -80.810  -35.771 0.6999999881
9961  5.039  -81.226  -37.953 0.5000000000
10711  10.734  -80.220  -35.559 0.6999999881
10728  12.262  -81.223  -36.681 0.8000000119
10730  9.524  -80.681  -35.953 0.6999999881
10755  5.506  -80.736  -37.581 0.6000000238
11550  9.412  -78.604  -34.902 0.6999999881
11563  11.297  -79.969  -35.725 0.8000000119
11566  8.865  -79.256  -35.096 0.6999999881
11583  11.746  -79.734  -36.380 0.6999999881
11597  12.189  -79.913  -36.932 0.6999999881
11598  11.853  -79.365  -37.067 0.8000000119
11599  6.142  -79.398  -36.855 0.6999999881
11610  11.713  -79.202  -37.973 0.6999999881
11621  11.685  -79.435  -38.889 0.6000000238
12417  9.855  -78.130  -35.096 0.8000000119
12424  11.447  -78.940  -36.489 0.8999999762
12425  10.993  -78.387  -36.013 0.8999999762
13256  8.307  -77.746  -34.657 0.6999999881
13257  7.771  -77.431  -34.867 0.6000000238
13270  6.669  -77.315  -35.952 0.6000000238
13271  6.194  -76.801  -36.469 0.6000000238
13290  10.186  -78.018  -39.145 0.6000000238
14157  8.589  -77.211  -34.807 0.6999999881
14165  7.463  -76.124  -35.432 0.6000000238
14177  5.102  -75.528  -37.697 0.6000000238
14197  4.018  -76.363  -39.855 0.6000000238
14208  3.725  -76.706  -40.653 0.6000000238
14214  7.851  -76.552  -41.096 0.5000000000
15111  8.432  -75.186  -37.274 0.6999999881
15113  4.877  -74.676  -37.752 0.6000000238
15124  4.194  -75.097  -38.959 0.5000000000
16036  7.829  -74.196  -36.773 0.8000000119
16038  4.755  -73.961  -37.829 0.5000000000
16052  7.896  -73.687  -38.136 0.5000000000
16053  7.635  -74.001  -38.971 0.6000000238
16118  2.247  -74.149  -42.506 0.5000000000
16906  5.381  -72.993  -31.679 0.8000000119
16907  4.751  -73.028  -31.477 0.8000000119
16921  4.322  -73.432  -32.298 0.8000000119
16923  2.540  -73.901  -32.352 0.5000000000
16935  3.897  -73.499  -32.967 0.8000000119
16936  3.033  -73.745  -33.075 0.6999999881
16938  1.451  -73.740  -32.974 0.6000000238
16963  6.654  -73.726  -36.735 0.6999999881
16973  7.413  -73.815  -36.864 0.6000000238
16975  5.079  -73.329  -37.570 0.5000000000
17022  3.028  -73.343  -40.337 0.5000000000
17054  1.655  -73.565  -44.098 0.5000000000
17068  0.560  -73.095  -44.424 0.5000000000
17081  0.721  -73.995  -44.567 0.5000000000
17819  7.240  -71.952  -29.779 0.6999999881
17825  6.614  -72.249  -30.030 0.6999999881
17826  6.189  -72.509  -30.632 0.6999999881
17828  4.563  -72.552  -30.953 0.8000000119
17831  0.475  -73.118  -29.465 0.5000000000
17844  3.131  -73.047  -31.233 0.6000000238
17845  2.072  -73.084  -30.698 0.6000000238
17866  4.293  -72.867  -33.523 0.8000000119
17868  2.544  -73.318  -33.833 0.6999999881
17870  -0.343  -72.230  -32.759 0.5000000000
17880  4.792  -72.106  -33.885 0.8000000119
17882  2.941  -72.611  -34.464 0.6999999881
17921  7.120  -72.535  -37.648 0.6000000238
18003  0.655  -72.155  -44.187 0.6000000238
18734  7.864  -71.199  -28.822 0.4000000060
18735  7.139  -71.174  -28.808 0.4000000060
18736  -0.694  -71.849  -28.221 0.6000000238
18752  6.805  -71.676  -29.361 0.6000000238
18754  5.109  -71.220  -29.792 0.6999999881
18767  8.245  -71.485  -30.278 0.5000000000
18768  7.774  -71.802  -29.920 0.5000000000
18769  5.920  -72.292  -30.188 0.6999999881
18770  4.646  -71.774  -30.437 0.8000000119
18785  6.705  -72.295  -31.755 0.6999999881
18787  2.664  -72.471  -30.850 0.6000000238
18796  7.372  -71.487  -31.711 0.6000000238
18798  -1.215  -71.918  -32.543 0.5000000000
18811  0.119  -72.119  -33.800 0.5000000000
18827  3.743  -71.227  -35.034 0.6999999881
18848  2.855  -71.368  -35.372 0.6999999881
18851  0.076  -71.083  -35.285 0.6000000238
18875  5.877  -71.948  -37.669 0.5000000000
18884  6.334  -71.383  -38.093 0.5000000000
18886  4.671  -71.532  -38.613 0.6999999881
18887  4.055  -71.825  -39.059 0.6000000238
18892  7.264  -71.342  -38.867 0.5000000000
18919  0.330  -71.327  -42.305 0.6000000238
18920  -0.188  -71.948  -41.638 0.5000000000
18935  1.699  -71.259  -43.746 0.6999999881
18946  1.148  -71.696  -44.088 0.6000000238
18947  0.762  -71.589  -43.938 0.6000000238
19729  8.503  -70.701  -28.561 0.4000000060
19730  7.581  -70.595  -28.379 0.4000000060
19733  -1.320  -71.037  -28.376 0.6000000238
19744  0.251  -70.915  -28.959 0.6000000238
19745  -0.774  -70.338  -28.793 0.6000000238
19765  3.962  -71.123  -30.636 0.8000000119
19766  -0.029  -70.091  -29.589 0.6000000238
19782  7.944  -70.667  -31.571 0.5000000000
19785  1.858  -70.541  -31.140 0.6000000238
19786  1.087  -70.174  -31.133 0.6000000238
19817  6.168  -70.362  -33.481 0.6000000238
19818  5.753  -70.604  -33.825 0.8000000119
19847  2.445  -70.797  -35.850 0.8000000119
19849  0.597  -70.658  -35.966 0.6000000238
19900  7.180  -70.688  -39.296 0.5000000000
19912  12.012  -69.888  -40.907 0.5000000000
19917  0.476  -70.714  -40.632 0.5000000000
19929  0.892  -70.711  -42.937 0.6000000238
20752  8.833  -69.929  -28.044 0.3000000119
20754  7.211  -69.751  -28.161 0.4000000060
20767  4.959  -69.500  -29.309 0.6999999881
20783  0.335  -69.783  -30.637 0.6000000238
20800  0.665  -69.439  -31.586 0.6000000238
20813  7.621  -69.927  -32.098 0.6000000238
20827  6.356  -69.634  -33.195 0.6000000238
20828  5.778  -69.811  -33.871 0.6999999881
20841  5.379  -69.050  -34.133 0.6000000238
20854  4.129  -69.675  -35.419 0.6999999881
20856  2.814  -70.241  -36.069 0.6999999881
20866  3.676  -69.000  -35.961 0.6999999881
20869  0.675  -69.237  -36.598 0.6000000238
20905  7.086  -69.915  -39.742 0.5000000000
20906  6.257  -69.907  -39.718 0.5000000000
20910  -1.724  -69.560  -38.789 0.5000000000
20916  11.856  -69.388  -40.842 0.5000000000
20930  10.660  -68.750  -42.048 0.6000000238
20931  9.777  -69.050  -41.932 0.5000000000
20935  2.507  -69.447  -42.946 0.6000000238
20943  4.967  -69.176  -43.263 0.6000000238
20944  4.256  -69.423  -43.477 0.6000000238
20945  3.552  -69.730  -43.538 0.6000000238
20955  4.615  -69.044  -43.481 0.6000000238
21821  5.259  -68.650  -29.151 0.6999999881
21822  4.543  -68.113  -29.658 0.6999999881
21838  -2.362  -68.442  -30.518 0.5000000000
21839  -3.137  -68.069  -30.445 0.4000000060
21857  2.681  -68.459  -31.578 0.8000000119
21860  0.266  -68.649  -31.992 0.6999999881
21863  -2.700  -67.743  -30.951 0.4000000060
21877  0.645  -68.253  -32.512 0.6999999881
21878  -0.094  -68.010  -32.467 0.6999999881
21903  5.029  -68.294  -34.345 0.6999999881
21922  2.164  -68.462  -36.581 0.6999999881
21926  -1.727  -68.138  -36.994 0.5000000000
21935  -1.774  -67.987  -37.373 0.5000000000
21944  -1.577  -67.935  -38.170 0.5000000000
21945  -2.148  -68.159  -37.834 0.5000000000
21954  11.471  -68.616  -41.151 0.5000000000
21955  11.008  -68.420  -40.324 0.5000000000
21958  1.603  -68.214  -39.372 0.6000000238
21972  2.122  -68.955  -40.312 0.5000000000
21977  11.241  -68.618  -41.736 0.5000000000
21978  10.904  -68.144  -42.144 0.6000000238
21981  7.979  -68.143  -42.421 0.6000000238
21982  6.931  -68.315  -42.877 0.5000000000
21984  4.380  -67.867  -42.688 0.6000000238
21994  9.603  -67.662  -42.611 0.6000000238
21997  6.547  -68.008  -43.332 0.6000000238
21999  4.497  -68.346  -43.256 0.6000000238
22848  8.035  -68.100  -27.889 0.4000000060
22864  5.838  -68.121  -28.927 0.5000000000
22878  6.107  -66.702  -29.290 0.4000000060
22897  4.218  -67.410  -30.036 0.6999999881
22898  3.614  -67.482  -30.559 0.6999999881
22899  -3.666  -66.969  -30.723 0.4000000060
22915  2.327  -67.756  -31.833 0.8000000119
22916  1.596  -67.730  -32.353 0.6999999881
22917  -0.655  -67.564  -32.205 0.8000000119
22919  -2.273  -67.299  -31.375 0.5000000000
22936  0.918  -67.672  -32.663 0.6999999881
22937  -0.288  -67.299  -32.544 0.6999999881
22939  -1.781  -66.723  -31.664 0.6000000238
22994  1.478  -67.274  -36.727 0.5000000000
23010  -0.999  -67.474  -37.465 0.6000000238
23019  9.387  -67.201  -39.334 0.5000000000
23023  -1.040  -67.519  -38.053 0.6000000238
23033  2.955  -67.048  -39.628 0.6999999881
23036  0.662  -67.491  -38.803 0.6000000238
23048  5.000  -66.976  -41.428 0.6000000238
23057  10.218  -67.003  -42.213 0.5000000000
23061  4.322  -67.385  -41.661 0.6000000238
23071  8.921  -67.254  -42.755 0.6000000238
24043  4.606  -66.794  -29.978 0.5000000000
24054  -2.759  -66.127  -31.224 0.5000000000
24055  -3.313  -66.472  -30.993 0.5000000000
24107  4.516  -66.523  -35.088 0.5000000000
24122  2.072  -66.348  -36.780 0.5000000000
24124  0.215  -66.712  -37.248 0.6000000238
24140  0.325  -66.527  -37.522 0.6000000238
24160  3.154  -65.081  -38.276 0.6000000238
24162  1.441  -65.987  -38.431 0.6000000238
24187  5.121  -66.550  -40.249 0.6000000238
24190  1.501  -66.663  -38.854 0.6999999881
24196  9.460  -66.383  -40.889 0.5000000000
24208  9.718  -66.565  -41.720 0.5000000000
24209  9.208  -66.466  -42.084 0.5000000000
24211  7.311  -66.541  -41.879 0.6999999881
24212  6.432  -66.727  -41.906 0.6000000238
24223  9.179  -66.900  -42.636 0.5000000000
25130  5.495  -65.525  -30.132 0.4000000060
25149  -2.517  -65.657  -31.112 0.5000000000
25156  1.021  -65.188  -32.635 0.6999999881
25157  0.292  -65.167  -32.559 0.6999999881
25158  -0.858  -65.875  -32.260 0.6000000238
25210  4.295  -65.159  -36.307 0.5000000000
25211  2.907  -64.913  -36.958 0.5000000000
25229  2.978  -64.838  -37.392 0.5000000000
25248  2.398  -65.167  -37.792 0.5000000000
26146  -2.073  -65.080  -29.892 0.5000000000
26152  7.943  -63.957  -29.987 0.3000000119
26155  4.888  -64.969  -30.671 0.3000000119
26156  -2.334  -65.199  -30.442 0.5000000000
26157  -2.825  -65.447  -30.046 0.5000000000
26168  -2.069  -64.994  -30.989 0.5000000000
26174  2.867  -64.073  -32.397 0.6000000238
26176  1.338  -64.305  -32.684 0.6999999881
26178  -0.453  -64.204  -32.258 0.6000000238
26180  -1.728  -65.273  -31.483 0.5000000000
27084  5.328  -63.291  -28.165 0.6000000238
27105  2.207  -63.082  -29.273 0.6000000238
27110  -1.281  -64.677  -29.853 0.5000000000
27120  9.109  -63.307  -30.162 0.3000000119
27123  6.959  -63.702  -30.548 0.3000000119
27125  -0.452  -63.038  -30.724 0.5000000000
27141  -0.796  -63.584  -31.282 0.6000000238
27142  -1.329  -64.311  -31.044 0.5000000000
27150  4.851  -63.037  -32.193 0.4000000060
27153  2.423  -63.384  -33.093 0.6000000238
27154  1.744  -63.406  -33.019 0.5000000000
27156  -0.401  -63.545  -32.078 0.8000000119
27167  1.671  -63.015  -33.256 0.6000000238
28021  5.219  -62.543  -26.495 0.4000000060
28023  3.176  -62.188  -25.912 0.4000000060
28055  4.422  -62.680  -29.069 0.5000000000
28056  3.149  -62.829  -29.218 0.6000000238
28073  1.561  -62.192  -29.411 0.5000000000
28091  9.378  -63.017  -30.860 0.3000000119
28094  0.135  -62.459  -30.356 0.6000000238
28112  6.448  -62.583  -31.975 0.4000000060
28133  6.086  -62.256  -33.037 0.3000000119
28135  3.530  -62.734  -33.273 0.5000000000
28136  1.421  -62.602  -33.064 0.6000000238
28137  0.638  -62.785  -32.642 0.6999999881
28138  0.066  -63.034  -32.293 0.8000000119
28157  3.050  -62.556  -33.583 0.4000000060
29083  6.027  -59.966  -28.432 0.4000000060
29113  0.638  -61.983  -29.905 0.6000000238
29124  1.251  -61.351  -30.880 0.6999999881
29137  0.732  -61.833  -31.464 0.6999999881
29148  2.175  -61.726  -32.935 0.6000000238
29150  0.903  -62.141  -32.446 0.6999999881
29167  3.427  -61.987  -33.487 0.4000000060
29168  2.578  -62.349  -33.505 0.5000000000
29169  1.932  -62.315  -33.295 0.6000000238
30069  6.455  -60.307  -23.890 0.3000000119
30076  7.037  -60.316  -24.352 0.3000000119
30091  4.713  -60.920  -25.289 0.4000000060
30134  4.301  -59.403  -29.236 0.4000000060
30146  2.594  -60.501  -30.162 0.5000000000
30159  1.883  -60.906  -30.399 0.6000000238
30169  2.907  -60.352  -31.319 0.6000000238
30176  2.455  -60.989  -32.118 0.6000000238
30188  5.815  -60.630  -33.462 0.3000000119
30189  4.488  -61.150  -33.263 0.6000000238
30190  3.763  -61.294  -33.081 0.5000000000
30206  7.612  -60.557  -34.672 0.3000000119
31130  7.486  -59.379  -26.139 0.3000000119
31160  3.647  -59.447  -29.732 0.4000000060
31161  3.110  -59.962  -30.034 0.4000000060
31171  4.364  -58.518  -30.022 0.4000000060
31184  3.440  -59.750  -30.768 0.5000000000
32179  4.765  -57.661  -28.626 0.3000000119
32193  3.965  -58.820  -29.730 0.4000000060
33222  5.295  -57.151  -28.956 0.3000000119
33236  6.579  -57.468  -29.365 0.3000000119
33237  5.748  -57.515  -29.497 0.3000000119
122899  4.899  -59.366  -31.390 0.4000000060
122966  7.170  -59.624  -33.308 0.3000000119
123933  12.302  -93.221  -35.644 0.4000000060
125037  13.157  -99.303  -27.433 0.5000000000
125104  14.676  -93.227  -40.012 0.4000000060
125260  2.552  -76.303  -43.031 0.6000000238
125544  -0.133  -65.937  -32.543 0.6999999881
126323  2.369  -61.948  -29.427 0.6000000238
127006  -0.740  -69.577  -36.236 0.5000000000
127217  8.489  -75.934  -35.712 0.8000000119
127362  -0.040  -62.555  -31.109 0.6999999881
128014  12.426  -82.955  -38.369 0.6999999881
128015  11.258  -98.025  -27.850 0.5000000000
128213  8.040  -75.933  -35.271 0.6999999881
128444  12.422  -83.502  -42.112 0.6999999881
128953  4.241  -95.306  -30.334 0.4000000060
129071  6.444  -64.391  -30.378 0.3000000119
129450  3.415  -65.240  -36.579 0.5000000000
129453  8.728  -77.405  -41.648 0.6000000238
129544  1.328  -65.879  -32.524 0.6999999881
130425  0.338  -66.902  -32.700 0.6999999881
130621  15.326  -92.657  -42.210 0.6000000238
131133  9.700  -83.367  -37.797 0.6999999881
131719  0.199  -66.527  -38.017 0.6000000238
132179  6.110  -61.767  -28.586 0.5000000000
132285  8.654  -66.735  -42.532 0.6999999881
132321  10.740  -78.482  -39.500 0.6000000238
132407  12.683  -100.460  -27.219 0.5000000000
132494  12.288  -82.063  -37.148 0.6999999881
133624  3.898  -73.059  -38.944 0.6000000238
133631  18.108  -88.299  -42.612 0.6999999881
134239  4.432  -66.311  -30.277 0.5000000000
134560  10.941  -78.872  -40.167 0.5000000000
135313  1.492  -73.238  -30.680 0.6000000238
135530  12.259  -80.758  -39.027 0.6000000238
135619  6.195  -61.079  -33.896 0.3000000119
135679  1.092  -61.766  -29.660 0.6000000238
135697  9.532  -95.625  -27.544 0.4000000060
135751  2.504  -62.789  -33.697 0.5000000000
136118  6.492  -68.055  -28.602 0.5000000000
136323  0.591  -67.479  -36.773 0.6000000238
136354  10.363  -97.954  -37.063 0.3000000119
137018  -1.280  -65.524  -31.944 0.6000000238
137154  3.891  -68.033  -30.147 0.8000000119
137712  -2.661  -66.593  -31.285 0.5000000000
137937  8.505  -88.854  -28.260 0.3000000119
137982  1.228  -66.331  -36.919 0.5000000000
138249  3.510  -73.449  -31.681 0.6999999881
138467  5.742  -68.200  -43.287 0.6000000238
138608  7.041  -90.243  -30.574 0.5000000000
138779  11.685  -100.135  -32.740 0.3000000119
138840  8.821  -71.113  -30.051 0.5000000000
139189  8.127  -76.976  -41.532 0.5000000000
139557  -1.664  -71.368  -32.956 0.5000000000
139907  7.442  -93.725  -29.572 0.4000000060
140325  15.293  -98.975  -28.486 0.3000000119
140727  12.504  -100.874  -27.624 0.4000000060
141420  8.851  -76.033  -36.211 0.8000000119
141435  5.968  -70.252  -28.793 0.6000000238
141834  4.756  -73.280  -31.902 0.8000000119
141957  12.185  -100.453  -31.516 0.3000000119
142572  6.438  -60.670  -28.225 0.4000000060
143077  10.415  -67.523  -42.334 0.5000000000
143486  3.346  -73.915  -39.790 0.6000000238
143565  3.804  -69.123  -43.543 0.6000000238
143568  0.002  -67.810  -38.703 0.6000000238
143776  -0.981  -71.512  -39.831 0.5000000000
144254  -1.345  -68.813  -36.536 0.5000000000
144257  -2.330  -69.779  -35.244 0.5000000000
144304  2.644  -67.079  -31.514 0.8000000119
144784  3.854  -59.120  -30.329 0.5000000000
145057  2.870  -71.579  -30.884 0.6000000238
145185  12.683  -91.708  -37.306 0.4000000060
145272  15.758  -86.322  -43.985 0.6999999881
145597  8.515  -67.083  -42.825 0.6000000238
145657  12.508  -99.391  -34.196 0.3000000119
145768  0.926  -72.698  -29.550 0.5000000000
145772  5.653  -63.640  -26.966 0.3000000119
146368  8.254  -74.730  -37.509 0.6999999881
146388  10.104  -67.525  -42.486 0.6000000238
146436  12.362  -93.536  -42.221 0.4000000060
146438  15.408  -85.769  -44.552 0.6000000238
146537  3.315  -60.359  -24.899 0.3000000119
146614  -1.261  -70.128  -35.287 0.5000000000
147034  5.714  -67.165  -29.285 0.6000000238
147201  15.346  -99.658  -31.030 0.3000000119
147245  5.566  -72.600  -32.718 0.8000000119
147311  0.813  -66.148  -37.513 0.6000000238
147596  5.210  -69.776  -34.400 0.6999999881
147936  15.233  -90.171  -43.451 0.6999999881
147992  15.326  -85.035  -45.303 0.4000000060
148028  10.699  -98.188  -36.654 0.3000000119
148147  13.087  -101.000  -28.793 0.4000000060
148440  4.407  -59.025  -30.672 0.5000000000
148458  5.377  -70.054  -29.100 0.6000000238
148785  17.691  -90.230  -42.144 0.6999999881
