#!ascii label  , from subject sub-v1s18x0051277_ses-1 vox2ras=TkReg
1068
41650  -17.124  -24.591  45.578 0.0000000000
51647  -35.008  -13.501  28.469 0.0000000000
134548  -28.562  -7.617  28.236 0.0000000000
53716  -28.292  -11.636  33.760 0.0000000000
70269  -33.842  6.122  16.743 0.0000000000
63565  -29.719  -1.681  20.067 0.0000000000
53718  -36.756  -11.395  33.666 0.0000000000
51603  -31.168  -14.374  31.881 0.0000000000
73062  -40.167  8.872  17.925 0.0000000000
76795  -41.605  13.021  16.262 0.0000000000
78669  -43.848  15.110  13.222 0.0000000000
129336  -30.839  -1.655  28.919 0.0000000000
61476  -27.539  -3.810  24.094 0.0000000000
121075  -33.042  -0.486  23.985 0.0000000000
123447  -35.844  0.678  20.725 0.0000000000
49750  -22.545  -15.301  35.787 0.0000000000
39760  -15.619  -26.462  50.127 0.0000000000
54758  -32.805  -10.148  29.199 0.0000000000
137190  -31.112  -4.105  33.184 0.0000000000
51599  -23.721  -13.907  31.967 0.0000000000
51642  -27.645  -13.013  27.887 0.0000000000
76874  -43.395  12.388  7.348 0.0000000000
80565  -46.605  16.211  10.767 0.0000000000
67554  -31.631  2.184  18.188 0.0000000000
69368  -37.555  4.705  19.880 0.0000000000
42587  -18.244  -23.096  41.599 0.0000000000
37926  -10.858  -28.816  49.100 0.0000000000
74971  -41.182  10.740  17.759 0.0000000000
63465  -31.808  -0.704  26.312 0.0000000000
134103  -22.179  -19.277  34.592 0.0000000000
39775  -16.156  -25.883  47.785 0.0000000000
52701  -33.124  -12.431  26.892 0.0000000000
53769  -34.321  -10.852  28.409 0.0000000000
53713  -25.610  -11.458  33.065 0.0000000000
124837  -25.231  -12.446  29.715 0.0000000000
53741  -27.327  -11.559  31.133 0.0000000000
50671  -33.758  -15.267  30.276 0.0000000000
50681  -31.030  -14.801  28.828 0.0000000000
50694  -32.793  -15.113  27.901 0.0000000000
130525  -27.809  -11.515  36.289 0.0000000000
53702  -24.951  -11.511  34.842 0.0000000000
75024  -38.046  11.013  12.042 0.0000000000
76865  -41.687  12.289  8.654 0.0000000000
79603  -45.393  15.589  11.629 0.0000000000
62514  -28.297  -2.481  22.453 0.0000000000
64679  -30.798  -0.906  19.061 0.0000000000
68450  -37.027  2.981  20.317 0.0000000000
129746  -20.141  -19.972  38.073 0.0000000000
134437  -19.386  -21.161  39.824 0.0000000000
44303  -19.402  -21.539  42.062 0.0000000000
42596  -18.507  -23.397  39.635 0.0000000000
37942  -11.640  -28.932  46.853 0.0000000000
52634  -36.424  -12.632  30.899 0.0000000000
54736  -35.170  -10.255  31.063 0.0000000000
55704  -35.227  -9.478  33.579 0.0000000000
51550  -30.954  -13.422  35.885 0.0000000000
52616  -29.946  -12.801  33.027 0.0000000000
51563  -32.330  -14.295  34.323 0.0000000000
131899  -34.224  -14.290  32.899 0.0000000000
72049  -36.843  7.299  17.429 0.0000000000
73084  -38.012  9.019  16.027 0.0000000000
75923  -39.447  11.477  14.615 0.0000000000
76822  -40.237  12.698  13.318 0.0000000000
77737  -41.698  13.442  11.592 0.0000000000
78655  -43.044  14.546  15.380 0.0000000000
61426  -28.665  -3.794  29.146 0.0000000000
140469  -27.161  -6.230  26.321 0.0000000000
141426  -28.744  -2.742  26.615 0.0000000000
63496  -29.532  -1.244  24.217 0.0000000000
63533  -31.008  -0.600  22.477 0.0000000000
145009  -32.524  -0.452  20.871 0.0000000000
63554  -34.225  -0.555  22.235 0.0000000000
48889  -21.936  -16.156  37.472 0.0000000000
46172  -21.115  -19.558  36.428 0.0000000000
78712  -48.139  15.006  6.089 0.0000000000
39741  -14.432  -26.082  51.666 0.0000000000
53790  -31.904  -11.327  26.906 0.0000000000
56728  -30.852  -9.096  29.229 0.0000000000
56706  -32.795  -9.010  31.386 0.0000000000
143047  -31.473  -7.560  31.553 0.0000000000
59509  -29.794  -5.810  31.496 0.0000000000
62441  -30.797  -1.870  30.567 0.0000000000
52672  -29.162  -12.764  29.934 0.0000000000
52563  -23.711  -12.528  36.842 0.0000000000
49774  -23.043  -15.362  33.424 0.0000000000
77746  -43.377  13.782  10.385 0.0000000000
77756  -44.889  13.965  9.037 0.0000000000
78704  -46.714  14.529  7.492 0.0000000000
80578  -47.810  16.158  8.777 0.0000000000
41672  -15.499  -25.023  42.915 0.0000000000
129769  -14.503  -26.055  45.088 0.0000000000
69390  -32.573  4.236  17.596 0.0000000000
66636  -33.959  1.789  20.218 0.0000000000
68465  -34.523  3.547  19.829 0.0000000000
71096  -35.680  5.928  18.536 0.0000000000
120714  -39.116  6.816  19.168 0.0000000000
41674  -17.319  -23.626  42.959 0.0000000000
38855  -14.313  -26.796  47.400 0.0000000000
139551  -13.260  -27.568  49.426 0.0000000000
38828  -11.415  -27.067  50.470 0.0000000000
40722  -17.191  -24.920  46.507 0.0000000000
51646  -34.275  -13.941  27.901 0.0000000000
52688  -34.637  -12.734  27.717 0.0000000000
143223  -35.124  -12.461  28.202 0.0000000000
53715  -27.407  -11.406  33.622 0.0000000000
128001  -26.855  -11.447  31.835 0.0000000000
53729  -28.052  -11.567  32.882 0.0000000000
139452  -34.451  -14.935  29.696 0.0000000000
50683  -32.942  -15.527  29.279 0.0000000000
50695  -33.565  -15.042  28.551 0.0000000000
50707  -33.413  -14.496  27.668 0.0000000000
52577  -29.680  -12.377  35.795 0.0000000000
53679  -29.074  -12.028  37.132 0.0000000000
53690  -28.403  -11.661  35.782 0.0000000000
53688  -26.527  -11.357  34.951 0.0000000000
75963  -41.025  12.111  8.992 0.0000000000
56741  -29.210  -8.808  27.755 0.0000000000
56740  -28.499  -8.310  27.442 0.0000000000
62524  -28.997  -1.923  21.292 0.0000000000
133727  -29.039  -2.777  20.250 0.0000000000
63577  -30.315  -1.400  19.484 0.0000000000
44333  -19.901  -21.360  37.819 0.0000000000
45245  -19.780  -20.141  38.893 0.0000000000
43472  -19.224  -22.185  38.931 0.0000000000
43466  -19.032  -22.286  39.859 0.0000000000
42602  -18.930  -23.647  38.684 0.0000000000
144906  -36.550  -13.039  31.621 0.0000000000
127411  -36.382  -10.965  32.298 0.0000000000
54718  -36.197  -10.671  33.188 0.0000000000
51541  -32.301  -13.887  36.075 0.0000000000
51562  -31.645  -14.017  34.661 0.0000000000
51552  -33.387  -14.062  35.431 0.0000000000
52607  -36.364  -13.092  33.935 0.0000000000
51579  -35.124  -13.959  33.823 0.0000000000
51580  -36.189  -13.619  33.205 0.0000000000
122675  -35.421  -14.308  31.627 0.0000000000
72051  -38.328  7.704  17.764 0.0000000000
73071  -37.145  8.177  16.476 0.0000000000
73073  -39.083  8.963  16.982 0.0000000000
76783  -41.662  12.152  17.364 0.0000000000
75906  -40.364  11.265  16.282 0.0000000000
75915  -40.983  12.481  15.981 0.0000000000
75933  -39.671  12.095  13.961 0.0000000000
125553  -40.832  13.014  14.718 0.0000000000
77725  -41.373  13.618  13.706 0.0000000000
77712  -42.412  14.031  15.656 0.0000000000
62455  -29.746  -2.468  29.047 0.0000000000
61445  -28.915  -2.906  27.900 0.0000000000
62466  -30.089  -1.948  27.885 0.0000000000
63485  -32.315  -0.529  25.570 0.0000000000
63483  -30.566  -1.018  25.540 0.0000000000
63498  -31.077  -0.674  24.888 0.0000000000
63514  -30.190  -0.777  23.702 0.0000000000
63515  -31.856  -0.595  23.081 0.0000000000
63534  -32.721  -0.576  22.490 0.0000000000
63517  -33.607  -0.502  23.586 0.0000000000
50599  -22.877  -13.922  36.961 0.0000000000
136335  -22.630  -14.270  38.235 0.0000000000
130688  -22.379  -15.622  36.369 0.0000000000
47122  -21.549  -18.891  35.807 0.0000000000
79623  -48.544  15.567  6.499 0.0000000000
79624  -49.163  15.917  6.134 0.0000000000
39754  -15.365  -26.423  50.806 0.0000000000
53777  -33.483  -11.094  27.857 0.0000000000
120405  -32.319  -11.940  26.463 0.0000000000
54770  -31.671  -10.403  28.167 0.0000000000
55772  -30.815  -10.223  27.845 0.0000000000
143271  -31.529  -9.410  29.515 0.0000000000
55713  -34.444  -9.350  32.466 0.0000000000
55733  -34.268  -9.875  30.912 0.0000000000
139366  -33.338  -8.081  32.689 0.0000000000
60427  -31.752  -4.539  33.570 0.0000000000
58519  -32.094  -7.223  32.441 0.0000000000
59501  -31.110  -5.956  32.556 0.0000000000
58527  -30.446  -6.924  31.213 0.0000000000
128947  -29.916  -5.062  31.943 0.0000000000
60448  -29.635  -4.075  31.541 0.0000000000
62425  -30.710  -2.813  32.171 0.0000000000
52685  -26.257  -12.882  28.460 0.0000000000
51590  -30.760  -13.810  32.393 0.0000000000
52632  -29.407  -12.591  31.751 0.0000000000
51615  -30.376  -13.864  30.773 0.0000000000
50692  -30.439  -14.534  28.040 0.0000000000
143249  -25.594  -11.374  38.184 0.0000000000
51575  -23.915  -12.947  33.162 0.0000000000
51559  -23.489  -13.333  34.472 0.0000000000
50647  -23.491  -14.581  32.428 0.0000000000
144048  -23.312  -16.333  32.120 0.0000000000
78675  -42.803  14.257  12.283 0.0000000000
77745  -42.647  13.566  10.633 0.0000000000
78676  -43.442  14.397  11.755 0.0000000000
79604  -45.991  15.862  11.215 0.0000000000
78688  -44.928  14.380  9.768 0.0000000000
78683  -45.755  14.899  9.664 0.0000000000
78696  -45.835  14.307  8.308 0.0000000000
78690  -46.164  14.794  8.905 0.0000000000
78698  -47.116  15.026  7.942 0.0000000000
79610  -47.193  15.749  9.146 0.0000000000
60517  -27.286  -4.619  25.394 0.0000000000
58599  -27.029  -6.992  24.636 0.0000000000
67580  -31.892  2.916  17.059 0.0000000000
67568  -31.900  2.854  17.928 0.0000000000
64667  -34.046  -0.212  20.838 0.0000000000
65662  -33.393  0.102  20.423 0.0000000000
66619  -34.559  1.103  20.490 0.0000000000
68468  -37.265  3.790  20.166 0.0000000000
67545  -35.210  2.857  20.217 0.0000000000
69367  -36.511  4.423  19.790 0.0000000000
69366  -35.577  4.740  19.482 0.0000000000
131724  -36.825  5.252  19.468 0.0000000000
71098  -37.577  6.539  18.617 0.0000000000
71086  -38.666  6.098  19.508 0.0000000000
43451  -18.721  -22.654  42.043 0.0000000000
42580  -18.431  -22.963  42.581 0.0000000000
124084  -18.598  -23.000  43.390 0.0000000000
42586  -17.868  -23.315  42.338 0.0000000000
41683  -16.423  -24.587  41.590 0.0000000000
41692  -17.070  -24.091  41.090 0.0000000000
39798  -13.676  -27.168  44.335 0.0000000000
39781  -14.053  -26.657  46.257 0.0000000000
132340  -13.387  -27.107  45.645 0.0000000000
37934  -11.527  -28.807  47.617 0.0000000000
37927  -12.028  -28.329  48.145 0.0000000000
37919  -11.678  -28.285  49.173 0.0000000000
38838  -12.277  -27.321  50.434 0.0000000000
37918  -10.744  -28.183  49.852 0.0000000000
51553  -34.218  -13.880  35.554 0.0000000000
74021  -41.365  9.624  18.659 0.0000000000
74034  -40.969  9.990  18.027 0.0000000000
74958  -42.002  10.870  18.983 0.0000000000
63445  -31.555  -1.241  27.885 0.0000000000
48919  -22.555  -16.546  34.370 0.0000000000
48912  -22.320  -16.704  35.259 0.0000000000
40693  -17.163  -25.578  49.037 0.0000000000
133012  -16.448  -26.014  49.223 0.0000000000
51667  -33.164  -13.280  26.718 0.0000000000
53792  -33.902  -11.999  27.344 0.0000000000
54772  -33.381  -10.479  28.592 0.0000000000
63398  -31.772  -1.672  32.814 0.0000000000
52629  -24.403  -12.555  31.841 0.0000000000
51613  -24.312  -13.306  30.651 0.0000000000
52630  -25.386  -11.697  31.427 0.0000000000
52650  -25.953  -11.762  30.016 0.0000000000
52651  -27.455  -12.240  29.222 0.0000000000
50670  -32.828  -15.142  31.013 0.0000000000
50668  -30.911  -14.602  30.297 0.0000000000
50682  -31.793  -15.106  29.535 0.0000000000
50693  -31.742  -15.123  28.620 0.0000000000
143377  -32.262  -15.261  27.169 0.0000000000
142119  -27.427  -11.518  37.602 0.0000000000
53675  -26.149  -11.369  36.649 0.0000000000
122033  -26.417  -11.346  35.824 0.0000000000
125146  -25.048  -11.533  33.832 0.0000000000
75015  -37.512  10.395  12.374 0.0000000000
76873  -42.630  12.120  7.593 0.0000000000
79593  -44.902  16.069  14.335 0.0000000000
79598  -44.528  15.476  12.847 0.0000000000
61485  -27.562  -3.809  23.269 0.0000000000
64692  -30.621  -0.869  18.121 0.0000000000
65688  -31.562  0.536  19.153 0.0000000000
66622  -37.275  1.598  20.733 0.0000000000
66621  -36.400  1.289  20.635 0.0000000000
67529  -37.548  2.357  20.596 0.0000000000
47087  -20.462  -18.602  38.441 0.0000000000
47073  -20.086  -18.617  39.315 0.0000000000
46111  -19.501  -19.813  41.412 0.0000000000
45224  -19.434  -20.893  41.303 0.0000000000
43459  -18.938  -22.310  40.778 0.0000000000
42591  -18.298  -23.224  40.560 0.0000000000
41693  -17.437  -24.741  40.243 0.0000000000
41703  -18.332  -24.824  39.177 0.0000000000
52654  -35.825  -13.090  29.699 0.0000000000
121141  -35.732  -11.882  29.185 0.0000000000
53744  -36.324  -11.672  30.820 0.0000000000
55723  -35.171  -9.940  31.951 0.0000000000
125407  -29.658  -12.443  34.988 0.0000000000
52605  -29.501  -12.429  33.461 0.0000000000
52592  -30.218  -13.019  34.565 0.0000000000
51576  -30.879  -13.589  33.999 0.0000000000
50635  -31.956  -14.520  32.973 0.0000000000
50616  -33.978  -14.040  34.870 0.0000000000
50637  -33.589  -14.253  33.424 0.0000000000
50649  -32.676  -14.718  32.396 0.0000000000
50659  -33.477  -14.868  31.722 0.0000000000
50672  -34.668  -14.892  30.331 0.0000000000
127128  -30.311  -12.816  36.243 0.0000000000
71109  -34.951  6.725  17.156 0.0000000000
71125  -34.382  6.771  16.184 0.0000000000
72074  -35.670  7.675  16.063 0.0000000000
73083  -37.265  8.688  15.835 0.0000000000
74062  -37.191  9.571  14.518 0.0000000000
74977  -39.746  10.196  16.419 0.0000000000
139586  -38.617  10.154  15.232 0.0000000000
74996  -37.664  10.185  14.158 0.0000000000
75931  -38.679  11.240  13.504 0.0000000000
75940  -39.179  11.961  12.484 0.0000000000
76836  -40.084  12.545  11.388 0.0000000000
76844  -40.693  12.701  10.816 0.0000000000
77731  -41.276  13.382  12.309 0.0000000000
77726  -41.951  14.046  13.377 0.0000000000
78665  -43.104  14.704  14.490 0.0000000000
78645  -43.658  14.590  16.690 0.0000000000
79592  -44.283  15.572  14.726 0.0000000000
59534  -28.187  -5.467  29.205 0.0000000000
58554  -27.688  -6.413  27.760 0.0000000000
60492  -27.732  -5.019  27.927 0.0000000000
60504  -27.918  -4.011  26.838 0.0000000000
61469  -28.144  -3.184  25.531 0.0000000000
62478  -29.887  -1.904  26.908 0.0000000000
62491  -29.195  -1.975  25.519 0.0000000000
62506  -28.408  -2.469  24.214 0.0000000000
62507  -28.814  -1.753  23.802 0.0000000000
137443  -29.257  -1.275  22.600 0.0000000000
63550  -30.277  -0.873  21.268 0.0000000000
63567  -31.016  -0.653  20.801 0.0000000000
63551  -31.062  -0.611  21.654 0.0000000000
64650  -33.715  -0.481  21.476 0.0000000000
64652  -35.256  -0.260  21.336 0.0000000000
64635  -35.900  -0.343  21.650 0.0000000000
65652  -37.070  0.324  21.294 0.0000000000
48878  -21.645  -16.064  38.390 0.0000000000
48052  -22.011  -17.435  35.611 0.0000000000
140507  -21.406  -17.871  36.726 0.0000000000
47102  -21.021  -18.133  37.350 0.0000000000
46171  -20.567  -19.819  37.274 0.0000000000
55757  -30.442  -9.506  28.367 0.0000000000
56713  -29.624  -8.130  28.972 0.0000000000
53770  -35.029  -10.690  29.104 0.0000000000
54747  -34.126  -10.033  29.986 0.0000000000
55731  -32.536  -9.315  30.642 0.0000000000
57583  -32.386  -8.289  31.671 0.0000000000
56715  -31.792  -9.053  30.325 0.0000000000
57602  -30.859  -7.882  30.508 0.0000000000
57601  -30.341  -7.725  30.145 0.0000000000
58535  -29.152  -6.911  29.642 0.0000000000
59515  -28.814  -4.845  30.503 0.0000000000
61415  -29.437  -3.252  30.423 0.0000000000
63414  -30.886  -1.716  29.824 0.0000000000
63406  -31.603  -1.464  31.883 0.0000000000
63416  -32.170  -0.941  30.400 0.0000000000
52614  -28.693  -11.978  32.129 0.0000000000
52652  -28.611  -12.274  30.534 0.0000000000
52687  -27.992  -12.607  28.552 0.0000000000
51630  -30.288  -13.925  29.901 0.0000000000
51644  -29.537  -13.522  28.623 0.0000000000
52551  -23.704  -12.416  37.775 0.0000000000
50608  -22.884  -14.031  36.127 0.0000000000
52564  -24.250  -11.868  36.313 0.0000000000
129733  -23.168  -13.778  34.929 0.0000000000
138506  -22.780  -15.115  34.625 0.0000000000
48926  -22.816  -16.250  33.496 0.0000000000
76846  -41.908  13.098  10.091 0.0000000000
76858  -42.218  12.798  9.237 0.0000000000
76867  -43.157  12.737  8.171 0.0000000000
78677  -44.286  14.748  11.485 0.0000000000
77755  -44.271  13.777  9.314 0.0000000000
76868  -43.901  13.024  7.939 0.0000000000
76876  -44.896  13.087  6.834 0.0000000000
77778  -45.697  13.414  6.531 0.0000000000
77779  -46.445  13.713  6.217 0.0000000000
78710  -46.895  14.328  6.725 0.0000000000
79617  -47.714  15.401  7.612 0.0000000000
141283  -15.936  -24.745  44.461 0.0000000000
139137  -15.896  -25.284  45.590 0.0000000000
40737  -14.662  -25.968  43.648 0.0000000000
57635  -27.405  -7.734  25.898 0.0000000000
69391  -33.076  4.926  17.541 0.0000000000
64665  -31.802  -0.425  20.375 0.0000000000
65675  -32.255  0.506  19.755 0.0000000000
66634  -32.191  1.311  19.440 0.0000000000
67526  -34.867  1.975  20.385 0.0000000000
67544  -34.240  2.666  20.068 0.0000000000
67556  -32.775  2.963  19.250 0.0000000000
69364  -33.806  4.098  19.283 0.0000000000
70238  -33.648  5.101  18.141 0.0000000000
70255  -35.014  6.091  18.043 0.0000000000
71111  -36.544  6.758  17.921 0.0000000000
71113  -37.963  7.115  18.212 0.0000000000
72039  -39.494  7.543  18.750 0.0000000000
133104  -18.416  -23.886  45.391 0.0000000000
41652  -18.339  -23.597  44.653 0.0000000000
120521  -17.356  -24.042  44.366 0.0000000000
41673  -16.342  -24.280  42.681 0.0000000000
40756  -15.805  -26.047  41.711 0.0000000000
39792  -15.205  -25.926  46.352 0.0000000000
39774  -15.514  -26.316  48.051 0.0000000000
38849  -14.870  -26.944  49.067 0.0000000000
38860  -12.693  -27.796  46.824 0.0000000000
38848  -13.443  -27.526  48.567 0.0000000000
38840  -14.578  -27.114  49.823 0.0000000000
38831  -14.180  -27.030  50.532 0.0000000000
38824  -12.959  -26.523  51.165 0.0000000000
37917  -10.078  -28.721  49.710 0.0000000000
38827  -10.459  -27.144  50.294 0.0000000000
41641  -17.849  -24.359  45.853 0.0000000000
40721  -16.479  -25.167  45.979 0.0000000000
144250  -27.882  -11.494  34.156 0.0000000000
53728  -27.141  -11.397  32.671 0.0000000000
51631  -34.497  -14.570  28.905 0.0000000000
52576  -29.095  -11.946  35.348 0.0000000000
53691  -29.088  -11.935  36.216 0.0000000000
53706  -28.368  -11.670  34.715 0.0000000000
53705  -27.374  -11.433  34.510 0.0000000000
75962  -40.360  11.802  9.417 0.0000000000
56726  -29.090  -8.192  28.325 0.0000000000
62533  -29.213  -2.119  20.529 0.0000000000
62532  -28.725  -2.688  20.820 0.0000000000
62542  -29.423  -2.427  19.823 0.0000000000
62543  -29.871  -2.022  19.317 0.0000000000
43473  -19.630  -22.083  38.095 0.0000000000
44332  -19.559  -21.498  38.615 0.0000000000
43480  -19.319  -22.829  38.365 0.0000000000
53717  -36.860  -11.604  32.759 0.0000000000
121244  -32.879  -13.894  36.568 0.0000000000
120685  -32.944  -13.988  35.921 0.0000000000
51542  -33.644  -13.904  36.222 0.0000000000
134326  -36.867  -12.489  33.412 0.0000000000
52617  -36.826  -12.829  32.443 0.0000000000
73061  -39.459  8.581  17.639 0.0000000000
73060  -38.689  8.343  17.364 0.0000000000
126303  -41.939  12.873  17.060 0.0000000000
76794  -41.357  12.375  16.700 0.0000000000
76806  -40.617  12.539  15.208 0.0000000000
76807  -41.266  13.139  15.392 0.0000000000
138115  -41.896  13.510  15.794 0.0000000000
62456  -30.249  -1.980  28.656 0.0000000000
62465  -29.571  -2.427  28.293 0.0000000000
63430  -30.817  -1.619  28.300 0.0000000000
121077  -32.860  -0.471  24.754 0.0000000000
121546  -31.871  -0.552  24.777 0.0000000000
123743  -31.219  -0.625  24.026 0.0000000000
63499  -32.286  -0.534  23.975 0.0000000000
63516  -32.837  -0.529  23.314 0.0000000000
50607  -22.597  -14.805  36.517 0.0000000000
121969  -22.313  -16.080  35.838 0.0000000000
79619  -48.940  16.136  6.885 0.0000000000
39761  -16.270  -26.122  49.919 0.0000000000
39755  -16.115  -26.112  50.624 0.0000000000
39749  -15.895  -25.997  51.382 0.0000000000
54771  -32.603  -10.486  28.405 0.0000000000
54785  -32.319  -10.940  27.638 0.0000000000
138304  -31.973  -10.049  29.021 0.0000000000
56699  -33.774  -8.953  32.233 0.0000000000
57576  -33.829  -7.948  33.259 0.0000000000
60440  -31.283  -5.137  33.086 0.0000000000
59500  -30.605  -5.180  32.501 0.0000000000
60439  -30.740  -4.495  32.774 0.0000000000
60449  -30.227  -4.304  32.261 0.0000000000
61395  -30.632  -3.682  32.571 0.0000000000
134853  -23.664  -14.703  31.561 0.0000000000
50666  -23.902  -14.776  30.746 0.0000000000
139722  -31.337  -14.300  32.493 0.0000000000
51602  -30.508  -13.794  31.614 0.0000000000
51587  -23.983  -13.148  32.340 0.0000000000
51586  -23.610  -13.782  32.815 0.0000000000
49795  -23.452  -15.480  32.030 0.0000000000
76882  -43.699  12.011  6.575 0.0000000000
78672  -43.337  14.642  12.692 0.0000000000
79607  -46.099  15.504  10.354 0.0000000000
79609  -46.481  15.367  9.444 0.0000000000
79613  -46.807  15.226  8.665 0.0000000000
79608  -46.868  15.966  9.938 0.0000000000
60522  -27.194  -4.669  24.367 0.0000000000
59572  -26.987  -5.448  24.926 0.0000000000
65694  -31.115  0.727  18.118 0.0000000000
65702  -31.181  0.736  17.314 0.0000000000
66654  -31.359  1.553  17.551 0.0000000000
67567  -31.635  2.327  17.474 0.0000000000
65664  -35.135  0.483  20.701 0.0000000000
65663  -34.303  0.278  20.603 0.0000000000
70229  -37.492  5.488  19.470 0.0000000000
70230  -38.172  5.398  19.708 0.0000000000
145294  -17.637  -23.497  41.555 0.0000000000
38865  -13.233  -27.441  44.850 0.0000000000
36977  -11.034  -29.272  48.194 0.0000000000
145486  -11.414  -28.723  48.382 0.0000000000
130018  -11.514  -27.685  50.069 0.0000000000
63446  -32.388  -0.932  27.943 0.0000000000
127896  -22.479  -18.250  33.893 0.0000000000
130312  -16.927  -25.420  47.496 0.0000000000
40703  -17.461  -25.273  48.175 0.0000000000
40702  -16.681  -25.770  48.417 0.0000000000
51660  -33.658  -13.750  27.297 0.0000000000
129644  -34.562  -11.685  27.864 0.0000000000
53712  -24.912  -11.712  32.884 0.0000000000
53725  -24.835  -11.888  32.044 0.0000000000
53726  -25.473  -11.578  32.236 0.0000000000
137805  -26.573  -11.496  31.184 0.0000000000
53755  -26.696  -11.604  30.479 0.0000000000
53768  -26.751  -11.891  29.646 0.0000000000
141969  -27.665  -11.838  30.237 0.0000000000
50669  -31.806  -14.993  30.623 0.0000000000
133264  -32.816  -15.400  30.080 0.0000000000
126297  -32.500  -15.313  28.672 0.0000000000
49823  -31.926  -15.258  27.741 0.0000000000
50706  -32.723  -14.873  27.055 0.0000000000
53678  -28.428  -11.702  36.640 0.0000000000
53666  -29.381  -12.158  37.811 0.0000000000
138618  -28.397  -11.718  37.339 0.0000000000
53664  -27.976  -11.565  37.909 0.0000000000
53677  -27.701  -11.554  37.078 0.0000000000
53676  -27.064  -11.424  36.447 0.0000000000
138272  -25.843  -11.378  33.734 0.0000000000
53703  -25.730  -11.367  34.454 0.0000000000
52613  -24.396  -12.334  32.638 0.0000000000
131299  -27.869  -3.144  22.836 0.0000000000
60538  -27.655  -3.990  22.386 0.0000000000
61494  -27.972  -3.287  21.920 0.0000000000
63588  -30.430  -1.482  18.667 0.0000000000
64693  -31.004  -0.155  18.598 0.0000000000
66623  -38.045  1.751  20.887 0.0000000000
69356  -38.886  4.028  20.492 0.0000000000
46144  -20.114  -19.339  38.683 0.0000000000
45244  -19.534  -20.412  39.778 0.0000000000
140511  -19.577  -19.870  40.059 0.0000000000
128393  -19.378  -21.070  40.509 0.0000000000
43465  -18.660  -22.778  40.255 0.0000000000
41694  -18.083  -24.077  39.838 0.0000000000
42601  -18.489  -24.065  39.164 0.0000000000
52633  -36.121  -13.162  30.414 0.0000000000
52655  -36.190  -12.092  30.039 0.0000000000
54726  -35.699  -10.310  32.449 0.0000000000
54737  -35.989  -10.791  31.467 0.0000000000
55714  -35.067  -9.712  32.800 0.0000000000
52578  -30.276  -12.963  35.395 0.0000000000
51561  -30.896  -13.581  35.029 0.0000000000
51577  -31.736  -14.170  33.789 0.0000000000
122383  -31.194  -13.934  33.111 0.0000000000
51578  -32.329  -14.408  33.647 0.0000000000
145058  -34.826  -13.639  35.651 0.0000000000
50638  -34.396  -14.093  33.578 0.0000000000
50636  -32.833  -14.464  33.190 0.0000000000
50650  -33.534  -14.498  32.629 0.0000000000
50651  -34.436  -14.547  32.137 0.0000000000
51604  -36.116  -13.602  31.171 0.0000000000
51617  -35.509  -14.089  30.528 0.0000000000
51540  -31.659  -13.637  36.407 0.0000000000
72048  -36.027  7.069  17.323 0.0000000000
144789  -35.632  7.294  16.726 0.0000000000
72063  -36.430  7.648  16.690 0.0000000000
139428  -37.731  8.547  16.417 0.0000000000
73092  -36.656  8.894  14.989 0.0000000000
74052  -37.586  9.266  15.315 0.0000000000
74970  -40.624  10.320  17.335 0.0000000000
74043  -40.070  9.908  16.970 0.0000000000
74978  -40.244  10.601  16.659 0.0000000000
75913  -39.811  11.382  15.376 0.0000000000
74989  -39.808  10.794  15.942 0.0000000000
74988  -39.180  10.751  15.132 0.0000000000
74997  -38.422  10.452  14.585 0.0000000000
75922  -38.858  11.030  14.276 0.0000000000
75007  -38.206  10.701  13.809 0.0000000000
76821  -39.587  12.241  13.088 0.0000000000
76828  -39.797  12.467  12.370 0.0000000000
75947  -39.303  12.077  11.652 0.0000000000
76829  -40.546  12.927  12.323 0.0000000000
76823  -40.936  13.271  13.098 0.0000000000
77720  -41.869  13.970  14.249 0.0000000000
78667  -42.513  14.402  13.911 0.0000000000
79579  -44.293  15.401  15.714 0.0000000000
60468  -28.439  -4.693  29.649 0.0000000000
60480  -27.893  -5.372  28.529 0.0000000000
60481  -28.124  -4.546  28.665 0.0000000000
61457  -28.813  -2.841  27.125 0.0000000000
61444  -28.402  -3.452  27.399 0.0000000000
61456  -28.338  -3.228  26.498 0.0000000000
61455  -27.742  -3.886  25.944 0.0000000000
63464  -31.283  -1.051  26.937 0.0000000000
63444  -30.685  -1.509  27.427 0.0000000000
63482  -29.723  -1.384  25.095 0.0000000000
63462  -29.863  -1.571  25.978 0.0000000000
62497  -28.561  -2.519  25.096 0.0000000000
62498  -28.997  -1.855  24.667 0.0000000000
137842  -30.854  -0.612  23.211 0.0000000000
63513  -29.364  -1.166  23.347 0.0000000000
132386  -30.039  -0.774  22.749 0.0000000000
63531  -29.579  -1.214  21.846 0.0000000000
63532  -30.385  -0.768  22.010 0.0000000000
63553  -33.392  -0.584  22.107 0.0000000000
64651  -34.560  -0.373  21.400 0.0000000000
140573  -36.032  -0.565  22.277 0.0000000000
64636  -36.662  -0.499  22.033 0.0000000000
64653  -36.532  -0.055  21.424 0.0000000000
132829  -22.196  -15.440  37.895 0.0000000000
48888  -21.481  -16.774  37.785 0.0000000000
47136  -22.224  -18.622  34.609 0.0000000000
47123  -21.934  -18.301  35.284 0.0000000000
47112  -21.277  -18.601  36.597 0.0000000000
46159  -20.896  -19.006  37.234 0.0000000000
47101  -20.728  -18.620  37.799 0.0000000000
39746  -13.567  -26.230  51.469 0.0000000000
144274  -31.336  -11.132  26.632 0.0000000000
55756  -29.775  -9.188  28.050 0.0000000000
56727  -30.162  -8.685  28.905 0.0000000000
53757  -35.683  -11.156  29.667 0.0000000000
129057  -35.125  -10.460  30.090 0.0000000000
55721  -33.595  -9.273  31.559 0.0000000000
55732  -33.374  -9.568  30.814 0.0000000000
55744  -33.127  -9.796  29.973 0.0000000000
133138  -31.487  -7.179  31.998 0.0000000000
57582  -31.966  -7.676  31.886 0.0000000000
56705  -32.064  -8.708  31.067 0.0000000000
57592  -31.765  -8.006  31.297 0.0000000000
56704  -31.369  -8.334  30.603 0.0000000000
57591  -31.190  -7.720  31.045 0.0000000000
58517  -30.302  -6.403  31.560 0.0000000000
58526  -29.807  -6.470  31.003 0.0000000000
57589  -29.912  -7.109  30.421 0.0000000000
135493  -29.256  -6.416  30.301 0.0000000000
59525  -28.669  -5.694  30.006 0.0000000000
59516  -29.227  -5.721  30.785 0.0000000000
130904  -29.791  -3.199  31.146 0.0000000000
137406  -29.469  -3.636  30.993 0.0000000000
61416  -30.090  -2.529  30.521 0.0000000000
138108  -30.454  -2.098  29.967 0.0000000000
63399  -32.188  -0.985  32.309 0.0000000000
64529  -32.763  -0.528  31.588 0.0000000000
136396  -32.206  -0.978  29.801 0.0000000000
52669  -24.638  -12.999  29.957 0.0000000000
50667  -24.226  -14.168  30.375 0.0000000000
51626  -24.516  -13.654  29.960 0.0000000000
52604  -28.862  -11.974  33.149 0.0000000000
52615  -29.437  -12.456  32.629 0.0000000000
52653  -29.319  -12.694  30.870 0.0000000000
52671  -28.333  -12.405  29.567 0.0000000000
139517  -30.780  -14.551  29.534 0.0000000000
51526  -23.323  -13.194  37.351 0.0000000000
51538  -23.266  -13.311  36.465 0.0000000000
53686  -24.941  -11.504  35.773 0.0000000000
53674  -25.090  -11.454  36.763 0.0000000000
52575  -24.286  -11.912  35.343 0.0000000000
131124  -23.193  -14.060  34.187 0.0000000000
50621  -22.932  -14.461  34.724 0.0000000000
49766  -22.992  -14.840  34.062 0.0000000000
48920  -22.751  -15.630  34.148 0.0000000000
76845  -41.359  13.057  10.827 0.0000000000
76856  -40.968  12.565  9.945 0.0000000000
77753  -42.756  13.348  9.810 0.0000000000
76859  -42.955  13.053  8.994 0.0000000000
77754  -43.529  13.555  9.570 0.0000000000
79602  -44.718  15.318  11.978 0.0000000000
78678  -44.987  15.084  11.197 0.0000000000
77763  -44.434  13.538  8.538 0.0000000000
77771  -44.663  13.339  7.722 0.0000000000
78703  -46.162  14.273  7.730 0.0000000000
77772  -45.540  13.751  7.536 0.0000000000
77773  -46.243  14.015  7.058 0.0000000000
79614  -47.476  15.565  8.376 0.0000000000
79615  -48.108  15.923  8.032 0.0000000000
40738  -15.321  -25.214  43.901 0.0000000000
121898  -15.032  -25.653  43.117 0.0000000000
58568  -27.433  -6.558  27.026 0.0000000000
57621  -27.677  -7.139  27.286 0.0000000000
133675  -27.321  -7.155  26.486 0.0000000000
68498  -32.305  3.739  16.893 0.0000000000
69401  -32.675  4.542  16.768 0.0000000000
64648  -31.872  -0.549  21.213 0.0000000000
66618  -33.674  0.932  20.361 0.0000000000
144342  -32.665  0.158  20.126 0.0000000000
65676  -32.858  0.744  20.072 0.0000000000
66635  -33.089  1.572  19.919 0.0000000000
67528  -36.720  2.199  20.480 0.0000000000
67527  -35.815  2.084  20.423 0.0000000000
68466  -35.612  3.808  19.950 0.0000000000
67543  -33.349  2.422  19.768 0.0000000000
68464  -33.580  3.270  19.589 0.0000000000
68477  -33.008  3.705  18.963 0.0000000000
70240  -35.604  5.393  19.045 0.0000000000
69379  -34.896  5.142  19.022 0.0000000000
135840  -35.118  5.618  18.591 0.0000000000
70239  -34.384  5.517  18.275 0.0000000000
71110  -35.758  6.492  17.932 0.0000000000
71097  -36.360  6.250  18.506 0.0000000000
71099  -38.331  6.634  18.845 0.0000000000
72038  -38.718  7.309  18.469 0.0000000000
42579  -18.079  -23.306  43.183 0.0000000000
42572  -18.258  -23.395  43.937 0.0000000000
41663  -17.675  -23.665  43.767 0.0000000000
41664  -17.902  -23.734  44.352 0.0000000000
41662  -16.901  -24.040  43.674 0.0000000000
40747  -15.748  -25.152  41.996 0.0000000000
40757  -16.237  -25.651  41.311 0.0000000000
40720  -15.185  -25.653  45.541 0.0000000000
40712  -15.783  -25.583  46.255 0.0000000000
124311  -15.033  -26.416  47.553 0.0000000000
39773  -14.905  -26.687  48.253 0.0000000000
128613  -15.396  -26.567  48.807 0.0000000000
37943  -12.080  -28.541  46.212 0.0000000000
37935  -12.063  -28.302  47.225 0.0000000000
38847  -12.631  -27.920  48.815 0.0000000000
130977  -14.099  -27.336  49.235 0.0000000000
38839  -13.775  -27.374  50.035 0.0000000000
38829  -12.289  -26.754  50.847 0.0000000000
39745  -12.295  -26.266  51.114 0.0000000000
37916  -9.449  -28.646  49.764 0.0000000000
38836  -9.961  -27.903  50.171 0.0000000000
52673  -35.190  -11.621  28.473 0.0000000000
53714  -26.453  -11.355  33.267 0.0000000000
53727  -26.250  -11.421  32.440 0.0000000000
53742  -27.752  -11.535  31.967 0.0000000000
50684  -33.761  -15.294  29.471 0.0000000000
125076  -29.713  -12.330  36.620 0.0000000000
53689  -27.436  -11.448  35.503 0.0000000000
53704  -26.548  -11.352  34.087 0.0000000000
123281  -38.223  11.012  11.081 0.0000000000
55770  -29.445  -9.391  27.293 0.0000000000
62523  -28.452  -2.582  21.594 0.0000000000
61500  -28.341  -3.438  21.063 0.0000000000
61509  -28.794  -3.422  20.352 0.0000000000
144887  -30.202  -1.764  18.994 0.0000000000
45257  -19.849  -20.752  38.321 0.0000000000
45256  -19.555  -20.941  39.133 0.0000000000
44315  -19.232  -21.748  40.290 0.0000000000
44324  -19.318  -21.652  39.439 0.0000000000
42597  -18.867  -22.836  39.291 0.0000000000
53730  -36.703  -11.906  31.698 0.0000000000
127876  -35.594  -10.001  33.170 0.0000000000
51551  -31.608  -13.844  35.526 0.0000000000
122625  -32.466  -14.156  35.242 0.0000000000
50624  -34.444  -13.977  34.298 0.0000000000
51565  -35.741  -13.612  34.091 0.0000000000
51591  -35.219  -14.194  32.735 0.0000000000
51592  -36.205  -13.790  32.112 0.0000000000
140713  -32.231  -13.770  36.727 0.0000000000
72050  -37.582  7.487  17.572 0.0000000000
72064  -37.189  7.736  17.028 0.0000000000
72065  -37.859  8.107  17.045 0.0000000000
73072  -38.365  8.701  16.673 0.0000000000
74041  -38.734  9.329  16.305 0.0000000000
134793  -41.193  11.817  17.032 0.0000000000
74979  -40.822  11.156  17.023 0.0000000000
75907  -40.817  11.847  16.480 0.0000000000
75914  -40.372  11.855  15.743 0.0000000000
75924  -40.007  12.036  14.916 0.0000000000
134146  -39.165  11.528  13.941 0.0000000000
76814  -40.346  12.606  14.372 0.0000000000
76815  -40.801  13.156  13.973 0.0000000000
77719  -41.310  13.461  14.534 0.0000000000
126371  -41.840  13.756  15.091 0.0000000000
61427  -29.240  -3.124  29.519 0.0000000000
61435  -28.479  -3.603  28.271 0.0000000000
61436  -29.077  -3.014  28.701 0.0000000000
124690  -29.411  -2.405  27.491 0.0000000000
131997  -31.111  -0.910  26.169 0.0000000000
63484  -31.450  -0.682  25.532 0.0000000000
63497  -30.352  -0.885  24.591 0.0000000000
63535  -33.507  -0.550  22.810 0.0000000000
50580  -22.889  -13.605  38.802 0.0000000000
50598  -22.560  -14.644  37.527 0.0000000000
49740  -22.322  -15.521  37.068 0.0000000000
48900  -22.103  -16.320  36.616 0.0000000000
47135  -21.916  -19.105  35.108 0.0000000000
45288  -20.725  -20.573  36.618 0.0000000000
78719  -48.355  14.729  5.333 0.0000000000
79631  -48.728  15.357  5.731 0.0000000000
79632  -49.327  15.715  5.363 0.0000000000
39747  -14.261  -26.457  51.325 0.0000000000
53791  -32.881  -11.622  27.206 0.0000000000
54784  -31.306  -10.812  27.241 0.0000000000
55758  -31.192  -9.794  28.704 0.0000000000
55722  -34.399  -9.605  31.698 0.0000000000
56698  -33.058  -8.603  32.022 0.0000000000
58511  -32.255  -6.656  32.965 0.0000000000
59502  -31.797  -5.999  33.035 0.0000000000
58510  -31.620  -6.618  32.494 0.0000000000
57581  -31.004  -7.261  31.461 0.0000000000
58518  -30.911  -6.651  31.941 0.0000000000
59510  -30.429  -5.894  32.055 0.0000000000
128547  -29.320  -4.957  31.259 0.0000000000
61404  -30.193  -3.423  31.872 0.0000000000
62433  -30.374  -2.582  31.329 0.0000000000
52684  -25.565  -12.861  28.944 0.0000000000
51589  -30.465  -13.389  33.083 0.0000000000
51588  -30.065  -13.111  32.250 0.0000000000
51601  -29.896  -13.219  31.284 0.0000000000
51614  -29.790  -13.290  30.377 0.0000000000
52552  -24.247  -11.819  37.304 0.0000000000
136398  -24.367  -11.925  34.397 0.0000000000
52589  -23.811  -12.611  34.872 0.0000000000
51560  -23.881  -12.750  34.011 0.0000000000
51574  -23.532  -13.567  33.663 0.0000000000
50634  -23.295  -14.479  33.334 0.0000000000
48936  -23.143  -15.898  32.760 0.0000000000
49786  -23.291  -15.151  32.802 0.0000000000
77732  -42.058  13.873  12.431 0.0000000000
77744  -42.029  13.415  10.916 0.0000000000
77738  -42.572  13.831  11.534 0.0000000000
77739  -43.194  13.971  11.063 0.0000000000
78682  -45.343  14.944  10.452 0.0000000000
78689  -45.471  14.371  9.029 0.0000000000
77764  -45.178  13.844  8.401 0.0000000000
78697  -46.495  14.672  8.201 0.0000000000
40746  -15.303  -25.981  42.347 0.0000000000
40745  -14.805  -26.423  42.888 0.0000000000
59559  -27.102  -5.388  25.837 0.0000000000
133681  -26.945  -6.225  25.327 0.0000000000
134031  -26.903  -6.185  24.543 0.0000000000
66665  -31.653  2.064  16.880 0.0000000000
68487  -32.221  3.518  17.702 0.0000000000
64649  -33.236  -0.379  20.860 0.0000000000
64666  -32.659  -0.210  20.407 0.0000000000
67546  -36.171  2.925  20.274 0.0000000000
68467  -36.533  3.583  20.126 0.0000000000
69365  -34.734  4.408  19.472 0.0000000000
142065  -36.147  5.117  19.401 0.0000000000
70241  -36.267  5.667  19.016 0.0000000000
70242  -37.028  6.003  19.014 0.0000000000
70243  -37.866  6.052  19.229 0.0000000000
43452  -18.977  -22.352  41.604 0.0000000000
43445  -19.154  -22.268  42.326 0.0000000000
43444  -18.856  -22.622  42.817 0.0000000000
41684  -17.031  -23.713  42.018 0.0000000000
139130  -16.770  -25.188  40.798 0.0000000000
39790  -13.870  -26.656  45.151 0.0000000000
39791  -14.622  -26.191  45.888 0.0000000000
38861  -13.439  -27.217  46.579 0.0000000000
139549  -12.396  -27.722  49.704 0.0000000000
142660  -12.997  -27.441  50.115 0.0000000000
38837  -10.764  -27.565  50.198 0.0000000000
51543  -34.442  -13.695  36.163 0.0000000000
52594  -36.452  -12.181  35.066 0.0000000000
74020  -40.796  9.231  18.261 0.0000000000
74957  -41.518  10.399  18.459 0.0000000000
75878  -41.681  11.176  18.230 0.0000000000
77694  -42.632  13.336  17.466 0.0000000000
77701  -42.375  13.593  16.513 0.0000000000
63431  -31.516  -1.362  28.779 0.0000000000
63432  -32.047  -1.097  28.445 0.0000000000
123744  -32.095  -0.808  27.179 0.0000000000
139854  -32.675  -0.572  26.444 0.0000000000
121078  -33.227  -0.458  25.671 0.0000000000
63500  -33.638  -0.471  24.342 0.0000000000
49758  -22.546  -15.751  35.025 0.0000000000
48066  -22.315  -17.617  34.667 0.0000000000
39762  -16.921  -25.745  49.740 0.0000000000
125738  -15.751  -26.419  49.394 0.0000000000
52702  -33.929  -12.979  27.242 0.0000000000
61396  -31.129  -3.148  32.940 0.0000000000
50656  -23.896  -14.000  31.126 0.0000000000
51600  -24.087  -13.273  31.525 0.0000000000
133069  -24.418  -12.714  31.153 0.0000000000
52649  -25.310  -11.914  30.595 0.0000000000
53740  -26.068  -11.482  31.648 0.0000000000
53754  -25.967  -11.559  30.853 0.0000000000
52670  -26.030  -12.297  29.224 0.0000000000
123246  -26.700  -12.348  28.950 0.0000000000
52686  -27.131  -12.628  28.368 0.0000000000
50657  -31.820  -14.893  31.442 0.0000000000
51616  -31.007  -14.508  31.138 0.0000000000
49822  -31.198  -15.034  27.934 0.0000000000
53662  -25.822  -11.376  37.465 0.0000000000
53663  -26.825  -11.452  37.343 0.0000000000
139935  -25.641  -11.379  36.064 0.0000000000
53687  -25.673  -11.360  35.318 0.0000000000
52603  -24.388  -12.087  33.489 0.0000000000
74081  -37.000  9.821  12.738 0.0000000000
79595  -44.377  15.570  13.767 0.0000000000
79596  -45.021  15.984  13.392 0.0000000000
60529  -27.342  -4.375  23.631 0.0000000000
60537  -27.406  -4.586  22.927 0.0000000000
66644  -31.522  1.436  18.576 0.0000000000
68451  -37.827  3.142  20.472 0.0000000000
68469  -38.110  3.939  20.308 0.0000000000
69369  -38.480  4.695  20.172 0.0000000000
70231  -38.970  5.409  20.056 0.0000000000
46131  -19.746  -19.509  39.546 0.0000000000
142106  -19.761  -18.945  39.846 0.0000000000
44308  -19.233  -21.762  41.220 0.0000000000
43458  -18.620  -22.717  41.186 0.0000000000
42590  -17.757  -23.681  40.777 0.0000000000
41702  -17.902  -24.992  39.639 0.0000000000
36048  -10.767  -29.903  48.284 0.0000000000
137529  -35.180  -14.102  29.475 0.0000000000
52674  -35.454  -12.819  28.889 0.0000000000
53743  -35.896  -11.001  30.401 0.0000000000
55698  -35.527  -9.280  34.378 0.0000000000
139822  -29.173  -12.059  34.642 0.0000000000
52590  -28.990  -12.024  33.997 0.0000000000
52591  -29.596  -12.479  34.228 0.0000000000
52606  -30.103  -12.948  33.739 0.0000000000
50615  -33.103  -14.228  34.695 0.0000000000
50623  -33.723  -14.113  34.180 0.0000000000
50622  -32.956  -14.298  33.944 0.0000000000
50648  -31.870  -14.722  32.157 0.0000000000
50658  -32.510  -14.932  31.757 0.0000000000
144546  -33.865  -15.095  30.912 0.0000000000
50660  -34.636  -14.793  31.183 0.0000000000
52566  -30.339  -12.655  36.941 0.0000000000
72062  -35.066  7.252  16.319 0.0000000000
73082  -36.395  8.237  15.796 0.0000000000
73081  -35.699  8.017  15.422 0.0000000000
74032  -39.769  9.251  17.299 0.0000000000
74042  -39.437  9.614  16.636 0.0000000000
74054  -39.139  10.059  15.895 0.0000000000
74053  -38.353  9.608  15.614 0.0000000000
74063  -37.977  9.866  14.901 0.0000000000
74071  -37.014  9.789  13.669 0.0000000000
75006  -37.546  10.335  13.307 0.0000000000
75016  -38.088  10.875  12.954 0.0000000000
75932  -39.151  11.761  13.285 0.0000000000
75939  -38.624  11.429  12.680 0.0000000000
75946  -38.677  11.566  11.833 0.0000000000
141753  -38.848  11.632  11.137 0.0000000000
75952  -39.405  11.942  10.773 0.0000000000
75953  -40.122  12.246  10.315 0.0000000000
76837  -40.936  13.026  11.542 0.0000000000
129988  -41.499  13.674  12.965 0.0000000000
78671  -42.621  14.384  13.030 0.0000000000
78668  -43.200  14.741  13.572 0.0000000000
78666  -43.714  15.174  14.147 0.0000000000
77702  -43.031  14.294  16.223 0.0000000000
78656  -43.654  15.077  15.074 0.0000000000
79580  -44.864  16.017  15.282 0.0000000000
57599  -28.546  -6.941  28.877 0.0000000000
57612  -28.033  -7.017  28.109 0.0000000000
58544  -28.003  -6.200  28.634 0.0000000000
59533  -27.712  -5.735  28.047 0.0000000000
141173  -27.477  -5.724  27.277 0.0000000000
60493  -27.988  -4.197  27.724 0.0000000000
60503  -27.655  -4.813  27.106 0.0000000000
135545  -27.467  -4.643  26.303 0.0000000000
61468  -27.607  -3.866  24.983 0.0000000000
63463  -30.559  -1.326  26.498 0.0000000000
128772  -29.365  -2.076  26.242 0.0000000000
62490  -28.731  -2.552  26.039 0.0000000000
61477  -28.013  -3.169  24.599 0.0000000000
61486  -27.918  -3.137  23.734 0.0000000000
135231  -28.302  -2.436  23.339 0.0000000000
63512  -28.740  -1.765  22.948 0.0000000000
62515  -28.810  -1.810  22.117 0.0000000000
63549  -29.633  -1.423  20.896 0.0000000000
63566  -30.282  -1.091  20.401 0.0000000000
124636  -31.895  -0.581  22.091 0.0000000000
63552  -32.788  -0.563  21.567 0.0000000000
64668  -34.849  -0.057  20.891 0.0000000000
138239  -34.293  -0.554  23.143 0.0000000000
137819  -34.917  -0.586  22.759 0.0000000000
63536  -35.698  -0.668  22.842 0.0000000000
63555  -35.219  -0.515  22.050 0.0000000000
64669  -35.713  0.098  21.042 0.0000000000
65665  -36.454  0.511  20.967 0.0000000000
65666  -37.141  0.881  20.952 0.0000000000
65667  -37.757  1.153  20.998 0.0000000000
48036  -22.103  -16.757  35.963 0.0000000000
48035  -21.756  -17.219  36.459 0.0000000000
48051  -21.637  -18.053  36.055 0.0000000000
48899  -21.738  -16.767  37.105 0.0000000000
48022  -21.408  -17.369  37.226 0.0000000000
48009  -21.044  -17.477  37.972 0.0000000000
47088  -20.730  -18.090  38.072 0.0000000000
46158  -20.510  -19.233  37.918 0.0000000000
45271  -20.214  -20.624  37.505 0.0000000000
54783  -30.571  -10.479  27.026 0.0000000000
55771  -30.034  -9.904  27.354 0.0000000000
128801  -29.571  -8.603  28.413 0.0000000000
57613  -29.130  -7.562  28.970 0.0000000000
54759  -33.805  -10.224  29.160 0.0000000000
55743  -32.275  -9.604  29.799 0.0000000000
57575  -32.593  -7.856  32.279 0.0000000000
144092  -31.236  -8.820  29.927 0.0000000000
137042  -30.697  -8.355  29.863 0.0000000000
57590  -30.639  -7.433  30.807 0.0000000000
56714  -30.110  -8.084  29.529 0.0000000000
57600  -29.721  -7.590  29.631 0.0000000000
58534  -28.515  -6.280  29.415 0.0000000000
60457  -29.173  -4.102  30.830 0.0000000000
60469  -28.822  -3.932  30.073 0.0000000000
62447  -29.875  -2.506  29.791 0.0000000000
62448  -30.460  -1.950  29.360 0.0000000000
63423  -31.186  -1.521  29.376 0.0000000000
62426  -31.265  -2.250  32.503 0.0000000000
62434  -30.986  -1.990  31.574 0.0000000000
63407  -32.142  -0.910  31.264 0.0000000000
126958  -31.508  -1.363  30.923 0.0000000000
63415  -31.520  -1.351  30.010 0.0000000000
63424  -31.877  -1.180  29.384 0.0000000000
53756  -28.183  -11.793  31.203 0.0000000000
52631  -28.857  -12.268  31.309 0.0000000000
51629  -29.679  -13.379  29.445 0.0000000000
51645  -30.246  -14.032  28.908 0.0000000000
51628  -28.904  -12.963  28.842 0.0000000000
51643  -28.342  -13.097  28.013 0.0000000000
52540  -23.683  -12.441  38.586 0.0000000000
49751  -22.719  -14.626  35.800 0.0000000000
52574  -23.659  -12.674  35.816 0.0000000000
51549  -23.206  -13.521  35.653 0.0000000000
50614  -22.902  -14.193  35.401 0.0000000000
49759  -22.730  -14.906  35.214 0.0000000000
48077  -22.653  -17.283  33.683 0.0000000000
76857  -41.549  12.581  9.378 0.0000000000
76866  -42.401  12.495  8.399 0.0000000000
78673  -44.041  14.922  12.330 0.0000000000
78680  -43.829  14.301  10.916 0.0000000000
78681  -44.598  14.580  10.672 0.0000000000
77747  -44.101  14.074  10.123 0.0000000000
77762  -43.686  13.317  8.744 0.0000000000
76875  -44.151  12.699  7.120 0.0000000000
76884  -45.202  12.620  6.000 0.0000000000
77780  -47.133  14.047  5.932 0.0000000000
78711  -47.547  14.648  6.422 0.0000000000
78705  -47.349  14.841  7.202 0.0000000000
79622  -47.919  15.237  6.843 0.0000000000
79618  -48.329  15.759  7.262 0.0000000000
80587  -48.719  16.325  7.649 0.0000000000
40730  -16.369  -24.766  45.163 0.0000000000
40729  -15.573  -25.189  44.911 0.0000000000
40728  -14.831  -25.677  44.556 0.0000000000
39806  -14.425  -26.902  43.349 0.0000000000
130231  -14.209  -26.505  44.229 0.0000000000
57622  -28.089  -7.606  27.570 0.0000000000
57636  -27.745  -7.906  26.752 0.0000000000
59591  -27.180  -5.100  23.492 0.0000000000
69402  -33.177  5.338  16.773 0.0000000000
63578  -30.974  -0.839  19.928 0.0000000000
64680  -31.363  -0.358  19.521 0.0000000000
64681  -32.067  -0.027  19.897 0.0000000000
66645  -31.921  1.998  18.903 0.0000000000
66620  -35.451  1.244  20.542 0.0000000000
67542  -32.549  2.172  19.370 0.0000000000
67555  -32.159  2.611  18.726 0.0000000000
68476  -32.411  3.286  18.512 0.0000000000
69376  -32.606  3.893  18.280 0.0000000000
69378  -34.108  4.813  18.804 0.0000000000
69377  -33.198  4.455  18.418 0.0000000000
70253  -33.698  5.550  17.521 0.0000000000
70254  -34.336  6.038  17.562 0.0000000000
142463  -36.951  6.514  18.426 0.0000000000
71112  -37.252  6.956  18.017 0.0000000000
120828  -39.101  7.938  18.037 0.0000000000
73047  -39.847  8.215  18.314 0.0000000000
71087  -39.592  6.230  19.962 0.0000000000
41651  -17.758  -24.085  45.004 0.0000000000
138783  -17.060  -24.359  44.918 0.0000000000
41649  -16.623  -24.406  44.401 0.0000000000
41661  -16.023  -24.538  43.669 0.0000000000
40766  -17.273  -25.824  40.332 0.0000000000
40713  -16.338  -25.495  46.865 0.0000000000
39783  -15.550  -25.987  47.114 0.0000000000
39769  -15.988  -26.194  48.641 0.0000000000
38841  -15.208  -26.755  49.668 0.0000000000
38864  -12.732  -27.787  45.653 0.0000000000
38854  -13.510  -27.378  47.617 0.0000000000
38853  -12.721  -27.856  47.849 0.0000000000
124876  -14.243  -27.118  48.385 0.0000000000
38832  -14.958  -26.788  50.339 0.0000000000
39753  -14.599  -26.667  50.939 0.0000000000
38825  -13.777  -26.703  51.090 0.0000000000
38830  -13.178  -27.067  50.693 0.0000000000
40677  -12.831  -26.124  51.362 0.0000000000
36976  -10.335  -29.444  49.080 0.0000000000
36968  -9.593  -29.438  49.441 0.0000000000
39782  -14.824  -26.326  46.789 0.0000000000
51513  -23.362  -13.105  38.203 0.0000000000
52648  -24.724  -12.521  30.524 0.0000000000
53661  -24.920  -11.455  37.797 0.0000000000
62477  -29.166  -2.425  26.744 0.0000000000
74033  -40.408  9.589  17.629 0.0000000000
78664  -42.432  14.286  14.811 0.0000000000
79606  -45.552  15.406  10.958 0.0000000000
124215  -35.964  8.402  15.056 0.0000000000
133818  -35.170  7.491  15.902 0.0000000000
138022  -23.445  -13.186  35.154 0.0000000000
138779  -27.335  -5.344  26.583 0.0000000000
141150  -24.809  -12.144  31.260 0.0000000000
142640  -15.314  -26.678  49.248 0.0000000000
142816  -28.876  -6.355  29.856 0.0000000000
143224  -40.096  11.330  15.845 0.0000000000
144055  -19.217  -22.084  41.830 0.0000000000
