#!ascii label  , from subject sub-v1s18x0051277_ses-1 vox2ras=TkReg
1858
3700  14.669  -70.264  -30.555 0.6999999881
3701  13.688  -70.389  -30.464 0.8000000119
4297  12.874  -70.264  -29.972 0.8000000119
127143  12.188  -69.999  -30.222 0.6999999881
4329  15.087  -70.086  -32.157 0.6000000238
4314  14.937  -70.134  -31.355 0.6000000238
3702  12.645  -70.177  -30.868 0.6000000238
4328  15.642  -69.369  -32.400 0.6000000238
3686  13.596  -70.391  -29.535 0.8000000119
4277  12.209  -70.005  -29.434 0.6999999881
4278  11.339  -69.584  -29.179 0.6999999881
4279  10.618  -69.406  -29.243 0.6999999881
4296  15.515  -69.708  -30.709 0.6000000238
3685  14.361  -70.381  -29.748 0.6999999881
123625  11.542  -69.701  -30.027 0.6999999881
146292  16.333  -68.612  -33.013 0.6000000238
4944  16.793  -68.333  -33.284 0.6000000238
4954  16.336  -68.907  -33.617 0.6000000238
4967  17.589  -68.527  -35.745 0.6000000238
140037  17.012  -68.683  -34.876 0.6000000238
142262  13.109  -70.238  -27.904 0.8000000119
4221  12.332  -69.645  -26.753 0.8000000119
4243  10.653  -69.211  -27.831 0.6999999881
4890  10.123  -68.780  -27.106 0.6999999881
4891  9.365  -68.682  -27.198 0.6999999881
3673  13.538  -70.377  -28.635 0.8000000119
4258  11.428  -69.539  -28.231 0.6999999881
129630  9.736  -69.037  -27.919 0.6999999881
124891  14.927  -70.395  -28.986 0.6999999881
4257  12.678  -70.140  -28.630 0.8000000119
139376  10.811  -69.380  -28.672 0.6999999881
3684  15.256  -70.146  -29.818 0.6999999881
4925  15.920  -69.011  -31.207 0.6999999881
5526  16.931  -67.608  -32.124 0.6000000238
4930  16.281  -68.131  -31.995 0.6000000238
4953  17.688  -68.273  -34.569 0.6000000238
4356  16.921  -68.552  -34.065 0.6000000238
4966  18.566  -68.224  -35.222 0.6000000238
4988  20.107  -68.845  -38.107 0.6999999881
4989  18.917  -68.481  -38.377 0.6000000238
3767  20.818  -70.359  -38.288 0.5000000000
4387  20.297  -69.540  -38.596 0.6000000238
3252  20.428  -70.663  -38.104 0.5000000000
4202  12.352  -69.302  -25.825 0.8999999762
4223  10.943  -68.981  -26.824 0.8000000119
4882  10.436  -68.635  -26.253 0.6999999881
3658  13.845  -70.438  -27.626 0.6999999881
4241  13.190  -70.182  -26.953 0.8999999762
4883  9.673  -68.511  -26.438 0.6999999881
4256  15.827  -70.146  -28.932 0.8000000119
3671  15.392  -70.372  -28.043 0.8000000119
4255  16.524  -69.600  -28.815 0.8000000119
5510  16.715  -67.772  -30.364 0.6999999881
4275  16.123  -69.577  -29.739 0.6999999881
4924  16.253  -68.404  -30.802 0.8000000119
5518  16.581  -67.689  -31.277 0.8000000119
5525  17.823  -67.210  -32.368 0.6999999881
5533  18.137  -67.519  -33.156 0.6999999881
5539  18.363  -67.911  -34.036 0.6000000238
129455  19.451  -68.383  -36.789 0.6999999881
4386  21.122  -69.581  -38.062 0.6999999881
4201  13.318  -69.532  -25.511 0.8999999762
4861  11.337  -68.823  -25.861 0.8000000119
134979  9.227  -68.332  -25.766 0.6999999881
3639  15.521  -70.104  -26.831 0.8000000119
4219  14.549  -70.091  -26.055 0.8000000119
4240  15.860  -70.083  -27.391 0.6999999881
145195  17.299  -67.250  -29.172 0.6999999881
4904  17.297  -68.018  -28.489 0.6000000238
4918  16.752  -69.056  -29.331 0.8000000119
5509  17.174  -67.015  -30.747 0.8000000119
5517  17.432  -67.053  -31.582 0.8000000119
5524  18.764  -67.185  -32.519 0.6999999881
5531  19.325  -68.165  -33.820 0.8000000119
5532  18.877  -67.622  -33.434 0.6999999881
4369  21.986  -69.449  -36.631 0.6999999881
147011  20.097  -68.719  -35.898 0.6999999881
5538  19.052  -68.084  -34.432 0.6999999881
4376  21.692  -69.340  -37.169 0.6999999881
4975  20.826  -68.948  -37.117 0.6999999881
8069  6.370  -64.191  -28.590 0.6000000238
8885  5.471  -62.215  -28.278 0.6000000238
8924  5.965  -62.424  -31.018 0.6000000238
8943  6.160  -62.340  -31.994 0.6999999881
143767  12.053  -68.774  -25.198 0.8999999762
4862  10.675  -68.455  -25.535 0.6999999881
143293  16.738  -68.161  -27.257 0.6000000238
5497  17.421  -66.813  -28.471 0.6000000238
4888  17.232  -67.736  -27.718 0.6000000238
141078  17.568  -66.477  -29.479 0.6999999881
6105  18.853  -66.065  -29.726 0.6999999881
6106  18.119  -66.092  -29.679 0.6999999881
6627  9.473  -65.899  -22.076 0.6999999881
6021  7.773  -66.175  -22.521 0.6999999881
6116  19.076  -66.419  -30.399 0.8000000119
6117  18.463  -66.267  -30.411 0.8000000119
6610  10.034  -65.238  -21.548 0.6000000238
6628  8.308  -65.569  -21.853 0.6000000238
6629  7.299  -65.422  -21.965 0.6999999881
5516  19.041  -66.939  -31.840 0.6999999881
6612  7.648  -64.950  -21.569 0.5000000000
7247  6.539  -64.619  -22.267 0.6999999881
4936  19.545  -68.358  -32.947 0.8000000119
5523  19.229  -67.617  -32.815 0.8000000119
138085  9.096  -65.184  -21.459 0.5000000000
7235  7.998  -64.394  -21.575 0.5000000000
4942  20.538  -69.299  -34.886 0.6999999881
7991  8.268  -63.660  -21.743 0.5000000000
7999  8.562  -62.953  -21.959 0.6000000238
8000  8.026  -63.057  -22.452 0.5000000000
8019  7.337  -63.343  -23.977 0.6000000238
8020  7.238  -63.881  -24.615 0.6999999881
124817  6.583  -64.376  -27.064 0.6999999881
8823  7.353  -62.468  -23.799 0.5000000000
8832  7.263  -63.028  -24.556 0.6000000238
8031  7.113  -64.037  -25.472 0.6000000238
139073  5.878  -63.007  -27.786 0.6000000238
8818  8.319  -62.378  -22.323 0.6000000238
8839  6.459  -62.344  -25.726 0.6000000238
8852  6.069  -62.408  -26.508 0.6000000238
9689  7.351  -61.554  -23.335 0.5000000000
8824  6.966  -62.109  -24.400 0.5000000000
8872  5.688  -62.348  -27.339 0.6000000238
9762  5.610  -61.933  -29.938 0.6000000238
9761  5.832  -61.608  -30.634 0.6999999881
10591  6.468  -60.547  -31.770 0.6000000238
10610  6.712  -60.370  -32.636 0.6999999881
9703  5.927  -61.483  -26.153 0.6000000238
9733  5.487  -61.212  -28.355 0.6000000238
138551  5.755  -60.662  -29.047 0.6999999881
11427  6.731  -59.542  -30.356 0.5000000000
4843  11.340  -68.340  -24.891 0.8999999762
4880  16.263  -68.845  -26.963 0.6000000238
4218  15.331  -69.763  -26.248 0.6999999881
5445  10.823  -67.793  -24.253 0.8000000119
5448  8.265  -67.739  -24.539 0.6999999881
5429  9.474  -67.290  -23.883 0.6999999881
5427  11.295  -67.346  -23.534 0.8000000119
6107  17.813  -65.994  -28.897 0.6999999881
6019  10.222  -66.371  -22.629 0.8000000119
142962  9.460  -66.493  -22.809 0.6000000238
6626  10.582  -65.753  -22.052 0.6999999881
6609  11.003  -65.111  -21.562 0.6000000238
4929  19.607  -68.233  -31.469 0.8000000119
4923  19.592  -68.066  -30.673 0.8000000119
4295  19.815  -69.094  -30.954 0.8000000119
7233  10.406  -64.540  -21.293 0.5000000000
4327  19.958  -69.296  -32.907 0.8000000119
7989  9.783  -63.992  -21.236 0.5000000000
7987  11.436  -63.426  -21.341 0.5000000000
8810  10.805  -62.743  -21.357 0.6000000238
142219  10.041  -63.280  -21.337 0.6000000238
8812  9.016  -62.404  -21.801 0.6000000238
9683  8.726  -61.585  -22.050 0.6000000238
12278  7.912  -58.563  -30.924 0.5000000000
9694  6.588  -61.358  -24.636 0.5000000000
11426  7.236  -59.206  -31.059 0.5000000000
11451  7.163  -59.571  -32.159 0.6000000238
10521  6.304  -60.414  -24.972 0.6000000238
10541  5.567  -60.769  -27.583 0.6999999881
139813  5.697  -60.484  -28.351 0.6999999881
10565  6.303  -59.972  -29.611 0.6999999881
10509  6.651  -60.635  -24.147 0.6000000238
10554  6.104  -59.944  -28.734 0.6000000238
11349  6.587  -59.805  -24.289 0.6999999881
11373  6.092  -59.469  -26.627 0.6000000238
11384  6.188  -59.389  -27.471 0.5000000000
141473  14.869  -69.534  -25.678 0.6999999881
4859  13.784  -69.092  -24.866 0.6999999881
4842  12.385  -68.427  -24.480 0.6999999881
5444  11.828  -67.886  -24.004 0.8000000119
5426  12.326  -67.288  -23.381 0.6999999881
6017  12.164  -66.087  -22.546 0.6999999881
6037  11.764  -66.772  -22.946 0.6999999881
13146  10.129  -57.832  -30.752 0.5000000000
9680  12.006  -61.365  -22.945 0.5000000000
141073  10.489  -61.809  -21.553 0.6000000238
12291  8.781  -58.436  -31.551 0.5000000000
9675  11.269  -60.917  -22.160 0.5000000000
9688  11.090  -60.545  -23.806 0.5000000000
9676  9.597  -61.668  -21.692 0.6000000238
10499  6.981  -60.851  -23.579 0.6000000238
11408  6.623  -59.314  -29.065 0.5000000000
9681  11.192  -60.448  -22.956 0.5000000000
10483  10.627  -60.603  -21.976 0.6000000238
10491  7.954  -59.946  -22.468 0.6000000238
10490  8.676  -60.079  -22.143 0.6000000238
4858  14.746  -68.886  -25.149 0.6999999881
4840  14.257  -68.292  -24.482 0.6999999881
5443  12.879  -67.864  -23.807 0.6999999881
12198  6.667  -59.021  -24.498 0.5000000000
10508  10.587  -59.708  -24.928 0.5000000000
136989  6.394  -58.878  -26.159 0.5000000000
10482  10.746  -60.135  -22.616 0.5000000000
11321  8.501  -59.281  -22.357 0.5000000000
11335  7.220  -59.372  -23.273 0.5000000000
12211  6.504  -58.908  -25.290 0.5000000000
12180  7.897  -57.746  -23.192 0.5000000000
13064  7.910  -57.072  -23.811 0.5000000000
139912  10.959  -58.802  -23.853 0.5000000000
12161  9.342  -58.100  -22.606 0.5000000000
12197  6.915  -58.128  -24.789 0.5000000000
10487  10.642  -59.106  -23.637 0.5000000000
11320  9.273  -59.013  -22.372 0.5000000000
12163  8.032  -58.469  -22.693 0.5000000000
10497  10.700  -59.636  -24.139 0.5000000000
129397  9.841  -59.575  -22.313 0.5000000000
12179  10.590  -58.427  -23.280 0.5000000000
13155  11.322  -57.982  -31.892 0.6000000238
12289  10.853  -58.299  -32.596 0.6000000238
13145  11.467  -57.821  -31.004 0.5000000000
14055  11.710  -57.199  -31.486 0.6999999881
13165  10.936  -58.080  -32.737 0.6000000238
12320  10.231  -58.862  -34.001 0.6000000238
13185  9.839  -58.206  -34.852 0.6999999881
145095  11.320  -55.907  -30.938 0.6000000238
14066  10.825  -57.414  -32.665 0.6999999881
13174  10.495  -58.210  -33.565 0.6999999881
13196  9.679  -58.653  -35.397 0.6999999881
14087  9.443  -57.350  -34.684 0.8000000119
15815  10.844  -54.610  -29.756 0.5000000000
14947  12.184  -56.386  -30.650 0.5000000000
14067  9.805  -56.799  -33.323 0.8000000119
14973  10.163  -56.396  -32.557 0.6000000238
14984  8.434  -55.835  -34.269 0.6999999881
15801  11.241  -54.308  -28.962 0.5000000000
15814  12.607  -55.385  -29.469 0.5000000000
141857  9.028  -55.648  -34.020 0.6999999881
14088  8.514  -56.736  -34.758 0.6999999881
14974  9.395  -55.428  -33.459 0.6999999881
15824  10.308  -54.568  -30.445 0.6999999881
14994  6.421  -55.947  -34.488 0.6999999881
134673  9.381  -54.846  -33.871 0.6999999881
16691  10.606  -53.795  -29.310 0.6000000238
15839  9.886  -54.641  -31.565 0.8000000119
17636  6.874  -52.401  -29.347 0.6999999881
17649  6.497  -52.836  -30.187 0.8000000119
18549  11.920  -51.420  -26.497 0.4000000060
14985  7.208  -55.232  -33.944 0.6999999881
141995  11.472  -51.912  -26.924 0.5000000000
129936  8.639  -55.059  -33.980 0.6999999881
16671  10.932  -53.017  -28.336 0.6000000238
17645  10.673  -53.532  -29.830 0.6000000238
15851  9.870  -54.780  -32.873 0.6999999881
16712  10.069  -54.060  -31.175 0.8000000119
15838  10.344  -54.117  -32.576 0.8000000119
22555  5.628  -47.907  -22.442 0.5000000000
22571  6.562  -48.437  -23.022 0.5000000000
21508  4.893  -48.484  -23.763 0.5000000000
20525  7.046  -49.278  -29.167 0.5000000000
20510  7.840  -50.054  -28.483 0.6000000238
128190  7.927  -49.112  -29.137 0.6000000238
21606  6.251  -48.570  -29.157 0.6000000238
21575  3.336  -49.334  -27.231 0.6000000238
19549  6.065  -50.803  -28.927 0.6999999881
19548  6.960  -50.338  -28.674 0.6999999881
18594  6.437  -51.766  -28.933 0.6999999881
18595  5.572  -51.533  -29.432 0.6999999881
16732  8.737  -53.295  -33.192 0.6999999881
17683  7.836  -53.063  -32.195 0.6999999881
126706  8.129  -52.727  -31.341 0.8000000119
18564  12.090  -51.213  -27.228 0.5000000000
15863  7.928  -54.406  -33.679 0.6999999881
17625  11.320  -52.523  -28.799 0.6000000238
139867  9.931  -54.088  -34.125 0.8000000119
16700  10.504  -53.660  -30.908 0.6999999881
16748  10.784  -53.487  -33.696 0.8000000119
15850  10.561  -53.918  -33.771 0.8000000119
22543  7.118  -47.517  -21.763 0.5000000000
21495  7.497  -48.023  -22.555 0.6000000238
22570  8.104  -48.037  -23.266 0.5000000000
21505  7.521  -48.425  -23.506 0.6000000238
21506  6.876  -48.859  -23.854 0.6000000238
21528  5.433  -49.114  -24.595 0.6000000238
21527  6.567  -49.199  -24.764 0.6000000238
20458  5.836  -49.384  -25.471 0.5000000000
145870  7.980  -48.388  -29.490 0.5000000000
22653  7.556  -47.747  -29.229 0.5000000000
20524  9.750  -49.321  -28.886 0.6000000238
21587  6.019  -48.234  -28.534 0.6000000238
21588  5.223  -48.771  -28.409 0.6999999881
20492  4.795  -49.431  -26.794 0.6000000238
20508  9.901  -49.995  -28.389 0.6000000238
18579  7.900  -51.266  -28.200 0.6999999881
19550  5.116  -50.569  -29.523 0.6999999881
126540  5.483  -49.862  -29.385 0.6999999881
146751  4.438  -49.383  -29.016 0.8000000119
21574  4.381  -49.313  -27.655 0.6999999881
18577  9.692  -50.989  -28.682 0.6999999881
18592  8.345  -51.764  -28.713 0.6999999881
144120  9.180  -51.526  -28.898 0.6999999881
17635  7.889  -52.324  -29.378 0.8000000119
18606  9.619  -52.117  -30.804 0.8000000119
17647  8.527  -52.444  -30.461 0.8000000119
18575  12.170  -51.510  -28.147 0.5000000000
147159  13.743  -51.646  -29.976 0.6000000238
17691  9.932  -53.062  -33.603 0.8000000119
17664  10.193  -52.202  -32.174 0.8000000119
142422  11.239  -52.869  -29.758 0.6000000238
17633  12.292  -52.400  -30.041 0.6999999881
17681  11.546  -52.654  -33.437 0.8000000119
146782  12.223  -52.690  -30.813 0.6999999881
17662  12.418  -52.543  -32.780 0.6999999881
137837  10.780  -53.636  -32.247 0.8000000119
23657  7.640  -46.895  -21.350 0.4000000060
22542  7.973  -47.442  -21.952 0.5000000000
22592  8.500  -47.473  -24.426 0.4000000060
21526  7.552  -48.685  -24.479 0.5000000000
21559  6.732  -48.916  -26.481 0.5000000000
21603  9.524  -48.393  -29.693 0.5000000000
22638  7.081  -47.166  -28.477 0.6000000238
22626  6.441  -47.573  -28.128 0.6000000238
21560  6.053  -48.946  -27.144 0.6000000238
20523  10.707  -49.665  -28.862 0.6000000238
21572  5.926  -48.304  -27.954 0.6999999881
21573  5.311  -49.099  -27.507 0.6999999881
20507  10.471  -50.119  -28.643 0.6000000238
18618  13.650  -51.688  -31.785 0.6999999881
17679  12.674  -52.069  -32.838 0.6999999881
17663  11.306  -52.103  -32.877 0.8000000119
128509  11.816  -51.651  -32.551 0.8000000119
17643  13.312  -52.158  -31.363 0.6999999881
23656  8.482  -46.813  -21.625 0.4000000060
23642  8.221  -46.291  -20.979 0.4000000060
24653  7.851  -45.555  -20.552 0.4000000060
127242  8.849  -46.837  -23.768 0.5000000000
23668  8.837  -47.043  -22.903 0.4000000060
25610  7.365  -44.697  -20.271 0.5000000000
124653  7.827  -47.789  -25.997 0.5000000000
23720  7.349  -46.303  -26.842 0.5000000000
22615  6.618  -47.896  -27.375 0.5000000000
24739  7.724  -45.704  -27.118 0.5000000000
18590  10.741  -50.575  -29.288 0.6000000238
18621  10.840  -51.683  -31.504 0.8000000119
18603  14.329  -51.364  -31.059 0.6000000238
19566  13.970  -51.258  -31.749 0.6000000238
19559  13.993  -50.705  -31.449 0.6999999881
19560  11.896  -50.761  -30.612 0.6999999881
18620  12.581  -51.583  -32.431 0.6999999881
27612  7.631  -42.514  -19.399 0.3000000119
23667  9.277  -46.360  -23.064 0.4000000060
144730  9.561  -45.953  -21.731 0.3000000119
24667  9.612  -45.564  -21.139 0.4000000060
24652  8.830  -45.665  -20.726 0.4000000060
25609  8.433  -44.929  -20.289 0.4000000060
26583  7.817  -44.129  -19.904 0.5000000000
23700  8.541  -46.431  -24.714 0.4000000060
26567  8.302  -43.444  -19.606 0.3000000119
22604  8.234  -47.213  -25.328 0.4000000060
23728  8.091  -46.020  -27.874 0.5000000000
23710  7.656  -46.488  -26.126 0.4000000060
24749  9.112  -45.826  -28.622 0.6000000238
24708  8.112  -45.561  -25.281 0.4000000060
24737  9.546  -44.897  -28.168 0.4000000060
24727  7.653  -45.534  -26.312 0.5000000000
18605  11.084  -51.208  -30.461 0.6999999881
146167  12.610  -51.079  -31.672 0.6999999881
26568  6.984  -43.219  -19.748 0.4000000060
26582  8.998  -44.272  -19.993 0.4000000060
27611  8.831  -42.733  -19.335 0.3000000119
137290  9.043  -45.946  -23.925 0.3000000119
25668  7.843  -44.641  -26.068 0.4000000060
25677  8.767  -44.579  -27.208 0.4000000060
24726  8.048  -44.997  -26.788 0.4000000060
24666  10.122  -45.339  -21.828 0.3000000119
25625  10.279  -44.886  -21.023 0.3000000119
25608  9.486  -45.002  -20.538 0.4000000060
26581  10.192  -44.217  -20.333 0.3000000119
26566  9.507  -43.570  -19.692 0.3000000119
134077  9.908  -45.253  -22.652 0.3000000119
24697  8.464  -45.337  -24.611 0.3000000119
26656  8.385  -43.589  -26.130 0.3000000119
25660  7.894  -44.177  -25.415 0.3000000119
26667  9.623  -43.540  -27.056 0.3000000119
25607  10.908  -44.170  -20.970 0.3000000119
27609  11.086  -42.898  -19.838 0.3000000119
25624  10.610  -44.497  -21.678 0.3000000119
26580  10.959  -43.578  -20.436 0.3000000119
26647  8.091  -43.564  -24.929 0.3000000119
27705  8.662  -42.903  -25.792 0.3000000119
26655  9.139  -43.193  -26.433 0.3000000119
28749  8.168  -41.854  -19.035 0.3000000119
26611  10.515  -43.834  -22.415 0.3000000119
26610  10.989  -43.695  -21.642 0.3000000119
27693  9.034  -42.322  -25.442 0.3000000119
8001  7.112  -63.965  -22.467 0.6000000238
8010  7.162  -63.728  -23.483 0.6999999881
7264  6.838  -64.264  -24.799 0.6999999881
7276  6.869  -64.274  -25.569 0.6999999881
22614  7.147  -47.135  -26.789 0.4000000060
22625  6.947  -46.875  -27.555 0.6000000238
27610  10.010  -42.865  -19.444 0.3000000119
3713  13.489  -70.379  -31.379 0.6999999881
4259  10.084  -69.268  -28.779 0.6999999881
141167  16.098  -69.138  -30.510 0.8000000119
122039  18.578  -68.345  -36.554 0.6000000238
4952  19.407  -68.383  -35.463 0.6999999881
137920  16.709  -69.403  -28.162 0.6000000238
4845  9.528  -68.107  -25.034 0.6999999881
122928  19.374  -67.273  -31.483 0.8000000119
4951  19.735  -68.598  -34.989 0.6999999881
138910  20.631  -69.524  -34.222 0.8000000119
131042  6.158  -60.759  -30.891 0.6999999881
139584  7.657  -63.705  -22.126 0.5000000000
8871  6.387  -63.456  -26.954 0.6000000238
10626  6.782  -60.772  -33.577 0.6000000238
10522  5.988  -60.610  -25.860 0.6999999881
6039  9.860  -66.859  -23.281 0.8000000119
7231  12.183  -64.140  -21.663 0.5000000000
7988  10.630  -63.732  -21.220 0.6000000238
124440  8.317  -60.744  -22.275 0.6000000238
16750  9.529  -53.685  -33.921 0.8000000119
2720  16.841  -71.944  -30.853 0.4000000060
2708  16.729  -72.421  -29.930 0.4000000060
3214  17.070  -71.477  -33.347 0.3000000119
2721  15.892  -72.199  -31.404 0.4000000060
2722  15.068  -72.529  -31.206 0.4000000060
2709  15.821  -72.339  -30.267 0.4000000060
2744  20.319  -72.094  -33.440 0.4000000060
2730  19.620  -72.769  -32.923 0.5000000000
2719  18.807  -72.477  -31.819 0.5000000000
3200  19.434  -71.628  -32.957 0.3000000119
3201  18.646  -71.461  -32.500 0.4000000060
3193  17.869  -71.742  -31.260 0.4000000060
3212  18.954  -71.148  -33.376 0.3000000119
3203  17.219  -71.485  -32.379 0.3000000119
144376  17.667  -71.150  -33.842 0.3000000119
3211  19.807  -71.359  -33.792 0.4000000060
2743  21.060  -72.490  -33.773 0.4000000060
2241  21.175  -73.165  -33.384 0.5000000000
3210  20.852  -71.532  -34.277 0.3000000119
3736  19.391  -70.882  -34.240 0.3000000119
3225  18.606  -70.794  -35.207 0.4000000060
146623  19.131  -70.742  -34.796 0.3000000119
3247  20.173  -70.820  -37.348 0.4000000060
132417  18.192  -71.465  -37.033 0.4000000060
3249  18.211  -71.502  -38.045 0.4000000060
2742  21.807  -72.305  -33.709 0.4000000060
2741  22.652  -72.072  -33.572 0.4000000060
3209  21.768  -71.652  -34.302 0.4000000060
3220  23.436  -70.693  -34.562 0.4000000060
3206  24.515  -70.698  -33.654 0.5000000000
3223  20.957  -71.080  -35.168 0.4000000060
3745  23.410  -69.962  -35.023 0.4000000060
3238  19.111  -70.957  -36.401 0.4000000060
3237  20.427  -70.723  -36.391 0.5000000000
3751  22.207  -69.701  -36.588 0.4000000060
146953  18.862  -69.095  -38.965 0.6000000238
3770  20.166  -70.239  -38.869 0.4000000060
4323  24.614  -70.269  -33.255 0.6000000238
4324  24.205  -69.979  -33.246 0.6000000238
4353  23.507  -69.781  -34.738 0.6000000238
3735  23.667  -69.832  -33.939 0.6000000238
4354  22.983  -69.544  -35.335 0.6000000238
145224  22.903  -69.762  -33.854 0.6999999881
129046  22.042  -69.622  -36.906 0.5000000000
4368  22.487  -69.657  -36.080 0.6000000238
4339  21.829  -69.598  -34.694 0.6999999881
4291  24.235  -69.832  -31.209 0.6999999881
4292  22.675  -69.914  -30.318 0.6999999881
4309  23.799  -70.045  -32.245 0.6000000238
3709  22.689  -70.238  -32.060 0.6999999881
4294  20.455  -69.776  -30.462 0.6999999881
4922  19.896  -69.003  -29.966 0.6999999881
5508  19.391  -66.965  -30.599 0.6999999881
133679  22.467  -70.225  -33.001 0.6999999881
3699  21.122  -70.257  -31.094 0.6999999881
3726  21.328  -70.202  -32.705 0.6999999881
4913  22.285  -68.931  -28.758 0.5000000000
4901  21.486  -68.336  -28.320 0.6000000238
4293  21.456  -70.090  -30.238 0.6999999881
4914  21.137  -69.035  -28.831 0.6000000238
4915  20.183  -68.778  -29.088 0.6999999881
137293  20.057  -67.565  -28.356 0.6999999881
3710  21.717  -70.301  -31.924 0.6999999881
5496  19.611  -67.228  -28.965 0.6999999881
5502  19.317  -66.583  -29.851 0.6000000238
4902  20.529  -68.304  -28.503 0.6000000238
6083  21.537  -66.755  -27.755 0.6000000238
5495  20.145  -66.847  -27.973 0.6000000238
6084  20.725  -66.519  -27.697 0.6000000238
6682  17.480  -65.544  -27.163 0.5000000000
4280  9.538  -69.291  -29.368 0.6000000238
4300  10.305  -69.426  -30.413 0.6000000238
6095  19.600  -66.064  -28.284 0.6000000238
6696  19.014  -65.760  -28.794 0.6000000238
132277  18.878  -64.909  -27.503 0.5000000000
6681  18.243  -65.105  -27.410 0.5000000000
4245  8.074  -69.042  -27.791 0.6000000238
4244  8.945  -68.925  -27.900 0.6000000238
4261  8.424  -69.110  -28.610 0.6000000238
6679  20.574  -65.565  -27.506 0.6000000238
7303  19.374  -64.511  -26.973 0.5000000000
6705  18.450  -65.792  -29.017 0.5000000000
4866  5.332  -68.625  -25.383 0.6000000238
4846  7.071  -68.437  -25.427 0.6000000238
4884  7.262  -68.867  -26.242 0.6000000238
4225  6.969  -69.158  -26.933 0.6000000238
4224  7.705  -68.969  -27.019 0.6000000238
5465  7.934  -68.218  -25.191 0.6000000238
126352  8.147  -68.688  -26.395 0.6000000238
5462  15.346  -68.219  -25.600 0.6000000238
133698  20.243  -64.750  -27.195 0.6000000238
4847  5.791  -68.185  -24.832 0.6000000238
5432  5.912  -67.156  -23.681 0.6000000238
137007  7.251  -67.839  -24.609 0.6000000238
5430  7.800  -67.300  -23.905 0.6000000238
6040  8.253  -66.804  -23.289 0.5000000000
140806  8.668  -67.287  -23.929 0.6000000238
144809  9.070  -66.863  -23.341 0.5000000000
4867  4.435  -68.667  -25.322 0.6999999881
4848  4.932  -68.173  -24.757 0.6000000238
5449  6.299  -67.739  -24.358 0.6000000238
6042  6.371  -66.553  -23.098 0.6000000238
6022  6.806  -65.953  -22.470 0.6000000238
6669  2.410  -65.248  -26.171 0.6000000238
5451  4.517  -67.520  -24.180 0.6000000238
5433  5.016  -66.955  -23.633 0.6000000238
6024  5.120  -65.311  -22.772 0.5000000000
129331  3.815  -65.775  -23.374 0.6000000238
7256  3.465  -64.766  -23.815 0.6000000238
7280  2.586  -64.835  -24.544 0.6000000238
6655  3.449  -64.865  -25.878 0.6000000238
5452  3.480  -67.228  -24.133 0.6000000238
6631  5.743  -64.916  -22.464 0.6000000238
6025  4.336  -65.123  -23.132 0.6000000238
7248  5.035  -64.786  -22.924 0.5000000000
7266  4.575  -64.412  -23.966 0.6000000238
7279  3.368  -64.558  -24.799 0.5000000000
6654  4.634  -65.044  -26.296 0.5000000000
7253  6.428  -64.172  -23.609 0.6000000238
7265  5.701  -64.340  -24.199 0.6000000238
7278  5.057  -64.476  -24.807 0.6000000238
6667  5.760  -65.271  -26.780 0.6000000238
6687  5.834  -65.654  -27.696 0.6999999881
6700  5.981  -66.013  -28.477 0.6999999881
132236  6.240  -66.195  -29.896 0.6999999881
6725  6.250  -65.753  -31.104 0.6999999881
7277  6.240  -64.488  -25.264 0.6000000238
7292  6.372  -64.652  -26.309 0.6999999881
7324  6.557  -65.112  -28.813 0.6999999881
141474  6.360  -65.719  -28.673 0.6999999881
6717  6.447  -65.810  -30.247 0.6999999881
7367  6.496  -65.106  -30.681 0.6000000238
8058  6.377  -63.928  -27.752 0.6000000238
6661  16.973  -64.970  -26.533 0.5000000000
6086  17.056  -66.431  -27.152 0.5000000000
6662  16.134  -65.294  -26.410 0.5000000000
6072  16.674  -65.853  -26.710 0.5000000000
131905  15.945  -66.472  -26.561 0.6000000238
141750  15.412  -62.942  -27.469 0.6000000238
8045  15.562  -63.356  -26.703 0.6000000238
7288  15.689  -64.599  -26.347 0.6000000238
138099  15.445  -67.589  -26.028 0.6000000238
8054  14.706  -63.433  -27.395 0.5000000000
6663  14.110  -65.600  -26.880 0.6000000238
5463  14.917  -68.020  -24.882 0.6000000238
6664  13.673  -65.499  -26.953 0.6000000238
6652  14.191  -66.040  -25.979 0.5000000000
6065  14.730  -66.711  -25.123 0.6000000238
5441  14.561  -67.281  -24.459 0.6000000238
6665  13.298  -65.387  -26.571 0.5000000000
6051  14.303  -66.330  -24.294 0.6000000238
137967  12.485  -65.378  -22.277 0.5000000000
146109  13.628  -64.918  -23.363 0.5000000000
6036  12.783  -66.608  -22.927 0.6000000238
6034  13.934  -65.830  -23.617 0.6000000238
3766  21.487  -70.089  -37.949 0.6000000238
4355  22.139  -69.474  -35.805 0.6999999881
5484  16.756  -67.351  -27.114 0.5000000000
7254  5.187  -64.499  -23.334 0.6000000238
7310  6.586  -64.892  -27.767 0.6999999881
4881  15.730  -68.563  -26.287 0.6000000238
5425  13.314  -67.096  -23.399 0.6000000238
6016  13.072  -65.878  -22.678 0.6000000238
2745  16.284  -71.931  -32.948 0.3000000119
3213  18.025  -71.157  -33.000 0.3000000119
3192  18.487  -71.751  -31.727 0.4000000060
130439  18.508  -70.853  -34.128 0.3000000119
3224  20.148  -71.107  -34.489 0.4000000060
3747  20.009  -70.805  -35.169 0.4000000060
3199  24.265  -71.208  -33.528 0.4000000060
3222  22.374  -70.782  -34.999 0.3000000119
3744  23.789  -70.163  -34.472 0.5000000000
3743  24.022  -69.955  -34.173 0.6000000238
3746  21.062  -70.752  -35.889 0.5000000000
4367  23.032  -69.628  -35.333 0.5000000000
3752  21.688  -70.307  -36.778 0.5000000000
3725  23.451  -70.035  -32.945 0.6000000238
4273  21.821  -69.596  -29.424 0.6999999881
6043  5.472  -66.297  -23.098 0.6000000238
6733  6.062  -65.424  -31.905 0.6000000238
7289  14.731  -65.026  -26.613 0.6000000238
8056  13.297  -64.592  -28.182 0.5000000000
131131  15.155  -66.138  -26.480 0.6000000238
142416  14.925  -66.792  -25.847 0.6000000238
7306  13.989  -65.218  -27.187 0.5000000000
6066  14.701  -66.045  -26.273 0.6000000238
6699  12.889  -65.184  -27.830 0.5000000000
124745  13.985  -65.626  -25.076 0.5000000000
6638  13.999  -65.499  -24.170 0.5000000000
499  12.115  -77.784  -18.183 0.4000000060
778  12.269  -76.855  -17.587 0.4000000060
1170  11.676  -75.677  -17.705 0.5000000000
94  10.204  -78.964  -18.623 0.5000000000
96  8.820  -79.735  -18.533 0.5000000000
142722  7.604  -80.147  -19.362 0.5000000000
287  10.190  -78.806  -18.949 0.5000000000
139361  11.518  -78.305  -18.245 0.5000000000
1169  12.608  -75.746  -17.247 0.4000000060
1585  12.606  -74.334  -17.222 0.4000000060
2076  11.903  -73.450  -17.651 0.5000000000
1702  14.460  -74.081  -27.464 0.3000000119
1703  13.787  -74.192  -27.064 0.3000000119
2190  13.864  -73.150  -28.370 0.3000000119
134662  14.516  -72.836  -28.957 0.3000000119
134542  10.933  -78.663  -17.571 0.4000000060
86  9.362  -79.469  -17.798 0.5000000000
87  8.546  -79.759  -17.812 0.5000000000
273  11.752  -78.399  -17.807 0.4000000060
281  12.311  -78.152  -17.985 0.4000000060
777  12.876  -76.932  -17.101 0.3000000119
776  13.114  -77.227  -16.849 0.3000000119
2557  12.125  -72.695  -18.038 0.4000000060
1584  13.441  -74.001  -16.736 0.3000000119
2074  13.479  -72.893  -17.216 0.4000000060
2075  12.707  -73.151  -17.413 0.5000000000
2064  14.130  -73.273  -16.624 0.3000000119
1271  14.268  -74.997  -27.510 0.3000000119
1272  13.582  -75.214  -26.945 0.3000000119
1701  14.924  -73.606  -27.896 0.3000000119
2188  15.452  -73.119  -28.454 0.3000000119
2695  15.128  -72.614  -29.534 0.3000000119
265  10.900  -78.605  -16.712 0.3000000119
78  10.092  -79.033  -17.276 0.4000000060
263  12.538  -78.164  -16.882 0.3000000119
123326  14.344  -74.302  -16.038 0.3000000119
2565  14.249  -72.466  -18.141 0.4000000060
2566  13.411  -72.464  -18.375 0.4000000060
2543  14.147  -72.715  -17.189 0.4000000060
2063  14.900  -73.453  -15.961 0.3000000119
593  14.098  -77.657  -29.846 0.4000000060
877  13.782  -77.479  -29.443 0.4000000060
878  13.233  -77.930  -28.777 0.4000000060
573  12.929  -78.224  -27.958 0.4000000060
342  12.667  -78.400  -27.323 0.4000000060
135264  12.256  -78.582  -26.070 0.5000000000
1282  15.441  -75.086  -29.082 0.3000000119
1716  14.994  -74.502  -27.971 0.3000000119
1715  15.657  -73.859  -28.342 0.3000000119
2694  16.472  -72.787  -29.202 0.3000000119
3184  17.544  -72.153  -30.636 0.3000000119
254  11.898  -78.166  -16.231 0.3000000119
2073  16.184  -72.922  -17.608 0.3000000119
2564  15.125  -72.582  -17.804 0.3000000119
2097  14.439  -73.280  -19.482 0.4000000060
2108  13.711  -73.392  -20.078 0.4000000060
2053  15.668  -73.850  -15.165 0.3000000119
2553  15.554  -72.590  -16.968 0.3000000119
2062  15.568  -72.821  -16.089 0.3000000119
2542  14.808  -72.732  -16.725 0.3000000119
300  13.824  -78.259  -21.974 0.5000000000
515  14.107  -77.648  -21.117 0.5000000000
853  16.521  -77.145  -27.535 0.3000000119
570  16.134  -77.566  -28.500 0.3000000119
582  15.457  -77.641  -29.732 0.3000000119
583  14.391  -77.961  -29.556 0.3000000119
584  13.668  -78.072  -29.323 0.4000000060
127634  13.980  -78.443  -25.495 0.5000000000
134384  13.128  -78.652  -23.786 0.5000000000
345  13.354  -78.299  -28.517 0.4000000060
333  13.541  -78.584  -27.188 0.4000000060
326  13.525  -78.575  -26.284 0.5000000000
316  13.587  -78.546  -24.573 0.5000000000
140718  15.949  -75.091  -29.857 0.3000000119
1714  16.254  -74.119  -28.960 0.3000000119
2199  16.731  -73.406  -29.293 0.3000000119
2198  17.282  -72.809  -29.908 0.3000000119
2707  17.996  -72.606  -30.732 0.4000000060
2084  15.789  -73.292  -18.334 0.3000000119
1607  15.037  -74.518  -19.645 0.4000000060
2052  16.295  -73.938  -14.470 0.3000000119
2541  16.365  -72.649  -16.246 0.3000000119
2552  16.695  -72.771  -16.933 0.3000000119
2530  16.309  -72.934  -15.438 0.3000000119
125026  13.930  -75.498  -20.667 0.4000000060
802  14.076  -76.678  -20.828 0.5000000000
513  15.648  -77.503  -20.865 0.4000000060
514  14.977  -77.705  -20.929 0.5000000000
142735  17.436  -76.215  -26.737 0.3000000119
531  14.631  -78.079  -21.959 0.5000000000
523  14.403  -77.963  -21.410 0.5000000000
866  15.759  -77.698  -27.778 0.3000000119
131152  14.637  -77.827  -23.670 0.4000000060
537  14.978  -77.591  -22.990 0.5000000000
865  17.080  -77.061  -28.030 0.3000000119
562  14.985  -78.258  -27.720 0.4000000060
144029  14.595  -77.535  -24.307 0.5000000000
309  14.067  -78.322  -23.552 0.5000000000
591  15.315  -77.159  -30.811 0.3000000119
572  14.127  -78.415  -28.600 0.4000000060
563  14.238  -78.491  -27.464 0.5000000000
125900  14.187  -78.425  -26.441 0.5000000000
1291  16.013  -75.748  -30.884 0.3000000119
1743  16.686  -75.229  -31.185 0.4000000060
1313  17.083  -75.614  -31.820 0.3000000119
1729  17.222  -73.815  -30.098 0.4000000060
2213  17.791  -73.456  -30.683 0.4000000060
4372  14.213  -69.433  -36.349 0.5000000000
143863  18.391  -72.534  -31.218 0.3000000119
2517  17.503  -73.233  -13.927 0.3000000119
124601  17.107  -72.616  -15.646 0.3000000119
1606  15.962  -75.097  -19.277 0.3000000119
2529  16.923  -73.049  -14.709 0.3000000119
1187  16.442  -76.179  -19.545 0.3000000119
801  15.484  -77.302  -20.545 0.5000000000
133748  16.050  -77.378  -21.290 0.4000000060
145314  16.758  -77.003  -20.927 0.3000000119
1236  18.832  -75.565  -25.122 0.3000000119
815  15.861  -77.134  -22.058 0.5000000000
1259  16.555  -76.149  -26.801 0.3000000119
824  14.772  -76.973  -23.915 0.4000000060
135779  15.291  -77.011  -22.858 0.4000000060
129551  15.412  -77.174  -26.750 0.4000000060
1246  15.232  -76.172  -26.124 0.4000000060
838  14.850  -76.975  -26.025 0.4000000060
833  14.637  -77.005  -25.064 0.4000000060
876  16.584  -77.296  -29.241 0.3000000119
885  16.923  -76.841  -30.206 0.3000000119
854  14.786  -78.091  -26.708 0.4000000060
558  14.557  -78.016  -25.710 0.5000000000
1302  17.006  -76.097  -31.827 0.3000000119
1301  18.101  -75.534  -31.834 0.4000000060
1754  17.693  -74.823  -32.011 0.4000000060
135962  14.493  -70.129  -35.589 0.5000000000
2225  18.396  -73.377  -31.538 0.4000000060
1765  18.660  -74.704  -32.502 0.5000000000
4388  15.311  -68.528  -37.811 0.5000000000
2528  17.820  -72.547  -15.034 0.3000000119
4246  7.084  -69.394  -27.663 0.5000000000
1645  15.985  -75.655  -22.158 0.3000000119
1630  16.640  -75.637  -21.515 0.3000000119
124906  7.536  -69.395  -28.438 0.5000000000
3660  5.429  -69.879  -28.067 0.6000000238
128659  18.050  -75.538  -25.798 0.3000000119
137288  19.195  -75.766  -25.179 0.3000000119
1691  17.060  -75.289  -26.465 0.3000000119
1692  16.099  -75.152  -26.415 0.3000000119
1225  14.923  -75.710  -23.580 0.4000000060
1213  15.616  -76.287  -22.510 0.4000000060
4299  11.053  -69.456  -30.640 0.5000000000
4230  2.416  -69.608  -26.459 0.5000000000
1260  15.724  -76.001  -26.484 0.3000000119
129553  15.357  -75.389  -25.978 0.3000000119
1685  14.965  -74.993  -25.295 0.3000000119
1670  14.741  -74.737  -24.479 0.3000000119
128881  12.041  -69.832  -31.403 0.5000000000
874  18.260  -76.370  -28.167 0.3000000119
884  18.125  -76.290  -29.461 0.3000000119
3729  12.543  -70.132  -32.629 0.5000000000
126132  18.410  -75.837  -30.726 0.3000000119
133846  13.387  -70.303  -34.605 0.5000000000
1300  19.432  -75.324  -30.371 0.4000000060
3748  14.244  -70.380  -34.775 0.6000000238
1728  20.343  -74.746  -30.303 0.4000000060
1752  19.540  -75.052  -31.390 0.5000000000
4358  15.280  -70.021  -34.937 0.5000000000
1751  20.421  -74.536  -31.590 0.4000000060
137126  19.216  -74.309  -32.712 0.3000000119
2235  18.961  -73.962  -32.684 0.4000000060
4377  16.022  -69.298  -36.363 0.6000000238
122695  23.785  -72.376  -30.046 0.3000000119
2223  22.417  -73.411  -31.469 0.4000000060
2224  21.795  -73.764  -31.838 0.4000000060
2234  19.753  -73.770  -32.998 0.3000000119
4979  16.907  -68.736  -36.692 0.6000000238
4992  15.909  -68.429  -38.522 0.5000000000
2690  24.462  -71.871  -29.774 0.3000000119
2706  23.616  -72.577  -30.904 0.5000000000
2717  23.016  -72.927  -31.664 0.4000000060
122640  22.070  -72.972  -33.168 0.4000000060
4991  17.210  -68.438  -38.126 0.6000000238
3170  25.430  -71.521  -29.523 0.3000000119
2705  24.371  -71.994  -30.547 0.5000000000
2716  23.814  -72.301  -31.953 0.4000000060
2729  23.068  -72.528  -32.729 0.4000000060
3182  25.284  -71.545  -31.140 0.4000000060
2715  24.703  -71.576  -32.336 0.5000000000
2728  24.033  -71.747  -32.866 0.4000000060
3198  24.865  -71.109  -33.134 0.5000000000
139527  5.892  -69.403  -26.740 0.6000000238
4228  4.275  -69.568  -26.684 0.6000000238
1667  19.886  -74.760  -24.056 0.3000000119
1668  19.010  -74.835  -24.675 0.3000000119
2151  18.279  -73.753  -25.042 0.3000000119
1682  17.291  -74.459  -25.955 0.3000000119
4204  4.828  -69.103  -25.992 0.6000000238
4206  3.022  -69.204  -25.866 0.6000000238
1235  19.593  -75.345  -24.651 0.3000000119
2162  16.718  -73.704  -25.763 0.3000000119
2163  15.873  -73.556  -25.507 0.3000000119
142552  2.225  -69.181  -25.823 0.6000000238
1680  20.892  -75.013  -25.325 0.3000000119
1684  15.571  -74.515  -25.775 0.3000000119
4871  0.376  -68.251  -25.443 0.6000000238
6067  0.094  -66.708  -25.695 0.6000000238
5468  -0.249  -67.550  -25.743 0.6000000238
6078  -0.099  -66.960  -27.209 0.6000000238
6091  0.350  -67.141  -28.343 0.5000000000
1741  21.209  -74.305  -30.613 0.4000000060
3181  26.124  -71.277  -30.657 0.4000000060
3191  25.337  -71.394  -31.939 0.5000000000
137560  21.049  -74.371  -23.394 0.3000000119
2134  20.668  -73.674  -23.205 0.3000000119
2150  19.143  -73.847  -24.404 0.3000000119
2161  17.423  -73.658  -25.555 0.3000000119
2647  16.614  -72.878  -25.374 0.3000000119
2648  15.838  -72.759  -25.051 0.3000000119
4203  5.786  -69.043  -26.050 0.5000000000
1657  20.601  -74.789  -23.846 0.3000000119
1233  20.706  -75.168  -24.731 0.3000000119
4850  3.037  -68.019  -24.730 0.5000000000
4868  3.519  -68.674  -25.290 0.6000000238
1679  21.220  -74.770  -24.655 0.3000000119
2153  15.280  -73.259  -24.775 0.3000000119
4869  2.589  -68.652  -25.304 0.6000000238
2160  21.466  -74.288  -25.004 0.3000000119
5466  1.069  -67.716  -24.892 0.6000000238
123320  21.018  -74.343  -29.814 0.3000000119
1727  20.585  -74.621  -29.238 0.3000000119
6077  0.381  -66.391  -26.431 0.6000000238
6102  2.291  -66.460  -28.819 0.6000000238
4851  2.032  -67.930  -24.786 0.6000000238
5453  2.439  -67.156  -24.324 0.5000000000
6640  1.362  -65.596  -24.803 0.6000000238
6658  0.542  -66.052  -25.610 0.6000000238
6076  1.046  -66.065  -26.748 0.6000000238
134385  0.718  -66.690  -27.513 0.6000000238
6101  2.973  -66.393  -28.603 0.6000000238
6090  1.750  -66.546  -27.893 0.6000000238
6709  3.495  -65.520  -29.292 0.5000000000
4849  4.006  -68.119  -24.694 0.5000000000
6052  2.737  -66.356  -23.880 0.5000000000
6657  1.061  -65.582  -25.453 0.5000000000
130915  2.539  -66.404  -27.862 0.6000000238
7383  4.280  -64.772  -31.544 0.5000000000
6735  4.939  -65.440  -32.549 0.6000000238
7396  4.398  -65.045  -32.536 0.6000000238
8133  3.567  -64.205  -32.287 0.5000000000
6736  4.458  -64.957  -33.169 0.6000000238
7410  3.081  -64.703  -34.367 0.6000000238
6639  2.110  -65.269  -24.420 0.5000000000
123386  3.343  -66.374  -27.985 0.5000000000
133513  4.375  -66.263  -29.147 0.5000000000
6110  3.658  -66.243  -29.037 0.6000000238
6109  5.065  -66.390  -29.458 0.6000000238
6707  4.748  -66.186  -29.846 0.5000000000
7369  4.169  -64.473  -30.432 0.5000000000
6131  5.351  -66.237  -30.819 0.6000000238
8099  6.404  -64.351  -30.314 0.6000000238
6727  5.221  -65.952  -31.529 0.6000000238
7420  3.578  -64.725  -34.830 0.5000000000
14057  5.739  -56.631  -32.056 0.5000000000
6635  2.838  -64.983  -23.904 0.5000000000
6089  2.851  -65.912  -27.217 0.5000000000
6088  4.234  -66.245  -28.103 0.6000000238
145240  6.093  -55.814  -30.904 0.5000000000
14949  6.225  -55.563  -30.286 0.6000000238
14975  5.405  -56.006  -32.177 0.6000000238
14068  4.878  -56.362  -33.277 0.6000000238
129342  6.167  -56.745  -31.213 0.5000000000
13166  5.542  -57.229  -32.824 0.5000000000
132740  5.416  -57.840  -33.468 0.5000000000
7428  3.775  -64.534  -36.696 0.5000000000
7419  4.217  -64.585  -35.448 0.5000000000
17666  6.154  -53.209  -31.008 0.6000000238
17667  5.190  -53.118  -31.210 0.6999999881
16715  4.768  -53.450  -32.038 0.6000000238
16716  3.787  -53.565  -32.132 0.6999999881
16702  2.589  -54.163  -30.729 0.6000000238
144248  4.977  -54.444  -30.067 0.6000000238
16736  3.603  -54.322  -32.465 0.6000000238
15855  2.954  -54.248  -31.970 0.6000000238
16713  6.794  -53.319  -31.904 0.6000000238
126948  5.460  -53.805  -32.564 0.6000000238
15854  3.395  -54.783  -32.410 0.6000000238
15828  3.234  -54.581  -31.170 0.5000000000
15816  5.855  -54.227  -29.291 0.6000000238
126635  6.496  -53.659  -32.558 0.6000000238
15853  4.234  -54.731  -33.015 0.6000000238
14963  4.654  -55.497  -31.855 0.5000000000
15826  5.825  -54.880  -30.147 0.6000000238
15852  5.153  -54.425  -33.088 0.6000000238
14976  4.192  -55.609  -32.904 0.6000000238
15864  5.943  -54.742  -33.584 0.6000000238
14988  4.225  -55.342  -33.179 0.6000000238
14987  4.779  -55.776  -33.832 0.6000000238
13176  5.029  -56.908  -33.936 0.5000000000
12321  5.333  -58.523  -34.085 0.5000000000
12330  5.375  -58.323  -35.125 0.5000000000
11509  5.340  -59.250  -35.660 0.5000000000
11510  5.149  -59.963  -36.334 0.5000000000
17670  2.361  -53.302  -31.471 0.6000000238
16703  1.933  -53.654  -30.416 0.6999999881
16751  7.234  -53.909  -33.187 0.5000000000
14986  5.651  -55.464  -34.038 0.6000000238
14090  5.959  -56.618  -34.868 0.6000000238
124362  5.244  -57.516  -34.543 0.5000000000
13187  5.696  -57.289  -35.273 0.6000000238
12338  6.275  -58.517  -36.170 0.5000000000
12337  7.117  -58.657  -36.430 0.6000000238
146839  5.999  -58.956  -36.480 0.6000000238
125953  12.839  -49.551  -29.835 0.4000000060
18597  3.498  -51.151  -30.065 0.6999999881
128241  1.161  -51.748  -29.680 0.5000000000
18599  0.871  -51.873  -29.049 0.5000000000
19546  13.512  -50.033  -30.636 0.6000000238
19547  12.083  -50.129  -29.819 0.5000000000
139399  1.181  -52.554  -29.876 0.6000000238
17637  1.244  -52.666  -29.315 0.5000000000
20519  15.344  -49.957  -30.282 0.5000000000
18609  5.066  -52.055  -30.021 0.6000000238
18612  1.559  -52.348  -30.509 0.8000000119
17651  4.624  -52.512  -30.772 0.6999999881
17653  2.399  -52.637  -31.155 0.8000000119
16694  1.918  -53.351  -29.652 0.6999999881
14089  7.227  -56.567  -34.862 0.6000000238
14098  6.858  -57.171  -35.284 0.6000000238
18582  0.758  -51.196  -28.441 0.5000000000
19551  4.163  -50.433  -29.652 0.6999999881
18566  1.459  -51.560  -27.521 0.5000000000
21582  15.602  -49.273  -29.105 0.4000000060
21599  14.649  -49.175  -29.884 0.4000000060
20506  15.587  -49.710  -29.273 0.4000000060
19532  15.411  -50.212  -29.275 0.5000000000
19533  14.332  -50.833  -28.795 0.4000000060
19539  1.395  -50.412  -28.818 0.5000000000
18554  0.629  -50.946  -27.517 0.5000000000
21600  13.431  -49.000  -29.635 0.3000000119
21601  12.151  -48.857  -29.331 0.3000000119
19552  3.146  -50.534  -29.586 0.6000000238
20499  15.679  -49.603  -27.966 0.4000000060
19524  14.959  -50.175  -28.232 0.4000000060
18574  13.418  -51.434  -28.994 0.4000000060
20529  3.035  -50.056  -28.941 0.6000000238
20527  4.793  -49.611  -29.350 0.6000000238
19525  13.312  -50.438  -27.391 0.4000000060
20513  2.060  -49.931  -28.660 0.5000000000
20514  1.144  -49.928  -28.289 0.5000000000
22613  13.109  -47.229  -26.823 0.3000000119
21585  12.631  -48.453  -29.208 0.3000000119
22649  11.636  -47.784  -29.806 0.3000000119
21602  10.486  -48.739  -29.430 0.4000000060
19517  13.181  -50.024  -26.296 0.3000000119
19526  12.965  -51.039  -28.060 0.4000000060
19518  12.422  -50.718  -26.434 0.4000000060
22667  11.324  -47.137  -30.775 0.4000000060
20512  3.806  -49.560  -28.710 0.6000000238
20500  2.006  -49.401  -27.879 0.4000000060
22668  10.784  -47.369  -30.703 0.4000000060
23717  13.635  -46.934  -26.146 0.3000000119
23726  12.340  -46.793  -26.916 0.3000000119
144080  2.917  -49.369  -27.671 0.5000000000
22651  9.578  -47.749  -30.043 0.4000000060
23742  7.600  -46.564  -28.140 0.5000000000
23756  9.736  -46.822  -30.088 0.4000000060
23740  9.085  -46.609  -29.265 0.4000000060
26677  12.698  -43.769  -29.970 0.3000000119
26665  11.747  -43.174  -28.764 0.3000000119
25684  10.962  -44.503  -29.487 0.3000000119
25676  10.345  -44.282  -28.402 0.3000000119
124752  10.496  -43.531  -27.825 0.3000000119
23643  7.247  -46.185  -20.836 0.4000000060
27738  13.073  -43.076  -29.543 0.3000000119
2137  14.848  -73.863  -24.399 0.3000000119
24758  9.934  -46.188  -29.826 0.3000000119
146567  9.057  -57.906  -35.463 0.6000000238
25611  6.368  -44.357  -20.321 0.4000000060
19544  15.390  -50.203  -30.111 0.5000000000
24748  10.309  -45.276  -29.517 0.3000000119
2233  20.564  -73.757  -33.021 0.3000000119
2231  22.316  -73.242  -32.276 0.4000000060
6075  1.969  -65.979  -26.987 0.5000000000
492  12.760  -77.815  -17.477 0.4000000060
135101  11.546  -78.162  -18.463 0.5000000000
5  7.964  -80.030  -18.251 0.5000000000
867  13.584  -76.670  -28.125 0.4000000060
491  12.824  -77.945  -17.150 0.4000000060
2556  12.980  -72.605  -17.882 0.4000000060
2576  13.157  -72.444  -19.139 0.4000000060
1283  14.413  -76.137  -29.021 0.4000000060
143179  13.137  -76.324  -27.139 0.4000000060
574  12.349  -78.040  -27.094 0.4000000060
266  9.783  -78.855  -16.205 0.3000000119
1577  14.992  -74.650  -15.266 0.3000000119
2554  14.601  -72.581  -17.463 0.3000000119
2085  14.811  -72.794  -18.632 0.4000000060
2098  13.657  -72.763  -19.557 0.4000000060
887  14.873  -76.870  -30.740 0.3000000119
1292  15.359  -76.104  -30.510 0.4000000060
2096  15.427  -73.811  -19.060 0.4000000060
1194  14.554  -75.118  -20.158 0.4000000060
548  14.396  -78.061  -24.609 0.5000000000
3754  13.492  -69.916  -35.541 0.5000000000
1730  16.573  -74.487  -29.903 0.4000000060
2540  17.427  -72.754  -16.408 0.3000000119
1188  15.479  -75.796  -19.764 0.4000000060
1193  14.896  -76.485  -20.306 0.4000000060
530  15.355  -77.664  -22.132 0.5000000000
875  17.543  -76.741  -28.662 0.3000000119
896  16.042  -76.800  -30.987 0.3000000119
895  16.662  -76.442  -31.210 0.3000000119
4371  15.189  -69.735  -36.120 0.6000000238
799  17.093  -76.761  -20.385 0.3000000119
139960  15.951  -76.825  -19.972 0.4000000060
1237  14.719  -75.840  -24.671 0.3000000119
3738  13.454  -70.412  -33.110 0.5000000000
147091  18.861  -75.442  -31.338 0.4000000060
1631  15.799  -74.504  -22.117 0.3000000119
1658  14.790  -74.356  -23.648 0.3000000119
2692  23.087  -72.864  -30.184 0.4000000060
128156  21.334  -74.169  -31.434 0.4000000060
130629  19.982  -74.283  -32.654 0.4000000060
3171  24.624  -71.684  -29.148 0.3000000119
2639  18.352  -72.756  -24.696 0.3000000119
5454  1.503  -67.051  -24.506 0.6000000238
2212  22.000  -73.786  -30.847 0.3000000119
2640  17.255  -72.172  -25.028 0.3000000119
2641  16.193  -72.002  -24.752 0.3000000119
122646  21.640  -73.756  -25.055 0.3000000119
6708  4.153  -65.787  -29.519 0.5000000000
7368  4.613  -65.458  -31.055 0.6000000238
17652  3.547  -52.447  -31.046 0.6999999881
17638  1.321  -53.144  -30.106 0.6999999881
18610  4.050  -51.808  -30.468 0.6999999881
18598  2.240  -51.363  -30.010 0.6000000238
22635  12.929  -47.993  -28.472 0.3000000119
22623  12.568  -47.316  -27.528 0.3000000119
4341  15.935  -69.183  -33.074 0.5000000000
125721  15.211  -69.998  -33.052 0.5000000000
137247  23.531  -69.552  -29.936 0.6000000238
140805  3.954  -65.402  -26.712 0.4000000060
6688  4.786  -65.701  -27.336 0.5000000000
6741  5.034  -64.745  -33.895 0.5000000000
129197  6.218  -63.513  -30.847 0.5000000000
7395  6.227  -64.613  -32.433 0.5000000000
6737  5.828  -65.116  -32.555 0.5000000000
7418  5.202  -64.328  -34.909 0.5000000000
7417  5.808  -64.083  -34.274 0.5000000000
140089  6.129  -63.667  -30.041 0.5000000000
7427  4.833  -64.195  -36.240 0.4000000060
134375  6.187  -63.106  -31.614 0.5000000000
139075  6.231  -64.037  -33.209 0.5000000000
8170  5.908  -63.591  -35.246 0.5000000000
8199  5.401  -63.600  -36.940 0.5000000000
8961  6.270  -62.376  -32.998 0.6000000238
8149  6.216  -63.245  -33.576 0.5000000000
133859  6.467  -62.849  -35.954 0.5000000000
11522  6.179  -60.181  -37.269 0.5000000000
9034  6.257  -62.256  -37.426 0.5000000000
9847  6.116  -61.560  -37.608 0.5000000000
126149  6.208  -63.151  -34.655 0.6000000238
144018  6.616  -62.601  -36.768 0.6000000238
9022  6.196  -62.821  -37.096 0.5000000000
9784  6.344  -61.330  -32.523 0.6000000238
9795  6.748  -61.528  -34.361 0.6000000238
9001  6.671  -62.222  -35.211 0.6000000238
9846  6.961  -61.618  -37.353 0.6000000238
10647  7.233  -60.922  -34.614 0.6000000238
11519  8.098  -60.246  -36.817 0.5000000000
12344  7.725  -59.381  -36.735 0.5000000000
9821  7.162  -61.888  -36.522 0.6000000238
126559  6.877  -62.132  -37.138 0.6000000238
16692  4.387  -53.919  -29.605 0.5000000000
144369  4.225  -53.059  -28.575 0.5000000000
16693  2.891  -53.839  -29.984 0.5000000000
125402  8.220  -58.582  -36.191 0.6000000238
10646  8.131  -60.720  -35.470 0.6000000238
12336  8.756  -59.605  -36.441 0.6000000238
9836  7.794  -61.116  -36.669 0.6000000238
10674  8.676  -60.187  -36.416 0.6000000238
10645  8.951  -60.181  -35.863 0.6000000238
23769  11.097  -46.768  -31.049 0.3000000119
23658  6.668  -46.796  -21.244 0.3000000119
3723  25.700  -70.663  -32.177 0.4000000060
128705  24.714  -70.086  -32.507 0.5000000000
4990  18.124  -68.392  -38.574 0.5000000000
4978  18.304  -68.392  -37.761 0.5000000000
144121  17.717  -68.462  -36.958 0.4000000060
4912  23.534  -69.021  -29.081 0.4000000060
4342  14.837  -70.270  -33.969 0.4000000060
4357  16.272  -69.189  -34.589 0.4000000060
128924  15.684  -69.595  -33.855 0.4000000060
138903  15.897  -69.522  -35.499 0.4000000060
7341  23.556  -65.145  -28.898 0.4000000060
6695  22.678  -65.972  -28.135 0.4000000060
5493  21.892  -67.562  -27.990 0.4000000060
128927  14.377  -70.352  -32.608 0.4000000060
6094  23.151  -66.792  -28.084 0.4000000060
127997  22.739  -67.579  -28.108 0.4000000060
6677  22.299  -65.132  -27.794 0.4000000060
6678  21.428  -65.181  -27.449 0.5000000000
10609  7.704  -60.343  -34.283 0.5000000000
139413  7.887  -59.502  -33.061 0.5000000000
11470  8.915  -59.360  -33.466 0.5000000000
12307  8.285  -59.066  -32.620 0.5000000000
12276  9.574  -58.168  -31.286 0.5000000000
11469  9.953  -59.177  -33.855 0.5000000000
12290  10.889  -58.227  -31.737 0.5000000000
17626  3.398  -52.744  -28.405 0.4000000060
17627  2.012  -52.492  -28.445 0.4000000060
12306  9.498  -58.911  -33.000 0.5000000000
11508  9.285  -59.669  -36.026 0.5000000000
4272  22.744  -69.427  -29.430 0.5000000000
4900  23.075  -68.373  -28.444 0.4000000060
139001  21.965  -65.975  -27.763 0.4000000060
123080  8.254  -79.834  -19.284 0.4000000060
102  7.731  -79.661  -19.622 0.4000000060
136498  3.998  -74.753  -20.565 0.4000000060
100  9.746  -79.239  -18.947 0.4000000060
289  8.643  -79.363  -19.426 0.4000000060
139154  4.618  -74.829  -19.985 0.4000000060
141964  8.092  -78.893  -19.589 0.4000000060
1622  5.553  -74.200  -20.146 0.4000000060
1190  5.309  -75.015  -19.451 0.4000000060
795  5.297  -76.097  -19.525 0.4000000060
132717  10.295  -77.418  -18.739 0.5000000000
506  9.943  -78.357  -19.150 0.5000000000
501  9.237  -77.292  -18.759 0.4000000060
507  8.833  -78.400  -19.314 0.4000000060
124749  5.759  -75.918  -19.255 0.4000000060
785  10.554  -76.443  -18.278 0.5000000000
1178  9.945  -75.390  -17.984 0.5000000000
786  9.568  -76.242  -18.286 0.5000000000
502  8.107  -77.072  -18.629 0.4000000060
508  7.685  -77.920  -19.210 0.4000000060
2100  8.218  -73.246  -19.100 0.4000000060
2090  7.375  -73.577  -18.995 0.4000000060
1182  6.483  -74.603  -18.777 0.4000000060
789  6.739  -75.553  -18.632 0.4000000060
794  6.360  -76.344  -19.009 0.4000000060
1608  6.750  -73.785  -19.296 0.4000000060
1609  6.070  -74.220  -19.397 0.4000000060
1597  8.854  -73.857  -18.146 0.5000000000
1179  8.909  -75.006  -17.943 0.4000000060
787  8.524  -76.090  -18.259 0.4000000060
793  7.180  -76.745  -18.760 0.4000000060
2088  8.969  -73.115  -18.705 0.5000000000
2089  8.136  -73.591  -18.609 0.4000000060
1598  7.509  -74.003  -18.495 0.4000000060
788  7.569  -75.888  -18.395 0.4000000060
1633  9.696  -73.717  -21.270 0.3000000119
1207  9.937  -74.506  -21.947 0.3000000119
2120  10.544  -73.634  -21.522 0.4000000060
133664  10.083  -73.043  -20.782 0.3000000119
2119  11.502  -73.568  -21.485 0.4000000060
2111  10.972  -72.843  -20.953 0.4000000060
818  10.571  -75.813  -23.088 0.3000000119
1206  10.566  -75.129  -22.473 0.4000000060
1647  11.152  -74.486  -22.139 0.4000000060
1632  12.143  -74.445  -21.770 0.4000000060
811  12.049  -76.161  -22.400 0.4000000060
1205  11.884  -75.170  -22.226 0.4000000060
1618  13.071  -74.644  -21.163 0.3000000119
2099  8.927  -72.884  -19.488 0.3000000119
146218  12.484  -72.970  -20.578 0.3000000119
2590  11.390  -72.500  -20.147 0.4000000060
123121  11.600  -77.529  -23.186 0.4000000060
2118  12.374  -73.600  -21.162 0.3000000119
1204  12.660  -75.677  -21.728 0.4000000060
810  12.737  -77.035  -21.871 0.4000000060
1195  13.406  -75.834  -21.139 0.4000000060
2580  9.496  -72.700  -19.146 0.4000000060
2591  10.544  -72.539  -20.120 0.4000000060
825  11.098  -76.734  -23.608 0.4000000060
1617  13.769  -74.358  -20.493 0.3000000119
312  11.950  -78.496  -23.654 0.4000000060
539  11.357  -77.879  -23.808 0.4000000060
134950  12.407  -78.663  -23.933 0.4000000060
306  12.516  -78.398  -22.818 0.4000000060
816  12.146  -77.509  -22.513 0.4000000060
126732  9.642  -73.499  -18.231 0.4000000060
2569  10.708  -72.645  -18.637 0.4000000060
2589  12.176  -72.551  -20.086 0.3000000119
2578  11.021  -72.409  -19.318 0.4000000060
2588  12.976  -72.748  -19.977 0.3000000119
329  11.585  -78.457  -25.109 0.4000000060
336  11.862  -78.416  -25.759 0.4000000060
317  12.624  -78.709  -24.607 0.4000000060
310  13.439  -78.519  -23.109 0.4000000060
525  12.867  -77.921  -21.941 0.4000000060
1171  10.992  -74.727  -17.752 0.4000000060
2568  11.548  -72.529  -18.635 0.3000000119
1586  11.810  -74.589  -17.567 0.4000000060
130119  9.637  -74.419  -17.891 0.4000000060
1595  11.101  -73.748  -17.796 0.4000000060
2087  10.458  -73.164  -18.205 0.4000000060
2086  11.280  -72.867  -18.128 0.4000000060
7302  20.954  -64.253  -26.954 0.4000000060
532  11.924  -78.184  -23.001 0.4000000060
6  7.190  -80.393  -18.835 0.5000000000
12  8.195  -80.055  -18.995 0.4000000060
85  10.180  -79.069  -18.070 0.5000000000
95  9.590  -79.383  -18.594 0.5000000000
101  9.029  -79.601  -19.076 0.4000000060
244  11.390  -77.853  -15.345 0.3000000119
264  11.863  -78.445  -17.138 0.4000000060
272  12.478  -78.204  -17.468 0.4000000060
274  10.877  -78.623  -18.177 0.5000000000
282  10.809  -78.461  -18.598 0.5000000000
288  9.513  -79.096  -19.249 0.4000000060
301  13.064  -78.239  -22.182 0.5000000000
304  14.028  -78.349  -22.596 0.5000000000
305  13.238  -78.429  -22.598 0.4000000060
311  12.722  -78.591  -23.265 0.4000000060
318  11.926  -78.631  -24.542 0.4000000060
327  12.942  -78.680  -25.592 0.5000000000
328  12.032  -78.661  -25.334 0.4000000060
334  12.768  -78.606  -26.809 0.4000000060
340  13.602  -78.512  -27.990 0.4000000060
341  13.044  -78.516  -27.742 0.4000000060
486  13.021  -77.431  -16.765 0.3000000119
500  10.774  -78.273  -18.862 0.5000000000
522  15.208  -77.754  -21.323 0.4000000060
524  13.595  -78.022  -21.631 0.5000000000
538  14.733  -78.039  -22.778 0.5000000000
549  11.496  -78.341  -24.509 0.4000000060
571  15.121  -78.103  -28.736 0.3000000119
592  14.625  -77.392  -30.307 0.3000000119
769  13.402  -76.880  -16.321 0.3000000119
784  11.466  -76.670  -18.044 0.5000000000
792  16.822  -76.770  -19.889 0.3000000119
796  4.674  -75.694  -19.802 0.4000000060
800  16.336  -77.150  -20.515 0.5000000000
809  13.379  -76.818  -21.326 0.4000000060
817  11.476  -76.524  -22.974 0.4000000060
855  12.633  -76.712  -26.712 0.4000000060
868  12.876  -77.587  -27.799 0.4000000060
886  16.033  -77.276  -30.393 0.3000000119
888  14.377  -77.115  -30.143 0.3000000119
894  17.399  -76.336  -30.991 0.3000000119
897  15.617  -76.600  -30.950 0.4000000060
1177  10.817  -75.589  -17.937 0.5000000000
1180  7.921  -74.949  -18.156 0.4000000060
1181  7.106  -74.737  -18.466 0.4000000060
1189  6.034  -75.154  -18.948 0.4000000060
1196  3.841  -75.410  -20.310 0.4000000060
1212  16.407  -76.651  -21.584 0.4000000060
1214  11.290  -75.501  -22.596 0.4000000060
1234  20.200  -75.331  -24.577 0.3000000119
1243  20.365  -75.400  -25.174 0.3000000119
1245  17.951  -76.060  -26.213 0.3000000119
1247  14.914  -75.954  -25.541 0.4000000060
1258  18.673  -76.020  -25.721 0.3000000119
1293  14.812  -76.393  -30.159 0.3000000119
1303  16.453  -76.193  -31.376 0.3000000119
1311  18.691  -75.163  -32.161 0.4000000060
1312  18.071  -75.119  -32.336 0.4000000060
1571  15.382  -74.921  -14.647 0.3000000119
1596  10.321  -74.016  -17.839 0.4000000060
1599  6.807  -73.972  -18.848 0.4000000060
1605  16.964  -75.640  -19.025 0.3000000119
1610  5.252  -74.508  -19.849 0.4000000060
1616  14.312  -74.084  -20.032 0.4000000060
1621  6.440  -73.784  -19.935 0.4000000060
1656  21.239  -74.682  -23.875 0.3000000119
1666  20.688  -75.039  -24.219 0.3000000119
1669  15.092  -74.061  -25.110 0.3000000119
1681  18.155  -74.685  -25.371 0.3000000119
1683  16.436  -74.353  -26.095 0.3000000119
1742  17.233  -74.728  -31.362 0.3000000119
1753  18.380  -74.681  -32.386 0.5000000000
1763  20.961  -74.121  -32.279 0.4000000060
1764  19.348  -74.724  -32.325 0.3000000119
2109  13.081  -73.562  -20.635 0.3000000119
2110  11.828  -72.864  -20.829 0.4000000060
2113  8.422  -73.233  -19.818 0.3000000119
2114  7.729  -73.439  -19.628 0.4000000060
2135  19.900  -73.834  -23.754 0.3000000119
2136  14.892  -73.233  -23.816 0.3000000119
2149  21.840  -74.227  -24.312 0.3000000119
2152  17.576  -72.964  -25.238 0.3000000119
2187  16.156  -73.243  -28.714 0.3000000119
2189  14.682  -73.101  -28.307 0.3000000119
2196  22.375  -73.461  -30.050 0.3000000119
2211  22.783  -73.203  -30.812 0.4000000060
2232  21.462  -73.568  -32.709 0.4000000060
2242  20.437  -73.176  -33.356 0.4000000060
2555  13.788  -72.551  -17.724 0.4000000060
2567  12.479  -72.469  -18.632 0.4000000060
2570  9.875  -72.859  -18.661 0.4000000060
2575  13.963  -72.489  -18.916 0.4000000060
2577  11.837  -72.405  -19.353 0.3000000119
2579  10.204  -72.551  -19.271 0.4000000060
2637  21.652  -72.821  -25.044 0.3000000119
2680  15.879  -72.806  -28.839 0.3000000119
2681  15.300  -72.770  -28.835 0.3000000119
2718  19.101  -71.858  -32.240 0.4000000060
2731  16.578  -71.821  -31.838 0.3000000119
2732  15.857  -72.221  -32.276 0.4000000060
2740  23.542  -71.694  -33.522 0.4000000060
3183  18.230  -72.124  -31.133 0.3000000119
3190  26.120  -70.984  -31.771 0.5000000000
3194  17.363  -71.663  -31.493 0.3000000119
3197  25.494  -71.017  -32.510 0.4000000060
3202  17.953  -71.414  -31.981 0.4000000060
3207  23.959  -70.885  -34.097 0.4000000060
3208  22.630  -71.435  -34.386 0.4000000060
3221  22.981  -70.467  -34.895 0.4000000060
3235  22.855  -69.847  -35.674 0.4000000060
3236  21.974  -70.437  -35.807 0.3000000119
3248  19.267  -71.138  -37.681 0.4000000060
3253  19.141  -71.062  -38.510 0.4000000060
3256  19.806  -70.613  -38.650 0.5000000000
3640  14.969  -70.300  -26.679 0.8000000119
3641  14.162  -70.382  -26.723 0.6999999881
3656  15.323  -70.319  -27.235 0.8000000119
3657  14.703  -70.463  -27.407 0.8000000119
3659  5.991  -69.904  -28.449 0.6000000238
3672  14.431  -70.473  -28.293 0.6999999881
3698  22.070  -70.333  -31.087 0.6999999881
3711  20.921  -70.170  -31.868 0.6999999881
3712  14.226  -70.368  -31.120 0.6000000238
3724  24.993  -70.644  -33.048 0.4000000060
3727  14.305  -70.351  -31.814 0.4000000060
3728  13.466  -70.392  -32.210 0.6999999881
3733  24.423  -70.261  -33.741 0.6000000238
3734  24.164  -70.326  -34.024 0.5000000000
3737  14.389  -70.371  -33.324 0.5000000000
3749  13.862  -70.438  -33.941 0.5000000000
3753  19.401  -70.758  -35.523 0.3000000119
3759  21.762  -69.980  -37.422 0.6000000238
3765  21.748  -69.677  -37.478 0.6999999881
3769  20.927  -70.037  -38.404 0.5000000000
3771  19.174  -70.606  -39.133 0.4000000060
3774  19.554  -70.181  -39.161 0.4000000060
4199  15.367  -69.071  -25.793 0.6000000238
4200  14.168  -69.634  -25.481 0.6999999881
4205  3.913  -69.185  -25.924 0.6000000238
4217  15.882  -69.632  -26.852 0.6000000238
4220  13.725  -70.082  -26.072 0.8999999762
4222  11.682  -69.248  -26.509 0.8000000119
4226  6.473  -69.119  -26.484 0.6000000238
4227  5.190  -69.497  -26.717 0.6000000238
4239  16.378  -69.494  -27.521 0.6999999881
4242  12.315  -69.860  -27.771 0.6999999881
4247  6.224  -69.742  -27.837 0.5000000000
4248  5.644  -69.712  -27.320 0.6000000238
4260  9.260  -69.124  -28.690 0.6999999881
4262  7.766  -69.464  -29.252 0.5000000000
4274  20.757  -69.535  -29.552 0.6999999881
4276  12.980  -70.269  -29.255 0.8000000119
4298  11.767  -69.749  -30.785 0.6999999881
4310  23.080  -70.079  -31.347 0.6999999881
4311  20.426  -69.771  -32.365 0.8000000119
4312  19.733  -69.030  -32.012 0.8000000119
4313  15.489  -69.528  -31.630 0.6000000238
4325  21.991  -70.046  -33.712 0.6999999881
4326  20.754  -69.780  -33.478 0.8000000119
4337  24.221  -70.035  -33.796 0.6000000238
4338  23.080  -69.609  -34.529 0.6999999881
4340  19.900  -69.089  -33.823 0.8000000119
4370  16.649  -69.068  -35.603 0.4000000060
4378  15.508  -69.141  -36.860 0.5000000000
4379  14.789  -68.963  -37.082 0.5000000000
4393  19.582  -69.644  -39.009 0.6000000238
4841  13.337  -68.461  -24.346 0.6999999881
4844  10.357  -68.160  -24.950 0.6999999881
4860  12.872  -69.045  -24.930 0.6999999881
4863  8.487  -68.415  -25.778 0.6000000238
4864  7.786  -68.544  -25.794 0.6000000238
4865  6.562  -68.827  -25.890 0.6000000238
4870  1.525  -68.668  -25.411 0.6000000238
4889  16.966  -68.719  -27.789 0.6000000238
4892  8.566  -68.770  -27.130 0.6000000238
4903  19.904  -68.078  -28.798 0.6999999881
4905  17.015  -68.904  -28.647 0.6000000238
4916  19.620  -67.860  -29.629 0.8000000119
4917  17.057  -68.167  -29.395 0.8000000119
4931  15.912  -68.814  -31.894 0.6999999881
4937  16.549  -68.141  -32.623 0.6000000238
4938  16.105  -68.660  -32.509 0.6000000238
4943  17.532  -68.026  -33.646 0.6999999881
4950  20.836  -69.206  -35.903 0.6999999881
4963  20.913  -69.058  -36.611 0.6999999881
4964  19.983  -68.575  -36.477 0.6999999881
4965  19.190  -68.364  -36.059 0.6999999881
4976  20.150  -68.630  -37.303 0.6999999881
4977  19.260  -68.407  -37.520 0.6000000238
4980  16.164  -68.814  -37.405 0.5000000000
4987  21.104  -69.160  -37.583 0.6999999881
4999  19.349  -68.920  -38.652 0.6000000238
5000  18.465  -68.535  -38.788 0.6000000238
5001  17.622  -68.428  -38.863 0.5000000000
5424  14.078  -66.690  -23.737 0.6000000238
5428  10.339  -67.316  -23.736 0.8000000119
5431  6.841  -67.273  -23.804 0.6000000238
5434  4.132  -66.691  -23.626 0.6000000238
5435  3.416  -66.359  -23.640 0.6000000238
5442  13.820  -67.659  -23.902 0.6000000238
5446  9.906  -67.696  -24.412 0.6999999881
5447  9.095  -67.680  -24.498 0.6999999881
5450  5.427  -67.657  -24.251 0.6000000238
5464  8.755  -68.119  -25.102 0.6999999881
5467  0.387  -67.267  -25.186 0.6000000238
5473  16.150  -68.018  -26.769 0.6000000238
5474  15.684  -67.935  -26.261 0.6000000238
5475  15.063  -67.416  -25.383 0.6000000238
5492  23.590  -67.672  -28.149 0.4000000060
5494  20.856  -67.507  -27.951 0.6999999881
5503  17.148  -67.065  -29.929 0.6999999881
5534  17.267  -67.756  -32.882 0.6000000238
6018  11.177  -66.256  -22.533 0.6999999881
6020  8.717  -66.340  -22.635 0.6000000238
6023  5.935  -65.635  -22.550 0.5000000000
6035  13.560  -66.285  -23.169 0.6000000238
6038  10.763  -66.850  -23.081 0.6999999881
6041  7.336  -66.719  -23.190 0.5000000000
6044  4.608  -66.014  -23.175 0.6000000238
6045  3.068  -65.605  -23.618 0.5000000000
6046  2.467  -65.607  -23.952 0.5000000000
6053  1.867  -66.140  -24.246 0.6000000238
6054  1.081  -66.321  -24.654 0.6000000238
6055  0.543  -66.501  -25.047 0.6000000238
6068  -0.270  -67.034  -26.414 0.6000000238
6073  16.499  -66.690  -26.836 0.5000000000
6074  15.301  -66.980  -26.245 0.6000000238
6082  22.363  -66.770  -27.933 0.4000000060
6085  20.131  -66.100  -27.801 0.6000000238
6087  5.201  -66.115  -28.261 0.6000000238
6096  17.533  -66.119  -27.890 0.6000000238
6097  6.159  -66.209  -29.164 0.6999999881
6098  5.541  -66.362  -28.971 0.6999999881
6099  4.685  -66.338  -28.791 0.6000000238
6100  3.816  -66.318  -28.620 0.6000000238
6108  5.735  -66.391  -29.664 0.6000000238
6118  17.694  -66.476  -30.241 0.8000000119
6119  6.196  -66.114  -30.540 0.6999999881
6120  5.831  -66.328  -30.386 0.6999999881
6121  5.224  -66.356  -30.188 0.6000000238
6128  18.913  -66.611  -31.125 0.8000000119
6129  17.975  -66.528  -31.028 0.8000000119
6130  5.829  -66.149  -31.036 0.6999999881
6136  18.361  -66.819  -31.770 0.8000000119
6608  11.916  -64.918  -21.726 0.6000000238
6611  8.341  -64.956  -21.422 0.5000000000
6613  7.006  -64.871  -21.811 0.5000000000
6624  13.266  -65.125  -22.662 0.5000000000
6625  11.562  -65.587  -22.099 0.5000000000
6630  6.485  -65.173  -22.115 0.6999999881
6634  3.553  -65.015  -23.508 0.6000000238
6641  0.804  -65.904  -25.029 0.6000000238
6651  14.319  -66.073  -24.864 0.5000000000
6656  1.830  -65.066  -25.215 0.5000000000
6666  6.340  -65.177  -27.234 0.6999999881
6668  3.255  -65.460  -26.677 0.5000000000
6670  1.377  -65.477  -26.078 0.5000000000
6671  0.786  -65.770  -26.069 0.6000000238
6680  19.552  -65.337  -27.752 0.6000000238
6683  13.624  -65.333  -27.285 0.6000000238
6684  13.295  -65.290  -27.444 0.6000000238
6686  6.305  -65.471  -28.023 0.6999999881
6689  3.717  -65.867  -27.391 0.4000000060
6697  18.731  -65.410  -28.197 0.5000000000
6698  18.081  -65.661  -28.164 0.6999999881
6706  6.452  -65.807  -29.411 0.6999999881
6718  4.910  -66.060  -30.764 0.5000000000
6726  5.808  -65.854  -31.554 0.6999999881
6734  5.527  -65.551  -32.151 0.6000000238
6738  5.341  -65.075  -33.090 0.5000000000
6739  4.687  -64.942  -33.446 0.5000000000
6740  4.007  -64.798  -33.880 0.5000000000
6742  4.429  -64.702  -34.346 0.5000000000
7232  11.365  -64.294  -21.366 0.6000000238
7234  8.876  -64.332  -21.382 0.5000000000
7236  7.353  -64.372  -21.843 0.6000000238
7255  4.234  -64.730  -23.524 0.5000000000
7267  3.760  -64.532  -24.073 0.6000000238
7287  17.441  -64.252  -26.403 0.5000000000
7293  5.465  -64.717  -25.791 0.6000000238
7307  13.355  -65.165  -27.698 0.5000000000
7322  12.839  -64.917  -28.364 0.5000000000
7346  6.551  -65.124  -29.807 0.6999999881
7347  4.433  -65.357  -30.140 0.5000000000
7381  6.389  -64.984  -31.527 0.6000000238
7382  4.776  -65.591  -31.828 0.6000000238
7397  3.819  -64.704  -33.323 0.6000000238
7408  5.875  -64.494  -33.317 0.5000000000
7409  5.450  -64.533  -33.854 0.5000000000
7990  9.193  -63.317  -21.545 0.6000000238
8009  7.589  -63.277  -23.105 0.6000000238
8044  16.139  -63.696  -26.370 0.5000000000
8046  14.651  -63.987  -26.745 0.6000000238
8049  6.754  -64.241  -26.277 0.6999999881
8055  13.917  -64.221  -27.485 0.5000000000
8070  5.837  -63.190  -28.510 0.6000000238
8086  6.382  -64.320  -29.480 0.6000000238
8087  5.929  -63.429  -29.345 0.5000000000
8116  6.412  -64.028  -31.694 0.5000000000
8132  6.271  -63.430  -32.537 0.5000000000
8186  6.083  -63.214  -36.433 0.6000000238
8187  5.510  -63.797  -35.973 0.4000000060
8809  11.450  -61.791  -21.703 0.6000000238
8811  9.844  -62.541  -21.510 0.6000000238
8817  11.879  -61.467  -22.343 0.5000000000
8819  7.739  -62.409  -22.970 0.6000000238
8838  7.109  -63.303  -25.247 0.6000000238
8851  6.777  -63.413  -26.007 0.6000000238
8902  5.588  -62.521  -29.230 0.6000000238
8925  5.779  -62.804  -30.137 0.5000000000
8981  6.404  -62.365  -34.029 0.6000000238
9682  9.274  -60.713  -21.892 0.6000000238
9684  7.925  -61.561  -22.612 0.6000000238
9690  6.898  -61.475  -23.976 0.5000000000
9698  6.284  -61.383  -25.382 0.6000000238
9718  5.466  -61.614  -27.697 0.6000000238
9747  5.518  -61.562  -29.146 0.6000000238
9773  6.094  -61.493  -31.460 0.6999999881
9807  7.841  -61.184  -36.223 0.6000000238
9808  7.265  -61.432  -35.419 0.6000000238
9837  7.442  -61.407  -37.017 0.6000000238
10484  10.176  -61.023  -21.722 0.6000000238
10488  10.293  -59.365  -22.814 0.5000000000
10489  9.951  -60.295  -21.945 0.6000000238
10498  7.462  -60.634  -22.925 0.6000000238
10533  5.719  -60.737  -26.647 0.6999999881
10576  6.336  -60.214  -30.380 0.5000000000
10577  5.833  -60.934  -29.968 0.6999999881
10664  8.338  -60.673  -36.325 0.6000000238
10675  8.000  -60.739  -36.721 0.6000000238
10676  7.512  -60.944  -37.147 0.6000000238
10677  4.983  -60.582  -37.044 0.5000000000
10678  6.708  -60.937  -37.469 0.5000000000
10679  5.724  -60.715  -37.445 0.5000000000
11319  9.918  -58.746  -22.727 0.5000000000
11322  7.664  -59.220  -22.763 0.5000000000
11334  10.865  -59.198  -24.579 0.5000000000
11336  6.928  -60.032  -23.528 0.6000000238
11348  10.835  -59.359  -25.219 0.5000000000
11360  5.876  -60.102  -26.362 0.6999999881
11374  5.782  -60.036  -27.103 0.6000000238
11385  5.862  -59.949  -27.941 0.6999999881
11394  6.402  -59.354  -28.286 0.6000000238
11407  7.254  -58.852  -30.273 0.5000000000
11452  6.639  -59.939  -31.085 0.6000000238
11471  8.312  -59.803  -33.883 0.5000000000
11486  9.384  -59.564  -34.403 0.5000000000
11487  8.817  -60.072  -34.937 0.6000000238
11496  9.859  -59.227  -34.666 0.5000000000
11497  9.447  -59.653  -35.310 0.5000000000
11507  9.647  -59.198  -35.436 0.5000000000
11520  7.080  -60.063  -37.188 0.5000000000
11521  5.507  -59.960  -36.927 0.5000000000
12162  8.564  -57.815  -22.719 0.5000000000
12181  7.395  -58.604  -23.342 0.5000000000
12182  6.912  -59.222  -23.806 0.5000000000
12210  6.768  -58.208  -25.811 0.5000000000
12220  6.444  -58.814  -27.002 0.5000000000
12292  7.941  -58.815  -31.755 0.5000000000
12304  10.507  -58.427  -33.342 0.6000000238
12305  10.361  -58.674  -33.260 0.6000000238
12319  10.235  -58.480  -34.112 0.6000000238
12329  9.958  -58.835  -34.768 0.6000000238
12339  5.674  -58.679  -35.884 0.5000000000
12345  6.673  -59.124  -36.737 0.6000000238
12346  5.588  -59.321  -36.388 0.6000000238
13054  7.363  -57.834  -23.905 0.5000000000
13144  12.101  -57.368  -30.641 0.5000000000
13154  11.699  -57.500  -31.274 0.6000000238
13164  11.377  -57.600  -31.940 0.6999999881
13175  10.082  -57.877  -34.173 0.6999999881
13186  7.940  -57.181  -35.217 0.6000000238
13188  5.347  -57.464  -35.042 0.5000000000
13197  7.808  -57.703  -35.634 0.6000000238
13198  6.778  -57.937  -35.799 0.6000000238
13199  5.713  -57.989  -35.551 0.5000000000
14035  6.408  -56.009  -29.762 0.6000000238
14046  6.008  -56.160  -31.354 0.6000000238
14056  11.249  -56.973  -31.985 0.6999999881
14069  4.560  -55.862  -33.521 0.6000000238
14076  10.413  -57.704  -33.460 0.6999999881
14077  9.622  -57.073  -34.015 0.8000000119
14078  9.076  -56.440  -34.295 0.6999999881
14079  4.808  -56.310  -34.022 0.6000000238
14091  5.287  -56.160  -34.386 0.6000000238
14937  12.415  -55.789  -30.138 0.5000000000
14938  11.183  -55.414  -30.517 0.5000000000
14948  10.325  -55.246  -31.113 0.6999999881
14950  5.650  -55.448  -30.900 0.5000000000
14960  11.498  -56.499  -31.316 0.6000000238
14961  10.513  -56.045  -31.831 0.6000000238
14962  9.840  -55.424  -32.109 0.8000000119
14977  3.615  -55.129  -32.308 0.6000000238
14983  9.195  -56.043  -33.860 0.6999999881
14989  3.734  -55.146  -32.757 0.6000000238
14993  7.609  -56.008  -34.497 0.6999999881
15817  3.688  -54.359  -30.413 0.6000000238
15825  10.076  -54.384  -30.800 0.6999999881
15827  4.606  -54.900  -30.926 0.5000000000
15829  2.014  -53.981  -30.991 0.6000000238
15840  3.646  -55.014  -31.683 0.6000000238
15841  3.038  -54.642  -31.783 0.6000000238
15842  2.446  -54.102  -31.471 0.6000000238
15861  10.141  -54.150  -34.031 0.8000000119
15862  9.118  -54.270  -34.008 0.8000000119
15865  4.855  -55.112  -33.574 0.6000000238
16683  10.919  -53.526  -28.654 0.5000000000
16686  3.414  -53.338  -29.129 0.5000000000
16701  10.181  -54.021  -30.217 0.8000000119
16704  1.651  -53.395  -30.699 0.6999999881
16711  11.820  -53.036  -33.284 0.6999999881
16714  5.801  -53.388  -31.896 0.6000000238
16717  3.003  -53.718  -31.909 0.6000000238
16718  2.496  -53.783  -31.608 0.6000000238
16719  2.006  -53.634  -31.221 0.6000000238
16730  11.456  -53.026  -33.583 0.8000000119
16731  11.053  -53.437  -33.599 0.8000000119
16733  7.584  -53.502  -32.775 0.6000000238
16734  6.191  -54.154  -33.033 0.6000000238
16735  4.444  -54.035  -32.617 0.6000000238
16749  10.351  -53.601  -33.968 0.8000000119
17613  11.304  -52.431  -27.760 0.5000000000
17616  2.015  -51.969  -27.864 0.4000000060
17617  1.101  -51.927  -28.411 0.5000000000
17634  10.806  -53.232  -29.028 0.6000000238
17644  11.458  -53.147  -30.847 0.6999999881
17646  9.147  -52.426  -31.666 0.8000000119
17648  7.494  -52.743  -30.225 0.8000000119
17650  5.586  -52.691  -30.406 0.6999999881
17654  1.687  -53.036  -31.024 0.8000000119
17661  13.122  -52.131  -32.253 0.6999999881
17665  7.114  -53.116  -31.046 0.6000000238
17668  4.174  -53.026  -31.462 0.6999999881
17669  3.165  -53.076  -31.598 0.6999999881
17680  12.051  -52.550  -33.252 0.6999999881
17682  10.700  -52.625  -33.347 0.8000000119
17690  10.946  -53.101  -33.831 0.8000000119
18532  12.181  -51.318  -25.772 0.4000000060
18553  0.964  -51.095  -27.141 0.5000000000
18567  0.862  -51.341  -27.822 0.5000000000
18568  0.573  -51.066  -27.982 0.5000000000
18576  11.564  -51.958  -28.217 0.6000000238
18578  8.821  -51.173  -28.321 0.6999999881
18580  7.056  -51.199  -28.427 0.6999999881
18581  0.822  -51.404  -28.381 0.5000000000
18587  15.020  -50.760  -30.587 0.5000000000
18588  14.517  -51.227  -29.933 0.6000000238
18589  12.467  -51.910  -29.203 0.5000000000
18591  10.029  -51.490  -29.780 0.6999999881
18593  7.366  -51.861  -28.670 0.6999999881
18596  4.593  -51.243  -29.878 0.6999999881
18604  11.833  -51.278  -31.607 0.6999999881
18607  8.948  -52.021  -29.616 0.8000000119
18608  5.962  -52.302  -29.581 0.6999999881
18611  2.827  -51.878  -30.626 0.8000000119
18619  13.292  -51.672  -32.249 0.6999999881
18629  12.083  -52.012  -33.132 0.6999999881
19527  0.540  -50.643  -27.630 0.5000000000
19531  15.556  -49.985  -29.689 0.4000000060
19534  11.110  -50.061  -29.006 0.6000000238
19535  10.008  -50.371  -28.526 0.6999999881
19536  8.386  -50.614  -28.161 0.6999999881
19537  7.639  -50.765  -28.211 0.6000000238
19538  1.912  -50.698  -29.316 0.5000000000
19540  0.608  -50.592  -28.100 0.5000000000
19545  15.066  -50.662  -29.809 0.5000000000
19557  15.087  -50.409  -30.714 0.5000000000
19558  14.646  -50.838  -31.219 0.6000000238
19567  13.315  -51.194  -31.898 0.6999999881
20477  14.084  -49.559  -26.119 0.3000000119
20478  6.581  -49.298  -25.736 0.5000000000
20479  5.278  -49.419  -26.111 0.6000000238
20490  6.045  -49.369  -26.283 0.5000000000
20491  5.511  -49.345  -26.764 0.6000000238
20498  16.375  -49.080  -27.618 0.4000000060
20501  1.058  -49.433  -27.680 0.4000000060
20509  8.892  -49.835  -28.430 0.6000000238
20511  4.980  -48.978  -29.004 0.8000000119
20518  15.474  -49.844  -29.786 0.4000000060
20520  15.027  -49.777  -30.461 0.5000000000
20521  14.129  -49.523  -30.339 0.6000000238
20522  11.762  -49.614  -29.314 0.3000000119
20526  6.186  -49.543  -29.245 0.6999999881
20528  3.941  -49.850  -29.263 0.6000000238
20534  14.596  -50.236  -30.920 0.6999999881
21507  6.010  -48.871  -23.816 0.6000000238
21545  7.417  -48.775  -25.663 0.6000000238
21558  7.226  -48.202  -26.513 0.5000000000
21561  3.847  -49.353  -26.674 0.6000000238
21583  15.139  -48.834  -29.348 0.4000000060
21586  6.672  -47.838  -28.836 0.6000000238
21589  4.448  -49.226  -28.527 0.6000000238
21590  3.668  -49.378  -28.029 0.5000000000
21598  15.282  -49.532  -29.873 0.5000000000
21604  8.731  -48.824  -29.352 0.5000000000
21605  7.197  -48.415  -29.318 0.5000000000
21607  5.544  -48.627  -28.941 0.6000000238
21615  10.275  -47.853  -30.234 0.4000000060
22553  8.294  -47.605  -22.702 0.5000000000
22554  6.609  -47.948  -22.219 0.5000000000
22569  8.503  -47.560  -23.525 0.5000000000
22593  8.206  -48.150  -24.061 0.4000000060
22622  13.704  -47.749  -27.728 0.3000000119
22637  8.218  -47.111  -28.980 0.4000000060
22650  11.093  -47.986  -30.048 0.4000000060
22652  8.591  -47.946  -29.759 0.5000000000
22669  10.193  -47.265  -30.548 0.4000000060
23655  9.162  -46.570  -22.144 0.3000000119
23709  8.090  -46.294  -25.491 0.4000000060
23718  12.552  -46.486  -26.223 0.3000000119
23729  7.465  -46.277  -27.460 0.5000000000
23741  8.382  -46.396  -28.555 0.6000000238
23755  10.409  -46.650  -30.654 0.3000000119
24668  9.037  -46.208  -21.325 0.4000000060
24680  9.655  -45.875  -22.430 0.3000000119
24696  9.495  -45.538  -23.229 0.4000000060
24718  7.757  -45.723  -25.797 0.4000000060
24719  7.802  -45.020  -25.677 0.4000000060
24738  8.509  -45.330  -27.604 0.5000000000
25634  10.237  -44.645  -22.502 0.3000000119
25648  8.912  -44.848  -23.976 0.3000000119
25655  8.278  -44.551  -24.603 0.3000000119
25667  8.236  -44.277  -26.446 0.3000000119
26565  10.420  -43.483  -19.912 0.3000000119
26639  7.994  -44.131  -24.863 0.3000000119
26657  7.967  -43.983  -25.916 0.3000000119
26666  11.372  -43.845  -29.155 0.3000000119
26668  8.943  -43.890  -26.779 0.3000000119
27694  8.428  -42.888  -25.120 0.3000000119
27722  9.976  -42.939  -26.856 0.3000000119
28747  10.544  -42.107  -19.249 0.3000000119
28748  9.321  -41.989  -19.048 0.3000000119
123249  8.723  -58.521  -22.477 0.5000000000
123394  9.262  -59.825  -22.095 0.6000000238
123571  5.818  -64.558  -22.747 0.6000000238
123896  6.990  -58.543  -24.035 0.5000000000
123906  15.927  -67.315  -26.590 0.6000000238
124127  12.573  -52.644  -31.879 0.6999999881
124635  9.224  -47.295  -29.807 0.4000000060
125241  2.955  -49.578  -28.325 0.5000000000
125365  8.894  -52.777  -32.582 0.6999999881
125541  20.802  -64.956  -27.286 0.6000000238
125804  11.232  -77.588  -18.536 0.5000000000
125970  6.798  -62.259  -25.004 0.5000000000
126386  16.221  -69.992  -28.132 0.8000000119
126390  5.487  -49.034  -29.299 0.6999999881
126415  5.121  -56.841  -34.648 0.5000000000
126495  15.933  -72.595  -29.312 0.3000000119
126541  4.307  -64.601  -25.343 0.6000000238
126576  16.132  -68.349  -31.448 0.6000000238
126824  6.918  -43.979  -20.056 0.5000000000
126905  15.340  -63.975  -26.426 0.6000000238
127061  2.642  -64.769  -25.265 0.6000000238
127458  8.637  -79.560  -17.015 0.5000000000
127567  3.355  -64.738  -35.812 0.5000000000
127578  6.436  -64.398  -31.025 0.5000000000
127621  23.251  -71.392  -34.107 0.4000000060
128000  7.292  -59.988  -33.249 0.6000000238
128008  8.140  -43.472  -25.532 0.3000000119
128063  19.217  -67.287  -32.160 0.8000000119
128108  12.988  -50.586  -31.140 0.6999999881
128511  6.559  -64.189  -22.755 0.6000000238
128822  1.032  -51.153  -28.977 0.5000000000
128986  6.380  -69.470  -27.161 0.6000000238
129408  18.471  -72.559  -14.430 0.3000000119
129586  6.539  -64.706  -26.908 0.6999999881
129667  20.309  -69.765  -31.420 0.6999999881
129682  9.971  -68.353  -25.678 0.6999999881
129901  19.465  -67.797  -32.182 0.8000000119
130055  2.593  -54.274  -31.242 0.6000000238
130106  8.384  -53.775  -33.528 0.6999999881
130735  11.302  -49.008  -29.323 0.6000000238
130863  14.953  -50.826  -30.999 0.5000000000
131160  8.152  -48.139  -25.046 0.5000000000
131175  21.184  -74.569  -25.381 0.3000000119
131251  10.705  -43.013  -22.376 0.3000000119
131337  16.517  -68.692  -30.053 0.8000000119
131569  10.819  -69.462  -29.865 0.6999999881
131655  11.556  -51.791  -27.578 0.5000000000
131749  6.122  -63.869  -33.945 0.5000000000
131999  6.402  -59.563  -24.931 0.6999999881
132060  12.515  -72.456  -19.434 0.4000000060
132274  5.613  -61.553  -26.949 0.6000000238
132686  10.116  -69.359  -29.651 0.6000000238
133014  19.277  -66.244  -29.078 0.6000000238
133121  11.546  -69.410  -27.313 0.8000000119
133145  9.624  -44.146  -27.510 0.4000000060
133629  9.299  -50.506  -28.273 0.6000000238
133851  21.271  -66.027  -27.582 0.6000000238
134452  24.464  -71.916  -31.422 0.5000000000
134827  15.961  -76.786  -26.994 0.3000000119
134860  10.015  -58.538  -32.287 0.5000000000
135335  6.179  -68.545  -25.408 0.6000000238
135768  22.297  -68.220  -28.282 0.4000000060
135800  17.545  -75.555  -31.973 0.4000000060
135990  15.729  -69.195  -26.391 0.6999999881
136108  8.944  -68.500  -26.481 0.6999999881
136503  17.259  -66.904  -27.569 0.6000000238
136892  13.356  -77.636  -21.533 0.5000000000
137012  21.213  -70.464  -37.607 0.4000000060
137208  7.989  -44.734  -25.073 0.3000000119
137365  21.639  -71.190  -34.964 0.4000000060
137402  3.759  -54.904  -32.798 0.6000000238
137798  25.074  -71.669  -30.271 0.4000000060
137854  14.155  -70.443  -29.059 0.6999999881
138133  9.630  -64.682  -21.308 0.5000000000
138156  6.521  -68.151  -24.932 0.6000000238
138926  2.218  -52.982  -28.973 0.5000000000
139298  6.467  -61.644  -33.454 0.6000000238
139392  10.874  -61.198  -21.733 0.5000000000
139419  20.464  -74.387  -23.615 0.3000000119
139642  17.603  -75.940  -31.615 0.4000000060
140036  13.394  -51.950  -30.474 0.6000000238
140084  20.206  -75.120  -24.201 0.3000000119
140145  13.605  -65.586  -23.052 0.6000000238
140181  10.319  -60.046  -22.269 0.5000000000
140266  5.707  -55.804  -31.412 0.6000000238
140327  8.584  -47.144  -22.232 0.4000000060
140696  11.840  -53.187  -32.210 0.6999999881
140879  7.220  -69.613  -28.847 0.5000000000
140906  9.331  -58.975  -35.984 0.6999999881
141016  6.082  -59.489  -36.944 0.6000000238
141124  9.692  -72.675  -19.910 0.4000000060
141328  8.857  -58.689  -32.235 0.5000000000
141336  11.981  -69.838  -28.670 0.6999999881
141706  0.838  -66.984  -24.710 0.6000000238
141884  4.144  -64.464  -24.547 0.6000000238
142105  15.634  -49.789  -28.717 0.4000000060
142371  6.147  -59.691  -25.713 0.5000000000
142545  7.377  -59.822  -22.957 0.5000000000
142908  11.447  -53.995  -28.422 0.5000000000
142964  12.709  -54.911  -28.778 0.5000000000
142979  11.317  -69.485  -31.526 0.5000000000
143349  10.317  -74.812  -17.818 0.4000000060
143384  3.164  -64.693  -24.157 0.6000000238
144027  2.371  -66.493  -28.328 0.6000000238
144118  7.117  -64.132  -25.164 0.6999999881
144155  19.726  -68.672  -34.423 0.6999999881
144333  1.314  -52.942  -30.484 0.6999999881
144784  9.436  -42.056  -25.791 0.3000000119
144909  21.320  -70.337  -37.913 0.6000000238
144988  4.900  -65.876  -31.353 0.6000000238
145404  5.998  -63.678  -34.509 0.5000000000
145470  19.735  -66.829  -28.475 0.6000000238
145486  14.752  -77.334  -20.713 0.5000000000
145756  9.750  -52.558  -32.791 0.8000000119
145939  7.773  -64.019  -21.751 0.5000000000
145990  5.745  -62.191  -30.439 0.6000000238
146295  6.892  -54.440  -33.438 0.5000000000
146439  12.486  -78.152  -22.449 0.4000000060
146573  8.217  -74.208  -18.176 0.4000000060
146610  10.261  -44.740  -28.815 0.3000000119
146644  17.430  -71.827  -31.031 0.4000000060
147045  12.977  -69.772  -26.205 0.8999999762
147127  12.709  -78.094  -17.567 0.4000000060
147222  6.249  -56.872  -30.636 0.5000000000
147241  6.465  -65.297  -28.294 0.6999999881
147255  0.923  -50.630  -28.577 0.5000000000
