#!ascii label  , from subject sub-v1s10x0050974_ses-1 vox2ras=TkReg
1205
78542  -47.102  12.864  8.927 0.0000000000
80266  -56.298  14.327  -6.604 0.0000000000
84088  -53.506  19.347  13.210 0.0000000000
76133  -55.449  9.486  4.520 0.0000000000
76930  -51.978  10.190  12.940 0.0000000000
80161  -56.167  14.851  3.391 0.0000000000
82598  -54.607  17.095  6.106 0.0000000000
86182  -49.104  22.204  4.292 0.0000000000
75091  -43.945  8.947  17.201 0.0000000000
132749  -50.052  9.734  5.803 0.0000000000
78594  -54.959  12.031  2.152 0.0000000000
79330  -51.596  13.327  6.528 0.0000000000
85437  -57.433  21.178  15.172 0.0000000000
83350  -59.146  17.680  11.225 0.0000000000
84794  -54.005  20.822  10.507 0.0000000000
83377  -50.974  18.679  7.684 0.0000000000
86779  -53.452  23.571  5.836 0.0000000000
120084  -55.492  16.694  -7.618 0.0000000000
80852  -43.716  15.462  12.527 0.0000000000
81685  -49.399  16.945  10.091 0.0000000000
76095  -60.303  9.139  7.996 0.0000000000
75189  -53.669  8.881  9.279 0.0000000000
74257  -48.393  7.537  9.107 0.0000000000
74218  -46.347  6.823  12.733 0.0000000000
80991  -59.952  14.810  -0.947 0.0000000000
126473  -56.903  16.570  -1.277 0.0000000000
80881  -54.757  15.287  8.430 0.0000000000
82613  -59.180  17.827  4.469 0.0000000000
80975  -53.673  15.392  0.244 0.0000000000
80945  -49.976  14.907  2.892 0.0000000000
83415  -47.525  18.522  4.605 0.0000000000
77784  -48.299  11.097  7.207 0.0000000000
78565  -50.682  12.032  5.707 0.0000000000
78548  -49.049  12.864  8.017 0.0000000000
86728  -57.841  23.934  12.911 0.0000000000
84782  -56.521  21.391  12.302 0.0000000000
86738  -54.969  23.319  10.531 0.0000000000
86141  -52.785  22.919  8.894 0.0000000000
81074  -56.465  15.244  -8.447 0.0000000000
80089  -43.203  14.756  15.104 0.0000000000
80838  -46.182  15.962  14.339 0.0000000000
76059  -53.022  9.384  10.753 0.0000000000
75187  -51.661  8.342  9.081 0.0000000000
75167  -49.958  8.280  11.244 0.0000000000
74158  -45.097  8.035  15.050 0.0000000000
128516  -41.663  8.809  10.589 0.0000000000
77764  -41.207  11.972  10.889 0.0000000000
76941  -39.125  10.188  11.357 0.0000000000
77015  -58.867  10.941  2.937 0.0000000000
79359  -54.939  13.817  2.850 0.0000000000
79386  -57.136  13.612  0.639 0.0000000000
80187  -58.179  15.478  0.867 0.0000000000
119336  -58.816  15.988  -0.870 0.0000000000
80950  -58.875  16.653  2.217 0.0000000000
83336  -50.776  18.329  11.180 0.0000000000
81700  -52.037  16.242  9.621 0.0000000000
82546  -53.582  17.707  10.651 0.0000000000
83384  -57.905  18.352  7.886 0.0000000000
81714  -59.238  17.019  8.028 0.0000000000
83405  -57.070  18.182  5.131 0.0000000000
82633  -56.323  17.573  2.196 0.0000000000
81767  -54.839  16.601  3.184 0.0000000000
80184  -52.306  14.769  1.112 0.0000000000
80920  -53.158  15.863  4.319 0.0000000000
84830  -50.061  20.627  5.827 0.0000000000
82597  -49.211  17.491  5.696 0.0000000000
84828  -48.483  20.146  5.197 0.0000000000
84834  -46.315  20.620  4.807 0.0000000000
86180  -46.906  22.712  4.495 0.0000000000
75250  -53.003  9.074  4.783 0.0000000000
77000  -55.304  10.337  3.219 0.0000000000
76988  -52.228  10.458  4.198 0.0000000000
79350  -52.630  12.864  4.487 0.0000000000
79343  -54.000  13.971  5.032 0.0000000000
84070  -56.625  19.725  15.255 0.0000000000
83342  -56.563  17.963  11.963 0.0000000000
84080  -59.029  19.565  13.584 0.0000000000
84099  -57.107  19.263  10.496 0.0000000000
83363  -54.755  18.710  8.610 0.0000000000
82564  -52.923  17.611  7.503 0.0000000000
134461  -52.396  20.127  9.218 0.0000000000
85501  -51.145  21.559  7.303 0.0000000000
86185  -51.598  22.234  4.468 0.0000000000
82711  -53.079  17.713  -7.030 0.0000000000
80116  -44.916  14.240  9.877 0.0000000000
122011  -48.093  14.789  9.377 0.0000000000
81678  -46.110  16.676  11.303 0.0000000000
82514  -48.197  17.438  13.225 0.0000000000
83305  -50.680  18.372  14.455 0.0000000000
83288  -50.702  17.855  17.168 0.0000000000
84059  -53.757  19.145  16.258 0.0000000000
76102  -57.414  9.471  6.346 0.0000000000
112600  -56.802  9.377  8.372 0.0000000000
75224  -55.052  8.819  6.599 0.0000000000
75210  -52.181  8.405  7.293 0.0000000000
75207  -49.761  8.437  7.309 0.0000000000
75997  -50.512  10.172  15.040 0.0000000000
115611  -46.800  9.195  17.321 0.0000000000
131581  -47.679  8.882  15.315 0.0000000000
75136  -49.224  8.848  13.352 0.0000000000
112789  -47.059  6.748  10.955 0.0000000000
77772  -44.624  11.532  9.458 0.0000000000
79412  -57.161  13.492  -2.842 0.0000000000
77839  -57.473  11.725  1.739 0.0000000000
79397  -61.176  13.114  -0.995 0.0000000000
113487  -58.772  14.955  -4.710 0.0000000000
126361  -58.440  16.256  -4.539 0.0000000000
81870  -56.741  16.588  -4.359 0.0000000000
81834  -54.328  15.872  -3.024 0.0000000000
118738  -50.205  14.636  8.946 0.0000000000
80124  -52.926  14.503  7.903 0.0000000000
80143  -55.166  14.771  6.109 0.0000000000
124592  -57.502  16.394  9.776 0.0000000000
80888  -57.590  16.094  6.915 0.0000000000
80923  -57.768  15.934  4.165 0.0000000000
82647  -58.311  17.634  1.569 0.0000000000
81800  -55.293  16.358  0.094 0.0000000000
81015  -53.148  15.575  -2.298 0.0000000000
81737  -50.626  16.184  5.819 0.0000000000
81765  -48.345  16.380  3.945 0.0000000000
82632  -47.037  17.489  2.496 0.0000000000
83422  -45.241  18.725  3.242 0.0000000000
84145  -44.448  19.533  4.725 0.0000000000
77779  -47.912  11.741  7.907 0.0000000000
78552  -48.622  12.080  7.598 0.0000000000
78547  -48.308  12.597  8.269 0.0000000000
117144  -56.753  23.790  11.616 0.0000000000
87449  -55.300  24.182  9.204 0.0000000000
134045  -56.899  15.020  -7.003 0.0000000000
113840  -52.201  9.858  12.290 0.0000000000
135429  -51.382  9.046  11.311 0.0000000000
76044  -51.075  9.254  11.928 0.0000000000
75151  -40.842  7.492  11.261 0.0000000000
76054  -40.386  9.450  10.912 0.0000000000
76134  -57.753  9.944  4.799 0.0000000000
76989  -57.128  10.216  3.905 0.0000000000
80160  -55.351  14.366  3.496 0.0000000000
80185  -56.014  14.103  1.601 0.0000000000
80172  -56.621  14.993  2.362 0.0000000000
80963  -58.025  15.771  1.693 0.0000000000
80949  -57.703  15.744  2.476 0.0000000000
116468  -51.799  18.915  12.144 0.0000000000
83346  -52.166  18.218  10.857 0.0000000000
83339  -53.299  18.814  11.632 0.0000000000
82567  -55.949  18.127  7.251 0.0000000000
115560  -57.371  18.370  7.003 0.0000000000
82600  -56.329  17.795  5.745 0.0000000000
81755  -55.801  17.349  4.075 0.0000000000
81754  -54.545  16.604  4.747 0.0000000000
80934  -53.462  15.830  3.422 0.0000000000
118046  -54.133  16.653  5.555 0.0000000000
85520  -49.808  20.997  5.165 0.0000000000
84829  -49.293  20.215  5.477 0.0000000000
85528  -48.690  21.547  4.734 0.0000000000
85527  -47.804  21.703  4.807 0.0000000000
124081  -48.375  22.599  4.215 0.0000000000
75236  -51.762  8.863  5.601 0.0000000000
76130  -52.675  9.742  4.240 0.0000000000
76987  -51.553  10.383  4.625 0.0000000000
78557  -51.098  12.766  6.163 0.0000000000
78574  -51.505  11.795  4.771 0.0000000000
79340  -51.765  13.045  5.829 0.0000000000
79351  -53.451  13.420  4.301 0.0000000000
79332  -53.083  13.744  6.017 0.0000000000
84071  -57.405  20.037  15.409 0.0000000000
84079  -58.215  19.420  14.015 0.0000000000
84072  -58.587  20.183  14.258 0.0000000000
84791  -55.452  21.282  11.638 0.0000000000
84096  -57.229  20.099  11.988 0.0000000000
84098  -55.065  20.314  10.634 0.0000000000
84104  -55.449  19.468  9.771 0.0000000000
84103  -54.282  19.998  9.974 0.0000000000
132541  -54.051  19.054  9.029 0.0000000000
84798  -53.289  20.544  9.861 0.0000000000
86761  -52.668  23.189  7.209 0.0000000000
86140  -52.151  22.462  8.463 0.0000000000
86162  -52.069  22.708  6.750 0.0000000000
86174  -51.616  22.193  5.353 0.0000000000
86186  -52.253  22.701  4.862 0.0000000000
81894  -54.095  17.371  -7.267 0.0000000000
80858  -43.976  15.249  11.092 0.0000000000
80860  -45.513  15.814  10.474 0.0000000000
81672  -44.712  16.066  11.857 0.0000000000
81655  -46.722  16.054  14.878 0.0000000000
81664  -47.364  16.923  13.393 0.0000000000
81665  -48.106  16.978  14.142 0.0000000000
82510  -49.486  17.885  13.976 0.0000000000
82509  -49.217  17.549  14.757 0.0000000000
82471  -50.388  17.687  18.799 0.0000000000
121093  -51.943  18.465  16.538 0.0000000000
116115  -53.986  19.101  18.649 0.0000000000
115094  -55.524  19.579  17.504 0.0000000000
84724  -55.032  20.189  18.658 0.0000000000
76119  -60.386  9.475  5.378 0.0000000000
76093  -59.083  9.545  7.222 0.0000000000
115259  -56.238  9.464  9.840 0.0000000000
75200  -54.917  9.098  8.811 0.0000000000
75201  -55.292  9.008  8.034 0.0000000000
124532  -54.453  8.787  8.132 0.0000000000
120866  -53.406  8.500  6.841 0.0000000000
75198  -52.605  8.456  8.147 0.0000000000
74258  -49.534  7.695  9.320 0.0000000000
75195  -49.759  8.046  7.999 0.0000000000
74264  -48.603  7.856  8.486 0.0000000000
75092  -45.587  8.899  16.539 0.0000000000
75122  -46.640  8.422  15.056 0.0000000000
74181  -47.332  8.014  13.978 0.0000000000
130535  -48.555  8.738  13.878 0.0000000000
74197  -47.757  7.853  13.327 0.0000000000
74198  -48.301  7.768  12.461 0.0000000000
133456  -46.989  6.853  11.938 0.0000000000
78538  -43.633  12.291  9.894 0.0000000000
77769  -43.260  11.579  9.955 0.0000000000
78648  -56.379  12.955  -2.358 0.0000000000
77012  -54.766  10.883  2.721 0.0000000000
77827  -56.883  11.269  2.334 0.0000000000
77838  -56.430  11.938  1.666 0.0000000000
79395  -59.032  14.471  -0.379 0.0000000000
79388  -58.892  13.617  -0.146 0.0000000000
80222  -60.580  14.015  -1.241 0.0000000000
79427  -59.682  14.133  -2.502 0.0000000000
80231  -59.523  14.519  -2.601 0.0000000000
81035  -58.865  15.418  -4.571 0.0000000000
81017  -59.254  15.187  -2.535 0.0000000000
128592  -58.181  16.321  -1.171 0.0000000000
115257  -57.563  16.391  -3.342 0.0000000000
81837  -56.991  16.310  -2.636 0.0000000000
81852  -55.790  16.369  -3.674 0.0000000000
81836  -55.919  16.144  -2.646 0.0000000000
126682  -48.221  15.580  9.541 0.0000000000
80119  -49.423  14.673  9.175 0.0000000000
80867  -49.684  15.355  9.386 0.0000000000
80871  -53.448  15.712  9.109 0.0000000000
80879  -52.991  15.054  8.523 0.0000000000
131010  -54.329  14.898  8.087 0.0000000000
80126  -54.266  14.652  7.537 0.0000000000
80885  -54.961  14.950  7.792 0.0000000000
82537  -58.908  17.359  11.881 0.0000000000
122739  -56.955  17.437  11.493 0.0000000000
81693  -58.793  17.035  10.930 0.0000000000
131820  -59.411  17.966  6.329 0.0000000000
81713  -58.665  16.558  7.477 0.0000000000
81726  -58.579  16.661  6.467 0.0000000000
80895  -57.584  16.148  5.984 0.0000000000
81756  -58.620  16.579  4.620 0.0000000000
81780  -59.116  17.041  3.122 0.0000000000
82625  -59.004  17.594  3.592 0.0000000000
81788  -54.918  16.568  1.830 0.0000000000
81789  -55.720  17.147  1.659 0.0000000000
80989  -54.373  15.654  -0.294 0.0000000000
81003  -54.197  15.513  -1.176 0.0000000000
80988  -53.559  15.293  -0.636 0.0000000000
81013  -51.716  15.827  -1.971 0.0000000000
80987  -52.749  15.124  -0.913 0.0000000000
80169  -51.521  14.718  2.499 0.0000000000
80973  -50.744  14.938  0.355 0.0000000000
82563  -52.065  17.618  7.535 0.0000000000
81723  -51.943  16.541  6.450 0.0000000000
82581  -50.793  17.261  6.873 0.0000000000
83416  -48.183  17.832  4.867 0.0000000000
81751  -48.809  16.557  4.705 0.0000000000
82621  -47.841  16.929  3.940 0.0000000000
81776  -47.611  16.760  2.799 0.0000000000
82620  -47.351  17.303  3.436 0.0000000000
83428  -45.750  18.378  2.681 0.0000000000
83414  -46.596  18.924  4.175 0.0000000000
84833  -45.570  21.023  4.996 0.0000000000
122504  -45.579  20.327  4.691 0.0000000000
84827  -44.800  21.053  5.218 0.0000000000
84826  -44.203  20.749  5.422 0.0000000000
76970  -49.131  10.250  6.373 0.0000000000
76979  -50.258  10.318  5.518 0.0000000000
77789  -49.414  11.083  6.244 0.0000000000
78555  -49.662  12.019  6.655 0.0000000000
79326  -50.923  13.297  7.001 0.0000000000
85465  -58.480  21.424  13.779 0.0000000000
86125  -57.916  22.787  13.142 0.0000000000
128222  -55.402  22.293  11.599 0.0000000000
86136  -54.517  22.428  10.904 0.0000000000
86135  -53.519  22.148  10.312 0.0000000000
86742  -53.955  22.924  10.085 0.0000000000
86748  -54.088  23.824  8.181 0.0000000000
81063  -56.226  15.752  -8.356 0.0000000000
80097  -43.028  14.940  13.812 0.0000000000
80844  -44.410  15.806  12.733 0.0000000000
114108  -44.642  15.302  14.874 0.0000000000
76070  -53.790  9.227  10.152 0.0000000000
75188  -52.375  8.591  9.477 0.0000000000
75177  -51.802  8.554  9.983 0.0000000000
75176  -50.436  8.212  10.456 0.0000000000
74249  -49.602  7.766  10.321 0.0000000000
126247  -44.647  8.532  15.838 0.0000000000
114640  -44.253  6.751  13.697 0.0000000000
76056  -41.959  9.590  10.419 0.0000000000
120245  -42.004  10.984  10.387 0.0000000000
76949  -40.721  10.237  10.768 0.0000000000
77762  -39.629  11.125  11.370 0.0000000000
78601  -55.015  12.778  2.054 0.0000000000
78602  -56.211  12.719  1.330 0.0000000000
79377  -55.640  13.176  1.566 0.0000000000
80199  -57.439  14.503  0.625 0.0000000000
80201  -59.212  15.368  -0.380 0.0000000000
81004  -59.307  15.333  -1.453 0.0000000000
80977  -59.181  15.998  0.410 0.0000000000
81802  -59.103  16.645  0.886 0.0000000000
82668  -58.837  16.963  0.465 0.0000000000
82542  -49.774  17.611  10.595 0.0000000000
81686  -50.484  17.075  10.114 0.0000000000
126548  -51.196  17.498  10.391 0.0000000000
81689  -53.310  17.020  10.115 0.0000000000
81702  -53.988  16.466  9.640 0.0000000000
83354  -58.462  18.144  9.717 0.0000000000
82552  -59.176  17.092  9.584 0.0000000000
83385  -58.925  17.898  8.138 0.0000000000
131466  -59.168  18.191  6.546 0.0000000000
83417  -58.837  18.259  4.918 0.0000000000
82623  -57.675  18.157  3.475 0.0000000000
114294  -56.793  17.942  4.239 0.0000000000
81768  -55.582  17.171  3.295 0.0000000000
126163  -54.156  16.084  1.886 0.0000000000
80960  -52.999  15.096  0.711 0.0000000000
80948  -53.700  15.849  2.573 0.0000000000
80946  -52.302  15.065  2.800 0.0000000000
80932  -51.630  14.951  3.389 0.0000000000
84134  -49.991  19.591  6.826 0.0000000000
83394  -49.780  18.231  6.512 0.0000000000
84133  -49.514  18.989  6.275 0.0000000000
130990  -48.692  19.401  5.419 0.0000000000
84149  -47.950  19.376  5.057 0.0000000000
84148  -47.156  19.504  4.666 0.0000000000
120088  -47.649  20.210  4.979 0.0000000000
84835  -47.176  21.028  4.950 0.0000000000
86179  -46.254  22.576  4.665 0.0000000000
76114  -53.961  8.953  5.051 0.0000000000
76149  -55.900  9.894  3.843 0.0000000000
76131  -53.518  9.442  4.273 0.0000000000
76998  -53.565  10.444  3.418 0.0000000000
77816  -53.249  11.123  3.327 0.0000000000
77802  -51.175  11.050  4.822 0.0000000000
77811  -52.521  11.269  3.793 0.0000000000
78592  -53.626  12.459  3.061 0.0000000000
79358  -53.728  13.173  3.412 0.0000000000
79352  -54.256  13.867  4.088 0.0000000000
80159  -55.013  14.344  4.262 0.0000000000
84076  -54.267  19.394  14.088 0.0000000000
83330  -54.900  18.966  12.368 0.0000000000
84090  -55.707  19.103  13.204 0.0000000000
83315  -58.072  18.619  13.459 0.0000000000
83334  -59.325  18.106  12.706 0.0000000000
84091  -58.561  20.144  12.816 0.0000000000
115452  -58.570  19.242  12.065 0.0000000000
83349  -58.778  18.148  10.667 0.0000000000
83353  -57.286  18.637  9.322 0.0000000000
83364  -55.750  18.647  8.508 0.0000000000
82566  -54.804  17.809  7.340 0.0000000000
82585  -54.241  17.344  6.776 0.0000000000
83381  -54.314  18.183  7.975 0.0000000000
83361  -52.875  18.732  8.511 0.0000000000
125181  -51.401  19.030  8.150 0.0000000000
85483  -52.314  21.472  9.396 0.0000000000
124634  -51.461  20.802  8.601 0.0000000000
84814  -50.981  20.458  7.997 0.0000000000
85511  -50.681  21.180  6.475 0.0000000000
85521  -50.503  21.255  5.472 0.0000000000
86183  -50.119  21.945  4.173 0.0000000000
79315  -45.616  13.798  9.560 0.0000000000
79317  -47.368  13.553  9.162 0.0000000000
80117  -46.193  14.459  9.553 0.0000000000
135397  -46.782  15.733  9.773 0.0000000000
81683  -47.583  16.828  10.422 0.0000000000
81674  -46.108  16.677  12.313 0.0000000000
130324  -47.300  17.234  11.831 0.0000000000
82531  -48.604  17.727  11.398 0.0000000000
133364  -49.564  18.170  11.828 0.0000000000
83311  -50.533  18.489  13.392 0.0000000000
83313  -52.238  19.101  14.156 0.0000000000
82492  -49.359  17.445  16.310 0.0000000000
82493  -50.145  17.809  16.252 0.0000000000
83299  -51.675  18.561  15.611 0.0000000000
84075  -53.254  19.333  14.131 0.0000000000
84068  -54.151  19.362  15.210 0.0000000000
118630  -56.189  19.695  16.249 0.0000000000
85436  -56.774  21.161  16.033 0.0000000000
126972  -58.245  9.742  5.598 0.0000000000
76117  -57.006  9.568  5.517 0.0000000000
76074  -58.350  9.590  9.709 0.0000000000
76083  -57.665  9.454  8.356 0.0000000000
76092  -57.260  9.398  7.778 0.0000000000
135201  -55.787  9.076  6.627 0.0000000000
75240  -55.454  9.005  5.966 0.0000000000
117177  -53.849  8.693  5.779 0.0000000000
132312  -52.408  8.585  6.002 0.0000000000
75220  -51.105  8.690  6.247 0.0000000000
75197  -51.635  8.304  8.083 0.0000000000
75208  -50.464  8.541  6.826 0.0000000000
75218  -49.823  8.839  6.660 0.0000000000
76089  -48.424  9.498  7.078 0.0000000000
75977  -48.412  9.447  17.540 0.0000000000
75108  -46.200  8.647  15.697 0.0000000000
75094  -47.520  9.093  16.236 0.0000000000
113698  -49.035  9.486  15.656 0.0000000000
75996  -49.747  9.791  15.186 0.0000000000
75125  -49.830  9.479  13.803 0.0000000000
76023  -50.094  9.213  13.026 0.0000000000
74221  -49.484  8.337  11.974 0.0000000000
129237  -49.236  7.843  11.269 0.0000000000
74248  -48.267  7.282  9.870 0.0000000000
77774  -45.948  11.873  9.019 0.0000000000
79314  -44.834  13.184  9.639 0.0000000000
79311  -44.210  13.888  10.157 0.0000000000
80110  -43.335  14.808  11.340 0.0000000000
80105  -42.576  14.788  12.772 0.0000000000
78647  -55.302  12.814  -2.701 0.0000000000
79423  -55.660  13.431  -3.479 0.0000000000
79435  -56.173  14.052  -4.249 0.0000000000
126727  -56.962  10.643  3.035 0.0000000000
77828  -58.186  11.293  2.326 0.0000000000
78615  -57.738  12.734  0.782 0.0000000000
78616  -58.887  12.872  0.352 0.0000000000
78626  -61.078  12.692  -0.858 0.0000000000
79414  -59.639  13.765  -2.346 0.0000000000
79425  -58.140  14.081  -3.492 0.0000000000
80247  -58.186  14.898  -5.336 0.0000000000
80259  -58.109  15.486  -5.819 0.0000000000
81054  -57.972  15.926  -6.214 0.0000000000
81884  -57.271  16.635  -6.137 0.0000000000
81839  -58.770  15.755  -3.310 0.0000000000
81853  -57.712  16.507  -4.111 0.0000000000
81883  -55.873  16.736  -5.878 0.0000000000
81868  -54.766  16.547  -5.085 0.0000000000
81867  -53.818  16.504  -4.680 0.0000000000
81866  -52.887  16.669  -4.496 0.0000000000
79322  -48.754  13.482  8.660 0.0000000000
115397  -50.119  13.968  8.494 0.0000000000
80128  -51.345  13.929  7.784 0.0000000000
80869  -51.602  15.527  9.249 0.0000000000
80123  -51.686  14.470  8.308 0.0000000000
80132  -52.706  14.143  7.247 0.0000000000
80133  -53.275  14.112  6.672 0.0000000000
80142  -54.574  14.406  5.589 0.0000000000
80151  -55.337  14.666  5.141 0.0000000000
83341  -55.304  18.384  11.713 0.0000000000
82547  -55.210  17.294  10.500 0.0000000000
81704  -56.231  16.192  9.430 0.0000000000
81705  -58.452  16.390  9.456 0.0000000000
133760  -57.294  15.754  8.481 0.0000000000
118743  -56.603  15.469  8.014 0.0000000000
80894  -56.661  15.629  6.367 0.0000000000
80908  -56.800  15.606  5.503 0.0000000000
80922  -56.634  15.297  4.171 0.0000000000
80936  -58.311  16.267  3.204 0.0000000000
82656  -58.148  17.431  0.766 0.0000000000
82634  -57.393  17.850  2.025 0.0000000000
82646  -57.265  17.636  1.161 0.0000000000
81810  -55.839  16.451  -0.704 0.0000000000
127915  -54.757  15.718  -1.624 0.0000000000
126583  -53.599  15.743  -2.851 0.0000000000
80986  -51.348  15.027  -0.326 0.0000000000
81724  -52.824  16.659  6.363 0.0000000000
80906  -51.613  15.736  5.285 0.0000000000
80931  -50.213  15.045  3.792 0.0000000000
124951  -49.673  17.060  6.014 0.0000000000
80916  -49.728  15.525  4.430 0.0000000000
80930  -49.367  15.394  3.530 0.0000000000
123527  -47.987  16.396  2.306 0.0000000000
81786  -47.474  17.068  1.821 0.0000000000
82643  -46.118  18.037  1.306 0.0000000000
84147  -46.204  19.791  4.464 0.0000000000
84146  -45.181  19.743  4.398 0.0000000000
86806  -49.469  23.228  3.110 0.0000000000
86805  -48.523  23.638  3.118 0.0000000000
86804  -47.613  23.737  3.469 0.0000000000
86803  -46.501  23.752  3.914 0.0000000000
86791  -45.768  23.284  4.450 0.0000000000
78546  -47.541  12.303  8.472 0.0000000000
113544  -52.797  10.422  13.052 0.0000000000
134701  -52.460  10.161  12.644 0.0000000000
115962  -51.525  9.687  12.441 0.0000000000
75150  -40.074  7.687  11.484 0.0000000000
123695  -56.514  9.703  4.663 0.0000000000
80171  -55.631  14.286  2.564 0.0000000000
133816  -57.252  15.382  1.966 0.0000000000
80935  -57.167  15.495  3.322 0.0000000000
112617  -52.758  19.207  12.424 0.0000000000
83329  -53.836  19.198  12.347 0.0000000000
82586  -55.186  17.571  6.632 0.0000000000
82587  -56.195  17.926  6.430 0.0000000000
82599  -55.486  17.426  5.904 0.0000000000
81741  -54.979  16.972  5.361 0.0000000000
85529  -49.560  21.492  4.672 0.0000000000
75235  -51.019  9.133  5.652 0.0000000000
76112  -51.393  9.595  5.056 0.0000000000
76111  -50.631  9.667  5.486 0.0000000000
79341  -52.499  13.294  5.506 0.0000000000
79331  -52.424  13.639  6.461 0.0000000000
84758  -57.204  20.400  15.805 0.0000000000
84770  -57.944  20.588  14.853 0.0000000000
84790  -54.676  21.098  11.096 0.0000000000
130572  -55.378  20.747  11.325 0.0000000000
86762  -53.402  23.564  6.730 0.0000000000
115049  -52.752  23.195  6.295 0.0000000000
86175  -52.167  22.699  5.830 0.0000000000
86778  -52.858  23.186  5.368 0.0000000000
81916  -54.915  16.440  -8.473 0.0000000000
81907  -54.730  16.960  -8.243 0.0000000000
82736  -54.170  17.186  -8.470 0.0000000000
129892  -54.711  17.145  -7.750 0.0000000000
133724  -43.630  15.235  11.583 0.0000000000
80855  -44.469  15.728  11.333 0.0000000000
80854  -43.988  15.590  11.853 0.0000000000
81648  -47.306  16.335  15.628 0.0000000000
81656  -47.409  16.512  14.491 0.0000000000
81657  -48.090  16.744  15.091 0.0000000000
135912  -48.621  17.177  14.725 0.0000000000
82502  -48.811  17.219  15.566 0.0000000000
133713  -53.803  19.162  19.586 0.0000000000
84038  -54.769  19.617  18.797 0.0000000000
76104  -60.414  9.138  6.963 0.0000000000
115935  -59.983  9.584  6.441 0.0000000000
76094  -59.994  9.457  7.340 0.0000000000
75190  -54.210  8.896  8.821 0.0000000000
75199  -53.563  8.633  8.334 0.0000000000
120125  -48.957  7.600  8.998 0.0000000000
74265  -49.335  7.818  8.531 0.0000000000
120609  -48.152  8.290  8.043 0.0000000000
74263  -47.903  7.871  8.614 0.0000000000
121128  -44.709  8.845  16.545 0.0000000000
74180  -46.672  7.950  14.386 0.0000000000
74196  -47.028  7.546  13.532 0.0000000000
74219  -47.450  7.349  12.671 0.0000000000
76954  -43.647  10.866  9.725 0.0000000000
76952  -42.841  10.709  10.095 0.0000000000
77876  -60.510  12.111  -1.167 0.0000000000
77825  -54.413  11.585  2.559 0.0000000000
125585  -55.100  11.392  2.390 0.0000000000
80211  -59.818  14.860  -0.842 0.0000000000
80212  -60.614  14.041  -0.993 0.0000000000
121399  -60.227  13.999  -1.912 0.0000000000
81018  -59.875  14.576  -1.792 0.0000000000
80230  -59.099  15.187  -3.604 0.0000000000
81812  -57.651  16.680  -0.850 0.0000000000
81824  -57.488  16.345  -1.821 0.0000000000
81823  -56.477  16.258  -1.861 0.0000000000
118577  -56.288  16.450  -1.202 0.0000000000
81684  -48.451  16.874  10.193 0.0000000000
81697  -48.913  16.114  9.641 0.0000000000
80872  -54.389  15.775  9.030 0.0000000000
80880  -53.919  15.231  8.536 0.0000000000
82538  -59.104  17.499  11.633 0.0000000000
82601  -59.354  17.981  5.391 0.0000000000
81743  -59.214  17.414  5.951 0.0000000000
81742  -58.588  16.632  5.513 0.0000000000
81757  -59.138  17.318  4.993 0.0000000000
81770  -59.088  17.202  4.095 0.0000000000
80962  -54.480  16.197  1.337 0.0000000000
80976  -54.456  15.954  0.619 0.0000000000
80974  -52.928  15.015  -0.095 0.0000000000
80182  -50.626  14.665  2.084 0.0000000000
80959  -49.793  14.929  2.094 0.0000000000
82562  -51.258  17.798  7.424 0.0000000000
82582  -51.606  17.071  7.022 0.0000000000
82609  -48.245  17.068  4.477 0.0000000000
82608  -47.635  17.557  4.237 0.0000000000
83424  -46.959  18.099  3.849 0.0000000000
85525  -45.958  21.842  4.977 0.0000000000
77788  -48.824  10.868  6.632 0.0000000000
78553  -49.322  12.417  7.356 0.0000000000
131631  -50.027  12.827  7.179 0.0000000000
130688  -49.649  13.063  7.740 0.0000000000
86126  -57.889  23.539  12.840 0.0000000000
86739  -56.103  23.859  10.890 0.0000000000
86132  -55.782  23.081  11.449 0.0000000000
86743  -54.586  23.607  9.660 0.0000000000
87453  -55.080  24.206  8.397 0.0000000000
115716  -54.479  23.861  8.925 0.0000000000
86753  -54.148  23.884  7.161 0.0000000000
80275  -56.541  14.470  -8.578 0.0000000000
81064  -56.774  15.855  -7.624 0.0000000000
80836  -43.864  15.154  14.393 0.0000000000
113654  -53.960  9.564  11.009 0.0000000000
75178  -52.487  8.899  10.214 0.0000000000
76058  -52.042  9.122  10.894 0.0000000000
75168  -50.737  8.710  11.300 0.0000000000
75169  -51.227  8.603  10.592 0.0000000000
75166  -42.350  7.372  10.785 0.0000000000
135364  -42.027  8.131  10.613 0.0000000000
75174  -42.540  8.686  10.372 0.0000000000
76950  -41.530  10.296  10.525 0.0000000000
76055  -41.184  9.565  10.650 0.0000000000
76942  -39.932  10.188  11.062 0.0000000000
79368  -54.587  13.147  2.491 0.0000000000
79369  -55.234  13.546  2.112 0.0000000000
80186  -57.033  14.900  1.366 0.0000000000
122349  -56.641  14.141  0.982 0.0000000000
80200  -58.515  14.996  0.136 0.0000000000
80990  -59.212  15.634  -0.330 0.0000000000
80964  -58.990  16.493  1.234 0.0000000000
81790  -59.168  16.943  1.633 0.0000000000
82533  -50.089  18.086  11.012 0.0000000000
82543  -50.578  17.824  10.652 0.0000000000
83345  -51.370  18.072  10.763 0.0000000000
83347  -52.986  18.283  10.991 0.0000000000
82545  -52.740  17.589  10.513 0.0000000000
121235  -54.212  17.206  10.299 0.0000000000
83366  -58.176  18.218  8.790 0.0000000000
83367  -58.968  17.561  9.162 0.0000000000
83396  -57.265  18.318  6.033 0.0000000000
83397  -58.463  18.444  6.341 0.0000000000
83407  -59.067  18.315  5.803 0.0000000000
83406  -58.211  18.459  5.416 0.0000000000
82611  -57.956  18.358  4.476 0.0000000000
132592  -55.066  16.741  3.961 0.0000000000
81778  -54.536  16.399  2.495 0.0000000000
129841  -53.525  15.632  1.887 0.0000000000
81766  -54.140  16.216  3.097 0.0000000000
117669  -52.973  15.484  2.949 0.0000000000
80933  -52.496  15.402  3.684 0.0000000000
128351  -51.719  15.229  4.114 0.0000000000
84823  -50.262  20.393  6.675 0.0000000000
84822  -49.708  19.883  6.083 0.0000000000
84140  -48.315  18.630  5.204 0.0000000000
85526  -46.899  21.965  4.830 0.0000000000
76132  -54.453  9.388  4.387 0.0000000000
76146  -53.263  9.929  3.787 0.0000000000
76997  -52.863  10.458  3.715 0.0000000000
77801  -50.524  11.134  5.359 0.0000000000
135196  -51.023  11.670  5.195 0.0000000000
78575  -52.110  11.957  4.304 0.0000000000
78583  -52.603  12.141  3.822 0.0000000000
78584  -53.093  11.884  3.376 0.0000000000
78576  -53.115  12.675  3.667 0.0000000000
79342  -53.250  13.595  5.246 0.0000000000
80150  -54.630  14.279  4.846 0.0000000000
84077  -55.446  19.407  14.124 0.0000000000
83316  -59.043  18.601  13.382 0.0000000000
83317  -59.406  18.759  13.100 0.0000000000
85470  -58.070  21.711  13.197 0.0000000000
84784  -58.591  20.892  13.475 0.0000000000
84783  -57.452  20.826  12.590 0.0000000000
114574  -57.146  19.606  11.227 0.0000000000
84100  -58.105  18.860  11.037 0.0000000000
83348  -57.694  18.717  10.156 0.0000000000
84117  -55.353  18.990  9.078 0.0000000000
83352  -56.172  18.898  9.158 0.0000000000
83382  -55.292  18.305  7.923 0.0000000000
84115  -53.262  19.220  9.006 0.0000000000
83360  -52.045  18.902  8.392 0.0000000000
84114  -52.407  19.571  8.874 0.0000000000
86138  -53.144  22.560  9.620 0.0000000000
85484  -52.835  21.866  9.844 0.0000000000
86137  -52.421  22.187  9.232 0.0000000000
86149  -51.521  22.036  7.950 0.0000000000
85490  -51.740  21.652  8.724 0.0000000000
118300  -51.217  21.277  8.010 0.0000000000
85500  -50.747  20.871  7.351 0.0000000000
85512  -51.097  21.676  5.834 0.0000000000
85522  -51.079  21.666  4.935 0.0000000000
85530  -50.384  21.509  4.748 0.0000000000
86184  -50.955  21.934  4.234 0.0000000000
82719  -53.212  17.798  -8.122 0.0000000000
131435  -45.512  14.571  9.758 0.0000000000
81681  -45.600  16.364  10.989 0.0000000000
80861  -46.292  15.801  10.012 0.0000000000
81682  -46.191  16.330  10.554 0.0000000000
81695  -46.963  16.248  10.018 0.0000000000
114196  -46.794  16.792  10.781 0.0000000000
80845  -45.084  15.954  13.354 0.0000000000
81673  -45.238  16.266  12.545 0.0000000000
81662  -45.898  16.248  13.413 0.0000000000
81675  -46.946  16.999  12.447 0.0000000000
82523  -47.650  17.342  12.465 0.0000000000
82530  -47.880  17.473  11.618 0.0000000000
82524  -48.385  17.687  12.294 0.0000000000
82525  -49.085  18.018  12.031 0.0000000000
83304  -50.087  18.214  13.978 0.0000000000
83310  -49.823  18.247  13.302 0.0000000000
83312  -51.344  18.748  13.761 0.0000000000
82491  -49.067  17.264  17.154 0.0000000000
82484  -49.867  17.554  17.072 0.0000000000
83300  -52.630  18.817  16.117 0.0000000000
83307  -52.158  18.868  15.101 0.0000000000
84067  -52.974  19.143  15.097 0.0000000000
84053  -55.900  19.763  17.601 0.0000000000
84061  -55.841  19.607  16.946 0.0000000000
84062  -56.311  19.827  16.940 0.0000000000
84757  -56.585  20.295  16.587 0.0000000000
76137  -60.506  9.662  4.634 0.0000000000
76103  -58.700  9.617  6.402 0.0000000000
76118  -59.545  9.803  5.595 0.0000000000
76073  -56.709  9.427  9.118 0.0000000000
115258  -57.256  9.554  9.759 0.0000000000
112787  -57.536  9.478  8.995 0.0000000000
112786  -58.733  9.508  8.812 0.0000000000
112785  -58.281  9.471  7.891 0.0000000000
76090  -55.594  9.021  7.272 0.0000000000
75239  -54.584  8.798  5.851 0.0000000000
75223  -54.121  8.609  6.561 0.0000000000
75222  -52.687  8.480  6.675 0.0000000000
75221  -51.881  8.520  6.448 0.0000000000
129272  -52.241  8.438  8.746 0.0000000000
116888  -50.986  8.168  8.640 0.0000000000
75196  -50.563  8.203  7.777 0.0000000000
76099  -48.912  9.642  6.638 0.0000000000
75206  -49.074  8.920  6.959 0.0000000000
76900  -51.066  10.372  14.660 0.0000000000
135633  -47.813  9.433  17.824 0.0000000000
123215  -47.719  9.312  17.245 0.0000000000
75107  -45.392  8.583  15.759 0.0000000000
75123  -47.342  8.471  14.685 0.0000000000
116929  -46.987  8.733  15.547 0.0000000000
75995  -48.326  9.195  15.529 0.0000000000
76012  -48.970  9.380  14.926 0.0000000000
75124  -49.038  9.198  14.167 0.0000000000
112119  -50.701  9.815  13.502 0.0000000000
75156  -49.614  8.711  12.633 0.0000000000
74235  -47.826  7.257  11.759 0.0000000000
74220  -48.558  7.556  11.485 0.0000000000
74237  -48.817  7.469  10.577 0.0000000000
74236  -48.080  7.174  10.800 0.0000000000
76956  -44.756  10.750  9.373 0.0000000000
76958  -45.361  10.464  9.083 0.0000000000
77773  -45.278  11.306  9.221 0.0000000000
77776  -45.789  11.013  8.883 0.0000000000
78540  -45.136  12.173  9.386 0.0000000000
130809  -43.366  12.878  10.218 0.0000000000
79313  -43.959  13.029  9.927 0.0000000000
77766  -41.143  11.141  10.723 0.0000000000
77767  -41.789  11.798  10.583 0.0000000000
80108  -41.889  13.889  11.745 0.0000000000
80109  -42.550  14.454  11.743 0.0000000000
80104  -41.840  14.288  12.469 0.0000000000
131864  -42.038  14.545  13.017 0.0000000000
78634  -55.705  12.426  -1.891 0.0000000000
78649  -57.599  13.019  -2.218 0.0000000000
79411  -56.148  13.345  -2.934 0.0000000000
79424  -56.755  13.817  -3.523 0.0000000000
76148  -54.892  9.801  3.761 0.0000000000
77001  -56.221  10.367  3.309 0.0000000000
78614  -56.770  12.942  0.927 0.0000000000
78625  -61.003  13.227  -0.825 0.0000000000
78617  -59.912  13.022  -0.177 0.0000000000
78638  -61.078  12.735  -1.111 0.0000000000
78637  -60.360  13.008  -1.693 0.0000000000
79426  -59.103  14.360  -3.185 0.0000000000
118669  -58.747  14.642  -4.021 0.0000000000
80238  -57.796  14.428  -4.418 0.0000000000
81044  -58.646  15.988  -5.101 0.0000000000
81043  -58.381  15.835  -5.629 0.0000000000
81885  -58.074  16.198  -5.821 0.0000000000
81898  -57.673  16.251  -6.444 0.0000000000
81871  -57.814  16.490  -5.112 0.0000000000
130542  -59.260  15.533  -0.593 0.0000000000
81825  -58.519  15.850  -2.007 0.0000000000
112784  -56.747  16.413  -3.433 0.0000000000
112994  -56.758  16.682  -5.265 0.0000000000
81869  -55.738  16.542  -4.683 0.0000000000
81851  -54.703  16.272  -3.972 0.0000000000
81850  -53.515  16.118  -3.702 0.0000000000
126042  -47.177  14.407  9.401 0.0000000000
79318  -48.042  13.912  9.172 0.0000000000
80122  -49.491  14.090  8.795 0.0000000000
79324  -50.366  13.533  7.877 0.0000000000
118374  -50.823  14.224  8.387 0.0000000000
81687  -51.544  16.923  10.018 0.0000000000
81699  -51.042  16.244  9.646 0.0000000000
80878  -52.067  15.028  8.705 0.0000000000
135800  -52.387  14.629  8.265 0.0000000000
80129  -52.178  14.244  7.798 0.0000000000
80130  -53.496  14.422  7.387 0.0000000000
80135  -54.954  14.728  7.003 0.0000000000
116687  -54.514  14.500  6.324 0.0000000000
80907  -55.930  15.202  5.797 0.0000000000
83331  -56.041  18.586  12.493 0.0000000000
82548  -56.520  17.132  10.692 0.0000000000
119037  -56.667  16.628  10.078 0.0000000000
81691  -55.676  16.764  10.004 0.0000000000
82555  -59.257  17.289  8.549 0.0000000000
81711  -59.064  16.709  8.980 0.0000000000
80883  -57.772  15.876  7.942 0.0000000000
80887  -56.654  15.556  7.281 0.0000000000
80909  -57.713  16.034  5.099 0.0000000000
126642  -56.994  15.571  4.790 0.0000000000
82636  -58.938  17.373  2.734 0.0000000000
134170  -59.152  17.058  2.286 0.0000000000
82648  -58.974  17.266  1.966 0.0000000000
115872  -56.958  17.899  2.742 0.0000000000
116416  -57.850  18.036  2.716 0.0000000000
82645  -56.145  17.175  0.837 0.0000000000
81801  -56.223  16.845  0.013 0.0000000000
81822  -55.588  16.056  -1.605 0.0000000000
81821  -55.007  15.883  -0.885 0.0000000000
81016  -54.061  15.605  -2.111 0.0000000000
81028  -52.862  15.905  -3.072 0.0000000000
81849  -52.533  16.432  -3.711 0.0000000000
81833  -52.170  16.290  -3.131 0.0000000000
80198  -52.398  14.825  0.392 0.0000000000
80197  -51.637  14.710  0.574 0.0000000000
120534  -50.009  15.457  0.139 0.0000000000
117172  -50.603  15.422  -0.428 0.0000000000
82584  -53.329  17.191  6.892 0.0000000000
81725  -53.735  16.839  6.264 0.0000000000
81738  -51.412  16.102  5.862 0.0000000000
80905  -50.907  15.691  5.283 0.0000000000
80918  -51.312  15.402  4.683 0.0000000000
80917  -50.533  15.356  4.581 0.0000000000
130677  -49.593  17.674  6.165 0.0000000000
82580  -50.062  17.515  6.523 0.0000000000
80903  -49.436  16.120  4.958 0.0000000000
80915  -49.010  15.883  4.240 0.0000000000
80929  -48.711  15.840  3.588 0.0000000000
114214  -48.807  15.644  3.017 0.0000000000
81777  -48.204  16.125  3.084 0.0000000000
82644  -46.812  17.702  1.739 0.0000000000
82631  -46.315  18.003  2.188 0.0000000000
83423  -46.095  18.641  3.437 0.0000000000
123579  -46.905  20.236  4.793 0.0000000000
84832  -44.796  20.356  4.942 0.0000000000
86814  -47.804  24.174  2.782 0.0000000000
86735  -57.499  24.120  12.318 0.0000000000
86744  -55.607  24.037  10.050 0.0000000000
87450  -56.459  24.631  9.545 0.0000000000
87454  -56.125  24.591  8.665 0.0000000000
87459  -55.812  24.523  7.947 0.0000000000
126347  -56.797  15.337  -7.579 0.0000000000
80080  -43.316  14.912  15.971 0.0000000000
80081  -43.926  15.089  15.433 0.0000000000
76038  -52.891  10.077  12.295 0.0000000000
76046  -52.549  9.630  11.606 0.0000000000
76045  -51.791  9.456  11.749 0.0000000000
75173  -40.929  8.702  10.828 0.0000000000
75164  -40.194  8.599  11.165 0.0000000000
76990  -58.563  10.334  4.159 0.0000000000
77002  -58.087  10.606  3.421 0.0000000000
83337  -51.575  18.552  11.355 0.0000000000
83338  -52.406  18.745  11.526 0.0000000000
82534  -53.724  18.298  11.146 0.0000000000
83383  -56.826  18.413  7.690 0.0000000000
82610  -55.921  17.451  5.052 0.0000000000
135315  -55.260  16.976  4.622 0.0000000000
116182  -54.120  16.321  3.922 0.0000000000
81753  -53.681  16.297  4.908 0.0000000000
81752  -52.930  16.018  5.090 0.0000000000
84837  -49.046  20.884  5.023 0.0000000000
84836  -48.142  20.938  5.029 0.0000000000
116731  -48.310  22.136  4.548 0.0000000000
86181  -47.646  22.524  4.459 0.0000000000
76113  -52.197  9.271  4.868 0.0000000000
76129  -51.968  9.855  4.532 0.0000000000
78566  -51.306  12.341  5.424 0.0000000000
78567  -51.909  12.605  4.997 0.0000000000
114747  -57.458  19.789  14.741 0.0000000000
121761  -57.917  19.978  14.700 0.0000000000
84792  -56.195  20.744  11.873 0.0000000000
84095  -56.081  20.231  11.263 0.0000000000
117183  -56.167  19.670  10.517 0.0000000000
84105  -56.607  19.157  9.849 0.0000000000
84116  -54.627  19.300  9.316 0.0000000000
114856  -53.706  19.653  9.458 0.0000000000
84102  -52.870  19.939  9.379 0.0000000000
86746  -52.637  23.109  8.089 0.0000000000
86150  -52.045  22.652  7.639 0.0000000000
118678  -51.514  22.194  7.148 0.0000000000
129988  -51.184  21.771  6.643 0.0000000000
86161  -51.564  22.237  6.288 0.0000000000
82728  -53.523  17.506  -8.419 0.0000000000
80113  -44.411  14.783  10.436 0.0000000000
80114  -45.118  15.067  10.153 0.0000000000
80859  -44.708  15.524  10.742 0.0000000000
80856  -45.011  16.094  11.137 0.0000000000
81677  -45.434  16.409  11.672 0.0000000000
81663  -46.719  16.352  13.927 0.0000000000
82515  -49.018  17.957  13.048 0.0000000000
112422  -48.798  17.462  13.996 0.0000000000
124407  -49.905  17.975  14.693 0.0000000000
83278  -51.094  17.942  18.315 0.0000000000
83289  -51.784  18.281  17.643 0.0000000000
83290  -52.797  18.682  17.502 0.0000000000
84050  -53.526  19.007  17.202 0.0000000000
84051  -54.681  19.363  17.709 0.0000000000
84052  -55.419  19.731  18.172 0.0000000000
113772  -57.833  9.466  7.142 0.0000000000
76072  -55.259  9.309  9.641 0.0000000000
76082  -55.889  9.301  8.789 0.0000000000
112224  -56.128  9.239  7.893 0.0000000000
75213  -54.746  8.751  7.341 0.0000000000
75212  -53.907  8.579  7.448 0.0000000000
75211  -53.064  8.481  7.457 0.0000000000
74266  -50.183  7.930  8.770 0.0000000000
118594  -48.977  8.245  7.777 0.0000000000
75205  -48.343  8.808  7.487 0.0000000000
74179  -45.864  7.660  14.383 0.0000000000
74159  -46.003  8.236  15.066 0.0000000000
75109  -48.251  8.892  14.638 0.0000000000
75134  -47.920  8.387  13.954 0.0000000000
75135  -48.448  8.304  13.272 0.0000000000
75155  -48.984  8.323  12.609 0.0000000000
76069  -44.810  9.791  9.352 0.0000000000
76955  -44.234  11.026  9.536 0.0000000000
77771  -43.952  11.607  9.662 0.0000000000
78536  -42.977  12.332  10.247 0.0000000000
78635  -56.884  12.489  -1.733 0.0000000000
78636  -58.192  12.504  -1.649 0.0000000000
77013  -55.803  10.873  2.640 0.0000000000
77826  -55.742  11.602  2.074 0.0000000000
79387  -57.997  14.072  0.106 0.0000000000
132570  -58.016  13.381  0.338 0.0000000000
79396  -60.090  13.938  -0.629 0.0000000000
80213  -60.968  13.477  -1.023 0.0000000000
79415  -60.195  13.672  -1.936 0.0000000000
80239  -58.996  14.893  -3.965 0.0000000000
81855  -58.869  15.879  -4.281 0.0000000000
81838  -58.012  16.224  -2.825 0.0000000000
121604  -55.122  16.075  -3.125 0.0000000000
80866  -48.868  15.114  9.399 0.0000000000
81701  -52.955  16.328  9.599 0.0000000000
80870  -52.525  15.607  9.168 0.0000000000
80125  -53.679  14.713  8.035 0.0000000000
82526  -58.105  17.512  12.212 0.0000000000
82549  -58.015  17.143  11.333 0.0000000000
81692  -57.746  16.764  10.496 0.0000000000
81727  -59.234  17.332  6.983 0.0000000000
81769  -58.747  16.646  3.845 0.0000000000
82635  -58.450  17.747  2.353 0.0000000000
81799  -55.149  16.584  1.076 0.0000000000
81002  -53.390  15.386  -1.477 0.0000000000
81014  -52.313  15.861  -2.511 0.0000000000
81001  -52.541  15.443  -1.728 0.0000000000
80183  -51.540  14.640  1.572 0.0000000000
80196  -50.919  14.674  1.165 0.0000000000
80972  -50.043  14.983  1.146 0.0000000000
82583  -52.441  17.065  7.003 0.0000000000
81722  -51.113  16.589  6.449 0.0000000000
83403  -48.749  18.016  5.459 0.0000000000
82596  -48.708  17.274  5.134 0.0000000000
81764  -47.861  16.662  3.458 0.0000000000
82619  -46.598  17.976  3.039 0.0000000000
84139  -44.006  19.979  5.289 0.0000000000
76978  -49.677  10.272  5.930 0.0000000000
77800  -49.932  10.886  5.729 0.0000000000
77790  -50.042  11.617  5.952 0.0000000000
77785  -48.983  11.601  6.901 0.0000000000
78556  -50.377  12.457  6.431 0.0000000000
85452  -58.189  21.376  14.317 0.0000000000
85464  -58.002  21.905  13.557 0.0000000000
115208  -56.980  22.049  12.614 0.0000000000
86734  -57.055  23.408  12.106 0.0000000000
86133  -56.779  22.664  12.299 0.0000000000
85478  -55.823  21.859  11.978 0.0000000000
85477  -54.851  21.753  11.363 0.0000000000
85481  -54.056  21.616  10.755 0.0000000000
85480  -53.311  21.406  10.252 0.0000000000
113896  -53.657  23.363  9.166 0.0000000000
86747  -53.246  23.385  8.421 0.0000000000
86752  -53.331  23.529  7.639 0.0000000000
81908  -55.568  16.292  -8.219 0.0000000000
80106  -43.246  15.194  12.861 0.0000000000
80843  -43.789  15.377  13.329 0.0000000000
121367  -44.546  15.534  13.820 0.0000000000
80837  -45.422  15.669  14.322 0.0000000000
115466  -52.933  8.612  8.979 0.0000000000
75179  -53.066  8.926  9.839 0.0000000000
75186  -50.921  8.203  9.589 0.0000000000
74250  -50.145  7.901  9.679 0.0000000000
115941  -48.944  7.491  9.686 0.0000000000
75106  -43.908  8.716  16.413 0.0000000000
74157  -44.037  8.134  15.434 0.0000000000
74177  -43.692  7.197  14.411 0.0000000000
124552  -44.432  7.444  14.510 0.0000000000
74178  -45.044  7.197  14.065 0.0000000000
76057  -42.702  9.728  10.190 0.0000000000
76951  -42.211  10.262  10.319 0.0000000000
123521  -40.371  10.899  10.994 0.0000000000
77763  -40.503  11.785  11.233 0.0000000000
78593  -54.304  12.387  2.543 0.0000000000
77837  -55.586  12.381  1.730 0.0000000000
79378  -56.327  13.478  1.155 0.0000000000
122583  -59.155  16.319  0.054 0.0000000000
133014  -59.124  16.225  0.404 0.0000000000
126167  -58.519  16.648  -0.348 0.0000000000
82667  -57.918  17.136  -0.050 0.0000000000
82544  -51.927  17.532  10.427 0.0000000000
81688  -52.435  16.924  10.037 0.0000000000
83355  -59.002  17.530  10.202 0.0000000000
82550  -58.978  17.270  10.638 0.0000000000
83398  -58.742  18.262  7.201 0.0000000000
82568  -59.273  17.751  7.377 0.0000000000
82612  -58.617  18.110  3.988 0.0000000000
82622  -56.447  17.720  3.417 0.0000000000
114447  -56.101  17.532  2.802 0.0000000000
81779  -55.433  17.005  2.475 0.0000000000
80961  -53.764  15.651  1.178 0.0000000000
117689  -52.957  15.197  1.511 0.0000000000
80947  -52.940  15.338  2.278 0.0000000000
80170  -52.265  14.836  1.959 0.0000000000
80158  -50.801  14.786  3.126 0.0000000000
84127  -50.383  19.196  7.347 0.0000000000
83395  -50.398  18.208  7.097 0.0000000000
125489  -49.954  18.856  6.874 0.0000000000
83404  -49.309  18.186  5.966 0.0000000000
84141  -49.232  19.445  5.752 0.0000000000
131699  -48.974  18.762  5.667 0.0000000000
120634  -46.408  21.299  4.935 0.0000000000
86173  -45.438  22.464  4.884 0.0000000000
76115  -54.988  9.097  5.182 0.0000000000
76147  -53.970  9.812  3.720 0.0000000000
76999  -54.381  10.360  3.258 0.0000000000
77011  -53.924  11.005  2.905 0.0000000000
77824  -53.718  11.731  2.905 0.0000000000
76980  -50.885  10.335  5.081 0.0000000000
77810  -51.828  11.111  4.362 0.0000000000
79367  -54.049  12.936  2.823 0.0000000000
132565  -54.346  13.496  3.143 0.0000000000
132300  -54.767  14.014  3.583 0.0000000000
80152  -55.773  14.766  4.266 0.0000000000
84089  -54.529  19.280  13.185 0.0000000000
83314  -56.795  18.744  13.194 0.0000000000
84078  -56.938  19.346  14.000 0.0000000000
83332  -57.370  18.216  12.725 0.0000000000
83333  -58.747  17.983  12.936 0.0000000000
82527  -59.036  17.652  12.439 0.0000000000
83344  -59.399  17.872  12.116 0.0000000000
84771  -58.663  20.933  14.140 0.0000000000
84774  -58.904  20.413  13.831 0.0000000000
124122  -58.941  20.110  13.389 0.0000000000
84092  -59.316  19.378  13.017 0.0000000000
84093  -59.397  18.493  12.594 0.0000000000
83343  -59.182  18.267  11.676 0.0000000000
83365  -56.871  18.532  8.451 0.0000000000
112639  -56.117  18.445  7.929 0.0000000000
82565  -53.838  17.666  7.433 0.0000000000
83362  -53.774  18.638  8.532 0.0000000000
83380  -53.368  18.118  8.030 0.0000000000
83379  -52.485  18.174  8.025 0.0000000000
83378  -51.702  18.328  7.914 0.0000000000
112445  -52.763  21.236  9.829 0.0000000000
84797  -52.452  20.686  9.443 0.0000000000
84796  -51.870  21.025  9.110 0.0000000000
84803  -51.980  20.349  9.002 0.0000000000
84113  -51.530  19.818  8.490 0.0000000000
84128  -50.893  19.579  7.885 0.0000000000
84813  -50.484  20.066  7.391 0.0000000000
78541  -46.444  12.621  9.100 0.0000000000
79316  -46.537  13.497  9.320 0.0000000000
80863  -45.835  15.201  9.869 0.0000000000
80864  -46.586  15.213  9.649 0.0000000000
80865  -47.375  15.495  9.592 0.0000000000
81696  -47.896  16.249  9.806 0.0000000000
127071  -46.592  16.678  13.101 0.0000000000
81679  -46.744  16.988  11.628 0.0000000000
119778  -47.365  17.207  11.123 0.0000000000
82540  -48.094  17.368  10.836 0.0000000000
82541  -48.917  17.501  10.662 0.0000000000
82532  -49.416  17.981  11.254 0.0000000000
125504  -50.118  18.307  11.689 0.0000000000
83325  -49.713  18.274  12.460 0.0000000000
132980  -50.128  18.412  12.919 0.0000000000
83327  -50.986  18.593  11.919 0.0000000000
115707  -51.179  18.757  12.787 0.0000000000
83328  -51.983  19.092  13.089 0.0000000000
129899  -52.715  19.295  13.372 0.0000000000
82503  -49.628  17.681  15.495 0.0000000000
82504  -50.387  18.083  15.392 0.0000000000
83298  -51.064  18.187  16.222 0.0000000000
124182  -51.041  18.361  15.258 0.0000000000
83306  -51.501  18.664  14.703 0.0000000000
84069  -55.237  19.543  15.081 0.0000000000
84060  -54.853  19.417  16.569 0.0000000000
121966  -55.234  19.481  15.955 0.0000000000
84063  -56.857  19.931  16.220 0.0000000000
85435  -55.628  21.381  16.530 0.0000000000
76136  -60.155  9.983  4.801 0.0000000000
76135  -59.084  10.084  4.887 0.0000000000
76116  -55.956  9.335  5.359 0.0000000000
76091  -56.603  9.278  7.133 0.0000000000
76101  -56.353  9.257  6.170 0.0000000000
75238  -53.317  8.769  5.383 0.0000000000
119722  -53.204  8.567  6.074 0.0000000000
75237  -52.618  8.804  5.400 0.0000000000
75219  -50.350  9.099  6.092 0.0000000000
75209  -51.280  8.383  7.070 0.0000000000
76100  -49.562  9.500  6.322 0.0000000000
76969  -48.535  10.246  6.786 0.0000000000
76965  -47.958  10.180  7.275 0.0000000000
77783  -47.578  10.868  7.685 0.0000000000
78545  -46.779  12.040  8.695 0.0000000000
76912  -51.481  10.256  13.573 0.0000000000
75978  -48.956  9.594  18.290 0.0000000000
134492  -49.573  9.701  17.878 0.0000000000
112590  -49.336  9.608  17.244 0.0000000000
75093  -46.507  8.946  16.429 0.0000000000
75986  -48.571  9.386  16.495 0.0000000000
75987  -49.633  9.726  16.206 0.0000000000
132760  -49.569  9.575  14.480 0.0000000000
76013  -50.346  9.967  14.370 0.0000000000
76911  -51.032  10.279  14.046 0.0000000000
76024  -51.297  9.890  13.030 0.0000000000
76037  -50.827  9.467  12.680 0.0000000000
75157  -50.271  8.866  12.128 0.0000000000
134320  -48.909  7.951  11.962 0.0000000000
74217  -45.473  6.403  11.931 0.0000000000
74234  -46.201  6.554  11.483 0.0000000000
74246  -46.051  6.771  10.344 0.0000000000
135171  -46.729  6.844  10.289 0.0000000000
74247  -47.349  7.027  10.010 0.0000000000
74256  -47.704  7.494  9.219 0.0000000000
77777  -46.470  11.078  8.529 0.0000000000
123978  -45.764  12.847  9.362 0.0000000000
78539  -44.349  12.304  9.628 0.0000000000
77768  -42.532  11.646  10.287 0.0000000000
78535  -42.289  12.425  10.553 0.0000000000
131222  -43.247  15.161  12.057 0.0000000000
80088  -42.394  14.537  14.696 0.0000000000
112631  -41.635  14.347  14.294 0.0000000000
80079  -42.485  14.651  15.846 0.0000000000
78656  -54.872  12.820  -3.502 0.0000000000
79422  -55.265  13.427  -4.292 0.0000000000
80245  -55.717  14.082  -4.949 0.0000000000
80257  -56.207  14.374  -5.690 0.0000000000
77014  -57.766  10.913  2.816 0.0000000000
78603  -57.049  12.346  1.298 0.0000000000
123710  -57.990  12.119  1.337 0.0000000000
78605  -60.033  12.177  0.582 0.0000000000
78618  -60.602  12.270  -0.116 0.0000000000
78650  -58.983  13.112  -2.025 0.0000000000
79413  -58.495  13.651  -2.716 0.0000000000
80246  -56.817  14.464  -5.161 0.0000000000
80258  -57.312  14.929  -6.105 0.0000000000
80267  -57.549  15.533  -6.640 0.0000000000
80248  -58.604  15.446  -5.208 0.0000000000
81053  -57.484  15.976  -6.937 0.0000000000
81897  -57.176  16.372  -6.994 0.0000000000
81896  -56.353  16.642  -6.886 0.0000000000
81854  -58.372  16.233  -3.805 0.0000000000
81895  -55.195  16.861  -6.899 0.0000000000
81882  -54.617  16.864  -6.084 0.0000000000
81881  -53.792  17.159  -6.212 0.0000000000
81880  -53.159  17.129  -5.581 0.0000000000
79321  -47.865  13.130  8.769 0.0000000000
80118  -48.798  14.316  9.147 0.0000000000
79323  -49.589  13.483  8.301 0.0000000000
79327  -51.891  13.763  7.178 0.0000000000
81698  -50.008  16.239  9.660 0.0000000000
80868  -50.625  15.445  9.323 0.0000000000
80877  -51.166  14.870  8.829 0.0000000000
80141  -53.815  14.153  5.975 0.0000000000
80134  -54.076  14.414  6.840 0.0000000000
83340  -54.243  18.659  11.652 0.0000000000
82535  -54.564  17.934  10.977 0.0000000000
82536  -55.796  17.708  11.203 0.0000000000
81690  -54.779  16.822  9.974 0.0000000000
81703  -55.025  16.303  9.492 0.0000000000
80873  -55.374  15.731  8.886 0.0000000000
81706  -58.972  16.842  9.967 0.0000000000
128371  -58.473  16.666  10.130 0.0000000000
119413  -58.762  16.420  8.317 0.0000000000
81710  -58.260  16.061  8.740 0.0000000000
81709  -57.396  15.957  9.111 0.0000000000
80874  -56.402  15.678  8.668 0.0000000000
80882  -55.647  15.300  8.201 0.0000000000
80886  -55.753  15.164  7.508 0.0000000000
80893  -55.807  15.159  6.705 0.0000000000
80921  -56.225  15.139  4.961 0.0000000000
82624  -58.527  17.919  3.121 0.0000000000
116444  -56.541  17.553  1.573 0.0000000000
82655  -57.070  17.333  0.328 0.0000000000
81811  -56.827  16.858  -0.547 0.0000000000
81835  -54.956  15.841  -2.354 0.0000000000
80210  -52.159  14.881  -0.282 0.0000000000
118028  -51.074  15.464  -0.915 0.0000000000
81740  -53.258  16.413  5.672 0.0000000000
81739  -52.305  16.124  5.671 0.0000000000
80919  -52.222  15.619  4.728 0.0000000000
114054  -51.016  14.966  4.002 0.0000000000
81721  -50.310  16.778  6.291 0.0000000000
81736  -49.867  16.422  5.642 0.0000000000
81735  -49.255  16.793  5.390 0.0000000000
80904  -50.140  15.788  5.177 0.0000000000
80944  -49.286  15.304  2.580 0.0000000000
80943  -48.581  15.811  2.220 0.0000000000
81787  -48.156  16.459  1.518 0.0000000000
81796  -47.757  17.126  0.895 0.0000000000
82653  -47.020  17.677  0.949 0.0000000000
83427  -44.940  18.337  2.373 0.0000000000
83413  -45.637  19.174  3.933 0.0000000000
117880  -53.489  23.560  5.048 0.0000000000
86193  -51.461  22.475  3.716 0.0000000000
86192  -50.667  22.390  3.632 0.0000000000
86191  -49.772  22.562  3.643 0.0000000000
114202  -49.310  23.664  2.428 0.0000000000
86190  -48.869  22.925  3.703 0.0000000000
86189  -48.036  23.171  3.880 0.0000000000
86793  -47.201  23.298  4.080 0.0000000000
87504  -46.987  24.210  3.220 0.0000000000
135098  -47.090  23.762  3.674 0.0000000000
86792  -46.538  23.151  4.356 0.0000000000
79404  -60.796  13.429  -1.367 0.0000000000
80240  -59.209  14.600  -3.152 0.0000000000
81909  -56.330  16.260  -7.604 0.0000000000
82528  -59.251  17.670  12.222 0.0000000000
82720  -54.033  17.449  -8.253 0.0000000000
83326  -50.445  18.502  12.517 0.0000000000
115140  -56.220  24.617  7.169 0.0000000000
129513  -54.013  16.756  -5.460 0.0000000000
135193  -56.671  9.336  7.792 0.0000000000
135465  -50.332  17.640  17.817 0.0000000000
