#!ascii label  , from subject sub-v1s20x0050288_ses-1 vox2ras=TkReg
844
64133  10.995  13.838  52.423 0.0000000000
49689  4.534  -0.471  43.034 0.0000000000
57729  -1.091  9.007  52.445 0.0000000000
57821  3.461  7.038  44.471 0.0000000000
56985  4.485  6.372  39.130 0.0000000000
61317  4.467  12.013  53.382 0.0000000000
112161  5.061  9.481  49.511 0.0000000000
60461  13.576  11.495  52.909 0.0000000000
59604  7.744  9.571  52.449 0.0000000000
109946  2.845  6.750  53.468 0.0000000000
58776  8.447  8.442  42.004 0.0000000000
56939  6.079  6.322  41.421 0.0000000000
60577  3.426  11.873  41.039 0.0000000000
104963  -1.372  4.044  51.464 0.0000000000
53797  1.994  3.691  48.792 0.0000000000
58686  -1.673  9.022  47.449 0.0000000000
58709  7.122  8.584  46.134 0.0000000000
52704  4.886  2.994  45.747 0.0000000000
53951  7.453  3.396  40.660 0.0000000000
52895  6.745  2.981  36.758 0.0000000000
57931  5.378  6.516  35.351 0.0000000000
62249  7.806  12.697  52.955 0.0000000000
61353  7.527  11.671  51.257 0.0000000000
109108  12.251  13.152  54.197 0.0000000000
60463  11.432  10.561  53.154 0.0000000000
116208  9.023  11.930  53.594 0.0000000000
59581  5.712  10.491  53.855 0.0000000000
59716  6.167  10.387  40.491 0.0000000000
55888  -1.316  6.921  52.355 0.0000000000
55908  -1.518  6.219  50.068 0.0000000000
58657  -2.393  9.437  50.497 0.0000000000
60531  8.705  10.242  47.643 0.0000000000
58695  6.385  8.926  48.197 0.0000000000
57726  1.143  8.290  53.533 0.0000000000
55870  1.254  4.988  55.313 0.0000000000
55872  -1.250  6.290  54.848 0.0000000000
53734  -2.832  3.589  53.543 0.0000000000
55956  0.301  5.209  44.613 0.0000000000
54945  2.890  3.927  46.702 0.0000000000
54994  3.416  5.250  44.513 0.0000000000
56028  3.265  5.799  40.723 0.0000000000
55019  7.084  4.757  41.701 0.0000000000
56025  6.334  5.048  39.329 0.0000000000
101938  7.364  3.299  38.495 0.0000000000
56060  5.981  4.817  37.855 0.0000000000
60459  1.566  10.985  53.455 0.0000000000
59622  1.980  10.052  50.693 0.0000000000
60500  4.422  11.218  51.774 0.0000000000
60509  8.367  10.745  49.523 0.0000000000
61351  15.080  10.862  51.067 0.0000000000
102511  13.363  8.493  49.161 0.0000000000
59599  12.324  9.435  51.567 0.0000000000
58655  9.681  8.059  51.079 0.0000000000
108364  5.008  8.585  52.661 0.0000000000
109361  3.388  10.101  53.867 0.0000000000
57818  6.684  7.142  44.396 0.0000000000
56910  6.131  6.066  43.714 0.0000000000
57862  6.887  6.916  41.878 0.0000000000
58779  2.727  7.897  41.147 0.0000000000
101328  0.731  9.489  39.163 0.0000000000
64146  14.190  14.251  52.274 0.0000000000
61371  17.847  11.259  48.943 0.0000000000
62270  20.118  12.390  51.582 0.0000000000
62260  16.605  12.797  52.418 0.0000000000
64131  15.161  14.774  53.090 0.0000000000
109914  -3.105  0.408  48.851 0.0000000000
50539  -0.153  0.973  48.980 0.0000000000
53776  0.026  3.894  50.251 0.0000000000
55935  -1.465  5.861  47.577 0.0000000000
57787  0.870  8.042  45.487 0.0000000000
58670  2.351  9.167  49.117 0.0000000000
58711  3.675  8.733  46.854 0.0000000000
57802  5.141  7.627  45.448 0.0000000000
58735  8.044  8.027  44.730 0.0000000000
50561  2.011  0.959  47.928 0.0000000000
50590  3.412  0.928  46.477 0.0000000000
51569  4.825  1.203  44.729 0.0000000000
55005  5.941  4.836  43.651 0.0000000000
102479  6.427  3.012  43.319 0.0000000000
51615  6.692  1.158  42.169 0.0000000000
117863  7.537  1.031  40.164 0.0000000000
50641  7.405  1.196  37.124 0.0000000000
60595  4.808  11.314  38.648 0.0000000000
58815  4.755  8.761  38.010 0.0000000000
58831  6.716  8.268  34.920 0.0000000000
103268  5.744  6.181  37.417 0.0000000000
56110  5.909  4.988  36.823 0.0000000000
63209  9.496  13.104  52.816 0.0000000000
62262  9.249  12.864  51.828 0.0000000000
64149  10.633  14.064  51.400 0.0000000000
99692  12.212  13.315  53.919 0.0000000000
61302  11.660  12.722  53.784 0.0000000000
62231  10.449  12.533  53.523 0.0000000000
62238  8.650  12.323  53.474 0.0000000000
48718  4.512  -1.132  41.726 0.0000000000
102727  5.901  -0.353  41.960 0.0000000000
57737  -1.802  8.320  51.807 0.0000000000
56812  -2.841  7.642  51.122 0.0000000000
58658  -2.570  9.881  51.436 0.0000000000
59646  14.639  9.368  48.114 0.0000000000
108271  0.103  8.651  53.002 0.0000000000
56793  0.025  7.085  53.844 0.0000000000
57728  -0.376  7.928  52.966 0.0000000000
56802  -1.653  6.856  53.442 0.0000000000
56893  0.887  5.976  44.050 0.0000000000
55955  1.209  5.226  44.627 0.0000000000
55966  2.779  5.708  44.204 0.0000000000
56968  3.760  5.876  39.939 0.0000000000
56026  5.495  5.456  39.740 0.0000000000
56967  5.028  5.796  39.272 0.0000000000
56043  6.265  4.744  38.464 0.0000000000
56044  5.660  5.499  38.261 0.0000000000
60468  2.965  11.561  53.276 0.0000000000
60484  2.608  11.454  52.731 0.0000000000
61342  4.749  11.862  52.561 0.0000000000
61363  8.023  11.163  50.506 0.0000000000
101841  9.533  11.729  48.249 0.0000000000
61337  14.757  11.324  51.964 0.0000000000
59598  13.170  9.621  51.257 0.0000000000
60480  12.809  10.217  52.140 0.0000000000
59589  9.012  10.122  52.813 0.0000000000
59601  10.516  9.346  51.936 0.0000000000
58642  8.459  8.634  51.527 0.0000000000
58632  6.296  9.083  52.688 0.0000000000
60455  5.229  11.374  53.837 0.0000000000
59582  4.986  10.835  54.009 0.0000000000
60456  4.548  11.422  53.809 0.0000000000
60458  2.502  10.995  53.626 0.0000000000
58761  7.983  7.978  42.609 0.0000000000
57835  7.068  6.939  43.468 0.0000000000
57847  7.460  7.475  42.221 0.0000000000
59717  5.030  10.813  40.918 0.0000000000
102931  4.737  9.274  40.661 0.0000000000
59719  2.447  10.940  40.771 0.0000000000
115546  0.958  8.724  40.567 0.0000000000
105771  1.498  11.076  40.338 0.0000000000
61335  16.431  11.748  51.428 0.0000000000
51499  -2.268  1.716  50.263 0.0000000000
51498  -1.394  2.172  49.991 0.0000000000
53777  -0.815  3.548  50.676 0.0000000000
107016  -2.185  8.061  48.451 0.0000000000
113499  -2.053  5.795  48.550 0.0000000000
57775  -3.004  7.845  46.524 0.0000000000
57789  -1.461  7.334  45.671 0.0000000000
58714  -0.049  8.697  46.135 0.0000000000
59636  3.703  9.906  50.043 0.0000000000
59638  1.506  9.571  49.792 0.0000000000
58668  4.305  9.338  49.439 0.0000000000
59668  7.337  9.106  46.731 0.0000000000
98958  5.681  8.781  47.352 0.0000000000
113315  5.374  8.489  46.589 0.0000000000
57784  4.487  8.172  46.245 0.0000000000
57782  6.757  8.048  45.774 0.0000000000
57800  7.195  7.557  45.082 0.0000000000
58724  7.514  8.242  45.570 0.0000000000
57748  12.094  7.518  49.573 0.0000000000
57761  12.494  7.468  48.756 0.0000000000
56809  3.601  6.184  52.594 0.0000000000
54872  3.439  4.939  52.636 0.0000000000
56800  3.104  5.821  53.274 0.0000000000
114674  -0.543  3.955  56.186 0.0000000000
53718  1.021  3.763  55.167 0.0000000000
53746  -2.569  3.289  52.652 0.0000000000
51486  -3.012  1.654  51.581 0.0000000000
52649  1.279  2.820  49.421 0.0000000000
50562  1.252  0.649  48.243 0.0000000000
52663  2.317  2.793  48.608 0.0000000000
53858  3.805  3.196  46.389 0.0000000000
52706  3.695  2.343  46.709 0.0000000000
105567  4.139  2.016  46.245 0.0000000000
102715  4.157  0.911  45.097 0.0000000000
51568  5.136  1.890  45.044 0.0000000000
55975  6.588  5.726  42.906 0.0000000000
55976  5.857  5.475  43.798 0.0000000000
55013  6.430  5.071  42.969 0.0000000000
55018  7.296  4.153  41.202 0.0000000000
53928  6.626  3.672  42.786 0.0000000000
53927  6.966  3.253  42.218 0.0000000000
52757  6.389  2.118  43.352 0.0000000000
51614  6.986  1.684  41.648 0.0000000000
51627  7.278  1.364  40.844 0.0000000000
52795  7.324  2.389  40.979 0.0000000000
104071  6.944  3.226  37.071 0.0000000000
113162  7.406  2.346  37.648 0.0000000000
51691  6.975  1.686  36.596 0.0000000000
60603  6.212  10.947  37.396 0.0000000000
59734  4.811  10.284  38.230 0.0000000000
59745  6.225  9.838  37.134 0.0000000000
58851  5.566  8.298  33.633 0.0000000000
58843  6.333  7.502  34.447 0.0000000000
58823  6.179  7.625  36.506 0.0000000000
57026  5.932  6.067  36.565 0.0000000000
56096  5.774  5.250  37.213 0.0000000000
56111  5.869  5.678  36.625 0.0000000000
61325  6.679  12.277  52.849 0.0000000000
108390  6.447  11.962  52.294 0.0000000000
62264  7.435  12.354  52.472 0.0000000000
61324  13.029  11.964  53.803 0.0000000000
115219  12.264  10.684  52.997 0.0000000000
60449  11.840  11.513  53.647 0.0000000000
60451  9.984  11.521  53.557 0.0000000000
60466  8.390  10.962  53.485 0.0000000000
59591  7.246  9.995  53.216 0.0000000000
102886  7.741  11.689  53.651 0.0000000000
61314  7.022  12.001  53.357 0.0000000000
59706  8.066  8.705  41.004 0.0000000000
58790  7.238  8.442  40.747 0.0000000000
59715  7.248  9.616  40.147 0.0000000000
60575  5.604  12.048  41.370 0.0000000000
61445  5.188  12.952  41.526 0.0000000000
54888  -1.320  5.012  51.708 0.0000000000
54887  -0.795  5.191  51.215 0.0000000000
56824  -1.573  6.521  50.851 0.0000000000
101690  -1.878  7.598  49.463 0.0000000000
57763  -0.880  8.962  48.496 0.0000000000
59647  7.747  10.004  48.952 0.0000000000
58667  5.863  9.150  49.116 0.0000000000
59658  7.358  9.362  47.926 0.0000000000
100930  8.092  9.671  47.193 0.0000000000
59677  8.242  9.369  46.168 0.0000000000
59686  8.799  9.119  45.455 0.0000000000
57725  2.252  7.624  53.661 0.0000000000
104531  2.146  6.401  54.042 0.0000000000
55880  1.103  6.321  54.532 0.0000000000
55871  0.150  5.294  55.239 0.0000000000
54848  -1.488  4.572  55.832 0.0000000000
53721  -2.740  3.580  54.630 0.0000000000
54861  -2.575  5.273  54.267 0.0000000000
53745  -2.567  4.658  53.175 0.0000000000
55942  1.176  4.997  46.470 0.0000000000
54946  2.507  4.236  47.322 0.0000000000
110278  2.036  4.596  46.264 0.0000000000
54961  2.852  4.303  45.932 0.0000000000
54977  4.324  4.673  45.031 0.0000000000
112717  4.038  5.843  41.110 0.0000000000
112675  6.914  5.323  41.436 0.0000000000
105745  6.351  5.533  40.918 0.0000000000
56009  6.292  5.291  40.182 0.0000000000
55024  7.380  4.219  40.329 0.0000000000
53959  7.530  3.531  39.818 0.0000000000
55047  7.066  3.969  38.708 0.0000000000
55065  6.923  3.731  37.847 0.0000000000
55087  6.675  3.759  37.270 0.0000000000
57942  5.096  7.130  33.750 0.0000000000
57037  5.829  6.594  35.254 0.0000000000
57050  5.362  6.800  33.693 0.0000000000
59585  0.354  10.321  52.838 0.0000000000
60487  -0.508  10.669  52.105 0.0000000000
60485  1.644  11.053  52.578 0.0000000000
59605  2.380  10.703  51.748 0.0000000000
59619  4.976  10.604  50.836 0.0000000000
61354  6.738  11.597  51.617 0.0000000000
60499  7.139  11.068  50.865 0.0000000000
60510  7.574  10.465  50.042 0.0000000000
60522  8.555  10.484  48.535 0.0000000000
60496  15.348  10.599  50.230 0.0000000000
102574  14.449  9.457  49.074 0.0000000000
59616  14.144  9.705  49.943 0.0000000000
59586  11.867  9.996  52.330 0.0000000000
58641  11.002  8.601  51.426 0.0000000000
116595  10.068  7.622  50.622 0.0000000000
57734  4.551  7.462  51.536 0.0000000000
116433  3.769  7.851  52.863 0.0000000000
58633  5.649  9.257  53.373 0.0000000000
58634  4.795  9.134  53.705 0.0000000000
58636  2.815  8.460  53.490 0.0000000000
106891  1.849  8.987  53.578 0.0000000000
58630  0.820  9.612  53.303 0.0000000000
57819  5.662  7.127  44.530 0.0000000000
56890  4.123  6.519  44.322 0.0000000000
56888  6.339  6.616  43.902 0.0000000000
56909  6.772  6.360  43.062 0.0000000000
58777  6.355  8.322  40.736 0.0000000000
58792  4.843  7.929  41.063 0.0000000000
57863  4.540  6.844  41.421 0.0000000000
115036  1.437  6.490  41.389 0.0000000000
95984  0.349  7.213  40.276 0.0000000000
57904  2.731  7.754  39.324 0.0000000000
63207  12.515  13.978  52.029 0.0000000000
61372  17.048  11.015  49.064 0.0000000000
108041  21.460  11.482  51.604 0.0000000000
61334  21.028  12.107  51.919 0.0000000000
61345  20.628  11.514  50.838 0.0000000000
61359  18.269  11.523  49.703 0.0000000000
61360  17.452  11.402  49.743 0.0000000000
110306  16.695  11.197  49.824 0.0000000000
61336  15.551  11.542  51.718 0.0000000000
61322  15.113  12.480  52.731 0.0000000000
63189  15.752  14.545  53.200 0.0000000000
62246  14.296  13.250  53.403 0.0000000000
62235  13.432  13.570  53.864 0.0000000000
63206  13.417  14.172  52.911 0.0000000000
52650  0.519  2.554  49.630 0.0000000000
53798  1.284  3.695  49.363 0.0000000000
54903  -0.257  4.557  50.424 0.0000000000
55921  -0.958  5.187  48.697 0.0000000000
55934  -0.022  5.167  47.891 0.0000000000
56851  -0.908  5.233  45.772 0.0000000000
56875  -0.497  5.978  44.446 0.0000000000
57805  1.615  7.435  44.770 0.0000000000
112841  -0.961  10.102  50.494 0.0000000000
58656  0.173  9.534  49.650 0.0000000000
114241  0.577  9.240  48.374 0.0000000000
58681  4.091  8.734  48.687 0.0000000000
58682  3.152  8.968  48.403 0.0000000000
58699  1.840  9.177  47.216 0.0000000000
58712  2.600  8.728  46.667 0.0000000000
57785  3.321  8.097  46.050 0.0000000000
57803  3.978  7.580  45.291 0.0000000000
57801  6.255  7.520  45.248 0.0000000000
57817  7.460  7.454  44.093 0.0000000000
58760  8.568  8.415  43.002 0.0000000000
58733  9.323  8.776  44.252 0.0000000000
59692  9.240  8.800  43.448 0.0000000000
53758  3.633  3.448  52.075 0.0000000000
100448  1.618  5.013  54.690 0.0000000000
51543  2.938  1.896  47.725 0.0000000000
50579  3.046  0.874  47.147 0.0000000000
49684  4.975  0.078  43.779 0.0000000000
55965  4.646  5.575  44.154 0.0000000000
109000  4.950  4.759  44.413 0.0000000000
54976  5.257  4.233  44.903 0.0000000000
55012  6.761  4.569  42.455 0.0000000000
53910  6.272  3.677  43.634 0.0000000000
52724  5.803  3.014  44.825 0.0000000000
103136  5.897  2.014  44.028 0.0000000000
50601  5.966  1.230  43.715 0.0000000000
49688  5.434  0.007  43.074 0.0000000000
100985  6.446  0.194  41.846 0.0000000000
107596  7.652  2.103  39.338 0.0000000000
51660  7.677  1.506  38.676 0.0000000000
62401  4.901  13.020  41.215 0.0000000000
61477  5.015  12.411  39.329 0.0000000000
60585  3.094  11.838  40.177 0.0000000000
60597  2.096  11.112  39.716 0.0000000000
58804  3.686  8.707  38.628 0.0000000000
104413  4.848  7.856  38.203 0.0000000000
58813  6.159  8.670  36.911 0.0000000000
58814  5.758  7.855  37.164 0.0000000000
56996  5.580  6.052  37.815 0.0000000000
57009  5.692  5.410  37.433 0.0000000000
55089  6.205  4.525  36.864 0.0000000000
55111  6.479  3.751  36.656 0.0000000000
54045  5.936  3.321  35.418 0.0000000000
63194  10.561  13.307  53.122 0.0000000000
63208  10.169  13.436  52.102 0.0000000000
64148  11.044  14.462  51.286 0.0000000000
112224  11.806  13.707  53.189 0.0000000000
63180  10.962  13.039  53.462 0.0000000000
63181  9.904  13.178  53.107 0.0000000000
48719  3.901  -0.898  42.168 0.0000000000
49692  5.112  -0.519  42.268 0.0000000000
57736  -0.916  7.994  52.354 0.0000000000
58648  -2.196  9.507  51.857 0.0000000000
113419  15.980  10.312  48.840 0.0000000000
59645  15.442  9.626  47.806 0.0000000000
60521  15.312  9.877  48.741 0.0000000000
56892  1.920  6.195  44.046 0.0000000000
56891  3.031  6.396  44.146 0.0000000000
56984  5.292  6.128  38.551 0.0000000000
60467  3.744  11.811  53.391 0.0000000000
60483  3.957  11.826  52.729 0.0000000000
61338  14.030  10.993  52.156 0.0000000000
112465  13.424  10.725  52.350 0.0000000000
59603  8.539  9.437  52.063 0.0000000000
58643  7.794  8.992  51.799 0.0000000000
58644  6.508  8.688  51.835 0.0000000000
58631  7.035  9.263  52.378 0.0000000000
61316  4.966  11.766  53.614 0.0000000000
60457  3.593  11.184  53.752 0.0000000000
108751  7.762  8.090  41.732 0.0000000000
59718  3.796  11.060  41.071 0.0000000000
60578  2.598  11.504  40.631 0.0000000000
52632  -1.889  2.929  50.904 0.0000000000
56843  -3.140  7.858  47.109 0.0000000000
58702  -2.388  8.766  46.609 0.0000000000
58716  -2.544  8.176  46.257 0.0000000000
58701  -0.916  9.078  46.751 0.0000000000
102646  4.612  10.014  50.067 0.0000000000
59669  6.389  8.636  46.554 0.0000000000
56810  3.319  6.631  53.110 0.0000000000
53720  -0.343  3.308  55.846 0.0000000000
53760  -2.171  3.759  52.050 0.0000000000
52616  -2.708  2.339  52.097 0.0000000000
52615  -2.409  2.881  51.744 0.0000000000
52633  -2.696  2.249  51.094 0.0000000000
52648  1.826  3.067  49.140 0.0000000000
52664  1.813  2.275  48.967 0.0000000000
115189  4.342  3.333  46.016 0.0000000000
52705  4.294  2.664  46.194 0.0000000000
52726  4.689  2.140  45.715 0.0000000000
52725  5.342  2.642  45.262 0.0000000000
56925  6.827  6.126  42.215 0.0000000000
55994  6.587  5.761  41.502 0.0000000000
53939  7.224  3.302  41.517 0.0000000000
52775  7.019  2.526  41.939 0.0000000000
52877  6.997  2.523  36.752 0.0000000000
113651  6.830  11.314  36.979 0.0000000000
60612  6.705  10.353  36.728 0.0000000000
57941  5.635  7.110  34.113 0.0000000000
57930  5.954  6.556  35.472 0.0000000000
57027  5.632  6.094  36.048 0.0000000000
118497  7.282  12.428  53.099 0.0000000000
63217  10.142  13.610  51.222 0.0000000000
61308  12.818  13.007  54.304 0.0000000000
61309  12.240  12.571  54.056 0.0000000000
61312  9.597  11.910  53.551 0.0000000000
61311  10.929  12.097  53.791 0.0000000000
60465  9.446  10.819  53.361 0.0000000000
60452  8.858  11.690  53.619 0.0000000000
59579  7.423  10.925  53.608 0.0000000000
62248  8.232  12.666  53.224 0.0000000000
62239  7.813  12.275  53.415 0.0000000000
106015  6.207  11.909  53.375 0.0000000000
60574  6.826  11.541  40.885 0.0000000000
61444  6.142  12.945  41.543 0.0000000000
55897  -1.352  5.921  52.078 0.0000000000
55896  -1.157  6.106  51.453 0.0000000000
56813  -3.143  7.917  50.893 0.0000000000
57745  -2.812  8.322  50.292 0.0000000000
57753  -1.633  8.548  49.386 0.0000000000
59648  6.840  9.413  48.920 0.0000000000
59657  8.144  9.895  48.071 0.0000000000
59667  8.859  9.994  46.734 0.0000000000
59676  9.157  9.711  45.844 0.0000000000
56792  1.255  7.243  53.984 0.0000000000
56784  -0.033  6.154  54.554 0.0000000000
105220  -1.256  5.517  55.472 0.0000000000
115655  -2.131  5.329  55.144 0.0000000000
55873  -2.178  6.010  54.658 0.0000000000
55889  -2.066  6.513  53.157 0.0000000000
54874  -2.141  5.570  52.702 0.0000000000
104396  -0.016  4.782  46.025 0.0000000000
54962  0.850  4.903  45.341 0.0000000000
54995  2.276  5.234  44.541 0.0000000000
54979  2.028  4.812  45.197 0.0000000000
54978  3.119  4.777  45.179 0.0000000000
54960  3.826  4.002  45.881 0.0000000000
55996  3.099  5.797  41.114 0.0000000000
55995  5.280  5.808  41.040 0.0000000000
56011  4.145  5.654  40.831 0.0000000000
55034  6.971  4.763  39.865 0.0000000000
55033  7.251  4.149  39.484 0.0000000000
55048  6.827  4.527  39.022 0.0000000000
55066  6.518  4.180  37.785 0.0000000000
113617  6.700  4.251  38.341 0.0000000000
55088  6.412  4.224  37.309 0.0000000000
112520  3.160  8.541  33.059 0.0000000000
57943  3.304  8.012  32.987 0.0000000000
57956  3.661  7.728  32.846 0.0000000000
60460  0.939  10.769  53.153 0.0000000000
60471  0.108  10.440  52.532 0.0000000000
60470  1.102  11.013  52.952 0.0000000000
60501  3.431  11.093  52.010 0.0000000000
59620  4.060  10.541  50.878 0.0000000000
61339  7.103  11.938  52.025 0.0000000000
61340  5.978  11.736  52.033 0.0000000000
60511  6.552  10.399  50.335 0.0000000000
60497  14.602  10.304  50.473 0.0000000000
59618  12.747  8.879  50.809 0.0000000000
59587  10.984  9.881  52.604 0.0000000000
101882  10.096  8.671  51.493 0.0000000000
58654  10.512  8.064  50.971 0.0000000000
56820  7.276  7.398  50.519 0.0000000000
105552  5.186  8.096  51.745 0.0000000000
58646  4.515  8.125  52.148 0.0000000000
102633  3.944  7.677  52.251 0.0000000000
58647  4.249  8.335  53.084 0.0000000000
59580  6.565  10.715  53.687 0.0000000000
59592  6.449  9.730  53.326 0.0000000000
59594  4.379  10.250  54.058 0.0000000000
59593  5.137  9.941  53.975 0.0000000000
58626  4.025  9.098  53.800 0.0000000000
58635  3.557  8.180  53.249 0.0000000000
58627  3.298  9.084  53.654 0.0000000000
58628  2.459  9.831  53.663 0.0000000000
59583  1.808  10.676  53.640 0.0000000000
59584  1.214  10.599  53.420 0.0000000000
57848  7.142  6.865  42.642 0.0000000000
117132  6.533  9.167  40.306 0.0000000000
58791  5.747  9.334  40.442 0.0000000000
118061  4.299  8.489  40.897 0.0000000000
57864  3.820  7.764  41.244 0.0000000000
97620  2.726  6.801  41.449 0.0000000000
97796  0.034  9.973  39.912 0.0000000000
95982  0.206  7.753  40.393 0.0000000000
95986  -0.007  8.786  39.802 0.0000000000
95988  1.512  6.746  40.023 0.0000000000
98262  0.985  8.096  39.515 0.0000000000
63213  13.276  14.169  51.565 0.0000000000
64157  14.100  14.210  51.066 0.0000000000
115245  18.273  11.056  48.341 0.0000000000
60518  17.478  10.707  48.250 0.0000000000
62256  20.531  12.979  52.160 0.0000000000
61346  19.601  11.838  50.589 0.0000000000
61358  19.112  11.463  49.738 0.0000000000
61348  17.853  11.831  50.518 0.0000000000
61349  17.047  11.583  50.579 0.0000000000
62261  15.929  12.308  52.282 0.0000000000
62245  15.836  13.370  53.050 0.0000000000
117039  15.116  14.446  53.267 0.0000000000
103573  15.072  13.848  53.349 0.0000000000
63190  14.375  14.142  53.311 0.0000000000
63205  14.314  14.402  53.158 0.0000000000
63192  12.557  13.854  53.471 0.0000000000
50541  -3.235  -0.091  48.606 0.0000000000
104635  -2.248  0.818  48.967 0.0000000000
52630  -0.129  3.217  50.105 0.0000000000
52651  -0.348  2.319  49.814 0.0000000000
53799  0.628  3.396  49.743 0.0000000000
55907  -0.838  5.518  50.533 0.0000000000
55923  -1.465  5.501  49.389 0.0000000000
54932  0.423  4.684  48.759 0.0000000000
55943  -0.447  5.399  46.921 0.0000000000
56852  -1.405  6.011  46.572 0.0000000000
57788  -0.471  7.797  45.335 0.0000000000
57808  -1.022  6.358  45.031 0.0000000000
57806  0.349  7.306  44.419 0.0000000000
59607  -0.043  10.382  51.414 0.0000000000
59608  -1.281  10.594  51.578 0.0000000000
59623  0.677  9.951  50.535 0.0000000000
58671  1.144  9.202  48.852 0.0000000000
57752  0.005  9.293  48.764 0.0000000000
58680  4.975  8.778  48.936 0.0000000000
115207  5.578  8.713  48.341 0.0000000000
58710  4.649  8.771  47.038 0.0000000000
58697  3.887  8.804  47.677 0.0000000000
58698  2.918  9.002  47.450 0.0000000000
58713  1.383  8.728  46.433 0.0000000000
116723  5.218  8.077  46.101 0.0000000000
58746  8.080  7.920  43.580 0.0000000000
58734  8.828  8.628  44.838 0.0000000000
59633  13.720  9.075  49.475 0.0000000000
58679  13.840  8.873  48.486 0.0000000000
112607  3.052  4.061  52.783 0.0000000000
55879  1.583  5.534  54.632 0.0000000000
49596  -3.350  0.174  49.253 0.0000000000
49605  -3.503  -0.113  48.853 0.0000000000
49650  1.789  0.160  47.710 0.0000000000
53841  2.895  3.249  47.369 0.0000000000
52683  2.768  2.572  47.941 0.0000000000
51555  3.748  1.615  46.503 0.0000000000
51542  3.330  1.573  47.144 0.0000000000
50591  2.874  0.299  46.776 0.0000000000
112364  3.096  0.272  46.075 0.0000000000
50603  4.506  0.432  44.464 0.0000000000
49685  4.008  -0.391  43.904 0.0000000000
106580  5.276  0.795  44.167 0.0000000000
56911  4.936  6.039  44.113 0.0000000000
55977  3.827  5.960  44.134 0.0000000000
55006  5.221  5.088  44.070 0.0000000000
54992  5.568  4.527  44.186 0.0000000000
52741  6.082  2.849  44.047 0.0000000000
52742  5.634  2.322  44.610 0.0000000000
51592  6.528  1.227  42.962 0.0000000000
50606  6.101  0.575  43.117 0.0000000000
49687  5.947  0.070  42.461 0.0000000000
50609  6.421  0.655  42.449 0.0000000000
53972  7.614  2.957  39.216 0.0000000000
52850  7.563  2.421  38.417 0.0000000000
51673  7.546  1.701  37.833 0.0000000000
50629  7.725  0.832  38.020 0.0000000000
61494  6.313  12.115  37.866 0.0000000000
61478  4.147  12.066  39.715 0.0000000000
60596  3.657  11.031  39.154 0.0000000000
118523  4.961  9.402  37.911 0.0000000000
59735  4.127  9.779  38.454 0.0000000000
59777  6.878  9.207  34.441 0.0000000000
59765  6.934  9.155  35.478 0.0000000000
59756  6.717  9.346  36.408 0.0000000000
58822  6.668  8.300  35.993 0.0000000000
57915  5.902  7.036  36.966 0.0000000000
57909  5.570  7.158  37.634 0.0000000000
55112  6.334  4.283  36.412 0.0000000000
56121  5.935  6.034  36.009 0.0000000000
104448  8.526  12.814  52.781 0.0000000000
63216  10.674  14.384  50.985 0.0000000000
62236  12.248  13.087  54.116 0.0000000000
61301  12.051  13.014  54.067 0.0000000000
62229  11.982  13.138  53.950 0.0000000000
62230  11.504  12.691  53.714 0.0000000000
61304  9.450  12.149  53.524 0.0000000000
61313  8.504  11.970  53.621 0.0000000000
62237  9.497  12.443  53.427 0.0000000000
63182  8.974  12.750  53.193 0.0000000000
49700  5.533  -0.901  41.668 0.0000000000
56811  -1.320  7.190  51.787 0.0000000000
57738  -3.131  8.761  51.158 0.0000000000
116798  0.461  7.764  53.411 0.0000000000
56794  -1.188  6.862  54.080 0.0000000000
55881  -2.092  6.661  54.091 0.0000000000
56801  -0.799  7.087  52.892 0.0000000000
56894  0.159  5.667  44.243 0.0000000000
55967  1.561  5.613  44.291 0.0000000000
56027  4.412  5.626  40.205 0.0000000000
107766  5.785  5.368  38.952 0.0000000000
60469  2.044  11.302  53.247 0.0000000000
103303  3.221  11.915  52.909 0.0000000000
61352  8.323  11.835  50.839 0.0000000000
61362  8.813  11.396  49.980 0.0000000000
61374  8.958  11.231  48.908 0.0000000000
61373  9.331  11.870  49.277 0.0000000000
60478  14.320  10.617  51.307 0.0000000000
60498  13.872  9.998  50.803 0.0000000000
60479  13.602  10.349  51.633 0.0000000000
59588  10.013  10.025  52.685 0.0000000000
59602  9.558  9.448  51.970 0.0000000000
108750  9.204  8.698  51.531 0.0000000000
58645  5.750  8.651  52.208 0.0000000000
60454  5.904  11.396  53.686 0.0000000000
57834  7.552  7.439  43.081 0.0000000000
57861  7.051  7.657  41.412 0.0000000000
58793  3.510  9.176  40.701 0.0000000000
95987  2.083  9.031  40.626 0.0000000000
110304  1.115  10.210  40.385 0.0000000000
60579  0.378  10.559  39.926 0.0000000000
60588  0.276  10.533  39.870 0.0000000000
61370  18.683  11.273  48.942 0.0000000000
62271  19.140  12.499  51.405 0.0000000000
62273  17.374  12.348  51.584 0.0000000000
62259  17.265  13.503  52.655 0.0000000000
112378  -2.221  1.117  49.648 0.0000000000
52631  -0.890  2.850  50.298 0.0000000000
105435  -0.323  3.762  50.472 0.0000000000
56834  -2.091  6.519  49.169 0.0000000000
56842  -2.610  6.728  47.900 0.0000000000
56853  -2.490  6.915  46.767 0.0000000000
56864  -1.535  6.366  45.808 0.0000000000
57790  -2.352  7.397  46.235 0.0000000000
58715  -1.499  8.444  46.046 0.0000000000
59637  2.684  9.720  49.960 0.0000000000
58669  3.390  9.214  49.312 0.0000000000
59659  6.634  8.998  47.302 0.0000000000
57783  5.864  8.060  45.983 0.0000000000
58666  12.786  8.018  49.380 0.0000000000
55887  3.673  5.491  52.520 0.0000000000
54873  2.750  4.925  53.242 0.0000000000
54846  0.961  4.520  55.777 0.0000000000
52601  -2.969  2.589  52.990 0.0000000000
50505  -3.025  0.872  51.331 0.0000000000
50521  -2.722  1.334  50.724 0.0000000000
51515  1.109  1.941  49.234 0.0000000000
51531  0.750  1.158  48.800 0.0000000000
51530  1.559  1.432  48.558 0.0000000000
51529  2.346  1.830  48.238 0.0000000000
110387  3.307  3.711  46.406 0.0000000000
53840  3.293  3.121  46.862 0.0000000000
51554  4.044  1.396  45.857 0.0000000000
118175  4.566  1.520  45.282 0.0000000000
53940  7.080  4.014  42.007 0.0000000000
52776  6.719  2.737  42.702 0.0000000000
51602  6.766  1.880  42.494 0.0000000000
108297  7.556  1.798  40.155 0.0000000000
53986  7.300  2.975  37.723 0.0000000000
52864  7.210  2.637  37.205 0.0000000000
51690  7.305  2.006  37.121 0.0000000000
60604  5.548  10.579  37.815 0.0000000000
114917  5.571  9.537  37.566 0.0000000000
58832  6.421  7.402  35.602 0.0000000000
57922  6.135  6.813  36.382 0.0000000000
118409  5.919  6.483  36.986 0.0000000000
57016  5.759  5.774  37.162 0.0000000000
56097  5.892  5.561  36.860 0.0000000000
61326  5.835  12.150  52.912 0.0000000000
61327  5.098  12.092  53.203 0.0000000000
62277  7.830  12.126  51.610 0.0000000000
62263  8.207  12.506  52.141 0.0000000000
62276  8.670  12.385  51.201 0.0000000000
62247  13.605  12.603  53.636 0.0000000000
108852  12.958  11.011  52.956 0.0000000000
60462  12.490  11.496  53.538 0.0000000000
61310  11.599  12.296  53.835 0.0000000000
60450  11.008  11.486  53.632 0.0000000000
60464  10.490  10.617  53.293 0.0000000000
59590  8.061  10.167  53.007 0.0000000000
60453  6.740  11.499  53.574 0.0000000000
61315  5.485  11.825  53.520 0.0000000000
105738  7.738  10.354  40.007 0.0000000000
60576  4.485  12.161  41.366 0.0000000000
61446  4.282  12.458  41.155 0.0000000000
56825  -2.169  7.218  50.210 0.0000000000
59635  6.384  9.748  49.600 0.0000000000
59678  7.636  8.868  45.991 0.0000000000
58723  8.186  8.680  45.475 0.0000000000
114618  0.990  5.550  54.924 0.0000000000
54847  -0.225  4.624  55.904 0.0000000000
54837  -2.070  3.892  55.491 0.0000000000
54849  -2.471  4.610  54.969 0.0000000000
53733  -2.672  4.409  54.060 0.0000000000
55890  -2.504  5.939  53.699 0.0000000000
54889  -2.044  4.667  52.182 0.0000000000
54931  1.195  4.959  48.076 0.0000000000
108819  2.020  4.451  48.147 0.0000000000
113660  1.757  4.981  47.308 0.0000000000
53857  4.738  3.804  45.544 0.0000000000
116610  4.671  6.135  41.259 0.0000000000
56010  5.251  5.533  40.499 0.0000000000
112178  7.065  4.955  40.833 0.0000000000
118282  7.386  3.589  39.145 0.0000000000
54002  6.682  3.432  36.968 0.0000000000
58852  4.340  8.234  33.293 0.0000000000
48704  3.413  -0.866  42.783 0.0000000000
59595  -0.903  10.326  52.495 0.0000000000
59596  -1.684  10.333  52.195 0.0000000000
60486  0.544  10.711  52.351 0.0000000000
59606  1.236  10.441  51.520 0.0000000000
59621  3.090  10.343  50.847 0.0000000000
101248  5.591  9.999  50.015 0.0000000000
61341  5.385  11.929  52.507 0.0000000000
60482  5.354  11.350  51.660 0.0000000000
60481  6.265  11.135  51.215 0.0000000000
60512  5.756  10.665  50.801 0.0000000000
59634  7.058  9.960  49.594 0.0000000000
60507  15.651  10.404  49.451 0.0000000000
60508  14.926  10.037  49.650 0.0000000000
59617  13.460  9.289  50.366 0.0000000000
58651  13.102  8.596  49.937 0.0000000000
58652  12.277  8.134  50.292 0.0000000000
57739  11.638  7.595  50.169 0.0000000000
59600  11.432  9.304  51.824 0.0000000000
58640  11.899  8.644  51.187 0.0000000000
58653  11.381  8.048  50.754 0.0000000000
57740  10.843  7.433  50.330 0.0000000000
57742  8.352  7.508  50.576 0.0000000000
57735  3.480  7.202  52.679 0.0000000000
57727  3.149  7.406  53.282 0.0000000000
58629  1.726  9.882  53.597 0.0000000000
58637  -0.461  9.788  52.742 0.0000000000
57820  4.570  7.128  44.598 0.0000000000
56889  5.277  6.586  44.234 0.0000000000
115275  5.545  8.380  40.753 0.0000000000
58778  5.953  7.386  41.271 0.0000000000
56940  3.463  6.130  41.320 0.0000000000
56954  2.054  5.956  41.079 0.0000000000
95981  1.359  7.388  41.263 0.0000000000
56955  1.150  6.314  41.334 0.0000000000
56969  2.396  6.076  40.462 0.0000000000
57891  3.213  6.607  39.710 0.0000000000
118424  11.994  13.936  52.429 0.0000000000
64147  11.614  14.495  51.340 0.0000000000
108757  13.202  14.231  50.473 0.0000000000
61347  18.700  11.919  50.495 0.0000000000
60506  16.323  10.733  49.275 0.0000000000
61361  16.019  10.922  49.992 0.0000000000
61323  14.270  11.975  52.821 0.0000000000
62243  17.104  14.686  53.118 0.0000000000
62244  16.525  14.037  53.117 0.0000000000
63178  12.590  13.485  54.103 0.0000000000
63191  13.419  13.971  53.585 0.0000000000
51518  -1.659  1.338  49.603 0.0000000000
51517  -0.700  1.527  49.496 0.0000000000
51516  0.253  1.709  49.371 0.0000000000
54917  1.389  4.367  48.824 0.0000000000
53759  -0.625  4.294  50.860 0.0000000000
55922  -0.163  4.744  49.665 0.0000000000
53775  0.434  4.060  49.779 0.0000000000
54918  0.787  4.320  49.359 0.0000000000
55933  0.795  5.283  47.203 0.0000000000
55948  -0.298  4.978  45.119 0.0000000000
55949  -0.840  5.557  45.016 0.0000000000
55957  -0.273  5.375  44.608 0.0000000000
57824  0.159  6.430  44.068 0.0000000000
57823  1.137  6.721  44.128 0.0000000000
57822  2.316  6.883  44.303 0.0000000000
59609  -1.961  10.397  51.813 0.0000000000
59624  -2.076  10.294  51.135 0.0000000000
58672  -1.011  9.271  49.600 0.0000000000
58685  -0.127  9.247  47.805 0.0000000000
58696  4.823  8.618  48.032 0.0000000000
58683  2.125  9.126  48.162 0.0000000000
58684  1.080  9.226  47.905 0.0000000000
58700  0.575  9.254  46.975 0.0000000000
57786  2.163  8.092  45.793 0.0000000000
57804  2.835  7.537  45.018 0.0000000000
58745  8.714  8.372  43.990 0.0000000000
59705  9.046  8.957  41.182 0.0000000000
101695  13.607  8.453  47.776 0.0000000000
57760  13.186  8.065  48.460 0.0000000000
55878  2.225  5.355  53.963 0.0000000000
54859  2.117  4.391  53.832 0.0000000000
106100  2.501  3.339  53.270 0.0000000000
50563  0.401  0.436  48.530 0.0000000000
53820  2.548  3.514  48.083 0.0000000000
52682  3.204  2.421  47.352 0.0000000000
102005  2.705  1.259  47.598 0.0000000000
50580  2.488  0.520  47.377 0.0000000000
49649  2.344  -0.368  47.127 0.0000000000
50599  3.568  0.591  45.616 0.0000000000
113556  3.786  5.581  44.304 0.0000000000
54993  4.400  5.189  44.363 0.0000000000
53875  5.422  3.434  45.215 0.0000000000
55983  6.796  5.342  42.145 0.0000000000
55004  6.357  4.375  43.201 0.0000000000
54991  6.060  4.270  43.832 0.0000000000
53874  5.872  3.757  44.447 0.0000000000
51582  5.447  1.574  44.387 0.0000000000
50602  5.622  0.495  43.630 0.0000000000
52813  7.594  2.702  40.033 0.0000000000
51642  7.663  1.244  39.486 0.0000000000
103024  7.767  0.831  38.892 0.0000000000
62383  5.735  13.453  41.500 0.0000000000
106959  4.603  12.821  40.490 0.0000000000
61463  4.005  12.472  40.743 0.0000000000
61447  3.265  11.895  40.751 0.0000000000
60586  2.177  11.403  40.362 0.0000000000
59737  1.184  10.409  39.359 0.0000000000
59736  2.570  10.190  38.860 0.0000000000
58806  1.625  9.861  38.930 0.0000000000
58805  2.070  9.055  38.902 0.0000000000
57903  4.089  7.330  38.867 0.0000000000
59746  5.448  8.678  37.511 0.0000000000
116807  5.291  8.081  37.646 0.0000000000
57902  5.131  6.863  38.391 0.0000000000
117977  5.649  5.426  37.680 0.0000000000
56078  5.927  4.833  37.317 0.0000000000
115014  6.582  3.802  37.081 0.0000000000
54019  6.490  3.134  36.549 0.0000000000
113175  5.394  6.105  35.914 0.0000000000
55133  6.378  4.276  36.110 0.0000000000
54020  6.220  3.479  35.973 0.0000000000
52896  5.937  2.570  35.996 0.0000000000
49624  0.977  -0.077  48.052 0.0000000000
50520  -2.655  0.798  49.667 0.0000000000
55968  0.744  5.525  44.351 0.0000000000
56941  2.175  6.124  41.280 0.0000000000
56970  1.080  6.335  40.818 0.0000000000
57807  -0.560  6.841  44.676 0.0000000000
58638  -1.619  10.055  52.422 0.0000000000
58639  -2.139  10.159  51.992 0.0000000000
58687  -2.941  8.683  47.068 0.0000000000
59726  0.220  10.217  39.666 0.0000000000
60472  -1.190  10.543  52.182 0.0000000000
60580  0.034  10.308  39.847 0.0000000000
60587  0.841  10.907  39.961 0.0000000000
61303  10.612  12.413  53.579 0.0000000000
63179  12.212  13.099  53.937 0.0000000000
63193  11.539  13.339  53.504 0.0000000000
64132  11.484  14.027  52.079 0.0000000000
95980  0.436  6.839  40.991 0.0000000000
95983  0.374  7.772  40.814 0.0000000000
95985  0.334  9.409  40.258 0.0000000000
97615  0.149  8.738  40.177 0.0000000000
99611  0.770  6.747  41.294 0.0000000000
111915  -3.064  8.403  46.634 0.0000000000
