#!ascii label  , from subject sub-v1s16x0051160_ses-1 vox2ras=TkReg
1775
27251  -24.575  -26.007  73.998 0.6250000000
27244  -25.295  -25.410  74.436 0.6250000000
27871  -26.043  -24.881  74.843 0.5000000000
27252  -24.922  -25.458  73.322 0.6250000000
80749  -25.713  -24.794  73.959 0.6250000000
27872  -26.615  -24.305  75.246 0.5000000000
27879  -25.355  -24.638  72.930 0.6250000000
28552  -25.977  -24.035  73.501 0.6250000000
28545  -26.382  -24.227  74.417 0.5000000000
27885  -25.306  -24.530  71.985 0.5000000000
29285  -26.666  -22.793  74.529 0.5000000000
28553  -26.411  -23.430  74.039 0.5000000000
90761  -26.246  -22.709  73.830 0.5000000000
29965  -26.131  -21.897  74.169 0.6250000000
29964  -25.514  -21.314  73.476 0.6250000000
90498  -26.190  -21.396  74.768 0.5000000000
30788  -25.918  -20.574  74.958 0.1250000000
90776  -25.419  -20.548  73.567 0.6250000000
78742  -25.973  -19.856  75.377 0.1250000000
78741  -25.585  -19.949  74.100 0.5000000000
31618  -26.178  -19.306  72.560 0.6250000000
31624  -26.296  -19.471  71.690 0.6250000000
30781  -26.268  -20.563  75.781 0.1250000000
36236  -41.326  -12.528  71.323 0.3750000000
36250  -41.250  -13.140  69.788 0.3750000000
36242  -41.704  -12.839  70.401 0.3750000000
86861  -26.046  -19.071  74.324 0.3750000000
31605  -25.824  -19.656  74.802 0.2500000000
36243  -42.610  -12.661  70.170 0.3750000000
32346  -26.642  -18.639  72.943 0.6250000000
77121  -41.471  -13.294  68.963 0.7500000000
77070  -42.063  -13.217  69.379 0.5000000000
36251  -42.858  -13.074  69.306 0.5000000000
36252  -43.486  -12.803  69.583 0.5000000000
90755  -44.479  -12.356  69.466 0.3750000000
32358  -26.689  -18.768  72.069 0.7500000000
36261  -42.030  -13.584  68.573 0.7500000000
36262  -42.705  -13.584  68.617 0.7500000000
90968  -43.443  -13.292  68.924 0.5000000000
77809  -44.140  -13.110  69.132 0.5000000000
86979  -45.395  -12.694  68.629 0.3750000000
37922  -45.444  -11.613  69.165 0.3750000000
32372  -26.743  -18.894  71.116 0.7500000000
92876  -40.947  -13.030  67.814 0.8750000000
77120  -41.531  -13.383  67.966 0.8750000000
77119  -42.385  -13.964  67.940 0.8750000000
36273  -43.128  -14.034  68.034 0.7500000000
78522  -43.908  -13.546  68.372 0.7500000000
36263  -44.695  -13.266  68.659 0.5000000000
37083  -45.581  -12.085  68.673 0.3750000000
37915  -45.963  -10.918  69.066 0.3750000000
79289  -43.748  -14.030  67.528 0.7500000000
36274  -44.599  -13.587  67.872 0.5000000000
36275  -45.345  -13.185  68.180 0.6250000000
84238  -45.839  -12.660  68.141 0.5000000000
37084  -46.059  -11.963  68.210 0.3750000000
90515  -42.130  -14.295  66.381 1.0000000000
36288  -44.395  -13.929  66.938 0.8750000000
36289  -45.183  -13.406  67.255 0.7500000000
37086  -45.920  -12.976  67.442 0.6250000000
37087  -46.259  -12.259  67.521 0.5000000000
81678  -42.843  -14.411  65.968 1.0000000000
92586  -43.534  -14.389  65.937 1.0000000000
82627  -44.160  -14.202  65.931 0.8750000000
81765  -44.931  -13.642  66.314 0.7500000000
37090  -45.685  -13.056  66.570 0.7500000000
36301  -43.461  -14.239  65.351 1.0000000000
36302  -44.762  -13.834  65.544 0.7500000000
37096  -45.956  -12.450  65.777 0.6250000000
37091  -46.271  -12.406  66.740 0.6250000000
36300  -42.568  -14.218  64.937 1.0000000000
81337  -44.205  -13.953  65.045 1.0000000000
78945  -45.030  -13.666  64.894 0.8750000000
37095  -45.696  -13.067  64.860 0.7500000000
36317  -43.483  -13.902  64.524 1.0000000000
79435  -44.353  -13.642  64.272 1.0000000000
36318  -45.232  -13.399  64.167 0.8750000000
37102  -45.908  -12.935  64.031 0.8750000000
36338  -45.325  -13.090  63.581 0.8750000000
36335  -42.693  -13.297  63.318 1.0000000000
36337  -44.595  -13.278  63.573 1.0000000000
37113  -44.975  -12.898  62.999 1.0000000000
37132  -45.569  -12.558  62.452 1.0000000000
36350  -43.306  -13.006  62.813 1.0000000000
36351  -44.129  -13.052  62.921 1.0000000000
33250  -32.387  -17.644  61.954 0.1250000000
34025  -32.616  -16.311  61.697 0.1250000000
37129  -43.002  -12.618  62.005 1.0000000000
37149  -43.914  -12.772  61.597 1.0000000000
37165  -45.101  -12.497  60.831 1.0000000000
37147  -42.234  -12.541  61.274 1.0000000000
37148  -43.176  -12.555  60.928 1.0000000000
81338  -44.675  -12.540  60.061 1.0000000000
34045  -34.460  -16.343  60.338 0.1250000000
34046  -35.291  -16.302  60.098 0.1250000000
34047  -36.330  -16.326  60.331 0.1250000000
37163  -42.315  -12.462  60.389 1.0000000000
81677  -42.934  -12.649  60.039 1.0000000000
81676  -43.684  -12.604  60.050 1.0000000000
80527  -40.949  -12.204  58.956 0.8750000000
37180  -41.613  -12.243  59.786 1.0000000000
37182  -43.150  -12.459  59.311 1.0000000000
89488  -43.355  -12.310  58.463 1.0000000000
35523  -36.968  -14.146  58.669 0.3750000000
37195  -40.307  -12.306  58.033 0.8750000000
78749  -41.739  -12.254  58.934 0.8750000000
37210  -41.954  -12.462  57.034 0.8750000000
37198  -42.941  -12.278  57.475 0.8750000000
35534  -37.646  -13.666  58.329 0.6250000000
36390  -38.356  -13.343  57.993 0.6250000000
32337  -26.621  -18.538  73.781 0.5000000000
77435  -40.165  -12.888  69.841 0.5000000000
91155  -40.673  -13.047  70.074 0.5000000000
36249  -40.846  -13.017  69.418 0.5000000000
32359  -27.158  -18.217  71.664 0.7500000000
77122  -40.204  -12.720  68.948 0.6250000000
36260  -40.920  -12.941  68.500 0.6250000000
80361  -45.068  -12.377  69.153 0.3750000000
31629  -27.054  -18.680  70.300 0.8750000000
37923  -46.073  -11.231  68.694 0.3750000000
32387  -27.312  -18.376  69.612 0.8750000000
36272  -40.213  -12.928  67.928 0.6250000000
36284  -40.876  -13.507  67.105 0.8750000000
36285  -41.876  -13.911  67.088 0.8750000000
32401  -27.635  -17.976  68.875 0.8750000000
77753  -39.858  -13.196  67.087 0.8750000000
36286  -42.821  -14.324  67.104 1.0000000000
37926  -46.480  -11.324  67.823 0.2500000000
33160  -28.128  -17.101  68.610 0.7500000000
36298  -40.382  -13.509  66.185 0.8750000000
81713  -41.313  -14.058  66.277 1.0000000000
37930  -46.772  -11.852  66.904 0.3750000000
33170  -28.860  -16.583  67.419 0.7500000000
92924  -40.344  -13.471  65.460 0.8750000000
36299  -40.982  -13.934  65.355 1.0000000000
81712  -41.870  -14.326  65.619 1.0000000000
33195  -29.455  -17.593  65.732 0.5000000000
83675  -41.693  -14.145  64.904 1.0000000000
85571  -46.391  -11.836  65.511 0.5000000000
37934  -46.578  -11.903  66.184 0.5000000000
33970  -30.528  -16.567  64.942 0.6250000000
36316  -42.017  -13.937  64.379 1.0000000000
37103  -46.292  -12.333  64.709 0.7500000000
33979  -30.644  -16.861  64.055 0.6250000000
80238  -41.972  -13.533  63.739 1.0000000000
80528  -42.725  -13.754  64.071 1.0000000000
86490  -47.229  -12.049  63.166 1.0000000000
37115  -46.503  -12.436  63.664 0.8750000000
84915  -30.924  -17.150  63.409 0.5000000000
36348  -41.934  -13.109  63.002 1.0000000000
37947  -47.403  -11.895  62.391 1.0000000000
34009  -31.368  -16.907  62.910 0.3750000000
34010  -32.020  -16.670  62.287 0.5000000000
84434  -41.142  -13.058  62.544 1.0000000000
36349  -42.583  -12.905  62.671 1.0000000000
37151  -46.350  -12.078  61.834 1.0000000000
37133  -46.587  -12.376  62.817 1.0000000000
86764  -32.624  -17.164  61.722 0.2500000000
88032  -39.763  -12.341  61.535 1.0000000000
37145  -40.627  -12.623  61.784 1.0000000000
91973  -41.278  -12.838  61.975 1.0000000000
37128  -41.927  -12.808  62.132 1.0000000000
37166  -46.068  -12.269  60.887 1.0000000000
37150  -45.345  -12.473  61.610 1.0000000000
81518  -33.178  -17.111  61.351 0.1250000000
34026  -33.224  -16.242  61.077 0.1250000000
88368  -40.910  -12.212  61.012 1.0000000000
37146  -41.427  -12.569  61.471 1.0000000000
78952  -45.813  -12.506  60.047 1.0000000000
89940  -34.700  -15.770  59.885 0.2500000000
34805  -35.437  -15.001  59.359 0.1250000000
34806  -36.337  -14.865  59.201 0.1250000000
37161  -40.162  -12.184  60.877 1.0000000000
37162  -41.535  -12.302  60.690 1.0000000000
37200  -45.233  -12.056  58.043 0.8750000000
37184  -45.231  -12.445  59.322 1.0000000000
82316  -40.695  -12.116  60.051 1.0000000000
78490  -44.130  -12.252  57.886 0.7500000000
36383  -36.917  -13.152  58.711 0.6250000000
37192  -37.801  -12.870  58.517 0.7500000000
37193  -38.630  -12.623  58.277 0.6250000000
37194  -39.439  -12.358  58.107 0.7500000000
37179  -39.993  -12.067  58.965 0.7500000000
37212  -44.522  -11.994  57.060 0.7500000000
37218  -43.315  -12.648  55.654 0.7500000000
32347  -27.157  -18.134  72.512 0.6250000000
36241  -39.439  -12.830  70.275 0.5000000000
36248  -39.427  -12.750  69.375 0.6250000000
36246  -37.829  -13.325  69.304 0.6250000000
32373  -27.223  -18.176  70.882 0.8750000000
36258  -38.581  -13.005  68.714 0.6250000000
36257  -37.611  -13.316  68.413 0.7500000000
33146  -27.582  -17.521  70.650 0.8750000000
36259  -39.476  -12.829  68.521 0.6250000000
36270  -38.249  -13.039  67.788 0.7500000000
93104  -27.900  -17.327  69.140 0.8750000000
36271  -39.173  -13.021  67.867 0.7500000000
77754  -38.856  -12.860  67.081 0.7500000000
33161  -28.549  -16.611  68.175 0.7500000000
36283  -39.411  -12.943  66.311 0.8750000000
37931  -47.009  -11.148  67.062 0.3750000000
33179  -29.127  -17.112  66.548 0.7500000000
36297  -39.788  -13.130  65.525 0.8750000000
36313  -39.319  -13.051  64.812 0.8750000000
37935  -46.909  -11.484  66.441 0.3750000000
33180  -29.743  -16.712  66.156 0.7500000000
33965  -30.381  -16.291  65.804 0.7500000000
36314  -40.255  -13.360  64.771 1.0000000000
37937  -46.522  -11.394  64.979 0.3750000000
36315  -41.225  -13.635  64.347 1.0000000000
33980  -30.997  -16.031  64.525 0.6250000000
36333  -40.483  -13.277  63.823 1.0000000000
77449  -46.818  -11.808  64.085 0.8750000000
33992  -31.122  -16.361  63.654 0.6250000000
33993  -31.609  -15.899  63.107 0.6250000000
77857  -39.901  -12.962  63.174 1.0000000000
37112  -40.631  -13.179  63.093 1.0000000000
36334  -41.233  -13.321  63.434 1.0000000000
34748  -32.038  -15.049  63.532 0.6250000000
37126  -39.799  -12.598  62.300 1.0000000000
37127  -40.420  -12.910  62.576 1.0000000000
37955  -47.481  -11.465  61.574 1.0000000000
34760  -32.275  -15.435  62.462 0.5000000000
77752  -38.935  -12.323  61.817 1.0000000000
80442  -46.718  -11.682  61.038 1.0000000000
34771  -32.840  -15.400  61.589 0.5000000000
37144  -39.264  -12.189  60.817 1.0000000000
37185  -46.222  -12.278  59.214 1.0000000000
34044  -33.797  -16.143  60.590 0.2500000000
34785  -34.084  -15.410  60.230 0.3750000000
34786  -34.688  -14.996  59.619 0.2500000000
83677  -39.646  -12.121  59.923 0.8750000000
37201  -46.100  -11.889  58.555 0.8750000000
35522  -36.258  -13.798  58.993 0.6250000000
37213  -45.229  -11.644  57.397 0.8750000000
37178  -39.055  -12.135  58.940 0.7500000000
37219  -43.938  -11.998  55.861 0.7500000000
32338  -27.146  -18.058  73.364 0.6250000000
33140  -27.480  -17.665  71.334 0.6250000000
34705  -34.135  -15.239  68.932 0.8750000000
34712  -34.295  -14.899  68.061 1.0000000000
35447  -35.324  -14.628  68.129 1.0000000000
35448  -36.217  -14.245  68.596 0.8750000000
36256  -36.770  -13.696  68.094 0.8750000000
34718  -32.935  -15.387  67.979 1.0000000000
35453  -36.000  -14.079  67.734 0.8750000000
36269  -37.394  -13.302  67.542 0.7500000000
89270  -35.381  -14.255  67.408 0.8750000000
36268  -36.548  -13.632  67.239 0.8750000000
79796  -29.624  -15.943  67.737 1.0000000000
35451  -33.440  -15.120  67.479 1.0000000000
35458  -33.642  -14.835  66.676 1.0000000000
89311  -34.767  -14.541  67.401 1.0000000000
85338  -37.148  -13.286  66.681 0.8750000000
36282  -38.469  -12.841  66.315 0.8750000000
80758  -46.727  -10.585  68.481 0.2500000000
35457  -32.993  -15.135  66.704 1.0000000000
36266  -35.067  -14.166  66.799 1.0000000000
36267  -35.758  -13.846  66.976 0.8750000000
36280  -36.280  -13.471  66.379 0.8750000000
36281  -37.701  -12.999  66.250 0.8750000000
38686  -47.089  -10.829  66.442 0.2500000000
33960  -29.542  -16.308  66.952 0.6250000000
90153  -30.250  -16.064  66.638 0.8750000000
36295  -36.976  -13.087  65.723 0.8750000000
36296  -37.981  -12.921  65.576 0.8750000000
89720  -38.920  -12.895  65.574 0.8750000000
33966  -30.936  -15.692  66.326 0.8750000000
38693  -46.787  -10.770  64.390 0.3750000000
38689  -46.618  -10.494  65.101 0.3750000000
33971  -30.945  -15.806  65.432 0.7500000000
34726  -31.462  -15.278  65.010 0.7500000000
36312  -38.424  -12.892  64.833 1.0000000000
37101  -38.872  -12.870  64.134 1.0000000000
36332  -39.662  -13.113  64.041 1.0000000000
34735  -32.009  -14.867  64.539 0.7500000000
37100  -38.057  -12.701  64.082 1.0000000000
82317  -47.691  -11.506  62.721 1.0000000000
85298  -47.298  -11.245  63.434 0.8750000000
34734  -31.480  -15.513  64.058 0.6250000000
37111  -38.554  -12.677  63.425 1.0000000000
37948  -48.045  -11.189  62.136 1.0000000000
37940  -47.842  -10.730  62.647 0.8750000000
86294  -32.758  -14.633  63.053 0.7500000000
37125  -38.280  -12.502  62.595 1.0000000000
78762  -39.124  -12.609  62.827 1.0000000000
38709  -48.072  -10.595  61.610 1.0000000000
35491  -33.271  -14.350  62.465 0.6250000000
78196  -37.918  -12.310  61.687 1.0000000000
37954  -47.438  -10.886  60.685 1.0000000000
35498  -32.791  -14.792  62.187 0.5000000000
35510  -33.674  -14.668  60.720 0.7500000000
37143  -38.349  -12.148  60.804 1.0000000000
86181  -47.450  -10.597  59.361 1.0000000000
37961  -46.860  -11.891  59.971 1.0000000000
34772  -33.397  -15.389  60.877 0.5000000000
35500  -33.844  -13.909  61.068 0.5000000000
35511  -34.243  -14.312  60.195 0.5000000000
37159  -37.823  -12.207  59.863 0.7500000000
38735  -46.217  -10.647  57.905 0.8750000000
37975  -46.560  -11.325  58.289 0.8750000000
37968  -47.000  -11.623  58.833 1.0000000000
34804  -35.097  -14.302  59.456 0.5000000000
36381  -35.578  -13.472  59.481 0.6250000000
36370  -36.078  -12.686  59.835 0.7500000000
37158  -36.988  -12.427  59.889 0.7500000000
37160  -38.705  -12.113  59.869 0.8750000000
36382  -36.276  -13.100  59.166 0.7500000000
37176  -37.325  -12.521  59.059 0.7500000000
37177  -38.191  -12.343  59.025 0.7500000000
33134  -27.564  -17.550  72.063 0.6250000000
33141  -27.993  -16.897  71.402 0.7500000000
33147  -28.033  -16.813  70.309 0.8750000000
33946  -28.601  -16.233  69.926 0.8750000000
33950  -28.719  -16.341  68.975 1.0000000000
33153  -28.150  -16.855  69.425 0.8750000000
90734  -29.422  -15.887  68.942 1.0000000000
77415  -29.937  -15.759  68.549 1.0000000000
77841  -32.264  -15.457  68.078 1.0000000000
34711  -33.506  -15.243  68.408 1.0000000000
33957  -31.427  -15.571  68.141 1.0000000000
33956  -30.517  -15.742  68.031 1.0000000000
92085  -31.801  -15.451  67.507 1.0000000000
34717  -32.503  -15.325  67.255 1.0000000000
91640  -30.159  -15.899  67.340 1.0000000000
33961  -30.971  -15.646  67.276 1.0000000000
34716  -31.663  -15.352  66.775 1.0000000000
35459  -34.364  -14.492  66.707 1.0000000000
36278  -34.674  -14.176  66.028 1.0000000000
34720  -31.520  -15.241  65.908 0.8750000000
34721  -32.254  -15.091  66.324 1.0000000000
35464  -33.875  -14.506  65.976 1.0000000000
36294  -35.939  -13.369  65.401 1.0000000000
81255  -36.573  -13.035  64.922 1.0000000000
35463  -32.987  -14.817  65.915 1.0000000000
86383  -33.420  -14.520  65.343 1.0000000000
36293  -35.048  -13.793  65.329 1.0000000000
36310  -35.927  -13.074  64.501 1.0000000000
36311  -37.417  -12.838  64.763 1.0000000000
81251  -46.599  -8.893  63.981 0.5000000000
91605  -46.628  -9.052  64.748 0.5000000000
39433  -46.699  -9.706  64.429 0.3750000000
34727  -32.097  -14.878  65.464 1.0000000000
35467  -32.723  -14.641  65.005 1.0000000000
36308  -34.673  -13.769  64.434 1.0000000000
90310  -35.378  -13.449  64.738 1.0000000000
37099  -36.640  -12.791  64.183 1.0000000000
90185  -37.322  -12.679  63.925 1.0000000000
39440  -46.889  -9.379  63.378 0.6250000000
38697  -47.208  -10.229  63.468 0.7500000000
35468  -33.415  -14.428  64.631 1.0000000000
36307  -34.010  -14.188  64.372 1.0000000000
36309  -35.277  -13.252  64.013 1.0000000000
36331  -35.911  -12.822  63.660 1.0000000000
39441  -47.874  -9.827  62.439 0.8750000000
35478  -32.704  -14.635  64.084 1.0000000000
35479  -33.489  -14.346  63.732 1.0000000000
36328  -34.176  -14.025  63.826 1.0000000000
36329  -34.642  -13.613  63.511 1.0000000000
37109  -36.763  -12.610  63.229 1.0000000000
37110  -37.730  -12.609  63.295 1.0000000000
39452  -47.520  -9.320  61.736 1.0000000000
39453  -48.209  -9.950  61.794 1.0000000000
38704  -48.227  -10.426  62.061 1.0000000000
91691  -33.333  -14.341  63.059 1.0000000000
36345  -33.919  -14.052  63.029 1.0000000000
36346  -34.490  -13.469  62.584 1.0000000000
37108  -35.869  -12.709  62.719 1.0000000000
37123  -36.535  -12.516  62.223 1.0000000000
37124  -37.384  -12.475  62.452 1.0000000000
39460  -47.116  -9.345  60.721 1.0000000000
38708  -47.749  -9.892  61.040 1.0000000000
36358  -33.762  -13.840  62.013 0.8750000000
36359  -34.380  -13.314  61.593 1.0000000000
37122  -35.763  -12.636  61.772 1.0000000000
82991  -47.131  -9.755  58.682 1.0000000000
78186  -47.150  -9.492  59.656 1.0000000000
38716  -47.471  -9.953  60.244 1.0000000000
35499  -33.301  -14.575  61.528 0.7500000000
36360  -35.018  -12.805  61.184 0.7500000000
90782  -36.353  -12.481  61.447 0.8750000000
79305  -46.261  -9.425  58.343 1.0000000000
36368  -34.506  -13.399  60.662 0.6250000000
37140  -35.784  -12.592  60.848 0.7500000000
37141  -36.618  -12.428  60.734 0.7500000000
90467  -45.949  -9.835  57.841 1.0000000000
38730  -47.065  -10.658  58.425 1.0000000000
36380  -34.807  -13.737  59.870 0.5000000000
36369  -35.217  -12.978  60.267 0.7500000000
33951  -29.326  -15.859  69.620 1.0000000000
39439  -46.429  -8.596  63.084 0.6250000000
40164  -46.556  -8.863  61.267 1.0000000000
39447  -47.042  -9.115  62.590 0.8750000000
40174  -46.384  -8.762  60.352 1.0000000000
87813  -45.096  -8.748  59.443 1.0000000000
39467  -46.334  -8.992  59.197 1.0000000000
40156  -46.034  -8.600  62.204 0.7500000000
40866  -45.756  -8.189  62.753 0.6250000000
40163  -45.765  -8.321  61.267 1.0000000000
84859  -45.534  -8.026  62.048 0.7500000000
40173  -45.537  -8.286  60.714 1.0000000000
40162  -45.363  -7.945  60.986 1.0000000000
40181  -44.415  -8.396  59.871 1.0000000000
40867  -46.153  -7.580  63.265 0.6250000000
40883  -45.763  -7.361  62.350 0.6250000000
40897  -45.486  -7.502  61.404 0.8750000000
40172  -44.776  -8.058  60.585 1.0000000000
40171  -43.950  -7.927  60.036 1.0000000000
41641  -46.309  -6.890  62.935 0.3750000000
40896  -45.120  -7.492  60.823 0.8750000000
40905  -44.405  -7.406  60.429 1.0000000000
40911  -43.266  -7.832  59.468 1.0000000000
81601  -46.458  -6.467  62.377 0.5000000000
41657  -45.921  -6.584  61.515 0.6250000000
41642  -47.415  -5.881  62.526 0.3750000000
91612  -45.488  -6.966  60.975 0.7500000000
41671  -44.986  -6.800  60.582 0.8750000000
41673  -46.215  -5.805  60.972 0.6250000000
42437  -46.716  -5.853  61.782 0.6250000000
41672  -45.640  -6.325  60.715 0.6250000000
40912  -43.765  -7.291  59.842 1.0000000000
42457  -45.058  -5.923  60.112 0.6250000000
41687  -43.804  -6.617  59.509 0.7500000000
41686  -43.109  -7.085  59.203 1.0000000000
41693  -42.879  -6.463  58.494 1.0000000000
41694  -43.607  -6.166  58.918 0.8750000000
42458  -45.880  -5.736  60.335 0.6250000000
42476  -45.742  -5.198  59.830 0.6250000000
42475  -44.304  -5.959  59.428 0.6250000000
42491  -43.428  -5.700  58.219 0.8750000000
41700  -42.749  -5.934  57.735 0.8750000000
42493  -44.919  -5.131  59.229 0.6250000000
43225  -45.650  -4.463  59.269 0.3750000000
42501  -43.905  -5.064  57.921 0.8750000000
43242  -44.557  -4.747  58.345 0.7500000000
42500  -43.266  -5.317  57.627 0.8750000000
43258  -44.924  -4.027  58.051 0.8750000000
43257  -44.240  -4.350  57.639 0.8750000000
43268  -43.840  -3.924  56.963 0.8750000000
43954  -46.232  -3.863  59.348 0.5000000000
43968  -45.607  -3.690  58.633 0.6250000000
43969  -46.290  -3.168  58.894 0.6250000000
82294  -49.776  -0.560  59.924 0.1250000000
43985  -45.252  -3.247  57.802 0.6250000000
44537  -45.900  -2.860  58.205 0.6250000000
43984  -44.577  -3.584  57.368 0.8750000000
44552  -45.588  -2.521  57.471 0.7500000000
44553  -46.337  -2.215  57.718 0.3750000000
44554  -47.179  -1.888  58.004 0.2500000000
45058  -48.010  -1.337  58.023 0.2500000000
44551  -44.895  -2.811  57.119 1.0000000000
91805  -45.960  -1.932  57.095 0.7500000000
45061  -46.720  -1.507  57.088 0.3750000000
84946  -47.518  -1.297  57.387 0.2500000000
43995  -43.454  -3.464  56.130 0.8750000000
43996  -44.249  -3.170  56.675 1.0000000000
44560  -44.628  -2.469  56.410 0.8750000000
44566  -45.055  -1.856  55.988 0.8750000000
45060  -45.985  -1.552  56.293 0.7500000000
44565  -44.341  -2.243  55.691 0.8750000000
45065  -44.772  -1.749  55.213 0.8750000000
45066  -45.589  -1.429  55.424 0.8750000000
44570  -44.023  -2.170  54.940 0.8750000000
44587  -42.741  -2.741  52.370 0.8750000000
45634  -50.384  -0.015  60.285 0.1250000000
80484  -50.884  0.411  59.839 0.1250000000
80760  -49.747  -0.366  59.235 0.1250000000
45661  -48.765  -0.785  57.772 0.2500000000
45653  -49.410  -0.462  58.469 0.1250000000
45063  -48.194  -0.936  57.147 0.2500000000
45062  -47.517  -1.031  56.621 0.2500000000
79821  -46.847  -1.146  56.206 0.5000000000
90551  -45.990  -1.177  54.871 0.8750000000
45067  -46.537  -1.094  55.387 0.6250000000
45076  -45.354  -1.409  54.673 0.8750000000
45084  -45.347  -1.514  53.850 0.8750000000
44578  -43.849  -2.372  53.967 1.0000000000
45075  -44.657  -1.864  54.377 0.8750000000
45083  -44.671  -1.994  53.506 0.8750000000
80164  -44.107  -2.312  53.071 0.8750000000
46312  -51.436  0.572  60.619 0.1250000000
92431  -50.293  -0.015  59.520 0.1250000000
45069  -48.345  -0.839  56.263 0.2500000000
45068  -47.622  -0.927  55.586 0.5000000000
82446  -47.262  -0.889  54.650 0.5000000000
92027  -46.511  -0.987  54.622 0.8750000000
45077  -45.984  -1.129  54.227 0.8750000000
80575  -46.061  -1.120  53.427 0.8750000000
79942  -46.757  -0.907  53.957 0.8750000000
45094  -45.358  -1.622  52.911 1.0000000000
44589  -44.689  -2.061  52.845 0.8750000000
44596  -44.902  -1.932  52.238 0.8750000000
44601  -45.045  -1.776  51.486 1.0000000000
93430  -44.344  -2.216  52.471 0.8750000000
44588  -43.697  -2.423  52.424 0.8750000000
45654  -50.268  0.001  58.762 0.1250000000
45662  -49.475  -0.445  57.580 0.1250000000
45098  -45.636  -1.573  52.007 1.0000000000
76853  -45.770  -1.461  51.241 1.0000000000
45663  -50.277  -0.073  57.855 0.1250000000
45666  -49.074  -0.660  56.848 0.2500000000
80103  -49.063  -0.721  56.016 0.2500000000
45078  -48.211  -0.919  54.667 0.5000000000
45671  -48.638  -0.860  55.421 0.3750000000
45085  -46.893  -0.833  53.122 0.8750000000
45095  -46.212  -1.158  52.562 0.8750000000
89079  -45.211  -1.591  50.858 0.8750000000
83690  -45.754  -1.315  50.510 1.0000000000
78485  -49.938  -0.306  57.004 0.1250000000
45667  -49.775  -0.555  56.193 0.2500000000
82545  -49.076  -0.910  54.678 0.3750000000
45672  -49.505  -0.763  55.406 0.3750000000
45679  -47.841  -0.864  53.694 0.6250000000
45680  -48.690  -0.919  54.053 0.5000000000
89251  -47.596  -0.805  52.851 0.6250000000
45691  -48.808  -0.890  53.335 0.3750000000
45690  -48.242  -0.849  52.912 0.7500000000
45099  -46.411  -1.176  51.716 0.8750000000
45096  -47.038  -0.849  52.297 0.8750000000
45702  -47.913  -0.734  52.215 0.7500000000
45703  -48.913  -0.758  52.377 0.7500000000
45709  -48.400  -0.637  51.438 0.7500000000
45104  -46.484  -1.135  50.894 0.8750000000
45708  -47.344  -0.848  51.373 0.7500000000
45710  -49.375  -0.632  51.381 0.7500000000
45105  -47.237  -0.771  50.355 0.7500000000
45100  -47.998  -0.660  50.752 0.7500000000
45103  -44.998  -1.491  50.214 0.8750000000
77063  -46.362  -1.017  50.176 1.0000000000
45110  -46.657  -0.654  49.471 0.8750000000
89065  -49.420  -0.843  53.917 0.3750000000
45681  -49.944  -0.728  54.669 0.3750000000
45692  -49.646  -0.786  53.039 0.6250000000
45704  -49.878  -0.699  52.125 0.5000000000
45715  -48.883  -0.625  50.461 0.6250000000
45714  -48.126  -0.620  50.132 0.7500000000
45721  -47.735  -0.425  49.632 0.7500000000
45722  -48.706  -0.497  49.591 0.7500000000
45716  -49.846  -0.622  50.536 0.6250000000
45723  -49.548  -0.539  49.670 0.6250000000
45727  -46.402  -0.316  48.613 0.8750000000
45729  -48.334  -0.055  49.111 0.8750000000
45728  -47.328  -0.055  48.982 0.7500000000
46381  -50.845  -0.034  50.355 0.3750000000
45724  -50.268  -0.412  49.937 0.5000000000
46386  -49.257  -0.247  49.020 0.7500000000
86509  -48.885  0.288  48.735 0.8750000000
45733  -45.998  0.082  47.957 0.8750000000
46389  -46.857  0.411  48.349 0.8750000000
46390  -47.936  0.679  48.624 0.6250000000
46396  -47.209  1.174  47.966 0.7500000000
46972  -46.633  1.575  47.283 0.8750000000
48255  -49.371  3.572  46.852 0.8750000000
48251  -49.831  3.877  47.428 0.7500000000
48823  -50.643  4.279  46.783 0.6250000000
80378  -51.150  4.857  47.202 0.6250000000
78771  -49.980  -0.208  49.181 0.5000000000
46387  -50.571  0.123  49.623 0.5000000000
46959  -51.129  0.653  50.122 0.2500000000
46391  -49.588  0.451  48.743 0.5000000000
90514  -50.231  0.398  49.098 0.5000000000
46974  -48.056  1.520  48.112 0.7500000000
46961  -48.820  1.078  48.477 0.7500000000
89648  -48.077  2.133  47.698 0.7500000000
46973  -47.442  1.872  47.530 0.7500000000
47672  -48.380  2.717  47.516 0.7500000000
47673  -49.046  2.828  47.888 0.7500000000
48241  -49.545  3.305  48.090 0.7500000000
47671  -47.692  2.521  47.158 0.7500000000
48242  -49.959  3.940  48.420 0.6250000000
48254  -48.117  3.126  46.730 0.8750000000
48250  -49.304  3.403  47.520 0.7500000000
48820  -50.339  4.540  47.904 0.5000000000
48813  -50.862  5.223  48.441 0.6250000000
90436  -50.706  0.916  49.506 0.3750000000
83692  -51.291  1.464  50.001 0.2500000000
46963  -50.147  1.168  48.929 0.6250000000
46958  -50.713  1.809  49.423 0.1250000000
46962  -49.461  1.610  48.500 0.7500000000
47663  -50.085  2.132  48.829 0.2500000000
46975  -48.714  2.036  48.107 0.7500000000
92606  -49.187  2.239  48.262 0.7500000000
47662  -49.524  2.498  48.367 0.6250000000
82352  -50.003  3.080  48.689 0.6250000000
48236  -50.369  3.854  49.152 0.5000000000
48806  -50.826  4.488  49.386 0.2500000000
48812  -50.384  4.611  48.861 0.5000000000
49379  -51.299  5.605  49.180 0.2500000000
47659  -51.397  2.309  49.930 0.1250000000
47658  -50.647  2.889  49.404 0.1250000000
91125  -51.410  3.062  49.882 0.1250000000
47654  -52.166  2.827  50.434 0.1250000000
48237  -51.001  3.731  49.625 0.2500000000
48231  -51.790  3.640  50.060 0.1250000000
48803  -53.004  4.382  50.727 0.1250000000
48807  -51.414  4.284  49.792 0.2500000000
48802  -52.084  4.399  50.244 0.1250000000
49367  -51.492  5.071  49.684 0.2500000000
49368  -52.484  5.330  50.373 0.1250000000
49920  -53.836  6.492  50.757 0.1250000000
49372  -50.837  5.070  49.177 0.2500000000
50511  -53.048  6.914  50.195 0.1250000000
50512  -53.853  7.289  50.547 0.1250000000
27256  -24.656  -26.108  72.407 0.3750000000
28558  -25.644  -23.846  72.567 0.6250000000
82425  -26.861  -23.625  74.862 0.5000000000
86403  -27.124  -22.905  75.339 0.5000000000
76948  -25.671  -20.967  74.216 0.6250000000
30795  -25.641  -19.905  73.111 0.6250000000
31611  -26.039  -19.203  73.479 0.6250000000
77300  -26.387  -19.659  70.952 0.7500000000
36253  -44.642  -12.828  69.201 0.3750000000
92918  -43.304  -13.641  68.469 0.6250000000
36264  -45.100  -12.976  68.857 0.3750000000
36287  -43.588  -14.342  66.565 0.8750000000
36303  -45.374  -13.312  65.671 0.7500000000
36336  -43.606  -13.435  63.627 1.0000000000
37114  -45.850  -12.758  63.259 1.0000000000
37131  -44.597  -12.846  62.164 1.0000000000
37130  -43.810  -12.940  62.282 1.0000000000
90852  -44.616  -12.637  61.407 1.0000000000
37164  -44.181  -12.562  60.828 1.0000000000
89592  -35.165  -15.590  59.638 0.1250000000
34787  -35.899  -15.681  59.676 0.1250000000
37181  -42.376  -12.395  59.507 1.0000000000
37183  -44.169  -12.461  59.121 1.0000000000
37197  -42.398  -12.286  58.401 1.0000000000
37196  -41.282  -12.368  57.863 0.8750000000
37211  -43.413  -12.312  56.572 0.8750000000
35535  -38.287  -14.268  58.066 0.5000000000
32329  -26.669  -18.390  74.556 0.2500000000
33152  -27.666  -17.589  69.758 0.8750000000
33169  -28.283  -17.248  67.726 0.7500000000
33178  -28.549  -17.561  66.927 0.7500000000
33196  -30.005  -17.075  65.331 0.7500000000
35521  -35.726  -14.286  59.226 0.5000000000
34788  -36.827  -15.757  59.799 0.1250000000
34807  -37.307  -15.207  59.186 0.1250000000
83530  -45.564  -12.231  58.777 1.0000000000
37199  -44.901  -12.315  58.646 1.0000000000
36247  -38.636  -12.870  69.809 0.6250000000
79488  -37.961  -12.928  66.966 0.8750000000
33955  -29.084  -16.051  68.265 1.0000000000
38690  -46.663  -11.227  65.776 0.3750000000
93513  -34.681  -14.340  59.718 0.3750000000
37974  -45.821  -11.468  57.943 0.8750000000
36412  -43.721  -12.857  55.062 0.7500000000
36245  -37.011  -13.702  68.965 0.7500000000
35452  -34.113  -14.761  67.285 1.0000000000
36279  -35.463  -13.810  66.159 0.8750000000
85301  -39.223  -12.835  63.533 1.0000000000
37142  -37.466  -12.264  60.769 1.0000000000
39474  -46.699  -10.016  58.148 1.0000000000
37175  -36.666  -12.729  59.214 0.7500000000
87800  -34.161  -14.199  65.168 1.0000000000
36330  -35.225  -13.141  63.119 1.0000000000
36347  -35.088  -12.947  62.163 1.0000000000
82331  -37.056  -12.389  61.575 1.0000000000
40182  -45.452  -8.487  60.046 1.0000000000
40180  -43.586  -8.336  59.464 1.0000000000
79625  -44.315  -6.644  60.079 0.7500000000
93552  -42.509  -7.234  58.620 1.0000000000
42492  -44.149  -5.453  58.642 0.8750000000
43243  -45.126  -4.398  58.718 0.7500000000
44561  -45.327  -2.162  56.756 0.8750000000
44559  -44.040  -2.775  56.094 0.8750000000
44564  -43.641  -2.735  55.466 1.0000000000
44577  -43.309  -2.581  53.162 0.8750000000
44594  -43.344  -2.424  51.668 0.8750000000
44062  -41.937  -3.291  51.041 0.8750000000
45717  -50.511  -0.450  50.726 0.3750000000
48249  -48.800  3.239  47.232 0.8750000000
49373  -51.892  5.911  49.845 0.2500000000
85431  -52.702  6.228  50.276 0.2500000000
49369  -53.338  5.782  50.656 0.1250000000
31642  -26.947  -19.571  68.898 0.6250000000
79326  -27.226  -18.817  68.865 0.6250000000
82540  -27.124  -19.297  68.249 0.5000000000
31647  -27.226  -19.483  67.469 0.5000000000
32428  -27.555  -18.919  66.894 0.5000000000
32445  -28.574  -19.025  65.661 0.2500000000
32446  -29.235  -18.532  65.226 0.3750000000
37914  -45.325  -11.305  69.403 0.2500000000
31635  -26.995  -19.127  69.607 0.6250000000
32414  -27.443  -18.599  67.922 0.6250000000
32415  -27.927  -18.114  67.288 0.6250000000
32429  -28.178  -18.478  66.464 0.6250000000
32430  -28.902  -18.092  66.108 0.3750000000
33213  -29.773  -17.964  64.853 0.3750000000
33214  -30.211  -17.398  64.462 0.3750000000
92880  -27.365  -18.071  70.237 0.7500000000
32402  -27.865  -17.730  68.069 0.6250000000
93442  -38.730  -13.974  57.610 0.5000000000
36404  -43.258  -13.487  55.403 0.7500000000
36413  -44.433  -13.057  54.664 0.1250000000
37927  -46.788  -10.556  67.792 0.2500000000
38683  -47.116  -10.304  67.250 0.2500000000
35536  -39.384  -14.420  57.356 0.5000000000
89614  -39.962  -13.650  56.853 0.6250000000
36395  -40.714  -13.428  56.589 0.7500000000
37209  -41.190  -12.878  56.656 0.7500000000
36397  -41.901  -13.013  56.014 0.7500000000
79631  -42.521  -13.522  55.677 0.7500000000
37217  -42.700  -12.821  55.821 0.7500000000
37225  -44.204  -12.224  54.974 0.2500000000
88347  -42.525  -12.480  56.534 0.7500000000
37986  -44.376  -11.334  55.602 0.2500000000
37992  -44.543  -11.588  54.794 0.2500000000
33930  -31.020  -15.698  74.358 0.3750000000
33929  -30.142  -16.008  74.193 0.3750000000
33935  -30.573  -15.884  73.472 0.3750000000
33941  -28.544  -16.256  70.836 0.6250000000
33947  -29.267  -15.864  70.523 0.7500000000
85147  -30.104  -15.812  71.102 0.7500000000
33948  -30.055  -15.700  70.192 0.7500000000
39425  -46.998  -10.363  65.826 0.2500000000
37980  -45.523  -11.053  57.239 0.7500000000
36391  -39.102  -13.193  57.504 0.5000000000
37208  -40.484  -12.712  57.084 0.7500000000
37979  -44.798  -11.455  56.627 0.6250000000
37998  -44.983  -11.538  54.384 0.2500000000
33934  -29.659  -16.193  73.339 0.5000000000
33938  -29.492  -16.245  72.384 0.5000000000
33939  -30.283  -16.049  72.663 0.5000000000
34680  -30.930  -15.755  72.852 0.5000000000
33937  -28.676  -16.467  72.036 0.5000000000
33943  -30.119  -16.085  71.887 0.5000000000
34687  -30.858  -15.804  72.096 0.6250000000
90598  -28.585  -16.367  71.451 0.6250000000
33942  -29.245  -16.089  71.480 0.7500000000
93271  -30.508  -15.895  71.605 0.6250000000
93326  -30.713  -15.688  70.658 0.7500000000
34701  -30.847  -15.598  69.932 0.7500000000
33952  -30.088  -15.694  69.358 0.8750000000
34708  -30.947  -15.654  68.961 0.8750000000
39482  -45.541  -10.258  57.255 0.7500000000
79230  -45.579  -9.306  57.897 0.8750000000
37207  -39.809  -12.702  57.413 0.6250000000
88050  -44.574  -10.743  55.718 0.5000000000
38739  -44.535  -10.125  55.834 0.3750000000
38746  -44.487  -10.781  55.096 0.3750000000
34695  -30.910  -15.754  71.317 0.6250000000
34709  -31.967  -15.473  68.882 0.8750000000
39466  -45.420  -9.046  58.586 0.8750000000
39473  -44.483  -9.199  57.834 0.8750000000
91202  -45.333  -9.610  57.299 0.8750000000
81025  -44.041  -9.601  55.953 0.5000000000
34688  -31.654  -15.611  71.725 0.7500000000
34696  -31.625  -15.594  70.685 0.7500000000
91271  -32.174  -15.509  70.160 0.8750000000
34702  -31.684  -15.521  69.719 0.8750000000
40116  -46.836  -8.819  65.210 0.2500000000
40117  -47.882  -8.550  65.718 0.2500000000
40189  -43.251  -8.769  58.831 0.7500000000
39487  -42.083  -9.321  57.316 0.6250000000
40190  -44.301  -8.772  59.088 0.8750000000
39481  -43.435  -9.444  56.810 0.6250000000
35444  -37.322  -13.756  69.708 0.5000000000
34703  -32.580  -15.461  69.610 0.8750000000
40143  -46.356  -8.287  63.597 0.5000000000
40130  -46.650  -8.403  64.588 0.3750000000
40923  -42.028  -7.947  58.062 0.7500000000
40188  -42.468  -8.549  58.564 0.6250000000
40179  -42.927  -8.291  59.143 0.8750000000
40194  -41.212  -8.409  57.271 0.6250000000
40195  -41.841  -8.870  57.756 0.6250000000
40929  -40.906  -7.740  56.632 0.5000000000
40933  -40.755  -8.010  55.658 0.5000000000
40940  -40.871  -7.714  54.063 0.2500000000
34704  -33.379  -15.373  69.232 0.8750000000
34710  -32.785  -15.401  68.705 0.8750000000
40918  -42.623  -7.862  58.960 0.8750000000
41707  -41.267  -6.767  56.739 0.6250000000
40922  -41.453  -7.355  57.349 0.6250000000
41713  -40.934  -6.854  55.943 0.6250000000
41721  -40.671  -7.110  54.869 0.6250000000
35442  -35.640  -14.903  69.180 0.6250000000
35441  -34.868  -15.100  68.710 0.7500000000
85716  -41.969  -6.273  57.195 0.6250000000
42507  -41.577  -5.747  56.351 0.6250000000
83799  -40.890  -5.937  55.357 0.6250000000
78737  -40.623  -6.725  53.902 0.3750000000
79578  -40.596  -6.130  54.506 0.3750000000
93269  -40.559  -5.618  53.741 0.3750000000
41737  -40.783  -6.369  52.952 0.3750000000
41777  -41.488  -6.318  51.121 0.5000000000
42585  -41.292  -5.724  50.630 0.5000000000
42508  -42.629  -5.276  57.020 0.7500000000
42519  -41.565  -4.802  55.519 0.6250000000
42531  -40.867  -5.213  54.652 0.5000000000
92660  -40.635  -5.607  53.060 0.5000000000
43322  -40.726  -4.849  53.053 0.5000000000
42574  -41.179  -5.636  51.602 0.5000000000
43357  -41.301  -4.957  50.098 0.5000000000
43368  -41.546  -5.067  49.255 0.3750000000
42446  -46.856  -5.087  61.182 0.3750000000
42459  -46.292  -5.203  60.407 0.2500000000
89225  -43.494  -4.696  57.300 0.7500000000
91539  -42.220  -4.789  56.313 0.7500000000
43267  -43.059  -4.381  56.573 0.7500000000
43286  -41.330  -4.423  54.689 0.6250000000
43301  -40.883  -4.554  53.941 0.6250000000
42563  -40.857  -5.605  52.477 0.5000000000
83755  -41.026  -4.888  52.162 0.5000000000
43341  -41.272  -4.751  51.227 0.6250000000
45109  -45.666  -1.130  49.653 0.8750000000
44069  -41.963  -3.378  50.218 0.5000000000
90848  -42.166  -3.300  49.585 0.5000000000
45108  -44.726  -1.336  49.437 0.6250000000
45116  -45.816  -0.806  48.908 0.8750000000
44068  -41.644  -4.052  49.564 0.5000000000
44075  -42.200  -3.471  48.876 0.5000000000
44603  -42.666  -2.715  49.328 0.5000000000
44608  -43.121  -2.061  48.763 0.6250000000
45114  -44.395  -1.057  48.674 0.6250000000
45115  -45.159  -0.800  48.614 0.6250000000
45726  -45.570  -0.453  48.304 0.7500000000
43381  -41.943  -4.475  48.534 0.2500000000
44082  -42.308  -3.659  47.961 0.3750000000
44607  -42.591  -2.761  48.326 0.5000000000
44612  -42.868  -1.877  47.744 0.3750000000
45127  -43.469  -0.620  46.697 0.6250000000
45732  -45.121  -0.073  47.678 0.6250000000
43278  -42.479  -4.045  55.851 0.6250000000
43287  -41.970  -3.872  55.050 0.6250000000
44021  -41.588  -3.840  54.195 0.6250000000
44039  -41.214  -3.881  53.241 0.6250000000
83995  -41.262  -4.283  51.983 0.6250000000
83816  -41.517  -3.831  51.518 0.6250000000
44061  -41.504  -4.000  50.593 0.6250000000
44605  -44.139  -1.665  49.981 0.7500000000
92408  -42.446  -2.939  49.977 0.5000000000
92154  -42.924  -2.486  50.149 0.5000000000
44604  -43.374  -2.076  49.644 0.6250000000
45120  -44.290  -0.317  47.311 0.6250000000
45742  -43.460  -0.483  45.832 0.5000000000
45751  -43.254  -0.829  45.050 0.3750000000
86370  -44.444  -0.858  43.773 0.2500000000
83587  -45.145  -0.760  43.526 0.1250000000
44007  -42.853  -3.318  55.284 0.8750000000
44022  -42.455  -3.306  54.458 0.7500000000
44023  -43.272  -2.726  54.679 0.8750000000
45711  -50.543  -0.480  51.920 0.2500000000
80922  -42.118  -3.315  53.630 0.6250000000
44569  -42.916  -2.822  53.866 0.7500000000
79154  -50.185  -0.615  51.313 0.2500000000
44576  -42.584  -2.884  53.179 0.7500000000
92105  -41.061  -4.286  52.587 0.6250000000
44054  -41.941  -3.178  51.916 0.7500000000
44595  -44.238  -2.145  51.750 0.7500000000
44053  -41.437  -3.732  52.351 0.6250000000
44593  -42.552  -2.770  51.418 0.7500000000
81395  -43.744  -2.163  51.123 0.7500000000
44598  -42.467  -2.845  50.613 0.7500000000
44599  -43.088  -2.421  50.902 0.7500000000
46394  -45.486  0.567  47.327 0.7500000000
45752  -43.876  -0.055  45.282 0.5000000000
45743  -44.035  -0.121  46.374 0.6250000000
46406  -45.094  0.911  46.540 0.6250000000
46415  -44.364  0.254  44.545 0.3750000000
45760  -43.878  -0.587  44.315 0.3750000000
45705  -50.453  -0.536  52.733 0.2500000000
86828  -51.030  -0.238  52.397 0.2500000000
88842  -50.688  -0.414  51.325 0.2500000000
46395  -46.327  0.838  47.660 0.7500000000
46405  -44.450  0.480  46.019 0.5000000000
46412  -44.909  1.093  45.646 0.6250000000
46411  -44.458  0.563  45.226 0.3750000000
46987  -44.853  1.006  44.778 0.5000000000
46989  -45.413  1.466  44.153 0.5000000000
46416  -44.945  0.590  44.030 0.3750000000
46998  -48.221  1.600  41.617 0.2500000000
47692  -49.071  2.607  41.272 0.1250000000
47700  -49.787  2.658  40.902 0.1250000000
48290  -50.128  3.254  40.919 0.1250000000
48291  -50.736  3.374  40.607 0.2500000000
48292  -51.401  3.487  40.209 0.1250000000
48852  -51.000  4.136  40.819 0.2500000000
46984  -46.146  1.962  46.573 0.7500000000
46983  -45.440  1.625  46.163 0.7500000000
47675  -45.806  2.239  45.872 0.5000000000
47679  -45.362  1.865  45.206 0.5000000000
46990  -46.000  2.039  43.773 0.5000000000
46422  -46.240  0.925  42.959 0.3750000000
46993  -46.382  1.701  43.037 0.5000000000
46997  -47.491  2.139  42.039 0.3750000000
47691  -48.302  2.483  41.652 0.2500000000
48283  -49.484  3.408  41.428 0.2500000000
48284  -50.344  3.945  41.334 0.2500000000
48849  -51.003  4.511  41.607 0.3750000000
83685  -51.659  5.150  40.765 0.2500000000
46985  -46.935  2.240  46.867 0.7500000000
47676  -46.506  2.530  46.113 0.6250000000
91602  -45.778  2.212  44.534 0.5000000000
47683  -46.371  2.652  44.261 0.5000000000
47686  -46.584  2.477  43.357 0.3750000000
46994  -46.846  2.131  42.631 0.3750000000
47688  -47.233  2.933  42.767 0.3750000000
47689  -47.888  3.054  42.093 0.3750000000
48282  -48.638  3.184  41.770 0.3750000000
48278  -48.471  3.471  42.335 0.3750000000
48279  -49.038  3.638  41.986 0.3750000000
48842  -49.689  3.969  41.986 0.3750000000
48850  -51.759  4.939  41.826 0.3750000000
49406  -52.312  5.466  41.510 0.3750000000
84638  -51.268  4.771  41.036 0.3750000000
49409  -52.212  5.615  40.468 0.3750000000
49960  -53.390  6.552  41.074 0.3750000000
49410  -52.777  6.147  40.259 0.2500000000
49968  -53.396  6.634  39.192 0.2500000000
49969  -53.801  6.954  38.716 0.1250000000
48259  -46.902  3.082  44.770 0.6250000000
47684  -46.992  3.119  43.818 0.6250000000
49947  -55.633  6.324  44.531 0.5000000000
49948  -56.295  6.914  44.253 0.1250000000
50554  -56.814  7.427  44.536 0.1250000000
50555  -57.391  8.077  44.897 0.1250000000
48272  -47.741  3.397  43.473 0.3750000000
48277  -47.904  3.341  42.698 0.3750000000
49951  -54.917  6.270  43.301 0.6250000000
49952  -55.665  6.579  43.768 0.2500000000
50568  -57.460  7.916  44.271 0.1250000000
48836  -49.982  4.049  42.636 0.5000000000
49405  -54.213  6.006  42.924 0.7500000000
49953  -56.269  7.143  43.469 0.2500000000
50567  -56.945  7.395  43.927 0.3750000000
48843  -50.462  4.276  42.156 0.3750000000
49403  -52.643  5.192  42.472 0.5000000000
80914  -52.999  5.644  42.087 0.5000000000
49956  -54.475  6.576  42.455 0.6250000000
49962  -54.702  7.162  41.828 0.7500000000
49957  -55.392  6.990  42.799 0.7500000000
49958  -56.103  7.491  42.719 0.3750000000
49407  -52.836  5.978  41.277 0.3750000000
49961  -54.063  7.145  40.850 0.6250000000
50589  -54.804  7.569  41.150 0.7500000000
49964  -53.333  6.692  40.062 0.2500000000
49965  -53.809  7.229  39.721 0.3750000000
48821  -51.730  5.419  47.562 0.3750000000
49387  -52.337  5.999  47.990 0.2500000000
47677  -47.321  2.766  46.414 0.7500000000
48824  -52.117  4.952  46.525 0.5000000000
49390  -52.641  5.490  46.853 0.3750000000
49940  -53.889  6.289  46.757 0.2500000000
47681  -47.003  2.944  45.635 0.6250000000
49391  -53.521  5.573  46.348 0.2500000000
49392  -54.407  5.693  46.102 0.2500000000
48260  -47.638  3.235  45.252 0.7500000000
76819  -51.547  4.476  46.210 0.7500000000
48825  -53.051  4.984  46.005 0.7500000000
49941  -54.763  6.549  46.507 0.2500000000
50532  -55.420  7.286  46.589 0.1250000000
52621  -59.961  11.667  46.972 0.1250000000
48257  -50.914  4.041  45.818 0.7500000000
48828  -52.450  4.558  45.714 0.7500000000
79454  -53.321  4.624  45.294 0.7500000000
48829  -53.927  5.138  45.711 0.3750000000
49394  -54.634  5.500  45.572 0.6250000000
49944  -55.060  5.892  45.934 0.2500000000
49942  -55.507  6.508  45.995 0.1250000000
93051  -55.974  7.226  46.104 0.1250000000
51941  -58.808  10.402  46.652 0.1250000000
48266  -47.642  3.356  44.391 0.6250000000
48827  -51.783  4.199  45.381 0.7500000000
48830  -54.144  5.017  45.206 0.6250000000
91036  -54.700  5.435  45.142 0.5000000000
49945  -55.363  6.054  45.335 0.2500000000
78291  -56.012  6.926  45.530 0.1250000000
50542  -56.663  7.545  45.168 0.1250000000
51250  -57.273  8.306  45.607 0.1250000000
51236  -58.015  9.024  46.234 0.1250000000
51952  -58.657  9.666  45.878 0.1250000000
51953  -59.336  10.183  45.699 0.1250000000
48267  -48.514  3.592  44.119 0.3750000000
48832  -51.939  4.157  44.508 0.7500000000
82940  -52.555  4.318  45.126 0.7500000000
48833  -52.922  4.402  44.654 0.7500000000
49946  -56.132  6.819  44.899 0.2500000000
51252  -58.786  9.417  45.168 0.1250000000
52630  -60.217  11.136  46.283 0.1250000000
48273  -48.461  3.588  43.120 0.3750000000
78896  -49.108  3.740  43.533 0.5000000000
48274  -49.206  3.809  42.686 0.5000000000
48840  -53.199  4.633  44.124 0.7500000000
49395  -53.755  4.967  43.930 0.7500000000
49399  -54.464  5.577  43.770 0.6250000000
49400  -55.189  6.014  44.013 0.3750000000
51261  -58.083  8.611  44.663 0.1250000000
48837  -50.700  4.183  43.032 0.5000000000
48838  -51.599  4.322  43.487 0.5000000000
48839  -52.484  4.491  43.871 0.7500000000
48846  -52.981  4.907  43.390 0.7500000000
50579  -56.897  7.689  43.123 0.3750000000
50580  -57.430  7.866  43.728 0.3750000000
48844  -51.282  4.530  42.493 0.5000000000
48845  -52.125  4.779  42.943 0.5000000000
49404  -53.538  5.471  42.976 0.7500000000
50591  -56.356  8.026  42.238 0.5000000000
50594  -55.234  8.053  40.840 0.6250000000
50593  -54.517  7.682  40.289 0.7500000000
50590  -55.501  7.686  41.869 0.6250000000
50597  -54.267  7.710  39.263 0.3750000000
50600  -54.280  7.465  38.252 0.2500000000
49386  -51.553  5.722  48.481 0.3750000000
48256  -50.064  3.856  46.366 0.6250000000
48253  -47.693  3.109  45.984 0.7500000000
48261  -48.419  3.369  45.799 0.7500000000
78208  -48.250  3.425  44.929 0.7500000000
77632  -49.022  3.572  45.078 0.7500000000
48262  -49.322  3.578  45.994 0.7500000000
48263  -50.083  3.722  45.284 0.7500000000
48268  -49.509  3.682  44.310 0.7500000000
48269  -50.362  3.744  44.378 0.7500000000
48264  -51.066  3.834  44.866 0.7500000000
51262  -58.915  9.236  44.468 0.1250000000
92561  -60.577  10.486  45.120 0.1250000000
86671  -60.844  11.009  45.687 0.1250000000
48275  -49.983  3.888  43.508 0.5000000000
48270  -50.995  3.849  43.979 0.6250000000
51270  -58.036  8.353  44.012 0.1250000000
51966  -59.171  9.538  43.893 0.1250000000
85916  -59.949  10.071  44.647 0.1250000000
51278  -57.020  8.257  42.490 0.3750000000
51279  -57.638  8.326  43.146 0.3750000000
50598  -54.989  8.197  39.835 0.5000000000
50601  -54.708  8.030  37.863 0.2500000000
83607  -54.732  8.206  38.823 0.5000000000
51314  -55.467  8.805  39.277 0.5000000000
39424  -46.704  -9.629  65.173 0.2500000000
41692  -42.269  -6.833  57.897 0.6250000000
44600  -44.427  -1.828  50.844 0.7500000000
85810  -48.814  3.393  46.533 0.7500000000
44040  -41.942  -3.225  52.789 0.7500000000
33230  -30.510  -17.849  63.612 0.2500000000
35546  -40.806  -14.413  56.627 0.6250000000
37987  -44.878  -10.686  56.444 0.5000000000
89947  -45.008  -10.006  56.702 0.6250000000
80454  -46.944  -7.947  65.180 0.2500000000
39472  -42.723  -9.176  58.040 0.6250000000
35443  -36.588  -14.375  69.570 0.5000000000
40200  -40.906  -8.707  56.413 0.5000000000
40201  -41.332  -9.175  57.013 0.6250000000
86897  -40.787  -8.144  54.816 0.2500000000
41760  -41.515  -7.065  52.376 0.2500000000
41738  -41.119  -7.344  53.196 0.2500000000
42602  -41.478  -5.901  49.650 0.3750000000
45107  -43.853  -1.558  49.162 0.6250000000
77912  -45.194  -1.060  49.038 0.7500000000
89694  -43.525  -1.455  48.430 0.6250000000
45119  -43.637  -0.921  47.744 0.6250000000
45121  -44.694  -0.581  48.087 0.6250000000
44611  -42.420  -2.912  47.332 0.3750000000
44615  -42.503  -2.199  46.648 0.5000000000
81248  -42.872  -1.299  46.819 0.6250000000
89903  -43.605  -2.073  50.446 0.7500000000
45744  -44.701  0.285  46.930 0.6250000000
45146  -44.135  -1.449  43.838 0.2500000000
46407  -45.816  1.277  46.963 0.7500000000
45761  -44.553  -0.162  43.877 0.2500000000
45769  -45.304  0.025  43.505 0.2500000000
46421  -45.590  0.775  43.470 0.3750000000
47000  -48.906  1.705  41.291 0.1250000000
47680  -46.141  2.624  45.219 0.5000000000
49955  -53.589  6.214  42.119 0.6250000000
90731  -54.011  6.778  41.704 0.7500000000
49388  -53.140  6.076  47.201 0.2500000000
50533  -56.561  7.722  45.856 0.1250000000
51942  -59.356  10.606  46.249 0.1250000000
48834  -53.678  4.671  44.670 0.7500000000
49396  -54.329  5.143  44.590 0.7500000000
51251  -58.027  8.802  45.418 0.1250000000
49397  -54.988  5.697  44.599 0.6250000000
51959  -59.871  10.229  45.202 0.1250000000
53294  -60.693  12.423  46.542 0.1250000000
51271  -58.406  8.942  43.547 0.1250000000
23836  -21.379  -30.575  73.656 0.1250000000
24557  -22.028  -29.856  73.980 0.2500000000
24556  -21.414  -29.531  74.204 0.2500000000
91455  -20.578  -29.790  73.809 0.2500000000
23841  -22.557  -30.544  73.256 0.2500000000
25284  -23.484  -29.010  73.084 0.2500000000
23851  -20.211  -30.619  73.252 0.1250000000
25277  -22.048  -28.931  74.688 0.2500000000
25276  -21.348  -28.740  74.593 0.3750000000
24558  -22.378  -29.223  74.122 0.2500000000
80411  -22.903  -28.946  73.740 0.2500000000
24561  -19.801  -29.705  73.235 0.3750000000
25269  -21.854  -28.255  75.198 0.3750000000
25270  -22.383  -28.191  75.206 0.3750000000
24555  -20.799  -29.143  74.190 0.3750000000
25275  -20.588  -28.470  74.239 0.3750000000
25278  -22.631  -28.482  74.719 0.3750000000
24562  -20.177  -29.039  73.716 0.3750000000
25957  -23.271  -28.190  73.724 0.2500000000
25282  -19.604  -28.897  73.004 0.3750000000
25958  -23.905  -27.566  73.122 0.2500000000
25285  -23.952  -28.437  72.876 0.2500000000
25964  -24.990  -27.522  71.968 0.2500000000
26613  -24.401  -27.009  72.509 0.2500000000
25972  -24.863  -26.674  71.817 0.2500000000
27263  -24.890  -25.929  71.796 0.2500000000
27264  -25.269  -25.351  71.408 0.2500000000
27272  -26.190  -25.287  70.559 0.1250000000
28586  -27.620  -23.216  68.428 0.1250000000
25950  -21.051  -28.022  74.839 0.3750000000
25944  -22.286  -27.696  75.771 0.3750000000
25945  -22.926  -27.787  75.512 0.3750000000
25956  -20.379  -27.662  74.269 0.3750000000
25951  -23.092  -27.866  74.775 0.2500000000
26608  -24.105  -26.706  73.535 0.3750000000
85848  -24.460  -26.230  73.144 0.2500000000
90102  -25.707  -25.093  70.849 0.1250000000
27899  -26.143  -24.427  70.569 0.2500000000
28578  -26.846  -23.669  69.584 0.1250000000
28585  -26.995  -23.096  69.049 0.1250000000
29322  -27.117  -22.540  68.542 0.1250000000
29328  -27.574  -22.426  67.808 0.1250000000
25943  -21.454  -27.583  75.439 0.2500000000
85189  -20.744  -27.252  74.983 0.2500000000
93371  -21.695  -27.260  76.006 0.2500000000
25946  -23.458  -27.156  75.058 0.3750000000
26601  -24.035  -26.530  74.536 0.3750000000
27890  -25.652  -24.469  71.267 0.3750000000
28571  -26.367  -23.469  70.238 0.2500000000
84882  -26.614  -23.001  69.639 0.1250000000
29314  -26.623  -22.257  69.219 0.1250000000
30009  -27.375  -21.603  67.349 0.1250000000
29334  -27.847  -22.082  67.123 0.1250000000
29335  -28.401  -22.077  66.785 0.1250000000
30020  -29.223  -21.574  66.044 0.1250000000
30028  -29.614  -20.974  65.524 0.1250000000
30018  -27.832  -21.534  66.684 0.1250000000
30019  -28.482  -21.502  66.275 0.1250000000
30027  -28.748  -20.791  65.725 0.1250000000
30895  -29.400  -20.230  65.167 0.1250000000
27230  -22.488  -25.785  77.120 0.1250000000
27231  -23.467  -25.889  76.988 0.1250000000
27229  -21.633  -25.679  76.664 0.1250000000
26586  -22.132  -26.441  76.779 0.2500000000
26587  -22.874  -26.773  76.831 0.2500000000
26588  -23.542  -26.856  76.471 0.2500000000
27232  -24.294  -25.398  76.775 0.3750000000
36204  -35.921  -13.250  75.307 0.1250000000
37030  -36.424  -12.754  74.883 0.1250000000
36205  -36.628  -13.210  74.778 0.1250000000
26595  -21.596  -26.615  76.280 0.2500000000
26589  -24.046  -26.186  76.435 0.2500000000
27238  -24.552  -25.663  75.880 0.5000000000
90426  -20.963  -25.991  75.869 0.2500000000
25939  -22.974  -27.371  76.273 0.3750000000
26597  -23.988  -26.559  75.679 0.5000000000
27243  -24.667  -25.907  74.973 0.5000000000
26594  -21.103  -26.887  75.654 0.2500000000
26596  -23.429  -27.282  76.008 0.3750000000
28563  -25.664  -23.723  71.731 0.3750000000
29300  -25.776  -22.782  71.493 0.5000000000
28570  -25.932  -23.609  71.003 0.3750000000
29308  -26.312  -22.525  70.111 0.2500000000
30001  -26.928  -21.711  68.279 0.1250000000
30878  -27.366  -20.883  66.867 0.1250000000
31654  -28.180  -20.099  65.956 0.1250000000
31661  -28.721  -19.901  65.508 0.1250000000
32457  -29.709  -18.932  64.332 0.2500000000
27224  -23.780  -24.510  77.413 0.1250000000
37041  -38.227  -12.362  73.527 0.2500000000
36214  -38.817  -12.205  73.066 0.2500000000
27233  -25.098  -24.933  76.385 0.2500000000
35414  -35.272  -13.865  75.526 0.1250000000
36206  -37.153  -12.759  74.414 0.1250000000
36212  -37.794  -12.719  73.922 0.1250000000
36222  -39.145  -12.434  72.896 0.2500000000
82722  -34.712  -14.595  75.011 0.1250000000
93310  -35.397  -14.364  74.873 0.1250000000
35415  -36.062  -13.837  75.054 0.1250000000
35420  -36.683  -13.846  74.495 0.1250000000
35421  -37.322  -13.184  74.333 0.1250000000
36220  -37.970  -13.140  73.874 0.1250000000
88210  -39.274  -13.079  72.136 0.2500000000
36234  -39.753  -12.915  71.527 0.2500000000
27239  -25.353  -25.313  75.362 0.3750000000
35418  -35.064  -14.943  74.321 0.1250000000
35419  -35.861  -14.478  74.370 0.1250000000
35424  -37.302  -13.851  73.942 0.1250000000
35425  -37.824  -13.821  73.283 0.2500000000
36221  -38.528  -13.066  73.230 0.2500000000
36229  -40.112  -12.445  72.249 0.2500000000
36235  -40.523  -12.684  71.409 0.2500000000
35423  -36.444  -14.492  73.761 0.1250000000
78203  -37.029  -14.472  73.143 0.1250000000
35430  -38.221  -13.755  72.667 0.2500000000
36227  -38.751  -13.339  72.440 0.2500000000
78405  -40.146  -12.968  70.676 0.2500000000
34678  -35.495  -15.113  73.526 0.2500000000
35427  -36.184  -15.021  72.938 0.2500000000
35428  -36.637  -14.837  72.426 0.1250000000
35429  -37.485  -14.404  72.365 0.1250000000
35433  -37.448  -14.324  71.439 0.2500000000
35434  -38.221  -13.974  71.987 0.2500000000
36233  -38.939  -13.336  71.624 0.2500000000
84243  -39.450  -13.012  71.016 0.2500000000
79567  -25.932  -23.113  73.128 0.3750000000
34684  -35.379  -15.311  72.576 0.2500000000
34685  -35.957  -15.089  72.101 0.3750000000
35432  -36.620  -14.878  71.606 0.2500000000
36240  -38.707  -13.054  70.731 0.3750000000
83861  -25.670  -23.151  72.238 0.5000000000
29293  -25.651  -22.397  72.401 0.5000000000
29987  -25.954  -22.079  70.811 0.5000000000
29988  -26.272  -21.492  69.985 0.5000000000
29994  -26.533  -21.400  69.067 0.2500000000
30852  -26.677  -20.831  68.540 0.2500000000
30008  -26.984  -20.908  67.681 0.1250000000
91891  -27.156  -20.287  67.304 0.2500000000
31653  -27.527  -19.968  66.604 0.1250000000
92807  -28.352  -19.552  65.838 0.1250000000
31662  -29.262  -19.436  65.014 0.1250000000
36396  -41.337  -13.773  56.247 0.5000000000
35547  -41.737  -14.861  56.608 0.2500000000
28527  -22.849  -23.273  77.891 0.1250000000
27858  -23.255  -23.578  77.754 0.1250000000
27857  -22.428  -23.743  77.566 0.1250000000
27223  -22.842  -24.642  77.384 0.1250000000
27859  -24.159  -23.820  77.757 0.1250000000
84316  -24.547  -24.645  77.191 0.1250000000
34667  -33.910  -14.854  75.217 0.1250000000
35412  -33.417  -14.293  76.021 0.1250000000
35413  -34.395  -14.125  75.777 0.1250000000
35409  -34.738  -13.530  76.068 0.1250000000
37852  -36.159  -12.277  74.993 0.1250000000
37863  -37.866  -12.023  73.825 0.2500000000
36200  -35.241  -13.201  75.859 0.1250000000
37040  -37.597  -12.384  74.020 0.2500000000
37047  -39.505  -12.052  72.902 0.2500000000
36228  -39.592  -12.274  72.809 0.2500000000
34672  -34.268  -15.221  74.450 0.1250000000
81593  -25.997  -24.731  75.740 0.3750000000
78801  -32.863  -15.442  73.919 0.2500000000
34676  -33.142  -15.539  73.060 0.3750000000
83845  -33.735  -15.468  73.779 0.2500000000
34677  -34.590  -15.381  73.672 0.1250000000
77271  -33.445  -15.533  72.277 0.3750000000
93253  -33.978  -15.500  72.269 0.3750000000
87710  -34.817  -15.424  72.972 0.3750000000
29287  -25.827  -22.174  73.273 0.5000000000
29972  -25.469  -21.515  72.599 0.5000000000
77123  -33.104  -15.561  71.489 0.3750000000
34690  -33.896  -15.512  71.714 0.3750000000
86732  -35.264  -15.328  71.747 0.3750000000
92741  -35.863  -15.185  71.408 0.2500000000
77444  -36.824  -14.704  70.879 0.2500000000
35438  -37.252  -14.125  70.457 0.3750000000
36239  -37.942  -13.322  70.230 0.3750000000
30813  -25.551  -20.861  71.906 0.5000000000
77270  -33.742  -15.514  70.748 0.5000000000
34698  -34.651  -15.395  70.383 0.3750000000
34699  -35.450  -15.210  70.095 0.5000000000
35436  -36.093  -14.900  69.948 0.3750000000
35437  -36.620  -14.744  70.279 0.3750000000
29980  -25.651  -21.770  71.672 0.5000000000
29981  -25.863  -21.116  70.967 0.5000000000
30814  -26.021  -20.242  71.326 0.5000000000
30838  -26.496  -20.698  69.405 0.5000000000
31641  -26.723  -20.222  68.907 0.3750000000
88683  -26.914  -20.082  68.121 0.3750000000
35558  -42.113  -14.082  55.937 0.3750000000
35559  -43.002  -14.284  55.831 0.1250000000
28520  -23.486  -23.327  78.038 0.1250000000
27867  -25.888  -24.359  76.596 0.1250000000
35408  -34.100  -13.599  76.357 0.1250000000
34665  -32.233  -15.136  75.593 0.1250000000
34666  -33.080  -15.044  75.411 0.1250000000
34671  -33.435  -15.310  74.607 0.1250000000
34670  -32.579  -15.339  74.765 0.2500000000
34675  -32.260  -15.526  73.226 0.2500000000
34682  -32.510  -15.546  72.250 0.2500000000
30801  -25.372  -20.664  72.798 0.5000000000
34697  -32.700  -15.541  70.584 0.5000000000
30802  -25.796  -20.050  72.221 0.5000000000
77526  -33.280  -15.483  69.990 0.7500000000
27860  -25.059  -24.201  77.974 0.1250000000
28538  -26.998  -23.674  75.712 0.1250000000
35405  -32.542  -14.299  76.637 0.1250000000
36198  -33.740  -13.123  76.589 0.1250000000
27868  -26.559  -24.224  76.000 0.1250000000
87086  -31.979  -14.948  76.338 0.1250000000
34661  -32.607  -14.748  76.083 0.1250000000
34669  -31.674  -15.426  74.996 0.2500000000
76945  -31.984  -15.487  74.106 0.2500000000
34674  -31.406  -15.612  73.434 0.1250000000
34681  -31.609  -15.605  72.600 0.5000000000
28533  -25.828  -24.015  77.378 0.1250000000
28534  -26.670  -23.674  76.680 0.1250000000
29271  -27.131  -22.863  77.127 0.1250000000
29276  -27.286  -22.953  76.218 0.1250000000
34660  -31.184  -14.978  76.679 0.1250000000
34657  -31.817  -14.629  76.918 0.1250000000
36189  -32.389  -13.852  77.065 0.1250000000
35406  -33.235  -13.699  76.619 0.1250000000
33923  -30.230  -15.956  75.664 0.1250000000
34664  -31.309  -15.291  75.891 0.2500000000
80438  -27.172  -22.176  75.808 0.2500000000
33924  -30.921  -15.713  75.320 0.1250000000
33928  -29.332  -16.223  74.201 0.3750000000
36405  -44.156  -13.733  55.047 0.2500000000
38754  -44.736  -10.859  54.736 0.1250000000
82601  -27.246  -22.168  76.676 0.1250000000
33917  -30.148  -15.817  76.623 0.1250000000
29954  -26.558  -21.386  75.423 0.2500000000
86198  -29.089  -16.310  74.857 0.3750000000
33127  -28.260  -16.955  73.460 0.3750000000
33933  -28.825  -16.498  72.890 0.3750000000
33126  -27.618  -17.503  72.966 0.5000000000
33135  -28.142  -16.986  72.473 0.3750000000
85355  -44.862  -10.158  54.564 0.1250000000
89640  -44.213  -9.664  55.033 0.2500000000
39504  -44.696  -9.334  54.398 0.1250000000
92098  -43.787  -9.145  54.560 0.1250000000
82780  -43.280  -8.864  54.235 0.1250000000
40216  -44.268  -8.674  54.103 0.1250000000
87752  -44.580  -9.641  56.703 0.5000000000
40206  -43.172  -9.403  55.686 0.3750000000
40207  -42.986  -9.241  54.896 0.2500000000
84122  -41.982  -9.364  55.511 0.2500000000
86203  -41.332  -9.228  56.184 0.3750000000
41759  -41.253  -6.351  52.016 0.3750000000
84747  -41.992  -6.513  49.888 0.2500000000
41795  -41.549  -6.257  50.343 0.3750000000
41814  -41.959  -6.265  49.161 0.2500000000
43226  -46.282  -4.575  59.845 0.3750000000
44529  -46.878  -2.806  59.127 0.3750000000
51325  -56.592  8.489  35.705 0.1250000000
50611  -57.113  7.756  35.625 0.1250000000
51326  -57.378  8.193  35.300 0.1250000000
52023  -56.224  9.245  36.323 0.2500000000
89169  -55.075  8.605  38.402 0.3750000000
51317  -55.534  9.109  38.333 0.3750000000
52017  -55.625  9.174  37.464 0.3750000000
52021  -56.308  9.619  37.216 0.3750000000
52025  -56.672  9.326  35.729 0.2500000000
51305  -55.708  8.630  40.387 0.5000000000
51315  -56.264  9.199  39.965 0.5000000000
51318  -56.157  9.381  39.045 0.3750000000
52018  -56.196  9.533  38.178 0.3750000000
52705  -56.785  9.950  36.493 0.2500000000
84717  -56.953  10.056  35.618 0.2500000000
85135  -57.309  10.933  34.555 0.2500000000
52722  -57.616  10.671  33.538 0.2500000000
51292  -55.980  8.344  41.346 0.5000000000
77459  -56.792  9.710  38.848 0.5000000000
52019  -57.017  10.019  38.189 0.5000000000
52701  -56.977  10.143  37.353 0.3750000000
52706  -57.306  10.663  36.945 0.3750000000
52708  -57.202  10.713  36.090 0.3750000000
81570  -57.446  11.390  35.478 0.3750000000
86216  -57.185  10.661  35.326 0.3750000000
53383  -57.450  11.571  33.910 0.3750000000
53390  -57.611  11.350  32.954 0.2500000000
91984  -58.819  11.552  37.213 0.2500000000
53373  -57.638  11.313  36.432 0.3750000000
83844  -57.511  11.747  34.711 0.3750000000
54016  -57.862  12.213  35.153 0.3750000000
27257  -24.949  -25.315  72.270 0.2500000000
29958  -26.716  -22.079  75.000 0.2500000000
33231  -31.115  -17.851  62.892 0.2500000000
34706  -34.806  -15.295  69.490 0.6250000000
43955  -46.673  -3.367  59.438 0.3750000000
44538  -46.612  -2.547  58.458 0.3750000000
31634  -26.692  -19.895  69.593 0.5000000000
35537  -40.223  -14.935  57.106 0.3750000000
37233  -44.689  -12.265  54.479 0.1250000000
84650  -30.452  -15.909  74.900 0.2500000000
83041  -29.774  -16.082  74.912 0.2500000000
86023  -28.895  -16.439  73.637 0.3750000000
34689  -32.328  -15.566  71.353 0.6250000000
39488  -42.041  -9.458  56.480 0.3750000000
77872  -34.007  -15.441  69.784 0.6250000000
41796  -41.986  -6.707  50.717 0.2500000000
42603  -41.949  -5.676  48.589 0.2500000000
31628  -26.688  -19.427  70.324 0.6250000000
80653  -28.000  -19.286  66.212 0.1250000000
88714  -41.066  -8.926  55.323 0.3750000000
25283  -19.856  -28.132  73.532 0.3750000000
25952  -23.517  -27.223  74.045 0.3750000000
81629  -24.495  -27.997  72.477 0.2500000000
26618  -25.270  -26.261  71.290 0.2500000000
26626  -25.704  -25.802  70.850 0.2500000000
25938  -22.264  -27.153  76.448 0.3750000000
26600  -20.614  -26.382  75.034 0.1250000000
29307  -26.060  -22.878  70.733 0.3750000000
29336  -28.969  -22.015  66.504 0.1250000000
29337  -29.707  -22.142  66.695 0.1250000000
30026  -27.947  -20.844  66.241 0.1250000000
27222  -22.008  -24.841  77.234 0.1250000000
36213  -38.405  -12.615  73.446 0.2500000000
37864  -38.609  -12.070  73.287 0.2500000000
37029  -35.705  -12.701  75.442 0.1250000000
37031  -36.928  -12.331  74.534 0.2500000000
91378  -38.849  -12.925  72.803 0.2500000000
36232  -38.026  -13.545  71.128 0.2500000000
34683  -34.557  -15.451  72.204 0.3750000000
34693  -36.135  -15.084  70.717 0.2500000000
30826  -26.329  -20.357  70.358 0.5000000000
78428  -25.117  -24.420  77.252 0.1250000000
36199  -34.534  -13.088  76.303 0.1250000000
37862  -37.418  -11.927  74.227 0.2500000000
78636  -34.033  -15.485  72.886 0.2500000000
34691  -34.565  -15.433  71.293 0.3750000000
34692  -35.321  -15.311  70.937 0.3750000000
91505  -32.260  -14.683  76.509 0.1250000000
28529  -26.500  -23.402  77.671 0.1250000000
33918  -30.758  -15.456  76.433 0.1250000000
33913  -30.511  -15.322  77.100 0.1250000000
84711  -32.008  -14.252  77.185 0.1250000000
36190  -32.746  -13.254  76.904 0.1250000000
90293  -30.702  -15.680  75.981 0.1250000000
37021  -33.121  -12.604  76.675 0.1250000000
38755  -45.284  -10.760  54.252 0.1250000000
33922  -29.370  -16.281  75.657 0.2500000000
91761  -29.799  -16.103  76.130 0.2500000000
40215  -42.103  -9.048  54.645 0.1250000000
85829  -56.992  8.799  35.273 0.1250000000
51321  -55.766  9.110  36.771 0.2500000000
52026  -57.003  9.437  35.065 0.2500000000
51306  -56.472  8.931  40.884 0.5000000000
52715  -57.145  10.156  34.853 0.2500000000
90952  -57.398  10.239  34.173 0.2500000000
52008  -56.935  9.590  39.578 0.5000000000
53363  -58.015  11.247  37.325 0.3750000000
90059  -58.524  11.700  36.665 0.2500000000
35524  -37.790  -14.680  58.589 0.2500000000
34808  -38.555  -15.127  58.575 0.2500000000
34832  -40.636  -15.483  57.742 0.1250000000
34833  -41.079  -15.284  57.152 0.2500000000
85701  -41.827  -15.450  57.442 0.1250000000
35548  -42.717  -14.914  56.459 0.2500000000
39366  -48.148  -9.928  70.250 0.1250000000
40066  -47.812  -9.235  70.953 0.1250000000
91614  -47.598  -10.746  69.490 0.1250000000
38664  -48.158  -10.353  69.373 0.1250000000
39392  -48.359  -9.878  68.695 0.1250000000
40081  -48.595  -9.191  68.427 0.1250000000
38663  -46.783  -10.651  69.092 0.1250000000
38673  -47.784  -10.410  68.846 0.1250000000
39391  -47.974  -9.787  68.331 0.1250000000
40080  -48.357  -9.392  68.357 0.1250000000
39407  -47.377  -9.573  67.529 0.1250000000
38640  -47.239  -10.087  71.144 0.1250000000
40813  -48.506  -8.831  68.009 0.1250000000
37905  -46.789  -11.002  69.855 0.1250000000
40092  -47.766  -9.045  67.815 0.1250000000
40103  -47.646  -9.004  66.770 0.1250000000
39415  -47.283  -9.955  66.545 0.1250000000
78158  -47.347  -9.472  65.863 0.1250000000
40054  -46.105  -8.516  71.811 0.1250000000
39353  -45.074  -9.810  70.581 0.1250000000
39354  -45.976  -10.386  71.158 0.1250000000
38638  -45.096  -10.311  70.206 0.1250000000
89979  -45.891  -10.710  70.038 0.1250000000
92126  -44.611  -10.189  70.207 0.1250000000
37893  -45.171  -10.763  69.832 0.1250000000
37069  -43.260  -11.857  70.332 0.1250000000
84602  -43.927  -12.145  69.862 0.1250000000
37902  -44.232  -11.308  69.914 0.1250000000
37076  -43.232  -12.299  70.197 0.1250000000
39365  -44.928  -8.996  70.727 0.1250000000
40065  -44.744  -8.079  70.640 0.1250000000
38637  -43.941  -10.420  70.270 0.1250000000
37891  -43.414  -11.225  70.231 0.1250000000
38652  -43.084  -10.711  70.330 0.1250000000
39378  -43.056  -9.551  69.906 0.1250000000
40855  -46.696  -7.559  64.300 0.2500000000
41629  -46.732  -6.852  63.569 0.2500000000
77389  -46.991  -6.472  62.930 0.2500000000
41834  -46.402  -6.222  48.747 0.1250000000
78142  -44.370  -6.661  49.843 0.1250000000
77520  -43.828  -6.690  49.154 0.1250000000
41833  -45.317  -6.381  48.399 0.1250000000
41848  -44.297  -6.426  47.504 0.1250000000
42447  -47.633  -5.367  61.930 0.2500000000
78849  -42.819  -6.380  47.994 0.1250000000
41846  -42.805  -6.166  47.326 0.1250000000
41847  -43.447  -6.480  47.738 0.1250000000
41859  -43.574  -6.292  46.928 0.1250000000
43215  -46.669  -4.600  60.474 0.2500000000
42611  -42.389  -5.606  47.651 0.1250000000
43403  -42.503  -4.868  46.417 0.1250000000
43392  -42.327  -4.931  47.228 0.2500000000
79591  -42.558  -1.681  45.993 0.3750000000
82972  -46.049  0.155  43.091 0.1250000000
46423  -46.806  0.342  42.740 0.1250000000
45770  -46.782  -0.573  43.131 0.1250000000
51294  -57.449  8.788  42.201 0.2500000000
51974  -58.033  9.001  42.711 0.1250000000
51293  -56.744  8.578  41.741 0.3750000000
51307  -57.258  9.159  41.319 0.2500000000
51996  -57.868  9.636  40.819 0.2500000000
51995  -57.073  9.414  40.427 0.3750000000
52009  -57.533  10.041  39.182 0.3750000000
52691  -57.843  10.544  38.584 0.3750000000
52702  -57.522  10.613  37.798 0.3750000000
80864  -57.687  9.825  39.995 0.3750000000
52010  -58.197  10.153  39.681 0.3750000000
52678  -58.292  10.418  39.205 0.3750000000
52703  -58.224  10.941  38.086 0.3750000000
54007  -58.092  11.960  35.898 0.2500000000
40791  -44.652  -7.091  70.167 0.1250000000
37080  -44.049  -12.608  69.591 0.2500000000
37077  -44.642  -11.780  69.571 0.1250000000
38682  -47.059  -9.986  68.103 0.1250000000
37904  -45.621  -10.944  69.573 0.1250000000
37903  -44.887  -11.126  69.671 0.1250000000
34821  -38.979  -14.844  57.974 0.3750000000
92481  -42.216  -4.412  47.726 0.2500000000
80927  -42.149  -5.040  47.933 0.2500000000
45126  -42.897  -1.004  45.873 0.3750000000
45145  -43.482  -1.509  44.405 0.2500000000
46992  -45.883  1.400  43.427 0.2500000000
34822  -39.841  -15.409  57.952 0.2500000000
85386  -42.274  -4.003  46.963 0.2500000000
45138  -42.817  -1.743  45.122 0.2500000000
41816  -43.539  -6.765  49.816 0.1250000000
34810  -40.684  -15.682  58.617 0.1250000000
34834  -42.548  -15.421  57.313 0.1250000000
38653  -47.623  -10.707  70.166 0.1250000000
38639  -46.816  -10.896  70.658 0.1250000000
84347  -46.396  -9.493  71.649 0.1250000000
40053  -45.328  -8.224  71.318 0.1250000000
79507  -45.578  -9.302  71.437 0.1250000000
37892  -44.460  -10.741  70.021 0.1250000000
92076  -44.494  -9.687  70.364 0.1250000000
37070  -43.867  -11.673  69.994 0.1250000000
37068  -42.785  -12.087  71.016 0.1250000000
39352  -43.782  -9.865  70.260 0.1250000000
37890  -42.805  -11.684  70.832 0.1250000000
38636  -42.562  -11.353  70.837 0.1250000000
38651  -42.431  -10.927  70.718 0.1250000000
80676  -43.083  -10.213  70.260 0.1250000000
40063  -43.565  -8.515  69.834 0.1250000000
78547  -45.258  -6.487  49.895 0.1250000000
41815  -42.807  -6.642  49.335 0.1250000000
41817  -44.784  -6.538  49.147 0.1250000000
41832  -44.245  -6.567  48.336 0.1250000000
91467  -44.781  -6.446  47.935 0.1250000000
90051  -42.461  -6.323  48.579 0.1250000000
93534  -42.446  -6.071  48.008 0.1250000000
41831  -43.249  -6.578  48.508 0.1250000000
42622  -42.636  -5.575  46.831 0.1250000000
41860  -44.501  -6.229  46.704 0.1250000000
87725  -43.038  -6.024  46.553 0.1250000000
42623  -42.926  -5.533  46.081 0.1250000000
44614  -42.346  -3.154  46.309 0.2500000000
44624  -42.505  -2.442  45.700 0.2500000000
51975  -58.777  9.575  42.846 0.1250000000
51983  -58.113  9.408  41.817 0.2500000000
39362  -42.401  -10.341  70.363 0.1250000000
27900  -26.623  -24.178  70.025 0.1250000000
27908  -27.156  -24.396  69.676 0.1250000000
31678  -30.650  -19.392  63.570 0.1250000000
32458  -30.279  -18.781  63.727 0.1250000000
32465  -30.983  -18.824  63.185 0.1250000000
83826  -30.049  -18.187  64.147 0.1250000000
33249  -31.810  -17.721  62.372 0.1250000000
43946  -46.798  -3.893  60.052 0.2500000000
43956  -47.098  -3.053  59.839 0.2500000000
82024  -26.676  -24.792  70.213 0.1250000000
31669  -30.195  -19.439  63.887 0.1250000000
30926  -30.650  -19.969  63.819 0.1250000000
37067  -41.720  -12.215  71.913 0.2500000000
37880  -40.948  -11.965  72.672 0.1250000000
37872  -39.221  -11.964  73.017 0.1250000000
37048  -40.100  -11.791  73.025 0.1250000000
37056  -40.397  -12.056  72.802 0.1250000000
37871  -38.559  -11.874  73.419 0.1250000000
37066  -40.938  -12.255  72.167 0.1250000000
77249  -40.896  -12.923  70.582 0.1250000000
37888  -41.506  -11.883  72.126 0.1250000000
37889  -42.257  -11.902  71.513 0.2500000000
37057  -41.142  -12.061  72.457 0.1250000000
37879  -40.426  -11.963  72.847 0.1250000000
77847  -42.307  -12.197  71.414 0.2500000000
38616  -38.985  -11.640  73.032 0.1250000000
37878  -39.764  -11.877  72.901 0.1250000000
37074  -42.125  -12.435  71.161 0.2500000000
38615  -38.291  -11.191  73.464 0.1250000000
37861  -36.553  -11.655  74.651 0.1250000000
38604  -37.102  -11.228  74.205 0.1250000000
38605  -37.848  -11.587  73.820 0.1250000000
89841  -36.322  -10.831  74.428 0.1250000000
37075  -42.666  -12.332  70.939 0.2500000000
92663  -36.749  -10.553  74.070 0.1250000000
38614  -37.476  -10.707  73.741 0.1250000000
38613  -36.104  -10.181  74.119 0.1250000000
40843  -47.122  -7.200  65.075 0.1250000000
92270  -48.312  -7.086  65.338 0.1250000000
41608  -48.500  -6.624  65.286 0.1250000000
41607  -48.065  -6.798  65.105 0.1250000000
42410  -48.800  -6.037  65.169 0.1250000000
41620  -48.541  -6.144  64.923 0.1250000000
41618  -47.054  -6.608  64.550 0.1250000000
79629  -49.163  -5.185  65.092 0.1250000000
87297  -49.558  -4.437  66.230 0.1250000000
41619  -47.631  -6.046  64.636 0.1250000000
42420  -48.883  -5.660  64.703 0.1250000000
41630  -47.272  -5.979  63.794 0.1250000000
81257  -48.980  -5.146  64.281 0.1250000000
42419  -47.945  -5.375  64.388 0.1250000000
76008  -50.717  -4.075  66.421 0.1250000000
43179  -49.293  -4.580  64.288 0.1250000000
76273  -49.421  -4.206  65.010 0.1250000000
42429  -47.795  -5.287  63.430 0.1250000000
42438  -47.905  -5.319  62.397 0.1250000000
85447  -48.093  -4.776  63.933 0.1250000000
87364  -49.804  -3.522  65.833 0.1250000000
76245  -49.850  -2.918  65.325 0.1250000000
43915  -49.525  -4.028  64.191 0.1250000000
43914  -49.333  -4.053  63.919 0.1250000000
43188  -48.159  -4.604  63.080 0.1250000000
43178  -48.728  -4.476  63.879 0.1250000000
43907  -49.679  -3.435  64.876 0.1250000000
43926  -49.687  -3.419  63.890 0.1250000000
43925  -48.890  -3.350  63.476 0.1250000000
43924  -48.466  -3.854  63.346 0.1250000000
43936  -48.465  -3.129  62.900 0.1250000000
43206  -47.589  -4.729  61.518 0.1250000000
43197  -48.074  -4.820  62.013 0.1250000000
44492  -49.983  -2.576  63.717 0.1250000000
76015  -49.931  -2.833  64.416 0.1250000000
44509  -48.677  -2.430  62.342 0.1250000000
44502  -49.069  -2.593  63.247 0.1250000000
43941  -48.391  -3.198  61.857 0.1250000000
43940  -48.012  -3.999  61.428 0.1250000000
43935  -48.315  -3.994  62.345 0.1250000000
45002  -49.938  -1.994  63.156 0.1250000000
44515  -48.086  -2.999  61.019 0.1250000000
86665  -47.428  -3.441  60.618 0.1250000000
45011  -49.865  -1.412  62.661 0.1250000000
45001  -49.225  -1.815  62.595 0.1250000000
44516  -48.574  -2.449  61.360 0.1250000000
45018  -48.989  -1.759  61.768 0.1250000000
44523  -47.667  -2.640  60.252 0.1250000000
44524  -48.343  -2.257  60.570 0.1250000000
43404  -42.805  -4.873  45.751 0.1250000000
42634  -43.463  -5.203  45.483 0.1250000000
43415  -43.088  -4.331  45.245 0.1250000000
45019  -49.457  -1.144  62.101 0.1250000000
45026  -48.938  -1.815  60.838 0.1250000000
45027  -49.370  -1.192  61.221 0.1250000000
44530  -47.480  -2.381  59.384 0.1250000000
44531  -48.000  -2.013  59.818 0.1250000000
46353  -52.492  -0.136  55.031 0.1250000000
44539  -47.189  -2.323  58.721 0.1250000000
44106  -42.667  -3.360  45.426 0.1250000000
45038  -48.659  -1.610  60.060 0.1250000000
45039  -49.277  -1.150  60.364 0.1250000000
91686  -47.859  -1.941  59.273 0.1250000000
46365  -52.546  -0.053  54.133 0.1250000000
88060  -51.986  -0.165  53.696 0.1250000000
45695  -52.472  0.106  53.227 0.1250000000
79476  -51.372  -0.227  53.214 0.1250000000
45706  -51.775  0.080  52.415 0.1250000000
45712  -51.140  -0.127  51.773 0.1250000000
45718  -51.071  -0.105  51.077 0.1250000000
45644  -49.043  -0.871  59.446 0.1250000000
45037  -48.245  -1.499  59.228 0.1250000000
45049  -47.724  -1.849  58.730 0.1250000000
91806  -48.112  -1.429  58.634 0.1250000000
45694  -51.580  -0.320  54.259 0.1250000000
45693  -50.436  -0.575  53.787 0.1250000000
91010  -51.831  0.368  51.624 0.1250000000
46383  -51.946  0.924  51.239 0.1250000000
45652  -48.547  -1.017  58.604 0.1250000000
45683  -51.518  -0.333  55.251 0.1250000000
45682  -50.780  -0.511  54.697 0.1250000000
84870  -51.505  4.359  40.342 0.1250000000
52035  -58.192  9.265  34.091 0.1250000000
52034  -57.420  9.605  34.413 0.1250000000
52679  -58.932  10.442  39.643 0.2500000000
53353  -59.561  11.492  38.576 0.2500000000
52692  -58.817  10.870  38.737 0.2500000000
80666  -55.137  8.626  37.622 0.2500000000
52043  -58.635  9.755  33.497 0.1250000000
51997  -58.458  9.995  40.278 0.2500000000
52693  -59.688  11.209  39.266 0.2500000000
53352  -59.018  11.367  37.821 0.2500000000
83540  -59.924  12.216  38.092 0.2500000000
53364  -59.453  12.185  37.131 0.1250000000
52042  -57.821  9.922  33.741 0.1250000000
52723  -58.229  10.319  33.179 0.1250000000
52052  -59.089  10.357  33.008 0.1250000000
52729  -59.566  11.267  32.562 0.1250000000
52727  -57.996  10.900  32.742 0.1250000000
52728  -58.521  10.705  32.732 0.1250000000
53394  -57.753  11.417  32.219 0.1250000000
52735  -58.374  11.305  32.027 0.1250000000
46382  -51.423  0.465  50.841 0.1250000000
54026  -57.769  12.466  34.340 0.1250000000
43414  -42.489  -4.111  45.958 0.1250000000
43216  -47.182  -4.264  60.916 0.1250000000
46373  -52.799  0.568  52.401 0.1250000000
51336  -58.683  8.551  34.409 0.1250000000
51335  -57.621  8.786  34.749 0.1250000000
52680  -59.824  10.938  40.095 0.2500000000
53374  -59.185  12.448  36.230 0.1250000000
92588  -19.615  -28.156  71.561 0.1250000000
25971  -19.779  -27.488  71.653 0.1250000000
91437  -19.673  -27.524  73.002 0.1250000000
80271  -19.732  -27.199  72.410 0.1250000000
25978  -19.957  -27.864  70.843 0.1250000000
26624  -20.159  -27.012  71.278 0.1250000000
25955  -19.917  -27.237  73.557 0.1250000000
91040  -19.778  -26.959  72.977 0.1250000000
26607  -20.267  -26.797  74.278 0.1250000000
26606  -19.935  -26.330  73.426 0.1250000000
33927  -28.582  -16.641  74.294 0.2500000000
88849  -27.647  -17.484  73.915 0.2500000000
40956  -41.791  -8.056  53.464 0.1250000000
40984  -42.578  -7.033  51.218 0.1250000000
40977  -42.405  -7.325  51.971 0.1250000000
41778  -41.827  -6.866  51.553 0.1250000000
40941  -41.364  -8.519  54.314 0.1250000000
25963  -19.571  -28.029  72.485 0.1250000000
80506  -20.267  -25.865  74.230 0.1250000000
40971  -43.290  -7.455  52.408 0.1250000000
24573  -25.047  -29.315  72.689 0.1250000000
24571  -23.770  -29.725  72.727 0.1250000000
23854  -24.723  -29.985  72.790 0.1250000000
24563  -22.918  -29.702  73.172 0.1250000000
25291  -24.584  -28.835  72.589 0.1250000000
91035  -24.068  -29.120  72.724 0.1250000000
25292  -25.273  -28.424  72.341 0.1250000000
25973  -25.469  -27.022  71.503 0.1250000000
25974  -26.224  -27.209  71.440 0.1250000000
26620  -26.697  -26.624  71.083 0.1250000000
26627  -26.366  -25.999  70.690 0.1250000000
93061  -38.922  -15.592  59.258 0.1250000000
85743  -38.198  -15.489  59.237 0.1250000000
34809  -39.323  -15.476  58.723 0.1250000000
33915  -28.724  -16.686  76.095 0.1250000000
33115  -27.929  -17.186  75.674 0.1250000000
32323  -27.147  -17.815  75.780 0.1250000000
33921  -28.576  -16.659  75.211 0.1250000000
33120  -28.006  -17.100  74.659 0.1250000000
90537  -27.112  -18.051  74.083 0.1250000000
46429  -46.937  1.248  42.414 0.1250000000
46430  -47.831  0.986  41.946 0.1250000000
49925  -52.390  6.507  49.744 0.1250000000
49380  -51.895  6.126  49.081 0.1250000000
49933  -52.570  6.527  48.853 0.1250000000
49934  -53.277  6.848  48.500 0.1250000000
49937  -52.988  6.404  48.016 0.1250000000
50527  -53.851  7.084  48.053 0.1250000000
49938  -53.550  6.614  47.596 0.1250000000
50604  -54.973  7.858  37.000 0.1250000000
81624  -58.824  9.775  41.856 0.1250000000
52661  -59.256  10.201  41.430 0.1250000000
51984  -58.644  9.829  41.078 0.1250000000
52668  -59.143  10.255  40.529 0.1250000000
52662  -59.971  10.829  42.034 0.1250000000
53344  -60.795  11.385  39.600 0.1250000000
79863  -60.564  11.770  38.830 0.1250000000
53335  -60.835  11.158  40.463 0.1250000000
53345  -61.228  11.836  39.025 0.1250000000
53996  -60.766  13.042  37.304 0.1250000000
53989  -61.322  12.588  38.631 0.1250000000
53328  -61.245  11.673  41.016 0.1250000000
53988  -61.091  12.504  38.099 0.1250000000
49413  -52.560  5.479  39.543 0.1250000000
49414  -52.994  6.082  39.316 0.1250000000
91631  -28.128  -17.050  74.073 0.1250000000
51320  -55.392  8.577  36.859 0.1250000000
26619  -25.900  -26.540  71.030 0.1250000000
24572  -24.421  -29.580  72.680 0.1250000000
33114  -27.310  -17.720  74.828 0.1250000000
45784  -47.484  0.432  42.369 0.1250000000
52669  -59.908  10.821  41.018 0.1250000000
