#!ascii label  , from subject sub-v1s16x0051160_ses-1 vox2ras=TkReg
283
86826  26.827  -47.496  8.316 0.6000000238
12588  24.152  -47.770  14.300 0.6999999881
11933  24.559  -48.545  14.231 0.6999999881
77403  26.681  -48.744  12.748 0.8999999762
11262  27.165  -48.549  11.609 0.8000000119
11987  27.076  -47.997  10.113 0.8000000119
12678  26.476  -46.952  6.284 0.6999999881
11934  23.377  -48.090  14.687 0.6999999881
12590  22.687  -47.616  14.982 0.6999999881
12587  24.911  -47.884  13.932 0.6999999881
12609  25.542  -47.984  13.529 0.6999999881
11932  25.264  -48.615  13.907 0.6999999881
11949  26.148  -48.028  12.918 0.8000000119
89271  26.718  -48.029  12.225 0.8000000119
12679  26.762  -46.791  8.481 0.6000000238
12677  27.261  -47.500  4.585 0.6999999881
12589  23.473  -47.260  14.657 0.5000000000
86391  24.747  -47.173  14.153 0.4000000060
84541  25.398  -47.268  13.832 0.5000000000
12658  27.039  -47.723  11.293 0.6999999881
13242  26.630  -46.105  7.313 0.6000000238
89312  27.041  -46.106  5.042 0.6000000238
80185  28.509  -46.879  4.570 0.5000000000
13185  23.721  -46.414  14.721 0.5000000000
92297  22.028  -47.181  15.213 0.6000000238
12608  26.046  -47.375  13.360 0.6000000238
12630  26.767  -47.417  12.437 0.6000000238
13232  27.246  -46.908  11.245 0.6000000238
13243  27.155  -46.447  9.682 0.5000000000
13241  29.152  -46.107  4.445 0.5000000000
84720  30.563  -46.244  5.616 0.5000000000
13186  22.712  -46.670  15.018 0.5000000000
13187  21.653  -46.478  15.319 0.5000000000
85885  24.139  -47.030  14.411 0.5000000000
13183  25.271  -46.562  14.150 0.4000000060
13199  25.908  -46.605  13.814 0.3000000119
13722  26.397  -45.873  13.897 0.3000000119
13198  26.610  -46.590  13.291 0.5000000000
13209  27.272  -46.423  12.402 0.5000000000
13758  27.401  -45.669  8.991 0.6000000238
84060  26.754  -45.330  6.485 0.6000000238
87998  23.075  -45.981  15.026 0.5000000000
13706  25.181  -45.858  14.458 0.4000000060
13184  24.583  -46.465  14.431 0.5000000000
13723  25.752  -46.020  14.160 0.3000000119
13721  27.139  -45.748  13.349 0.3000000119
13752  27.702  -45.983  11.092 0.5000000000
13756  27.637  -44.989  5.122 0.5000000000
13755  29.910  -45.536  4.595 0.4000000060
13709  22.357  -45.866  15.254 0.5000000000
13708  23.608  -45.684  15.001 0.5000000000
13707  24.371  -45.682  14.774 0.4000000060
13705  25.986  -45.253  14.494 0.3000000119
13732  27.746  -45.571  12.505 0.4000000060
13731  28.124  -45.298  11.646 0.4000000060
13751  28.039  -45.180  10.301 0.5000000000
85632  23.029  -45.196  15.298 0.4000000060
92391  24.447  -45.038  14.984 0.4000000060
84877  25.039  -45.112  14.792 0.4000000060
14340  26.919  -45.071  14.056 0.4000000060
83658  27.629  -44.936  13.365 0.4000000060
14366  28.180  -44.480  9.495 0.6000000238
13757  27.436  -44.811  7.973 0.5000000000
80901  27.646  -44.116  6.394 0.4000000060
87972  23.912  -45.047  15.145 0.4000000060
14349  28.147  -44.829  12.467 0.4000000060
14348  28.390  -44.702  11.305 0.5000000000
14326  23.525  -44.312  15.253 0.4000000060
14325  24.485  -44.353  15.050 0.4000000060
14324  25.528  -44.327  14.831 0.4000000060
14323  26.512  -44.196  14.503 0.4000000060
14322  27.337  -44.178  13.931 0.4000000060
83318  28.489  -44.226  12.087 0.3000000119
14327  22.619  -44.293  15.353 0.4000000060
14990  28.036  -44.016  13.108 0.3000000119
15005  28.668  -43.912  10.774 0.4000000060
15012  28.722  -43.145  9.733 0.4000000060
90981  25.888  -43.569  14.778 0.3000000119
14954  26.419  -43.312  14.565 0.3000000119
14953  27.019  -43.413  14.267 0.3000000119
14972  27.596  -43.317  13.724 0.3000000119
14971  28.128  -43.146  13.168 0.4000000060
14989  28.596  -43.405  12.255 0.3000000119
15594  28.461  -42.551  12.806 0.4000000060
81151  28.863  -43.154  11.237 0.4000000060
15633  29.001  -42.581  10.732 0.4000000060
15629  28.841  -42.592  11.894 0.5000000000
84459  29.027  -42.052  11.379 0.4000000060
88853  28.555  -42.448  8.756 0.3000000119
87993  29.088  -41.932  10.109 0.3000000119
12657  26.983  -47.239  10.005 0.6000000238
81157  26.309  -51.262  12.220 0.6000000238
9792  26.765  -51.453  11.434 0.6000000238
82569  27.353  -51.912  9.620 0.6000000238
9825  27.685  -52.229  6.618 0.6000000238
9779  25.132  -51.670  12.967 0.5000000000
10467  25.803  -51.072  12.908 0.6000000238
10466  26.460  -50.422  12.707 0.6999999881
10508  27.192  -50.855  10.669 0.6000000238
9809  27.333  -51.299  9.499 0.6000000238
9826  27.304  -51.951  8.011 0.6000000238
10530  29.168  -51.835  5.610 0.6999999881
9762  24.436  -51.553  13.475 0.6000000238
10455  25.942  -50.345  13.308 0.6999999881
9761  25.150  -50.777  13.539 0.6999999881
10486  26.915  -50.575  11.770 0.6999999881
10507  27.473  -50.317  9.537 0.5000000000
10523  27.373  -51.544  6.427 0.6000000238
10522  28.061  -51.750  5.475 0.6000000238
79865  28.606  -51.128  5.481 0.6999999881
10529  30.669  -51.799  6.738 0.6999999881
10520  31.071  -50.803  7.363 0.6999999881
11303  38.920  -50.722  10.296 0.4000000060
10506  36.197  -50.657  8.754 0.5000000000
84736  34.432  -50.676  7.843 0.6000000238
10518  33.382  -50.659  7.960 0.6000000238
10519  32.168  -50.685  7.936 0.6999999881
9756  22.508  -50.893  14.421 0.5000000000
9755  23.308  -50.961  14.311 0.5000000000
11252  24.838  -50.135  14.047 0.6000000238
10456  24.200  -50.776  14.068 0.5000000000
11250  26.367  -49.629  13.163 0.6999999881
11263  27.030  -49.564  12.180 0.6999999881
10524  27.307  -51.079  8.178 0.6000000238
10521  29.784  -50.949  6.254 0.6999999881
11320  32.433  -49.782  8.985 0.6000000238
85944  21.766  -49.785  14.753 0.5000000000
9758  20.756  -50.905  14.152 0.4000000060
79436  23.007  -50.309  14.622 0.5000000000
10447  22.232  -50.290  14.614 0.5000000000
10446  23.668  -50.345  14.453 0.5000000000
11238  23.519  -49.716  14.633 0.6000000238
11237  24.230  -49.932  14.398 0.6000000238
92058  25.479  -49.130  13.889 0.6999999881
11251  25.592  -49.756  13.758 0.6999999881
10485  27.419  -49.798  10.910 0.6999999881
11308  27.633  -50.064  7.477 0.6999999881
77113  27.969  -50.530  5.420 0.6999999881
11323  28.784  -50.147  5.846 0.8000000119
11322  30.285  -49.747  7.498 0.6999999881
11319  33.596  -50.052  8.976 0.5000000000
11321  31.310  -49.666  8.548 0.6000000238
10449  20.479  -50.248  14.304 0.4000000060
11239  22.623  -49.521  14.812 0.6000000238
82691  24.106  -49.177  14.512 0.6000000238
11950  25.955  -48.841  13.525 0.6999999881
11285  27.418  -48.871  10.526 0.8000000119
11309  27.533  -49.332  9.352 0.6000000238
93354  29.499  -49.259  6.720 0.8000000119
11305  35.062  -49.884  10.139 0.5000000000
11306  33.928  -49.537  10.054 0.6000000238
11935  21.634  -48.979  15.055 0.5000000000
11241  20.109  -49.687  14.514 0.4000000060
11242  19.294  -49.788  14.062 0.4000000060
84903  23.371  -48.938  14.734 0.5000000000
11324  27.543  -48.847  7.679 0.6000000238
77409  27.821  -49.138  5.790 0.6999999881
83293  28.328  -49.213  5.523 0.6999999881
12018  30.661  -48.774  8.328 0.6999999881
11307  32.876  -49.170  9.896 0.6000000238
12017  31.765  -48.802  9.483 0.6000000238
12005  32.245  -48.268  10.405 0.6000000238
84609  22.608  -48.537  14.975 0.5000000000
11936  20.552  -49.026  15.039 0.5000000000
11937  19.596  -48.992  14.762 0.5000000000
89654  23.918  -48.494  14.485 0.6000000238
12008  27.269  -48.352  8.827 0.6000000238
12020  27.941  -48.490  4.860 0.6000000238
12019  29.060  -48.650  5.968 0.6999999881
12003  34.318  -49.133  11.023 0.5000000000
88325  21.861  -47.983  15.280 0.5000000000
85252  20.930  -48.211  15.336 0.5000000000
85027  20.156  -48.389  15.243 0.5000000000
82783  19.564  -48.143  15.168 0.5000000000
11938  18.819  -48.358  14.686 0.5000000000
11953  17.747  -48.681  13.675 0.5000000000
12007  27.199  -47.905  6.218 0.6000000238
12688  28.744  -47.811  5.266 0.4000000060
12687  30.435  -48.003  7.982 0.5000000000
12006  31.347  -47.974  9.605 0.4000000060
12591  21.225  -47.329  15.356 0.5000000000
12592  20.248  -47.499  15.347 0.5000000000
12610  18.097  -48.104  14.273 0.5000000000
91337  17.632  -47.926  14.025 0.4000000060
12631  16.254  -48.083  13.301 0.5000000000
12633  14.663  -47.396  12.367 0.4000000060
11969  14.357  -48.265  12.328 0.4000000060
12593  19.270  -47.366  15.132 0.4000000060
12594  18.453  -47.340  14.706 0.5000000000
12611  17.661  -47.237  14.237 0.4000000060
12612  17.042  -47.757  13.731 0.5000000000
13210  15.974  -46.932  13.296 0.5000000000
12659  13.968  -47.405  11.398 0.3000000119
12676  30.210  -47.156  6.624 0.4000000060
85524  20.759  -46.718  15.368 0.5000000000
13188  19.917  -46.422  15.248 0.4000000060
13189  18.925  -46.487  14.919 0.4000000060
13710  21.593  -45.700  15.385 0.4000000060
85822  20.831  -45.964  15.374 0.4000000060
13711  20.166  -45.407  15.222 0.4000000060
13712  19.339  -45.596  14.931 0.4000000060
13713  18.554  -45.734  14.565 0.4000000060
92354  20.345  -44.756  15.190 0.4000000060
14330  19.677  -44.542  14.841 0.4000000060
14331  18.823  -44.878  14.449 0.4000000060
85631  22.056  -45.073  15.412 0.4000000060
91864  18.231  -45.135  14.100 0.4000000060
14342  18.269  -44.354  13.647 0.4000000060
14328  21.654  -44.152  15.312 0.4000000060
14341  18.953  -43.856  13.989 0.3000000119
11318  34.739  -50.301  8.919 0.4000000060
84425  21.983  -50.725  14.457 0.5000000000
11236  24.897  -49.337  14.165 0.6000000238
11240  20.997  -49.716  14.725 0.4000000060
11284  35.348  -49.426  11.163 0.5000000000
12004  33.292  -48.678  10.932 0.6000000238
12675  31.086  -47.378  9.236 0.4000000060
12632  15.419  -47.507  13.002 0.4000000060
11988  13.568  -48.128  11.378 0.4000000060
85616  21.012  -45.022  15.381 0.4000000060
6759  39.644  -56.579  14.689 0.3000000119
6770  40.391  -55.852  14.236 0.3000000119
9201  35.303  -53.308  10.397 0.4000000060
9777  35.783  -51.619  12.657 0.4000000060
9186  35.106  -52.115  12.782 0.4000000060
9754  35.689  -51.818  13.412 0.4000000060
9211  37.331  -53.769  8.635 0.4000000060
9228  37.378  -54.410  7.656 0.4000000060
9229  36.233  -53.562  7.161 0.4000000060
8700  33.600  -53.116  7.800 0.5000000000
9246  32.269  -52.387  7.606 0.5000000000
9791  36.369  -51.739  11.567 0.4000000060
9200  36.145  -52.381  10.686 0.5000000000
9212  36.530  -54.739  8.524 0.5000000000
9776  36.781  -51.262  12.368 0.5000000000
83846  35.377  -51.951  12.035 0.5000000000
10454  36.754  -50.842  13.284 0.5000000000
9760  36.262  -51.224  13.344 0.4000000060
10445  36.690  -50.794  13.943 0.4000000060
9753  36.317  -51.557  14.119 0.4000000060
83923  37.081  -52.025  14.857 0.4000000060
89791  37.474  -52.679  15.009 0.3000000119
8620  37.468  -53.852  14.498 0.4000000060
9806  38.766  -51.581  9.858 0.4000000060
9808  38.481  -52.404  7.999 0.4000000060
9822  37.410  -52.438  7.048 0.4000000060
9790  38.071  -51.719  10.814 0.4000000060
9199  38.116  -52.026  9.964 0.4000000060
9210  38.239  -52.646  8.774 0.4000000060
81348  37.367  -53.326  6.836 0.4000000060
9823  36.106  -52.285  6.704 0.5000000000
9245  34.581  -52.858  7.272 0.5000000000
9775  38.435  -51.405  11.389 0.4000000060
9833  34.716  -52.204  6.852 0.5000000000
9834  33.385  -52.132  7.109 0.5000000000
9230  31.187  -52.011  7.095 0.6000000238
91688  31.837  -51.588  7.291 0.6000000238
9835  29.927  -52.150  6.578 0.5000000000
9752  37.068  -50.973  14.590 0.4000000060
9824  28.556  -52.379  6.116 0.5000000000
81755  37.985  -52.375  15.379 0.4000000060
9157  37.817  -53.254  14.971 0.4000000060
10516  37.158  -51.590  7.843 0.4000000060
10517  35.871  -51.281  7.246 0.5000000000
83424  34.694  -51.522  7.074 0.5000000000
10528  32.076  -51.916  7.199 0.5000000000
10527  33.182  -51.728  7.286 0.5000000000
6180  38.986  -57.299  14.553 0.3000000119
7403  41.520  -55.362  15.111 0.3000000119
8602  41.623  -53.433  15.645 0.3000000119
9789  39.124  -51.457  10.475 0.4000000060
10503  39.183  -51.289  9.959 0.4000000060
10504  38.644  -51.429  9.485 0.4000000060
10505  38.033  -51.619  8.747 0.4000000060
9227  38.221  -53.433  7.577 0.4000000060
9231  30.907  -52.535  8.214 0.5000000000
8611  40.150  -53.624  15.359 0.3000000119
9807  38.797  -52.125  9.040 0.4000000060
9164  37.118  -53.008  14.716 0.3000000119
9747  38.529  -51.541  15.787 0.4000000060
10441  37.822  -50.534  14.912 0.4000000060
10453  37.262  -50.543  13.493 0.5000000000
93758  27.359  -49.201  11.434 0.8000000119
