#!ascii label  , from subject sub-v1s1x0050657_ses-1 vox2ras=TkReg
2167
136486  47.818  -79.051  -18.197 0.2000000030
19682  48.092  -78.884  -17.802 0.2000000030
20619  47.118  -78.073  -18.538 0.2000000030
19683  47.498  -79.705  -18.212 0.2000000030
20656  46.100  -77.675  -20.219 0.1000000015
19665  48.246  -78.581  -17.325 0.3000000119
20618  47.845  -77.855  -17.957 0.2000000030
19694  47.081  -79.218  -18.733 0.2000000030
20639  47.437  -77.059  -18.596 0.1000000015
151670  46.526  -78.132  -19.209 0.1000000015
21586  47.696  -76.366  -19.473 0.1000000015
135015  47.385  -76.352  -20.277 0.1000000015
22600  49.358  -74.717  -20.965 0.1000000015
21597  46.654  -76.722  -20.711 0.1000000015
21596  47.482  -75.912  -21.200 0.1000000015
22599  49.942  -74.074  -21.276 0.2000000030
139187  48.636  -75.028  -21.730 0.1000000015
21547  49.911  -75.612  -16.780 0.1000000015
22559  50.041  -74.594  -17.412 0.1000000015
21585  48.539  -75.709  -19.359 0.1000000015
21565  48.076  -76.800  -18.080 0.1000000015
136121  48.008  -76.376  -18.758 0.1000000015
22588  49.580  -74.943  -19.115 0.1000000015
24576  50.083  -73.783  -20.048 0.1000000015
23557  47.937  -74.200  -19.792 0.2000000030
23556  49.178  -73.667  -19.444 0.2000000030
23558  46.681  -74.647  -19.496 0.1000000015
23578  48.887  -73.646  -20.245 0.2000000030
23560  44.854  -74.470  -19.407 0.2000000030
23581  45.682  -74.281  -20.716 0.1000000015
24558  44.097  -73.594  -19.486 0.1000000015
22571  50.145  -74.356  -18.488 0.1000000015
23521  50.019  -74.289  -17.183 0.1000000015
148352  49.931  -74.316  -20.259 0.1000000015
142637  44.977  -74.710  -18.622 0.2000000030
23539  43.769  -74.218  -18.164 0.2000000030
134167  42.722  -73.152  -17.748 0.2000000030
24559  43.609  -73.625  -18.613 0.2000000030
24541  43.078  -73.000  -18.339 0.1000000015
25600  43.539  -72.817  -19.010 0.2000000030
150209  50.094  -73.843  -17.812 0.1000000015
23555  50.253  -73.858  -19.060 0.1000000015
23536  49.486  -73.665  -18.541 0.2000000030
23525  46.034  -74.788  -16.966 0.2000000030
23538  46.770  -74.742  -18.516 0.3000000119
25586  42.640  -72.452  -17.950 0.3000000119
26666  42.665  -71.586  -18.184 0.2000000030
26679  43.691  -71.278  -19.786 0.2000000030
127455  45.154  -74.894  -17.256 0.3000000119
23537  47.916  -74.335  -18.175 0.2000000030
25576  41.908  -72.629  -16.599 0.3000000119
26647  41.608  -71.863  -16.437 0.3000000119
146091  41.283  -71.153  -16.168 0.3000000119
147322  42.146  -71.929  -17.315 0.3000000119
26660  42.239  -70.995  -17.675 0.2000000030
26665  43.239  -71.218  -18.985 0.2000000030
27686  43.561  -70.528  -19.655 0.2000000030
26636  40.640  -71.744  -14.906 0.4000000060
24505  41.890  -73.294  -15.859 0.3000000119
25569  41.497  -72.508  -15.835 0.3000000119
23526  43.732  -74.384  -17.504 0.2000000030
24515  42.691  -73.620  -17.101 0.2000000030
146276  41.299  -70.449  -16.574 0.3000000119
27677  42.696  -70.715  -18.402 0.2000000030
27669  41.747  -70.377  -17.323 0.2000000030
139197  42.645  -69.952  -18.545 0.2000000030
26629  39.798  -70.739  -14.091 0.3000000119
26635  41.143  -71.804  -15.659 0.3000000119
27656  40.688  -69.838  -16.096 0.2000000030
28684  40.939  -68.662  -17.227 0.2000000030
28671  40.631  -68.984  -16.471 0.2000000030
29715  41.324  -68.242  -17.860 0.1000000015
136269  41.783  -69.762  -17.672 0.2000000030
29723  42.595  -68.897  -18.796 0.2000000030
127830  42.192  -69.443  -18.250 0.2000000030
135043  42.954  -69.536  -19.013 0.2000000030
143552  39.564  -70.106  -14.173 0.3000000119
28649  39.575  -69.451  -14.552 0.3000000119
27641  39.969  -70.216  -14.721 0.3000000119
136731  38.827  -68.384  -13.801 0.2000000030
28657  39.837  -68.879  -15.291 0.3000000119
29682  39.279  -68.449  -14.578 0.2000000030
27647  40.472  -70.388  -15.390 0.3000000119
29692  40.168  -68.482  -15.961 0.1000000015
29705  40.436  -68.174  -16.687 0.1000000015
31810  40.641  -66.939  -17.455 0.1000000015
30737  40.271  -67.346  -16.825 0.1000000015
30722  39.493  -67.237  -15.644 0.1000000015
30759  41.769  -67.813  -18.385 0.1000000015
28639  38.957  -69.650  -13.006 0.3000000119
29667  39.055  -69.080  -13.832 0.2000000030
28640  38.666  -68.737  -13.081 0.2000000030
30673  38.203  -67.446  -12.432 0.2000000030
31739  37.734  -66.126  -12.054 0.1000000015
29668  38.462  -67.854  -13.272 0.1000000015
140820  38.177  -67.156  -13.123 0.1000000015
146808  38.775  -67.095  -14.473 0.1000000015
29693  39.620  -68.064  -15.452 0.1000000015
31799  39.749  -66.923  -16.339 0.1000000015
31798  40.050  -66.514  -16.978 0.1000000015
28627  38.639  -69.067  -12.175 0.2000000030
32779  37.693  -66.004  -12.907 0.1000000015
149227  37.623  -65.351  -13.221 0.1000000015
31764  38.406  -66.395  -14.314 0.1000000015
130706  38.579  -65.950  -15.009 0.1000000015
31781  38.981  -66.657  -15.136 0.1000000015
32810  38.490  -65.284  -15.231 0.1000000015
132975  39.493  -66.118  -16.441 0.1000000015
142554  39.344  -66.556  -15.865 0.1000000015
33764  37.512  -64.668  -13.087 0.1000000015
32828  38.759  -65.069  -15.799 0.1000000015
138064  39.790  -65.640  -17.126 0.1000000015
32751  37.608  -64.847  -11.646 0.1000000015
22601  48.336  -75.611  -20.452 0.1000000015
21564  48.680  -75.923  -18.424 0.1000000015
23580  46.707  -74.357  -20.588 0.1000000015
24412  47.013  -73.488  -6.162 0.5000000000
130853  45.699  -74.462  -6.366 0.5000000000
24417  46.107  -73.566  -6.369 0.5000000000
25469  46.619  -72.577  -6.371 0.5000000000
25458  47.592  -72.643  -6.143 0.5000000000
23394  42.758  -74.903  -6.531 0.2000000030
22408  43.070  -75.855  -6.469 0.2000000030
147686  43.399  -74.128  -6.581 0.3000000119
23393  43.900  -74.922  -6.498 0.3000000119
24418  45.174  -73.705  -6.501 0.5000000000
132969  45.563  -72.802  -6.480 0.5000000000
136738  45.927  -71.918  -6.468 0.5000000000
139931  47.377  -71.875  -6.324 0.5000000000
25457  48.480  -72.531  -5.871 0.5000000000
146029  48.084  -71.846  -6.163 0.5000000000
25456  49.401  -72.390  -5.727 0.5000000000
24399  50.566  -73.860  -5.230 0.5000000000
24420  42.493  -73.858  -6.590 0.3000000119
129955  43.509  -73.165  -6.628 0.3000000119
25470  44.592  -72.971  -6.570 0.5000000000
142908  47.317  -71.075  -6.331 0.5000000000
150616  47.788  -71.432  -6.261 0.5000000000
25468  48.867  -71.676  -5.961 0.5000000000
25467  49.705  -71.712  -5.956 0.5000000000
21362  52.808  -77.054  -4.845 0.4000000060
22365  53.079  -75.393  -4.878 0.5000000000
23354  52.511  -75.346  -4.602 0.5000000000
24398  51.574  -73.837  -5.084 0.5000000000
24408  51.000  -73.116  -5.432 0.5000000000
21375  52.891  -77.002  -5.123 0.4000000060
23395  41.750  -74.827  -6.433 0.3000000119
129954  42.617  -72.911  -6.620 0.4000000060
134957  43.085  -72.246  -6.621 0.4000000060
136969  44.998  -72.092  -6.546 0.5000000000
26536  44.471  -71.398  -6.538 0.5000000000
26535  45.392  -71.247  -6.527 0.5000000000
26534  46.328  -71.086  -6.462 0.5000000000
27537  45.792  -70.396  -6.517 0.5000000000
27536  46.841  -70.208  -6.480 0.5000000000
27535  47.792  -70.400  -6.395 0.5000000000
26532  49.084  -70.976  -6.148 0.5000000000
25455  50.356  -72.403  -5.707 0.6000000238
23367  52.076  -74.554  -4.706 0.5000000000
25454  51.342  -72.591  -5.799 0.5000000000
131578  52.135  -78.407  -5.508 0.4000000060
20443  52.446  -78.499  -5.033 0.4000000060
149407  53.103  -76.413  -5.017 0.5000000000
25419  42.270  -72.839  -3.114 0.1000000015
25421  40.284  -72.446  -3.292 0.1000000015
26502  39.152  -72.022  -3.424 0.1000000015
24387  40.170  -73.217  -4.161 0.1000000015
25431  39.117  -72.333  -4.154 0.1000000015
26510  38.742  -71.641  -4.026 0.1000000015
25442  39.538  -72.968  -4.594 0.1000000015
26509  39.140  -72.186  -4.826 0.1000000015
27515  38.892  -71.230  -4.765 0.1000000015
146434  40.799  -73.956  -6.343 0.2000000030
24423  40.426  -73.458  -6.180 0.1000000015
24421  41.860  -73.138  -6.588 0.3000000119
134958  44.049  -72.227  -6.617 0.5000000000
148278  41.364  -72.646  -6.540 0.4000000060
25471  42.081  -72.226  -6.627 0.4000000060
27539  43.932  -70.727  -6.501 0.4000000060
27538  44.849  -70.569  -6.519 0.5000000000
148388  45.217  -69.724  -6.502 0.5000000000
130262  46.106  -69.545  -6.527 0.5000000000
136726  46.891  -69.305  -6.598 0.5000000000
26531  49.896  -71.275  -6.300 0.5000000000
24397  52.503  -73.978  -5.107 0.5000000000
23365  53.241  -74.791  -5.113 0.5000000000
18558  50.666  -79.518  -6.424 0.5000000000
25399  44.895  -71.705  -1.014 0.1000000015
25401  43.193  -71.595  -1.500 0.1000000015
25409  42.655  -71.777  -2.119 0.1000000015
26489  42.280  -72.251  -2.610 0.1000000015
26490  41.433  -72.118  -2.847 0.1000000015
26491  39.746  -71.670  -2.702 0.1000000015
26492  38.859  -71.390  -2.870 0.1000000015
26480  42.035  -71.474  -2.294 0.1000000015
150954  38.731  -71.529  -3.414 0.1000000015
28527  40.061  -68.989  -5.997 0.2000000030
29544  40.308  -68.095  -5.922 0.2000000030
24414  39.824  -73.617  -5.096 0.1000000015
25460  39.609  -72.945  -5.261 0.1000000015
141553  39.577  -72.303  -5.525 0.1000000015
26521  39.449  -71.505  -5.484 0.1000000015
129692  39.995  -69.886  -5.992 0.2000000030
25459  40.001  -72.842  -5.857 0.2000000030
26520  40.194  -71.880  -6.095 0.1000000015
26540  40.915  -71.068  -6.425 0.2000000030
28539  41.471  -69.401  -6.452 0.2000000030
29555  40.880  -68.676  -6.245 0.2000000030
30588  41.169  -67.805  -6.128 0.2000000030
130083  41.161  -71.946  -6.489 0.2000000030
26539  41.824  -71.289  -6.587 0.2000000030
26538  42.700  -71.472  -6.593 0.3000000119
138005  43.266  -70.090  -6.550 0.3000000119
28537  43.700  -69.228  -6.535 0.4000000060
138006  44.277  -69.882  -6.515 0.5000000000
25465  51.464  -72.195  -6.246 0.5000000000
28535  45.557  -69.025  -6.506 0.4000000060
25464  53.358  -72.690  -6.603 0.5000000000
26529  52.318  -72.282  -6.635 0.5000000000
143494  51.467  -71.806  -6.665 0.5000000000
25452  53.416  -73.294  -6.185 0.5000000000
25453  52.466  -72.850  -6.035 0.5000000000
28532  48.220  -69.915  -6.653 0.5000000000
28533  47.493  -69.792  -6.582 0.5000000000
23376  53.384  -74.588  -5.475 0.5000000000
24405  53.462  -73.922  -5.814 0.5000000000
24406  52.931  -73.571  -5.602 0.5000000000
26530  50.700  -71.569  -6.492 0.5000000000
21391  52.679  -76.780  -5.652 0.5000000000
22385  53.353  -75.113  -5.521 0.5000000000
24407  52.016  -73.295  -5.504 0.5000000000
25466  50.579  -71.906  -6.031 0.6000000238
24396  53.143  -74.237  -5.291 0.5000000000
19529  51.351  -79.023  -5.899 0.4000000060
26471  44.783  -71.127  -1.499 0.1000000015
26479  43.354  -71.215  -1.763 0.1000000015
27484  43.491  -70.683  -1.711 0.1000000015
144087  42.385  -69.860  -1.375 0.1000000015
28479  42.060  -68.874  -0.755 0.1000000015
27485  42.777  -70.852  -1.942 0.1000000015
27486  41.705  -70.431  -1.694 0.1000000015
134333  39.128  -70.913  -2.171 0.1000000015
27496  38.615  -70.771  -2.630 0.1000000015
27507  38.491  -70.976  -3.437 0.1000000015
28521  38.586  -69.418  -4.661 0.1000000015
29546  38.946  -68.787  -5.119 0.2000000030
29545  39.514  -68.471  -5.570 0.2000000030
27523  39.380  -70.530  -5.424 0.1000000015
146912  39.304  -69.477  -5.392 0.2000000030
28538  42.356  -69.819  -6.554 0.3000000119
143517  42.357  -68.971  -6.530 0.3000000119
30587  42.032  -67.521  -6.278 0.2000000030
151202  42.952  -69.371  -6.559 0.3000000119
29553  42.578  -68.136  -6.439 0.2000000030
28536  44.691  -68.924  -6.500 0.4000000060
134956  43.901  -68.384  -6.534 0.3000000119
29550  45.451  -68.311  -6.566 0.4000000060
29551  44.670  -67.941  -6.532 0.4000000060
26552  53.520  -71.600  -7.957 0.5000000000
27552  51.545  -70.993  -7.874 0.5000000000
26545  50.989  -71.319  -7.093 0.5000000000
28534  46.198  -68.733  -6.614 0.5000000000
135831  52.120  -70.030  -9.586 0.5000000000
28564  51.242  -69.921  -9.277 0.5000000000
28565  50.588  -70.189  -8.457 0.5000000000
27566  50.561  -70.729  -7.546 0.6000000238
28552  47.569  -69.199  -6.896 0.5000000000
29585  50.537  -69.435  -9.379 0.5000000000
29573  49.934  -69.516  -8.820 0.5000000000
27532  50.067  -70.878  -6.867 0.5000000000
27534  48.895  -70.364  -6.533 0.5000000000
28549  49.838  -70.298  -7.583 0.5000000000
27533  49.420  -70.747  -6.495 0.5000000000
145846  50.479  -80.739  -8.400 0.4000000060
18567  50.353  -79.917  -7.258 0.4000000060
18557  51.213  -79.833  -5.709 0.4000000060
30519  41.041  -67.381  0.734 0.1000000015
138803  41.458  -68.334  -0.396 0.1000000015
29511  39.739  -68.103  -0.620 0.1000000015
28492  41.627  -69.574  -1.187 0.1000000015
28481  40.250  -69.045  -0.863 0.1000000015
28482  39.363  -69.240  -1.080 0.1000000015
28493  40.829  -69.800  -1.260 0.1000000015
29512  38.784  -68.510  -1.033 0.1000000015
137855  38.271  -70.111  -3.046 0.1000000015
28504  38.030  -69.202  -2.509 0.1000000015
28513  38.033  -69.194  -3.815 0.1000000015
30571  38.331  -67.636  -4.615 0.2000000030
145468  38.908  -67.294  -5.140 0.2000000030
30577  39.669  -67.467  -5.516 0.2000000030
30576  40.635  -67.227  -5.785 0.2000000030
30575  41.464  -66.943  -5.965 0.2000000030
34704  49.378  -63.304  -11.197 0.2000000030
30586  42.991  -67.245  -6.419 0.2000000030
33733  49.488  -64.267  -11.257 0.2000000030
33734  48.736  -64.015  -10.952 0.2000000030
33714  48.178  -64.652  -10.651 0.2000000030
32724  47.577  -65.272  -10.343 0.2000000030
29552  43.295  -67.993  -6.498 0.2000000030
138350  50.252  -64.514  -11.517 0.2000000030
32747  49.654  -65.123  -11.289 0.2000000030
31694  48.565  -66.361  -10.511 0.2000000030
31695  47.774  -66.121  -10.203 0.2000000030
32710  47.034  -65.832  -9.804 0.3000000119
31679  47.284  -66.640  -9.508 0.2000000030
31669  46.899  -67.053  -8.726 0.4000000060
31718  50.629  -66.355  -11.502 0.2000000030
30653  49.985  -66.717  -11.120 0.3000000119
31693  49.337  -66.571  -10.820 0.3000000119
30629  48.852  -67.221  -10.278 0.4000000060
31678  48.046  -66.955  -9.920 0.3000000119
30612  47.592  -67.442  -9.167 0.4000000060
30605  46.631  -67.379  -7.837 0.5000000000
31658  46.230  -67.434  -7.232 0.4000000060
29562  46.076  -67.922  -6.836 0.5000000000
29598  52.254  -68.946  -10.562 0.5000000000
30626  51.304  -68.468  -10.610 0.4000000060
30627  50.527  -67.960  -10.645 0.4000000060
29600  49.919  -68.235  -10.201 0.4000000060
30610  49.193  -68.053  -9.920 0.4000000060
29587  48.762  -68.563  -9.084 0.5000000000
30603  47.971  -68.183  -8.701 0.5000000000
30604  47.306  -67.736  -8.300 0.5000000000
28553  46.811  -68.576  -6.841 0.5000000000
29599  50.545  -68.725  -10.090 0.5000000000
29586  49.703  -68.853  -9.468 0.5000000000
29574  49.226  -69.266  -8.541 0.5000000000
138883  49.702  -69.813  -8.188 0.5000000000
27553  49.330  -70.303  -6.937 0.5000000000
27554  48.783  -69.916  -6.924 0.5000000000
28551  48.319  -69.427  -7.231 0.5000000000
30507  40.051  -66.776  1.813 0.1000000015
30491  40.598  -67.309  1.954 0.1000000015
147635  40.351  -66.925  0.877 0.1000000015
148329  38.546  -66.454  0.348 0.1000000015
30531  38.905  -67.577  -0.629 0.1000000015
30520  38.819  -66.859  -0.137 0.1000000015
30542  38.232  -67.833  -1.236 0.1000000015
30532  38.217  -67.086  -0.858 0.1000000015
29527  37.726  -68.198  -2.463 0.1000000015
30551  37.577  -67.398  -2.366 0.1000000015
29535  37.760  -68.375  -3.360 0.1000000015
30562  37.797  -67.647  -3.901 0.2000000030
142969  37.948  -66.911  -4.209 0.2000000030
31649  38.551  -66.744  -4.787 0.2000000030
130660  40.195  -66.556  -5.504 0.2000000030
34681  48.488  -63.154  -10.814 0.1000000015
146075  47.998  -63.853  -10.610 0.2000000030
33715  47.429  -64.434  -10.388 0.2000000030
36721  47.581  -61.669  -10.362 0.1000000015
35685  47.314  -62.465  -10.325 0.1000000015
34682  47.705  -63.132  -10.510 0.1000000015
33716  46.699  -64.063  -10.059 0.1000000015
32711  46.386  -65.505  -9.358 0.1000000015
31680  46.595  -66.295  -9.093 0.2000000030
30585  43.893  -67.531  -6.527 0.2000000030
32702  46.044  -65.875  -8.610 0.1000000015
31670  46.321  -66.598  -8.260 0.3000000119
30583  45.299  -67.501  -6.686 0.2000000030
29575  48.389  -68.942  -8.058 0.5000000000
29576  47.646  -68.383  -7.875 0.5000000000
146689  47.123  -67.975  -7.632 0.5000000000
29561  47.287  -68.488  -7.238 0.5000000000
29560  47.847  -68.891  -7.429 0.5000000000
28550  49.082  -69.691  -7.582 0.5000000000
140056  39.878  -67.104  2.388 0.1000000015
31581  38.641  -66.383  2.387 0.1000000015
32613  38.336  -65.948  1.908 0.1000000015
32622  38.513  -66.258  1.117 0.1000000015
31598  37.995  -66.055  0.329 0.1000000015
32623  37.829  -65.697  1.100 0.1000000015
31607  38.086  -66.511  -0.324 0.1000000015
32642  37.212  -65.904  -1.678 0.1000000015
142811  37.152  -65.649  -1.027 0.1000000015
31621  37.402  -66.537  -2.149 0.1000000015
31631  37.715  -66.270  -3.609 0.2000000030
31641  38.210  -66.119  -4.322 0.2000000030
31640  38.894  -65.917  -4.855 0.2000000030
31648  39.307  -66.609  -5.228 0.2000000030
135834  39.803  -65.688  -5.240 0.2000000030
31647  40.771  -65.812  -5.516 0.2000000030
145987  40.960  -66.513  -5.691 0.2000000030
31646  41.682  -66.018  -5.746 0.2000000030
31656  42.307  -66.623  -6.126 0.2000000030
36722  46.968  -61.898  -10.119 0.1000000015
35686  46.625  -62.516  -9.958 0.1000000015
34667  46.280  -63.299  -9.748 0.1000000015
135758  46.030  -64.019  -9.573 0.1000000015
134763  45.793  -65.168  -8.945 0.1000000015
32685  44.213  -65.898  -6.684 0.1000000015
31654  43.835  -66.619  -6.496 0.2000000030
31655  43.052  -66.381  -6.290 0.2000000030
149469  45.406  -64.830  -8.537 0.1000000015
32703  45.525  -65.443  -8.214 0.1000000015
31671  45.761  -66.155  -7.883 0.1000000015
31659  45.445  -66.451  -7.265 0.2000000030
30584  44.592  -67.108  -6.603 0.2000000030
32592  37.457  -65.701  3.220 0.1000000015
32602  38.008  -65.788  2.602 0.1000000015
33584  36.572  -64.699  3.875 0.1000000015
32614  37.541  -65.333  1.894 0.1000000015
33606  36.668  -64.170  1.649 0.1000000015
33615  36.736  -64.447  0.883 0.1000000015
32634  36.794  -64.941  -0.822 0.1000000015
148492  37.126  -65.380  -0.394 0.1000000015
32643  36.922  -65.130  -1.689 0.1000000015
32661  37.504  -65.254  -3.164 0.1000000015
141381  37.995  -64.818  -3.910 0.1000000015
33653  37.657  -64.260  -3.393 0.1000000015
32673  38.468  -65.318  -4.384 0.1000000015
32672  39.180  -65.079  -4.836 0.2000000030
32680  40.499  -64.988  -5.351 0.2000000030
32679  41.442  -65.071  -5.616 0.2000000030
32688  42.037  -65.421  -5.777 0.2000000030
32678  42.330  -64.854  -5.917 0.1000000015
32687  42.601  -65.730  -6.009 0.2000000030
38870  46.871  -59.281  -9.453 0.1000000015
37817  45.883  -60.633  -9.187 0.1000000015
36705  45.800  -61.507  -9.303 0.1000000015
34668  45.533  -63.539  -9.164 0.1000000015
137130  43.462  -65.810  -6.389 0.2000000030
35670  45.316  -61.976  -8.939 0.1000000015
35660  45.162  -62.759  -8.784 0.1000000015
33685  44.999  -64.847  -7.906 0.1000000015
32692  45.186  -65.718  -7.552 0.1000000015
32693  44.528  -65.275  -7.162 0.2000000030
34530  36.529  -63.445  3.320 0.1000000015
34553  36.507  -63.382  1.792 0.1000000015
34563  36.473  -63.619  0.894 0.1000000015
33636  36.618  -64.331  -1.325 0.1000000015
33643  37.195  -64.354  -2.735 0.1000000015
33666  38.665  -64.411  -4.403 0.1000000015
33665  39.450  -64.313  -4.854 0.2000000030
34628  39.731  -63.604  -4.976 0.1000000015
33678  40.152  -64.249  -5.196 0.2000000030
34626  41.247  -63.265  -5.684 0.1000000015
33677  40.920  -64.207  -5.500 0.2000000030
37788  43.878  -60.754  -7.541 0.1000000015
36668  43.250  -61.334  -7.079 0.1000000015
36669  42.779  -62.126  -6.718 0.1000000015
35639  42.362  -62.802  -6.391 0.1000000015
34639  42.629  -63.588  -6.410 0.1000000015
33676  41.719  -64.168  -5.795 0.1000000015
37802  44.872  -60.412  -8.346 0.1000000015
36680  43.939  -61.688  -7.699 0.1000000015
35647  44.080  -62.650  -7.724 0.1000000015
34645  43.628  -63.243  -7.215 0.1000000015
141893  43.867  -64.065  -7.087 0.1000000015
33682  42.869  -64.339  -6.330 0.1000000015
133406  43.133  -65.088  -6.269 0.1000000015
149198  44.656  -62.037  -8.348 0.1000000015
34656  44.609  -63.080  -8.217 0.1000000015
34644  44.232  -63.578  -7.607 0.1000000015
33686  44.416  -64.428  -7.440 0.1000000015
32686  43.859  -65.220  -6.649 0.1000000015
141313  36.445  -62.651  1.894 0.1000000015
146686  36.425  -62.890  0.550 0.1000000015
35565  36.531  -62.663  -0.660 0.1000000015
35596  36.880  -63.063  -2.289 0.1000000015
35603  37.743  -62.774  -3.426 0.1000000015
147751  39.371  -63.063  -4.741 0.1000000015
38809  41.603  -59.609  -5.435 0.1000000015
149398  41.259  -60.366  -5.474 0.1000000015
37753  40.718  -60.746  -5.266 0.1000000015
36653  40.647  -61.637  -5.405 0.1000000015
35629  39.895  -62.850  -5.073 0.1000000015
39853  42.784  -58.948  -6.058 0.1000000015
38808  42.200  -59.123  -5.653 0.1000000015
37752  41.739  -60.383  -5.813 0.1000000015
35627  41.271  -62.220  -5.764 0.1000000015
38824  43.208  -59.599  -6.697 0.1000000015
37772  42.809  -60.589  -6.640 0.1000000015
37773  42.137  -60.890  -6.215 0.1000000015
36670  42.024  -61.910  -6.247 0.1000000015
35640  41.770  -62.733  -6.041 0.1000000015
34640  42.002  -63.449  -6.065 0.1000000015
36622  37.425  -61.593  -2.555 0.1000000015
37731  37.854  -61.033  -3.046 0.1000000015
36630  38.290  -61.430  -3.685 0.1000000015
37730  38.450  -60.551  -3.433 0.1000000015
35614  39.377  -62.362  -4.679 0.1000000015
39831  41.836  -58.741  -5.117 0.1000000015
38810  40.889  -59.928  -4.995 0.1000000015
38798  39.784  -59.969  -4.244 0.1000000015
37740  38.914  -60.990  -4.069 0.1000000015
36654  39.984  -62.008  -5.055 0.1000000015
39830  42.538  -58.497  -5.416 0.1000000015
37738  40.242  -60.315  -4.703 0.1000000015
24419  44.241  -73.896  -6.559 0.4000000060
139596  48.474  -70.519  -6.374 0.5000000000
26537  43.571  -71.494  -6.561 0.4000000060
25429  40.714  -73.052  -3.700 0.1000000015
27516  38.541  -70.908  -4.189 0.1000000015
24422  41.067  -73.319  -6.493 0.2000000030
145685  43.189  -70.891  -6.544 0.4000000060
26478  44.044  -70.965  -1.666 0.1000000015
26481  40.401  -70.877  -1.888 0.1000000015
145137  40.625  -69.414  -6.248 0.3000000119
27522  40.074  -70.823  -6.035 0.2000000030
27542  40.776  -70.153  -6.325 0.2000000030
27541  41.634  -70.393  -6.525 0.2000000030
29554  41.737  -68.415  -6.379 0.2000000030
26544  51.959  -71.705  -7.201 0.5000000000
28490  43.595  -69.978  -1.345 0.1000000015
28478  43.017  -69.232  -1.015 0.1000000015
28480  41.163  -68.962  -0.789 0.1000000015
28494  39.244  -70.159  -1.541 0.1000000015
153193  39.928  -69.870  -1.255 0.1000000015
128623  38.318  -70.187  -3.999 0.1000000015
28520  38.770  -70.303  -4.747 0.1000000015
29540  38.451  -68.557  -4.620 0.1000000015
30578  38.922  -68.032  -5.175 0.2000000030
136887  43.125  -68.685  -6.533 0.3000000119
27564  52.660  -71.089  -8.398 0.5000000000
27565  51.802  -70.480  -8.809 0.5000000000
27576  52.956  -70.609  -9.146 0.5000000000
29584  51.440  -69.308  -9.987 0.5000000000
30530  40.529  -67.471  0.088 0.1000000015
127826  39.675  -67.134  0.040 0.1000000015
29510  40.755  -68.202  -0.453 0.1000000015
28495  38.624  -69.401  -1.495 0.1000000015
29519  38.100  -68.565  -1.656 0.1000000015
149096  38.007  -68.291  -4.111 0.1000000015
32748  48.908  -64.874  -10.994 0.2000000030
32723  48.347  -65.502  -10.635 0.2000000030
32725  46.838  -64.991  -10.013 0.1000000015
32746  50.415  -65.399  -11.558 0.2000000030
30652  50.508  -67.214  -11.131 0.5000000000
30628  49.754  -67.424  -10.605 0.4000000060
32745  51.080  -65.690  -11.847 0.2000000030
30611  48.365  -67.780  -9.557 0.5000000000
30590  46.702  -67.950  -7.190 0.5000000000
131406  46.027  -66.845  -7.539 0.3000000119
29625  52.097  -68.193  -11.131 0.5000000000
30651  51.204  -67.719  -11.139 0.5000000000
31580  39.305  -66.721  2.334 0.1000000015
31597  39.349  -66.607  0.867 0.1000000015
30543  37.753  -67.225  -1.590 0.1000000015
31614  37.573  -66.445  -1.144 0.1000000015
30563  37.607  -67.592  -3.146 0.1000000015
31632  37.498  -66.836  -2.992 0.2000000030
32660  37.915  -65.559  -3.913 0.2000000030
152389  47.359  -63.739  -10.388 0.1000000015
34683  46.980  -63.202  -10.219 0.1000000015
30475  38.723  -66.686  2.622 0.1000000015
31571  38.176  -66.299  2.871 0.1000000015
32633  37.553  -65.934  -0.402 0.1000000015
33614  37.218  -65.091  0.954 0.1000000015
32650  37.223  -65.661  -2.345 0.1000000015
32681  39.832  -64.866  -5.102 0.2000000030
37836  46.995  -61.067  -9.975 0.1000000015
142913  46.334  -61.064  -9.556 0.1000000015
36704  46.425  -61.760  -9.730 0.1000000015
31660  44.855  -66.092  -6.987 0.2000000030
33696  44.740  -63.945  -8.039 0.1000000015
32603  37.421  -65.273  2.677 0.1000000015
32593  36.784  -65.992  3.723 0.1000000015
146063  36.809  -65.312  3.661 0.1000000015
138552  36.598  -64.179  3.412 0.1000000015
33596  36.626  -63.978  2.585 0.1000000015
32604  36.936  -64.829  3.150 0.1000000015
33605  37.026  -64.748  1.524 0.1000000015
32624  36.822  -64.843  0.082 0.1000000015
132035  36.510  -64.142  0.259 0.1000000015
33624  36.515  -64.225  -0.485 0.1000000015
141793  37.083  -64.964  -2.420 0.1000000015
33644  36.793  -64.388  -2.086 0.1000000015
34600  37.910  -63.535  -3.631 0.1000000015
37816  46.576  -60.293  -9.554 0.1000000015
36692  45.195  -61.109  -8.716 0.1000000015
35669  45.840  -62.478  -9.422 0.1000000015
34655  45.033  -63.497  -8.565 0.1000000015
34542  36.485  -63.008  2.545 0.1000000015
34573  36.421  -63.388  -0.061 0.1000000015
34584  36.493  -63.531  -0.984 0.1000000015
34594  36.905  -63.788  -2.398 0.1000000015
34601  37.318  -63.462  -2.978 0.1000000015
34614  38.455  -63.590  -4.147 0.1000000015
34613  39.072  -63.639  -4.591 0.1000000015
34627  40.419  -63.466  -5.328 0.1000000015
37771  43.382  -60.429  -7.079 0.1000000015
38842  43.864  -59.848  -7.338 0.1000000015
37787  44.414  -60.162  -7.872 0.1000000015
36679  44.473  -61.032  -8.112 0.1000000015
140324  42.599  -61.377  -6.585 0.1000000015
35638  43.011  -62.987  -6.783 0.1000000015
34638  43.263  -63.802  -6.735 0.1000000015
33687  44.074  -64.720  -6.959 0.1000000015
130287  36.457  -62.087  0.676 0.1000000015
140893  36.473  -62.552  0.048 0.1000000015
36604  36.767  -61.951  -1.172 0.1000000015
35578  36.983  -62.178  -2.027 0.1000000015
35595  37.284  -62.487  -2.800 0.1000000015
36631  37.714  -61.906  -3.290 0.1000000015
142632  38.227  -62.299  -3.843 0.1000000015
38825  42.339  -59.872  -6.095 0.1000000015
38796  41.152  -59.099  -4.752 0.1000000015
36638  39.448  -61.501  -4.579 0.1000000015
36652  41.390  -61.170  -5.765 0.1000000015
37739  39.578  -60.640  -4.415 0.1000000015
35628  40.570  -62.577  -5.409 0.1000000015
37720  37.668  -60.828  -2.339 0.1000000015
36639  38.803  -61.894  -4.244 0.1000000015
37729  39.124  -60.067  -3.831 0.1000000015
38788  38.669  -59.872  -3.188 0.1000000015
39816  41.589  -58.518  -4.380 0.1000000015
39815  42.431  -58.147  -4.573 0.1000000015
38786  40.326  -59.113  -3.741 0.1000000015
19523  42.654  -78.527  -4.664 0.1000000015
138668  43.485  -78.890  -4.972 0.1000000015
20447  43.421  -78.342  -5.531 0.1000000015
133604  44.028  -77.026  -6.285 0.1000000015
22407  44.316  -76.037  -6.407 0.1000000015
20463  42.501  -77.402  -5.758 0.1000000015
21398  42.270  -76.632  -6.109 0.1000000015
19516  42.331  -78.903  -3.522 0.2000000030
22409  42.026  -75.746  -6.318 0.1000000015
20446  44.412  -78.687  -5.469 0.2000000030
18549  45.047  -79.438  -4.868 0.2000000030
21396  44.841  -76.931  -6.188 0.1000000015
150218  44.620  -75.204  -6.451 0.1000000015
18538  44.611  -80.147  -4.078 0.2000000030
19521  45.568  -78.589  -5.374 0.2000000030
21379  45.181  -77.771  -5.852 0.2000000030
21378  45.693  -76.886  -5.992 0.2000000030
22406  45.284  -75.374  -6.356 0.3000000119
23392  44.837  -74.587  -6.486 0.3000000119
21395  45.257  -76.242  -6.243 0.3000000119
20445  46.087  -77.659  -5.568 0.2000000030
21377  46.520  -76.734  -5.656 0.2000000030
150650  46.513  -79.874  -4.552 0.2000000030
22389  45.957  -76.053  -6.122 0.2000000030
19520  46.487  -78.452  -5.147 0.2000000030
16471  45.669  -82.140  -4.770 0.1000000015
18537  45.657  -80.255  -4.272 0.2000000030
19514  46.054  -79.318  -4.876 0.2000000030
23391  46.195  -75.201  -6.139 0.3000000119
23379  46.551  -74.332  -6.151 0.4000000060
148303  45.705  -81.777  -3.548 0.1000000015
17530  45.699  -81.118  -3.623 0.1000000015
21376  47.198  -77.033  -5.297 0.2000000030
22387  47.237  -76.127  -5.495 0.2000000030
16472  44.690  -82.003  -4.250 0.1000000015
153258  47.250  -74.202  -5.924 0.4000000060
17510  46.560  -81.234  -3.825 0.2000000030
20444  46.864  -77.654  -5.268 0.2000000030
18536  47.211  -79.853  -4.418 0.2000000030
16470  46.783  -82.227  -4.933 0.1000000015
16455  47.799  -81.565  -4.461 0.2000000030
16457  46.211  -82.245  -4.007 0.1000000015
16438  47.321  -81.546  -4.056 0.1000000015
19513  46.997  -79.143  -4.720 0.2000000030
21365  47.820  -76.826  -5.094 0.2000000030
134706  47.649  -75.362  -5.525 0.4000000060
16439  46.683  -81.750  -3.820 0.1000000015
22371  48.059  -76.003  -5.269 0.4000000060
24411  47.942  -73.555  -5.828 0.4000000060
18535  48.031  -79.596  -4.249 0.3000000119
19512  47.823  -78.766  -4.544 0.3000000119
18518  47.465  -80.483  -4.162 0.2000000030
129682  48.372  -80.119  -4.137 0.4000000060
23371  48.334  -75.147  -5.416 0.4000000060
129269  48.334  -77.357  -4.737 0.3000000119
20413  49.469  -78.406  -4.156 0.4000000060
19511  48.733  -78.957  -4.156 0.3000000119
128618  49.988  -60.657  -10.845 0.1000000015
35683  49.002  -62.248  -10.944 0.1000000015
23377  48.609  -74.243  -5.546 0.4000000060
22370  48.871  -75.825  -5.088 0.4000000060
24400  49.567  -74.014  -5.403 0.5000000000
21345  50.009  -77.088  -4.405 0.4000000060
21346  49.210  -77.437  -4.453 0.3000000119
21363  49.413  -76.491  -4.661 0.4000000060
138571  49.811  -61.723  -11.099 0.1000000015
36718  50.576  -61.404  -11.217 0.1000000015
143995  49.754  -62.538  -11.241 0.1000000015
24410  48.975  -73.282  -5.612 0.4000000060
23369  50.129  -74.720  -5.056 0.5000000000
24409  49.979  -73.135  -5.514 0.5000000000
35682  50.409  -62.280  -11.360 0.1000000015
34680  50.222  -63.095  -11.427 0.1000000015
35699  51.722  -62.595  -11.740 0.1000000015
34679  50.975  -62.849  -11.569 0.1000000015
33732  51.111  -64.794  -11.912 0.1000000015
20431  41.871  -78.188  -3.865 0.1000000015
147501  42.700  -78.024  -5.448 0.1000000015
21397  43.238  -76.804  -6.326 0.1000000015
20448  42.105  -77.819  -4.890 0.1000000015
21380  41.827  -77.069  -5.245 0.1000000015
142302  42.113  -79.283  -2.716 0.1000000015
131100  47.011  -75.068  -5.773 0.3000000119
20430  47.186  -78.361  -4.942 0.2000000030
23378  47.770  -74.583  -5.665 0.4000000060
21364  48.584  -76.654  -4.853 0.3000000119
23370  49.194  -74.920  -5.264 0.4000000060
148384  50.821  -63.763  -11.669 0.1000000015
21381  41.410  -76.490  -4.746 0.1000000015
20553  35.143  -77.844  -13.227 0.1000000015
18645  35.734  -79.337  -13.915 0.1000000015
19628  37.516  -78.757  -14.024 0.1000000015
18646  34.853  -79.210  -13.506 0.1000000015
20570  37.660  -77.763  -13.907 0.1000000015
18628  34.224  -79.162  -12.966 0.1000000015
17618  34.019  -80.642  -12.925 0.1000000015
16562  33.559  -82.163  -12.150 0.1000000015
16576  34.582  -81.367  -13.324 0.1000000015
7121  33.741  -91.170  -6.577 0.1000000015
12564  31.553  -85.236  -8.693 0.1000000015
13578  31.239  -84.648  -9.846 0.1000000015
21509  36.483  -76.919  -13.263 0.1000000015
14550  31.718  -83.924  -10.198 0.1000000015
146947  35.701  -77.965  -13.504 0.1000000015
16549  32.681  -81.923  -10.937 0.1000000015
21486  37.272  -76.241  -12.887 0.1000000015
15510  33.135  -82.545  -11.513 0.1000000015
20550  38.170  -77.000  -13.748 0.1000000015
6387  34.332  -93.714  -6.862 0.1000000015
139158  34.742  -90.861  -6.382 0.1000000015
7899  35.038  -89.909  -6.542 0.1000000015
5670  35.651  -94.393  -6.207 0.1000000015
6386  35.441  -93.374  -6.433 0.1000000015
129406  35.438  -91.889  -6.361 0.1000000015
139463  35.940  -90.737  -6.422 0.1000000015
8722  37.765  -89.485  -8.920 0.1000000015
10571  34.486  -87.328  -8.013 0.1000000015
11574  32.660  -86.152  -8.044 0.1000000015
21510  35.725  -77.395  -13.236 0.1000000015
20536  34.536  -77.685  -12.623 0.1000000015
18629  33.712  -79.247  -12.328 0.1000000015
22510  36.899  -75.718  -12.212 0.1000000015
21507  38.593  -76.416  -13.412 0.1000000015
20569  38.586  -77.621  -14.089 0.1000000015
7898  36.902  -90.215  -6.842 0.1000000015
144010  35.949  -89.834  -6.765 0.1000000015
5668  36.961  -93.126  -5.915 0.1000000015
6385  36.429  -93.352  -6.033 0.1000000015
140298  37.129  -91.376  -6.487 0.1000000015
8706  37.863  -90.029  -7.748 0.1000000015
8707  36.726  -89.691  -7.584 0.1000000015
8739  37.978  -89.164  -9.186 0.1000000015
10579  37.254  -88.454  -9.023 0.1000000015
10580  36.382  -88.171  -8.964 0.1000000015
10569  36.507  -87.711  -7.869 0.1000000015
10570  35.523  -87.527  -7.969 0.1000000015
12546  34.839  -85.683  -6.926 0.1000000015
11564  33.305  -86.127  -7.635 0.1000000015
13555  33.461  -84.682  -7.318 0.1000000015
14531  32.605  -83.655  -7.900 0.1000000015
17598  33.173  -80.119  -10.707 0.1000000015
21487  36.333  -76.241  -12.566 0.1000000015
20525  34.224  -77.234  -11.879 0.1000000015
19595  34.048  -78.472  -12.519 0.1000000015
18615  33.373  -79.463  -11.442 0.1000000015
17609  33.187  -80.537  -11.545 0.1000000015
21485  38.178  -75.989  -12.887 0.1000000015
140416  37.906  -76.498  -13.338 0.1000000015
9679  39.592  -89.692  -8.908 0.1000000015
5658  36.572  -93.815  -5.668 0.1000000015
129433  37.452  -92.597  -6.247 0.1000000015
7119  37.971  -92.016  -6.790 0.1000000015
7896  38.838  -90.794  -7.837 0.1000000015
7909  39.518  -90.442  -8.628 0.1000000015
9680  38.844  -89.420  -8.918 0.1000000015
142484  38.338  -87.906  -7.162 0.1000000015
10560  36.801  -87.237  -6.866 0.1000000015
12545  36.031  -85.419  -6.880 0.1000000015
131895  37.167  -93.089  -5.835 0.1000000015
6384  37.822  -92.652  -6.270 0.1000000015
136821  38.115  -92.343  -7.009 0.1000000015
6397  39.061  -92.094  -7.420 0.1000000015
153409  39.282  -91.701  -7.787 0.1000000015
10561  35.830  -87.126  -7.070 0.1000000015
11556  35.522  -86.328  -6.840 0.1000000015
13554  34.486  -84.644  -7.120 0.1000000015
14530  33.617  -83.180  -7.588 0.1000000015
142487  33.194  -83.991  -7.430 0.1000000015
15499  33.448  -81.767  -8.414 0.1000000015
15493  33.094  -82.632  -7.996 0.1000000015
16525  33.052  -81.001  -9.573 0.1000000015
15500  32.776  -82.329  -8.521 0.1000000015
19566  33.597  -78.488  -10.134 0.1000000015
17589  33.498  -79.953  -9.901 0.1000000015
16526  32.542  -82.007  -9.580 0.1000000015
21469  34.637  -76.471  -11.596 0.1000000015
20526  33.743  -77.768  -11.301 0.1000000015
19576  33.493  -78.545  -10.926 0.1000000015
22492  36.570  -75.452  -11.655 0.1000000015
22509  37.788  -75.602  -12.204 0.1000000015
21484  39.789  -75.914  -12.791 0.1000000015
22522  38.975  -75.899  -12.888 0.1000000015
22506  40.038  -75.734  -12.020 0.1000000015
22507  39.243  -75.635  -12.218 0.1000000015
9668  40.182  -89.183  -8.319 0.1000000015
9669  39.222  -88.984  -8.536 0.1000000015
6372  37.571  -92.974  -5.821 0.1000000015
7104  39.136  -92.264  -6.114 0.1000000015
6370  39.196  -92.257  -6.929 0.1000000015
7117  40.131  -92.118  -7.667 0.1000000015
7133  40.766  -91.754  -8.645 0.1000000015
150979  40.089  -91.020  -8.623 0.1000000015
8720  40.577  -89.982  -8.851 0.1000000015
9656  38.934  -88.356  -7.592 0.1000000015
139430  37.828  -87.260  -6.649 0.1000000015
12544  37.159  -85.336  -7.154 0.1000000015
6371  38.326  -92.460  -6.418 0.1000000015
6383  38.673  -92.255  -6.965 0.1000000015
13552  37.683  -83.620  -8.234 0.1000000015
13553  36.569  -83.578  -7.982 0.1000000015
140474  35.289  -83.707  -7.571 0.1000000015
14528  36.116  -82.787  -8.258 0.1000000015
14529  34.832  -82.935  -7.807 0.1000000015
127240  35.682  -82.078  -8.488 0.1000000015
15492  34.369  -82.112  -8.085 0.1000000015
17588  34.174  -79.531  -9.189 0.1000000015
17576  34.853  -80.214  -8.692 0.1000000015
22494  35.221  -75.681  -11.150 0.1000000015
22476  34.800  -75.574  -10.199 0.1000000015
21457  34.347  -76.277  -10.733 0.1000000015
21458  33.759  -77.047  -10.301 0.1000000015
152337  33.773  -78.508  -9.532 0.1000000015
18592  33.791  -79.059  -9.734 0.1000000015
22475  35.669  -75.074  -10.390 0.1000000015
20516  33.638  -77.840  -10.516 0.1000000015
131552  36.149  -75.225  -11.111 0.1000000015
22474  36.622  -74.944  -10.440 0.1000000015
128160  37.011  -75.180  -11.139 0.1000000015
22490  38.580  -75.494  -11.744 0.1000000015
130580  40.906  -76.236  -11.057 0.1000000015
7087  37.928  -92.516  -4.911 0.1000000015
6351  37.563  -93.112  -5.112 0.1000000015
7102  40.510  -91.387  -6.461 0.1000000015
7116  40.848  -91.831  -7.464 0.1000000015
9655  39.835  -88.325  -7.413 0.1000000015
146706  38.597  -92.085  -5.477 0.1000000015
7103  39.811  -92.045  -6.912 0.1000000015
140967  40.937  -92.075  -8.096 0.1000000015
8719  41.663  -90.371  -8.565 0.1000000015
9654  40.925  -88.374  -7.565 0.1000000015
11552  39.862  -86.481  -7.144 0.1000000015
11553  38.867  -86.117  -7.092 0.1000000015
12543  38.415  -85.106  -7.595 0.1000000015
11551  40.900  -86.178  -7.414 0.1000000015
13550  39.262  -84.045  -8.180 0.1000000015
132351  38.056  -83.222  -8.221 0.1000000015
14527  37.256  -82.786  -8.352 0.1000000015
15498  36.574  -81.957  -8.540 0.1000000015
15481  37.322  -82.059  -8.105 0.1000000015
16501  36.313  -81.016  -8.250 0.1000000015
17564  35.744  -80.489  -7.979 0.1000000015
18582  34.179  -78.894  -9.136 0.1000000015
18581  34.567  -79.419  -8.514 0.1000000015
21443  34.146  -76.259  -9.834 0.1000000015
19556  33.821  -78.243  -9.054 0.1000000015
22455  35.305  -75.098  -9.547 0.1000000015
22456  34.606  -75.637  -9.326 0.1000000015
23432  36.204  -74.691  -9.597 0.1000000015
22473  37.621  -75.218  -10.446 0.1000000015
22472  38.613  -75.524  -10.853 0.1000000015
22471  39.423  -75.729  -10.769 0.1000000015
22488  40.170  -75.873  -11.119 0.1000000015
9636  43.283  -87.753  -6.884 0.1000000015
10542  42.455  -86.906  -6.693 0.1000000015
7086  38.321  -91.649  -4.560 0.1000000015
7085  39.484  -91.733  -5.947 0.1000000015
7895  41.771  -91.426  -7.918 0.1000000015
9666  42.578  -89.365  -7.917 0.1000000015
11550  41.672  -86.460  -7.184 0.1000000015
11539  41.026  -85.622  -6.616 0.1000000015
151278  42.514  -90.641  -7.895 0.1000000015
9653  42.191  -88.308  -7.481 0.1000000015
12528  40.763  -85.664  -7.348 0.1000000015
13535  39.398  -84.020  -7.092 0.1000000015
14506  37.817  -83.193  -6.594 0.1000000015
12541  40.223  -84.782  -7.733 0.1000000015
13542  39.555  -84.354  -7.833 0.1000000015
152815  37.134  -82.078  -7.279 0.1000000015
16490  36.030  -80.889  -7.346 0.1000000015
17555  35.338  -80.433  -6.973 0.1000000015
134994  35.168  -80.135  -8.262 0.1000000015
19545  33.808  -78.123  -7.763 0.1000000015
143623  34.154  -76.230  -8.213 0.1000000015
21426  34.099  -76.291  -8.984 0.1000000015
21427  33.732  -77.001  -8.519 0.1000000015
22441  35.058  -75.187  -8.684 0.1000000015
23426  36.199  -74.635  -8.692 0.1000000015
22453  37.845  -75.256  -9.435 0.1000000015
8674  42.442  -89.161  -4.698 0.1000000015
7860  39.622  -90.203  -4.572 0.1000000015
8683  41.922  -89.632  -5.304 0.1000000015
8682  43.052  -89.168  -5.935 0.1000000015
9622  43.403  -88.370  -6.423 0.1000000015
11526  41.626  -86.426  -5.915 0.1000000015
7862  37.913  -91.222  -3.733 0.1000000015
7861  38.687  -90.611  -4.179 0.1000000015
7871  40.032  -90.753  -5.465 0.1000000015
7870  41.176  -90.437  -5.918 0.1000000015
8691  43.304  -89.589  -6.927 0.1000000015
8704  43.644  -89.040  -7.271 0.1000000015
11538  41.623  -86.097  -6.884 0.1000000015
12514  40.225  -85.366  -6.010 0.1000000015
13522  38.787  -84.580  -5.708 0.1000000015
12529  40.522  -84.944  -7.101 0.1000000015
14507  37.094  -83.097  -5.696 0.1000000015
15467  37.156  -82.570  -6.455 0.1000000015
16474  36.503  -81.988  -6.271 0.1000000015
17546  35.460  -80.965  -6.208 0.1000000015
17556  34.728  -79.924  -6.772 0.1000000015
18572  34.739  -79.589  -7.612 0.1000000015
19535  33.768  -78.319  -6.892 0.1000000015
22442  34.614  -75.539  -7.993 0.1000000015
21413  33.863  -76.786  -7.710 0.1000000015
22440  36.792  -74.765  -8.163 0.1000000015
22439  37.631  -75.180  -8.476 0.1000000015
8675  41.477  -89.449  -4.105 0.1000000015
9623  42.816  -88.611  -5.405 0.1000000015
10531  42.376  -87.280  -5.676 0.1000000015
8684  40.705  -89.942  -4.909 0.1000000015
10530  43.038  -87.738  -6.063 0.1000000015
11528  39.695  -86.057  -4.594 0.1000000015
12516  38.367  -85.075  -4.648 0.1000000015
13523  37.706  -84.487  -4.761 0.1000000015
14498  36.671  -83.299  -4.882 0.1000000015
15469  36.075  -82.272  -5.226 0.1000000015
151716  34.633  -81.123  -4.356 0.1000000015
16475  35.673  -81.644  -5.458 0.1000000015
18544  33.640  -79.343  -4.656 0.1000000015
17547  34.692  -80.411  -5.858 0.1000000015
20466  33.593  -77.617  -6.192 0.1000000015
18554  33.815  -79.226  -5.561 0.1000000015
21385  33.721  -76.952  -5.515 0.1000000015
135342  33.709  -77.396  -7.135 0.1000000015
22415  34.722  -75.684  -6.358 0.1000000015
21403  34.268  -76.093  -6.693 0.1000000015
143624  33.942  -76.620  -7.076 0.1000000015
22427  36.551  -74.886  -7.305 0.1000000015
22425  38.196  -75.654  -7.887 0.1000000015
20479  39.798  -77.358  -7.327 0.1000000015
9613  42.396  -88.924  -4.180 0.1000000015
147292  40.669  -87.168  -3.749 0.1000000015
11516  38.663  -85.672  -4.043 0.1000000015
8665  41.573  -89.475  -2.961 0.1000000015
11514  40.666  -86.621  -4.624 0.1000000015
13508  37.108  -84.474  -3.446 0.1000000015
15452  35.785  -82.715  -3.653 0.1000000015
15460  35.649  -82.185  -4.490 0.1000000015
16443  35.313  -81.981  -3.695 0.1000000015
17515  34.242  -80.691  -3.718 0.1000000015
21370  33.689  -77.199  -4.608 0.1000000015
19527  33.590  -78.588  -5.000 0.1000000015
20452  33.561  -77.799  -5.278 0.1000000015
22414  35.341  -75.339  -6.441 0.1000000015
22412  37.202  -75.283  -6.741 0.1000000015
22411  38.003  -75.667  -7.018 0.1000000015
20464  39.708  -77.632  -6.345 0.1000000015
18550  41.984  -79.754  -5.940 0.1000000015
149538  42.446  -89.318  -2.559 0.1000000015
8664  42.292  -89.205  -3.316 0.1000000015
10512  42.206  -88.536  -2.733 0.1000000015
10514  40.155  -87.090  -2.913 0.1000000015
11505  38.589  -86.154  -2.218 0.1000000015
132553  37.952  -85.559  -2.121 0.1000000015
137671  41.315  -87.732  -3.203 0.1000000015
11515  39.971  -86.706  -3.765 0.1000000015
13494  37.061  -84.491  -2.326 0.1000000015
13495  36.561  -83.929  -2.726 0.1000000015
14487  36.191  -83.334  -3.138 0.1000000015
138589  35.078  -81.713  -3.051 0.1000000015
18507  33.680  -79.611  -2.907 0.1000000015
18524  33.594  -79.426  -3.754 0.1000000015
21348  38.162  -76.972  -2.802 0.1000000015
21349  37.513  -76.368  -3.227 0.1000000015
22374  36.678  -75.747  -3.577 0.1000000015
142559  35.838  -75.548  -3.738 0.1000000015
22376  35.340  -75.600  -4.418 0.1000000015
20417  33.666  -77.626  -3.577 0.1000000015
138962  33.541  -78.591  -4.091 0.1000000015
133042  38.145  -77.047  -3.389 0.1000000015
153044  37.762  -76.584  -3.772 0.1000000015
21351  34.066  -76.644  -3.977 0.1000000015
20399  38.827  -77.681  -2.794 0.1000000015
20416  39.247  -78.346  -3.269 0.1000000015
20434  38.698  -77.580  -3.769 0.1000000015
21382  38.349  -76.615  -5.383 0.1000000015
22392  36.375  -75.404  -5.518 0.1000000015
143568  35.015  -75.581  -5.773 0.1000000015
19492  39.664  -78.536  -2.358 0.1000000015
19505  39.640  -79.013  -2.915 0.1000000015
20433  39.262  -78.049  -4.323 0.1000000015
142564  37.065  -75.446  -5.950 0.1000000015
19526  39.755  -78.435  -4.903 0.1000000015
21401  38.428  -76.323  -6.356 0.1000000015
17534  41.697  -80.690  -3.686 0.1000000015
129654  40.280  -78.619  -5.452 0.1000000015
17545  41.818  -80.250  -4.861 0.1000000015
10498  42.124  -88.186  -1.761 0.1000000015
10499  41.070  -87.508  -1.611 0.1000000015
11487  40.306  -87.077  -1.071 0.1000000015
139752  39.674  -86.783  -1.509 0.1000000015
151346  40.734  -87.451  -2.566 0.1000000015
11497  38.932  -86.382  -1.391 0.1000000015
150673  37.812  -85.397  -1.503 0.1000000015
12483  37.491  -85.015  -1.874 0.1000000015
13484  37.128  -84.440  -1.456 0.1000000015
13485  36.627  -83.934  -1.843 0.1000000015
15445  35.654  -82.563  -2.179 0.1000000015
16430  35.196  -81.781  -2.240 0.1000000015
135049  34.354  -80.588  -2.176 0.1000000015
20383  33.982  -77.563  -1.724 0.1000000015
19506  33.595  -78.655  -3.096 0.1000000015
22352  36.885  -75.805  -2.716 0.1000000015
22321  34.914  -75.893  -1.990 0.1000000015
22336  34.796  -75.916  -2.880 0.1000000015
20401  33.815  -77.489  -2.561 0.1000000015
19490  41.202  -79.445  -2.029 0.1000000015
18504  40.847  -79.805  -2.111 0.1000000015
10472  41.423  -87.333  -0.151 0.1000000015
134204  39.818  -86.597  -0.249 0.1000000015
10487  41.316  -87.483  -0.965 0.1000000015
11489  38.984  -86.268  -0.580 0.1000000015
12461  38.075  -85.086  0.256 0.1000000015
11488  39.519  -86.615  -0.956 0.1000000015
153038  38.496  -85.939  -0.914 0.1000000015
12474  37.756  -85.045  -0.369 0.1000000015
13470  37.301  -84.402  -0.626 0.1000000015
13471  36.776  -83.859  -1.005 0.1000000015
14462  36.396  -83.410  -1.424 0.1000000015
15435  35.565  -82.144  -1.450 0.1000000015
17486  34.504  -80.361  -1.400 0.1000000015
16423  35.205  -81.538  -1.446 0.1000000015
19477  34.037  -78.289  -1.262 0.1000000015
129098  34.290  -79.051  -0.900 0.1000000015
129744  34.239  -79.625  -1.340 0.1000000015
22334  36.195  -75.504  -2.233 0.1000000015
21317  35.039  -75.910  -1.059 0.1000000015
20370  34.233  -77.517  -0.923 0.1000000015
147511  33.724  -79.096  -2.359 0.1000000015
21315  38.429  -76.403  -1.911 0.1000000015
22333  36.951  -75.620  -2.016 0.1000000015
131062  34.169  -76.886  -2.094 0.1000000015
21331  39.053  -77.048  -1.887 0.1000000015
21332  38.623  -77.096  -2.330 0.1000000015
11463  40.014  -86.253  1.242 0.1000000015
153625  39.720  -86.337  0.550 0.1000000015
12460  38.625  -85.437  0.591 0.1000000015
13458  37.641  -84.395  0.278 0.1000000015
14433  36.762  -82.941  0.254 0.1000000015
14449  36.452  -83.104  -0.645 0.1000000015
16410  36.005  -81.994  -0.130 0.1000000015
16411  35.529  -81.614  -0.669 0.1000000015
18473  35.239  -79.616  0.444 0.1000000015
17478  34.836  -80.427  -0.709 0.1000000015
147493  34.514  -77.374  -0.241 0.1000000015
142716  35.022  -78.721  0.456 0.1000000015
21299  34.551  -76.694  -0.722 0.1000000015
21316  37.771  -76.297  -2.404 0.1000000015
20397  40.256  -77.952  -1.757 0.1000000015
19502  41.719  -79.350  -2.236 0.1000000015
12448  39.619  -85.553  1.701 0.1000000015
13448  38.555  -84.191  1.598 0.1000000015
13457  38.240  -84.744  0.880 0.1000000015
14419  38.437  -83.278  1.921 0.1000000015
14420  38.017  -83.595  1.385 0.1000000015
15401  37.135  -82.569  0.986 0.1000000015
14432  37.452  -83.477  0.764 0.1000000015
15402  36.452  -82.091  0.503 0.1000000015
16376  36.367  -81.403  0.904 0.1000000015
16392  35.839  -81.313  0.282 0.1000000015
16393  35.490  -80.425  0.392 0.1000000015
19452  35.400  -78.299  0.988 0.1000000015
21298  35.076  -76.198  -0.138 0.1000000015
20362  34.767  -76.844  0.091 0.1000000015
129101  37.637  -75.669  -1.727 0.1000000015
143978  35.761  -75.493  -0.959 0.1000000015
19503  41.401  -78.739  -2.150 0.1000000015
20414  41.730  -78.553  -2.728 0.1000000015
15374  38.258  -82.372  2.091 0.1000000015
128056  37.779  -82.917  1.499 0.1000000015
15387  37.537  -82.123  1.607 0.1000000015
16375  37.334  -81.361  1.716 0.1000000015
15388  36.895  -81.789  1.214 0.1000000015
132187  36.701  -81.064  1.391 0.1000000015
17466  36.072  -80.668  1.008 0.1000000015
153669  35.678  -79.974  0.913 0.1000000015
18463  35.648  -79.172  1.103 0.1000000015
21330  40.707  -76.803  -1.703 0.1000000015
21314  39.216  -76.350  -1.655 0.1000000015
22301  35.511  -75.714  -0.397 0.1000000015
150662  41.094  -77.419  -1.967 0.1000000015
16364  38.467  -81.528  2.346 0.1000000015
17438  37.506  -80.003  2.136 0.1000000015
16365  37.878  -80.867  2.170 0.1000000015
20338  37.004  -77.660  2.212 0.1000000015
18449  37.104  -79.226  2.111 0.1000000015
17450  37.119  -80.616  1.813 0.1000000015
21260  36.602  -77.027  1.904 0.1000000015
18462  36.358  -79.187  1.708 0.1000000015
19451  35.963  -78.390  1.511 0.1000000015
22317  38.494  -75.364  -1.449 0.1000000015
23335  37.556  -74.966  -1.044 0.1000000015
147657  36.350  -75.270  -0.918 0.1000000015
22300  36.177  -75.302  -0.263 0.1000000015
21290  35.355  -76.620  0.713 0.1000000015
134057  41.483  -77.000  -2.583 0.1000000015
21259  37.274  -76.770  2.134 0.1000000015
19440  36.672  -78.433  2.015 0.1000000015
17439  36.786  -79.906  1.808 0.1000000015
21278  36.601  -76.329  1.651 0.1000000015
20352  36.281  -77.639  1.765 0.1000000015
23315  37.562  -74.510  -0.359 0.1000000015
22293  36.426  -75.351  0.539 0.1000000015
21279  36.004  -76.789  1.459 0.1000000015
23307  36.913  -74.793  0.059 0.1000000015
21289  36.038  -75.985  1.076 0.1000000015
149511  32.516  -86.813  -8.432 0.1000000015
12563  32.214  -85.343  -8.113 0.1000000015
145115  32.447  -83.030  -8.477 0.1000000015
14540  31.964  -83.769  -8.614 0.1000000015
142222  32.132  -83.053  -9.734 0.1000000015
19604  36.095  -78.450  -13.756 0.1000000015
15506  32.426  -82.441  -10.369 0.1000000015
20551  36.924  -77.485  -13.649 0.1000000015
132301  33.549  -80.119  -12.260 0.1000000015
17619  33.520  -81.114  -12.255 0.1000000015
16561  34.037  -81.750  -12.755 0.1000000015
16548  33.107  -81.536  -11.562 0.1000000015
6388  33.583  -92.557  -6.872 0.1000000015
148624  31.210  -85.115  -9.339 0.1000000015
11575  31.826  -86.205  -8.604 0.1000000015
131613  32.384  -83.488  -10.786 0.1000000015
7120  36.378  -92.264  -6.201 0.1000000015
11562  34.917  -86.884  -7.238 0.1000000015
11563  34.023  -86.514  -7.414 0.1000000015
21489  34.890  -76.861  -12.359 0.1000000015
19587  33.642  -78.548  -11.778 0.1000000015
7897  37.904  -90.937  -7.037 0.1000000015
8721  38.717  -89.731  -8.776 0.1000000015
9671  37.828  -88.728  -9.133 0.1000000015
9681  37.489  -88.986  -9.726 0.1000000015
9670  38.406  -88.681  -8.598 0.1000000015
10568  37.524  -88.012  -7.758 0.1000000015
13544  35.674  -84.536  -7.223 0.1000000015
127287  34.085  -83.845  -7.294 0.1000000015
18603  33.452  -79.247  -10.452 0.1000000015
16537  32.653  -81.460  -10.221 0.1000000015
21468  35.507  -76.148  -12.061 0.1000000015
20515  33.997  -77.001  -11.118 0.1000000015
152575  38.707  -87.195  -6.746 0.1000000015
11554  37.490  -86.294  -6.762 0.1000000015
11555  36.382  -86.326  -6.702 0.1000000015
7127  39.737  -91.999  -8.021 0.1000000015
16513  33.645  -81.003  -8.938 0.1000000015
16502  34.568  -81.193  -8.613 0.1000000015
127578  33.902  -80.255  -9.223 0.1000000015
20504  33.648  -77.792  -9.701 0.1000000015
9667  41.387  -89.307  -8.165 0.1000000015
6350  38.141  -92.690  -5.780 0.1000000015
7906  41.890  -91.053  -8.353 0.1000000015
8736  40.802  -90.711  -8.884 0.1000000015
12554  38.059  -84.322  -8.022 0.1000000015
15491  35.536  -81.455  -8.640 0.1000000015
21444  33.725  -76.967  -9.390 0.1000000015
7882  41.699  -91.112  -6.956 0.1000000015
148103  40.696  -87.743  -7.256 0.1000000015
10558  41.553  -87.141  -7.338 0.1000000015
12542  39.558  -84.626  -7.947 0.1000000015
14505  38.693  -83.523  -7.222 0.1000000015
14515  38.349  -83.138  -7.791 0.1000000015
15480  37.652  -82.595  -7.550 0.1000000015
16489  36.695  -81.502  -7.601 0.1000000015
19555  34.129  -78.604  -8.482 0.1000000015
23425  36.969  -74.779  -9.044 0.1000000015
22452  38.716  -75.751  -9.432 0.1000000015
22451  39.094  -75.767  -10.119 0.1000000015
10557  42.558  -87.353  -7.140 0.1000000015
7872  39.102  -91.182  -5.002 0.1000000015
7881  42.417  -90.090  -6.397 0.1000000015
7894  42.649  -90.543  -7.350 0.1000000015
13534  40.014  -84.523  -7.409 0.1000000015
13536  38.313  -83.895  -6.116 0.1000000015
132190  36.098  -81.368  -6.571 0.1000000015
19534  34.286  -78.851  -7.663 0.1000000015
145397  35.991  -74.693  -7.918 0.1000000015
22438  38.398  -75.662  -8.712 0.1000000015
11527  40.684  -85.953  -5.570 0.1000000015
12515  39.182  -85.294  -5.217 0.1000000015
14497  37.365  -83.683  -5.346 0.1000000015
18561  34.165  -79.177  -6.628 0.1000000015
18543  33.980  -79.939  -5.188 0.1000000015
22429  34.810  -75.440  -7.123 0.1000000015
22426  37.423  -75.189  -7.593 0.1000000015
21425  38.829  -76.181  -8.194 0.1000000015
134003  42.524  -88.146  -4.929 0.1000000015
10522  42.238  -88.473  -3.750 0.1000000015
12493  37.572  -85.102  -2.735 0.1000000015
13509  36.573  -83.829  -3.510 0.1000000015
17535  34.326  -80.575  -4.764 0.1000000015
17516  33.745  -80.090  -3.501 0.1000000015
21404  33.828  -76.776  -6.397 0.1000000015
21369  34.154  -76.439  -4.867 0.1000000015
21411  38.654  -76.259  -7.350 0.1000000015
21410  39.315  -76.733  -7.741 0.1000000015
20478  40.335  -77.938  -7.002 0.1000000015
9604  42.506  -89.115  -2.924 0.1000000015
11504  39.134  -86.403  -3.225 0.1000000015
130080  35.439  -82.288  -2.933 0.1000000015
17497  34.022  -80.366  -2.829 0.1000000015
133768  35.708  -75.376  -5.866 0.1000000015
19532  40.800  -78.833  -5.947 0.1000000015
21400  39.161  -76.893  -6.839 0.1000000015
20450  39.417  -77.762  -5.342 0.1000000015
18551  41.222  -79.489  -5.378 0.1000000015
11496  39.416  -86.689  -2.196 0.1000000015
14473  36.149  -83.289  -2.216 0.1000000015
16424  34.757  -81.108  -1.841 0.1000000015
22353  36.106  -75.538  -2.984 0.1000000015
21368  37.362  -76.012  -4.236 0.1000000015
22375  36.369  -75.550  -4.549 0.1000000015
22393  35.572  -75.481  -5.193 0.1000000015
22377  34.591  -75.988  -4.261 0.1000000015
20400  34.159  -76.672  -2.994 0.1000000015
18490  33.744  -78.301  -2.196 0.1000000015
21367  38.117  -76.765  -4.335 0.1000000015
22391  37.106  -75.629  -5.160 0.1000000015
20398  39.310  -77.685  -2.075 0.1000000015
19517  39.654  -78.868  -3.845 0.1000000015
148470  37.966  -76.099  -5.756 0.1000000015
20465  38.978  -77.095  -5.866 0.1000000015
20451  38.805  -77.312  -4.837 0.1000000015
19491  40.498  -79.018  -1.973 0.1000000015
19525  40.184  -79.086  -4.564 0.1000000015
18552  40.713  -79.480  -4.685 0.1000000015
17544  42.420  -80.917  -4.225 0.1000000015
18541  41.130  -80.033  -4.271 0.1000000015
143177  33.932  -79.039  -1.655 0.1000000015
22335  35.461  -75.612  -2.485 0.1000000015
21318  34.550  -76.427  -1.593 0.1000000015
20396  40.997  -78.457  -1.917 0.1000000015
15418  35.975  -82.376  -0.737 0.1000000015
17477  35.257  -80.823  -0.292 0.1000000015
20382  39.777  -77.089  -1.660 0.1000000015
20353  35.598  -77.554  1.215 0.1000000015
17451  36.554  -80.440  1.505 0.1000000015
22369  49.731  -75.607  -4.859 0.4000000060
135745  50.388  -78.668  -3.931 0.3000000119
20412  50.334  -77.917  -4.190 0.3000000119
22350  50.298  -76.359  -4.546 0.3000000119
22368  50.669  -75.471  -4.691 0.4000000060
23368  51.114  -74.584  -4.835 0.4000000060
21343  51.804  -77.120  -4.395 0.3000000119
22367  51.648  -75.366  -4.545 0.4000000060
128576  46.733  -78.980  -14.887 0.1000000015
149977  48.399  -79.494  -13.482 0.1000000015
17616  49.540  -80.255  -12.147 0.2000000030
18587  50.431  -80.600  -9.001 0.3000000119
23388  53.514  -74.379  -6.156 0.4000000060
19501  49.671  -79.131  -3.914 0.3000000119
20458  51.160  -77.962  -6.092 0.4000000060
16521  50.291  -80.827  -10.122 0.2000000030
18577  50.254  -80.155  -8.286 0.3000000119
19530  50.336  -78.543  -6.458 0.4000000060
138508  52.169  -77.513  -5.754 0.4000000060
22402  53.296  -75.122  -6.141 0.4000000060
18674  46.031  -79.022  -15.308 0.1000000015
17605  50.146  -80.104  -11.715 0.3000000119
21392  51.993  -76.572  -6.254 0.4000000060
142736  52.825  -75.845  -6.214 0.4000000060
128050  46.194  -79.079  -16.365 0.1000000015
24416  53.720  -73.609  -6.482 0.5000000000
18623  50.180  -79.590  -12.495 0.2000000030
18599  50.525  -79.892  -10.735 0.3000000119
18568  49.624  -79.283  -7.780 0.3000000119
149920  51.557  -77.279  -6.115 0.4000000060
25463  53.983  -73.047  -6.783 0.4000000060
25477  53.179  -72.057  -7.236 0.4000000060
19540  49.855  -78.962  -7.010 0.4000000060
20459  49.966  -77.641  -6.523 0.4000000060
22403  52.077  -75.510  -6.782 0.4000000060
23390  52.966  -75.018  -6.753 0.4000000060
23389  53.423  -74.539  -6.647 0.5000000000
132989  47.054  -78.899  -16.622 0.2000000030
18659  47.699  -78.739  -15.041 0.2000000030
148436  48.298  -79.071  -14.085 0.2000000030
18611  50.507  -79.831  -11.298 0.2000000030
18624  49.400  -79.864  -12.797 0.2000000030
18578  49.564  -79.454  -8.517 0.3000000119
19541  49.020  -78.528  -7.540 0.3000000119
21393  50.686  -76.918  -6.438 0.4000000060
18588  50.118  -79.812  -9.351 0.3000000119
19531  49.433  -78.122  -6.928 0.4000000060
22404  51.109  -75.961  -6.704 0.4000000060
23407  53.752  -73.872  -6.939 0.5000000000
24426  54.060  -73.277  -7.037 0.5000000000
25476  54.042  -72.523  -7.267 0.4000000060
20460  49.252  -77.373  -6.980 0.4000000060
23408  53.200  -74.397  -7.240 0.5000000000
24427  53.466  -73.792  -7.695 0.5000000000
25475  54.384  -72.772  -7.527 0.4000000060
19620  48.729  -78.596  -14.820 0.2000000030
135456  49.969  -79.404  -13.164 0.2000000030
19581  50.621  -79.126  -11.887 0.2000000030
18600  50.372  -79.630  -10.446 0.4000000060
19571  50.173  -79.047  -10.938 0.2000000030
19561  49.060  -79.086  -9.127 0.3000000119
19560  49.707  -79.182  -10.102 0.4000000060
19549  48.826  -78.849  -8.298 0.3000000119
23409  52.185  -74.696  -7.337 0.5000000000
134169  54.185  -73.289  -7.650 0.5000000000
26543  54.631  -72.198  -7.815 0.4000000060
136159  54.143  -71.997  -7.615 0.4000000060
20477  48.737  -77.672  -7.411 0.4000000060
21394  49.624  -76.885  -6.799 0.4000000060
24428  52.461  -74.022  -7.841 0.5000000000
18658  49.411  -78.692  -14.250 0.2000000030
19653  47.752  -78.631  -16.161 0.2000000030
18639  50.470  -78.971  -13.149 0.2000000030
26551  54.490  -71.738  -8.185 0.4000000060
19593  50.499  -78.483  -12.499 0.2000000030
20489  48.320  -78.104  -8.086 0.3000000119
21408  48.735  -76.590  -7.355 0.4000000060
22405  49.860  -75.933  -6.989 0.4000000060
18685  46.962  -79.332  -17.371 0.2000000030
19600  50.452  -78.429  -13.619 0.2000000030
19583  50.058  -78.622  -11.486 0.3000000119
19572  49.373  -78.643  -10.765 0.4000000060
27563  53.810  -71.256  -8.717 0.4000000060
19550  48.110  -78.355  -8.987 0.3000000119
22423  50.875  -75.001  -7.253 0.5000000000
24444  52.874  -73.500  -8.356 0.5000000000
28584  52.438  -69.566  -10.110 0.4000000060
129640  47.753  -78.888  -17.030 0.2000000030
146416  48.202  -77.264  -7.859 0.4000000060
25486  53.461  -72.995  -8.920 0.5000000000
25503  54.955  -72.193  -8.834 0.4000000060
133840  51.139  -67.025  -11.483 0.4000000060
19666  47.978  -79.232  -17.768 0.2000000030
19619  49.628  -78.192  -15.126 0.2000000030
19592  50.537  -78.395  -13.148 0.2000000030
144482  50.233  -78.276  -12.114 0.2000000030
24429  51.329  -74.111  -7.820 0.5000000000
24445  51.765  -73.475  -8.368 0.5000000000
17680  46.860  -80.397  -18.177 0.2000000030
19562  48.621  -78.619  -9.863 0.4000000060
147155  54.734  -72.605  -8.516 0.5000000000
18717  47.212  -80.188  -18.362 0.2000000030
29597  53.166  -68.689  -10.975 0.4000000060
140905  51.937  -67.359  -11.591 0.2000000030
28572  53.211  -70.104  -9.831 0.4000000060
27562  54.706  -71.451  -8.962 0.4000000060
19641  48.658  -78.426  -15.666 0.2000000030
20508  49.117  -78.157  -11.590 0.4000000060
25504  54.436  -72.541  -9.194 0.4000000060
26560  54.908  -71.675  -9.225 0.4000000060
19652  48.512  -78.415  -16.612 0.2000000030
20542  50.446  -77.904  -13.798 0.2000000030
142891  50.472  -77.910  -13.257 0.2000000030
19651  49.293  -78.052  -16.034 0.2000000030
28571  54.271  -70.070  -9.990 0.4000000060
27574  54.978  -71.002  -9.621 0.4000000060
26578  54.998  -71.324  -9.914 0.4000000060
21407  48.874  -75.588  -7.462 0.3000000119
25521  54.893  -72.047  -9.667 0.4000000060
20509  48.224  -78.173  -10.587 0.4000000060
20490  47.759  -77.456  -8.512 0.4000000060
21409  47.845  -76.572  -8.080 0.3000000119
142157  49.494  -74.920  -7.498 0.4000000060
20499  47.796  -78.087  -9.782 0.4000000060
24446  50.658  -73.453  -8.314 0.5000000000
19640  50.238  -77.655  -14.953 0.2000000030
28570  55.119  -70.232  -9.948 0.4000000060
25505  53.470  -72.563  -9.780 0.5000000000
139260  52.622  -72.635  -9.470 0.5000000000
22424  48.106  -75.734  -7.883 0.4000000060
24430  50.134  -74.165  -7.836 0.5000000000
25487  52.225  -72.961  -8.926 0.5000000000
24447  49.566  -73.463  -8.287 0.5000000000
24431  49.017  -74.167  -7.960 0.5000000000
22349  51.258  -76.303  -4.478 0.4000000060
22386  53.068  -75.976  -5.486 0.4000000060
28583  53.462  -69.463  -10.384 0.4000000060
27575  54.235  -70.746  -9.479 0.4000000060
25488  51.137  -72.798  -8.832 0.5000000000
17526  50.588  -80.418  -4.740 0.3000000119
18532  51.658  -79.551  -4.477 0.3000000119
20410  51.958  -78.337  -4.373 0.2000000030
129613  52.065  -77.680  -4.455 0.2000000030
128938  49.501  -81.496  -6.582 0.2000000030
17551  50.756  -80.510  -5.453 0.3000000119
151663  51.147  -80.097  -5.392 0.3000000119
18556  52.007  -79.173  -5.269 0.3000000119
149893  49.839  -81.497  -7.885 0.2000000030
17559  50.445  -81.002  -7.208 0.2000000030
18566  50.606  -80.383  -6.620 0.2000000030
17606  49.530  -80.676  -11.489 0.2000000030
17679  47.063  -81.610  -18.786 0.1000000015
15562  46.747  -82.673  -18.807 0.1000000015
150136  48.293  -74.873  -15.146 0.1000000015
148945  47.979  -81.136  -4.142 0.1000000015
18516  49.885  -79.738  -3.900 0.2000000030
19499  51.282  -78.771  -3.987 0.2000000030
17527  49.815  -80.652  -4.545 0.2000000030
147937  50.631  -79.738  -3.959 0.2000000030
16486  46.396  -81.839  -5.963 0.1000000015
16484  48.573  -81.596  -5.926 0.1000000015
127304  49.417  -81.362  -5.661 0.2000000030
16485  47.555  -81.841  -6.136 0.1000000015
16497  47.795  -81.647  -7.249 0.1000000015
147534  47.154  -79.933  -17.920 0.1000000015
131298  47.101  -80.900  -18.655 0.1000000015
20592  50.136  -76.862  -15.760 0.1000000015
126859  50.332  -76.789  -15.008 0.1000000015
21521  49.678  -76.374  -14.459 0.1000000015
21500  49.226  -76.730  -13.693 0.1000000015
21544  49.709  -76.639  -16.372 0.1000000015
22533  50.094  -76.126  -15.217 0.1000000015
22519  48.517  -76.020  -14.096 0.1000000015
21479  47.803  -76.977  -12.548 0.1000000015
22534  49.131  -75.503  -14.967 0.1000000015
21502  47.052  -75.884  -13.125 0.1000000015
22485  46.034  -76.020  -11.912 0.1000000015
22503  46.317  -75.716  -12.754 0.1000000015
22486  45.353  -75.462  -11.452 0.1000000015
153373  48.482  -81.160  -4.498 0.2000000030
16469  48.546  -81.482  -5.039 0.1000000015
21421  47.236  -76.715  -8.768 0.3000000119
20594  48.901  -78.087  -16.757 0.1000000015
20583  49.966  -77.558  -15.539 0.1000000015
20543  50.305  -77.443  -13.955 0.1000000015
20532  48.371  -77.495  -12.129 0.1000000015
20521  47.001  -77.131  -11.046 0.2000000030
23411  47.533  -74.995  -8.328 0.3000000119
23423  48.077  -74.225  -8.245 0.3000000119
17711  47.179  -81.218  -18.850 0.1000000015
20600  48.442  -78.147  -17.326 0.1000000015
21478  48.812  -77.160  -12.927 0.1000000015
21464  47.329  -77.095  -11.829 0.1000000015
21438  46.722  -76.651  -9.588 0.2000000030
22437  46.796  -75.367  -8.781 0.3000000119
21549  48.416  -77.213  -17.382 0.1000000015
21465  46.559  -76.603  -11.444 0.1000000015
22450  45.724  -75.295  -9.784 0.2000000030
23424  46.761  -74.573  -8.765 0.3000000119
22469  45.524  -75.513  -10.530 0.1000000015
23437  45.234  -74.961  -10.213 0.2000000030
23429  46.065  -74.086  -9.109 0.4000000060
22504  45.561  -75.432  -12.398 0.1000000015
22470  45.062  -75.071  -10.795 0.1000000015
23430  45.351  -74.451  -9.647 0.3000000119
18540  42.756  -79.649  -3.173 0.1000000015
18519  44.192  -80.748  -3.273 0.1000000015
25506  51.623  -72.277  -9.515 0.4000000060
25489  50.068  -72.793  -8.751 0.4000000060
23410  48.468  -74.917  -7.847 0.3000000119
24449  47.664  -73.570  -8.556 0.4000000060
25491  48.110  -72.806  -8.661 0.4000000060
24450  46.828  -73.767  -8.758 0.4000000060
24461  46.221  -73.223  -9.081 0.5000000000
22505  44.860  -75.046  -12.161 0.2000000030
22487  44.673  -74.890  -11.349 0.1000000015
137678  45.316  -73.453  -9.477 0.4000000060
23469  45.795  -74.765  -13.815 0.1000000015
23470  44.784  -74.681  -13.604 0.1000000015
128037  44.112  -74.469  -11.217 0.2000000030
23438  44.620  -74.448  -10.456 0.2000000030
23494  46.744  -74.564  -15.586 0.1000000015
128346  46.205  -74.596  -14.741 0.1000000015
23445  44.159  -74.671  -11.956 0.2000000030
23511  47.013  -74.514  -16.466 0.1000000015
23495  45.630  -74.604  -15.500 0.1000000015
26561  52.483  -72.161  -10.046 0.4000000060
25522  54.270  -72.284  -10.179 0.3000000119
25507  50.510  -72.156  -9.300 0.4000000060
25490  49.066  -72.779  -8.630 0.4000000060
25511  47.109  -72.852  -8.833 0.4000000060
133749  46.912  -72.049  -9.123 0.4000000060
25510  47.736  -72.116  -9.003 0.4000000060
148086  46.416  -72.532  -9.122 0.5000000000
25512  45.706  -72.599  -9.346 0.4000000060
23439  43.838  -73.933  -10.754 0.3000000119
23431  44.756  -73.872  -9.838 0.4000000060
25513  44.886  -72.579  -9.681 0.4000000060
23481  43.971  -74.644  -14.910 0.2000000030
136732  44.213  -74.617  -14.127 0.2000000030
23446  43.412  -74.198  -11.626 0.2000000030
23496  44.611  -74.669  -15.592 0.1000000015
23480  45.027  -74.623  -14.595 0.2000000030
22613  49.748  -74.016  -21.958 0.1000000015
26580  52.366  -71.570  -10.733 0.4000000060
130958  53.960  -72.034  -10.933 0.4000000060
26563  50.896  -71.639  -9.930 0.4000000060
134066  49.054  -71.578  -9.323 0.4000000060
26564  49.868  -71.423  -9.683 0.4000000060
26565  48.276  -71.479  -9.329 0.4000000060
26566  47.407  -71.454  -9.340 0.4000000060
140733  46.157  -71.913  -9.295 0.3000000119
26568  44.548  -71.822  -9.913 0.4000000060
26567  45.345  -71.833  -9.550 0.4000000060
24466  43.002  -73.355  -10.917 0.3000000119
24465  43.853  -73.222  -10.384 0.3000000119
24462  44.509  -73.227  -9.912 0.4000000060
23497  43.631  -74.533  -15.867 0.2000000030
149414  42.527  -74.124  -14.533 0.2000000030
23472  43.095  -74.377  -13.239 0.2000000030
23458  43.616  -74.487  -12.565 0.2000000030
127456  45.164  -74.792  -16.402 0.2000000030
22661  47.922  -74.515  -23.495 0.1000000015
22630  48.311  -74.738  -22.746 0.1000000015
24591  49.458  -73.645  -21.705 0.1000000015
27591  55.348  -70.393  -10.122 0.3000000119
26594  53.225  -71.457  -11.381 0.4000000060
26593  54.287  -71.582  -11.304 0.3000000119
147488  51.716  -71.081  -10.877 0.4000000060
27616  50.729  -70.089  -11.271 0.4000000060
26581  50.493  -70.994  -10.333 0.4000000060
27577  48.908  -70.875  -9.740 0.4000000060
26582  49.706  -70.757  -10.171 0.4000000060
27578  47.873  -70.807  -9.675 0.4000000060
27580  45.964  -71.062  -9.605 0.4000000060
27579  46.943  -70.839  -9.643 0.3000000119
25526  42.182  -72.053  -10.807 0.3000000119
25525  42.830  -72.441  -10.625 0.3000000119
26584  43.440  -72.080  -10.405 0.3000000119
27581  44.953  -71.075  -9.821 0.3000000119
24497  41.819  -73.539  -14.779 0.2000000030
24490  42.045  -73.842  -13.895 0.2000000030
25540  41.248  -73.106  -12.472 0.3000000119
130835  42.286  -73.358  -11.486 0.2000000030
25524  43.414  -72.710  -10.422 0.3000000119
25514  44.081  -72.486  -10.132 0.3000000119
23498  42.887  -74.242  -15.847 0.2000000030
132536  42.326  -74.075  -13.124 0.2000000030
23513  43.686  -74.478  -16.740 0.2000000030
28581  55.596  -69.484  -10.468 0.3000000119
29622  55.824  -69.197  -11.116 0.3000000119
27612  55.189  -70.500  -11.094 0.3000000119
141356  54.590  -71.050  -11.524 0.4000000060
26592  54.911  -71.123  -10.726 0.3000000119
27615  51.648  -70.200  -11.701 0.3000000119
27626  52.544  -69.905  -12.589 0.4000000060
28609  50.830  -69.690  -11.692 0.4000000060
27592  51.154  -70.660  -10.941 0.4000000060
28610  49.958  -69.614  -11.381 0.4000000060
27593  50.082  -70.309  -10.754 0.4000000060
28587  47.721  -69.689  -10.667 0.3000000119
27595  48.278  -70.250  -10.204 0.4000000060
27594  49.164  -70.298  -10.413 0.4000000060
27600  42.921  -71.081  -10.444 0.3000000119
129911  43.625  -70.578  -10.447 0.2000000030
133409  44.536  -70.468  -10.274 0.2000000030
28588  46.793  -69.674  -10.631 0.2000000030
27597  46.388  -70.262  -10.087 0.3000000119
27596  47.338  -70.212  -10.117 0.3000000119
26586  42.046  -71.234  -10.507 0.3000000119
138611  43.488  -71.410  -10.395 0.3000000119
27599  44.180  -71.196  -10.212 0.2000000030
27598  45.431  -70.357  -10.137 0.2000000030
130581  41.481  -72.953  -15.215 0.2000000030
25541  40.545  -72.541  -12.683 0.3000000119
25531  40.948  -72.487  -11.659 0.3000000119
147498  41.650  -72.495  -11.152 0.3000000119
30625  55.321  -68.166  -10.947 0.3000000119
148116  54.215  -69.032  -10.640 0.3000000119
28582  54.860  -69.535  -10.241 0.3000000119
29626  49.334  -68.859  -11.923 0.3000000119
29630  45.778  -68.661  -11.658 0.2000000030
29629  46.660  -68.728  -11.808 0.2000000030
28612  48.103  -69.254  -11.241 0.2000000030
29627  48.499  -68.897  -11.712 0.2000000030
28590  44.432  -69.176  -10.898 0.2000000030
28615  45.360  -69.187  -11.113 0.2000000030
28614  46.266  -69.215  -11.217 0.2000000030
28613  47.189  -69.218  -11.257 0.2000000030
29624  53.158  -67.825  -11.558 0.2000000030
23524  47.142  -74.582  -17.468 0.1000000015
25553  40.423  -72.314  -13.501 0.3000000119
23514  43.038  -74.199  -16.518 0.2000000030
151924  52.722  -76.041  -4.646 0.3000000119
20409  52.402  -77.750  -4.665 0.3000000119
19519  52.188  -79.138  -4.734 0.3000000119
18576  50.466  -80.685  -7.731 0.2000000030
19522  44.032  -79.445  -4.660 0.1000000015
17507  49.155  -80.227  -4.033 0.2000000030
20411  51.374  -77.979  -4.242 0.2000000030
20531  49.634  -77.708  -12.465 0.1000000015
21437  47.427  -77.495  -9.344 0.3000000119
30650  54.409  -67.789  -11.399 0.3000000119
20544  50.002  -77.387  -13.301 0.1000000015
26579  54.647  -71.813  -10.495 0.3000000119
20520  47.808  -77.627  -11.247 0.3000000119
22436  47.356  -75.889  -8.406 0.2000000030
20510  47.247  -77.456  -10.275 0.2000000030
20582  50.356  -77.082  -15.194 0.1000000015
17541  50.172  -81.013  -5.366 0.2000000030
18548  51.220  -80.038  -4.877 0.3000000119
16483  50.068  -81.352  -6.210 0.1000000015
16482  50.458  -81.046  -6.243 0.2000000030
128103  47.551  -75.729  -13.669 0.1000000015
152886  49.516  -80.412  -4.229 0.2000000030
20599  48.980  -77.411  -16.766 0.1000000015
21543  50.181  -75.993  -16.066 0.1000000015
21499  50.044  -76.978  -14.023 0.1000000015
21501  47.923  -76.458  -13.248 0.1000000015
21480  46.940  -76.423  -12.423 0.1000000015
21452  45.957  -76.084  -10.976 0.1000000015
21451  46.525  -76.685  -10.538 0.2000000030
21422  46.821  -76.093  -8.926 0.3000000119
151183  47.358  -74.238  -8.533 0.4000000060
24448  48.564  -73.494  -8.358 0.4000000060
22468  46.071  -76.025  -10.098 0.3000000119
22449  46.351  -75.736  -9.366 0.3000000119
138601  46.104  -74.943  -9.154 0.3000000119
25509  48.624  -72.134  -8.962 0.4000000060
23471  43.914  -74.578  -13.412 0.2000000030
26562  51.712  -71.753  -10.147 0.4000000060
25508  49.532  -72.132  -9.096 0.4000000060
139511  43.352  -74.455  -14.159 0.2000000030
26595  52.121  -70.941  -11.291 0.4000000060
23447  42.686  -73.793  -11.731 0.2000000030
27614  52.789  -70.721  -11.971 0.4000000060
27613  53.851  -71.137  -11.992 0.4000000060
26585  42.832  -71.700  -10.555 0.3000000119
25562  41.274  -72.912  -14.470 0.2000000030
137551  41.635  -73.562  -13.205 0.2000000030
27624  54.485  -70.538  -12.145 0.4000000060
28586  48.613  -69.746  -10.740 0.4000000060
138872  43.433  -69.567  -10.598 0.2000000030
148478  44.192  -69.902  -10.543 0.2000000030
28589  45.864  -69.708  -10.617 0.2000000030
27625  53.511  -70.457  -12.543 0.3000000119
28621  55.183  -69.894  -11.647 0.2000000030
28623  54.037  -70.003  -12.857 0.3000000119
29595  55.810  -68.615  -10.780 0.2000000030
29621  55.837  -68.527  -10.914 0.2000000030
16507  49.718  -81.504  -8.669 0.1000000015
16523  49.309  -81.517  -9.286 0.1000000015
16522  49.813  -81.404  -9.491 0.1000000015
17508  48.186  -80.649  -4.177 0.1000000015
17570  50.424  -81.042  -8.455 0.1000000015
131434  48.902  -80.870  -11.369 0.1000000015
17584  50.413  -80.991  -9.397 0.1000000015
16535  49.891  -81.171  -10.178 0.1000000015
31734  52.476  -66.088  -12.282 0.1000000015
31716  52.734  -66.888  -12.085 0.1000000015
32765  54.468  -65.536  -12.259 0.1000000015
31733  53.560  -66.243  -12.265 0.1000000015
30649  55.069  -67.512  -11.260 0.1000000015
31732  55.000  -66.417  -11.807 0.1000000015
30624  55.765  -67.908  -10.895 0.1000000015
31714  55.834  -66.665  -11.723 0.1000000015
31713  55.762  -67.089  -11.681 0.1000000015
29643  55.555  -68.694  -11.847 0.1000000015
28635  54.996  -69.248  -12.331 0.2000000030
30668  55.689  -67.946  -12.071 0.1000000015
30682  55.334  -67.678  -12.824 0.2000000030
28638  53.016  -69.378  -13.426 0.2000000030
146164  54.698  -68.279  -13.505 0.2000000030
29659  54.509  -68.913  -13.391 0.2000000030
29660  54.053  -68.987  -13.893 0.2000000030
134251  53.423  -69.865  -12.998 0.2000000030
30683  54.647  -67.516  -14.149 0.2000000030
29677  54.258  -68.465  -14.236 0.2000000030
29661  53.475  -68.874  -14.091 0.2000000030
29644  52.003  -69.044  -13.061 0.2000000030
28624  51.389  -69.472  -12.293 0.2000000030
28625  50.381  -69.148  -12.070 0.2000000030
151090  49.146  -68.499  -12.515 0.1000000015
31747  55.051  -66.262  -14.049 0.2000000030
29662  52.526  -68.639  -13.976 0.2000000030
29645  50.915  -68.768  -12.764 0.1000000015
30684  50.334  -67.879  -13.920 0.1000000015
29646  49.859  -68.490  -12.647 0.1000000015
31715  54.022  -67.103  -11.835 0.1000000015
32767  51.801  -65.513  -12.202 0.1000000015
32766  52.926  -65.299  -12.396 0.1000000015
32764  55.796  -65.729  -11.851 0.1000000015
29658  55.114  -68.473  -12.650 0.2000000030
29678  53.801  -68.440  -14.665 0.2000000030
26616  39.944  -71.921  -12.985 0.2000000030
26596  41.332  -71.889  -10.861 0.2000000030
26606  40.164  -71.985  -12.038 0.2000000030
26617  39.665  -71.106  -13.267 0.2000000030
26607  39.689  -71.315  -12.338 0.2000000030
135140  41.657  -70.281  -10.419 0.2000000030
26598  39.953  -71.405  -11.588 0.2000000030
27601  40.872  -71.027  -10.593 0.2000000030
27627  39.338  -70.505  -12.603 0.2000000030
27602  40.053  -70.459  -10.695 0.1000000015
28616  39.405  -69.749  -10.878 0.2000000030
135947  40.731  -70.074  -10.372 0.2000000030
28591  42.350  -69.508  -10.449 0.2000000030
28595  39.161  -68.972  -10.678 0.1000000015
28594  39.807  -69.088  -10.228 0.1000000015
28592  41.302  -69.354  -10.206 0.1000000015
149323  38.868  -67.629  -10.530 0.1000000015
30657  38.389  -67.743  -11.445 0.1000000015
32776  56.020  -65.544  -12.914 0.1000000015
29602  42.908  -68.754  -10.652 0.1000000015
135935  40.825  -68.126  -9.955 0.1000000015
145483  42.009  -68.694  -10.352 0.1000000015
29606  39.334  -68.346  -10.327 0.1000000015
29605  40.046  -68.296  -9.894 0.1000000015
31701  38.445  -66.868  -10.874 0.1000000015
31700  39.188  -66.655  -10.182 0.1000000015
151512  38.107  -65.554  -10.926 0.1000000015
150634  55.341  -65.371  -14.259 0.1000000015
144393  56.233  -63.942  -13.660 0.1000000015
32786  55.823  -64.645  -13.899 0.1000000015
29601  43.781  -68.714  -10.901 0.1000000015
143298  41.626  -67.970  -10.281 0.1000000015
30631  42.481  -67.975  -10.653 0.1000000015
31699  40.315  -66.828  -9.983 0.1000000015
32729  39.114  -65.645  -10.253 0.1000000015
32728  39.963  -65.894  -10.115 0.1000000015
33793  55.644  -63.833  -14.983 0.1000000015
151297  54.182  -67.448  -15.124 0.1000000015
148694  44.264  -67.570  -11.471 0.1000000015
30654  45.397  -68.124  -11.960 0.1000000015
31721  43.535  -66.712  -11.277 0.1000000015
30656  43.786  -67.450  -11.236 0.1000000015
30630  43.345  -68.057  -10.969 0.1000000015
29631  44.165  -68.103  -11.281 0.1000000015
142772  42.759  -66.402  -10.883 0.1000000015
31696  43.007  -67.276  -10.898 0.1000000015
32750  42.607  -65.478  -11.055 0.1000000015
32726  41.861  -66.009  -10.479 0.1000000015
30632  41.078  -67.377  -10.098 0.1000000015
31697  42.045  -67.077  -10.441 0.1000000015
129888  41.896  -64.240  -10.965 0.1000000015
33717  41.757  -65.035  -10.709 0.1000000015
31698  41.249  -66.652  -10.242 0.1000000015
127199  40.725  -65.164  -10.396 0.1000000015
33770  55.026  -64.673  -15.287 0.1000000015
32787  54.527  -65.637  -15.250 0.1000000015
29650  46.141  -68.180  -12.346 0.1000000015
33735  43.297  -64.980  -11.769 0.1000000015
33736  42.480  -64.597  -11.288 0.1000000015
29649  46.982  -68.365  -12.453 0.1000000015
28626  39.023  -69.842  -11.889 0.1000000015
28617  38.821  -69.139  -11.285 0.1000000015
32727  40.905  -66.012  -10.287 0.1000000015
129882  39.694  -65.056  -10.257 0.1000000015
30671  45.499  -67.460  -12.451 0.1000000015
25658  45.615  -72.217  -23.129 0.1000000015
27710  45.302  -70.806  -22.126 0.1000000015
26718  45.752  -71.493  -23.708 0.1000000015
150706  45.625  -72.553  -25.812 0.1000000015
25704  44.856  -73.128  -26.758 0.1000000015
23658  44.000  -74.470  -26.749 0.1000000015
142323  43.520  -76.219  -24.724 0.1000000015
25646  45.317  -72.663  -22.256 0.1000000015
143201  44.865  -71.851  -21.691 0.1000000015
146185  45.250  -72.688  -26.379 0.1000000015
24645  45.238  -73.562  -26.454 0.1000000015
27699  44.353  -70.445  -20.652 0.1000000015
26694  44.149  -71.237  -20.405 0.1000000015
25647  44.761  -72.777  -21.286 0.1000000015
24623  46.197  -73.058  -24.206 0.1000000015
134037  45.782  -70.846  -23.243 0.1000000015
144447  43.545  -72.008  -19.358 0.1000000015
25618  44.332  -72.968  -20.394 0.1000000015
27711  44.934  -70.155  -21.384 0.1000000015
27700  43.984  -70.038  -20.210 0.1000000015
28700  43.234  -68.897  -19.384 0.1000000015
28710  44.677  -69.561  -20.755 0.1000000015
28711  44.149  -69.354  -20.215 0.1000000015
29729  43.877  -68.830  -19.933 0.1000000015
145416  44.401  -71.987  -20.810 0.1000000015
21630  43.429  -76.040  -23.746 0.1000000015
5669  36.313  -93.825  -5.852 0.1000000015
6382  39.542  -92.040  -7.595 0.1000000015
7118  38.611  -91.886  -7.315 0.1000000015
7125  41.182  -91.763  -8.467 0.1000000015
7126  40.405  -92.032  -8.242 0.1000000015
7907  40.578  -91.220  -8.774 0.1000000015
7908  39.676  -91.367  -8.237 0.1000000015
7914  41.187  -91.304  -8.756 0.1000000015
8681  43.611  -88.865  -6.765 0.1000000015
8705  43.149  -89.877  -7.573 0.1000000015
8717  43.234  -89.381  -7.607 0.1000000015
8718  42.661  -90.165  -8.051 0.1000000015
8737  40.076  -90.369  -8.921 0.1000000015
8738  39.364  -89.839  -8.926 0.1000000015
9635  43.668  -88.417  -7.004 0.1000000015
9652  43.275  -88.460  -7.304 0.1000000015
10486  42.339  -87.915  -0.856 0.1000000015
10500  40.312  -87.239  -1.999 0.1000000015
10513  41.337  -87.737  -2.305 0.1000000015
10523  41.635  -87.459  -4.525 0.1000000015
10559  39.233  -87.687  -6.956 0.1000000015
10584  32.051  -87.131  -8.937 0.1000000015
11477  39.094  -86.071  0.188 0.1000000015
12459  39.285  -85.828  0.963 0.1000000015
12473  38.410  -85.627  -0.241 0.1000000015
12482  38.015  -85.482  -0.928 0.1000000015
12492  38.254  -85.689  -2.983 0.1000000015
12503  37.849  -85.156  -3.758 0.1000000015
12530  39.792  -84.708  -6.497 0.1000000015
12553  38.957  -84.216  -8.193 0.1000000015
12555  33.774  -85.528  -7.249 0.1000000015
12556  32.957  -85.404  -7.634 0.1000000015
13449  37.931  -84.107  1.018 0.1000000015
13524  36.872  -83.930  -4.325 0.1000000015
13543  36.900  -84.417  -7.649 0.1000000015
13551  38.622  -83.738  -8.170 0.1000000015
13556  32.657  -84.587  -7.702 0.1000000015
13566  31.993  -84.499  -8.264 0.1000000015
13567  31.517  -84.493  -8.973 0.1000000015
14448  37.038  -83.711  -0.146 0.1000000015
14474  35.797  -82.868  -2.813 0.1000000015
14486  36.330  -83.344  -3.998 0.1000000015
14525  39.009  -83.704  -7.954 0.1000000015
14526  38.435  -83.307  -8.124 0.1000000015
14546  31.724  -83.841  -9.371 0.1000000015
15375  37.879  -81.662  2.020 0.1000000015
15417  36.318  -82.511  -0.137 0.1000000015
15434  36.023  -82.825  -1.439 0.1000000015
15459  36.160  -82.761  -4.586 0.1000000015
15468  36.584  -82.676  -5.478 0.1000000015
15489  37.757  -82.796  -8.157 0.1000000015
15490  37.193  -82.212  -8.381 0.1000000015
15503  32.413  -82.544  -9.002 0.1000000015
15511  32.680  -82.794  -11.029 0.1000000015
16431  34.591  -81.132  -2.776 0.1000000015
16444  34.783  -81.416  -3.660 0.1000000015
16454  49.257  -81.065  -4.859 0.2000000030
16456  47.061  -82.029  -4.289 0.1000000015
16458  45.256  -82.118  -3.757 0.1000000015
16462  35.145  -81.592  -4.453 0.1000000015
16476  34.918  -81.105  -5.185 0.1000000015
16494  50.142  -81.313  -8.104 0.1000000015
16500  36.734  -81.693  -8.364 0.1000000015
16506  50.174  -81.287  -8.999 0.1000000015
16511  36.166  -81.296  -8.578 0.1000000015
16512  35.396  -80.857  -8.647 0.1000000015
16514  32.846  -81.738  -8.963 0.1000000015
16625  46.918  -82.170  -18.752 0.1000000015
17452  36.133  -79.913  1.403 0.1000000015
17485  34.978  -81.003  -1.037 0.1000000015
17509  47.332  -81.167  -3.991 0.1000000015
17528  48.910  -80.720  -4.306 0.2000000030
17529  46.538  -80.542  -4.141 0.2000000030
17532  43.023  -81.402  -3.609 0.1000000015
17533  42.291  -81.221  -3.194 0.1000000015
17536  33.772  -80.078  -4.266 0.1000000015
17575  35.701  -80.723  -8.464 0.1000000015
17593  50.476  -80.333  -10.621 0.3000000119
17594  50.120  -80.647  -10.892 0.2000000030
17595  49.358  -81.113  -10.806 0.1000000015
17599  32.974  -80.695  -10.223 0.1000000015
17610  32.823  -80.989  -10.846 0.1000000015
17626  34.407  -79.888  -13.268 0.1000000015
18474  34.733  -79.267  -0.184 0.1000000015
18482  34.983  -80.078  -0.153 0.1000000015
18483  34.574  -79.809  -0.761 0.1000000015
18505  40.206  -79.327  -2.430 0.1000000015
18506  33.953  -79.854  -2.051 0.1000000015
18515  51.289  -79.433  -4.010 0.3000000119
18517  48.978  -79.637  -3.996 0.2000000030
18533  50.988  -79.896  -4.310 0.3000000119
18534  50.131  -80.185  -4.150 0.2000000030
18547  51.698  -79.680  -5.043 0.3000000119
18553  34.298  -79.716  -5.970 0.1000000015
18562  33.631  -78.494  -5.931 0.1000000015
18612  50.503  -79.526  -12.059 0.2000000030
18622  50.608  -78.969  -12.518 0.2000000030
18640  50.086  -78.864  -13.686 0.2000000030
18641  49.170  -79.367  -13.503 0.2000000030
18657  50.240  -78.150  -14.300 0.2000000030
18660  47.189  -79.282  -14.203 0.1000000015
18673  46.849  -78.851  -15.732 0.1000000015
18701  47.600  -79.673  -18.072 0.2000000030
18730  47.150  -80.383  -18.670 0.1000000015
19439  37.482  -78.476  2.347 0.1000000015
19460  34.926  -77.636  0.475 0.1000000015
19468  34.480  -78.268  -0.338 0.1000000015
19498  51.918  -79.006  -4.257 0.3000000119
19500  50.571  -79.284  -3.862 0.2000000030
19504  39.981  -79.444  -3.159 0.1000000015
19524  40.638  -79.093  -5.245 0.1000000015
19533  40.313  -78.278  -6.229 0.1000000015
19570  50.471  -79.374  -11.236 0.2000000030
19582  50.496  -78.823  -11.741 0.2000000030
19586  33.938  -77.902  -12.061 0.1000000015
19605  35.341  -78.521  -13.548 0.1000000015
19606  34.640  -78.443  -13.142 0.1000000015
20415  41.366  -77.940  -2.337 0.1000000015
20426  52.651  -77.805  -4.902 0.3000000119
20427  52.308  -78.453  -4.672 0.3000000119
20428  48.520  -78.137  -4.475 0.3000000119
20429  47.669  -77.751  -4.921 0.2000000030
20432  41.609  -77.612  -3.128 0.1000000015
20435  33.551  -77.957  -4.501 0.1000000015
20442  52.540  -77.725  -5.246 0.4000000060
20461  44.225  -77.787  -6.030 0.1000000015
20462  43.318  -77.632  -6.021 0.1000000015
20480  33.729  -77.445  -7.907 0.1000000015
20494  33.743  -77.849  -8.458 0.1000000015
20535  35.161  -77.278  -12.880 0.1000000015
20552  36.293  -77.721  -13.565 0.1000000015
20564  50.309  -77.382  -14.537 0.1000000015
20593  49.526  -77.473  -16.169 0.1000000015
20640  46.826  -77.122  -19.482 0.1000000015
21333  34.513  -76.339  -2.311 0.1000000015
21342  52.501  -76.922  -4.585 0.2000000030
21344  50.888  -77.183  -4.348 0.3000000119
21350  34.515  -76.158  -3.565 0.1000000015
21383  37.729  -76.141  -5.098 0.1000000015
21384  34.309  -76.156  -5.799 0.1000000015
21402  37.524  -75.770  -5.650 0.1000000015
21412  34.236  -76.089  -7.463 0.1000000015
21454  41.356  -76.617  -10.597 0.1000000015
21488  35.659  -76.776  -12.762 0.1000000015
21508  37.376  -76.939  -13.548 0.1000000015
21520  50.220  -76.884  -14.572 0.1000000015
21535  50.200  -76.424  -15.486 0.1000000015
22256  37.653  -76.103  2.084 0.1000000015
22280  36.768  -75.593  1.263 0.1000000015
22294  35.696  -75.787  0.310 0.1000000015
22299  36.855  -74.979  -0.589 0.1000000015
22318  36.889  -75.298  -1.317 0.1000000015
22319  36.240  -75.415  -1.518 0.1000000015
22320  35.548  -75.591  -1.699 0.1000000015
22347  52.976  -76.271  -4.815 0.5000000000
22348  52.162  -76.208  -4.476 0.3000000119
22354  35.037  -75.726  -3.677 0.1000000015
22366  53.245  -75.692  -5.094 0.5000000000
22388  46.589  -75.843  -5.845 0.2000000030
22394  34.765  -75.791  -5.047 0.1000000015
22413  36.274  -75.162  -6.405 0.1000000015
22428  35.261  -75.010  -7.873 0.1000000015
22454  37.058  -74.879  -9.814 0.1000000015
22489  39.360  -75.622  -11.467 0.1000000015
22491  37.817  -75.382  -11.344 0.1000000015
22493  35.905  -75.611  -11.636 0.1000000015
22508  38.560  -75.660  -12.393 0.1000000015
22560  49.589  -75.404  -17.797 0.1000000015
22614  49.541  -74.336  -21.730 0.1000000015
22629  49.253  -74.277  -22.396 0.1000000015
22674  43.702  -75.030  -26.464 0.1000000015
22686  43.915  -75.218  -27.028 0.1000000015
23366  52.856  -74.673  -4.866 0.5000000000
23427  35.620  -74.791  -8.428 0.1000000015
23433  35.663  -74.789  -8.997 0.1000000015
23457  44.427  -74.701  -12.780 0.2000000030
23459  42.825  -74.172  -12.419 0.2000000030
23482  43.111  -74.390  -15.122 0.2000000030
23512  44.393  -74.732  -17.023 0.3000000119
23522  49.672  -73.828  -17.725 0.1000000015
23535  50.231  -73.953  -18.038 0.1000000015
23559  45.694  -74.570  -19.974 0.1000000015
23577  50.089  -73.894  -20.732 0.2000000030
23608  49.695  -73.842  -21.869 0.1000000015
23609  49.328  -73.947  -22.506 0.1000000015
23610  48.902  -74.108  -23.176 0.1000000015
24413  40.035  -73.565  -5.640 0.1000000015
24443  54.322  -72.994  -8.410 0.5000000000
24460  54.601  -72.815  -8.033 0.5000000000
24464  44.299  -73.727  -10.227 0.4000000060
24470  41.685  -73.039  -11.644 0.3000000119
24481  42.062  -73.625  -12.289 0.2000000030
24496  42.416  -73.936  -15.411 0.2000000030
24504  42.507  -73.771  -16.242 0.2000000030
24516  42.237  -73.246  -16.639 0.3000000119
24525  43.185  -73.761  -17.847 0.2000000030
24539  50.080  -73.732  -18.349 0.1000000015
24540  44.239  -74.268  -18.725 0.2000000030
24557  49.905  -73.639  -19.236 0.1000000015
24577  49.199  -73.563  -20.927 0.2000000030
24590  49.871  -73.761  -21.053 0.2000000030
24612  45.818  -72.868  -23.256 0.1000000015
24657  44.459  -73.840  -26.670 0.1000000015
25420  41.519  -72.782  -3.367 0.1000000015
25430  39.714  -72.674  -3.876 0.1000000015
25472  40.661  -72.677  -6.342 0.2000000030
25485  54.794  -72.383  -8.165 0.4000000060
25523  53.328  -72.146  -10.497 0.4000000060
25530  42.205  -72.842  -11.011 0.3000000119
25552  41.002  -72.932  -13.514 0.2000000030
25563  40.706  -72.357  -14.272 0.3000000119
25570  41.087  -72.397  -15.082 0.3000000119
25575  42.358  -72.846  -17.262 0.3000000119
25601  43.130  -72.163  -18.634 0.2000000030
25635  43.943  -72.011  -20.072 0.2000000030
25668  45.802  -72.201  -24.076 0.1000000015
25681  45.683  -72.149  -25.155 0.1000000015
26472  44.020  -71.292  -1.429 0.1000000015
26533  48.244  -71.067  -6.194 0.5000000000
26550  54.892  -71.942  -8.472 0.4000000060
26583  43.948  -71.799  -10.234 0.3000000119
26597  40.503  -71.721  -11.202 0.2000000030
26628  40.168  -71.612  -13.985 0.2000000030
26661  41.739  -71.131  -16.920 0.3000000119
26707  45.415  -71.677  -22.629 0.1000000015
26708  44.622  -71.066  -21.141 0.1000000015
27483  43.988  -70.498  -1.532 0.1000000015
27540  42.493  -70.660  -6.569 0.3000000119
27551  52.541  -71.504  -7.739 0.5000000000
27603  40.052  -69.787  -10.411 0.1000000015
27617  40.128  -71.113  -11.036 0.2000000030
27618  39.569  -70.675  -11.529 0.2000000030
27634  39.416  -70.312  -13.512 0.3000000119
27668  42.246  -70.216  -17.964 0.2000000030
27676  43.115  -70.276  -19.037 0.2000000030
28491  43.069  -70.149  -1.523 0.1000000015
28503  38.611  -70.190  -2.069 0.1000000015
28580  55.938  -69.085  -10.617 0.2000000030
28585  49.372  -69.830  -10.865 0.4000000060
28593  40.485  -69.438  -10.186 0.1000000015
28608  55.665  -69.684  -10.603 0.3000000119
28611  48.979  -69.353  -11.284 0.4000000060
28622  54.547  -69.896  -12.479 0.2000000030
28636  54.290  -69.481  -13.146 0.3000000119
28637  53.794  -69.485  -13.472 0.2000000030
28656  40.153  -69.648  -15.310 0.3000000119
28670  41.243  -69.592  -17.008 0.2000000030
28683  41.557  -69.064  -17.733 0.2000000030
28691  41.927  -68.626  -18.331 0.2000000030
28699  43.541  -69.647  -19.648 0.1000000015
29520  37.810  -67.882  -1.827 0.1000000015
29596  55.224  -68.876  -10.547 0.3000000119
29603  41.277  -68.605  -10.091 0.1000000015
29604  40.598  -68.834  -9.986 0.1000000015
29623  54.234  -68.435  -11.072 0.3000000119
29632  38.766  -68.430  -10.904 0.1000000015
29651  38.423  -68.251  -12.338 0.2000000030
29683  38.806  -67.752  -14.162 0.1000000015
30492  39.022  -67.075  2.619 0.1000000015
30506  40.795  -67.250  1.410 0.1000000015
30529  41.275  -67.778  0.080 0.1000000015
30591  45.702  -67.142  -7.011 0.3000000119
30592  45.101  -66.774  -6.808 0.2000000030
30623  55.768  -68.088  -11.072 0.1000000015
30633  40.355  -67.644  -9.894 0.1000000015
30634  39.630  -67.576  -10.002 0.1000000015
30648  55.724  -67.782  -11.417 0.1000000015
30655  44.767  -67.702  -11.786 0.1000000015
30690  38.442  -67.138  -13.809 0.1000000015
30698  53.987  -67.878  -15.131 0.1000000015
30707  39.186  -67.535  -14.905 0.1000000015
30738  39.933  -67.715  -16.174 0.1000000015
30746  41.208  -67.385  -17.931 0.1000000015
30747  40.743  -67.818  -17.378 0.1000000015
31588  39.104  -66.492  1.826 0.1000000015
31653  44.544  -66.475  -6.697 0.2000000030
31692  55.679  -67.539  -11.469 0.1000000015
31719  49.828  -65.987  -11.264 0.2000000030
31737  43.923  -66.306  -11.703 0.1000000015
31738  37.924  -66.712  -12.616 0.1000000015
31746  55.661  -66.713  -12.862 0.2000000030
31751  38.047  -66.552  -13.430 0.1000000015
31759  54.311  -66.744  -15.123 0.1000000015
31780  38.941  -65.844  -15.737 0.1000000015
32712  45.622  -64.440  -9.110 0.1000000015
32722  49.092  -65.731  -10.961 0.2000000030
32730  38.550  -66.029  -10.614 0.1000000015
32770  37.565  -65.287  -12.373 0.1000000015
32778  37.883  -65.807  -13.735 0.1000000015
32791  38.197  -65.513  -14.508 0.1000000015
32827  39.207  -65.160  -16.450 0.1000000015
33595  37.034  -64.717  2.257 0.1000000015
33681  43.529  -64.547  -6.644 0.1000000015
33683  42.308  -64.094  -6.089 0.1000000015
33695  45.202  -64.195  -8.552 0.1000000015
33706  46.223  -64.701  -9.536 0.1000000015
33753  37.511  -64.381  -12.247 0.1000000015
33803  38.415  -64.598  -15.475 0.1000000015
34595  36.645  -63.665  -1.789 0.1000000015
34702  51.494  -63.295  -11.830 0.1000000015
34703  50.028  -63.790  -11.429 0.2000000030
35546  36.434  -62.059  1.522 0.1000000015
35579  36.656  -62.835  -1.507 0.1000000015
35615  38.771  -62.833  -4.335 0.1000000015
35648  43.423  -62.337  -7.231 0.1000000015
35684  48.079  -62.361  -10.609 0.1000000015
36596  36.641  -61.757  -0.236 0.1000000015
37754  40.073  -61.132  -4.952 0.1000000015
38797  40.417  -59.507  -4.339 0.1000000015
39817  40.857  -58.779  -4.081 0.1000000015
127211  40.322  -70.957  -14.758 0.3000000119
127457  46.098  -74.638  -16.181 0.1000000015
127646  45.586  -71.384  -1.306 0.1000000015
128066  32.085  -83.233  -9.016 0.1000000015
128086  50.096  -81.379  -7.118 0.2000000030
128305  44.289  -74.675  -16.319 0.2000000030
128509  35.664  -74.955  -7.150 0.1000000015
128627  36.423  -62.784  1.218 0.1000000015
129223  40.421  -77.673  -7.763 0.1000000015
129649  37.407  -65.506  0.265 0.1000000015
129736  48.722  -76.382  -17.729 0.1000000015
129748  48.541  -74.028  -18.788 0.2000000030
129807  34.547  -92.276  -6.577 0.1000000015
130351  44.963  -69.779  -10.604 0.2000000030
130784  51.349  -71.278  -10.514 0.4000000060
130870  38.487  -65.233  -10.533 0.1000000015
131729  37.431  -66.115  -2.872 0.2000000030
132038  34.254  -76.986  -1.402 0.1000000015
132372  39.294  -69.724  -13.829 0.3000000119
133005  40.212  -85.396  -7.619 0.1000000015
133422  47.538  -74.448  -18.948 0.2000000030
133481  40.419  -87.183  -7.146 0.1000000015
133675  40.330  -69.150  -15.809 0.2000000030
133750  40.174  -74.131  -5.410 0.1000000015
134035  37.223  -75.423  -11.712 0.1000000015
134253  45.749  -74.836  -19.021 0.1000000015
134601  42.671  -70.380  -10.459 0.2000000030
134682  34.486  -75.738  -8.639 0.1000000015
135378  33.693  -77.561  -9.025 0.1000000015
135587  50.449  -80.329  -9.973 0.3000000119
136031  40.654  -87.088  -0.373 0.1000000015
136423  41.457  -73.977  -6.498 0.2000000030
136607  40.243  -64.320  -10.355 0.1000000015
136658  41.536  -73.368  -13.974 0.2000000030
137793  50.215  -73.929  -19.924 0.1000000015
137898  38.223  -63.006  -3.882 0.1000000015
138315  33.930  -79.802  -12.781 0.1000000015
140194  50.732  -80.486  -6.049 0.3000000119
140455  37.538  -84.997  -1.119 0.1000000015
140814  43.529  -68.301  -19.658 0.1000000015
141217  49.228  -75.082  -20.062 0.1000000015
141620  53.763  -73.383  -8.202 0.5000000000
141790  38.554  -68.546  -11.597 0.2000000030
142178  38.379  -75.501  -10.057 0.1000000015
142508  37.737  -75.717  -6.242 0.1000000015
142970  40.794  -71.109  -15.478 0.3000000119
143315  49.653  -73.627  -20.176 0.2000000030
143351  47.710  -81.992  -5.071 0.2000000030
143486  44.889  -68.518  -11.424 0.1000000015
143951  46.678  -71.460  -9.377 0.4000000060
144652  38.292  -85.812  -1.501 0.1000000015
144717  44.521  -74.678  -17.914 0.2000000030
144945  43.206  -74.134  -17.172 0.2000000030
145054  45.743  -74.884  -17.972 0.3000000119
145340  50.362  -77.921  -12.728 0.2000000030
145930  36.979  -93.449  -5.597 0.1000000015
146704  50.154  -81.188  -9.646 0.1000000015
146754  50.172  -74.201  -19.397 0.1000000015
146785  38.889  -82.857  2.356 0.1000000015
147354  53.355  -75.095  -5.161 0.5000000000
147620  37.664  -67.051  -3.620 0.2000000030
148211  50.436  -68.301  -13.227 0.1000000015
148357  43.834  -72.665  -19.673 0.2000000030
148440  41.519  -58.423  -3.522 0.1000000015
148660  34.566  -80.590  -8.828 0.1000000015
148725  35.442  -75.618  -3.155 0.1000000015
149189  42.652  -74.223  -13.790 0.2000000030
149305  40.276  -91.714  -8.486 0.1000000015
150038  44.332  -68.629  -11.123 0.2000000030
150238  48.894  -80.265  -12.451 0.2000000030
150545  36.224  -75.776  -12.062 0.1000000015
150618  49.913  -73.918  -21.408 0.2000000030
150709  50.874  -78.375  -4.028 0.3000000119
150891  43.915  -70.701  -20.153 0.1000000015
150902  47.543  -79.331  -4.470 0.3000000119
151047  35.180  -80.099  -7.597 0.1000000015
151442  53.239  -71.801  -10.915 0.4000000060
151536  41.976  -58.248  -4.014 0.1000000015
152078  38.125  -64.121  -3.914 0.1000000015
152139  39.891  -78.144  -5.685 0.1000000015
152411  47.940  -79.416  -18.023 0.2000000030
152443  41.325  -65.549  -10.471 0.1000000015
152470  40.903  -70.591  -15.949 0.3000000119
152542  46.720  -71.704  -6.411 0.5000000000
153053  34.609  -80.555  -13.440 0.1000000015
153186  42.602  -69.467  -18.648 0.2000000030
153520  33.648  -78.014  -2.853 0.1000000015
153615  36.112  -81.602  -8.660 0.1000000015
153662  48.917  -73.871  -18.044 0.2000000030
153672  33.751  -77.413  -10.799 0.1000000015
