#!ascii label  , from subject sub-v1s1x0050667_ses-1 vox2ras=TkReg
1513
34764  6.369  -63.204  60.010 0.0000000000
63266  38.990  -32.819  40.489 0.0000000000
44320  24.170  -52.384  54.985 0.0000000000
44308  35.888  -52.496  55.505 0.0000000000
41434  17.503  -55.823  55.256 0.0000000000
38279  12.884  -59.151  63.131 0.0000000000
71153  45.230  -24.184  35.772 0.0000000000
68471  45.292  -26.279  44.333 0.0000000000
53781  32.916  -43.578  49.730 0.0000000000
73725  48.923  -20.739  29.291 0.0000000000
43300  23.905  -54.024  60.089 0.0000000000
137137  9.050  -60.545  61.541 0.0000000000
69362  44.801  -25.304  40.057 0.0000000000
67666  40.970  -28.340  38.735 0.0000000000
60545  40.519  -35.311  44.528 0.0000000000
63201  44.960  -32.930  45.874 0.0000000000
58742  36.547  -38.005  44.142 0.0000000000
47150  30.430  -49.419  51.375 0.0000000000
44341  29.819  -52.856  54.327 0.0000000000
40373  20.339  -56.752  60.739 0.0000000000
37436  18.288  -59.585  64.765 0.0000000000
39318  15.226  -58.115  59.031 0.0000000000
39336  11.286  -58.717  57.403 0.0000000000
44324  20.764  -52.924  55.351 0.0000000000
72899  49.093  -21.625  35.063 0.0000000000
71993  49.748  -21.699  40.832 0.0000000000
121316  42.494  -29.450  42.378 0.0000000000
55764  37.873  -40.973  49.990 0.0000000000
49074  33.966  -47.029  53.583 0.0000000000
71198  46.479  -23.772  31.729 0.0000000000
69434  50.237  -25.461  31.853 0.0000000000
68604  51.870  -26.530  27.703 0.0000000000
41375  23.457  -55.673  62.573 0.0000000000
35742  7.656  -61.968  61.426 0.0000000000
35714  7.493  -61.544  64.917 0.0000000000
121407  5.840  -63.127  64.032 0.0000000000
67688  41.744  -28.129  36.503 0.0000000000
59616  41.201  -36.368  47.374 0.0000000000
60510  43.303  -35.406  47.699 0.0000000000
139099  1.859  -67.819  61.676 0.0000000000
59695  36.704  -36.930  41.267 0.0000000000
117621  24.746  -52.171  52.687 0.0000000000
118146  27.966  -51.989  52.511 0.0000000000
44344  26.698  -53.092  54.426 0.0000000000
41412  18.976  -56.189  57.925 0.0000000000
39298  18.371  -57.932  60.372 0.0000000000
40401  16.711  -57.083  57.131 0.0000000000
43400  18.957  -54.194  54.682 0.0000000000
42410  20.494  -54.828  58.013 0.0000000000
37439  15.608  -59.791  64.700 0.0000000000
72030  46.725  -22.583  35.824 0.0000000000
72016  49.588  -21.768  37.929 0.0000000000
137974  47.237  -23.461  38.217 0.0000000000
70222  44.404  -24.462  42.825 0.0000000000
117564  46.185  -23.211  43.404 0.0000000000
64938  36.976  -29.975  40.789 0.0000000000
66734  38.782  -28.673  41.083 0.0000000000
122616  41.411  -31.425  41.161 0.0000000000
55791  33.365  -41.472  47.657 0.0000000000
56794  35.218  -40.225  47.764 0.0000000000
54776  35.895  -42.468  49.679 0.0000000000
46163  33.139  -50.747  52.950 0.0000000000
48115  32.640  -48.814  51.850 0.0000000000
47115  35.857  -49.453  54.055 0.0000000000
141659  43.522  -24.831  33.334 0.0000000000
132904  44.364  -22.966  32.192 0.0000000000
70309  45.556  -24.763  33.855 0.0000000000
70307  47.202  -24.303  33.434 0.0000000000
71233  50.935  -24.322  27.706 0.0000000000
71223  49.819  -23.752  29.237 0.0000000000
69440  50.802  -25.850  30.296 0.0000000000
71201  48.502  -23.972  30.499 0.0000000000
44274  24.610  -52.947  57.271 0.0000000000
44272  26.303  -53.543  57.361 0.0000000000
43320  26.069  -53.870  59.699 0.0000000000
37460  10.461  -59.724  62.874 0.0000000000
37408  11.550  -60.032  66.444 0.0000000000
37410  9.820  -60.450  66.104 0.0000000000
69411  43.488  -25.734  35.284 0.0000000000
69395  45.205  -25.077  37.580 0.0000000000
68543  43.854  -26.580  37.648 0.0000000000
68505  43.085  -26.254  40.242 0.0000000000
69342  41.867  -26.285  42.084 0.0000000000
61445  40.779  -34.627  42.139 0.0000000000
62380  42.543  -33.140  41.610 0.0000000000
62334  42.427  -33.992  44.765 0.0000000000
52850  31.242  -44.033  49.120 0.0000000000
46130  36.954  -50.802  57.066 0.0000000000
32665  4.689  -64.914  59.494 0.0000000000
32649  4.779  -64.660  62.435 0.0000000000
31697  3.251  -66.103  62.433 0.0000000000
125043  36.895  -34.116  40.114 0.0000000000
60597  38.658  -35.816  41.359 0.0000000000
59652  38.487  -36.513  44.095 0.0000000000
58698  39.342  -37.496  47.997 0.0000000000
47153  28.211  -50.447  50.737 0.0000000000
46166  30.335  -51.021  52.992 0.0000000000
44338  32.797  -52.621  54.472 0.0000000000
122432  29.022  -53.994  56.956 0.0000000000
43363  31.510  -53.878  57.027 0.0000000000
117613  21.688  -56.863  63.238 0.0000000000
38242  20.418  -58.722  65.610 0.0000000000
39268  19.192  -58.415  62.817 0.0000000000
126026  16.411  -58.886  61.831 0.0000000000
38320  13.990  -58.680  61.348 0.0000000000
40404  14.326  -57.486  56.808 0.0000000000
39335  12.836  -58.254  58.383 0.0000000000
38343  11.839  -58.861  60.288 0.0000000000
37478  9.905  -60.077  59.799 0.0000000000
36628  8.666  -61.108  58.439 0.0000000000
35766  7.177  -62.399  57.464 0.0000000000
46167  22.933  -51.519  52.822 0.0000000000
46170  20.895  -50.831  53.090 0.0000000000
45231  22.639  -52.126  55.292 0.0000000000
43368  22.328  -53.206  57.664 0.0000000000
42387  21.846  -55.043  60.067 0.0000000000
71998  51.404  -22.302  39.771 0.0000000000
118870  47.073  -23.271  40.882 0.0000000000
66765  38.638  -29.290  38.847 0.0000000000
67634  40.373  -27.648  41.497 0.0000000000
67616  44.096  -27.581  43.477 0.0000000000
64065  44.984  -31.585  42.655 0.0000000000
64914  46.380  -30.008  43.497 0.0000000000
57784  34.705  -39.020  44.188 0.0000000000
57751  36.943  -38.702  47.416 0.0000000000
57709  39.742  -39.189  50.058 0.0000000000
126656  32.085  -45.911  50.978 0.0000000000
51928  33.369  -44.704  52.184 0.0000000000
48061  35.994  -48.035  56.009 0.0000000000
51909  34.948  -45.335  54.139 0.0000000000
124552  35.240  -43.913  51.624 0.0000000000
53764  38.118  -43.262  51.788 0.0000000000
54758  40.383  -41.475  52.608 0.0000000000
72918  47.201  -21.574  30.522 0.0000000000
70333  47.725  -24.789  32.072 0.0000000000
136536  49.856  -22.826  33.379 0.0000000000
41357  23.871  -55.976  64.365 0.0000000000
34748  6.786  -62.967  60.775 0.0000000000
34720  6.564  -62.819  62.502 0.0000000000
34735  6.165  -63.349  61.881 0.0000000000
136865  41.344  -37.447  48.927 0.0000000000
59607  42.416  -36.713  48.583 0.0000000000
28639  1.494  -68.847  59.403 0.0000000000
45249  25.020  -52.420  53.505 0.0000000000
142574  25.630  -52.596  53.303 0.0000000000
120770  25.755  -52.953  54.875 0.0000000000
138991  18.359  -55.806  56.339 0.0000000000
40400  17.507  -56.872  57.319 0.0000000000
41427  16.952  -56.365  55.792 0.0000000000
43408  18.573  -54.008  53.907 0.0000000000
135449  18.385  -54.974  55.087 0.0000000000
42426  18.860  -55.304  56.264 0.0000000000
38259  13.959  -59.327  63.864 0.0000000000
37426  13.324  -59.776  65.428 0.0000000000
71159  45.611  -23.790  35.481 0.0000000000
71150  46.970  -22.858  36.735 0.0000000000
71145  45.856  -23.839  36.771 0.0000000000
69322  44.737  -25.197  43.850 0.0000000000
70200  45.543  -24.265  44.372 0.0000000000
64078  37.895  -30.772  41.174 0.0000000000
64936  38.409  -30.054  41.398 0.0000000000
63260  40.180  -32.189  40.743 0.0000000000
53796  31.871  -43.119  48.790 0.0000000000
54790  33.224  -42.383  48.664 0.0000000000
54802  34.522  -41.545  48.432 0.0000000000
53793  34.250  -42.929  49.418 0.0000000000
45242  35.150  -51.695  53.639 0.0000000000
46161  34.894  -50.443  53.163 0.0000000000
45241  35.929  -51.281  53.945 0.0000000000
70296  44.371  -25.136  34.248 0.0000000000
70310  44.682  -25.014  33.636 0.0000000000
70295  45.110  -24.753  34.468 0.0000000000
71167  45.734  -23.922  34.929 0.0000000000
132606  50.189  -22.949  29.040 0.0000000000
127598  49.459  -22.986  29.462 0.0000000000
71210  49.161  -23.878  29.811 0.0000000000
72083  49.063  -22.236  29.584 0.0000000000
43348  24.195  -53.336  58.781 0.0000000000
43347  25.379  -53.409  58.430 0.0000000000
43321  24.454  -53.734  59.511 0.0000000000
37461  9.734  -59.963  62.509 0.0000000000
37444  9.842  -59.979  64.340 0.0000000000
37445  9.268  -60.307  63.967 0.0000000000
122145  6.588  -61.975  66.002 0.0000000000
36577  7.772  -61.199  66.509 0.0000000000
69412  42.568  -25.992  35.026 0.0000000000
69405  43.913  -25.850  36.123 0.0000000000
68554  42.816  -26.963  36.375 0.0000000000
66762  41.274  -28.740  37.787 0.0000000000
138207  42.687  -27.657  37.935 0.0000000000
67652  42.294  -27.456  38.989 0.0000000000
69365  42.627  -25.985  41.128 0.0000000000
68507  41.522  -26.819  40.846 0.0000000000
61430  40.182  -35.082  42.785 0.0000000000
61428  41.550  -34.357  43.502 0.0000000000
61397  41.842  -34.657  45.231 0.0000000000
70298  42.309  -25.058  33.690 0.0000000000
32659  4.165  -65.388  61.143 0.0000000000
31706  3.390  -66.436  60.660 0.0000000000
126047  36.072  -34.343  40.032 0.0000000000
121625  37.662  -34.737  40.156 0.0000000000
140813  36.321  -35.610  40.020 0.0000000000
58754  36.757  -37.679  43.360 0.0000000000
59665  37.778  -36.756  42.551 0.0000000000
59653  37.831  -36.959  44.129 0.0000000000
123696  39.060  -36.841  46.183 0.0000000000
59630  37.878  -37.485  45.684 0.0000000000
46202  26.826  -51.074  50.873 0.0000000000
45248  29.193  -52.484  53.746 0.0000000000
45283  28.689  -51.706  52.618 0.0000000000
141006  29.815  -52.361  53.880 0.0000000000
45246  31.272  -52.129  54.066 0.0000000000
44340  30.798  -52.843  54.520 0.0000000000
43345  27.463  -53.922  58.348 0.0000000000
43384  27.635  -53.908  56.744 0.0000000000
124871  28.931  -53.994  57.818 0.0000000000
43341  31.358  -53.948  58.535 0.0000000000
43361  33.439  -53.876  57.384 0.0000000000
123634  20.818  -56.945  62.079 0.0000000000
39276  20.266  -57.738  62.851 0.0000000000
39285  19.370  -57.811  61.462 0.0000000000
39300  16.673  -58.250  59.738 0.0000000000
38317  17.136  -58.760  61.390 0.0000000000
38338  16.113  -58.607  60.504 0.0000000000
38297  15.675  -58.940  62.232 0.0000000000
38339  15.229  -58.561  60.550 0.0000000000
40422  14.377  -56.984  55.268 0.0000000000
39352  11.820  -58.340  57.052 0.0000000000
39365  12.570  -57.970  56.688 0.0000000000
142239  12.115  -58.517  58.530 0.0000000000
39321  12.621  -58.504  59.186 0.0000000000
39322  11.890  -58.769  59.389 0.0000000000
38344  11.160  -59.117  59.859 0.0000000000
38360  10.710  -59.439  59.195 0.0000000000
35765  8.090  -61.679  58.633 0.0000000000
135389  23.426  -51.398  51.821 0.0000000000
47141  21.752  -50.252  51.894 0.0000000000
44346  20.473  -52.460  54.528 0.0000000000
45254  20.872  -51.755  54.163 0.0000000000
45253  21.564  -51.745  54.380 0.0000000000
44323  21.545  -52.524  55.567 0.0000000000
44297  22.453  -52.573  56.471 0.0000000000
44278  21.329  -53.257  56.673 0.0000000000
41402  20.563  -55.748  59.415 0.0000000000
42402  20.943  -55.002  59.048 0.0000000000
41394  20.736  -55.965  60.254 0.0000000000
41377  21.932  -56.084  62.018 0.0000000000
38243  19.517  -59.058  65.410 0.0000000000
32647  3.442  -65.284  64.218 0.0000000000
142181  4.256  -64.242  64.836 0.0000000000
139097  50.446  -21.968  36.230 0.0000000000
72006  49.749  -21.697  38.893 0.0000000000
72872  50.722  -21.572  39.207 0.0000000000
72856  50.996  -21.860  40.284 0.0000000000
72850  50.822  -21.988  41.580 0.0000000000
69376  45.126  -25.331  39.195 0.0000000000
70255  46.350  -24.270  39.414 0.0000000000
70245  45.968  -24.336  40.366 0.0000000000
71964  47.950  -22.275  43.955 0.0000000000
65835  40.532  -29.302  42.175 0.0000000000
66725  39.518  -28.469  41.619 0.0000000000
117525  40.967  -28.517  42.469 0.0000000000
66714  42.141  -27.846  42.954 0.0000000000
65822  42.851  -28.644  42.816 0.0000000000
62346  43.571  -33.139  44.082 0.0000000000
63246  43.942  -32.489  42.421 0.0000000000
139576  44.689  -32.353  43.594 0.0000000000
56835  33.498  -39.885  44.630 0.0000000000
55787  36.308  -40.339  48.646 0.0000000000
57740  36.119  -39.169  47.266 0.0000000000
56791  37.267  -39.465  48.536 0.0000000000
57725  37.982  -39.130  48.709 0.0000000000
56767  38.187  -40.179  49.699 0.0000000000
47164  29.467  -49.412  50.603 0.0000000000
48126  30.707  -48.799  50.886 0.0000000000
49083  33.079  -47.224  52.350 0.0000000000
50139  32.535  -46.988  51.605 0.0000000000
50126  32.753  -46.268  52.160 0.0000000000
51930  32.729  -44.999  51.527 0.0000000000
51040  33.459  -45.594  53.088 0.0000000000
142166  36.596  -49.286  56.345 0.0000000000
126423  36.177  -45.125  54.163 0.0000000000
52803  35.121  -44.502  52.848 0.0000000000
52801  36.615  -44.326  52.967 0.0000000000
52820  36.864  -43.710  51.597 0.0000000000
128073  38.484  -44.027  53.097 0.0000000000
72060  45.135  -23.284  32.043 0.0000000000
72065  46.418  -22.556  31.295 0.0000000000
71202  47.792  -23.623  30.979 0.0000000000
70334  46.996  -24.543  32.294 0.0000000000
122907  48.041  -22.303  34.298 0.0000000000
121321  48.482  -23.138  33.655 0.0000000000
72045  48.820  -21.977  34.262 0.0000000000
136884  50.491  -22.355  34.049 0.0000000000
69453  50.706  -25.616  27.919 0.0000000000
69433  51.001  -25.423  31.118 0.0000000000
70330  52.063  -24.398  31.174 0.0000000000
71186  51.106  -23.584  32.447 0.0000000000
42369  23.683  -54.897  61.279 0.0000000000
43284  24.936  -54.337  61.005 0.0000000000
42335  24.214  -55.405  62.836 0.0000000000
36608  8.125  -61.412  61.737 0.0000000000
36597  8.127  -61.073  63.386 0.0000000000
35726  7.625  -61.641  63.134 0.0000000000
34690  6.410  -62.559  64.145 0.0000000000
34680  5.596  -62.773  65.663 0.0000000000
67689  41.016  -28.572  36.063 0.0000000000
66779  40.714  -29.392  37.286 0.0000000000
60522  40.813  -35.749  46.011 0.0000000000
60521  41.540  -35.581  46.352 0.0000000000
60512  41.733  -35.902  47.081 0.0000000000
60496  43.255  -36.418  48.789 0.0000000000
126981  2.827  -67.098  60.286 0.0000000000
29647  2.496  -67.769  59.683 0.0000000000
126154  1.355  -68.859  60.454 0.0000000000
60608  35.847  -36.030  40.054 0.0000000000
58755  35.503  -38.284  42.948 0.0000000000
45300  26.676  -51.587  51.461 0.0000000000
45285  26.322  -52.062  52.290 0.0000000000
44358  27.503  -52.860  53.732 0.0000000000
44316  28.454  -53.358  54.696 0.0000000000
40383  19.417  -56.769  59.482 0.0000000000
39297  19.107  -57.620  60.685 0.0000000000
40384  18.702  -57.100  59.141 0.0000000000
39330  17.259  -57.597  58.559 0.0000000000
39332  15.706  -57.855  58.309 0.0000000000
38387  10.164  -59.313  57.098 0.0000000000
38404  10.027  -59.083  55.761 0.0000000000
44348  19.092  -53.220  53.571 0.0000000000
43398  20.178  -53.526  55.511 0.0000000000
43370  20.821  -53.866  57.047 0.0000000000
43386  20.096  -54.362  56.677 0.0000000000
41418  19.480  -55.555  57.568 0.0000000000
37438  16.510  -59.853  64.674 0.0000000000
72038  47.328  -22.145  35.324 0.0000000000
72884  49.218  -21.604  36.010 0.0000000000
72029  47.513  -22.228  36.212 0.0000000000
71142  47.853  -22.914  38.096 0.0000000000
71124  48.477  -22.441  39.403 0.0000000000
130722  44.520  -24.623  41.905 0.0000000000
71101  45.919  -23.675  41.958 0.0000000000
71077  44.962  -23.959  43.279 0.0000000000
71065  46.740  -23.249  44.882 0.0000000000
66755  37.746  -29.097  40.079 0.0000000000
65847  37.449  -29.584  40.777 0.0000000000
118839  39.013  -29.493  41.676 0.0000000000
64927  41.232  -30.097  41.950 0.0000000000
63200  45.714  -32.670  46.071 0.0000000000
55813  32.655  -40.887  46.404 0.0000000000
56811  33.871  -39.989  46.212 0.0000000000
55798  33.771  -40.870  47.224 0.0000000000
54801  35.235  -41.273  48.648 0.0000000000
54787  36.344  -41.593  49.413 0.0000000000
46183  31.800  -50.243  52.521 0.0000000000
47149  31.254  -49.086  51.483 0.0000000000
47136  33.299  -49.357  52.269 0.0000000000
48103  33.914  -48.776  52.539 0.0000000000
49081  34.334  -47.745  53.604 0.0000000000
71179  42.600  -23.469  32.799 0.0000000000
72061  43.673  -22.177  32.120 0.0000000000
140023  44.084  -23.757  32.600 0.0000000000
129177  44.895  -24.145  32.464 0.0000000000
142030  45.596  -24.625  32.632 0.0000000000
70323  46.737  -24.805  32.970 0.0000000000
70308  46.397  -24.552  33.600 0.0000000000
71165  47.245  -22.542  34.631 0.0000000000
139233  50.833  -22.953  28.657 0.0000000000
71222  50.467  -23.776  28.568 0.0000000000
138973  50.786  -25.938  28.540 0.0000000000
68591  51.241  -26.207  28.578 0.0000000000
70343  50.305  -25.352  28.990 0.0000000000
69449  49.969  -25.588  30.158 0.0000000000
69442  49.353  -25.498  31.057 0.0000000000
44321  24.171  -52.563  55.858 0.0000000000
118419  25.763  -53.092  55.875 0.0000000000
126622  25.533  -53.174  56.847 0.0000000000
43346  26.040  -53.540  58.256 0.0000000000
43319  27.539  -53.961  59.249 0.0000000000
38280  12.043  -59.316  63.238 0.0000000000
126259  12.440  -59.775  65.441 0.0000000000
126806  11.193  -59.845  64.891 0.0000000000
37409  10.911  -60.077  66.090 0.0000000000
133891  8.667  -60.699  65.114 0.0000000000
36570  8.778  -60.880  67.453 0.0000000000
70284  44.300  -25.317  35.686 0.0000000000
70277  45.022  -24.849  36.832 0.0000000000
69404  44.559  -25.334  36.472 0.0000000000
68542  44.515  -26.017  37.772 0.0000000000
69377  44.559  -25.733  39.383 0.0000000000
67677  43.170  -27.144  37.256 0.0000000000
68533  43.692  -26.681  38.539 0.0000000000
69378  43.939  -25.858  39.933 0.0000000000
69364  43.460  -25.685  40.878 0.0000000000
69340  43.216  -25.440  42.694 0.0000000000
68478  43.529  -26.027  43.253 0.0000000000
123921  39.847  -33.388  40.358 0.0000000000
62387  41.146  -33.199  40.720 0.0000000000
62369  41.300  -34.029  41.618 0.0000000000
120475  42.634  -33.596  43.251 0.0000000000
62333  43.812  -33.273  45.043 0.0000000000
61382  42.719  -34.767  46.320 0.0000000000
61381  43.403  -34.468  46.568 0.0000000000
62309  44.925  -33.794  47.073 0.0000000000
53782  32.240  -43.670  49.476 0.0000000000
45220  36.810  -51.816  56.391 0.0000000000
72053  41.689  -22.916  32.888 0.0000000000
70312  42.670  -24.396  33.165 0.0000000000
70297  43.303  -25.149  33.836 0.0000000000
74576  50.055  -19.786  28.836 0.0000000000
74559  49.194  -19.923  29.091 0.0000000000
33701  5.130  -64.253  59.982 0.0000000000
33674  5.212  -64.184  61.864 0.0000000000
32653  4.764  -64.789  61.519 0.0000000000
31696  3.789  -65.634  62.666 0.0000000000
31693  2.394  -66.295  64.119 0.0000000000
30716  2.263  -67.296  61.884 0.0000000000
64085  36.449  -31.415  40.724 0.0000000000
128723  36.314  -32.519  40.428 0.0000000000
139454  37.622  -33.061  40.350 0.0000000000
61468  39.121  -34.624  40.462 0.0000000000
60596  39.353  -35.417  41.582 0.0000000000
60559  39.562  -35.671  43.305 0.0000000000
59694  37.213  -36.431  40.713 0.0000000000
60561  38.353  -36.338  42.740 0.0000000000
60532  39.460  -36.086  45.016 0.0000000000
59628  39.571  -36.466  45.868 0.0000000000
59609  40.098  -37.142  48.100 0.0000000000
58684  40.321  -37.637  48.626 0.0000000000
47152  29.037  -50.102  50.982 0.0000000000
46187  28.195  -51.381  52.035 0.0000000000
46186  29.019  -50.954  52.205 0.0000000000
140733  30.396  -50.155  52.097 0.0000000000
46165  31.264  -50.885  53.023 0.0000000000
45244  33.217  -51.969  53.893 0.0000000000
44310  34.433  -52.682  54.913 0.0000000000
44292  26.647  -53.437  55.884 0.0000000000
43396  28.589  -53.804  55.519 0.0000000000
43395  29.612  -53.865  55.626 0.0000000000
43342  30.461  -53.948  58.201 0.0000000000
43364  30.599  -53.945  57.250 0.0000000000
43394  30.544  -53.830  55.800 0.0000000000
44291  31.996  -53.455  55.742 0.0000000000
44289  33.656  -53.183  56.052 0.0000000000
44287  35.455  -52.855  56.210 0.0000000000
40339  21.848  -57.430  64.662 0.0000000000
39258  20.607  -57.962  64.356 0.0000000000
39259  19.902  -58.326  63.989 0.0000000000
38255  18.642  -59.122  64.254 0.0000000000
39286  18.560  -58.150  61.196 0.0000000000
38295  18.048  -58.843  62.391 0.0000000000
38256  17.510  -59.412  63.760 0.0000000000
38276  15.640  -59.119  63.165 0.0000000000
122812  14.918  -58.945  62.570 0.0000000000
140261  13.474  -58.980  62.702 0.0000000000
40420  16.138  -56.686  55.543 0.0000000000
40403  15.116  -57.376  56.836 0.0000000000
39333  14.759  -57.882  58.213 0.0000000000
40414  13.088  -57.545  55.872 0.0000000000
39350  13.973  -57.817  57.646 0.0000000000
39319  14.348  -58.179  59.054 0.0000000000
39303  13.918  -58.441  59.824 0.0000000000
38321  13.191  -58.773  61.461 0.0000000000
123926  12.417  -58.937  61.677 0.0000000000
118867  11.095  -59.276  61.417 0.0000000000
38324  10.271  -59.688  60.985 0.0000000000
37470  9.238  -60.481  60.816 0.0000000000
37485  9.809  -59.979  58.505 0.0000000000
37479  9.602  -60.268  59.167 0.0000000000
36612  8.906  -60.949  60.155 0.0000000000
36613  8.291  -61.472  60.292 0.0000000000
133853  7.373  -62.287  59.660 0.0000000000
34763  6.931  -62.808  59.269 0.0000000000
34776  6.278  -63.359  58.793 0.0000000000
33712  5.137  -64.382  58.861 0.0000000000
45287  24.435  -51.921  51.849 0.0000000000
45288  23.887  -51.925  52.630 0.0000000000
45273  23.540  -51.944  53.528 0.0000000000
46169  21.603  -51.052  53.198 0.0000000000
46168  22.671  -51.687  53.782 0.0000000000
45230  23.414  -52.283  55.535 0.0000000000
44296  23.498  -52.500  56.313 0.0000000000
44259  23.100  -52.999  57.841 0.0000000000
43323  22.822  -53.809  59.057 0.0000000000
43351  20.962  -54.190  57.785 0.0000000000
43324  22.092  -53.917  58.716 0.0000000000
42386  22.604  -54.782  60.282 0.0000000000
41384  22.473  -55.678  61.493 0.0000000000
41369  22.166  -56.363  62.765 0.0000000000
33650  5.047  -63.946  63.643 0.0000000000
34681  5.102  -63.250  65.257 0.0000000000
123908  50.410  -21.574  37.380 0.0000000000
70275  46.124  -24.164  37.566 0.0000000000
71126  47.078  -23.600  39.445 0.0000000000
71114  47.914  -22.640  40.765 0.0000000000
71100  46.729  -23.267  41.712 0.0000000000
142032  47.898  -22.364  42.213 0.0000000000
71987  49.353  -21.765  41.770 0.0000000000
65897  39.422  -30.057  37.142 0.0000000000
66752  40.148  -28.585  39.186 0.0000000000
66754  38.377  -28.803  39.864 0.0000000000
67655  39.734  -28.084  40.201 0.0000000000
67654  40.593  -27.894  39.737 0.0000000000
68488  41.508  -26.849  42.245 0.0000000000
127008  42.964  -26.579  43.227 0.0000000000
67609  44.606  -26.841  43.861 0.0000000000
119494  42.276  -32.769  41.181 0.0000000000
64073  43.073  -31.834  41.401 0.0000000000
118865  44.230  -30.790  42.044 0.0000000000
124112  45.931  -31.787  44.744 0.0000000000
64056  45.600  -31.131  42.941 0.0000000000
65820  44.810  -29.536  42.810 0.0000000000
119169  45.347  -28.863  43.416 0.0000000000
66706  45.894  -28.263  44.012 0.0000000000
57793  34.851  -38.767  43.203 0.0000000000
58743  35.986  -38.346  44.171 0.0000000000
57765  35.062  -39.033  46.091 0.0000000000
126579  35.869  -38.884  46.424 0.0000000000
58716  36.906  -38.115  46.273 0.0000000000
58700  37.893  -37.860  47.196 0.0000000000
58674  39.381  -38.334  49.006 0.0000000000
57708  40.439  -38.751  50.135 0.0000000000
130462  31.485  -48.312  50.925 0.0000000000
51944  31.911  -44.615  50.176 0.0000000000
52824  32.484  -44.431  50.615 0.0000000000
52833  33.208  -43.966  50.503 0.0000000000
46143  36.676  -50.584  55.126 0.0000000000
135032  35.899  -48.965  54.880 0.0000000000
49073  34.569  -47.151  54.297 0.0000000000
50096  35.357  -46.180  55.203 0.0000000000
51030  34.568  -45.655  54.112 0.0000000000
51921  33.859  -44.849  52.867 0.0000000000
52813  33.838  -44.409  52.151 0.0000000000
52832  34.091  -43.879  50.620 0.0000000000
125639  35.602  -43.200  50.204 0.0000000000
53777  37.218  -42.622  50.566 0.0000000000
54768  37.955  -42.249  50.894 0.0000000000
52808  39.002  -43.534  52.738 0.0000000000
54760  39.045  -42.301  51.841 0.0000000000
55755  38.962  -41.052  50.978 0.0000000000
56750  39.946  -39.964  51.051 0.0000000000
132698  47.883  -20.093  29.702 0.0000000000
72930  47.929  -21.587  30.112 0.0000000000
72070  48.214  -23.066  30.418 0.0000000000
70340  48.108  -24.493  31.290 0.0000000000
69430  49.015  -25.476  32.251 0.0000000000
70322  47.480  -24.748  32.805 0.0000000000
71188  48.893  -24.520  33.111 0.0000000000
71187  49.871  -23.892  32.957 0.0000000000
72059  50.598  -23.035  33.043 0.0000000000
40330  23.107  -56.988  65.147 0.0000000000
128710  23.624  -57.045  65.370 0.0000000000
34734  6.738  -62.927  61.534 0.0000000000
34749  6.247  -63.331  61.010 0.0000000000
58671  41.458  -37.895  49.531 0.0000000000
122865  42.001  -37.285  49.092 0.0000000000
44345  24.981  -52.590  54.451 0.0000000000
41426  17.741  -56.071  56.052 0.0000000000
121664  17.939  -55.195  54.814 0.0000000000
42434  18.333  -55.381  55.602 0.0000000000
38260  13.279  -59.327  63.924 0.0000000000
37441  13.828  -59.580  64.592 0.0000000000
71152  45.668  -23.655  36.013 0.0000000000
70282  45.315  -24.235  36.429 0.0000000000
69321  45.131  -25.544  44.250 0.0000000000
125984  45.294  -24.913  44.340 0.0000000000
69315  45.784  -25.579  44.813 0.0000000000
64083  38.407  -31.805  40.900 0.0000000000
63261  39.323  -32.016  40.857 0.0000000000
53795  32.641  -43.009  49.056 0.0000000000
54791  32.326  -42.440  48.305 0.0000000000
53794  33.475  -42.940  49.262 0.0000000000
44335  35.537  -51.983  54.221 0.0000000000
45229  36.147  -51.914  54.824 0.0000000000
70289  44.757  -24.874  35.323 0.0000000000
71160  45.220  -24.420  35.143 0.0000000000
72928  49.375  -21.433  29.206 0.0000000000
72929  48.637  -21.522  29.658 0.0000000000
43322  23.642  -53.734  59.305 0.0000000000
37462  9.135  -60.365  62.257 0.0000000000
37454  9.222  -60.306  63.109 0.0000000000
122061  8.682  -60.794  62.828 0.0000000000
68573  41.683  -26.235  34.859 0.0000000000
68563  42.293  -26.625  35.570 0.0000000000
67665  41.793  -28.044  38.333 0.0000000000
67653  41.446  -27.696  39.327 0.0000000000
68522  41.844  -27.055  39.910 0.0000000000
61416  40.292  -35.157  43.709 0.0000000000
61415  41.001  -34.820  44.045 0.0000000000
61398  41.135  -34.943  44.886 0.0000000000
30719  3.775  -66.079  59.848 0.0000000000
62393  35.407  -33.669  40.146 0.0000000000
132105  35.252  -34.514  39.904 0.0000000000
61470  36.775  -35.136  40.044 0.0000000000
61471  35.896  -35.183  39.870 0.0000000000
59666  37.429  -37.114  43.340 0.0000000000
59654  37.208  -37.505  44.133 0.0000000000
59641  37.662  -37.373  44.941 0.0000000000
118321  29.020  -52.996  54.332 0.0000000000
124954  28.092  -53.985  58.788 0.0000000000
43344  28.212  -53.990  58.138 0.0000000000
124955  28.906  -53.986  58.746 0.0000000000
40366  20.177  -57.290  61.606 0.0000000000
121767  19.761  -57.353  60.926 0.0000000000
128947  16.102  -58.063  59.033 0.0000000000
39301  15.684  -58.354  59.769 0.0000000000
39302  14.786  -58.340  59.810 0.0000000000
139865  11.781  -58.553  57.865 0.0000000000
38359  11.286  -58.992  58.528 0.0000000000
38371  10.767  -59.082  57.628 0.0000000000
45233  21.206  -52.258  54.837 0.0000000000
44298  21.813  -52.753  56.242 0.0000000000
139997  21.248  -53.014  55.986 0.0000000000
41395  20.121  -56.429  59.851 0.0000000000
40365  20.745  -56.737  61.413 0.0000000000
37420  18.745  -59.638  65.475 0.0000000000
31682  2.485  -65.494  65.379 0.0000000000
32636  2.917  -64.917  65.779 0.0000000000
72892  49.804  -21.696  35.640 0.0000000000
71999  49.474  -21.815  39.735 0.0000000000
142328  50.163  -21.558  39.496 0.0000000000
72864  50.557  -21.614  40.049 0.0000000000
72857  50.716  -21.759  40.921 0.0000000000
123053  45.563  -24.824  39.736 0.0000000000
70246  45.306  -24.758  40.472 0.0000000000
65834  41.525  -29.365  42.305 0.0000000000
66722  41.864  -28.598  42.631 0.0000000000
126551  43.307  -29.486  42.471 0.0000000000
123642  44.327  -32.758  44.252 0.0000000000
63215  44.652  -32.807  45.085 0.0000000000
55777  36.685  -40.794  49.187 0.0000000000
56781  36.978  -40.066  48.953 0.0000000000
55776  37.447  -40.535  49.406 0.0000000000
56780  37.713  -39.789  49.119 0.0000000000
48127  30.042  -49.151  50.936 0.0000000000
48138  30.070  -48.665  50.266 0.0000000000
121515  33.498  -46.920  53.037 0.0000000000
50117  33.154  -46.281  52.841 0.0000000000
51049  32.994  -45.556  52.546 0.0000000000
50116  33.697  -46.252  53.377 0.0000000000
51886  36.798  -45.400  55.430 0.0000000000
51918  36.751  -44.794  53.684 0.0000000000
51917  37.545  -44.819  53.919 0.0000000000
52800  37.578  -44.289  53.165 0.0000000000
51916  38.345  -44.552  53.711 0.0000000000
71199  45.723  -22.965  31.682 0.0000000000
71197  47.283  -24.069  31.595 0.0000000000
118990  48.085  -21.967  34.783 0.0000000000
72898  49.594  -21.928  34.583 0.0000000000
68605  51.124  -26.237  27.750 0.0000000000
68625  51.752  -26.446  26.852 0.0000000000
68603  53.068  -26.565  27.908 0.0000000000
70331  51.138  -24.514  31.765 0.0000000000
42353  23.202  -55.404  61.782 0.0000000000
42352  23.921  -55.098  62.073 0.0000000000
35734  7.644  -61.817  62.274 0.0000000000
34705  6.122  -62.949  63.353 0.0000000000
34704  6.658  -62.510  63.299 0.0000000000
35716  6.341  -62.318  65.261 0.0000000000
34691  5.767  -62.948  64.786 0.0000000000
66801  40.307  -28.979  35.613 0.0000000000
66788  40.616  -29.298  36.410 0.0000000000
65896  40.078  -29.855  36.804 0.0000000000
60513  40.940  -36.004  46.782 0.0000000000
29655  2.504  -67.528  58.501 0.0000000000
27557  0.671  -69.477  60.728 0.0000000000
45286  25.340  -52.020  52.091 0.0000000000
136075  25.889  -51.760  51.600 0.0000000000
44359  26.684  -52.829  53.568 0.0000000000
44342  28.364  -52.892  54.017 0.0000000000
44343  27.657  -53.231  54.505 0.0000000000
41404  19.180  -56.468  58.717 0.0000000000
40391  18.499  -56.841  58.358 0.0000000000
40392  17.759  -57.107  58.079 0.0000000000
39347  16.975  -57.281  57.885 0.0000000000
39331  16.516  -57.747  58.397 0.0000000000
39348  16.206  -57.514  57.694 0.0000000000
43407  19.340  -53.578  54.384 0.0000000000
117538  19.984  -53.171  54.879 0.0000000000
43399  19.538  -53.989  55.229 0.0000000000
119547  19.991  -54.042  55.899 0.0000000000
140384  19.373  -54.642  56.000 0.0000000000
41419  18.784  -55.857  57.029 0.0000000000
41411  19.656  -55.861  58.297 0.0000000000
37423  16.053  -60.010  65.497 0.0000000000
72039  46.727  -22.627  35.181 0.0000000000
71143  47.210  -23.252  37.576 0.0000000000
72018  47.768  -22.602  37.170 0.0000000000
71134  47.985  -22.797  38.830 0.0000000000
71135  47.451  -23.303  38.780 0.0000000000
70221  45.061  -24.002  42.375 0.0000000000
128873  45.930  -23.713  44.363 0.0000000000
121976  36.740  -29.790  40.422 0.0000000000
65860  37.223  -29.447  40.295 0.0000000000
64935  39.290  -30.420  41.522 0.0000000000
118750  40.062  -30.789  41.483 0.0000000000
142201  40.598  -29.999  41.949 0.0000000000
64934  40.811  -30.678  41.578 0.0000000000
55799  32.977  -41.167  47.030 0.0000000000
55812  33.427  -40.556  46.589 0.0000000000
131460  34.923  -41.879  48.871 0.0000000000
54788  35.569  -41.796  49.135 0.0000000000
55778  35.905  -40.991  48.996 0.0000000000
46164  32.209  -50.812  53.005 0.0000000000
46182  32.727  -50.153  52.535 0.0000000000
46160  35.699  -50.393  53.536 0.0000000000
47128  34.256  -49.660  52.764 0.0000000000
47127  35.149  -49.593  53.307 0.0000000000
48102  34.566  -48.663  53.163 0.0000000000
47116  35.203  -48.873  53.761 0.0000000000
71178  43.465  -24.115  32.892 0.0000000000
71191  43.375  -23.045  32.481 0.0000000000
71190  44.314  -24.604  32.909 0.0000000000
70325  45.131  -24.998  32.994 0.0000000000
70324  45.951  -24.912  33.059 0.0000000000
71158  46.058  -23.101  35.465 0.0000000000
71166  46.397  -23.118  34.811 0.0000000000
70351  50.105  -24.444  28.925 0.0000000000
70350  50.473  -24.774  28.202 0.0000000000
70338  49.196  -24.766  30.358 0.0000000000
44295  24.142  -52.709  56.583 0.0000000000
44294  24.865  -52.856  56.307 0.0000000000
125689  25.730  -53.643  58.984 0.0000000000
124869  26.640  -53.836  58.919 0.0000000000
119203  26.922  -53.937  59.869 0.0000000000
38281  11.240  -59.531  63.290 0.0000000000
139119  11.769  -59.521  63.865 0.0000000000
38262  11.192  -59.703  64.196 0.0000000000
37429  9.913  -60.134  65.267 0.0000000000
37428  10.729  -59.971  65.393 0.0000000000
37391  10.295  -60.486  67.150 0.0000000000
137793  9.867  -60.528  66.733 0.0000000000
122468  7.646  -61.445  64.090 0.0000000000
36592  8.219  -60.945  64.072 0.0000000000
126503  8.033  -60.990  64.851 0.0000000000
68553  43.558  -26.499  36.682 0.0000000000
118879  44.288  -26.016  36.953 0.0000000000
69386  44.692  -25.800  38.585 0.0000000000
68532  44.192  -26.290  38.326 0.0000000000
68555  42.055  -27.372  36.059 0.0000000000
67687  42.501  -27.689  36.899 0.0000000000
68534  42.996  -27.015  38.728 0.0000000000
68520  43.462  -26.547  39.378 0.0000000000
69350  42.295  -25.926  41.821 0.0000000000
69349  43.027  -25.520  41.893 0.0000000000
69341  42.480  -25.889  42.397 0.0000000000
69330  43.623  -25.398  43.049 0.0000000000
69331  42.803  -25.969  42.911 0.0000000000
61461  40.533  -34.351  41.128 0.0000000000
62382  41.096  -33.752  40.985 0.0000000000
62348  42.172  -33.929  43.842 0.0000000000
126859  43.144  -33.554  44.664 0.0000000000
62323  43.101  -33.855  45.369 0.0000000000
60520  42.263  -35.359  46.695 0.0000000000
61383  41.982  -34.918  46.046 0.0000000000
61372  42.974  -35.060  47.017 0.0000000000
61371  43.728  -34.755  47.277 0.0000000000
61370  44.503  -34.437  47.527 0.0000000000
62310  44.113  -34.079  46.838 0.0000000000
62298  45.292  -34.108  47.798 0.0000000000
53797  30.892  -43.515  48.594 0.0000000000
127703  31.273  -43.165  48.594 0.0000000000
121890  31.607  -43.725  49.136 0.0000000000
132035  41.974  -23.751  33.044 0.0000000000
69419  42.958  -25.544  34.425 0.0000000000
70290  43.942  -25.383  34.783 0.0000000000
120970  49.461  -19.147  29.285 0.0000000000
32658  4.713  -64.840  60.552 0.0000000000
131218  3.716  -65.972  61.191 0.0000000000
31701  3.780  -65.804  61.873 0.0000000000
133084  3.321  -65.914  63.100 0.0000000000
30706  2.726  -66.428  63.163 0.0000000000
29640  2.291  -67.665  60.890 0.0000000000
30715  2.799  -66.914  61.274 0.0000000000
62392  36.201  -33.435  40.219 0.0000000000
122473  35.534  -32.808  40.321 0.0000000000
62391  36.973  -33.215  40.284 0.0000000000
62390  37.659  -33.792  40.167 0.0000000000
135310  38.318  -33.386  40.278 0.0000000000
142728  38.356  -35.649  40.716 0.0000000000
60604  38.967  -35.286  40.807 0.0000000000
135695  39.634  -35.441  42.389 0.0000000000
60576  38.927  -35.872  42.395 0.0000000000
59701  36.380  -36.601  40.508 0.0000000000
128679  38.105  -36.641  43.382 0.0000000000
60547  39.087  -35.985  44.173 0.0000000000
142466  38.854  -36.480  44.700 0.0000000000
59619  38.858  -37.036  46.838 0.0000000000
123697  39.607  -36.740  46.644 0.0000000000
59618  39.457  -37.041  47.437 0.0000000000
47166  27.844  -50.032  50.059 0.0000000000
47165  28.696  -49.767  50.296 0.0000000000
45284  27.343  -51.803  52.047 0.0000000000
127718  29.481  -51.311  52.816 0.0000000000
46185  29.927  -50.567  52.296 0.0000000000
44339  31.786  -52.763  54.533 0.0000000000
45245  32.228  -52.046  54.021 0.0000000000
44337  33.816  -52.462  54.351 0.0000000000
44311  33.414  -52.902  55.185 0.0000000000
44293  26.223  -53.403  56.519 0.0000000000
139559  26.933  -53.665  56.646 0.0000000000
43383  28.328  -53.968  56.425 0.0000000000
125732  29.087  -54.003  56.182 0.0000000000
124610  31.922  -53.951  57.911 0.0000000000
136838  31.167  -53.913  57.787 0.0000000000
43381  30.788  -53.896  56.527 0.0000000000
43380  31.387  -53.729  56.108 0.0000000000
43379  32.211  -53.664  56.429 0.0000000000
44271  33.109  -53.652  56.601 0.0000000000
44288  34.508  -52.993  56.215 0.0000000000
122333  22.021  -56.909  64.000 0.0000000000
39257  21.222  -57.776  64.669 0.0000000000
40340  21.221  -57.379  63.926 0.0000000000
39267  19.790  -58.173  63.174 0.0000000000
38273  19.111  -58.711  63.592 0.0000000000
38254  19.366  -58.832  64.478 0.0000000000
38316  17.937  -58.669  61.686 0.0000000000
38296  17.194  -58.928  62.311 0.0000000000
38274  17.713  -59.086  63.033 0.0000000000
38275  16.758  -59.270  63.254 0.0000000000
122813  16.334  -58.991  62.578 0.0000000000
125974  15.095  -58.831  61.887 0.0000000000
38298  14.431  -58.812  61.982 0.0000000000
122811  14.127  -58.950  62.684 0.0000000000
38299  13.693  -58.843  62.080 0.0000000000
40412  14.759  -57.130  56.118 0.0000000000
39349  15.403  -57.620  57.561 0.0000000000
142358  14.711  -57.646  57.414 0.0000000000
40424  12.530  -57.216  54.883 0.0000000000
39381  12.360  -57.738  55.707 0.0000000000
119167  13.108  -57.997  57.585 0.0000000000
39334  13.466  -58.074  58.217 0.0000000000
126367  13.989  -58.019  58.438 0.0000000000
39320  13.455  -58.282  59.001 0.0000000000
39305  12.396  -58.681  59.898 0.0000000000
38342  12.594  -58.755  60.715 0.0000000000
38322  11.801  -58.971  61.129 0.0000000000
38301  11.714  -59.157  61.961 0.0000000000
38345  10.412  -59.636  60.058 0.0000000000
38323  10.806  -59.349  60.715 0.0000000000
37473  9.802  -60.042  60.538 0.0000000000
38372  10.379  -59.501  58.268 0.0000000000
36627  9.243  -60.433  58.213 0.0000000000
36620  9.106  -60.768  59.244 0.0000000000
36621  8.505  -61.310  59.409 0.0000000000
138745  7.724  -61.977  57.885 0.0000000000
35758  7.443  -62.277  58.693 0.0000000000
34788  6.030  -63.379  57.457 0.0000000000
33711  5.614  -63.902  58.175 0.0000000000
140969  22.766  -51.183  52.170 0.0000000000
45272  24.293  -52.119  53.300 0.0000000000
46189  21.362  -50.573  52.576 0.0000000000
45252  22.312  -51.877  54.498 0.0000000000
45251  23.281  -52.057  54.544 0.0000000000
134597  22.840  -52.302  56.055 0.0000000000
44277  22.032  -53.007  56.952 0.0000000000
44276  22.746  -52.789  57.135 0.0000000000
124325  22.615  -53.460  58.336 0.0000000000
42417  20.485  -54.447  57.373 0.0000000000
122715  21.547  -54.856  59.455 0.0000000000
42401  21.542  -54.445  58.906 0.0000000000
42400  22.218  -54.430  59.471 0.0000000000
42370  22.920  -55.104  61.030 0.0000000000
42371  22.181  -55.372  60.763 0.0000000000
40354  21.491  -56.689  62.435 0.0000000000
39239  21.177  -58.415  65.775 0.0000000000
137812  12.130  -59.896  66.125 0.0000000000
37407  12.857  -59.917  66.203 0.0000000000
37389  12.281  -60.145  66.922 0.0000000000
33661  5.252  -63.973  62.797 0.0000000000
32645  4.695  -64.503  63.327 0.0000000000
120969  3.868  -63.898  66.180 0.0000000000
33641  4.624  -63.863  64.999 0.0000000000
33630  4.493  -63.558  65.878 0.0000000000
34673  4.669  -63.088  66.455 0.0000000000
34661  3.911  -63.037  67.733 0.0000000000
72027  49.429  -21.682  36.986 0.0000000000
72862  51.294  -22.067  39.432 0.0000000000
70276  45.535  -24.505  37.173 0.0000000000
70266  45.738  -24.779  38.000 0.0000000000
71115  46.700  -23.782  40.206 0.0000000000
119120  47.401  -23.222  40.115 0.0000000000
71084  46.425  -23.187  42.600 0.0000000000
71971  47.883  -22.251  43.027 0.0000000000
71970  48.820  -21.884  42.609 0.0000000000
72838  49.891  -21.821  42.529 0.0000000000
72837  50.457  -22.025  42.369 0.0000000000
65886  38.023  -29.830  37.977 0.0000000000
65898  38.515  -30.047  37.003 0.0000000000
65885  39.050  -29.835  37.851 0.0000000000
65884  39.978  -29.737  37.652 0.0000000000
66764  39.640  -29.276  38.574 0.0000000000
66735  37.984  -29.144  40.679 0.0000000000
66746  38.366  -28.794  40.492 0.0000000000
67635  40.039  -28.051  41.693 0.0000000000
67644  39.621  -28.089  41.132 0.0000000000
67643  40.334  -27.644  40.726 0.0000000000
68499  40.805  -27.094  41.208 0.0000000000
68489  40.870  -27.188  41.908 0.0000000000
138573  42.836  -27.844  43.127 0.0000000000
67618  42.516  -27.189  43.116 0.0000000000
67617  43.252  -27.346  43.343 0.0000000000
132538  43.728  -26.746  43.512 0.0000000000
62381  41.784  -33.373  41.190 0.0000000000
63258  41.686  -32.669  40.894 0.0000000000
63245  44.619  -32.165  42.815 0.0000000000
63256  43.613  -32.185  41.726 0.0000000000
64066  44.375  -31.707  42.116 0.0000000000
64072  43.625  -31.359  41.676 0.0000000000
64906  46.762  -30.344  44.107 0.0000000000
64907  46.204  -30.770  43.565 0.0000000000
64915  45.893  -30.413  43.106 0.0000000000
64923  45.347  -30.375  42.697 0.0000000000
65819  45.717  -29.736  43.133 0.0000000000
118254  33.977  -39.130  43.375 0.0000000000
57783  35.475  -38.588  43.762 0.0000000000
57773  35.566  -38.744  44.600 0.0000000000
56803  34.161  -40.209  46.872 0.0000000000
56810  34.656  -39.749  46.438 0.0000000000
121881  36.732  -39.257  47.968 0.0000000000
57752  36.573  -38.609  46.732 0.0000000000
57763  36.354  -38.500  46.099 0.0000000000
58701  37.159  -38.076  46.991 0.0000000000
142323  37.523  -38.301  47.497 0.0000000000
127312  39.210  -39.022  49.457 0.0000000000
57724  38.683  -38.752  48.867 0.0000000000
57723  39.914  -38.585  49.559 0.0000000000
48125  32.075  -48.513  51.395 0.0000000000
50140  32.041  -46.729  50.946 0.0000000000
141362  31.710  -46.874  50.437 0.0000000000
50151  31.705  -46.182  50.359 0.0000000000
51072  31.437  -45.330  49.995 0.0000000000
51071  31.998  -45.309  50.636 0.0000000000
51936  32.933  -44.648  51.429 0.0000000000
51937  32.439  -44.810  50.942 0.0000000000
52823  32.940  -44.348  50.996 0.0000000000
46136  36.821  -50.774  56.070 0.0000000000
48060  36.465  -48.570  56.526 0.0000000000
47096  36.178  -48.954  55.712 0.0000000000
48074  35.702  -48.266  55.240 0.0000000000
48075  35.147  -47.745  54.813 0.0000000000
49063  35.574  -47.461  55.511 0.0000000000
51021  35.724  -45.688  55.299 0.0000000000
50095  35.752  -46.119  55.714 0.0000000000
51029  35.160  -45.701  54.688 0.0000000000
50105  34.801  -46.263  54.603 0.0000000000
51910  34.292  -45.165  53.537 0.0000000000
130859  35.361  -44.110  52.289 0.0000000000
52804  34.379  -44.650  52.831 0.0000000000
52812  34.662  -44.195  52.257 0.0000000000
52821  34.352  -44.009  51.497 0.0000000000
52831  35.030  -43.721  50.770 0.0000000000
53771  36.039  -43.651  50.971 0.0000000000
52819  37.619  -43.583  51.853 0.0000000000
138570  36.844  -43.278  50.907 0.0000000000
53770  37.606  -43.105  51.252 0.0000000000
53769  38.384  -42.681  51.476 0.0000000000
52793  39.206  -44.036  53.570 0.0000000000
52799  40.004  -43.450  54.002 0.0000000000
54754  40.042  -42.286  52.905 0.0000000000
54759  39.727  -41.915  52.206 0.0000000000
54766  39.367  -41.501  51.570 0.0000000000
55754  39.665  -40.712  51.308 0.0000000000
55742  40.006  -41.083  51.966 0.0000000000
74560  48.503  -19.381  29.488 0.0000000000
72067  44.326  -22.045  31.851 0.0000000000
73711  47.506  -20.810  30.107 0.0000000000
72071  47.654  -22.486  30.597 0.0000000000
136249  47.708  -24.274  31.432 0.0000000000
70332  48.410  -25.265  31.901 0.0000000000
71174  49.058  -23.460  33.342 0.0000000000
70320  49.310  -25.151  32.823 0.0000000000
72050  51.204  -22.644  33.601 0.0000000000
71221  51.327  -23.451  28.136 0.0000000000
71232  51.877  -23.996  27.361 0.0000000000
139287  51.383  -24.779  27.033 0.0000000000
68584  51.520  -25.941  29.445 0.0000000000
35743  7.188  -62.471  61.066 0.0000000000
35735  7.129  -62.336  61.945 0.0000000000
33660  5.909  -63.405  62.695 0.0000000000
124831  40.997  -36.790  47.949 0.0000000000
59599  41.574  -36.958  48.511 0.0000000000
125102  25.529  -52.380  52.801 0.0000000000
137971  25.834  -52.795  53.873 0.0000000000
40399  18.268  -56.560  57.572 0.0000000000
41420  17.998  -56.325  56.799 0.0000000000
40409  17.241  -56.646  56.554 0.0000000000
42441  18.436  -54.669  54.601 0.0000000000
42433  18.859  -54.709  55.278 0.0000000000
139896  18.860  -55.010  55.789 0.0000000000
138780  14.445  -59.435  64.116 0.0000000000
37424  15.141  -59.924  65.500 0.0000000000
37440  14.730  -59.692  64.717 0.0000000000
37425  14.233  -59.843  65.458 0.0000000000
37406  13.742  -59.967  66.264 0.0000000000
71151  46.232  -23.177  36.316 0.0000000000
71144  46.530  -23.544  37.156 0.0000000000
69329  44.327  -24.959  43.391 0.0000000000
70210  44.612  -24.515  43.405 0.0000000000
70201  44.913  -24.600  43.864 0.0000000000
70193  45.956  -24.695  44.912 0.0000000000
64946  37.043  -30.563  40.975 0.0000000000
64937  37.600  -29.926  41.118 0.0000000000
64077  38.821  -31.061  41.193 0.0000000000
64075  40.672  -31.562  41.050 0.0000000000
54804  32.493  -41.809  47.535 0.0000000000
119019  33.018  -41.945  48.122 0.0000000000
54803  33.745  -41.785  48.278 0.0000000000
54789  34.169  -42.261  48.894 0.0000000000
53792  35.023  -42.546  49.312 0.0000000000
45264  33.659  -51.346  53.301 0.0000000000
46162  34.049  -50.599  52.935 0.0000000000
45263  34.603  -51.212  53.261 0.0000000000
45262  35.338  -51.055  53.379 0.0000000000
70311  43.978  -24.888  33.316 0.0000000000
72094  49.794  -22.188  29.120 0.0000000000
71211  48.783  -23.050  29.972 0.0000000000
44258  23.937  -52.972  58.016 0.0000000000
44257  24.750  -53.193  58.213 0.0000000000
119750  24.963  -53.461  58.945 0.0000000000
123912  25.256  -53.796  59.631 0.0000000000
37452  10.504  -59.793  63.801 0.0000000000
37453  9.809  -59.956  63.442 0.0000000000
37430  9.245  -60.341  64.818 0.0000000000
35715  7.052  -61.824  65.434 0.0000000000
36586  7.647  -61.385  65.618 0.0000000000
120284  43.102  -26.257  35.835 0.0000000000
67678  41.936  -28.236  37.376 0.0000000000
68521  42.680  -26.843  39.633 0.0000000000
68506  42.309  -26.593  40.539 0.0000000000
68497  41.961  -26.377  41.377 0.0000000000
61429  40.895  -34.747  43.129 0.0000000000
61414  41.686  -34.457  44.392 0.0000000000
69420  41.974  -25.651  34.256 0.0000000000
32666  4.230  -65.444  60.124 0.0000000000
31705  3.872  -65.871  60.608 0.0000000000
31702  3.275  -66.305  61.612 0.0000000000
60606  37.646  -35.694  40.377 0.0000000000
59678  36.911  -37.186  42.379 0.0000000000
59640  38.325  -36.885  44.782 0.0000000000
59639  38.868  -36.777  45.426 0.0000000000
124289  38.187  -37.079  45.420 0.0000000000
59629  38.402  -37.176  46.128 0.0000000000
58714  38.304  -37.469  46.818 0.0000000000
46215  27.364  -50.695  50.445 0.0000000000
45269  28.313  -52.388  53.182 0.0000000000
45268  29.120  -51.988  53.129 0.0000000000
131686  29.869  -51.843  53.457 0.0000000000
45267  30.796  -51.589  53.521 0.0000000000
45247  30.397  -52.252  53.998 0.0000000000
43367  27.275  -53.857  57.468 0.0000000000
140591  27.770  -53.964  57.811 0.0000000000
43366  28.151  -54.019  57.326 0.0000000000
43362  32.504  -53.892  57.226 0.0000000000
40355  20.903  -57.257  62.919 0.0000000000
40356  20.393  -57.446  62.349 0.0000000000
39277  19.708  -57.892  62.338 0.0000000000
39299  17.590  -58.169  60.052 0.0000000000
39287  17.780  -58.433  60.863 0.0000000000
39288  16.967  -58.554  60.596 0.0000000000
133181  16.461  -58.762  61.125 0.0000000000
38318  15.678  -58.792  61.340 0.0000000000
38319  14.791  -58.697  61.285 0.0000000000
38340  14.365  -58.553  60.579 0.0000000000
40413  13.934  -57.329  56.012 0.0000000000
39366  11.712  -58.092  55.998 0.0000000000
39351  12.357  -58.258  57.708 0.0000000000
119533  11.307  -59.073  60.688 0.0000000000
120754  10.168  -59.851  59.177 0.0000000000
46188  22.145  -51.007  52.477 0.0000000000
45274  20.566  -51.339  53.417 0.0000000000
46151  21.216  -51.254  53.764 0.0000000000
45232  21.901  -52.150  55.075 0.0000000000
44322  22.198  -52.324  55.824 0.0000000000
42411  20.333  -55.419  58.608 0.0000000000
140315  20.695  -54.947  58.526 0.0000000000
42388  21.172  -55.364  59.798 0.0000000000
41393  21.463  -55.670  60.503 0.0000000000
41385  21.731  -55.912  61.235 0.0000000000
41386  21.009  -56.191  60.999 0.0000000000
40364  21.298  -56.436  61.687 0.0000000000
32646  4.079  -64.883  63.820 0.0000000000
32641  3.884  -64.701  64.716 0.0000000000
33631  3.388  -64.367  66.024 0.0000000000
72877  50.609  -21.590  38.315 0.0000000000
72863  51.104  -21.846  39.632 0.0000000000
72855  51.204  -22.078  40.032 0.0000000000
72849  51.051  -22.050  40.761 0.0000000000
71985  51.028  -22.219  41.265 0.0000000000
69385  45.250  -25.262  38.380 0.0000000000
70256  45.752  -24.852  38.873 0.0000000000
71955  47.282  -22.743  44.445 0.0000000000
71972  46.980  -22.730  43.409 0.0000000000
65845  39.599  -28.990  41.958 0.0000000000
66724  40.222  -28.377  42.094 0.0000000000
125327  40.782  -27.952  42.362 0.0000000000
67625  41.090  -27.415  42.367 0.0000000000
66723  41.371  -27.854  42.654 0.0000000000
66713  43.551  -28.176  43.163 0.0000000000
63226  43.304  -33.120  43.073 0.0000000000
63247  43.255  -32.869  41.977 0.0000000000
63234  44.108  -32.707  43.353 0.0000000000
65813  46.823  -29.576  44.151 0.0000000000
57785  33.971  -39.430  44.179 0.0000000000
57775  34.244  -39.549  44.876 0.0000000000
56801  35.537  -39.742  47.354 0.0000000000
56793  36.012  -39.848  47.983 0.0000000000
57739  37.525  -38.775  48.059 0.0000000000
56766  38.483  -39.459  49.290 0.0000000000
132243  39.022  -39.775  50.011 0.0000000000
49093  33.321  -48.329  52.137 0.0000000000
49094  32.716  -47.939  51.633 0.0000000000
50127  32.399  -46.105  51.499 0.0000000000
51061  32.404  -45.385  51.257 0.0000000000
51050  32.691  -45.502  51.887 0.0000000000
51929  33.017  -45.004  52.088 0.0000000000
51922  33.387  -45.066  52.708 0.0000000000
47086  36.811  -49.947  56.646 0.0000000000
125220  36.876  -49.127  56.991 0.0000000000
48048  36.891  -48.295  57.226 0.0000000000
49040  36.439  -47.736  56.691 0.0000000000
51908  35.501  -45.231  54.159 0.0000000000
51919  35.807  -44.772  53.434 0.0000000000
52802  35.896  -44.289  52.656 0.0000000000
52811  36.001  -43.951  51.901 0.0000000000
133621  36.525  -44.003  52.325 0.0000000000
52810  37.235  -43.920  52.386 0.0000000000
52809  38.149  -43.719  52.401 0.0000000000
72066  45.002  -22.385  31.783 0.0000000000
72919  46.468  -21.643  30.877 0.0000000000
72072  46.985  -22.237  30.930 0.0000000000
72064  47.115  -23.100  31.192 0.0000000000
71175  47.728  -23.142  33.916 0.0000000000
72052  48.413  -22.489  33.966 0.0000000000
117744  49.065  -22.571  33.735 0.0000000000
72044  49.786  -22.266  33.959 0.0000000000
70367  50.895  -25.193  27.326 0.0000000000
69469  51.103  -25.975  26.978 0.0000000000
42385  23.411  -54.599  60.527 0.0000000000
43285  24.193  -54.425  60.790 0.0000000000
42368  24.461  -54.773  61.493 0.0000000000
41366  24.475  -55.624  63.666 0.0000000000
36603  8.633  -60.914  62.006 0.0000000000
36604  8.112  -61.236  62.564 0.0000000000
35727  7.031  -62.108  62.796 0.0000000000
35722  7.007  -61.978  63.667 0.0000000000
120225  6.990  -61.946  64.585 0.0000000000
35712  5.986  -62.269  66.225 0.0000000000
139640  5.783  -62.251  66.992 0.0000000000
67702  41.304  -27.777  35.708 0.0000000000
66778  41.288  -28.813  36.889 0.0000000000
60531  40.695  -35.522  45.260 0.0000000000
61384  41.321  -35.218  45.644 0.0000000000
60511  42.524  -35.725  47.394 0.0000000000
59608  41.889  -36.341  47.881 0.0000000000
60503  42.831  -36.034  48.139 0.0000000000
30720  3.281  -66.690  59.670 0.0000000000
30724  3.070  -66.865  58.792 0.0000000000
141749  2.879  -67.225  59.394 0.0000000000
29656  1.972  -68.265  58.942 0.0000000000
29648  1.947  -68.338  60.099 0.0000000000
29641  1.670  -68.300  61.116 0.0000000000
28626  1.000  -68.762  61.419 0.0000000000
58787  36.099  -37.409  41.758 0.0000000000
58766  36.148  -37.777  42.685 0.0000000000
133257  36.056  -38.095  43.522 0.0000000000
45270  27.201  -52.405  52.879 0.0000000000
45271  26.194  -52.605  53.077 0.0000000000
44315  29.288  -53.443  54.883 0.0000000000
40374  19.614  -57.046  60.265 0.0000000000
40375  18.885  -57.332  59.935 0.0000000000
39315  18.196  -57.696  59.572 0.0000000000
40385  17.989  -57.399  58.819 0.0000000000
39316  17.436  -57.874  59.274 0.0000000000
39317  16.801  -57.922  58.995 0.0000000000
141165  11.152  -58.228  55.882 0.0000000000
39367  11.247  -58.454  56.500 0.0000000000
38386  10.721  -58.872  56.714 0.0000000000
44347  19.766  -52.802  54.071 0.0000000000
43385  20.641  -53.567  56.164 0.0000000000
42418  19.995  -54.937  57.402 0.0000000000
42419  19.411  -55.088  56.835 0.0000000000
119523  19.984  -55.313  57.981 0.0000000000
41403  19.882  -56.117  59.059 0.0000000000
72037  48.224  -21.796  35.631 0.0000000000
72028  48.422  -21.950  36.622 0.0000000000
72017  48.621  -22.250  37.585 0.0000000000
72007  48.722  -22.319  38.521 0.0000000000
139845  49.058  -22.058  39.126 0.0000000000
70247  44.679  -24.913  40.953 0.0000000000
70232  45.422  -24.329  41.289 0.0000000000
71085  45.678  -23.588  42.892 0.0000000000
70209  45.177  -24.094  43.891 0.0000000000
71075  46.377  -23.122  44.101 0.0000000000
65846  38.293  -29.310  41.202 0.0000000000
130696  39.016  -28.917  41.552 0.0000000000
64926  42.171  -30.232  41.980 0.0000000000
62320  45.325  -33.217  46.565 0.0000000000
56812  33.091  -40.234  45.981 0.0000000000
56824  32.890  -40.207  45.206 0.0000000000
55797  34.513  -40.553  47.480 0.0000000000
55790  34.131  -41.171  47.867 0.0000000000
55789  34.861  -40.871  48.102 0.0000000000
55788  35.594  -40.586  48.354 0.0000000000
55765  37.128  -41.308  49.683 0.0000000000
47139  30.743  -49.772  51.875 0.0000000000
47138  31.470  -49.677  52.054 0.0000000000
47137  32.322  -49.574  52.134 0.0000000000
46181  33.544  -50.104  52.609 0.0000000000
49082  33.823  -47.821  52.879 0.0000000000
71189  45.682  -23.970  32.140 0.0000000000
136777  46.257  -24.567  32.484 0.0000000000
71177  46.185  -24.104  34.358 0.0000000000
71176  46.838  -23.571  34.158 0.0000000000
72092  51.603  -22.499  28.495 0.0000000000
72093  50.616  -22.232  28.835 0.0000000000
69448  50.683  -25.980  29.374 0.0000000000
70344  49.698  -24.651  29.586 0.0000000000
69441  50.096  -25.729  31.112 0.0000000000
69435  49.492  -25.614  31.780 0.0000000000
44319  24.948  -52.737  55.393 0.0000000000
44273  25.437  -53.272  57.735 0.0000000000
134465  26.742  -53.743  58.072 0.0000000000
43299  24.771  -54.004  60.318 0.0000000000
43298  25.549  -53.961  60.328 0.0000000000
43297  26.327  -53.948  60.517 0.0000000000
41443  17.185  -55.523  54.420 0.0000000000
37442  12.870  -59.578  64.663 0.0000000000
37443  11.923  -59.669  64.654 0.0000000000
37427  11.553  -59.885  65.579 0.0000000000
125086  10.545  -59.885  64.651 0.0000000000
37390  10.939  -60.286  66.807 0.0000000000
36596  8.730  -60.711  63.632 0.0000000000
36591  8.709  -60.676  64.409 0.0000000000
37411  9.098  -60.603  65.753 0.0000000000
36585  8.267  -60.931  65.749 0.0000000000
36576  8.499  -60.895  66.623 0.0000000000
36575  9.273  -60.691  66.665 0.0000000000
70283  44.881  -24.737  36.112 0.0000000000
69396  44.793  -25.472  37.237 0.0000000000
138866  44.934  -25.559  37.918 0.0000000000
67664  43.304  -27.052  38.011 0.0000000000
68519  44.091  -26.165  39.034 0.0000000000
69363  44.190  -25.416  40.646 0.0000000000
69348  43.908  -25.152  41.452 0.0000000000
70223  43.717  -24.950  42.405 0.0000000000
70211  43.890  -24.904  43.049 0.0000000000
69323  44.178  -25.582  43.423 0.0000000000
68472  44.667  -25.933  43.893 0.0000000000
141281  39.794  -32.690  40.506 0.0000000000
62388  40.548  -33.687  40.609 0.0000000000
119454  42.005  -33.694  41.993 0.0000000000
61444  41.457  -34.244  42.555 0.0000000000
62359  42.061  -33.844  42.949 0.0000000000
62358  42.682  -33.400  42.396 0.0000000000
62347  42.867  -33.552  43.969 0.0000000000
62332  44.335  -33.257  45.680 0.0000000000
61396  42.527  -34.413  45.624 0.0000000000
136044  43.060  -34.203  46.012 0.0000000000
62322  43.754  -33.790  45.998 0.0000000000
62321  44.580  -33.541  46.329 0.0000000000
53806  31.380  -42.628  48.134 0.0000000000
44286  36.307  -52.545  56.239 0.0000000000
138105  36.446  -52.100  55.636 0.0000000000
33687  5.772  -63.805  60.471 0.0000000000
33673  5.753  -63.819  61.390 0.0000000000
33688  5.191  -64.246  60.960 0.0000000000
32654  4.214  -65.190  62.097 0.0000000000
32650  4.195  -65.046  62.963 0.0000000000
31691  3.686  -65.472  63.431 0.0000000000
31687  2.783  -65.707  64.582 0.0000000000
30712  2.758  -66.693  62.201 0.0000000000
31688  2.091  -66.117  64.964 0.0000000000
64947  36.216  -30.246  40.644 0.0000000000
64084  37.461  -31.583  40.909 0.0000000000
63267  37.991  -32.531  40.589 0.0000000000
63268  37.129  -32.403  40.572 0.0000000000
62389  39.144  -33.823  40.263 0.0000000000
61462  39.678  -34.839  40.964 0.0000000000
60605  38.398  -35.089  40.396 0.0000000000
61446  40.025  -34.952  41.832 0.0000000000
60546  39.862  -35.685  44.284 0.0000000000
60607  36.742  -35.994  40.197 0.0000000000
60598  37.993  -36.189  41.023 0.0000000000
59677  37.505  -36.687  41.602 0.0000000000
60577  38.218  -36.303  41.927 0.0000000000
137992  40.138  -35.720  44.941 0.0000000000
60523  40.134  -35.945  45.594 0.0000000000
59627  40.232  -36.238  46.375 0.0000000000
59617  40.373  -36.643  47.228 0.0000000000
59600  40.856  -37.293  48.520 0.0000000000
58672  40.799  -37.785  49.020 0.0000000000
47151  29.751  -49.743  51.224 0.0000000000
45299  27.608  -51.119  51.293 0.0000000000
46201  28.590  -50.740  51.482 0.0000000000
46200  29.400  -50.342  51.668 0.0000000000
47140  30.102  -49.993  51.764 0.0000000000
46184  30.844  -50.330  52.410 0.0000000000
45266  31.730  -51.496  53.492 0.0000000000
45265  32.686  -51.430  53.410 0.0000000000
45243  34.220  -51.887  53.716 0.0000000000
44336  34.790  -52.268  54.213 0.0000000000
44309  35.350  -52.449  54.818 0.0000000000
44318  26.378  -53.235  55.244 0.0000000000
44317  27.113  -53.430  55.160 0.0000000000
43397  27.570  -53.729  55.913 0.0000000000
126685  27.857  -53.561  55.129 0.0000000000
43343  29.589  -53.980  58.267 0.0000000000
43365  29.760  -53.984  57.491 0.0000000000
43382  29.920  -53.997  56.524 0.0000000000
44314  30.227  -53.422  55.045 0.0000000000
44313  31.297  -53.384  55.223 0.0000000000
44312  32.335  -53.093  55.145 0.0000000000
44290  32.781  -53.331  55.860 0.0000000000
132530  34.183  -52.905  55.588 0.0000000000
119721  34.993  -52.783  55.523 0.0000000000
40320  22.423  -57.586  65.349 0.0000000000
39248  20.844  -58.182  65.135 0.0000000000
39266  20.461  -57.821  63.524 0.0000000000
39249  20.102  -58.503  64.830 0.0000000000
38244  18.879  -59.192  64.882 0.0000000000
38294  18.769  -58.390  62.109 0.0000000000
118676  18.529  -58.803  62.912 0.0000000000
118809  18.256  -59.108  63.613 0.0000000000
123247  18.035  -59.448  64.167 0.0000000000
138935  16.859  -59.597  64.029 0.0000000000
38257  16.086  -59.557  63.953 0.0000000000
38258  15.171  -59.424  64.011 0.0000000000
38277  14.564  -59.147  63.404 0.0000000000
38278  13.710  -59.122  63.297 0.0000000000
41435  16.651  -56.112  54.968 0.0000000000
40410  16.437  -56.888  56.346 0.0000000000
40411  15.603  -57.017  56.202 0.0000000000
40402  15.925  -57.311  56.937 0.0000000000
40423  13.478  -57.067  55.127 0.0000000000
39364  13.505  -57.693  56.783 0.0000000000
39304  13.075  -58.554  59.878 0.0000000000
38341  13.515  -58.620  60.638 0.0000000000
38300  12.981  -58.943  62.266 0.0000000000
123437  12.274  -59.104  62.501 0.0000000000
136933  11.667  -59.296  62.673 0.0000000000
38302  11.093  -59.435  62.346 0.0000000000
139762  10.646  -59.494  61.239 0.0000000000
37468  10.415  -59.672  61.840 0.0000000000
37469  9.617  -60.047  61.504 0.0000000000
37474  9.427  -60.416  59.975 0.0000000000
36607  8.617  -61.041  61.086 0.0000000000
128252  8.104  -61.614  61.009 0.0000000000
35750  7.657  -62.050  60.465 0.0000000000
35757  7.931  -61.888  59.551 0.0000000000
35751  7.068  -62.626  60.214 0.0000000000
34775  6.844  -62.963  58.090 0.0000000000
33700  5.769  -63.851  59.406 0.0000000000
33723  4.899  -64.424  57.597 0.0000000000
31719  4.574  -64.975  58.302 0.0000000000
45301  25.156  -51.628  51.347 0.0000000000
45250  24.215  -52.250  54.060 0.0000000000
134818  22.229  -51.322  53.270 0.0000000000
46150  21.898  -51.426  53.867 0.0000000000
44275  23.570  -52.743  57.133 0.0000000000
139853  23.010  -52.520  56.637 0.0000000000
43349  23.386  -53.342  58.571 0.0000000000
43369  21.551  -53.571  57.509 0.0000000000
42409  21.020  -54.564  58.424 0.0000000000
43350  21.509  -54.016  58.261 0.0000000000
133614  21.992  -53.595  58.121 0.0000000000
43301  23.100  -54.222  59.790 0.0000000000
41376  22.691  -55.895  62.296 0.0000000000
41368  22.880  -56.108  63.196 0.0000000000
40347  22.717  -56.558  63.944 0.0000000000
127804  5.713  -63.799  62.124 0.0000000000
33649  5.615  -63.543  63.495 0.0000000000
33651  4.576  -64.278  64.252 0.0000000000
33640  5.252  -63.593  64.360 0.0000000000
34672  5.296  -62.721  66.552 0.0000000000
135255  50.120  -21.635  36.481 0.0000000000
71136  46.738  -23.817  37.943 0.0000000000
70265  46.296  -24.334  38.432 0.0000000000
125202  46.861  -23.815  38.718 0.0000000000
71125  47.685  -23.010  39.425 0.0000000000
72000  47.983  -22.714  39.988 0.0000000000
124050  48.682  -22.185  40.283 0.0000000000
70231  46.313  -23.808  41.054 0.0000000000
71083  47.189  -22.748  42.386 0.0000000000
71099  47.473  -22.751  41.563 0.0000000000
71988  48.336  -22.211  41.646 0.0000000000
71994  48.767  -22.016  41.051 0.0000000000
71986  50.314  -21.729  41.735 0.0000000000
65911  39.313  -29.942  36.464 0.0000000000
66763  40.519  -29.108  38.212 0.0000000000
66766  37.718  -29.312  39.130 0.0000000000
66745  38.932  -28.410  40.489 0.0000000000
66753  39.185  -28.615  39.599 0.0000000000
67642  41.029  -27.274  40.297 0.0000000000
68498  41.393  -26.764  41.663 0.0000000000
67619  41.822  -27.119  42.726 0.0000000000
68487  42.083  -26.395  42.601 0.0000000000
68473  44.143  -26.215  43.567 0.0000000000
63259  40.977  -32.463  40.698 0.0000000000
126406  41.425  -32.021  40.917 0.0000000000
63257  42.896  -32.494  41.408 0.0000000000
64074  42.214  -31.923  41.137 0.0000000000
64932  42.741  -31.113  41.506 0.0000000000
64925  43.250  -30.341  42.033 0.0000000000
63214  45.422  -32.426  45.281 0.0000000000
138676  45.121  -32.191  44.313 0.0000000000
64048  45.174  -31.841  43.308 0.0000000000
64046  46.434  -31.106  44.330 0.0000000000
64047  45.806  -31.503  43.804 0.0000000000
64924  44.959  -31.015  42.361 0.0000000000
65832  44.725  -30.336  42.386 0.0000000000
65821  43.842  -29.051  42.810 0.0000000000
66712  44.446  -28.518  43.231 0.0000000000
65814  46.187  -29.201  43.712 0.0000000000
67615  45.014  -27.869  43.657 0.0000000000
67608  45.577  -27.244  44.234 0.0000000000
68470  46.080  -26.600  44.902 0.0000000000
56823  33.684  -39.952  45.438 0.0000000000
56822  34.442  -39.618  45.700 0.0000000000
57774  34.949  -39.078  45.209 0.0000000000
57753  35.344  -39.399  46.751 0.0000000000
57764  35.818  -38.706  45.529 0.0000000000
58731  36.207  -38.267  44.830 0.0000000000
58730  36.922  -37.886  44.864 0.0000000000
58729  37.299  -37.845  45.603 0.0000000000
58715  37.723  -37.773  46.368 0.0000000000
58699  38.691  -37.598  47.496 0.0000000000
57738  38.233  -38.580  48.350 0.0000000000
58686  38.850  -38.066  48.326 0.0000000000
58685  39.693  -37.807  48.504 0.0000000000
57722  40.636  -38.248  49.565 0.0000000000
49108  30.960  -48.080  50.361 0.0000000000
49106  32.120  -47.673  51.125 0.0000000000
49107  31.639  -47.493  50.584 0.0000000000
52836  31.634  -44.200  49.581 0.0000000000
52835  32.038  -44.102  49.923 0.0000000000
52834  32.557  -44.058  50.252 0.0000000000
45228  36.671  -51.462  55.396 0.0000000000
47106  36.345  -49.680  54.925 0.0000000000
47095  36.618  -49.869  55.812 0.0000000000
48088  35.468  -48.541  54.445 0.0000000000
48089  34.874  -48.111  54.006 0.0000000000
49052  36.003  -47.197  56.147 0.0000000000
50084  36.680  -46.316  56.466 0.0000000000
50085  36.080  -46.467  56.140 0.0000000000
127072  35.627  -46.674  55.663 0.0000000000
49064  35.136  -46.903  55.053 0.0000000000
50106  34.211  -46.280  53.993 0.0000000000
51039  33.993  -45.609  53.575 0.0000000000
131544  33.793  -45.191  53.171 0.0000000000
51920  34.841  -44.961  53.482 0.0000000000
52822  33.539  -44.229  51.293 0.0000000000
53780  33.769  -43.514  49.862 0.0000000000
53779  34.754  -43.306  49.932 0.0000000000
139922  35.337  -42.882  49.763 0.0000000000
53778  36.416  -42.936  50.343 0.0000000000
54775  36.758  -42.100  50.000 0.0000000000
54774  37.563  -41.800  50.254 0.0000000000
54773  38.299  -41.446  50.574 0.0000000000
139615  38.891  -44.598  54.228 0.0000000000
53756  39.713  -43.171  53.167 0.0000000000
53762  39.409  -42.757  52.453 0.0000000000
53763  38.712  -43.079  52.087 0.0000000000
54767  38.661  -41.861  51.234 0.0000000000
55763  38.630  -40.635  50.299 0.0000000000
55762  39.311  -40.303  50.694 0.0000000000
56765  39.660  -39.720  50.485 0.0000000000
56764  40.236  -39.327  50.658 0.0000000000
132185  48.516  -20.188  29.419 0.0000000000
73726  48.220  -20.830  29.708 0.0000000000
72084  48.388  -22.308  30.075 0.0000000000
70339  48.697  -24.950  31.102 0.0000000000
69436  48.930  -25.512  31.665 0.0000000000
69429  49.624  -25.461  32.344 0.0000000000
70306  48.120  -24.161  33.236 0.0000000000
70321  48.366  -25.082  32.679 0.0000000000
70319  50.223  -24.864  32.514 0.0000000000
72051  50.587  -22.593  33.493 0.0000000000
72058  51.279  -22.953  33.032 0.0000000000
31692  3.066  -65.855  63.771 0.0000000000
32635  3.486  -64.681  65.393 0.0000000000
32642  3.097  -65.048  64.965 0.0000000000
37377  10.957  -60.493  67.664 0.0000000000
38261  12.459  -59.419  63.918 0.0000000000
40348  22.307  -56.577  63.415 0.0000000000
45240  36.501  -51.182  54.625 0.0000000000
46144  36.317  -50.425  54.266 0.0000000000
48116  31.958  -49.141  51.766 0.0000000000
51013  36.154  -45.906  55.957 0.0000000000
51898  35.474  -45.458  54.655 0.0000000000
56792  36.666  -39.799  48.408 0.0000000000
56802  34.892  -39.958  47.128 0.0000000000
56847  33.367  -39.682  43.845 0.0000000000
58673  40.112  -38.052  49.064 0.0000000000
58687  38.072  -38.119  47.865 0.0000000000
58717  36.576  -38.222  45.538 0.0000000000
60560  38.734  -36.135  43.381 0.0000000000
61467  39.881  -34.185  40.520 0.0000000000
61469  38.422  -34.279  40.216 0.0000000000
63265  40.466  -32.960  40.486 0.0000000000
64076  39.725  -31.356  41.148 0.0000000000
64933  41.793  -30.913  41.481 0.0000000000
65833  44.058  -29.920  42.366 0.0000000000
65844  39.921  -29.920  41.888 0.0000000000
65910  39.897  -29.598  35.986 0.0000000000
67626  40.515  -27.745  42.037 0.0000000000
68479  42.373  -26.588  42.943 0.0000000000
71076  45.684  -23.633  43.717 0.0000000000
123724  4.966  -62.985  65.913 0.0000000000
123747  10.367  -60.346  66.445 0.0000000000
126048  3.970  -64.157  65.406 0.0000000000
135805  10.348  -60.202  65.854 0.0000000000
135956  33.278  -44.485  51.655 0.0000000000
140450  34.291  -44.920  53.202 0.0000000000
