#!ascii label  , from subject sub-v1s10x0050956_ses-1 vox2ras=TkReg
663
62030  12.214  -7.365  -35.321 0.2500000000
62036  12.584  -7.207  -36.099 0.2500000000
104227  12.915  -8.049  -36.350 0.7500000000
108805  12.034  -4.952  -34.573 0.2500000000
64361  12.545  -4.692  -34.719 0.3750000000
63576  12.257  -6.102  -35.258 0.2500000000
62801  12.138  -6.719  -35.059 0.2500000000
62821  12.976  -6.725  -36.785 0.7500000000
62815  12.281  -6.733  -35.474 0.3750000000
62046  13.291  -7.417  -36.915 0.8750000000
62045  14.056  -7.494  -37.524 0.8750000000
63575  12.444  -5.334  -35.028 0.3750000000
114304  12.536  -5.579  -35.746 0.3750000000
100666  12.716  -5.244  -36.642 0.8750000000
109399  12.605  -6.214  -36.134 0.7500000000
63585  13.845  -6.060  -37.816 1.0000000000
63586  13.063  -6.038  -37.132 0.8750000000
62827  13.581  -6.762  -37.406 0.8750000000
62063  14.702  -7.565  -38.110 1.0000000000
65157  12.115  -4.376  -34.480 0.2500000000
64377  12.968  -4.676  -35.275 0.7500000000
64383  12.804  -4.529  -36.419 0.8750000000
115853  12.635  -5.062  -35.899 0.7500000000
63604  14.628  -6.098  -38.430 1.0000000000
107771  13.281  -5.269  -37.551 1.0000000000
63603  15.413  -6.138  -39.036 1.0000000000
62846  15.039  -6.893  -38.581 1.0000000000
62826  14.311  -6.821  -38.009 1.0000000000
65142  11.184  -3.783  -33.575 0.1250000000
64398  12.868  -4.455  -37.219 1.0000000000
97903  16.037  -5.291  -39.227 1.0000000000
107031  15.038  -5.315  -38.721 1.0000000000
108196  14.152  -5.321  -38.189 1.0000000000
64397  13.626  -4.548  -37.916 1.0000000000
63602  16.174  -6.173  -39.367 1.0000000000
106970  17.031  -5.725  -39.492 1.0000000000
68287  12.530  0.129  -34.178 0.2500000000
107972  11.162  -3.342  -33.911 0.2500000000
106522  12.932  -4.046  -34.645 0.3750000000
65156  12.630  -4.301  -34.609 0.5000000000
65962  13.672  -3.481  -35.433 1.0000000000
65155  13.323  -4.118  -34.897 0.6250000000
65174  13.349  -4.045  -35.661 1.0000000000
108187  14.012  -3.864  -38.158 1.0000000000
65191  12.883  -3.827  -36.880 1.0000000000
64417  15.532  -4.401  -38.772 1.0000000000
108154  14.833  -3.920  -38.444 1.0000000000
115057  16.383  -4.430  -39.108 1.0000000000
64429  17.659  -4.176  -39.373 1.0000000000
63611  17.736  -4.989  -39.474 1.0000000000
67488  11.148  -0.367  -33.763 0.3750000000
104569  12.381  -0.967  -34.383 0.3750000000
66728  11.403  -1.860  -34.146 0.5000000000
66727  13.102  -1.941  -34.625 0.5000000000
98360  14.008  -2.779  -35.939 0.8750000000
65980  13.409  -3.274  -36.632 1.0000000000
66773  13.624  -2.171  -36.917 1.0000000000
65219  14.590  -3.152  -38.256 1.0000000000
65990  13.467  -2.695  -37.324 1.0000000000
65218  15.506  -3.495  -38.573 1.0000000000
110656  17.594  -3.472  -39.276 1.0000000000
64430  17.016  -3.938  -39.185 1.0000000000
64428  18.452  -4.306  -39.510 0.8750000000
67501  13.929  -0.356  -34.879 0.5000000000
66726  13.886  -1.215  -35.096 0.6250000000
66765  14.097  -1.645  -36.460 0.6250000000
66766  14.147  -2.049  -36.260 1.0000000000
66745  14.224  -2.410  -35.855 0.7500000000
66772  13.752  -2.000  -37.537 1.0000000000
66793  17.333  -1.352  -38.986 1.0000000000
66779  16.444  -1.419  -38.726 1.0000000000
65997  15.888  -2.143  -38.580 1.0000000000
65998  14.883  -2.251  -38.292 1.0000000000
65996  16.823  -2.121  -38.839 1.0000000000
65217  16.214  -2.875  -38.698 1.0000000000
107713  15.427  -2.810  -38.467 1.0000000000
66009  17.648  -2.059  -39.172 0.8750000000
65226  17.114  -2.971  -39.043 1.0000000000
65224  18.211  -3.479  -39.430 0.8750000000
67516  14.555  -0.613  -35.603 0.5000000000
67539  13.650  -0.777  -37.131 0.8750000000
67557  13.971  -0.587  -38.001 1.0000000000
109782  16.032  -0.716  -38.678 1.0000000000
66781  14.272  -1.524  -38.059 1.0000000000
67568  16.816  0.116  -38.923 1.0000000000
66792  18.112  -1.287  -39.316 1.0000000000
67555  16.926  -0.771  -38.872 1.0000000000
106868  14.628  -0.107  -36.242 0.5000000000
115289  13.509  0.253  -37.824 1.0000000000
68342  14.004  0.794  -38.284 1.0000000000
67570  14.448  0.061  -38.344 1.0000000000
68343  13.634  0.177  -38.002 1.0000000000
69139  17.163  1.623  -39.481 1.0000000000
68354  16.468  1.089  -39.052 1.0000000000
68353  17.448  0.961  -39.372 1.0000000000
67567  18.490  0.072  -39.570 1.0000000000
109737  18.507  -0.641  -39.496 0.8750000000
71466  13.303  4.413  -38.028 1.0000000000
70683  12.910  3.357  -37.539 0.3750000000
109743  13.184  3.543  -38.033 0.8750000000
69886  14.780  2.607  -38.717 1.0000000000
69140  16.531  1.996  -39.327 1.0000000000
112059  12.730  4.704  -37.532 0.8750000000
111855  14.359  4.067  -38.601 1.0000000000
69899  16.551  2.931  -39.582 1.0000000000
116720  17.267  3.083  -40.011 1.0000000000
72270  12.462  5.261  -37.284 0.7500000000
71465  14.301  4.968  -38.570 1.0000000000
71476  15.265  4.779  -39.207 1.0000000000
97970  16.567  4.192  -40.061 1.0000000000
71475  16.115  4.638  -39.779 1.0000000000
70701  16.070  3.755  -39.586 1.0000000000
76443  12.114  10.658  -35.087 0.1250000000
76434  12.429  11.604  -34.567 0.1250000000
75788  12.227  10.595  -36.272 0.2500000000
76457  12.219  10.850  -35.769 0.1250000000
97572  12.511  11.068  -36.890 0.3750000000
76456  12.416  11.526  -36.244 0.2500000000
76470  12.648  11.855  -37.142 0.2500000000
76485  13.227  12.075  -37.932 0.3750000000
77183  12.622  12.347  -35.692 0.2500000000
77198  12.613  12.513  -36.533 0.2500000000
77987  12.770  13.393  -36.874 0.2500000000
77212  12.839  12.718  -37.413 0.2500000000
77997  12.953  13.488  -37.763 0.2500000000
77225  13.306  12.858  -38.228 0.3750000000
106461  13.705  12.982  -38.936 0.3750000000
77996  13.305  13.526  -38.656 0.2500000000
103292  12.224  -5.744  -34.844 0.1250000000
62856  16.768  -6.679  -39.520 1.0000000000
67547  13.639  -0.378  -37.504 0.8750000000
114033  16.070  0.504  -38.804 1.0000000000
61245  12.320  -8.065  -35.339 0.1250000000
114738  14.249  -8.574  -37.371 0.7500000000
63548  11.521  -4.994  -33.537 0.1250000000
61268  14.683  -8.921  -37.661 1.0000000000
62787  11.951  -6.776  -33.904 0.1250000000
62062  15.363  -7.690  -38.623 1.0000000000
62069  16.714  -7.546  -39.457 1.0000000000
107542  17.389  -7.185  -39.567 1.0000000000
65946  11.149  -2.660  -34.013 0.3750000000
67502  10.870  -1.090  -33.611 0.2500000000
112547  18.407  -5.120  -39.534 0.8750000000
105362  18.670  -2.683  -39.510 0.8750000000
66791  18.851  -1.178  -39.597 0.8750000000
70667  12.903  3.235  -37.521 0.1250000000
69867  12.907  2.494  -37.673 0.1250000000
68299  14.876  0.300  -35.494 0.3750000000
107206  13.322  1.206  -37.784 0.6250000000
68352  18.367  0.936  -39.741 1.0000000000
71467  12.788  4.093  -37.505 0.5000000000
69880  12.977  2.576  -37.685 0.3750000000
69888  13.109  2.674  -38.020 0.8750000000
69898  17.370  2.349  -39.791 1.0000000000
69897  17.842  2.759  -40.397 1.0000000000
70699  17.417  3.334  -40.738 1.0000000000
72277  13.259  5.272  -37.875 1.0000000000
70700  16.899  3.659  -40.013 1.0000000000
72990  13.480  6.143  -37.885 0.8750000000
72989  14.325  6.585  -38.490 1.0000000000
72286  15.211  5.506  -39.199 1.0000000000
76425  12.200  10.843  -33.266 0.1250000000
75780  11.623  9.742  -35.041 0.1250000000
75149  12.342  9.126  -36.767 0.6250000000
75798  12.560  10.198  -37.008 0.6250000000
75808  13.836  10.774  -38.222 0.5000000000
76442  12.433  11.518  -35.402 0.2500000000
76484  13.846  11.518  -38.447 0.5000000000
77170  12.735  12.353  -34.926 0.2500000000
77971  12.820  13.187  -36.013 0.2500000000
77224  13.809  12.326  -38.718 0.5000000000
78676  12.956  14.174  -36.487 0.1250000000
111662  13.135  14.104  -39.206 0.2500000000
78693  12.827  14.212  -37.432 0.1250000000
62029  12.407  -7.889  -35.725 0.3750000000
61269  13.776  -8.222  -37.049 0.7500000000
104706  14.449  -8.171  -37.636 1.0000000000
62845  15.862  -7.030  -39.215 1.0000000000
64418  14.524  -4.577  -38.407 1.0000000000
65945  12.106  -2.520  -34.433 0.3750000000
65944  13.762  -3.356  -35.245 0.8750000000
107645  13.167  -3.300  -37.230 1.0000000000
65208  13.668  -3.194  -37.776 1.0000000000
63612  16.960  -4.779  -39.361 1.0000000000
64416  16.330  -3.695  -38.869 1.0000000000
66782  13.735  -1.272  -37.451 1.0000000000
65989  14.016  -2.440  -37.943 1.0000000000
65225  17.948  -2.753  -39.322 0.8750000000
105491  13.659  -1.275  -36.987 1.0000000000
66780  15.391  -1.461  -38.474 1.0000000000
66008  18.407  -1.962  -39.433 0.8750000000
67569  15.582  0.001  -38.630 1.0000000000
67556  14.879  -0.713  -38.390 1.0000000000
105084  17.814  0.319  -39.323 1.0000000000
102168  17.754  -0.505  -39.180 1.0000000000
68333  13.536  0.232  -37.735 0.7500000000
68341  15.262  0.799  -38.661 1.0000000000
69127  14.634  1.648  -38.595 1.0000000000
69126  15.700  2.310  -39.021 1.0000000000
110002  15.762  1.581  -38.898 1.0000000000
69138  17.864  1.645  -39.761 1.0000000000
69128  13.552  1.389  -38.164 1.0000000000
112032  15.667  3.020  -39.200 1.0000000000
69887  13.671  2.137  -38.300 1.0000000000
98825  13.888  3.052  -38.428 1.0000000000
70690  15.102  3.474  -38.902 1.0000000000
70702  15.412  4.165  -39.243 1.0000000000
106198  15.868  5.274  -39.737 1.0000000000
72276  14.320  5.782  -38.509 1.0000000000
76435  11.968  10.745  -34.103 0.1250000000
75789  11.912  10.141  -35.699 0.1250000000
114689  11.798  10.259  -34.644 0.1250000000
75135  11.973  9.699  -36.233 0.5000000000
75797  13.068  11.113  -37.628 0.5000000000
78709  12.926  14.193  -38.360 0.2500000000
61223  12.571  -8.345  -34.303 0.1250000000
60437  12.488  -9.050  -35.394 0.1250000000
61253  13.230  -8.877  -36.435 0.6250000000
61287  15.040  -8.278  -38.138 1.0000000000
68323  14.330  0.649  -36.527 0.6250000000
104616  13.390  0.837  -37.904 0.8750000000
69108  13.157  1.941  -37.765 0.8750000000
69120  13.211  1.770  -37.791 1.0000000000
72996  15.144  6.296  -39.190 1.0000000000
72285  15.892  6.040  -40.134 1.0000000000
75136  11.546  9.286  -35.669 0.3750000000
111477  13.074  9.468  -37.474 0.7500000000
75148  13.390  10.218  -37.744 0.7500000000
110579  13.619  13.518  -39.697 0.2500000000
77234  14.050  12.644  -39.608 0.3750000000
58185  16.358  -12.370  -37.256 0.7500000000
58195  18.659  -12.471  -38.320 0.7500000000
58186  15.829  -11.585  -37.490 0.7500000000
58985  17.392  -11.287  -38.180 0.7500000000
58973  16.834  -11.830  -37.717 0.7500000000
58974  16.472  -11.063  -38.042 0.7500000000
58975  15.168  -11.030  -37.437 0.7500000000
58984  18.334  -11.523  -38.366 0.7500000000
60470  14.347  -9.866  -37.283 0.7500000000
61252  13.973  -9.027  -37.091 0.6250000000
59764  16.185  -10.312  -38.251 0.7500000000
60499  15.840  -9.627  -38.339 0.8750000000
60487  15.168  -9.629  -37.849 0.8750000000
59762  18.004  -10.664  -38.492 0.7500000000
60498  16.659  -9.740  -38.602 0.7500000000
107526  15.407  -8.960  -38.246 0.8750000000
102853  18.583  -10.015  -38.778 0.7500000000
107024  17.637  -9.882  -38.697 0.7500000000
99819  17.228  -9.140  -38.990 0.8750000000
99415  15.583  -8.377  -38.600 0.8750000000
61285  17.805  -8.559  -39.260 0.7500000000
62060  16.894  -8.371  -39.282 0.8750000000
62059  19.015  -7.828  -39.291 0.8750000000
62068  17.560  -7.851  -39.461 0.8750000000
62067  18.204  -7.281  -39.472 0.8750000000
62855  17.653  -6.486  -39.574 0.8750000000
62852  20.428  -6.124  -39.286 0.3750000000
62853  19.454  -6.423  -39.377 0.6250000000
107673  18.016  -5.730  -39.562 0.7500000000
63601  21.348  -5.815  -39.229 0.5000000000
63609  19.721  -5.461  -39.439 0.7500000000
104230  19.080  -4.845  -39.566 0.7500000000
113947  22.099  -4.759  -39.269 0.1250000000
64425  20.835  -4.370  -39.415 0.3750000000
64426  19.906  -4.454  -39.528 0.6250000000
64427  19.193  -4.099  -39.583 0.6250000000
104740  22.857  -4.894  -39.102 0.1250000000
64414  22.407  -4.161  -39.261 0.1250000000
65223  21.078  -3.478  -39.473 0.1250000000
65222  21.693  -2.897  -39.466 0.1250000000
105373  20.266  -2.839  -39.615 0.6250000000
66006  19.899  -1.946  -39.690 0.6250000000
66007  19.138  -1.895  -39.622 0.7500000000
66787  21.892  -1.468  -39.549 0.1250000000
66789  20.376  -1.359  -39.833 0.1250000000
65215  22.628  -3.268  -39.297 0.1250000000
67565  20.014  -0.101  -40.130 0.5000000000
67566  19.197  -0.271  -39.839 0.7500000000
72269  12.731  5.825  -37.491 0.6250000000
102470  12.287  6.798  -36.984 0.5000000000
72980  12.728  6.525  -37.418 0.7500000000
109725  19.668  0.375  -40.194 0.6250000000
100138  19.030  1.184  -40.222 0.6250000000
102442  20.469  1.148  -40.469 0.5000000000
100512  19.745  1.052  -40.425 0.6250000000
69136  19.367  1.732  -40.542 0.6250000000
69137  18.576  1.676  -40.185 0.7500000000
71473  16.896  3.915  -40.983 0.8750000000
69896  18.750  2.410  -40.728 0.7500000000
70709  17.833  3.627  -41.606 0.8750000000
71485  16.728  4.632  -41.483 0.8750000000
69135  20.212  1.788  -40.610 0.3750000000
97830  19.650  2.361  -40.850 0.5000000000
69893  20.679  2.162  -40.351 0.2500000000
69895  19.442  3.066  -41.305 0.5000000000
73717  12.647  7.448  -37.258 0.6250000000
73726  13.556  6.997  -37.852 0.8750000000
73001  16.263  5.961  -41.580 0.7500000000
113571  16.578  5.286  -41.890 0.8750000000
70698  18.307  3.076  -41.209 0.6250000000
69894  20.215  2.738  -40.761 0.3750000000
70697  20.023  3.489  -41.202 0.5000000000
71494  18.215  4.786  -42.586 0.7500000000
74457  12.074  8.141  -36.649 0.6250000000
104061  14.412  7.429  -38.562 0.8750000000
103234  14.997  7.009  -39.141 0.8750000000
72995  15.537  6.933  -40.009 0.8750000000
73734  15.169  7.818  -39.719 0.7500000000
73002  15.857  6.792  -41.273 0.8750000000
73014  16.732  5.946  -42.784 0.7500000000
105784  18.474  4.119  -42.306 0.5000000000
72283  19.859  4.690  -40.930 0.2500000000
71482  19.735  4.303  -41.729 0.5000000000
97490  19.699  3.799  -41.701 0.5000000000
70696  20.362  3.516  -40.594 0.2500000000
74472  12.895  8.519  -37.350 0.5000000000
74483  14.575  8.379  -38.757 0.7500000000
74493  15.042  8.814  -39.896 0.7500000000
114685  15.447  8.183  -42.123 0.7500000000
73743  15.737  7.511  -42.331 0.7500000000
73015  16.213  6.738  -42.591 0.7500000000
73012  18.388  6.070  -42.775 0.5000000000
73754  17.673  6.991  -43.158 0.3750000000
73755  16.821  7.003  -43.186 0.6250000000
72292  19.392  4.861  -42.074 0.2500000000
106865  19.031  5.593  -42.173 0.3750000000
116540  13.656  9.691  -37.886 0.6250000000
75162  13.868  9.040  -38.032 0.7500000000
75170  14.710  9.338  -39.013 0.7500000000
111649  15.130  9.341  -41.158 0.7500000000
75177  15.386  9.012  -42.422 0.7500000000
74511  15.789  8.370  -43.032 0.6250000000
73769  17.005  7.647  -43.269 0.3750000000
72999  19.383  5.542  -41.140 0.1250000000
73741  18.563  7.365  -41.118 0.1250000000
73753  18.405  6.894  -42.342 0.2500000000
75161  14.194  10.030  -38.433 0.6250000000
75820  14.708  10.139  -39.572 0.7500000000
116100  14.911  9.563  -40.076 0.6250000000
73770  16.420  7.946  -43.270 0.3750000000
73742  18.058  7.687  -42.182 0.2500000000
74509  17.363  7.968  -42.985 0.3750000000
73756  16.121  7.485  -43.111 0.6250000000
73732  18.653  7.727  -39.805 0.1250000000
72994  19.271  6.299  -40.137 0.1250000000
75832  15.022  10.235  -41.006 0.3750000000
75186  15.320  9.977  -42.537 0.3750000000
75184  16.184  10.096  -43.017 0.2500000000
74510  16.292  8.917  -43.304 0.3750000000
74500  18.159  8.345  -40.684 0.1250000000
74501  17.659  8.461  -41.990 0.3750000000
110837  16.821  8.319  -43.238 0.3750000000
73725  19.031  8.065  -38.921 0.1250000000
101593  14.268  11.829  -39.384 0.3750000000
75821  14.485  10.942  -39.113 0.3750000000
103767  14.991  11.031  -41.178 0.3750000000
110367  14.732  10.739  -40.204 0.3750000000
75841  15.804  10.528  -43.024 0.3750000000
75842  15.421  10.779  -42.368 0.3750000000
115370  18.158  10.015  -39.288 0.1250000000
74491  17.561  9.235  -41.156 0.1250000000
75176  16.874  10.088  -41.760 0.2500000000
74482  18.548  8.612  -39.284 0.1250000000
77245  14.765  12.572  -41.261 0.2500000000
76517  15.528  11.946  -41.727 0.2500000000
76505  14.912  11.723  -41.189 0.3750000000
76497  14.607  11.393  -40.266 0.3750000000
76515  15.938  11.538  -42.318 0.1250000000
76516  15.886  11.248  -42.619 0.3750000000
113694  15.440  11.331  -41.905 0.3750000000
75831  16.302  10.947  -42.365 0.1250000000
113129  15.956  10.933  -42.949 0.2500000000
76496  17.732  11.355  -39.718 0.1250000000
76506  14.431  12.180  -40.439 0.3750000000
98993  15.681  12.008  -41.802 0.1250000000
97635  15.500  13.050  -41.762 0.1250000000
77253  15.864  12.380  -41.701 0.1250000000
77243  17.172  12.397  -40.573 0.1250000000
78025  15.207  13.876  -42.373 0.1250000000
78023  17.087  13.844  -41.792 0.1250000000
78024  15.951  13.777  -42.399 0.1250000000
77242  18.025  12.523  -40.377 0.1250000000
77232  18.589  11.902  -39.773 0.1250000000
62066  18.945  -7.059  -39.384 0.6250000000
70708  18.893  3.575  -41.919 0.5000000000
74484  13.685  7.946  -37.874 0.8750000000
73733  15.497  7.601  -41.082 0.7500000000
113344  18.916  4.641  -42.452 0.5000000000
72293  18.749  5.253  -42.549 0.5000000000
72305  18.075  5.474  -42.819 0.7500000000
75830  16.940  10.935  -40.397 0.1250000000
78013  16.522  12.994  -41.355 0.1250000000
78012  17.515  13.111  -41.035 0.1250000000
112066  20.336  -3.722  -39.540 0.5000000000
102075  19.658  -3.511  -39.602 0.6250000000
102301  18.930  -3.436  -39.573 0.7500000000
105982  20.618  0.194  -40.242 0.3750000000
68350  20.273  0.597  -40.365 0.3750000000
69134  20.956  1.473  -40.285 0.2500000000
71484  17.503  4.270  -42.025 0.7500000000
108038  16.465  11.582  -41.091 0.1250000000
104685  21.138  2.075  -39.793 0.1250000000
57357  17.315  -13.479  -37.310 0.7500000000
57358  16.689  -12.990  -37.091 0.7500000000
58171  15.549  -12.300  -36.917 0.7500000000
58962  14.821  -11.668  -36.940 0.7500000000
106187  18.583  -13.219  -38.151 0.7500000000
58184  17.153  -12.594  -37.483 0.7500000000
59751  15.079  -10.350  -37.602 0.7500000000
58983  19.280  -11.786  -38.752 0.6250000000
61284  18.649  -8.608  -39.215 0.6250000000
111950  20.712  -7.524  -39.141 0.3750000000
105102  19.523  -7.256  -39.300 0.5000000000
62843  21.234  -6.831  -39.129 0.1250000000
63600  22.132  -5.411  -39.192 0.1250000000
104848  23.676  -4.717  -38.892 0.1250000000
65214  23.656  -3.239  -39.055 0.1250000000
65995  23.047  -2.510  -39.233 0.1250000000
108983  22.583  -1.890  -39.339 0.1250000000
72981  12.248  6.063  -36.988 0.3750000000
66778  22.562  -1.305  -39.224 0.1250000000
105244  21.176  0.133  -40.045 0.1250000000
68349  20.883  0.765  -40.323 0.2500000000
73701  11.471  7.853  -36.100 0.5000000000
70695  20.797  2.876  -39.929 0.1250000000
72282  20.185  4.717  -39.699 0.1250000000
72275  19.671  5.472  -39.902 0.1250000000
72988  19.625  6.290  -39.030 0.1250000000
74458  11.654  8.744  -36.160 0.3750000000
105184  19.793  7.088  -38.395 0.1250000000
74481  19.215  8.804  -38.520 0.1250000000
73724  19.655  8.030  -38.191 0.1250000000
75818  18.650  10.387  -38.918 0.1250000000
76494  19.588  11.451  -39.360 0.1250000000
114122  12.730  12.227  -34.486 0.1250000000
78014  14.394  13.541  -41.445 0.2500000000
78026  14.674  14.157  -42.193 0.1250000000
78035  15.456  14.508  -43.075 0.1250000000
76503  19.515  12.086  -40.097 0.1250000000
78011  18.478  13.190  -41.107 0.1250000000
68351  19.086  0.557  -40.023 0.7500000000
71460  12.491  4.672  -37.120 0.3750000000
71474  16.475  4.512  -40.557 0.8750000000
62061  16.011  -8.020  -39.152 0.8750000000
63610  18.854  -5.665  -39.522 0.7500000000
105372  19.403  -2.685  -39.618 0.6250000000
97237  18.078  2.167  -40.132 0.8750000000
72284  16.286  5.185  -40.691 0.8750000000
78015  13.679  13.983  -40.857 0.1250000000
77246  14.150  13.053  -40.596 0.2500000000
58196  17.728  -12.087  -37.933 0.7500000000
58183  17.940  -12.901  -37.785 0.7500000000
59750  15.700  -10.745  -37.842 0.7500000000
59763  17.039  -10.507  -38.410 0.7500000000
60471  13.501  -9.725  -36.567 0.6250000000
59765  15.582  -10.128  -37.998 0.7500000000
61286  16.181  -8.918  -38.822 0.8750000000
101389  18.177  -9.264  -39.023 0.7500000000
61291  18.256  -8.033  -39.354 0.7500000000
61283  19.539  -8.626  -39.154 0.6250000000
62854  18.517  -6.427  -39.501 0.7500000000
62844  20.215  -7.021  -39.247 0.5000000000
63608  20.612  -5.212  -39.362 0.5000000000
63607  21.442  -4.989  -39.313 0.2500000000
102141  22.267  -6.311  -39.067 0.1250000000
64415  21.625  -4.251  -39.352 0.2500000000
64413  23.284  -4.057  -39.097 0.1250000000
65216  21.890  -3.633  -39.369 0.1250000000
66005  20.640  -2.006  -39.679 0.1250000000
66004  21.395  -2.090  -39.598 0.1250000000
66003  22.211  -2.335  -39.436 0.1250000000
66788  21.061  -1.336  -39.792 0.1250000000
66790  19.710  -1.032  -39.859 0.6250000000
67564  20.636  -0.574  -40.034 0.1250000000
72306  17.320  5.175  -42.558 0.7500000000
70707  20.101  3.986  -41.262 0.3750000000
73013  17.501  6.094  -43.065 0.6250000000
71483  19.311  4.210  -42.201 0.5000000000
71472  20.279  4.140  -40.474 0.1250000000
74492  15.271  8.449  -41.078 0.7500000000
73000  18.926  6.396  -41.540 0.3750000000
110621  18.904  6.987  -40.295 0.1250000000
75185  15.761  9.561  -43.119 0.3750000000
73731  19.204  7.181  -39.175 0.1250000000
100974  16.956  9.005  -42.707 0.2500000000
75168  18.037  9.298  -39.733 0.1250000000
75169  17.483  10.058  -40.081 0.1250000000
75819  17.926  10.630  -39.510 0.1250000000
76495  18.603  11.098  -39.199 0.1250000000
75160  18.725  9.577  -38.806 0.1250000000
77254  15.144  13.041  -41.671 0.2500000000
77244  16.434  12.214  -41.060 0.1250000000
76504  17.040  11.725  -40.344 0.1250000000
77233  17.673  11.973  -40.025 0.1250000000
78735  14.832  14.759  -42.987 0.1250000000
57356  18.183  -13.700  -37.820 0.7500000000
58170  16.080  -12.905  -36.747 0.7500000000
57345  16.490  -13.627  -36.671 0.7500000000
59736  13.778  -10.535  -36.614 0.5000000000
58976  14.485  -10.812  -37.127 0.6250000000
101976  19.092  -9.344  -39.052 0.6250000000
67562  22.052  -0.786  -39.444 0.1250000000
67553  22.528  -0.583  -38.991 0.1250000000
67563  21.432  -0.643  -39.775 0.1250000000
75817  19.350  10.762  -38.782 0.1250000000
115050  15.799  -13.378  -36.312 0.7500000000
58172  14.226  -12.048  -36.137 0.5000000000
56414  17.772  -14.405  -37.421 0.6250000000
56413  18.509  -14.357  -37.930 0.6250000000
57367  19.718  -13.438  -38.692 0.3750000000
101042  19.150  -13.155  -38.484 0.6250000000
58193  20.255  -12.914  -38.974 0.2500000000
58194  19.608  -12.693  -38.855 0.3750000000
103653  20.014  -7.870  -39.186 0.3750000000
73718  11.903  7.318  -36.513 0.3750000000
103006  19.536  -10.182  -38.992 0.5000000000
56423  19.779  -14.209  -38.378 0.5000000000
55492  17.898  -15.300  -37.314 0.6250000000
104875  15.359  -12.854  -36.349 0.3750000000
55489  19.997  -15.683  -37.408 0.3750000000
56412  19.172  -14.831  -38.107 0.5000000000
107619  18.406  -14.888  -37.734 0.6250000000
56411  20.338  -14.264  -37.918 0.3750000000
58192  20.926  -12.296  -38.924 0.2500000000
57366  20.282  -13.588  -38.481 0.2500000000
98365  20.143  -12.131  -39.229 0.2500000000
59760  19.897  -11.162  -39.138 0.3750000000
103007  20.618  -10.438  -39.309 0.2500000000
102302  20.064  -9.452  -39.128 0.2500000000
61282  20.464  -8.694  -39.151 0.2500000000
107649  10.634  -1.086  -33.106 0.1250000000
68286  13.983  0.762  -34.488 0.2500000000
62058  21.447  -7.783  -39.126 0.2500000000
74447  11.336  8.433  -35.602 0.2500000000
68270  11.133  0.555  -33.494 0.1250000000
66716  10.978  -1.953  -33.503 0.2500000000
59761  18.952  -10.853  -38.675 0.5000000000
115403  14.897  -12.328  -36.470 0.5000000000
57368  19.022  -13.892  -38.342 0.6250000000
102525  20.770  -8.095  -39.116 0.2500000000
58963  13.992  -11.320  -36.433 0.3750000000
109824  17.046  -14.181  -36.913 0.6250000000
59714  13.418  -11.019  -36.062 0.3750000000
58182  20.724  -13.009  -38.460 0.2500000000
97005  19.929  -14.988  -37.974 0.5000000000
56399  20.451  -14.941  -37.215 0.3750000000
111956  14.613  -12.709  -35.849 0.3750000000
55490  19.402  -15.606  -37.739 0.5000000000
99647  20.737  -11.450  -39.314 0.2500000000
102970  21.537  -10.297  -39.393 0.2500000000
66695  11.085  -2.056  -33.114 0.1250000000
55478  17.308  -15.936  -36.658 0.5000000000
54602  19.503  -16.348  -37.386 0.2500000000
53645  18.937  -17.069  -37.444 0.3750000000
54603  18.855  -16.235  -37.535 0.5000000000
56400  17.183  -14.933  -36.787 0.5000000000
54582  16.485  -16.234  -35.951 0.3750000000
56384  15.873  -14.820  -35.714 0.5000000000
55479  16.532  -15.341  -36.163 0.5000000000
57346  15.847  -14.010  -36.012 0.3750000000
56401  16.502  -14.486  -36.379 0.5000000000
108882  15.574  -17.119  -34.751 0.1250000000
52782  16.304  -18.521  -35.691 0.1250000000
53630  16.430  -17.105  -35.801 0.2500000000
53637  17.539  -17.473  -36.699 0.3750000000
107304  19.671  -17.033  -37.084 0.2500000000
53636  18.187  -17.337  -37.171 0.3750000000
54591  17.772  -16.751  -36.913 0.5000000000
52776  15.547  -17.907  -34.628 0.1250000000
54592  17.077  -16.863  -36.367 0.3750000000
55452  15.333  -15.926  -34.728 0.1250000000
56369  14.607  -14.529  -34.577 0.1250000000
55491  18.666  -15.499  -37.680 0.3750000000
54604  18.154  -16.079  -37.277 0.5000000000
57327  15.110  -13.449  -35.694 0.2500000000
54601  20.134  -16.382  -36.823 0.2500000000
54590  18.394  -16.716  -37.289 0.3750000000
55470  15.877  -15.659  -35.461 0.2500000000
52783  15.898  -17.443  -35.248 0.1250000000
54583  15.828  -16.570  -35.222 0.2500000000
54570  15.391  -16.592  -34.544 0.1250000000
56385  15.163  -14.306  -35.329 0.1250000000
115078  15.944  -18.117  -35.312 0.1250000000
52793  16.904  -17.638  -36.231 0.3750000000
53644  19.298  -17.631  -37.325 0.2500000000
56368  15.211  -15.120  -35.005 0.1250000000
52792  17.338  -18.272  -36.549 0.2500000000
101063  17.913  -17.938  -37.033 0.2500000000
59737  13.135  -10.410  -36.015 0.2500000000
102888  16.728  -18.231  -36.099 0.1250000000
110878  16.366  -17.851  -35.744 0.1250000000
105961  12.910  -10.338  -35.347 0.1250000000
72965  12.157  6.222  -36.371 0.1250000000
72966  11.657  6.836  -35.900 0.1250000000
112378  11.530  7.211  -36.068 0.1250000000
72982  11.938  6.726  -36.388 0.1250000000
72928  11.477  7.258  -35.579 0.1250000000
72940  11.574  7.135  -35.696 0.1250000000
74440  11.231  8.368  -34.964 0.1250000000
72255  12.325  5.370  -36.949 0.1250000000
73683  11.388  7.600  -35.562 0.1250000000
73672  11.349  7.916  -34.844 0.1250000000
73659  11.453  8.339  -34.509 0.1250000000
70668  12.683  4.060  -37.370 0.1250000000
71445  12.261  4.849  -37.180 0.1250000000
58938  13.360  -11.408  -34.950 0.1250000000
69082  14.466  1.444  -36.522 0.1250000000
70642  12.930  4.016  -36.828 0.1250000000
71422  13.112  4.883  -36.535 0.1250000000
72229  12.026  5.799  -36.725 0.1250000000
72214  12.716  6.424  -35.793 0.1250000000
73670  13.493  7.792  -34.637 0.1250000000
74427  11.647  9.064  -33.836 0.1250000000
74428  11.526  8.574  -34.348 0.1250000000
61244  12.563  -8.617  -35.772 0.1250000000
114359  13.600  -11.625  -35.596 0.1250000000
107509  15.297  0.858  -36.016 0.1250000000
98884  12.777  -9.602  -35.784 0.1250000000
59715  13.175  -10.942  -35.430 0.1250000000
59701  13.074  -10.744  -34.905 0.1250000000
72939  11.734  6.682  -36.003 0.1250000000
72929  11.381  7.564  -35.425 0.1250000000
72927  13.057  7.035  -35.222 0.1250000000
73671  11.373  7.738  -35.050 0.1250000000
72938  13.610  6.410  -35.631 0.1250000000
74426  13.050  8.649  -32.886 0.1250000000
55477  20.609  -15.671  -36.584 0.1250000000
56398  21.135  -14.939  -36.372 0.1250000000
56410  20.938  -14.185  -37.024 0.1250000000
57355  20.836  -13.515  -37.748 0.1250000000
58181  21.435  -12.739  -37.785 0.1250000000
58982  21.395  -11.597  -39.072 0.1250000000
59759  21.436  -10.966  -39.318 0.1250000000
59749  22.803  -10.852  -38.604 0.1250000000
59758  22.214  -10.573  -39.191 0.1250000000
59757  23.082  -10.092  -39.123 0.1250000000
102330  21.163  -9.508  -39.331 0.1250000000
103104  22.796  -9.300  -39.417 0.1250000000
108759  21.994  -9.157  -39.403 0.1250000000
102295  22.343  -8.384  -39.298 0.1250000000
52798  18.635  -17.982  -37.316 0.1250000000
106131  19.791  -17.758  -36.995 0.1250000000
55476  21.328  -15.728  -35.915 0.1250000000
57344  22.283  -13.588  -36.279 0.1250000000
58180  22.205  -12.180  -37.432 0.1250000000
58972  21.768  -11.933  -38.377 0.1250000000
58971  22.520  -11.523  -38.027 0.1250000000
61280  23.226  -8.686  -39.353 0.1250000000
60496  23.612  -9.292  -39.158 0.1250000000
62057  22.255  -7.339  -39.098 0.1250000000
57354  21.496  -13.475  -36.944 0.1250000000
53635  20.311  -17.138  -36.520 0.1250000000
52797  19.369  -18.347  -37.421 0.1250000000
54589  20.800  -16.452  -36.177 0.1250000000
58981  22.055  -11.264  -38.862 0.1250000000
60497  22.192  -9.871  -39.416 0.1250000000
60486  24.028  -9.856  -38.531 0.1250000000
52796  19.938  -18.713  -37.411 0.1250000000
101590  21.717  -14.232  -36.258 0.1250000000
112809  23.944  -8.495  -39.196 0.1250000000
61281  21.339  -8.604  -39.228 0.2500000000
65209  13.247  -3.817  -37.563 1.0000000000
98798  20.991  -2.643  -39.570 0.1250000000
