#!ascii label  , from subject sub-v1s17x0051136_ses-1 vox2ras=TkReg
1353
141318  -27.035  -93.786  -33.803 0.5000000000
9958  -34.380  -91.334  -31.979 0.3000000119
8037  -25.624  -94.100  -34.045 0.5000000000
10994  -33.259  -90.516  -34.973 0.4000000060
9966  -33.964  -90.958  -34.123 0.4000000060
135940  -34.531  -90.448  -33.840 0.4000000060
9962  -34.400  -91.289  -33.059 0.3000000119
142638  -33.865  -90.051  -34.775 0.4000000060
8967  -28.449  -92.600  -30.338 0.5000000000
8977  -28.662  -92.882  -31.278 0.5000000000
8031  -27.648  -93.536  -33.228 0.5000000000
8966  -26.960  -92.598  -30.325 0.6000000238
8975  -26.644  -92.933  -31.233 0.5000000000
8023  -26.795  -93.401  -32.365 0.6000000238
9950  -34.184  -91.234  -30.864 0.3000000119
8022  -25.349  -93.247  -31.852 0.5000000000
10992  -31.955  -90.847  -35.241 0.5000000000
126157  -31.972  -91.123  -35.397 0.5000000000
10973  -34.713  -90.618  -31.613 0.3000000119
8974  -25.692  -92.866  -31.133 0.6000000238
8029  -25.046  -93.674  -32.757 0.5000000000
12008  -32.932  -89.534  -35.140 0.5000000000
10993  -32.630  -90.320  -35.134 0.4000000060
11994  -35.068  -89.783  -33.646 0.4000000060
11983  -35.286  -89.964  -32.493 0.3000000119
12001  -32.846  -89.185  -34.596 0.4000000060
10989  -33.732  -89.354  -34.974 0.4000000060
10990  -34.375  -89.489  -34.535 0.4000000060
13148  -33.336  -88.651  -34.381 0.4000000060
10937  -29.732  -90.663  -28.139 0.6999999881
9928  -29.353  -91.418  -28.451 0.6999999881
8940  -29.742  -91.899  -29.257 0.6999999881
147064  -28.328  -93.429  -33.439 0.5000000000
10925  -28.450  -90.269  -27.484 0.6999999881
9910  -28.925  -90.865  -27.839 0.6999999881
8939  -28.816  -92.007  -28.961 0.8000000119
143967  -27.727  -92.562  -30.136 0.5000000000
8953  -27.355  -92.372  -29.547 0.6999999881
138092  -29.690  -92.775  -34.568 0.5000000000
9926  -27.538  -91.630  -28.141 0.6999999881
9959  -30.507  -92.138  -34.253 0.4000000060
9964  -31.284  -91.482  -34.917 0.5000000000
10953  -34.441  -90.434  -29.321 0.3000000119
8952  -26.426  -92.325  -29.663 0.6000000238
9960  -31.261  -91.415  -33.377 0.5000000000
133649  -31.861  -90.641  -34.278 0.5000000000
10964  -34.518  -90.514  -30.443 0.3000000119
8965  -26.044  -92.565  -30.446 0.5000000000
10982  -32.380  -89.819  -33.471 0.5000000000
13123  -32.787  -88.981  -31.987 0.4000000060
11993  -32.896  -88.819  -33.335 0.4000000060
13149  -34.064  -88.353  -34.521 0.4000000060
12003  -34.819  -88.697  -34.313 0.4000000060
13124  -33.237  -88.266  -32.261 0.3000000119
13138  -33.615  -88.139  -33.720 0.4000000060
13090  -27.623  -88.721  -29.543 0.5000000000
13066  -28.262  -88.784  -28.649 0.6000000238
144239  -28.715  -88.330  -28.901 0.6000000238
11926  -28.887  -89.607  -27.712 0.6000000238
10926  -29.288  -90.141  -27.758 0.6000000238
13103  -26.673  -88.755  -30.972 0.5000000000
13089  -26.716  -88.696  -30.043 0.5000000000
125966  -26.585  -88.610  -29.036 0.6000000238
13047  -27.697  -89.127  -27.847 0.6000000238
11925  -27.909  -89.616  -27.436 0.6999999881
8968  -29.289  -92.568  -30.543 0.6000000238
8928  -35.615  -92.892  -27.654 0.3000000119
13087  -24.915  -88.404  -29.714 0.6999999881
13088  -25.904  -88.506  -29.586 0.6000000238
127516  -25.500  -88.288  -28.695 0.6000000238
13065  -27.259  -88.840  -28.423 0.6000000238
13033  -27.111  -89.265  -27.330 0.6999999881
10912  -27.452  -90.321  -27.153 0.6999999881
8969  -30.145  -92.375  -30.691 0.6000000238
9947  -30.782  -91.983  -31.244 0.6000000238
8984  -30.187  -92.510  -33.123 0.5000000000
13101  -24.877  -88.827  -30.907 0.6999999881
131739  -24.465  -88.200  -28.742 0.6000000238
142758  -24.836  -87.912  -28.098 0.6000000238
13064  -26.316  -88.488  -28.038 0.6000000238
11910  -26.364  -89.365  -26.507 0.6999999881
10924  -26.599  -90.551  -27.035 0.6999999881
9955  -30.721  -92.010  -32.512 0.5000000000
10940  -34.143  -91.091  -28.800 0.3000000119
13100  -23.805  -89.106  -31.053 0.6999999881
125239  -23.972  -88.671  -30.134 0.6000000238
139057  -24.028  -88.423  -29.352 0.6999999881
13031  -25.906  -88.445  -26.301 0.6000000238
13014  -26.075  -88.912  -26.198 0.6000000238
8936  -25.979  -91.964  -29.008 0.6999999881
10971  -31.724  -90.856  -31.348 0.5000000000
13044  -23.985  -87.890  -27.882 0.6000000238
14204  -25.296  -87.933  -25.763 0.6000000238
10910  -25.741  -90.763  -26.999 0.6000000238
9924  -25.602  -91.585  -28.359 0.6000000238
130467  -25.127  -91.939  -29.018 0.6000000238
10963  -31.981  -90.313  -30.923 0.5000000000
11972  -35.022  -89.898  -31.200 0.3000000119
13063  -22.947  -88.365  -27.912 0.6999999881
13043  -23.436  -87.920  -27.078 0.6000000238
14214  -24.656  -87.661  -26.486 0.6000000238
13013  -25.595  -88.672  -25.551 0.6000000238
10892  -25.536  -89.817  -25.766 0.5000000000
10909  -25.283  -90.516  -26.351 0.5000000000
8935  -24.403  -92.073  -28.931 0.5000000000
127411  -25.412  -92.281  -29.788 0.5000000000
10972  -32.193  -90.168  -31.914 0.5000000000
14286  -33.942  -87.063  -30.802 0.3000000119
14302  -34.137  -87.196  -31.928 0.3000000119
14301  -33.876  -87.594  -32.881 0.3000000119
13150  -35.014  -87.918  -34.102 0.4000000060
12004  -35.582  -88.221  -33.866 0.4000000060
8950  -23.892  -92.504  -29.534 0.5000000000
13106  -33.088  -88.061  -31.051 0.3000000119
130256  -33.543  -87.705  -31.785 0.3000000119
14316  -34.456  -87.696  -33.884 0.4000000060
13122  -27.350  -88.471  -31.460 0.5000000000
14283  -27.979  -88.252  -30.964 0.5000000000
14300  -28.282  -87.490  -31.232 0.5000000000
14284  -28.424  -88.060  -30.345 0.5000000000
13136  -26.494  -88.536  -33.106 0.5000000000
13121  -26.655  -88.720  -31.971 0.5000000000
150849  -28.036  -88.496  -30.240 0.5000000000
13091  -28.346  -88.417  -29.564 0.5000000000
13068  -29.678  -88.037  -28.006 0.6000000238
11927  -29.685  -89.473  -27.922 0.6000000238
13120  -25.908  -88.939  -32.447 0.5000000000
10927  -29.947  -90.019  -27.979 0.6000000238
9940  -30.552  -91.570  -29.459 0.8000000119
7982  -36.126  -94.426  -27.683 0.3000000119
13134  -25.117  -89.261  -32.827 0.6000000238
13118  -24.467  -89.227  -31.929 0.6000000238
130153  -25.892  -88.866  -31.403 0.6000000238
135190  -31.055  -89.676  -28.401 0.4000000060
8929  -36.632  -93.417  -28.143 0.3000000119
10952  -31.509  -90.601  -29.585 0.5000000000
8956  -30.222  -92.054  -29.883 0.6000000238
9911  -34.522  -91.671  -27.819 0.3000000119
10941  -34.588  -90.511  -28.417 0.3000000119
131662  -23.005  -89.453  -31.145 0.6999999881
135707  -31.931  -89.613  -29.411 0.4000000060
11945  -34.871  -89.788  -28.809 0.3000000119
11958  -23.107  -89.177  -30.291 0.6000000238
13086  -23.288  -88.775  -29.448 0.6999999881
11959  -31.976  -90.085  -30.094 0.4000000060
11984  -35.714  -89.367  -32.045 0.3000000119
11957  -22.268  -89.463  -29.496 0.6000000238
11942  -22.254  -89.155  -28.376 0.6999999881
14213  -23.851  -87.630  -26.396 0.6000000238
12993  -25.190  -88.747  -24.742 0.5000000000
10877  -25.132  -89.837  -24.874 0.5000000000
9905  -24.461  -91.544  -27.703 0.6000000238
11960  -32.415  -89.239  -30.162 0.4000000060
11971  -32.405  -89.598  -31.154 0.4000000060
15412  -33.808  -86.650  -29.257 0.3000000119
14269  -34.105  -86.792  -30.161 0.3000000119
15433  -34.688  -86.594  -31.226 0.3000000119
14317  -35.316  -87.157  -33.667 0.4000000060
13030  -23.168  -87.911  -26.242 0.6000000238
12992  -24.685  -88.851  -24.075 0.5000000000
10876  -24.812  -89.888  -24.192 0.5000000000
10891  -24.907  -90.466  -25.541 0.5000000000
9904  -23.975  -91.758  -26.940 0.5000000000
8924  -23.674  -92.195  -27.828 0.6000000238
7991  -23.170  -92.859  -29.087 0.5000000000
138822  -32.725  -88.494  -30.309 0.3000000119
135021  -33.460  -87.244  -29.877 0.3000000119
14183  -24.002  -87.780  -24.919 0.5000000000
130567  -24.642  -90.492  -24.660 0.5000000000
132414  -23.388  -92.391  -27.036 0.5000000000
8896  -22.840  -92.895  -25.756 0.5000000000
14324  -27.089  -86.888  -34.199 0.5000000000
14314  -27.486  -87.040  -33.361 0.5000000000
15432  -28.616  -86.409  -30.803 0.5000000000
131541  -28.629  -87.396  -30.343 0.5000000000
15410  -28.909  -86.797  -29.773 0.5000000000
13147  -26.058  -88.150  -34.398 0.5000000000
13137  -27.172  -88.228  -32.433 0.5000000000
15394  -29.620  -86.468  -28.300 0.4000000060
13135  -25.692  -88.931  -33.647 0.5000000000
149296  -29.897  -87.408  -27.835 0.4000000060
7046  -36.997  -95.480  -27.416 0.3000000119
7983  -37.500  -94.685  -28.144 0.3000000119
11992  -24.763  -89.236  -34.147 0.6000000238
14231  -30.395  -87.546  -27.755 0.4000000060
11929  -31.044  -88.929  -28.148 0.4000000060
130421  -23.905  -89.558  -34.268 0.6000000238
11981  -24.216  -89.513  -33.117 0.6000000238
140673  -36.124  -92.276  -27.830 0.3000000119
9912  -35.324  -91.655  -27.633 0.3000000119
11980  -22.398  -89.939  -31.822 0.6000000238
11943  -31.632  -89.273  -28.702 0.4000000060
13069  -31.732  -88.374  -28.407 0.4000000060
11944  -32.355  -88.576  -29.319 0.4000000060
11961  -34.889  -89.840  -29.974 0.3000000119
11970  -22.287  -89.745  -30.705 0.6999999881
14268  -32.770  -87.648  -29.352 0.3000000119
14251  -32.926  -86.957  -28.852 0.3000000119
15460  -27.862  -86.350  -33.120 0.5000000000
14315  -27.860  -87.223  -32.356 0.5000000000
16576  -28.505  -85.473  -31.722 0.5000000000
16564  -28.821  -85.383  -30.778 0.4000000060
16547  -28.968  -85.760  -29.946 0.4000000060
15411  -29.277  -86.111  -29.080 0.4000000060
14323  -26.494  -87.169  -34.638 0.6000000238
15395  -30.090  -86.130  -27.858 0.4000000060
140226  -30.728  -86.849  -27.611 0.4000000060
9931  -37.086  -92.399  -28.316 0.3000000119
8000  -37.521  -93.611  -28.487 0.3000000119
139076  -22.539  -90.111  -33.098 0.6000000238
13051  -31.043  -88.016  -27.931 0.4000000060
14249  -31.717  -87.501  -28.115 0.4000000060
146639  -32.263  -87.027  -28.309 0.4000000060
14250  -32.318  -87.708  -28.687 0.3000000119
11969  -21.406  -90.411  -31.493 0.6000000238
16586  -27.965  -85.616  -33.821 0.5000000000
16587  -28.224  -85.495  -32.964 0.5000000000
17767  -28.953  -84.539  -31.462 0.4000000060
15468  -26.857  -86.336  -34.690 0.5000000000
15459  -27.498  -86.132  -34.148 0.5000000000
16565  -29.186  -84.858  -30.243 0.4000000060
13154  -25.272  -88.029  -35.046 0.6000000238
15467  -26.136  -86.547  -34.909 0.6000000238
16591  -27.133  -85.071  -34.627 0.6000000238
16548  -29.447  -85.221  -29.329 0.4000000060
149081  -24.649  -88.916  -34.861 0.6000000238
15470  -25.508  -86.948  -35.008 0.6000000238
17732  -30.486  -84.917  -28.308 0.4000000060
16514  -30.530  -85.631  -27.810 0.4000000060
12000  -23.944  -89.179  -35.052 0.6000000238
15379  -31.272  -86.431  -27.604 0.4000000060
17711  -31.743  -85.120  -27.741 0.4000000060
16516  -32.117  -85.803  -27.709 0.4000000060
150115  -32.354  -85.234  -27.707 0.4000000060
10928  -35.577  -90.617  -27.778 0.3000000119
10929  -36.443  -90.439  -27.790 0.3000000119
11999  -23.054  -89.756  -34.898 0.6000000238
15381  -33.091  -85.697  -27.903 0.4000000060
11962  -35.311  -89.211  -29.526 0.3000000119
10942  -35.146  -90.057  -28.041 0.3000000119
10980  -21.752  -90.432  -34.208 0.6000000238
11979  -21.524  -90.486  -32.840 0.6000000238
10987  -21.098  -90.302  -35.008 0.6999999881
13143  -22.346  -88.751  -35.091 0.6999999881
10979  -20.645  -90.680  -34.117 0.6000000238
11997  -20.633  -90.043  -35.092 0.6999999881
13133  -21.713  -88.809  -34.354 0.6999999881
10986  -20.062  -90.345  -34.687 0.6000000238
125073  -22.616  -87.787  -32.612 0.6999999881
14298  -22.810  -87.411  -31.680 0.6000000238
13141  -20.289  -89.786  -34.834 0.6999999881
13117  -21.615  -88.387  -32.855 0.6999999881
150991  -28.411  -84.893  -33.413 0.5000000000
17775  -29.143  -83.852  -32.918 0.5000000000
16592  -27.764  -85.124  -34.382 0.5000000000
17785  -28.347  -84.186  -34.196 0.5000000000
16593  -28.260  -84.943  -33.937 0.5000000000
128172  -29.817  -83.329  -32.493 0.5000000000
148184  -29.429  -83.814  -31.709 0.4000000060
17768  -29.511  -84.088  -30.709 0.4000000060
147646  -26.106  -86.054  -34.868 0.6000000238
17783  -26.766  -84.453  -34.302 0.6000000238
17784  -27.629  -84.394  -34.400 0.6000000238
20156  -28.367  -82.849  -33.885 0.6000000238
17751  -29.813  -84.372  -29.658 0.4000000060
130399  -24.120  -87.968  -35.208 0.6000000238
18947  -27.551  -83.068  -33.473 0.6000000238
17752  -30.327  -84.403  -28.970 0.4000000060
12007  -23.511  -88.570  -35.297 0.6000000238
14322  -24.294  -87.441  -34.979 0.6000000238
16585  -25.495  -85.430  -33.525 0.6000000238
17780  -26.377  -84.199  -33.251 0.6000000238
18946  -26.807  -83.518  -32.660 0.6000000238
131306  -31.179  -84.734  -28.060 0.4000000060
17734  -32.527  -83.834  -28.336 0.4000000060
14321  -23.589  -87.940  -35.145 0.6000000238
15465  -24.417  -86.848  -34.343 0.6000000238
138126  -25.700  -84.969  -32.471 0.6000000238
18939  -26.780  -83.498  -31.296 0.6000000238
18932  -27.377  -82.841  -30.883 0.6000000238
17712  -32.435  -84.669  -27.833 0.4000000060
18892  -33.229  -84.332  -27.779 0.4000000060
13153  -22.712  -88.961  -35.400 0.6000000238
148953  -24.002  -86.933  -33.634 0.5000000000
16584  -24.979  -85.849  -32.502 0.6000000238
17773  -26.248  -84.201  -31.833 0.6000000238
147644  -27.444  -82.885  -29.939 0.6000000238
11998  -22.077  -90.136  -35.084 0.6999999881
14320  -23.022  -88.009  -34.804 0.6000000238
15458  -24.383  -86.545  -33.107 0.6000000238
17765  -25.705  -84.829  -31.127 0.6000000238
147596  -27.879  -82.714  -29.221 0.6000000238
20125  -29.179  -82.052  -28.583 0.6000000238
21335  -29.841  -81.648  -28.328 0.6000000238
143179  -25.613  -84.730  -30.249 0.6000000238
142815  -27.075  -83.299  -29.248 0.6000000238
18911  -28.113  -82.985  -28.348 0.6000000238
132516  -29.500  -82.187  -27.827 0.6000000238
15457  -23.558  -87.167  -32.663 0.6000000238
148975  -24.725  -85.901  -31.558 0.6000000238
17749  -25.777  -84.411  -29.550 0.5000000000
18910  -27.404  -83.313  -28.491 0.6000000238
20109  -28.793  -82.581  -28.053 0.6000000238
16563  -25.137  -85.246  -30.496 0.5000000000
13132  -20.779  -89.064  -34.068 0.6999999881
14281  -22.372  -87.233  -30.886 0.6999999881
15431  -23.745  -86.426  -30.548 0.5000000000
126648  -24.592  -85.535  -29.835 0.6000000238
17729  -25.935  -84.178  -28.734 0.5000000000
17709  -27.143  -83.736  -27.790 0.5000000000
16532  -25.306  -84.646  -28.857 0.6000000238
23896  -24.360  -79.309  -27.367 0.6000000238
22602  -23.376  -79.946  -26.757 0.6000000238
134720  -22.890  -80.642  -28.119 0.6000000238
18948  -29.000  -83.606  -33.881 0.5000000000
18954  -29.327  -83.064  -33.835 0.5000000000
18950  -30.275  -82.865  -33.110 0.5000000000
18941  -29.923  -83.457  -31.281 0.5000000000
18925  -30.055  -83.692  -30.331 0.4000000060
20140  -27.860  -82.183  -31.700 0.5000000000
21379  -28.971  -81.008  -32.279 0.5000000000
150024  -31.084  -83.143  -30.126 0.4000000060
20134  -32.227  -82.604  -30.185 0.4000000060
20151  -28.366  -81.692  -32.505 0.5000000000
21373  -29.131  -81.010  -31.050 0.5000000000
18912  -30.964  -84.251  -28.613 0.4000000060
18928  -32.321  -83.181  -29.177 0.4000000060
20135  -32.998  -82.647  -29.371 0.4000000060
137829  -28.739  -81.560  -30.452 0.5000000000
20141  -28.499  -81.560  -31.395 0.5000000000
18913  -31.603  -83.691  -28.867 0.4000000060
20133  -28.762  -81.963  -29.500 0.6000000238
21364  -29.881  -80.960  -29.703 0.6000000238
21353  -29.563  -81.503  -29.166 0.6000000238
21354  -30.309  -81.098  -28.960 0.5000000000
20110  -30.726  -81.844  -27.226 0.4000000060
21337  -31.215  -81.259  -27.751 0.4000000060
22614  -32.425  -80.589  -27.820 0.4000000060
20094  -29.952  -82.419  -27.085 0.6000000238
20097  -32.068  -81.886  -26.464 0.5000000000
21326  -32.572  -81.123  -26.954 0.4000000060
22615  -33.231  -80.425  -27.479 0.4000000060
22603  -33.463  -80.735  -26.681 0.4000000060
13131  -19.466  -89.352  -34.143 0.6999999881
18890  -28.370  -83.231  -27.620 0.6000000238
20096  -31.294  -82.135  -26.544 0.5000000000
150742  -33.150  -81.181  -26.414 0.4000000060
15430  -22.864  -86.764  -30.242 0.6000000238
17708  -26.497  -84.092  -27.640 0.5000000000
17694  -27.750  -83.832  -27.147 0.5000000000
18867  -31.149  -82.689  -25.853 0.5000000000
20078  -32.352  -82.212  -25.724 0.5000000000
21315  -32.807  -81.588  -26.138 0.4000000060
22597  -34.298  -80.836  -25.401 0.4000000060
16545  -23.942  -85.790  -29.236 0.6000000238
18864  -29.047  -83.914  -26.092 0.5000000000
25189  -24.995  -78.567  -25.665 0.6999999881
23890  -24.946  -79.064  -25.999 0.6000000238
23876  -25.127  -79.273  -24.964 0.6999999881
140206  -23.384  -80.181  -25.857 0.6000000238
22586  -24.803  -80.105  -24.576 0.6000000238
22611  -22.659  -80.567  -27.141 0.6000000238
21302  -23.707  -80.704  -24.492 0.6000000238
22567  -24.373  -80.863  -23.838 0.6000000238
21290  -24.978  -81.115  -23.209 0.6000000238
21272  -25.506  -81.190  -22.606 0.6000000238
21352  -22.681  -81.184  -28.648 0.5000000000
21314  -22.190  -81.337  -25.439 0.6000000238
21301  -22.412  -81.439  -24.730 0.6000000238
21289  -23.349  -81.376  -23.816 0.6000000238
21271  -23.961  -81.598  -23.159 0.6000000238
18942  -30.491  -82.977  -32.057 0.5000000000
20108  -21.958  -81.857  -28.092 0.5000000000
143814  -21.787  -81.854  -27.155 0.5000000000
21288  -22.481  -81.930  -24.012 0.5000000000
20041  -23.625  -82.317  -22.698 0.5000000000
20161  -28.983  -82.658  -33.896 0.4000000060
20163  -29.790  -82.047  -33.550 0.5000000000
20142  -31.261  -82.596  -31.709 0.5000000000
20143  -31.867  -82.434  -31.132 0.4000000060
21323  -21.633  -82.587  -27.443 0.5000000000
20077  -21.674  -82.471  -25.521 0.5000000000
20051  -22.530  -82.765  -23.379 0.5000000000
20040  -23.062  -82.874  -22.696 0.5000000000
22663  -29.741  -80.597  -32.729 0.5000000000
20145  -33.011  -82.112  -30.272 0.4000000060
21365  -33.640  -81.605  -30.349 0.4000000060
149836  -21.798  -82.725  -28.788 0.5000000000
18862  -21.629  -83.177  -25.835 0.5000000000
18848  -21.724  -82.940  -24.996 0.6000000238
17640  -22.735  -84.095  -23.495 0.6000000238
17690  -21.680  -84.428  -27.005 0.6000000238
17675  -21.722  -84.055  -26.138 0.6000000238
18849  -22.045  -83.559  -24.531 0.6999999881
22653  -29.788  -80.548  -30.561 0.4000000060
22643  -30.421  -80.463  -29.889 0.5000000000
15456  -19.418  -86.186  -33.456 0.6000000238
22628  -30.852  -80.595  -29.167 0.5000000000
132859  -32.222  -80.225  -28.618 0.4000000060
14296  -19.204  -87.787  -33.165 0.6000000238
22613  -31.679  -80.735  -28.161 0.4000000060
14297  -20.414  -88.038  -32.237 0.6000000238
14280  -21.422  -87.412  -31.187 0.6000000238
15408  -22.491  -86.436  -29.468 0.6000000238
150013  -21.233  -87.977  -31.985 0.6999999881
138557  -24.812  -84.883  -28.164 0.6000000238
144187  -25.190  -84.721  -27.481 0.6000000238
17707  -25.859  -84.394  -27.502 0.5000000000
125925  -27.001  -84.139  -27.182 0.5000000000
25177  -25.158  -78.581  -24.673 0.6999999881
23877  -25.356  -79.169  -24.270 0.6999999881
23860  -25.270  -79.093  -23.178 0.6000000238
22569  -25.484  -80.031  -23.455 0.6000000238
23839  -25.495  -79.992  -22.317 0.6000000238
22554  -25.705  -80.635  -22.514 0.6000000238
21255  -26.074  -81.691  -21.614 0.6999999881
20025  -25.976  -82.558  -21.400 0.6000000238
20042  -24.636  -81.934  -22.469 0.6000000238
127297  -30.359  -81.382  -33.226 0.5000000000
20160  -31.124  -81.930  -33.094 0.5000000000
20152  -30.896  -82.531  -32.726 0.5000000000
20153  -31.438  -82.225  -32.529 0.5000000000
18824  -23.878  -82.892  -22.235 0.6000000238
21385  -32.118  -81.122  -32.958 0.5000000000
20144  -32.443  -82.097  -31.174 0.5000000000
21374  -33.086  -81.623  -31.202 0.4000000060
17619  -23.698  -84.389  -22.663 0.6000000238
18823  -23.458  -83.658  -22.429 0.6000000238
18805  -26.227  -83.801  -21.009 0.5000000000
22659  -30.237  -80.031  -32.265 0.5000000000
16560  -20.393  -85.919  -32.416 0.6000000238
137386  -21.213  -85.322  -30.246 0.4000000060
17728  -21.462  -84.656  -28.622 0.6000000238
17676  -22.414  -84.394  -25.025 0.6000000238
17661  -23.009  -84.749  -24.285 0.6000000238
17621  -25.217  -85.057  -22.111 0.6000000238
22654  -30.770  -79.815  -30.661 0.4000000060
23946  -31.375  -79.233  -31.350 0.4000000060
16561  -20.965  -86.075  -30.877 0.5000000000
131054  -21.446  -85.456  -29.214 0.5000000000
134423  -21.727  -85.075  -27.716 0.6000000238
17691  -22.033  -84.772  -26.357 0.6999999881
16481  -23.073  -85.031  -25.329 0.6000000238
16443  -23.911  -85.070  -24.025 0.6000000238
17642  -24.136  -84.965  -23.137 0.6000000238
22644  -31.158  -80.120  -29.724 0.5000000000
15427  -20.582  -86.767  -31.543 0.6000000238
130676  -22.187  -85.540  -27.823 0.6000000238
16496  -22.531  -85.168  -26.549 0.6000000238
16465  -24.643  -85.303  -24.735 0.6000000238
16444  -24.757  -85.320  -23.808 0.6000000238
16446  -26.470  -85.564  -23.212 0.6000000238
22645  -31.928  -79.869  -29.453 0.4000000060
15428  -21.258  -86.842  -30.523 0.5000000000
142344  -21.737  -86.055  -29.021 0.6000000238
127696  -23.071  -85.366  -26.731 0.6000000238
135579  -25.440  -85.225  -25.377 0.6000000238
16466  -25.329  -85.382  -24.477 0.6000000238
14279  -20.560  -87.404  -31.814 0.6000000238
15429  -22.004  -86.896  -30.197 0.6000000238
15407  -21.868  -86.413  -29.549 0.6000000238
16511  -23.440  -85.449  -27.325 0.6000000238
16498  -24.478  -85.164  -26.427 0.6000000238
16530  -23.892  -85.528  -28.219 0.6000000238
138774  -27.254  -84.458  -26.441 0.5000000000
17695  -28.192  -84.254  -26.311 0.5000000000
26378  -24.696  -77.820  -24.185 0.6999999881
25172  -25.153  -78.635  -23.743 0.6999999881
27556  -22.629  -76.138  -23.111 0.6999999881
26367  -22.956  -77.069  -22.787 0.6999999881
26369  -24.407  -77.921  -23.318 0.6999999881
25164  -24.735  -78.581  -22.870 0.6999999881
23838  -24.777  -79.455  -21.713 0.6000000238
23826  -25.293  -80.164  -21.411 0.6000000238
21245  -25.854  -81.116  -20.672 0.5000000000
22547  -25.764  -80.680  -21.893 0.6999999881
21246  -26.408  -81.745  -20.669 0.5000000000
21256  -26.477  -82.013  -21.153 0.5000000000
20026  -26.627  -82.782  -20.944 0.5000000000
22666  -32.002  -80.365  -33.022 0.4000000060
22660  -32.657  -80.689  -32.806 0.5000000000
22661  -33.365  -80.176  -32.743 0.5000000000
21382  -33.202  -80.996  -32.057 0.5000000000
22655  -33.968  -80.571  -31.775 0.4000000060
127488  -32.718  -79.864  -32.962 0.4000000060
17603  -26.453  -84.857  -21.222 0.6000000238
16428  -25.827  -85.436  -22.653 0.6000000238
16412  -26.067  -85.303  -21.857 0.6000000238
16447  -27.369  -85.575  -23.259 0.6000000238
16429  -26.711  -85.553  -22.459 0.6000000238
142627  -26.335  -85.085  -25.497 0.6000000238
16484  -26.920  -85.313  -24.894 0.6000000238
16430  -27.624  -85.563  -22.239 0.6000000238
125207  -24.976  -84.932  -26.875 0.6000000238
16469  -28.070  -85.365  -23.747 0.5000000000
17677  -26.584  -84.737  -26.127 0.6000000238
17662  -27.692  -85.067  -25.098 0.5000000000
135172  -27.752  -84.678  -25.774 0.5000000000
27555  -21.860  -75.565  -22.793 0.6999999881
26366  -22.212  -76.786  -22.519 0.6999999881
26355  -22.663  -77.653  -22.229 0.6999999881
25163  -23.999  -78.074  -22.555 0.6999999881
25135  -22.936  -78.900  -21.190 0.6000000238
25155  -24.320  -78.744  -22.101 0.6999999881
23825  -24.468  -79.725  -20.713 0.4000000060
27554  -20.840  -75.492  -22.402 0.6999999881
26365  -21.315  -76.611  -22.253 0.6999999881
26354  -21.800  -77.569  -22.030 0.6000000238
25153  -22.356  -78.317  -21.657 0.6000000238
22542  -25.192  -80.489  -20.534 0.5000000000
147406  -19.868  -73.287  -22.774 0.6999999881
21236  -25.581  -81.201  -19.166 0.5000000000
28671  -19.488  -74.206  -22.286 0.6999999881
21237  -26.074  -81.452  -19.928 0.5000000000
28657  -18.113  -74.751  -21.682 0.6000000238
28656  -17.188  -74.461  -21.662 0.6000000238
28655  -16.405  -74.314  -21.649 0.6000000238
29754  -14.454  -74.030  -20.718 0.5000000000
28632  -14.974  -74.244  -19.590 0.5000000000
16448  -28.402  -85.466  -22.912 0.6000000238
23824  -23.417  -79.362  -20.568 0.5000000000
27540  -20.389  -76.472  -21.888 0.6000000238
26353  -20.882  -77.516  -21.794 0.6000000238
146896  -21.564  -79.295  -20.760 0.6000000238
23823  -21.969  -79.514  -20.457 0.6000000238
23812  -23.775  -79.818  -19.863 0.5000000000
22531  -24.524  -80.279  -19.920 0.5000000000
22532  -24.855  -80.670  -19.278 0.5000000000
27553  -19.950  -75.325  -22.021 0.6999999881
25151  -20.607  -78.351  -21.298 0.6000000238
25132  -20.427  -79.084  -20.748 0.6000000238
23821  -20.265  -79.750  -20.137 0.6000000238
21225  -25.816  -81.452  -18.325 0.5000000000
27538  -18.574  -75.886  -21.304 0.6999999881
26351  -18.945  -76.973  -21.007 0.6000000238
26340  -18.360  -77.581  -20.377 0.6000000238
25131  -19.531  -79.023  -20.280 0.6000000238
23820  -19.557  -79.841  -19.616 0.6000000238
27537  -17.658  -75.520  -21.137 0.6000000238
27524  -18.054  -76.590  -20.730 0.6000000238
26331  -17.897  -78.041  -19.575 0.6000000238
25115  -18.238  -78.815  -19.211 0.6000000238
28643  -16.750  -75.140  -21.003 0.6000000238
27509  -16.816  -76.711  -19.592 0.6000000238
26330  -17.124  -77.601  -19.039 0.6000000238
25114  -17.645  -78.417  -18.731 0.6000000238
27522  -16.382  -75.743  -20.104 0.5000000000
28633  -15.710  -75.169  -19.579 0.5000000000
27508  -16.274  -76.240  -19.129 0.5000000000
26329  -16.636  -76.970  -18.868 0.6000000238
26324  -17.135  -78.066  -18.093 0.6000000238
22662  -34.170  -79.697  -32.620 0.4000000060
30848  -13.194  -72.796  -19.197 0.5000000000
28624  -15.543  -74.993  -18.738 0.5000000000
28625  -15.921  -75.777  -18.489 0.6000000238
26311  -16.774  -77.319  -17.696 0.6000000238
30832  -14.008  -72.833  -18.010 0.5000000000
29724  -14.617  -73.529  -18.175 0.5000000000
29742  -15.187  -74.354  -18.432 0.4000000060
28609  -15.660  -75.160  -17.887 0.5000000000
28610  -16.216  -75.936  -17.518 0.6000000238
22530  -23.258  -80.077  -19.119 0.6000000238
22515  -23.695  -80.346  -18.419 0.5000000000
22516  -24.420  -80.598  -18.448 0.5000000000
22529  -22.283  -80.294  -19.110 0.6000000238
22514  -22.833  -80.394  -18.333 0.5000000000
22498  -25.418  -81.260  -17.733 0.5000000000
22512  -20.678  -80.584  -18.511 0.6999999881
22495  -21.638  -80.537  -17.146 0.6999999881
23807  -19.009  -79.854  -18.959 0.6000000238
22493  -19.947  -80.427  -17.965 0.6999999881
25103  -18.104  -79.041  -18.497 0.6000000238
23782  -18.816  -79.656  -17.822 0.6999999881
25092  -17.709  -78.452  -17.570 0.6000000238
25093  -18.951  -79.214  -17.185 0.6999999881
26312  -17.342  -77.728  -17.261 0.6000000238
26313  -18.080  -78.005  -16.922 0.6999999881
126970  -11.334  -71.332  -17.543 0.5000000000
31935  -13.960  -72.303  -17.582 0.5000000000
29725  -15.405  -74.280  -17.449 0.4000000060
140646  -16.061  -75.070  -17.099 0.6000000238
27456  -17.523  -76.419  -16.729 0.6000000238
30833  -15.603  -73.676  -17.139 0.4000000060
29726  -16.201  -74.224  -16.905 0.5000000000
22497  -24.785  -80.928  -17.660 0.5000000000
134957  -24.053  -80.533  -17.672 0.5000000000
22513  -21.727  -80.601  -18.188 0.6000000238
22462  -22.431  -80.410  -16.482 0.5000000000
22463  -23.265  -80.397  -16.064 0.5000000000
22494  -20.805  -80.580  -17.598 0.6999999881
23784  -20.141  -80.230  -17.144 0.6999999881
23762  -19.760  -79.593  -16.812 0.6000000238
26291  -17.803  -77.216  -16.758 0.6999999881
25075  -18.889  -78.310  -16.791 0.6000000238
28592  -17.219  -75.660  -16.746 0.6000000238
28593  -18.142  -75.727  -16.728 0.6000000238
132181  -14.459  -71.815  -17.482 0.5000000000
30834  -16.032  -73.485  -17.023 0.4000000060
29727  -17.229  -74.245  -16.938 0.6000000238
33056  -14.725  -70.612  -17.978 0.4000000060
33057  -15.569  -71.942  -17.644 0.4000000060
31937  -16.308  -72.822  -17.352 0.5000000000
132727  -16.816  -73.524  -17.140 0.5000000000
22461  -21.535  -80.296  -16.418 0.6000000238
22444  -22.711  -80.128  -15.591 0.5000000000
23763  -20.975  -79.846  -16.019 0.6000000238
23740  -22.214  -79.629  -15.107 0.5000000000
25077  -20.308  -79.209  -16.182 0.6000000238
138731  -20.150  -78.312  -16.222 0.6000000238
25055  -21.258  -78.659  -15.197 0.5000000000
26265  -20.628  -77.466  -16.139 0.6000000238
27458  -19.460  -76.677  -16.759 0.6999999881
27459  -20.310  -76.626  -16.691 0.5000000000
29708  -17.719  -74.973  -16.829 0.6000000238
29728  -18.256  -74.219  -17.306 0.5000000000
31950  -16.728  -71.975  -18.072 0.4000000060
30835  -17.790  -73.508  -17.463 0.5000000000
29674  -19.797  -74.338  -14.166 0.4000000060
29675  -20.470  -73.998  -13.972 0.3000000119
30807  -19.508  -73.411  -15.101 0.4000000060
23724  -22.614  -79.270  -14.442 0.5000000000
30806  -18.686  -73.299  -15.156 0.3000000119
31907  -19.226  -72.819  -15.534 0.4000000060
26266  -21.201  -77.845  -15.304 0.5000000000
25040  -22.399  -78.512  -14.162 0.5000000000
129072  -16.973  -71.680  -15.828 0.3000000119
33031  -18.746  -72.066  -16.000 0.4000000060
33029  -16.231  -71.065  -16.027 0.3000000119
27484  -20.075  -75.881  -17.063 0.6000000238
28611  -18.866  -74.970  -17.205 0.6999999881
28612  -19.738  -75.287  -17.297 0.6000000238
31951  -17.756  -72.085  -18.390 0.5000000000
29729  -19.197  -74.122  -17.699 0.5000000000
31939  -18.252  -72.837  -18.054 0.4000000060
30838  -19.989  -73.896  -18.027 0.4000000060
30762  -20.790  -73.530  -12.035 0.3000000119
29646  -20.645  -74.063  -12.612 0.3000000119
30793  -21.016  -73.389  -14.272 0.3000000119
30808  -20.275  -73.094  -15.242 0.3000000119
25039  -21.718  -78.161  -14.615 0.5000000000
33044  -18.196  -71.272  -16.388 0.4000000060
27420  -21.820  -77.307  -14.765 0.5000000000
34219  -17.057  -70.105  -16.853 0.4000000060
34220  -18.554  -70.534  -16.843 0.4000000060
27460  -21.077  -76.412  -16.467 0.5000000000
27437  -22.106  -76.419  -15.165 0.5000000000
35515  -16.555  -69.247  -17.344 0.4000000060
28595  -20.850  -75.786  -17.029 0.5000000000
125137  -19.851  -74.620  -17.636 0.5000000000
28613  -20.580  -75.077  -17.462 0.5000000000
142756  -16.789  -70.094  -19.282 0.3000000119
145436  -18.202  -71.368  -19.015 0.4000000060
30850  -20.008  -73.103  -18.408 0.4000000060
29730  -20.635  -74.302  -17.912 0.4000000060
31860  -19.968  -72.846  -10.998 0.3000000119
30766  -21.069  -73.430  -12.695 0.3000000119
31888  -21.601  -72.569  -14.481 0.4000000060
138548  -20.735  -72.527  -15.540 0.4000000060
26237  -25.132  -77.467  -13.396 0.4000000060
33032  -19.915  -72.213  -15.942 0.4000000060
26236  -24.323  -77.552  -13.313 0.4000000060
33045  -19.196  -71.352  -16.427 0.4000000060
27421  -22.540  -76.755  -14.161 0.4000000060
34221  -19.539  -70.481  -16.898 0.4000000060
28574  -21.773  -76.030  -16.072 0.5000000000
34235  -17.732  -69.682  -17.323 0.4000000060
36937  -17.193  -68.286  -18.963 0.3000000119
150700  -21.772  -75.140  -17.044 0.5000000000
33078  -18.640  -70.606  -19.590 0.3000000119
31861  -20.611  -72.827  -11.535 0.3000000119
140837  -21.352  -72.308  -12.318 0.3000000119
31870  -21.608  -72.738  -13.569 0.3000000119
32996  -22.134  -71.920  -13.741 0.4000000060
31909  -21.409  -72.295  -15.311 0.4000000060
34205  -22.196  -70.720  -15.857 0.3000000119
33033  -20.899  -71.928  -15.995 0.4000000060
26238  -25.924  -77.332  -13.654 0.4000000060
27410  -27.169  -76.525  -13.958 0.4000000060
33046  -20.225  -71.279  -16.430 0.4000000060
130457  -24.012  -76.857  -13.261 0.4000000060
34236  -18.849  -69.676  -17.430 0.3000000119
28575  -22.413  -75.594  -15.613 0.4000000060
35528  -17.115  -68.689  -17.938 0.3000000119
35529  -18.201  -68.793  -18.035 0.3000000119
134126  -18.763  -69.022  -20.102 0.3000000119
30851  -20.702  -73.602  -18.265 0.4000000060
32983  -20.521  -71.214  -11.650 0.3000000119
32989  -22.476  -71.014  -13.503 0.4000000060
144209  -22.307  -71.277  -15.151 0.4000000060
28577  -29.257  -75.690  -14.995 0.4000000060
27409  -26.401  -76.548  -13.519 0.4000000060
34223  -21.519  -70.289  -16.605 0.4000000060
138123  -24.742  -76.791  -13.254 0.4000000060
27422  -23.155  -76.048  -13.886 0.4000000060
132301  -25.122  -75.942  -13.161 0.4000000060
34237  -19.800  -69.553  -17.455 0.3000000119
28558  -23.222  -75.431  -14.343 0.4000000060
36939  -19.210  -68.242  -19.161 0.3000000119
29689  -22.761  -74.862  -16.002 0.5000000000
36938  -18.224  -68.239  -19.213 0.3000000119
35564  -19.464  -68.857  -19.961 0.3000000119
29709  -22.585  -74.602  -16.741 0.5000000000
33069  -20.032  -71.545  -19.162 0.3000000119
29731  -21.813  -73.881  -17.990 0.4000000060
31952  -19.568  -72.272  -18.702 0.4000000060
34172  -20.833  -70.609  -11.975 0.3000000119
130679  -22.679  -70.647  -14.985 0.3000000119
34224  -22.222  -69.688  -16.447 0.3000000119
28559  -28.551  -75.761  -14.326 0.4000000060
147705  -21.048  -69.724  -17.057 0.3000000119
127245  -26.994  -75.861  -13.348 0.4000000060
28545  -28.312  -75.365  -13.606 0.3000000119
35531  -20.645  -69.163  -17.559 0.3000000119
28541  -24.406  -75.674  -13.351 0.4000000060
28543  -26.110  -75.773  -13.088 0.4000000060
36940  -20.083  -68.404  -19.029 0.3000000119
36959  -20.422  -68.735  -19.371 0.3000000119
29690  -23.321  -74.406  -15.406 0.4000000060
34258  -19.563  -69.474  -19.978 0.3000000119
33070  -20.881  -71.607  -19.106 0.3000000119
31954  -21.223  -72.355  -18.767 0.3000000119
30839  -22.470  -73.692  -17.728 0.3000000119
35502  -22.736  -69.063  -16.054 0.3000000119
35516  -21.516  -69.117  -17.310 0.3000000119
28544  -27.662  -75.255  -13.232 0.3000000119
28542  -25.629  -75.269  -13.000 0.4000000060
28526  -26.867  -75.164  -12.954 0.4000000060
35545  -21.689  -68.938  -19.176 0.3000000119
29662  -24.309  -74.929  -13.592 0.4000000060
29663  -25.682  -74.417  -13.064 0.4000000060
34260  -21.072  -70.029  -19.630 0.3000000119
33081  -21.248  -70.941  -19.368 0.3000000119
29710  -23.082  -74.194  -16.341 0.3000000119
30853  -22.236  -73.100  -18.244 0.3000000119
36942  -21.894  -68.569  -18.639 0.3000000119
35567  -21.850  -69.709  -19.425 0.3000000119
143431  -24.861  -74.486  -13.435 0.3000000119
30767  -27.274  -73.857  -12.821 0.3000000119
33082  -21.853  -70.669  -19.348 0.3000000119
30794  -23.900  -73.906  -14.868 0.3000000119
31956  -22.667  -72.269  -18.400 0.3000000119
30821  -23.391  -73.459  -16.733 0.3000000119
35533  -23.582  -68.950  -18.298 0.3000000119
36921  -24.058  -68.681  -17.761 0.3000000119
34250  -23.184  -70.109  -18.919 0.3000000119
30776  -25.011  -73.774  -13.690 0.3000000119
34251  -23.821  -69.949  -18.403 0.3000000119
35518  -24.723  -69.605  -17.421 0.3000000119
31953  -20.430  -72.325  -18.765 0.4000000060
34257  -18.227  -69.698  -19.918 0.3000000119
33079  -19.605  -70.551  -19.639 0.3000000119
8955  -29.743  -92.308  -29.969 0.6000000238
8978  -29.493  -92.729  -31.587 0.5000000000
8024  -28.101  -93.222  -32.105 0.5000000000
141333  -27.367  -93.218  -31.874 0.5000000000
8025  -28.874  -93.160  -32.612 0.5000000000
9967  -31.299  -91.761  -35.577 0.5000000000
9927  -28.467  -91.540  -28.235 0.6999999881
9929  -30.196  -91.213  -28.717 0.6999999881
9908  -27.131  -91.120  -27.495 0.6999999881
8937  -26.949  -92.098  -28.861 0.6999999881
9963  -30.618  -92.236  -35.573 0.4000000060
9925  -26.549  -91.637  -28.220 0.6999999881
10981  -31.794  -90.726  -32.672 0.5000000000
11982  -32.556  -89.478  -32.321 0.5000000000
13105  -32.740  -88.746  -31.115 0.3000000119
14248  -29.136  -87.865  -28.597 0.6000000238
13048  -28.586  -89.131  -27.908 0.6000000238
14267  -29.195  -87.066  -28.892 0.5000000000
13102  -25.832  -88.674  -30.432 0.6000000238
11911  -26.979  -89.585  -26.992 0.6999999881
14230  -25.526  -88.055  -27.655 0.6000000238
13032  -26.539  -88.906  -26.787 0.6000000238
10911  -26.665  -89.963  -26.700 0.6999999881
9948  -31.293  -91.447  -30.759 0.5000000000
9956  -31.302  -91.462  -31.881 0.6000000238
8979  -30.222  -92.476  -31.912 0.5000000000
10893  -26.068  -89.660  -26.340 0.6000000238
9906  -25.240  -91.240  -27.741 0.6999999881
14184  -24.760  -87.885  -25.173 0.5000000000
9892  -24.909  -91.012  -27.120 0.5000000000
11973  -35.404  -89.273  -30.737 0.3000000119
13085  -22.852  -88.788  -28.780 0.6000000238
9891  -24.545  -91.128  -26.385 0.5000000000
15461  -34.962  -86.675  -32.736 0.3000000119
10939  -31.388  -90.133  -28.935 0.5000000000
13107  -36.127  -88.692  -31.561 0.3000000119
148240  -24.010  -91.616  -26.048 0.5000000000
16533  -29.833  -85.575  -28.444 0.4000000060
9913  -36.251  -91.366  -27.793 0.3000000119
144887  -25.681  -86.360  -34.828 0.6000000238
13152  -22.079  -89.378  -35.317 0.6999999881
150491  -23.076  -87.700  -33.659 0.6000000238
16562  -24.531  -85.877  -30.763 0.6000000238
17779  -26.010  -84.810  -33.898 0.6000000238
21383  -28.764  -81.459  -33.070 0.5000000000
18926  -30.707  -83.679  -29.569 0.4000000060
17766  -26.217  -84.158  -30.482 0.6000000238
21355  -30.992  -80.926  -28.480 0.4000000060
13116  -20.523  -88.537  -32.959 0.6000000238
22601  -22.654  -80.656  -26.087 0.6000000238
20158  -29.843  -82.720  -33.560 0.4000000060
136110  -30.174  -80.010  -31.249 0.4000000060
22631  -33.025  -80.061  -28.280 0.4000000060
18877  -29.497  -83.174  -26.641 0.4000000060
13130  -18.356  -89.239  -33.864 0.6000000238
22595  -24.002  -80.117  -25.259 0.6000000238
20061  -21.899  -82.064  -24.871 0.6000000238
21381  -32.487  -81.533  -32.194 0.5000000000
135888  -21.524  -83.527  -27.664 0.5000000000
18803  -24.284  -83.651  -21.912 0.6000000238
18909  -21.550  -83.744  -28.435 0.4000000060
15393  -23.071  -86.063  -28.811 0.5000000000
23936  -31.594  -79.526  -30.350 0.5000000000
126026  -23.810  -85.226  -25.853 0.6000000238
16529  -22.846  -85.734  -27.963 0.5000000000
29785  -17.251  -73.730  -22.961 0.6000000238
29741  -14.298  -73.532  -19.283 0.5000000000
23822  -21.137  -79.625  -20.443 0.5000000000
26341  -19.206  -78.011  -20.696 0.6000000238
25150  -19.921  -78.418  -20.931 0.6000000238
22528  -21.312  -80.457  -19.139 0.6000000238
27523  -17.172  -76.214  -20.456 0.6000000238
30831  -12.747  -72.173  -18.448 0.5000000000
22496  -23.468  -80.539  -16.902 0.5000000000
26293  -19.678  -77.656  -16.523 0.6000000238
151135  -14.728  -72.726  -17.360 0.5000000000
28594  -19.152  -75.847  -16.927 0.6000000238
30791  -19.210  -73.874  -14.721 0.3000000119
23739  -21.471  -79.396  -15.372 0.5000000000
139707  -17.234  -71.152  -18.776 0.3000000119
25022  -22.961  -78.084  -13.615 0.4000000060
26234  -22.903  -77.360  -13.652 0.4000000060
143958  -18.677  -72.179  -18.591 0.4000000060
33067  -17.732  -70.453  -19.487 0.3000000119
29732  -22.067  -74.580  -17.370 0.5000000000
27408  -25.555  -76.633  -13.306 0.4000000060
135108  -20.911  -72.116  -11.770 0.3000000119
35530  -19.194  -68.865  -18.056 0.3000000119
28576  -22.958  -75.106  -15.056 0.4000000060
30852  -21.448  -73.203  -18.395 0.3000000119
138134  -19.960  -68.767  -17.986 0.3000000119
30820  -22.797  -74.039  -17.129 0.4000000060
130591  -21.031  -70.073  -12.150 0.3000000119
36941  -21.002  -68.582  -18.946 0.3000000119
29677  -24.361  -74.185  -14.042 0.4000000060
35546  -22.502  -69.282  -19.076 0.3000000119
7908  -22.018  -93.824  -22.748 0.5000000000
7918  -22.161  -93.624  -23.716 0.5000000000
8884  -22.709  -93.017  -23.960 0.5000000000
130790  -22.781  -92.947  -24.827 0.4000000060
7899  -22.232  -93.592  -21.616 0.5000000000
7909  -22.531  -93.217  -22.354 0.5000000000
7919  -22.587  -93.149  -23.118 0.5000000000
8874  -23.154  -92.407  -23.261 0.5000000000
8885  -23.221  -92.439  -24.246 0.5000000000
9861  -23.625  -91.948  -24.549 0.4000000060
135676  -22.473  -93.004  -20.939 0.4000000060
7900  -22.746  -92.687  -21.707 0.5000000000
136134  -23.610  -91.535  -22.844 0.5000000000
9862  -24.092  -91.233  -24.377 0.4000000060
9822  -22.832  -91.195  -21.497 0.5000000000
10846  -23.123  -90.500  -22.022 0.5000000000
8863  -23.235  -92.067  -22.263 0.5000000000
11848  -23.002  -89.798  -22.437 0.5000000000
10847  -23.607  -90.516  -22.454 0.5000000000
11862  -23.500  -89.372  -23.012 0.5000000000
12980  -24.111  -88.976  -23.452 0.4000000060
10845  -22.429  -90.322  -21.979 0.5000000000
11874  -22.194  -89.051  -23.962 0.5000000000
12990  -22.701  -88.437  -24.555 0.5000000000
141113  -23.428  -88.217  -24.450 0.5000000000
9889  -18.901  -91.653  -26.388 0.5000000000
10861  -21.268  -90.386  -23.069 0.5000000000
10874  -20.525  -90.934  -24.016 0.5000000000
10875  -21.398  -89.890  -23.948 0.5000000000
138360  -20.582  -90.794  -25.927 0.5000000000
11888  -21.598  -89.550  -24.717 0.5000000000
11908  -21.452  -89.716  -25.665 0.5000000000
11889  -22.039  -88.952  -25.030 0.5000000000
13029  -22.575  -88.376  -26.071 0.5000000000
9890  -19.459  -91.516  -26.697 0.5000000000
9902  -18.872  -91.675  -27.073 0.5000000000
9937  -18.486  -91.106  -29.278 0.5000000000
10907  -20.349  -90.970  -26.915 0.5000000000
9939  -19.428  -91.293  -29.427 0.5000000000
129998  -18.870  -91.298  -30.046 0.5000000000
10923  -21.065  -90.248  -27.415 0.5000000000
10922  -20.365  -90.886  -27.738 0.5000000000
132008  -20.412  -90.775  -29.975 0.5000000000
11923  -21.656  -89.501  -27.075 0.5000000000
11941  -21.522  -89.872  -28.750 0.5000000000
140346  -21.692  -89.392  -26.389 0.5000000000
131627  -22.131  -88.875  -26.645 0.5000000000
13042  -22.734  -88.372  -26.905 0.5000000000
13113  -18.162  -89.325  -33.253 0.5000000000
11989  -18.087  -89.914  -33.958 0.6000000238
10959  -18.706  -91.051  -31.112 0.5000000000
10960  -19.393  -91.220  -30.512 0.5000000000
10969  -18.785  -90.924  -32.559 0.5000000000
10961  -20.336  -90.850  -31.055 0.5000000000
10970  -20.089  -90.935  -32.622 0.5000000000
128225  -21.306  -90.201  -29.498 0.5000000000
11924  -22.217  -88.946  -27.471 0.5000000000
14295  -18.679  -87.575  -33.085 0.5000000000
13114  -18.418  -88.409  -33.318 0.5000000000
10984  -18.557  -90.183  -34.234 0.6000000238
23906  -24.699  -78.385  -28.653 0.5000000000
23897  -24.857  -78.695  -27.738 0.6000000238
26415  -24.216  -77.057  -28.333 0.5000000000
25212  -24.809  -77.795  -27.935 0.5000000000
131669  -24.847  -79.020  -26.841 0.6000000238
26396  -24.713  -77.752  -26.208 0.6000000238
27595  -24.214  -76.904  -26.711 0.5000000000
26395  -24.020  -77.007  -25.761 0.6000000238
27580  -23.236  -75.997  -24.954 0.5000000000
26387  -24.690  -77.827  -25.177 0.6000000238
26386  -23.852  -76.975  -24.736 0.6000000238
28698  -22.584  -74.143  -25.387 0.5000000000
27571  -23.314  -76.262  -24.177 0.6000000238
26377  -23.893  -77.177  -23.763 0.6000000238
139879  -21.820  -73.394  -24.244 0.5000000000
27569  -22.453  -75.182  -23.429 0.5000000000
29788  -20.640  -72.957  -23.329 0.5000000000
29787  -19.068  -73.261  -22.800 0.6000000238
28682  -16.894  -74.280  -23.182 0.6000000238
29800  -17.712  -73.719  -23.565 0.5000000000
28673  -21.254  -74.301  -22.909 0.6000000238
28686  -21.970  -74.360  -23.479 0.5000000000
29786  -18.168  -73.429  -22.906 0.5000000000
29766  -15.853  -74.241  -21.865 0.6000000238
143917  -16.705  -74.139  -22.304 0.6000000238
147519  -15.850  -74.580  -20.882 0.6000000238
13125  -36.318  -88.816  -32.852 0.3000000119
14303  -37.523  -87.461  -33.133 0.3000000119
13151  -36.059  -87.568  -33.647 0.3000000119
16579  -38.710  -85.592  -32.717 0.3000000119
14318  -36.232  -86.956  -33.591 0.3000000119
13139  -36.302  -88.257  -33.410 0.3000000119
11995  -35.751  -89.066  -33.457 0.3000000119
127665  -24.439  -90.389  -23.786 0.4000000060
10936  -20.626  -90.659  -29.064 0.5000000000
22612  -23.707  -79.932  -28.099 0.5000000000
9849  -24.026  -90.999  -23.335 0.4000000060
10862  -24.068  -90.209  -22.972 0.5000000000
11860  -21.951  -89.596  -23.279 0.5000000000
147061  -19.457  -91.540  -25.109 0.5000000000
130587  -20.193  -91.255  -25.038 0.5000000000
9901  -18.515  -91.447  -26.917 0.5000000000
9920  -18.579  -91.270  -28.554 0.5000000000
9922  -19.895  -91.173  -28.456 0.5000000000
130316  -19.356  -91.115  -31.560 0.5000000000
13126  -36.912  -88.226  -32.855 0.3000000119
15448  -36.647  -85.998  -33.135 0.3000000119
15464  -37.966  -86.634  -33.107 0.3000000119
13140  -36.857  -87.740  -33.379 0.3000000119
147437  -36.695  -86.574  -33.414 0.3000000119
16578  -37.676  -85.677  -32.967 0.3000000119
29647  -26.678  -74.483  -12.813 0.3000000119
7887  -22.575  -92.309  -20.948 0.4000000060
7932  -22.262  -93.494  -24.546 0.5000000000
8030  -26.061  -93.679  -32.919 0.5000000000
8849  -22.973  -91.841  -21.525 0.5000000000
8873  -22.851  -92.699  -22.554 0.5000000000
8897  -23.305  -92.398  -25.113 0.4000000060
8911  -23.459  -92.263  -26.136 0.5000000000
8925  -24.214  -91.917  -28.347 0.5000000000
8927  -34.770  -92.500  -27.577 0.3000000119
8938  -27.904  -92.106  -28.823 0.6999999881
8951  -24.657  -92.234  -29.512 0.5000000000
8954  -28.227  -92.376  -29.556 0.5000000000
8976  -27.693  -92.856  -30.988 0.5000000000
8983  -29.597  -92.875  -33.032 0.5000000000
9833  -23.432  -91.167  -22.053 0.5000000000
9834  -23.795  -90.839  -22.656 0.5000000000
9848  -23.640  -91.778  -23.769 0.4000000060
9875  -19.622  -91.485  -25.874 0.5000000000
9876  -23.793  -91.767  -25.260 0.4000000060
9877  -24.337  -91.133  -25.371 0.5000000000
9903  -19.429  -91.464  -27.606 0.5000000000
9907  -26.161  -91.178  -27.601 0.6999999881
9909  -28.080  -91.048  -27.503 0.6999999881
9921  -18.984  -91.526  -28.536 0.5000000000
9923  -24.819  -91.650  -28.402 0.6000000238
9930  -34.857  -90.871  -27.848 0.3000000119
9938  -18.760  -91.309  -29.316 0.5000000000
9941  -31.173  -91.263  -29.871 0.5000000000
10832  -22.534  -90.819  -21.548 0.5000000000
10890  -20.978  -90.393  -24.914 0.5000000000
10908  -21.173  -90.103  -26.580 0.5000000000
10938  -30.565  -90.340  -28.409 0.6999999881
10950  -18.582  -91.095  -30.046 0.5000000000
10951  -30.946  -90.906  -29.101 0.5000000000
10962  -31.637  -90.798  -30.368 0.4000000060
10977  -18.706  -90.588  -33.740 0.6000000238
10978  -19.583  -90.776  -33.996 0.6000000238
10983  -34.862  -90.664  -32.759 0.3000000119
10985  -19.198  -90.370  -34.389 0.6000000238
10988  -32.493  -89.988  -34.858 0.5000000000
10991  -21.591  -89.883  -35.320 0.6999999881
11847  -22.195  -89.887  -22.600 0.5000000000
11849  -23.586  -89.955  -22.607 0.5000000000
11861  -22.705  -89.299  -23.083 0.5000000000
11863  -23.977  -89.590  -23.104 0.5000000000
11875  -24.486  -89.546  -23.631 0.4000000060
11876  -25.010  -89.299  -24.380 0.5000000000
11890  -25.449  -89.221  -25.133 0.6000000238
11891  -25.840  -89.234  -25.924 0.6000000238
11909  -22.023  -88.908  -25.885 0.5000000000
11928  -30.422  -89.502  -28.082 0.6000000238
11956  -21.394  -90.257  -30.329 0.6000000238
11978  -18.045  -90.256  -33.250 0.6000000238
11990  -18.545  -89.857  -34.314 0.6999999881
11991  -23.340  -89.849  -33.617 0.6000000238
11996  -19.434  -90.093  -34.724 0.6999999881
12002  -33.408  -89.003  -35.001 0.4000000060
12005  -22.398  -89.589  -35.374 0.6000000238
12006  -23.079  -89.252  -35.370 0.6000000238
12009  -33.249  -89.699  -35.173 0.4000000060
12979  -23.267  -88.668  -23.657 0.5000000000
12991  -24.107  -88.382  -24.074 0.5000000000
13011  -22.469  -88.494  -25.378 0.5000000000
13012  -23.095  -88.012  -25.305 0.6000000238
13045  -26.156  -88.340  -27.101 0.6000000238
13046  -26.818  -88.846  -27.536 0.6999999881
13049  -29.389  -88.936  -27.995 0.6000000238
13050  -30.241  -88.602  -27.944 0.4000000060
13067  -28.999  -88.560  -28.296 0.6000000238
13092  -32.948  -87.886  -30.108 0.3000000119
13093  -35.870  -88.645  -29.368 0.3000000119
13104  -27.439  -88.624  -30.553 0.5000000000
13115  -19.263  -88.543  -33.390 0.6000000238
13119  -25.275  -89.062  -31.850 0.5000000000
13142  -21.370  -89.504  -35.068 0.6999999881
13144  -23.025  -88.396  -35.266 0.6000000238
13145  -24.511  -88.405  -35.151 0.6000000238
13146  -25.196  -88.673  -34.637 0.6000000238
13155  -25.701  -87.366  -34.996 0.6000000238
14185  -25.210  -88.289  -25.097 0.5000000000
14202  -23.666  -87.715  -25.709 0.6000000238
14203  -24.375  -87.688  -25.721 0.5000000000
14215  -25.487  -87.909  -26.707 0.6000000238
14228  -24.099  -87.655  -27.058 0.6000000238
14229  -24.764  -87.742  -27.332 0.6000000238
14232  -31.159  -87.174  -27.695 0.4000000060
14233  -31.816  -86.703  -27.866 0.4000000060
14266  -28.793  -87.788  -29.524 0.5000000000
14282  -23.303  -86.956  -31.198 0.6000000238
14285  -33.497  -87.524  -30.896 0.3000000119
14299  -27.755  -87.947  -31.846 0.5000000000
14311  -22.421  -88.280  -33.878 0.6999999881
14312  -23.701  -87.369  -34.351 0.5000000000
14313  -26.960  -87.728  -33.589 0.5000000000
14319  -37.043  -87.047  -33.431 0.3000000119
14325  -24.907  -87.558  -35.107 0.6000000238
15377  -30.094  -86.828  -27.748 0.4000000060
15378  -30.672  -86.285  -27.594 0.4000000060
15380  -32.582  -86.384  -28.090 0.4000000060
15392  -22.214  -86.081  -28.663 0.5000000000
15409  -23.377  -86.325  -29.663 0.6000000238
15443  -18.804  -86.915  -33.483 0.5000000000
15444  -19.753  -86.947  -32.832 0.6000000238
15445  -24.216  -86.424  -31.698 0.6000000238
15446  -28.205  -86.447  -32.016 0.5000000000
15463  -37.476  -86.344  -33.299 0.3000000119
15466  -25.085  -86.128  -34.097 0.6000000238
15469  -25.011  -86.880  -34.901 0.6000000238
15471  -26.588  -85.765  -34.756 0.6000000238
16413  -26.949  -85.386  -21.681 0.6000000238
16427  -24.956  -85.290  -22.898 0.6000000238
16445  -25.721  -85.480  -23.678 0.6000000238
16464  -23.811  -85.153  -24.982 0.6000000238
16467  -26.694  -85.506  -24.013 0.6000000238
16468  -27.517  -85.369  -24.254 0.5000000000
16480  -22.516  -84.875  -25.850 0.6999999881
16482  -24.574  -85.216  -25.633 0.6000000238
16483  -26.083  -85.381  -24.683 0.6000000238
16497  -23.095  -85.223  -26.129 0.6000000238
16499  -25.906  -84.851  -26.171 0.6000000238
16509  -22.071  -85.155  -27.070 0.6000000238
16510  -22.637  -85.432  -27.220 0.6000000238
16512  -24.397  -85.155  -27.303 0.6000000238
16513  -25.521  -84.461  -28.135 0.6000000238
16515  -31.245  -85.774  -27.588 0.4000000060
16528  -21.768  -85.625  -28.408 0.6000000238
16531  -24.650  -85.240  -28.973 0.6000000238
16544  -21.386  -86.141  -29.767 0.6000000238
16546  -25.178  -84.961  -29.651 0.6000000238
16588  -38.281  -86.081  -33.103 0.3000000119
17600  -24.059  -84.199  -22.175 0.6000000238
17601  -24.730  -84.394  -21.843 0.6000000238
17602  -25.588  -84.610  -21.515 0.6000000238
17618  -23.103  -84.058  -22.900 0.6000000238
17620  -24.433  -84.742  -22.410 0.6000000238
17641  -23.372  -84.583  -23.364 0.6000000238
17660  -22.434  -84.086  -24.161 0.6999999881
17678  -27.091  -84.921  -25.648 0.5000000000
17679  -28.500  -84.575  -25.390 0.5000000000
17692  -25.576  -84.693  -26.854 0.6000000238
17693  -26.370  -84.451  -26.842 0.5000000000
17710  -31.017  -85.209  -27.760 0.4000000060
17730  -26.622  -83.767  -28.465 0.5000000000
17731  -29.890  -84.844  -28.868 0.4000000060
17733  -31.737  -84.362  -28.220 0.4000000060
17750  -26.396  -83.841  -29.409 0.5000000000
17774  -28.581  -84.732  -32.674 0.5000000000
17781  -28.642  -84.325  -33.747 0.5000000000
18804  -25.201  -83.695  -21.463 0.5000000000
18822  -22.770  -83.479  -23.006 0.5000000000
18836  -22.359  -83.440  -23.722 0.6000000238
18863  -21.871  -83.771  -25.364 0.6999999881
18875  -21.570  -83.395  -26.710 0.5000000000
18876  -28.670  -83.561  -26.862 0.5000000000
18878  -30.104  -82.894  -26.417 0.5000000000
18889  -27.735  -83.415  -27.878 0.5000000000
18891  -29.146  -82.836  -27.353 0.6000000238
18924  -21.629  -83.632  -29.466 0.4000000060
18927  -31.567  -83.159  -29.724 0.4000000060
18931  -26.872  -83.413  -30.159 0.6000000238
18933  -30.679  -83.142  -30.780 0.4000000060
18934  -31.448  -82.810  -30.593 0.4000000060
18940  -27.314  -82.869  -32.140 0.6000000238
18949  -29.615  -83.156  -33.533 0.5000000000
18951  -27.134  -83.740  -33.959 0.6000000238
18952  -28.074  -83.611  -34.280 0.6000000238
18953  -28.764  -83.387  -34.034 0.5000000000
20004  -26.946  -82.486  -20.442 0.5000000000
20024  -24.866  -82.778  -21.801 0.6000000238
20043  -25.605  -81.798  -21.994 0.6000000238
20052  -23.048  -82.138  -23.205 0.5000000000
20062  -22.062  -82.752  -24.181 0.6000000238
20093  -21.624  -82.373  -26.376 0.5000000000
20095  -30.623  -82.490  -26.510 0.5000000000
20124  -28.531  -82.476  -28.740 0.6000000238
20126  -33.006  -83.191  -28.700 0.4000000060
20150  -27.884  -82.321  -32.988 0.5000000000
20154  -31.907  -82.130  -31.957 0.5000000000
20157  -28.540  -82.091  -33.395 0.5000000000
20159  -30.447  -82.309  -33.311 0.4000000060
20162  -29.451  -82.563  -33.741 0.5000000000
21291  -25.461  -80.604  -23.094 0.6000000238
21313  -21.761  -81.892  -25.678 0.5000000000
21316  -33.577  -81.168  -25.877 0.4000000060
21324  -21.998  -81.372  -26.447 0.6000000238
21325  -31.605  -81.552  -27.086 0.4000000060
21334  -22.231  -81.236  -27.549 0.5000000000
21336  -30.498  -81.417  -28.035 0.6000000238
21338  -31.878  -81.045  -27.546 0.4000000060
21363  -29.301  -81.233  -30.041 0.6000000238
21380  -31.808  -81.743  -32.772 0.5000000000
21384  -29.378  -81.281  -33.221 0.5000000000
21386  -29.116  -81.950  -33.598 0.4000000060
22443  -21.854  -80.027  -15.783 0.5000000000
22460  -20.871  -80.319  -16.770 0.6999999881
22511  -19.812  -80.335  -18.900 0.6000000238
22517  -25.122  -81.021  -18.438 0.5000000000
22527  -20.561  -80.416  -19.203 0.6999999881
22568  -25.141  -80.369  -23.708 0.6000000238
22587  -25.288  -79.726  -24.116 0.6999999881
22594  -22.920  -80.725  -25.121 0.6000000238
22596  -24.734  -79.559  -25.377 0.6000000238
22604  -34.174  -80.434  -26.233 0.4000000060
22629  -31.453  -80.409  -28.908 0.5000000000
22658  -29.598  -80.428  -31.685 0.4000000060
22665  -31.331  -81.014  -33.080 0.4000000060
23723  -21.857  -78.936  -14.725 0.5000000000
23738  -20.890  -79.169  -15.641 0.6000000238
23783  -19.421  -79.942  -17.508 0.6999999881
23795  -18.614  -79.555  -18.374 0.6000000238
23796  -19.207  -80.049  -18.256 0.6999999881
23806  -18.520  -79.367  -18.916 0.6000000238
23808  -20.190  -80.188  -19.566 0.6000000238
23809  -20.860  -80.185  -19.776 0.6000000238
23810  -21.723  -80.035  -19.833 0.5000000000
23811  -22.724  -79.701  -19.898 0.6000000238
23837  -23.908  -79.039  -21.322 0.6999999881
23848  -25.052  -79.234  -22.525 0.6000000238
23849  -25.480  -79.676  -23.045 0.6000000238
23861  -25.400  -79.420  -23.668 0.6999999881
23889  -24.238  -79.504  -26.174 0.6000000238
23905  -24.562  -79.137  -28.496 0.6000000238
23945  -30.731  -79.549  -31.796 0.4000000060
25023  -23.823  -78.390  -13.478 0.4000000060
25024  -24.740  -78.282  -13.517 0.4000000060
25041  -23.127  -78.892  -13.831 0.5000000000
25054  -20.677  -78.459  -15.742 0.6000000238
25076  -19.577  -78.748  -16.557 0.6000000238
25102  -17.692  -78.672  -18.111 0.6000000238
25116  -18.876  -79.280  -19.512 0.6000000238
25130  -18.655  -78.488  -19.973 0.6000000238
25133  -21.179  -79.001  -21.035 0.6000000238
25134  -21.999  -78.977  -21.062 0.6000000238
25152  -21.449  -78.335  -21.530 0.6000000238
25154  -23.363  -78.333  -21.898 0.6999999881
25199  -24.942  -78.410  -26.828 0.6000000238
25222  -24.334  -78.140  -29.245 0.5000000000
26235  -23.544  -77.506  -13.397 0.4000000060
26250  -22.326  -77.693  -14.080 0.4000000060
26292  -18.738  -77.430  -16.689 0.6000000238
26323  -16.763  -77.371  -18.375 0.6000000238
26339  -17.522  -77.187  -20.008 0.6000000238
26352  -19.908  -77.457  -21.349 0.6000000238
26356  -23.328  -77.714  -22.484 0.6999999881
26368  -23.655  -77.418  -23.022 0.6999999881
26405  -24.727  -77.570  -27.087 0.6000000238
26425  -24.493  -77.726  -28.700 0.5000000000
27406  -23.313  -76.783  -13.533 0.4000000060
27407  -23.834  -76.200  -13.435 0.4000000060
27411  -27.754  -75.905  -13.814 0.4000000060
27436  -21.408  -76.925  -15.659 0.5000000000
27457  -18.467  -76.563  -16.682 0.6000000238
27482  -16.593  -76.663  -17.422 0.6000000238
27483  -17.043  -76.983  -16.979 0.6000000238
27497  -16.409  -76.668  -18.227 0.6000000238
27539  -19.489  -76.222  -21.526 0.6000000238
27557  -23.225  -76.621  -23.429 0.6999999881
27570  -22.874  -75.593  -23.827 0.6000000238
27579  -22.964  -75.152  -24.728 0.5000000000
27603  -24.333  -76.924  -27.570 0.5000000000
28525  -26.208  -75.049  -12.859 0.4000000060
28540  -23.728  -75.482  -13.766 0.4000000060
28557  -22.696  -75.869  -14.678 0.4000000060
28591  -16.805  -76.240  -16.938 0.6000000238
28596  -21.498  -75.610  -16.788 0.5000000000
28597  -22.147  -75.225  -16.573 0.5000000000
28614  -21.361  -75.135  -17.299 0.5000000000
28642  -15.161  -74.363  -20.447 0.5000000000
28658  -19.044  -75.095  -21.809 0.6999999881
28670  -18.556  -74.001  -22.235 0.6999999881
28672  -20.370  -74.241  -22.524 0.6999999881
28687  -22.469  -74.393  -24.306 0.5000000000
28699  -23.097  -75.113  -25.785 0.5000000000
29639  -20.511  -74.157  -11.948 0.3000000119
29648  -27.512  -74.563  -12.934 0.3000000119
29676  -23.645  -74.737  -14.401 0.4000000060
29707  -16.767  -74.983  -16.815 0.6000000238
29743  -21.209  -73.941  -18.106 0.4000000060
29775  -15.159  -74.379  -21.833 0.6000000238
29776  -17.606  -73.959  -22.347 0.6000000238
29803  -22.098  -73.526  -24.955 0.5000000000
30761  -20.367  -73.607  -11.431 0.3000000119
30774  -20.838  -73.789  -13.359 0.3000000119
30775  -21.274  -73.294  -13.324 0.3000000119
30792  -20.090  -73.749  -14.629 0.4000000060
30809  -23.622  -73.718  -15.783 0.3000000119
30836  -18.695  -73.512  -17.817 0.5000000000
30837  -19.411  -73.524  -18.078 0.4000000060
30849  -19.107  -72.924  -18.297 0.4000000060
30892  -18.084  -73.377  -23.412 0.5000000000
30893  -18.769  -72.859  -23.499 0.6000000238
30894  -19.670  -72.554  -23.486 0.6000000238
31865  -21.112  -72.872  -12.138 0.3000000119
31866  -21.438  -72.836  -12.781 0.3000000119
31906  -18.230  -72.604  -15.541 0.4000000060
31908  -21.070  -72.869  -15.043 0.4000000060
31934  -12.527  -71.490  -17.812 0.5000000000
31936  -15.367  -72.926  -17.211 0.4000000060
31938  -17.313  -72.794  -17.708 0.5000000000
31940  -22.871  -72.970  -17.934 0.3000000119
31955  -21.974  -72.340  -18.676 0.3000000119
33011  -22.057  -71.890  -14.801 0.4000000060
33012  -22.482  -71.251  -14.354 0.4000000060
33030  -17.767  -71.860  -15.934 0.4000000060
33034  -21.720  -71.525  -15.693 0.3000000119
33043  -17.157  -70.969  -16.343 0.4000000060
33047  -21.137  -71.125  -16.350 0.4000000060
33068  -19.121  -71.475  -19.154 0.3000000119
33071  -21.641  -71.564  -19.071 0.3000000119
33080  -20.549  -70.789  -19.487 0.3000000119
34222  -20.566  -70.271  -16.888 0.3000000119
34249  -22.529  -70.339  -19.195 0.3000000119
34259  -20.252  -69.955  -19.776 0.3000000119
35547  -23.230  -69.355  -18.722 0.3000000119
35563  -17.907  -68.951  -19.932 0.3000000119
35565  -20.260  -69.161  -19.833 0.3000000119
35566  -21.077  -69.129  -19.447 0.3000000119
36899  -24.677  -68.593  -17.138 0.3000000119
36914  -17.654  -68.348  -18.612 0.3000000119
36915  -18.687  -68.308  -18.687 0.3000000119
36916  -19.613  -68.433  -18.615 0.3000000119
36917  -20.521  -68.565  -18.406 0.3000000119
36943  -22.727  -68.580  -18.468 0.3000000119
36956  -17.628  -68.536  -19.460 0.3000000119
36957  -18.945  -68.521  -19.643 0.3000000119
36958  -19.713  -68.595  -19.540 0.3000000119
125532  -25.162  -85.034  -26.236 0.6000000238
125640  -24.099  -80.227  -19.165 0.5000000000
126034  -21.625  -89.652  -27.889 0.5000000000
126134  -23.749  -85.298  -26.612 0.6000000238
127243  -34.534  -87.181  -33.183 0.3000000119
127269  -31.728  -82.360  -26.034 0.5000000000
127314  -14.869  -73.265  -17.401 0.4000000060
127581  -22.898  -81.203  -24.403 0.6000000238
128534  -23.572  -88.373  -28.690 0.6999999881
129140  -23.730  -92.346  -28.698 0.5000000000
129978  -26.481  -85.077  -34.561 0.6000000238
130140  -25.920  -81.170  -22.069 0.6999999881
130684  -26.027  -81.335  -21.399 0.6999999881
130753  -30.728  -91.821  -30.276 0.6000000238
130772  -25.156  -85.469  -31.447 0.6000000238
130983  -23.513  -76.232  -25.501 0.5000000000
131342  -20.904  -90.422  -28.230 0.5000000000
131609  -24.987  -75.112  -13.167 0.4000000060
132081  -21.301  -74.522  -17.753 0.5000000000
132603  -22.652  -70.039  -15.658 0.3000000119
133494  -29.575  -87.262  -28.164 0.4000000060
133765  -18.960  -69.832  -19.975 0.3000000119
133877  -26.093  -93.211  -31.828 0.5000000000
133969  -28.075  -82.216  -30.405 0.5000000000
134268  -25.407  -80.925  -19.925 0.5000000000
134307  -22.561  -80.523  -17.458 0.6000000238
134698  -27.194  -85.650  -34.620 0.6000000238
135361  -23.412  -89.572  -32.170 0.6000000238
135581  -25.901  -85.594  -34.515 0.6000000238
135906  -27.475  -87.678  -32.687 0.5000000000
136638  -22.610  -79.307  -20.645 0.5000000000
136923  -21.391  -84.509  -29.840 0.4000000060
136943  -26.068  -84.143  -28.082 0.5000000000
137178  -26.030  -90.168  -26.518 0.6000000238
137219  -18.214  -79.129  -17.815 0.6999999881
137242  -21.569  -84.330  -27.826 0.6000000238
137703  -21.771  -72.149  -12.836 0.3000000119
139454  -20.781  -72.957  -18.543 0.4000000060
140735  -29.069  -92.356  -29.722 0.6999999881
140955  -17.758  -70.547  -16.721 0.4000000060
141266  -25.595  -80.217  -22.919 0.6000000238
141602  -18.290  -68.602  -19.704 0.3000000119
142315  -23.000  -73.434  -17.439 0.3000000119
142526  -31.708  -90.138  -29.475 0.4000000060
143588  -24.060  -86.033  -29.981 0.6000000238
144774  -22.593  -90.150  -34.255 0.6000000238
145029  -18.687  -91.521  -27.736 0.5000000000
145266  -33.608  -81.188  -31.179 0.4000000060
145740  -22.079  -84.425  -25.739 0.6000000238
145859  -22.547  -91.713  -21.087 0.5000000000
145953  -18.223  -90.284  -33.767 0.6000000238
145993  -24.428  -76.309  -13.286 0.4000000060
146421  -21.684  -70.983  -16.155 0.4000000060
146574  -18.330  -78.667  -17.228 0.6999999881
146613  -24.757  -88.290  -24.599 0.5000000000
146929  -20.382  -79.893  -16.550 0.6999999881
147132  -16.588  -75.590  -16.933 0.6000000238
148423  -30.274  -80.193  -30.579 0.4000000060
148560  -23.338  -80.473  -17.750 0.5000000000
149054  -24.147  -69.481  -17.970 0.3000000119
149131  -22.011  -87.713  -31.683 0.6999999881
149489  -24.962  -80.600  -19.913 0.5000000000
149935  -30.087  -81.863  -27.677 0.6000000238
150132  -34.027  -88.913  -34.793 0.4000000060
150419  -19.208  -90.908  -33.283 0.5000000000
150554  -24.472  -91.365  -27.094 0.5000000000
150662  -20.040  -91.280  -26.358 0.5000000000
150953  -25.705  -80.751  -21.235 0.6000000238
