#!ascii label  , from subject sub-v1s10x0051063_ses-1 vox2ras=TkReg
1868
131696  33.208  -48.271  -29.937 0.6000000238
26268  32.333  -49.665  -29.589 0.5000000000
30044  33.666  -45.439  -28.203 0.6999999881
30043  34.286  -45.935  -28.894 0.6000000238
30063  34.895  -45.322  -29.123 0.6000000238
31000  34.856  -44.613  -28.831 0.6000000238
28122  33.032  -47.276  -28.557 0.6999999881
29084  33.857  -46.849  -29.052 0.6000000238
28139  34.282  -47.213  -29.789 0.5000000000
29083  34.637  -46.504  -29.537 0.5000000000
29082  35.275  -46.218  -29.917 0.5000000000
30062  35.463  -45.448  -29.687 0.6000000238
31969  35.410  -43.984  -29.085 0.6000000238
28141  32.739  -48.015  -28.713 0.5000000000
27187  32.683  -48.627  -29.301 0.5000000000
27186  33.890  -47.833  -30.173 0.6000000238
31015  35.848  -44.642  -29.712 0.6000000238
119578  32.024  -51.225  -29.889 0.5000000000
24591  32.233  -51.572  -29.230 0.5000000000
32851  33.787  -42.497  -27.283 0.6000000238
128729  34.260  -41.716  -27.350 0.6999999881
30030  32.759  -44.896  -27.009 0.6000000238
116343  33.288  -44.982  -27.668 0.6999999881
31957  33.921  -43.966  -27.946 0.6000000238
121626  34.231  -43.202  -27.867 0.6000000238
116252  35.027  -43.129  -28.468 0.6000000238
29066  32.660  -46.993  -27.874 0.6000000238
132540  33.294  -46.340  -28.262 0.6999999881
32871  35.443  -42.308  -28.479 0.6000000238
27173  32.360  -48.670  -28.359 0.5000000000
28110  32.252  -47.229  -27.107 0.5000000000
31968  35.829  -43.036  -29.070 0.6000000238
26257  32.155  -50.126  -28.652 0.5000000000
113524  36.486  -42.884  -29.492 0.6000000238
25420  32.185  -50.918  -28.480 0.5000000000
32884  37.019  -42.361  -29.607 0.6000000238
34606  37.735  -41.048  -29.477 0.6999999881
32883  37.616  -42.608  -30.100 0.6000000238
33784  38.369  -41.370  -29.956 0.6999999881
32882  38.285  -42.134  -30.244 0.6000000238
115114  38.989  -41.699  -30.447 0.6000000238
33808  40.511  -41.753  -31.429 0.6000000238
32894  39.642  -42.062  -31.008 0.6000000238
36396  41.055  -39.282  -34.600 0.5000000000
129416  39.252  -37.563  -34.502 0.6999999881
36397  39.910  -38.724  -34.315 0.6000000238
121155  38.360  -37.542  -34.452 0.8000000119
36398  38.406  -38.715  -34.177 0.6999999881
33751  34.131  -41.022  -26.826 0.6000000238
33763  34.750  -41.038  -27.494 0.6999999881
30970  32.827  -44.022  -26.800 0.6999999881
30987  33.298  -44.308  -27.466 0.6999999881
32852  33.126  -42.693  -26.573 0.6000000238
33775  35.014  -41.648  -27.972 0.6999999881
33762  35.338  -41.010  -27.989 0.6999999881
112268  32.492  -45.761  -26.783 0.6000000238
30971  32.525  -44.559  -26.181 0.6000000238
34594  35.933  -40.620  -28.253 0.8000000119
28079  32.123  -47.730  -25.460 0.5000000000
114190  32.104  -46.748  -25.494 0.5000000000
32870  36.321  -42.174  -29.033 0.6000000238
133642  32.091  -48.972  -26.018 0.5000000000
120613  32.038  -48.076  -26.889 0.5000000000
34593  36.713  -40.151  -28.613 0.8000000119
33786  36.985  -41.535  -29.265 0.6000000238
24584  32.481  -51.469  -28.361 0.5000000000
116563  37.632  -40.105  -29.218 0.8000000119
34607  37.137  -40.782  -29.090 0.6999999881
35446  39.322  -39.624  -30.318 0.6999999881
35433  38.516  -39.626  -29.729 0.6999999881
35444  40.535  -39.742  -31.242 0.6999999881
119545  39.056  -40.938  -30.231 0.6999999881
36363  40.583  -39.166  -31.395 0.6000000238
33795  40.543  -40.947  -31.220 0.6000000238
34621  39.763  -40.423  -30.601 0.6000000238
36385  41.633  -38.441  -32.994 0.6999999881
35454  41.942  -40.266  -33.047 0.6999999881
34632  41.262  -40.626  -31.937 0.6000000238
36409  41.538  -38.720  -34.397 0.6999999881
36395  41.852  -39.588  -34.283 0.6000000238
36411  40.129  -37.921  -34.542 0.8000000119
36410  41.158  -38.513  -34.652 0.8000000119
35486  41.585  -39.478  -34.491 0.6000000238
38134  39.230  -36.279  -34.281 0.8999999762
36414  37.042  -38.241  -34.341 0.6999999881
38122  38.061  -36.620  -34.218 0.8000000119
36413  37.879  -38.255  -34.412 0.6999999881
34573  34.296  -40.344  -26.422 0.6000000238
35415  34.846  -39.920  -26.940 0.6999999881
36321  35.221  -38.381  -26.505 0.6999999881
33736  33.710  -40.878  -25.904 0.6000000238
36332  35.505  -38.675  -27.271 0.6000000238
32810  33.284  -42.403  -23.921 0.4000000060
125566  32.743  -42.797  -25.110 0.6000000238
33737  33.286  -41.547  -25.306 0.6000000238
35414  35.428  -39.494  -27.412 0.6999999881
32811  32.823  -42.973  -24.325 0.6000000238
35424  35.963  -39.805  -28.027 0.8000000119
29000  32.799  -46.595  -24.189 0.4000000060
29987  32.316  -45.497  -24.625 0.5000000000
125125  32.287  -45.162  -25.413 0.6000000238
35423  36.542  -39.257  -28.351 0.8000000119
27121  32.675  -48.037  -24.861 0.5000000000
26219  32.625  -49.355  -25.670 0.4000000060
35434  37.726  -39.102  -29.209 0.8000000119
25405  32.584  -50.457  -26.765 0.5000000000
36365  38.993  -38.192  -30.164 0.8000000119
38084  39.577  -36.858  -30.879 0.8000000119
36364  39.676  -38.795  -30.656 0.6999999881
36352  38.386  -38.635  -29.642 0.8000000119
37243  40.914  -37.780  -32.125 0.8000000119
37232  39.613  -37.768  -30.731 0.6999999881
38932  40.961  -35.784  -32.622 0.8999999762
37255  41.443  -37.399  -33.149 0.8999999762
37244  40.221  -37.310  -31.418 0.6999999881
38110  41.668  -37.072  -34.066 0.8999999762
36373  41.500  -39.313  -32.465 0.6999999881
126492  41.822  -38.686  -33.969 0.6000000238
37281  40.093  -36.969  -34.591 0.8999999762
38133  41.143  -36.544  -34.714 0.8999999762
38123  36.642  -36.304  -33.707 0.8000000119
37269  36.054  -36.964  -33.350 0.8000000119
132939  37.178  -36.637  -34.096 0.8000000119
112123  36.195  -38.189  -33.901 0.8000000119
38953  37.352  -35.665  -33.818 0.8000000119
37267  37.461  -37.430  -34.340 0.6999999881
36322  34.948  -38.932  -25.865 0.6999999881
37192  35.318  -37.551  -26.322 0.6000000238
34557  34.102  -40.145  -25.491 0.6000000238
131056  34.930  -38.793  -25.154 0.5000000000
37201  35.533  -37.815  -27.164 0.6999999881
33711  34.013  -40.905  -23.983 0.4000000060
34535  34.342  -40.038  -24.516 0.6000000238
36331  36.046  -38.190  -27.729 0.6999999881
130618  33.799  -42.699  -23.450 0.5000000000
131485  36.437  -38.574  -28.180 0.6999999881
30926  34.131  -44.390  -23.406 0.5000000000
31898  32.984  -43.910  -23.706 0.6000000238
28987  34.140  -45.995  -23.629 0.4000000060
29977  33.641  -45.217  -23.561 0.4000000060
38074  37.553  -36.493  -29.381 0.8000000119
120976  37.133  -37.664  -28.811 0.8000000119
28058  34.186  -47.562  -24.198 0.4000000060
37222  38.368  -37.729  -29.697 0.8000000119
37223  37.681  -37.316  -29.313 0.8000000119
36342  37.031  -38.584  -28.686 0.8000000119
26237  32.887  -50.144  -25.981 0.3000000119
38921  39.346  -35.431  -31.042 0.8000000119
38085  38.912  -36.250  -30.450 0.8000000119
38073  38.285  -36.829  -29.797 0.8000000119
38933  40.210  -35.546  -31.609 0.8000000119
37233  38.972  -37.268  -30.251 0.8000000119
120087  40.909  -34.762  -32.421 0.8999999762
38098  40.844  -36.854  -32.341 0.8999999762
130699  41.518  -34.772  -33.293 0.8999999762
38942  41.479  -35.601  -33.650 0.8999999762
39824  41.606  -34.070  -33.471 0.8999999762
38949  41.508  -35.159  -33.960 0.8999999762
133265  41.134  -36.014  -34.601 0.8999999762
38124  36.105  -36.015  -33.003 0.8000000119
38112  35.484  -36.526  -32.469 0.8000000119
38966  40.475  -36.051  -34.524 0.8999999762
38951  39.661  -35.333  -34.100 0.8999999762
38952  38.461  -35.778  -33.950 0.8000000119
115548  35.294  -37.825  -24.999 0.6000000238
37177  35.332  -37.295  -25.373 0.6000000238
38045  35.362  -36.735  -26.153 0.6000000238
36289  35.252  -38.386  -24.675 0.6000000238
130256  36.060  -39.560  -23.407 0.4000000060
35352  35.354  -39.756  -23.624 0.4000000060
35353  34.835  -39.645  -24.094 0.4000000060
35368  34.878  -39.217  -24.621 0.5000000000
38056  35.522  -36.962  -26.994 0.6999999881
113810  34.584  -41.200  -23.405 0.4000000060
37200  36.101  -37.231  -27.730 0.6999999881
32795  35.557  -42.569  -23.180 0.5000000000
120501  35.040  -41.857  -23.087 0.4000000060
38063  36.324  -36.415  -28.114 0.6999999881
126966  36.460  -42.481  -23.393 0.5000000000
38904  37.308  -35.678  -29.405 0.8000000119
38062  36.866  -36.260  -28.847 0.8000000119
117446  38.123  -34.315  -30.541 0.8000000119
121868  40.053  -34.685  -31.578 0.8000000119
39815  40.859  -33.885  -32.290 0.8999999762
40804  41.609  -33.040  -32.878 0.8999999762
39834  41.320  -34.394  -33.903 0.8999999762
39835  40.580  -34.497  -34.091 1.0000000000
38955  36.077  -35.207  -32.975 0.8000000119
39836  39.320  -34.503  -33.725 1.0000000000
38954  36.539  -35.442  -33.474 0.8000000119
40814  38.423  -34.002  -33.627 1.0000000000
133469  36.860  -35.046  -33.635 0.8000000119
38031  35.421  -36.484  -25.374 0.6000000238
124851  35.509  -35.261  -25.647 0.6000000238
38016  35.833  -36.750  -24.242 0.6000000238
124872  35.501  -34.554  -26.163 0.6999999881
35351  36.519  -38.968  -23.461 0.4000000060
119346  35.810  -38.951  -23.697 0.4000000060
36275  35.650  -38.243  -24.032 0.4000000060
34522  35.922  -40.366  -23.198 0.4000000060
133867  36.036  -35.856  -27.833 0.6999999881
32794  36.917  -41.614  -23.332 0.5000000000
114795  37.620  -39.720  -23.415 0.4000000060
38905  36.383  -35.698  -28.385 0.8000000119
39793  36.911  -34.831  -29.409 0.8000000119
116177  36.346  -34.944  -28.658 0.8000000119
40782  38.063  -33.463  -30.753 0.8000000119
38913  37.689  -35.064  -29.959 0.8000000119
40797  38.625  -32.891  -31.189 0.8000000119
39801  39.069  -34.561  -31.079 0.8000000119
117283  39.904  -33.816  -31.582 0.8999999762
40803  41.751  -33.249  -33.186 0.8999999762
41757  41.535  -32.480  -33.070 0.8999999762
40813  40.968  -33.172  -33.728 1.0000000000
128479  40.001  -33.759  -33.791 1.0000000000
123989  39.518  -32.879  -33.628 1.0000000000
39838  36.395  -34.527  -33.402 0.8000000119
38943  35.617  -35.585  -32.339 0.8000000119
121798  36.786  -33.969  -33.712 0.8000000119
40815  37.288  -33.810  -33.788 0.8000000119
38836  36.558  -35.714  -23.691 0.6000000238
133733  35.508  -36.841  -24.799 0.6000000238
38865  35.726  -35.371  -24.707 0.6000000238
39777  35.561  -34.701  -27.190 0.6999999881
39765  35.468  -33.882  -26.661 0.6999999881
37139  37.539  -37.602  -23.413 0.4000000060
37140  36.697  -37.486  -23.533 0.5000000000
37141  36.006  -37.448  -23.897 0.5000000000
134846  35.377  -33.366  -27.082 0.8000000119
35350  37.307  -39.052  -23.398 0.4000000060
117652  35.723  -34.271  -28.130 0.8000000119
36288  39.512  -38.954  -23.883 0.4000000060
36271  38.789  -38.626  -23.608 0.4000000060
121497  36.787  -34.068  -29.611 0.8000000119
39785  36.275  -34.176  -29.037 0.8000000119
40770  37.044  -33.611  -30.038 0.8000000119
39816  38.875  -33.672  -31.162 0.8000000119
41746  41.009  -32.453  -32.597 0.8999999762
42643  39.029  -31.476  -31.601 0.8000000119
42650  41.208  -31.960  -33.131 1.0000000000
135911  40.964  -32.457  -33.476 1.0000000000
129015  40.916  -31.410  -33.042 1.0000000000
41769  40.266  -31.893  -33.460 1.0000000000
42665  37.440  -32.222  -34.311 1.0000000000
116344  36.403  -33.673  -33.548 0.8999999762
39826  35.715  -34.573  -32.502 0.8000000119
118834  35.528  -33.684  -32.228 0.8999999762
40816  36.734  -33.270  -33.964 1.0000000000
41771  36.444  -32.481  -34.197 1.0000000000
41759  35.819  -32.453  -33.100 1.0000000000
42679  37.157  -31.447  -34.793 1.0000000000
43577  37.014  -30.516  -35.244 1.0000000000
42680  36.615  -31.297  -34.817 1.0000000000
43578  36.404  -30.429  -34.821 1.0000000000
43580  37.256  -29.551  -35.675 1.0000000000
44559  36.680  -29.641  -35.422 1.0000000000
40717  36.066  -33.860  -24.925 0.6999999881
39750  35.718  -34.544  -25.248 0.6999999881
40731  36.090  -33.066  -25.208 0.6999999881
39720  36.788  -34.830  -23.768 0.6000000238
39736  36.685  -33.975  -24.300 0.6000000238
40732  35.687  -33.661  -25.768 0.6999999881
38003  37.008  -36.187  -23.454 0.6000000238
38001  38.628  -36.423  -23.462 0.5000000000
41708  35.290  -32.616  -27.167 0.8000000119
37137  40.030  -37.129  -23.930 0.4000000060
40756  35.388  -33.364  -27.791 0.8000000119
41721  35.800  -32.750  -29.078 0.8000000119
41720  36.258  -32.418  -29.632 0.8000000119
41733  37.413  -32.457  -30.574 0.8000000119
41719  36.833  -32.861  -30.139 0.8000000119
41748  39.180  -32.225  -31.529 0.6999999881
41732  38.202  -32.143  -31.092 0.8000000119
41747  40.237  -31.748  -32.245 0.8999999762
43541  38.656  -30.554  -31.498 0.8000000119
42651  40.641  -31.098  -32.833 0.8999999762
42642  39.771  -30.843  -32.192 1.0000000000
43549  40.075  -30.353  -32.759 1.0000000000
42662  40.663  -31.267  -33.183 1.0000000000
135711  40.159  -30.257  -33.007 1.0000000000
114206  39.865  -29.688  -32.916 1.0000000000
42663  39.528  -31.323  -33.609 1.0000000000
129803  39.569  -29.520  -33.471 1.0000000000
43563  39.031  -30.640  -33.968 1.0000000000
44558  38.658  -29.527  -34.775 1.0000000000
42678  37.869  -30.733  -34.706 1.0000000000
41772  35.993  -32.186  -33.828 1.0000000000
41749  35.482  -32.279  -32.229 1.0000000000
43576  37.848  -29.985  -35.164 1.0000000000
42666  36.301  -31.801  -34.413 1.0000000000
43564  35.944  -30.673  -34.042 1.0000000000
44548  35.947  -29.792  -34.117 1.0000000000
113139  36.874  -28.993  -35.926 1.0000000000
44560  36.161  -29.361  -34.892 1.0000000000
128540  36.531  -33.350  -24.678 0.6999999881
41688  35.730  -32.665  -25.850 0.6999999881
127992  38.211  -34.250  -23.892 0.5000000000
131167  37.297  -33.239  -24.368 0.6999999881
41701  35.471  -32.368  -26.402 0.6999999881
39719  37.781  -34.823  -23.617 0.6000000238
38833  39.104  -35.649  -23.600 0.5000000000
38834  38.216  -35.585  -23.458 0.5000000000
42607  35.289  -31.834  -27.557 0.8000000119
42614  35.426  -31.688  -28.312 0.8000000119
42622  35.650  -31.977  -29.018 0.6999999881
42621  36.211  -31.509  -29.604 0.8000000119
42632  37.439  -31.619  -30.693 0.8000000119
41734  36.757  -32.001  -30.222 0.8000000119
42631  38.115  -31.311  -31.169 0.6999999881
43531  37.567  -30.627  -30.801 0.6999999881
44526  38.766  -29.638  -31.480 0.8999999762
45365  38.533  -28.419  -30.766 0.8000000119
46217  38.871  -27.624  -30.726 0.8000000119
47181  39.140  -26.861  -30.825 0.8000000119
44525  39.333  -29.215  -31.935 0.8999999762
45377  38.941  -28.831  -31.342 0.8000000119
46230  39.135  -28.147  -31.165 0.8000000119
126523  39.628  -29.665  -32.495 1.0000000000
45376  39.545  -28.313  -31.852 0.8999999762
46229  39.448  -27.501  -31.355 0.8999999762
44534  39.627  -28.972  -32.511 0.8999999762
45385  39.896  -28.205  -32.720 1.0000000000
43575  39.186  -29.838  -34.057 1.0000000000
130583  38.502  -30.151  -34.556 1.0000000000
45405  38.944  -28.810  -35.101 1.0000000000
45410  38.679  -28.430  -35.884 1.0000000000
44535  35.624  -29.205  -33.147 1.0000000000
46262  39.095  -27.832  -35.845 1.0000000000
132440  37.242  -28.366  -36.158 1.0000000000
45395  35.835  -28.871  -34.113 1.0000000000
133959  38.779  -27.944  -36.128 1.0000000000
46266  37.140  -27.562  -36.220 1.0000000000
117497  36.006  -27.181  -35.277 1.0000000000
126826  38.205  -32.801  -24.414 0.6999999881
41670  37.463  -32.328  -24.573 0.6999999881
42568  36.790  -31.825  -24.852 0.6999999881
41687  36.136  -32.208  -25.316 0.6999999881
42585  36.242  -31.356  -25.360 0.6999999881
40715  38.936  -33.233  -24.388 0.6000000238
42586  35.672  -31.730  -25.946 0.6999999881
39734  38.860  -33.978  -24.113 0.5000000000
42596  35.529  -31.099  -26.461 0.6999999881
39733  39.483  -34.403  -24.182 0.5000000000
43503  35.516  -30.590  -27.105 0.8000000119
43511  35.619  -30.382  -28.042 0.6999999881
43517  36.297  -30.590  -29.523 0.6999999881
43518  35.691  -31.028  -28.780 0.6999999881
43516  36.841  -30.146  -30.164 0.6999999881
43530  38.076  -29.955  -31.105 0.6999999881
44515  37.528  -29.678  -30.583 0.6999999881
46218  38.064  -27.831  -30.165 0.8000000119
46205  38.025  -27.114  -29.744 0.8000000119
47169  38.168  -26.498  -29.748 0.8000000119
46204  38.560  -27.015  -30.225 0.8000000119
129083  38.650  -26.301  -30.346 0.8000000119
48102  38.433  -25.579  -30.565 0.8000000119
46237  39.915  -27.361  -32.210 1.0000000000
47188  39.518  -26.729  -31.555 0.8999999762
122429  39.036  -26.113  -31.048 0.8000000119
129621  39.704  -26.595  -32.243 1.0000000000
47189  39.219  -26.013  -31.891 0.8000000119
45394  39.782  -28.265  -33.648 1.0000000000
46249  40.017  -27.498  -33.177 1.0000000000
45404  39.457  -28.287  -34.612 1.0000000000
46261  39.421  -27.693  -35.121 1.0000000000
47217  39.173  -27.114  -35.670 1.0000000000
131565  35.637  -28.406  -33.434 1.0000000000
45386  35.472  -28.312  -32.609 1.0000000000
47220  38.712  -26.744  -36.246 1.0000000000
47222  37.425  -26.673  -36.343 1.0000000000
47218  36.534  -26.823  -35.893 1.0000000000
46260  35.781  -27.569  -34.744 1.0000000000
48143  36.937  -26.053  -36.225 1.0000000000
42567  37.639  -31.507  -24.702 0.6999999881
43462  37.841  -30.612  -24.811 0.6999999881
130534  36.414  -30.674  -25.341 0.6000000238
43480  35.872  -30.738  -25.833 0.6000000238
43492  35.897  -29.948  -26.062 0.6000000238
44488  35.741  -29.860  -27.401 0.6999999881
44494  36.200  -29.388  -28.600 0.6999999881
44495  35.848  -29.764  -28.147 0.6999999881
44501  36.456  -29.726  -29.406 0.6999999881
44500  37.020  -29.263  -29.951 0.6999999881
112345  37.680  -26.813  -29.189 0.8000000119
116356  37.514  -27.573  -29.405 0.8000000119
48947  37.855  -25.088  -30.034 0.8000000119
48110  38.579  -25.282  -31.469 0.8000000119
48119  38.787  -25.355  -32.432 0.8000000119
116943  38.413  -24.743  -32.118 0.8000000119
47210  39.279  -26.294  -33.973 1.0000000000
48134  38.819  -25.408  -33.626 1.0000000000
48979  38.476  -24.646  -32.925 0.6999999881
48136  38.944  -25.841  -34.834 1.0000000000
48139  38.982  -26.209  -35.911 1.0000000000
48995  39.161  -25.383  -35.992 1.0000000000
46239  35.161  -28.165  -31.677 1.0000000000
48141  38.626  -25.978  -36.445 1.0000000000
48142  37.908  -25.975  -36.552 1.0000000000
47216  35.680  -26.755  -34.744 1.0000000000
46250  35.563  -27.154  -34.061 1.0000000000
123814  35.563  -27.645  -33.254 1.0000000000
47219  36.009  -26.441  -35.308 1.0000000000
42584  36.922  -31.025  -24.939 0.6999999881
45322  36.327  -28.460  -26.317 0.6000000238
45334  36.251  -28.545  -27.341 0.6999999881
45342  36.875  -28.100  -28.905 0.6999999881
45343  36.391  -28.669  -28.304 0.6999999881
45350  37.298  -28.405  -29.680 0.6999999881
46197  37.112  -27.303  -28.640 0.8000000119
47170  37.789  -26.111  -29.110 0.6999999881
48090  37.644  -25.389  -29.178 0.6999999881
48961  37.539  -24.206  -30.316 0.6999999881
49806  37.724  -23.875  -31.113 0.6999999881
48969  38.107  -24.378  -31.622 0.6999999881
113402  38.202  -23.999  -32.398 0.6999999881
114697  38.745  -25.102  -34.778 0.8999999762
133093  39.113  -24.835  -35.537 1.0000000000
46238  35.389  -27.431  -32.278 1.0000000000
113136  39.079  -25.547  -36.539 1.0000000000
47211  35.556  -26.405  -34.134 1.0000000000
48140  36.277  -25.817  -35.571 1.0000000000
43463  37.512  -29.782  -24.838 0.6000000238
44460  36.831  -29.516  -25.108 0.6000000238
44461  36.365  -29.199  -25.691 0.6000000238
45309  36.677  -28.331  -25.451 0.6000000238
46158  36.576  -27.655  -26.014 0.6000000238
46171  36.468  -27.767  -27.028 0.6000000238
46185  36.751  -27.104  -27.766 0.6000000238
117641  36.850  -26.288  -27.542 0.6999999881
48083  37.297  -25.746  -28.335 0.6999999881
48948  37.351  -24.533  -29.445 0.6999999881
49807  37.335  -23.191  -30.603 0.6999999881
49815  37.676  -23.112  -31.350 0.6999999881
127227  38.541  -15.731  -29.091 0.3000000119
50636  38.196  -23.080  -32.638 0.6999999881
49814  37.958  -23.477  -31.835 0.6999999881
56718  39.327  -14.699  -29.657 0.3000000119
49826  38.416  -23.729  -33.545 0.8000000119
44504  31.614  -29.720  -29.940 0.8999999762
49836  38.920  -24.206  -34.974 1.0000000000
45352  33.650  -28.505  -29.817 1.0000000000
46231  34.976  -27.304  -31.308 1.0000000000
124474  34.689  -28.029  -30.821 1.0000000000
127821  39.352  -24.619  -37.149 1.0000000000
49000  36.733  -24.379  -35.792 1.0000000000
114961  37.625  -25.464  -36.570 1.0000000000
48138  35.752  -25.871  -34.740 1.0000000000
115258  35.519  -26.582  -33.060 1.0000000000
48137  36.258  -25.102  -35.200 1.0000000000
44447  37.414  -29.003  -24.788 0.6000000238
45308  37.148  -28.237  -24.849 0.6000000238
46138  37.488  -27.490  -24.613 0.6000000238
46157  36.911  -27.552  -25.169 0.6000000238
124093  37.456  -26.002  -24.685 0.6000000238
47137  36.932  -26.076  -25.441 0.6999999881
113169  36.734  -26.169  -26.470 0.6999999881
47138  36.657  -26.973  -26.759 0.6000000238
48076  36.762  -25.386  -27.259 0.6999999881
116405  40.216  -22.294  -25.090 0.3000000119
50573  39.270  -22.095  -25.019 0.3000000119
48941  37.053  -24.790  -28.360 0.6999999881
49794  37.085  -23.648  -29.750 0.6999999881
124920  38.019  -16.281  -28.558 0.3000000119
55840  38.311  -16.467  -29.483 0.4000000060
56734  38.807  -15.976  -29.956 0.4000000060
55856  39.174  -16.263  -30.640 0.4000000060
114430  31.117  -30.312  -30.433 0.6999999881
44529  30.633  -29.195  -31.254 0.6999999881
115175  42.971  -15.049  -32.432 0.3000000119
56733  39.405  -15.442  -30.375 0.3000000119
132953  38.335  -22.319  -32.813 0.6999999881
45354  32.031  -28.835  -29.777 0.8999999762
57507  42.022  -15.170  -32.185 0.3000000119
57496  39.978  -15.292  -30.997 0.3000000119
50652  39.134  -23.186  -34.630 0.8000000119
46206  33.113  -27.894  -29.635 0.8999999762
56742  41.193  -15.385  -31.845 0.3000000119
56743  40.417  -15.676  -31.519 0.3000000119
48998  39.813  -24.138  -37.008 1.0000000000
47190  35.266  -26.565  -31.885 1.0000000000
113562  38.607  -24.438  -37.182 1.0000000000
48135  35.601  -25.715  -33.717 1.0000000000
121205  35.381  -26.108  -32.330 1.0000000000
49001  37.622  -24.816  -36.734 1.0000000000
48996  36.347  -24.425  -34.817 1.0000000000
48997  35.959  -24.914  -34.170 1.0000000000
48993  36.316  -24.005  -34.122 1.0000000000
48054  37.074  -25.267  -25.122 0.6999999881
117519  36.808  -24.612  -25.696 0.6999999881
50548  39.756  -22.914  -24.671 0.3000000119
50549  38.896  -22.892  -24.666 0.4000000060
48925  36.647  -24.790  -26.522 0.6999999881
48935  36.626  -24.426  -27.276 0.6999999881
51367  38.043  -21.437  -25.409 0.4000000060
49788  36.829  -23.905  -28.936 0.6999999881
52190  38.325  -20.699  -25.563 0.3000000119
134439  37.442  -21.286  -25.650 0.5000000000
50609  36.568  -22.677  -28.972 0.6999999881
50608  36.809  -22.668  -29.767 0.6999999881
53048  37.347  -19.829  -26.102 0.5000000000
50621  37.151  -22.196  -30.590 0.6999999881
54884  37.432  -17.517  -27.424 0.4000000060
53946  36.927  -18.510  -28.506 0.6000000238
134116  37.480  -17.669  -29.152 0.5000000000
50625  37.526  -22.546  -31.158 0.6999999881
55827  37.553  -16.860  -28.057 0.3000000119
50624  37.945  -22.419  -31.945 0.6999999881
54933  43.365  -17.410  -33.413 0.4000000060
54914  38.338  -17.479  -30.514 0.4000000060
45387  30.159  -28.709  -31.958 0.6999999881
55877  43.683  -16.659  -33.150 0.4000000060
55857  38.619  -16.689  -30.261 0.4000000060
43551  30.052  -30.365  -31.947 0.6000000238
56753  43.840  -15.881  -32.842 0.3000000119
56754  42.821  -15.878  -32.529 0.3000000119
55878  42.587  -16.643  -32.709 0.4000000060
56744  39.706  -15.929  -31.118 0.4000000060
55869  38.976  -16.938  -30.942 0.4000000060
120641  38.609  -22.695  -33.543 0.6999999881
51464  38.855  -21.901  -33.419 0.6999999881
115793  31.296  -28.799  -30.458 0.6999999881
55879  41.679  -16.571  -32.442 0.4000000060
55867  40.135  -16.480  -31.774 0.4000000060
55868  39.494  -17.110  -31.611 0.4000000060
56755  41.859  -15.929  -32.309 0.3000000119
55866  41.000  -16.110  -32.088 0.3000000119
50651  39.850  -22.748  -35.346 0.8000000119
46219  34.409  -27.237  -30.454 1.0000000000
117736  40.429  -22.747  -36.287 0.8999999762
49841  39.429  -23.982  -37.273 1.0000000000
113021  35.701  -24.924  -33.139 1.0000000000
49837  36.563  -23.784  -34.937 1.0000000000
49840  36.913  -23.591  -35.693 1.0000000000
49839  37.506  -23.931  -36.576 1.0000000000
48994  35.927  -24.148  -33.337 1.0000000000
132655  35.574  -24.253  -32.632 1.0000000000
49835  36.183  -23.319  -33.495 1.0000000000
49827  35.560  -23.359  -32.534 1.0000000000
119179  37.763  -25.207  -24.537 0.6000000238
49730  37.865  -23.740  -24.716 0.6000000238
48889  37.317  -24.333  -24.944 0.6000000238
48914  36.845  -23.806  -25.622 0.6999999881
49729  38.586  -23.667  -24.498 0.5000000000
50550  38.100  -23.014  -24.787 0.6000000238
48926  36.614  -24.105  -26.373 0.6999999881
50574  38.344  -22.222  -25.076 0.5000000000
50575  37.644  -22.470  -25.233 0.4000000060
49781  36.512  -23.593  -27.041 0.6999999881
48942  36.565  -23.822  -27.986 0.6999999881
50576  37.009  -22.544  -25.604 0.6000000238
119579  36.418  -22.868  -27.586 0.6999999881
51368  37.010  -21.219  -25.882 0.6000000238
50603  36.416  -22.372  -28.311 0.6999999881
53049  36.818  -19.755  -26.685 0.6000000238
53067  36.586  -19.811  -27.441 0.6000000238
51419  36.754  -21.630  -29.871 0.6999999881
53920  36.801  -19.011  -27.153 0.5000000000
53075  36.821  -19.239  -29.123 0.6000000238
53086  36.688  -20.120  -29.300 0.6000000238
51434  37.186  -21.285  -30.636 0.6000000238
54009  43.499  -18.165  -34.282 0.4000000060
54902  38.129  -17.050  -29.840 0.4000000060
53960  37.288  -18.279  -29.354 0.4000000060
112449  37.303  -19.026  -30.128 0.5000000000
53085  36.969  -19.844  -30.054 0.6000000238
122044  37.558  -21.795  -31.266 0.6999999881
54943  43.891  -17.878  -33.960 0.4000000060
53970  37.759  -18.242  -30.310 0.5000000000
51440  38.003  -21.354  -31.921 0.6999999881
128159  42.082  -17.363  -32.890 0.4000000060
54944  42.987  -18.151  -33.712 0.5000000000
54926  38.888  -17.647  -31.329 0.4000000060
51448  38.411  -21.641  -32.636 0.6999999881
45379  31.287  -27.851  -30.604 0.8999999762
128297  30.727  -28.307  -31.247 0.6999999881
54924  40.176  -17.328  -32.216 0.4000000060
50648  39.396  -22.317  -34.325 0.6999999881
55880  40.965  -16.888  -32.374 0.4000000060
47171  33.015  -27.154  -29.662 0.8999999762
50655  40.288  -23.304  -36.990 0.8999999762
47182  34.057  -26.593  -30.165 0.8999999762
48120  35.508  -25.639  -32.708 1.0000000000
47191  34.669  -26.347  -30.891 1.0000000000
49842  38.365  -23.522  -37.109 1.0000000000
48111  35.153  -25.639  -31.699 1.0000000000
50656  37.362  -22.957  -36.085 1.0000000000
48980  35.378  -24.849  -32.201 1.0000000000
48112  34.486  -25.329  -30.860 1.0000000000
114569  36.774  -23.041  -35.003 1.0000000000
52278  35.509  -20.765  -32.991 0.8999999762
51465  36.258  -21.532  -33.392 1.0000000000
50650  35.925  -22.445  -32.953 1.0000000000
49816  34.875  -23.122  -31.672 1.0000000000
124502  35.155  -23.994  -31.890 1.0000000000
51449  35.407  -21.571  -32.607 1.0000000000
50637  35.189  -22.352  -32.121 1.0000000000
50626  34.413  -22.372  -31.641 0.8999999762
52266  34.829  -20.977  -32.637 1.0000000000
50638  34.528  -21.584  -32.133 0.8999999762
49758  37.335  -23.284  -25.177 0.6000000238
50587  36.651  -22.661  -26.153 0.6999999881
125427  36.498  -22.923  -26.753 0.6999999881
128880  36.773  -21.917  -26.016 0.6999999881
51409  36.385  -21.550  -28.149 0.6999999881
52218  36.570  -20.524  -26.928 0.6000000238
52225  36.454  -20.674  -27.822 0.6000000238
121518  36.505  -21.971  -29.008 0.6999999881
51420  36.530  -20.935  -28.931 0.6000000238
52236  36.826  -20.698  -29.964 0.6000000238
52252  37.289  -20.441  -30.677 0.6000000238
120392  43.619  -17.705  -34.530 0.3000000119
53076  36.567  -19.965  -28.415 0.6000000238
51441  37.627  -20.933  -31.271 0.6000000238
54018  43.118  -18.535  -34.727 0.4000000060
54948  43.079  -18.254  -34.869 0.4000000060
53986  37.852  -18.931  -30.907 0.6000000238
53099  37.514  -19.675  -30.771 0.6000000238
134767  38.375  -18.858  -31.473 0.5000000000
52260  38.089  -20.480  -31.807 0.6000000238
53984  38.870  -18.387  -31.746 0.4000000060
52265  38.563  -20.810  -32.486 0.6000000238
54010  42.106  -18.664  -33.738 0.5000000000
54935  40.254  -18.156  -32.569 0.4000000060
54925  39.481  -17.849  -32.027 0.4000000060
51447  39.102  -21.149  -33.215 0.6000000238
54934  41.030  -17.677  -32.716 0.4000000060
51463  39.705  -21.539  -34.071 0.6000000238
53997  41.106  -18.400  -33.178 0.4000000060
46221  32.402  -27.559  -29.728 0.8999999762
51474  40.312  -22.008  -35.271 0.8000000119
47184  32.443  -26.776  -29.830 0.8999999762
47183  33.302  -26.380  -29.859 0.8999999762
48104  33.204  -25.324  -30.137 0.8999999762
48103  33.975  -25.815  -30.287 0.8999999762
50659  38.137  -22.688  -36.788 1.0000000000
133041  36.705  -21.846  -34.168 1.0000000000
48971  34.541  -23.832  -31.211 1.0000000000
52267  34.049  -20.892  -32.718 1.0000000000
51450  33.607  -21.437  -32.252 1.0000000000
51442  33.905  -21.884  -31.746 0.8999999762
51466  33.081  -21.029  -33.137 1.0000000000
120349  32.739  -21.592  -32.482 0.8999999762
51400  36.445  -21.345  -27.271 0.6999999881
55892  43.360  -17.075  -34.729 0.3000000119
115125  43.078  -17.640  -34.843 0.3000000119
132774  42.510  -17.876  -34.983 0.3000000119
52261  37.705  -20.225  -31.230 0.6000000238
54026  42.771  -18.994  -35.117 0.5000000000
54955  42.160  -18.597  -35.296 0.4000000060
53999  38.779  -19.142  -32.066 0.5000000000
53998  39.505  -18.666  -32.375 0.5000000000
53114  38.663  -19.963  -32.302 0.5000000000
52264  39.300  -20.355  -32.973 0.5000000000
53127  42.883  -18.671  -34.401 0.5000000000
53113  39.450  -19.517  -32.693 0.5000000000
134099  42.132  -19.333  -34.428 0.5000000000
53112  40.384  -19.037  -33.110 0.5000000000
54011  41.372  -19.046  -33.630 0.5000000000
132973  41.688  -20.067  -34.768 0.5000000000
128664  41.109  -19.664  -33.944 0.5000000000
51473  40.978  -21.457  -35.719 0.6000000238
50654  40.555  -22.519  -36.835 0.8999999762
51486  38.514  -22.067  -36.775 0.8999999762
50658  39.307  -23.038  -37.322 0.8999999762
130503  38.017  -21.465  -36.161 0.8999999762
52277  36.262  -20.512  -33.512 0.8999999762
51476  36.918  -21.141  -34.336 0.8999999762
50653  37.052  -22.130  -35.002 0.8999999762
51483  37.657  -22.062  -36.068 1.0000000000
49808  33.818  -23.758  -30.761 0.8999999762
48962  34.221  -24.503  -30.774 0.8999999762
49817  34.138  -23.077  -31.203 0.8999999762
52279  34.591  -20.289  -33.254 0.8000000119
52280  33.537  -20.343  -33.621 0.6999999881
49818  33.329  -23.083  -30.941 0.8999999762
51444  32.565  -22.011  -31.942 0.8999999762
50628  32.754  -22.498  -31.415 0.8999999762
112926  42.572  -16.217  -34.519 0.3000000119
55893  42.149  -17.004  -34.646 0.3000000119
56773  41.259  -15.966  -33.988 0.4000000060
118831  40.189  -15.888  -34.051 0.3000000119
54949  41.419  -17.632  -34.851 0.3000000119
55894  40.756  -16.681  -34.381 0.4000000060
53148  42.264  -19.532  -35.213 0.5000000000
54027  42.153  -19.323  -35.404 0.4000000060
53129  40.170  -19.958  -33.438 0.5000000000
53141  41.766  -20.207  -35.474 0.5000000000
52276  39.972  -20.764  -33.758 0.5000000000
53128  40.832  -20.407  -34.301 0.5000000000
52288  40.611  -21.179  -34.704 0.5000000000
133623  41.303  -20.742  -35.210 0.5000000000
52301  41.409  -20.465  -36.084 0.5000000000
52302  41.060  -20.996  -36.396 0.6000000238
51480  40.855  -21.655  -36.504 0.6000000238
52304  39.485  -20.694  -36.653 0.6999999881
123474  39.830  -21.449  -37.029 0.6999999881
51485  39.616  -22.141  -37.205 0.6999999881
52297  38.659  -20.364  -36.167 0.6999999881
52298  38.042  -20.791  -35.818 0.8000000119
51482  38.815  -21.247  -36.634 0.8000000119
48963  33.492  -24.481  -30.451 0.8999999762
52289  37.509  -20.487  -34.958 0.8999999762
51475  37.527  -21.341  -35.399 0.8999999762
113892  35.492  -19.996  -33.383 0.6999999881
49819  32.477  -23.199  -30.942 0.8999999762
50639  32.121  -22.316  -31.864 0.8999999762
52281  32.517  -20.457  -34.283 1.0000000000
55895  39.472  -16.174  -34.474 0.3000000119
54950  40.139  -17.290  -34.806 0.4000000060
56775  38.626  -15.142  -34.669 0.3000000119
54956  40.752  -18.249  -35.298 0.4000000060
55899  39.023  -16.975  -34.944 0.4000000060
53149  41.729  -19.857  -35.682 0.4000000060
54029  40.076  -18.865  -35.768 0.4000000060
54957  39.577  -17.956  -35.324 0.4000000060
54028  41.274  -19.266  -35.725 0.4000000060
53150  40.483  -19.708  -36.197 0.5000000000
124338  41.238  -19.990  -36.145 0.5000000000
53153  38.058  -20.000  -35.500 0.6000000238
52290  36.915  -20.103  -34.138 0.6999999881
51451  31.978  -21.956  -32.537 0.8999999762
50640  31.422  -22.392  -32.136 0.8999999762
52282  31.511  -20.412  -34.832 0.8999999762
134747  31.076  -21.424  -33.837 0.8000000119
51452  31.055  -21.909  -33.155 0.8000000119
51477  30.635  -20.173  -35.147 0.6999999881
51478  30.032  -20.359  -34.925 0.8000000119
55896  38.385  -15.947  -34.861 0.3000000119
55900  38.069  -16.716  -35.119 0.3000000119
56779  37.470  -15.700  -35.200 0.4000000060
54958  38.670  -17.695  -35.219 0.4000000060
132144  37.934  -17.356  -35.153 0.5000000000
53151  39.533  -19.423  -36.084 0.5000000000
54031  38.351  -18.302  -35.240 0.5000000000
134727  37.775  -18.296  -34.977 0.5000000000
53152  38.819  -19.201  -35.754 0.5000000000
118851  38.121  -19.139  -35.256 0.5000000000
130579  38.603  -19.718  -35.815 0.5000000000
53142  37.493  -19.619  -34.751 0.6999999881
53143  36.690  -19.212  -34.148 0.6999999881
53131  35.558  -19.410  -33.734 0.6999999881
53144  34.153  -18.797  -34.687 0.6999999881
53133  33.897  -19.619  -34.169 0.6999999881
53145  32.960  -18.951  -35.283 0.6999999881
52292  32.064  -19.652  -35.339 0.6999999881
57525  38.834  -14.336  -34.547 0.3000000119
57526  37.928  -14.271  -34.823 0.3000000119
56776  37.146  -14.755  -35.091 0.4000000060
130999  37.899  -15.133  -34.960 0.3000000119
55901  37.095  -16.506  -35.323 0.4000000060
54959  37.503  -17.502  -35.102 0.4000000060
54960  36.541  -16.983  -35.267 0.3000000119
54951  36.956  -17.856  -34.866 0.5000000000
131996  35.677  -16.620  -35.377 0.3000000119
54952  35.902  -17.460  -34.910 0.5000000000
54019  37.320  -18.742  -34.672 0.6999999881
54020  36.389  -18.415  -34.400 0.6999999881
54021  35.545  -18.210  -34.513 0.6000000238
54012  35.963  -18.945  -33.934 0.6999999881
53130  36.165  -19.666  -33.667 0.6999999881
54013  35.156  -18.848  -34.230 0.6999999881
54022  34.532  -18.037  -34.946 0.6000000238
57529  36.438  -14.586  -34.963 0.3000000119
56780  36.415  -15.392  -35.284 0.3000000119
55902  35.994  -16.143  -35.466 0.3000000119
56782  35.489  -15.552  -35.259 0.3000000119
55903  35.122  -16.093  -35.406 0.3000000119
55889  34.886  -15.781  -34.763 0.3000000119
54962  34.338  -16.360  -35.184 0.4000000060
54032  34.959  -17.464  -35.101 0.5000000000
54961  34.927  -16.735  -35.354 0.5000000000
54963  33.448  -16.675  -35.110 0.5000000000
54033  33.958  -17.093  -35.307 0.6000000238
54023  33.405  -17.958  -35.355 0.6000000238
58290  37.376  -13.338  -34.395 0.4000000060
58282  36.918  -13.782  -34.465 0.3000000119
57528  36.636  -14.245  -34.681 0.3000000119
57520  36.586  -14.157  -34.116 0.3000000119
56777  36.085  -14.759  -34.747 0.3000000119
56769  35.602  -15.361  -34.347 0.3000000119
56778  35.387  -15.321  -35.026 0.3000000119
55890  34.556  -16.328  -34.238 0.3000000119
55898  34.113  -16.284  -34.972 0.4000000060
54945  33.903  -16.730  -34.300 0.4000000060
54034  32.943  -17.296  -35.310 0.6000000238
54953  33.367  -16.634  -34.976 0.4000000060
54946  33.187  -17.119  -34.495 0.4000000060
54954  32.791  -17.100  -35.089 0.5000000000
132220  32.364  -17.588  -35.251 0.6000000238
53147  29.592  -18.997  -34.972 0.6999999881
51479  29.422  -20.603  -34.527 0.8000000119
58281  37.058  -13.323  -33.913 0.4000000060
57508  36.903  -14.008  -33.239 0.3000000119
56768  36.225  -14.922  -33.799 0.3000000119
127383  35.874  -15.499  -33.322 0.3000000119
55881  35.250  -16.081  -33.502 0.3000000119
55882  34.572  -16.802  -33.237 0.4000000060
54936  33.830  -17.538  -33.107 0.4000000060
54014  32.951  -17.928  -33.639 0.4000000060
54947  32.542  -17.447  -34.714 0.4000000060
54024  32.031  -17.757  -35.055 0.5000000000
54001  32.492  -18.758  -32.943 0.4000000060
54035  31.872  -18.050  -35.321 0.6000000238
54016  31.226  -18.326  -34.782 0.4000000060
53146  29.959  -18.793  -35.128 0.6999999881
53134  30.465  -18.778  -34.332 0.4000000060
53116  30.932  -19.439  -32.986 0.4000000060
53135  29.767  -18.878  -34.856 0.6000000238
53117  29.840  -19.447  -33.406 0.5000000000
53136  29.223  -19.452  -34.400 0.6000000238
52283  28.855  -19.913  -34.370 0.6999999881
53137  28.501  -19.784  -33.914 0.6999999881
59004  37.608  -12.704  -33.217 0.3000000119
57509  36.743  -14.420  -32.324 0.3000000119
56756  36.320  -15.119  -32.739 0.3000000119
56757  35.739  -15.803  -32.270 0.3000000119
55870  35.080  -16.541  -32.255 0.3000000119
55871  34.442  -17.242  -32.025 0.4000000060
54000  33.227  -18.296  -32.363 0.3000000119
53971  33.120  -18.350  -31.224 0.3000000119
53987  32.623  -18.736  -31.897 0.3000000119
53115  31.522  -18.907  -33.600 0.4000000060
53107  31.791  -19.257  -32.191 0.3000000119
53988  31.450  -19.090  -31.284 0.3000000119
53108  30.776  -19.454  -32.106 0.3000000119
53989  30.536  -19.150  -31.391 0.3000000119
53109  29.741  -19.536  -32.103 0.3000000119
53118  28.833  -19.645  -33.237 0.5000000000
53119  28.129  -19.791  -32.964 0.5000000000
58261  36.978  -13.916  -31.583 0.3000000119
135558  36.571  -14.517  -31.402 0.3000000119
56745  36.266  -15.125  -31.722 0.3000000119
127187  35.328  -16.230  -31.459 0.3000000119
134065  32.663  -18.374  -30.636 0.3000000119
53972  31.973  -18.584  -30.566 0.3000000119
53110  28.794  -19.497  -32.069 0.4000000060
54002  27.942  -19.332  -32.036 0.5000000000
56735  36.184  -14.973  -30.671 0.3000000119
125706  35.727  -15.683  -31.124 0.3000000119
124673  34.799  -16.772  -31.191 0.3000000119
54915  34.090  -17.468  -30.827 0.3000000119
136161  33.601  -17.946  -30.965 0.3000000119
53973  31.092  -18.608  -30.665 0.3000000119
53990  29.610  -19.078  -31.495 0.4000000060
53991  28.655  -18.706  -31.518 0.4000000060
53992  27.656  -18.480  -31.675 0.4000000060
54929  27.270  -17.448  -31.553 0.4000000060
54003  27.134  -19.074  -32.183 0.5000000000
53993  26.730  -18.251  -31.872 0.4000000060
58996  37.699  -12.772  -32.037 0.3000000119
58260  37.358  -13.327  -31.617 0.3000000119
56736  35.535  -15.621  -30.168 0.3000000119
55859  34.566  -16.828  -30.198 0.3000000119
54904  33.866  -17.268  -29.858 0.3000000119
54916  33.316  -17.909  -30.391 0.3000000119
54918  31.662  -17.930  -30.096 0.3000000119
53974  30.178  -18.535  -30.882 0.3000000119
54920  29.693  -17.679  -30.792 0.3000000119
125054  29.422  -18.401  -31.145 0.3000000119
54927  28.881  -17.730  -31.155 0.4000000060
131138  28.144  -17.905  -31.388 0.3000000119
58251  37.060  -13.471  -30.891 0.3000000119
57497  36.639  -14.155  -30.754 0.3000000119
57488  36.296  -14.420  -29.883 0.3000000119
55842  34.935  -16.186  -29.730 0.3000000119
55843  34.264  -16.569  -29.438 0.3000000119
55844  33.574  -16.752  -29.224 0.3000000119
54905  33.104  -17.431  -29.654 0.3000000119
54906  32.275  -17.378  -29.612 0.3000000119
55845  32.736  -16.744  -29.106 0.3000000119
54919  30.641  -17.595  -30.386 0.3000000119
120979  36.694  -13.662  -30.062 0.3000000119
57489  35.806  -15.023  -29.784 0.3000000119
57478  35.697  -14.582  -29.004 0.3000000119
56708  34.990  -14.914  -28.562 0.3000000119
55828  34.006  -16.122  -28.833 0.3000000119
55860  31.442  -16.937  -29.767 0.3000000119
55861  30.550  -16.436  -30.280 0.3000000119
58240  36.289  -13.860  -29.193 0.3000000119
58241  35.796  -13.905  -28.527 0.3000000119
57464  34.335  -14.676  -28.111 0.3000000119
57463  35.178  -14.249  -28.191 0.4000000060
55829  33.338  -16.160  -28.701 0.3000000119
55830  32.715  -16.077  -28.672 0.3000000119
116889  31.895  -16.163  -29.099 0.3000000119
57465  33.464  -14.742  -28.037 0.4000000060
132998  33.111  -15.525  -28.396 0.4000000060
58226  35.509  -13.463  -27.982 0.3000000119
58212  33.721  -13.470  -27.581 0.4000000060
41770  37.770  -33.098  -33.848 1.0000000000
42664  38.249  -31.477  -34.180 1.0000000000
52291  32.986  -19.828  -34.692 0.6999999881
52293  30.988  -19.637  -35.408 0.8000000119
52294  30.025  -19.380  -35.266 0.8000000119
52299  31.374  -19.131  -35.542 0.6999999881
30986  33.793  -44.696  -28.074 0.6000000238
118906  34.337  -44.460  -28.408 0.6000000238
128369  32.060  -49.387  -27.143 0.5000000000
26246  32.194  -50.074  -27.280 0.5000000000
117909  32.945  -42.294  -25.695 0.6000000238
38120  41.411  -36.983  -34.524 0.8999999762
33712  33.479  -41.597  -24.302 0.5000000000
28059  33.130  -47.434  -24.326 0.4000000060
30927  33.244  -44.472  -23.592 0.5000000000
27132  33.039  -48.844  -25.097 0.4000000060
36343  36.571  -37.879  -28.273 0.6999999881
38099  40.240  -36.415  -31.571 0.8999999762
114214  35.522  -36.163  -26.768 0.6999999881
118002  33.527  -43.657  -23.497 0.5000000000
30925  35.013  -44.639  -23.505 0.5000000000
26201  33.983  -48.983  -25.006 0.4000000060
38912  38.057  -35.934  -29.887 0.8000000119
38055  35.844  -36.364  -27.464 0.6999999881
33700  36.721  -40.708  -23.226 0.4000000060
40796  39.853  -32.839  -31.694 0.8000000119
40805  35.956  -33.736  -33.053 0.8000000119
38850  36.135  -35.249  -24.029 0.6000000238
36272  37.872  -38.401  -23.423 0.4000000060
34520  38.417  -40.114  -23.596 0.4000000060
40763  35.736  -33.422  -28.652 0.8000000119
123920  38.754  -32.199  -33.738 1.0000000000
37138  39.167  -37.105  -23.609 0.5000000000
38002  37.721  -36.259  -23.395 0.5000000000
41784  36.743  -32.019  -34.596 1.0000000000
39735  37.476  -34.111  -23.975 0.6999999881
43562  39.823  -30.188  -33.323 1.0000000000
45413  36.372  -28.815  -35.441 1.0000000000
45412  36.645  -28.250  -35.857 1.0000000000
45366  37.753  -28.805  -30.374 0.8000000119
47214  39.545  -27.018  -34.636 1.0000000000
48960  38.008  -24.764  -30.859 0.8000000119
128117  39.653  -26.531  -33.314 1.0000000000
46259  39.735  -27.604  -34.137 1.0000000000
47161  37.280  -26.509  -28.451 0.6999999881
48992  38.537  -24.615  -33.901 0.8000000119
48999  39.375  -24.936  -36.831 1.0000000000
129561  38.691  -25.286  -36.965 1.0000000000
131820  39.865  -23.607  -36.136 1.0000000000
47122  36.802  -26.865  -25.747 0.6000000238
54865  37.694  -17.735  -26.831 0.4000000060
45353  32.848  -28.712  -29.622 1.0000000000
46220  33.703  -27.281  -29.855 1.0000000000
55841  37.728  -17.070  -29.038 0.4000000060
49834  36.490  -23.337  -34.276 1.0000000000
116775  37.240  -19.043  -26.530 0.4000000060
54893  37.266  -17.718  -28.442 0.5000000000
131023  41.825  -18.026  -33.260 0.4000000060
53985  38.327  -18.251  -31.068 0.5000000000
128819  31.894  -21.289  -33.614 0.8000000119
53140  42.747  -19.163  -34.949 0.5000000000
52296  41.399  -20.988  -36.002 0.5000000000
51484  40.354  -22.056  -37.052 0.6999999881
52303  40.402  -21.121  -36.743 0.6000000238
53158  39.153  -19.909  -36.247 0.5000000000
54030  39.122  -18.612  -35.618 0.5000000000
54025  31.363  -18.253  -35.068 0.6000000238
135162  33.782  -17.874  -31.699 0.3000000119
33807  41.294  -41.403  -32.128 0.5000000000
34631  41.775  -41.024  -32.914 0.5000000000
36384  41.996  -39.472  -33.567 0.5000000000
32033  41.060  -44.092  -33.038 0.5000000000
32935  41.748  -42.567  -33.558 0.5000000000
31047  39.925  -44.399  -32.253 0.5000000000
32912  40.432  -42.595  -31.710 0.5000000000
32032  41.382  -43.195  -32.930 0.5000000000
31048  38.927  -44.721  -31.682 0.5000000000
123462  37.581  -44.285  -30.680 0.4000000060
31995  38.269  -43.668  -30.819 0.5000000000
31028  36.626  -44.637  -30.284 0.4000000060
31996  37.597  -43.392  -30.390 0.5000000000
30061  36.038  -45.234  -30.129 0.5000000000
31997  37.001  -43.826  -30.217 0.5000000000
39794  31.991  -33.769  -29.771 0.6999999881
124098  30.999  -34.096  -30.715 0.6999999881
40785  33.503  -33.466  -30.198 0.8000000119
40798  34.884  -33.583  -31.453 0.8000000119
39802  34.074  -33.999  -30.713 0.8000000119
119702  35.383  -33.023  -31.966 0.8999999762
41737  31.347  -32.677  -30.043 0.6999999881
40784  34.290  -33.069  -30.811 0.8999999762
41736  33.730  -32.611  -30.268 0.8999999762
41750  34.948  -32.638  -31.423 0.8999999762
127179  35.421  -31.341  -32.159 0.8999999762
42635  31.262  -31.818  -30.052 0.6000000238
136005  32.007  -32.667  -29.514 0.8000000119
41735  34.419  -32.191  -30.795 0.8999999762
43543  35.018  -30.865  -31.384 0.8999999762
43542  35.375  -30.559  -32.061 0.8999999762
118476  35.765  -30.085  -33.338 0.8999999762
44444  39.807  -29.088  -24.784 0.5000000000
44445  38.984  -29.120  -24.613 0.5000000000
123021  38.177  -28.995  -24.613 0.5000000000
43477  38.948  -30.574  -24.929 0.6000000238
44446  38.392  -29.796  -24.790 0.5000000000
41669  38.338  -32.024  -24.607 0.6000000238
43535  31.193  -31.033  -30.217 0.6000000238
42624  32.316  -31.442  -29.551 0.8999999762
42634  33.801  -31.788  -30.208 0.8999999762
42623  33.072  -31.583  -29.714 0.8999999762
43533  34.507  -30.366  -30.688 0.8999999762
44528  35.080  -29.863  -31.451 0.8999999762
44527  35.507  -29.924  -32.473 0.8999999762
47104  38.704  -26.735  -23.982 0.5000000000
46136  39.301  -27.611  -24.138 0.5000000000
45290  38.654  -28.316  -24.398 0.5000000000
46137  38.275  -27.504  -24.272 0.5000000000
46135  40.379  -27.318  -24.174 0.5000000000
134742  39.381  -28.471  -24.454 0.5000000000
43520  32.184  -30.484  -29.616 0.8999999762
43521  31.550  -30.554  -29.900 0.6999999881
118636  32.881  -30.884  -29.647 0.8999999762
44517  33.917  -29.880  -30.066 0.8999999762
44536  35.339  -29.048  -32.046 0.8999999762
121173  39.126  -25.948  -23.859 0.5000000000
47105  37.840  -26.735  -24.356 0.5000000000
118724  40.125  -25.921  -23.808 0.5000000000
132825  40.347  -26.578  -23.922 0.5000000000
45368  34.005  -29.166  -30.055 0.8999999762
44516  34.500  -29.465  -30.616 0.8999999762
45378  34.887  -28.867  -31.155 0.8999999762
48036  38.227  -25.971  -24.173 0.5000000000
48034  39.541  -25.165  -23.920 0.5000000000
48888  38.170  -24.426  -24.460 0.5000000000
48033  40.460  -25.090  -23.896 0.5000000000
49728  39.408  -23.639  -24.384 0.4000000060
46240  29.382  -27.436  -32.465 0.6000000238
134021  30.806  -27.575  -31.201 0.8000000119
126421  30.147  -27.720  -31.827 0.6999999881
47194  29.798  -26.781  -31.821 0.6999999881
47199  29.027  -26.608  -32.294 0.6999999881
113891  27.852  -25.821  -32.490 0.6999999881
46233  30.580  -26.925  -31.339 0.8000000119
46222  31.769  -27.293  -30.072 0.8000000119
47193  30.341  -26.097  -31.351 0.6999999881
48115  29.463  -25.846  -31.746 0.6999999881
48121  28.625  -25.848  -32.204 0.6999999881
115359  29.538  -25.067  -31.590 0.6999999881
48122  28.253  -25.112  -32.197 0.6999999881
48106  31.756  -25.675  -30.477 0.8000000119
48972  30.830  -24.576  -31.094 0.8000000119
48105  32.489  -25.952  -30.048 0.8000000119
48974  29.278  -24.591  -31.709 0.6999999881
48973  29.971  -24.390  -31.480 0.6999999881
49821  30.689  -23.703  -31.353 0.8000000119
48964  32.705  -24.551  -30.391 0.8000000119
133594  30.001  -23.734  -31.587 0.6999999881
50630  31.002  -22.930  -31.639 0.8000000119
49828  29.078  -23.056  -32.210 0.6000000238
49810  32.177  -23.910  -30.671 0.8000000119
49820  31.612  -23.390  -31.125 0.8000000119
50642  29.561  -22.501  -32.619 0.6000000238
135466  28.823  -22.446  -32.725 0.6000000238
129549  28.226  -22.004  -33.012 0.6000000238
50641  30.506  -22.480  -32.402 0.8000000119
51453  30.007  -21.989  -33.331 0.6000000238
51454  28.978  -21.814  -33.465 0.6000000238
50629  31.897  -22.765  -31.466 0.8000000119
51470  28.180  -21.097  -33.702 0.6000000238
125574  29.495  -21.384  -33.995 0.6000000238
52284  28.269  -20.235  -33.990 0.6000000238
51469  28.767  -20.817  -34.167 0.6000000238
52268  27.993  -20.045  -33.395 0.6000000238
51468  30.302  -21.319  -34.099 0.6999999881
29097  35.641  -46.590  -30.512 0.4000000060
30076  36.527  -45.582  -30.551 0.5000000000
31985  36.314  -43.739  -29.688 0.5000000000
32013  38.972  -43.197  -31.021 0.5000000000
32913  39.533  -42.735  -31.221 0.5000000000
42652  35.779  -31.762  -33.027 0.8999999762
48886  39.905  -24.373  -24.079 0.3000000119
47185  31.779  -26.493  -30.278 0.8000000119
31049  38.056  -44.950  -31.277 0.5000000000
40772  32.981  -32.933  -29.734 0.8000000119
44459  39.383  -29.858  -25.008 0.5000000000
48113  30.979  -25.431  -30.930 0.8000000119
48114  30.173  -25.246  -31.351 0.6999999881
48965  31.763  -24.745  -30.628 0.8000000119
49822  29.341  -23.829  -31.788 0.6999999881
50631  29.998  -23.121  -31.828 0.6999999881
38015  40.314  -36.375  -24.240 0.4000000060
130647  41.166  -35.611  -25.105 0.4000000060
39732  40.163  -34.831  -24.400 0.4000000060
38864  40.913  -34.915  -24.958 0.4000000060
40730  40.248  -33.493  -24.745 0.5000000000
39747  42.015  -34.406  -25.798 0.4000000060
38862  42.406  -35.291  -25.850 0.4000000060
41686  39.807  -32.066  -25.001 0.5000000000
133664  39.063  -31.801  -24.742 0.5000000000
118886  41.139  -32.872  -25.658 0.5000000000
40745  41.536  -33.448  -25.737 0.4000000060
39749  40.625  -34.155  -24.823 0.4000000060
40744  42.879  -33.568  -26.603 0.4000000060
40728  42.158  -33.618  -26.160 0.4000000060
39748  41.365  -34.187  -25.359 0.4000000060
39763  43.472  -34.265  -26.823 0.4000000060
42566  39.445  -31.258  -25.105 0.5000000000
41685  40.472  -32.700  -25.191 0.5000000000
41699  42.401  -32.245  -26.683 0.4000000060
120698  43.012  -32.800  -26.854 0.4000000060
42613  44.814  -31.596  -28.402 0.4000000060
41707  44.441  -32.150  -27.880 0.4000000060
40755  43.469  -33.404  -26.965 0.4000000060
41712  45.461  -32.213  -28.697 0.4000000060
41713  45.042  -32.815  -28.186 0.4000000060
42583  40.359  -31.375  -25.595 0.5000000000
42582  41.094  -31.253  -26.176 0.5000000000
41684  40.995  -32.080  -25.842 0.4000000060
47168  47.187  -26.864  -30.048 0.3000000119
41700  41.759  -32.702  -26.202 0.4000000060
46216  46.908  -27.675  -30.366 0.3000000119
42606  43.071  -31.963  -27.085 0.4000000060
46228  47.101  -27.915  -31.250 0.3000000119
45363  46.659  -28.464  -30.581 0.3000000119
44499  45.641  -29.456  -29.532 0.3000000119
43508  45.266  -30.176  -29.079 0.3000000119
43509  44.655  -30.691  -28.519 0.4000000060
42604  44.183  -31.206  -28.018 0.4000000060
42605  43.705  -31.657  -27.533 0.4000000060
44513  46.130  -29.699  -30.129 0.3000000119
133451  45.794  -30.123  -29.647 0.3000000119
42612  45.320  -31.183  -28.912 0.4000000060
43475  40.845  -30.460  -25.932 0.4000000060
42595  41.704  -31.713  -26.462 0.4000000060
43491  41.731  -30.710  -26.557 0.4000000060
116212  46.907  -26.613  -29.232 0.3000000119
46194  46.226  -27.069  -28.799 0.3000000119
46202  46.569  -27.396  -29.559 0.3000000119
46203  45.837  -27.824  -29.147 0.3000000119
45340  45.253  -28.289  -28.717 0.3000000119
44493  44.594  -29.733  -28.503 0.4000000060
43501  43.638  -30.903  -27.674 0.4000000060
45348  46.258  -28.183  -29.820 0.3000000119
45349  45.649  -28.637  -29.374 0.3000000119
44492  45.140  -29.182  -28.945 0.3000000119
44458  40.278  -29.769  -25.361 0.4000000060
47150  44.964  -26.677  -26.817 0.3000000119
46168  44.180  -27.159  -26.374 0.3000000119
46184  43.949  -28.087  -26.915 0.4000000060
46169  43.553  -27.807  -26.326 0.4000000060
45320  42.599  -28.929  -26.317 0.4000000060
44473  42.200  -29.805  -26.585 0.4000000060
47160  45.998  -26.677  -28.009 0.3000000119
46182  45.313  -27.105  -27.582 0.3000000119
46183  44.594  -27.564  -27.228 0.3000000119
45333  43.679  -28.917  -27.329 0.4000000060
44472  43.026  -29.523  -27.020 0.4000000060
46195  45.566  -27.481  -28.381 0.3000000119
46196  44.896  -27.917  -28.019 0.3000000119
44485  44.095  -29.290  -27.935 0.4000000060
129894  43.598  -29.656  -27.568 0.4000000060
43490  42.597  -30.470  -27.036 0.4000000060
45341  44.650  -28.784  -28.343 0.3000000119
43500  43.974  -30.252  -27.990 0.4000000060
43502  43.091  -31.105  -27.322 0.4000000060
128792  41.297  -27.251  -24.472 0.4000000060
46133  42.119  -27.049  -24.707 0.4000000060
46134  40.970  -28.050  -24.707 0.4000000060
45307  40.635  -28.906  -25.025 0.4000000060
46154  43.415  -27.175  -25.663 0.3000000119
46155  42.596  -27.554  -25.296 0.4000000060
45305  42.238  -28.394  -25.632 0.4000000060
44457  41.090  -29.505  -25.680 0.4000000060
46170  42.977  -28.089  -25.951 0.4000000060
45321  41.866  -29.228  -25.963 0.4000000060
48975  28.686  -24.444  -31.959 0.6000000238
48981  27.941  -24.315  -32.255 0.6000000238
50643  28.303  -22.835  -32.484 0.5000000000
49829  28.491  -23.642  -32.155 0.5000000000
50644  27.583  -22.366  -32.649 0.5000000000
51455  27.634  -21.384  -32.978 0.5000000000
51471  27.796  -20.545  -33.357 0.5000000000
52269  27.353  -20.174  -32.827 0.5000000000
120663  27.506  -19.736  -32.646 0.4000000060
56737  30.576  -15.452  -30.318 0.3000000119
57491  30.442  -14.532  -30.677 0.3000000119
133169  29.955  -15.083  -30.835 0.3000000119
56710  32.426  -15.486  -28.617 0.3000000119
56723  31.290  -15.434  -29.649 0.3000000119
57480  30.979  -14.867  -30.090 0.3000000119
130365  30.671  -13.859  -30.775 0.3000000119
57498  30.128  -13.814  -31.333 0.3000000119
58262  29.863  -13.108  -32.095 0.3000000119
57467  32.159  -14.637  -28.668 0.3000000119
57479  31.477  -14.726  -29.464 0.3000000119
57490  31.086  -14.227  -30.185 0.3000000119
58252  31.136  -13.485  -30.471 0.3000000119
58253  30.550  -13.233  -31.315 0.3000000119
58990  30.347  -12.406  -32.336 0.3000000119
58998  29.423  -12.458  -33.160 0.3000000119
57466  32.824  -14.259  -28.045 0.3000000119
58228  32.306  -13.699  -28.507 0.3000000119
58242  31.651  -13.840  -29.441 0.3000000119
58966  31.966  -13.152  -29.110 0.3000000119
58978  31.615  -12.969  -29.971 0.3000000119
59891  31.708  -12.109  -30.488 0.3000000119
58989  31.100  -12.721  -31.059 0.3000000119
58213  32.897  -13.359  -27.788 0.3000000119
58965  32.360  -12.855  -28.436 0.3000000119
59903  31.655  -11.569  -31.399 0.3000000119
58952  32.736  -12.394  -27.852 0.3000000119
59866  32.350  -12.039  -28.520 0.3000000119
58977  32.001  -12.449  -29.299 0.3000000119
59890  32.123  -11.620  -29.432 0.3000000119
59902  32.027  -11.221  -30.531 0.3000000119
128849  32.637  -11.674  -27.961 0.3000000119
60679  32.395  -11.246  -28.552 0.3000000119
60686  32.372  -9.921  -28.756 0.3000000119
127013  32.252  -10.675  -29.420 0.3000000119
114479  32.654  -10.008  -27.966 0.3000000119
61497  32.531  -9.214  -28.277 0.3000000119
62315  32.680  -8.433  -27.902 0.3000000119
40754  44.158  -33.734  -27.337 0.4000000060
135960  41.067  -36.434  -24.933 0.4000000060
38863  41.746  -35.935  -25.439 0.4000000060
41718  46.179  -32.491  -29.300 0.4000000060
133386  45.460  -32.893  -28.533 0.4000000060
40762  44.925  -33.739  -27.893 0.4000000060
45375  47.025  -28.729  -31.396 0.3000000119
44512  46.596  -29.216  -30.716 0.3000000119
43529  46.719  -30.048  -30.804 0.3000000119
129381  46.245  -30.475  -30.057 0.3000000119
42620  45.934  -31.640  -29.309 0.3000000119
46215  47.372  -26.883  -31.214 0.3000000119
47158  47.184  -25.762  -28.921 0.3000000119
47149  45.706  -26.226  -27.224 0.3000000119
131122  46.858  -25.768  -28.360 0.3000000119
47102  41.513  -26.432  -24.283 0.4000000060
47101  42.338  -26.362  -24.563 0.4000000060
47120  42.876  -26.743  -24.941 0.4000000060
128190  44.006  -26.513  -25.744 0.3000000119
47136  44.588  -26.194  -26.126 0.3000000119
48032  41.061  -25.711  -23.961 0.4000000060
48123  27.479  -25.049  -32.384 0.6000000238
58951  33.383  -12.633  -27.575 0.3000000119
59865  33.112  -11.758  -27.628 0.3000000119
120680  33.254  -10.156  -27.553 0.3000000119
61485  32.990  -9.281  -27.660 0.3000000119
47167  47.371  -26.069  -29.740 0.3000000119
38849  39.889  -35.642  -24.014 0.4000000060
40714  39.708  -32.923  -24.659 0.5000000000
131580  42.408  -31.356  -26.902 0.4000000060
46156  41.807  -27.840  -24.997 0.4000000060
58997  31.152  -11.999  -31.834 0.3000000119
37157  39.574  -38.032  -23.827 0.3000000119
37155  41.216  -37.418  -24.906 0.3000000119
36386  35.496  -38.746  -33.688 0.6999999881
38029  42.380  -36.211  -25.772 0.3000000119
27119  34.611  -48.373  -24.561 0.3000000119
28998  34.889  -46.750  -23.849 0.3000000119
37246  33.363  -37.796  -31.660 0.6999999881
36287  40.190  -38.817  -24.251 0.3000000119
37257  34.227  -37.769  -32.187 0.6999999881
36387  34.610  -38.589  -33.176 0.6999999881
36286  40.934  -38.761  -24.696 0.3000000119
38030  41.880  -36.932  -25.482 0.3000000119
37256  35.260  -37.631  -32.943 0.6999999881
37175  42.345  -37.615  -25.726 0.3000000119
38054  44.010  -36.814  -27.171 0.3000000119
38044  43.444  -36.436  -26.632 0.3000000119
120393  42.788  -36.918  -26.044 0.3000000119
38903  44.952  -35.732  -28.188 0.3000000119
38890  44.415  -35.284  -27.587 0.3000000119
38891  43.924  -35.931  -27.179 0.3000000119
29975  35.653  -45.239  -23.754 0.3000000119
33710  37.790  -42.056  -23.806 0.4000000060
38102  33.109  -36.442  -30.768 0.6999999881
35365  40.617  -39.479  -24.584 0.3000000119
34534  38.931  -40.778  -23.940 0.3000000119
37245  33.876  -37.228  -31.556 0.6999999881
38113  34.661  -36.929  -31.931 0.6999999881
36307  41.656  -38.785  -25.204 0.3000000119
37191  42.899  -37.898  -26.141 0.3000000119
37190  43.459  -37.337  -26.604 0.3000000119
119384  42.963  -35.944  -26.192 0.3000000119
38061  45.400  -36.104  -28.824 0.3000000119
32809  36.991  -43.138  -23.883 0.4000000060
38086  32.590  -35.927  -30.529 0.6999999881
33707  40.175  -41.122  -24.661 0.3000000119
34519  39.671  -40.561  -24.239 0.3000000119
35388  41.708  -39.650  -25.274 0.3000000119
34532  41.097  -39.995  -24.911 0.3000000119
38935  34.303  -35.452  -31.218 0.6999999881
36320  42.894  -38.791  -26.180 0.3000000119
38100  34.921  -36.025  -31.730 0.6999999881
132917  45.001  -34.360  -27.965 0.3000000119
39776  44.099  -34.576  -27.279 0.3000000119
39791  45.833  -34.762  -29.097 0.3000000119
39783  45.381  -34.337  -28.400 0.3000000119
39819  33.760  -34.881  -30.718 0.6999999881
34556  40.869  -40.782  -25.044 0.3000000119
39818  34.555  -34.547  -31.278 0.6999999881
34572  42.686  -40.580  -26.356 0.3000000119
34554  42.232  -40.100  -25.755 0.3000000119
38934  35.091  -35.085  -31.766 0.6999999881
40769  45.900  -33.877  -28.929 0.3000000119
33733  41.327  -41.279  -25.595 0.3000000119
39817  35.196  -34.290  -31.807 0.6999999881
119736  45.836  -33.050  -28.853 0.3000000119
48884  42.158  -24.720  -24.455 0.3000000119
35477  37.771  -39.174  -33.892 0.5000000000
116773  34.926  -40.515  -34.106 0.6999999881
35468  36.207  -40.022  -33.711 0.6000000238
34653  35.415  -40.497  -33.806 0.6000000238
35478  36.877  -39.406  -34.019 0.6000000238
37247  32.565  -37.638  -31.372 0.6999999881
38103  32.342  -36.788  -30.808 0.6999999881
30935  36.574  -44.778  -24.178 0.3000000119
38087  31.866  -36.000  -30.590 0.6999999881
31910  36.727  -43.942  -24.088 0.4000000060
38924  32.107  -35.296  -30.272 0.6999999881
32807  39.041  -42.283  -24.617 0.4000000060
119953  38.339  -42.431  -24.319 0.4000000060
39804  32.354  -34.501  -30.009 0.6999999881
33735  39.860  -41.979  -24.910 0.3000000119
32834  40.284  -42.460  -25.570 0.3000000119
32833  41.006  -42.083  -25.910 0.3000000119
37156  40.582  -37.915  -24.358 0.3000000119
38923  32.895  -35.138  -30.353 0.6999999881
112185  36.109  -39.511  -34.042 0.6000000238
33750  41.699  -41.721  -26.239 0.3000000119
31908  38.529  -43.345  -24.864 0.3000000119
32934  41.771  -42.306  -34.125 0.5000000000
132458  40.575  -40.195  -33.967 0.5000000000
33826  39.728  -41.467  -32.904 0.5000000000
34647  42.177  -41.022  -33.941 0.4000000060
31031  31.471  -43.773  -30.743 0.4000000060
30098  29.638  -45.299  -31.332 0.5000000000
126488  41.318  -40.944  -34.325 0.4000000060
34660  41.978  -40.869  -34.391 0.5000000000
35465  39.669  -39.814  -32.978 0.5000000000
29119  27.826  -46.094  -31.778 0.4000000060
29139  27.101  -46.525  -32.252 0.4000000060
125392  30.073  -44.688  -31.126 0.5000000000
35466  38.502  -39.569  -32.873 0.4000000060
30121  26.420  -45.824  -32.905 0.4000000060
29140  26.104  -46.745  -32.793 0.4000000060
30099  28.066  -45.327  -31.789 0.4000000060
116350  30.183  -44.042  -31.038 0.5000000000
31057  29.417  -44.490  -31.383 0.4000000060
32901  31.612  -42.485  -30.933 0.5000000000
33814  33.538  -41.555  -31.368 0.4000000060
34635  35.259  -40.675  -32.543 0.4000000060
34636  34.531  -40.947  -32.322 0.4000000060
126325  36.017  -40.419  -32.650 0.4000000060
29154  25.109  -47.036  -33.282 0.4000000060
31096  22.957  -44.657  -34.678 0.4000000060
31078  27.699  -44.608  -32.595 0.4000000060
32050  25.358  -43.561  -34.761 0.4000000060
32019  29.719  -43.623  -31.511 0.5000000000
32020  29.003  -43.903  -31.871 0.4000000060
32961  25.701  -42.936  -34.942 0.4000000060
32018  30.473  -43.294  -31.167 0.5000000000
33847  27.335  -41.712  -35.066 0.4000000060
129791  26.768  -42.179  -35.017 0.4000000060
32919  30.992  -42.561  -31.351 0.5000000000
32918  31.748  -41.899  -31.544 0.5000000000
114035  27.948  -40.097  -34.735 0.4000000060
128449  26.957  -40.657  -34.737 0.4000000060
33815  32.702  -41.657  -31.409 0.5000000000
34637  33.247  -41.272  -32.326 0.6000000238
34655  33.908  -41.010  -33.388 0.6000000238
34654  34.723  -40.787  -33.717 0.5000000000
30142  23.803  -45.035  -34.566 0.4000000060
31095  24.070  -44.397  -34.626 0.4000000060
30132  26.795  -44.971  -33.252 0.4000000060
31094  25.023  -44.224  -34.593 0.4000000060
32036  29.287  -43.262  -32.287 0.5000000000
32037  28.441  -43.952  -32.489 0.4000000060
32049  26.207  -43.389  -34.735 0.4000000060
32920  30.118  -42.726  -31.991 0.5000000000
32959  27.369  -42.521  -34.928 0.4000000060
32960  26.555  -42.787  -34.907 0.4000000060
32939  30.943  -42.074  -32.225 0.5000000000
33839  32.268  -41.172  -33.497 0.5000000000
34662  33.480  -40.729  -33.784 0.6000000238
34661  34.272  -40.669  -34.020 0.6000000238
30141  24.661  -44.985  -34.389 0.4000000060
32045  27.908  -43.775  -33.397 0.4000000060
31089  25.517  -44.663  -34.231 0.4000000060
32046  26.637  -43.784  -34.334 0.4000000060
32954  28.039  -42.965  -34.283 0.4000000060
33831  30.980  -41.709  -33.131 0.5000000000
32958  28.253  -42.065  -35.047 0.4000000060
121706  28.081  -41.131  -35.105 0.4000000060
33830  31.635  -41.577  -32.754 0.5000000000
34671  29.013  -40.523  -35.062 0.4000000060
36400  34.101  -39.434  -33.487 0.6000000238
35481  33.658  -40.217  -33.898 0.6000000238
113364  32.950  -40.423  -33.915 0.6000000238
29153  25.428  -45.996  -33.502 0.4000000060
30133  25.959  -45.185  -33.678 0.4000000060
129000  27.337  -43.566  -34.116 0.4000000060
32048  27.032  -43.176  -34.635 0.4000000060
32941  29.465  -42.554  -33.124 0.5000000000
32942  28.694  -43.251  -33.115 0.5000000000
131442  28.709  -42.352  -34.473 0.5000000000
32951  29.889  -41.999  -33.742 0.5000000000
34670  29.548  -41.167  -35.006 0.5000000000
33840  31.459  -41.266  -33.780 0.5000000000
33841  30.589  -41.570  -33.968 0.5000000000
118451  30.390  -41.080  -34.821 0.5000000000
33846  28.797  -41.377  -35.047 0.4000000060
34664  31.939  -40.758  -34.039 0.6000000238
35489  29.671  -39.642  -34.995 0.5000000000
113550  28.736  -39.479  -34.778 0.4000000060
37258  33.644  -38.487  -32.477 0.6000000238
36388  33.176  -39.132  -32.935 0.6000000238
35482  32.055  -40.095  -34.094 0.6000000238
33845  31.125  -40.968  -34.484 0.5000000000
117345  30.058  -40.416  -35.113 0.5000000000
35469  32.716  -39.706  -33.621 0.6000000238
35487  31.221  -39.805  -34.654 0.6000000238
34669  30.896  -40.354  -34.933 0.5000000000
36389  32.375  -38.797  -32.631 0.6000000238
36376  32.797  -38.318  -32.028 0.6000000238
116265  30.360  -35.227  -31.748 0.5000000000
38105  30.734  -36.120  -31.602 0.6000000238
38115  30.510  -36.578  -32.420 0.5000000000
38104  31.446  -36.570  -31.056 0.6000000238
37260  30.722  -37.280  -32.795 0.6000000238
37271  30.438  -37.567  -33.868 0.5000000000
37283  30.023  -37.667  -34.354 0.5000000000
35470  31.927  -39.230  -33.377 0.6000000238
36415  30.781  -39.062  -34.558 0.5000000000
114316  30.118  -38.923  -34.774 0.5000000000
120371  29.772  -38.195  -34.606 0.5000000000
133313  29.150  -38.131  -34.634 0.5000000000
39806  30.971  -35.039  -30.869 0.5000000000
39820  30.462  -34.382  -31.413 0.5000000000
39805  31.644  -34.556  -30.234 0.6000000238
38088  31.230  -35.807  -30.905 0.6000000238
37270  31.066  -38.088  -33.107 0.6000000238
36416  30.360  -38.283  -34.373 0.5000000000
37248  31.762  -37.418  -31.367 0.6000000238
37259  31.347  -37.832  -32.107 0.6000000238
34650  38.872  -40.265  -32.465 0.4000000060
35467  37.220  -39.621  -33.377 0.4000000060
35476  39.089  -39.139  -33.781 0.5000000000
36390  31.693  -38.511  -32.619 0.6000000238
32948  41.445  -42.399  -34.275 0.5000000000
32937  38.631  -42.724  -32.856 0.5000000000
33838  40.887  -41.663  -34.104 0.5000000000
34649  40.064  -40.600  -32.957 0.5000000000
129437  30.807  -43.739  -30.863 0.5000000000
30120  27.289  -45.554  -32.331 0.4000000060
124251  26.036  -42.234  -34.933 0.4000000060
31087  27.118  -44.199  -33.685 0.4000000060
30134  25.276  -45.277  -34.002 0.4000000060
36401  31.383  -38.721  -33.447 0.6000000238
32051  24.369  -43.682  -34.755 0.3000000119
33848  26.416  -41.521  -34.859 0.3000000119
32962  24.695  -42.967  -34.865 0.3000000119
34672  25.829  -40.766  -34.572 0.3000000119
119681  25.092  -42.272  -34.853 0.3000000119
33850  24.490  -41.459  -34.629 0.3000000119
25412  32.930  -51.083  -27.064 0.5000000000
25413  32.414  -50.842  -27.644 0.5000000000
25428  32.087  -50.718  -29.305 0.5000000000
26218  33.417  -49.605  -25.475 0.3000000119
26238  32.272  -49.653  -26.447 0.5000000000
27120  33.545  -48.240  -24.601 0.4000000060
27133  32.367  -48.563  -25.493 0.5000000000
27153  31.944  -48.289  -26.097 0.5000000000
27163  32.117  -48.729  -27.477 0.5000000000
27202  32.734  -48.860  -30.201 0.5000000000
28099  32.012  -47.469  -26.213 0.5000000000
28140  33.384  -47.720  -29.365 0.6000000238
28986  35.033  -45.897  -23.643 0.3000000119
28988  33.210  -45.940  -23.785 0.4000000060
28989  32.603  -45.791  -24.138 0.4000000060
28999  33.674  -46.747  -23.912 0.4000000060
29001  32.286  -46.308  -24.690 0.5000000000
29033  32.224  -46.595  -26.456 0.6000000238
29049  32.581  -46.394  -27.386 0.6000000238
29098  34.995  -46.875  -30.167 0.5000000000
29976  34.596  -45.243  -23.538 0.4000000060
29978  32.909  -45.181  -23.764 0.5000000000
30017  32.440  -45.248  -26.267 0.6000000238
30029  32.979  -45.616  -27.582 0.6000000238
30075  37.256  -45.219  -30.870 0.4000000060
30077  35.860  -45.897  -30.283 0.4000000060
30135  24.761  -45.651  -34.034 0.4000000060
30924  35.749  -44.199  -23.673 0.3000000119
30928  32.728  -44.509  -23.868 0.6000000238
30936  32.420  -44.569  -24.579 0.6000000238
30954  32.444  -44.322  -25.446 0.6000000238
31001  34.344  -45.092  -28.606 0.6000000238
31016  35.304  -44.814  -29.296 0.6000000238
31027  38.321  -44.295  -31.145 0.5000000000
31032  31.203  -43.124  -30.854 0.5000000000
31056  30.830  -44.450  -30.927 0.4000000060
31058  28.550  -44.595  -31.815 0.4000000060
31088  26.303  -44.443  -33.983 0.4000000060
31093  25.861  -44.011  -34.511 0.4000000060
31895  36.127  -43.301  -23.548 0.4000000060
31896  35.208  -43.370  -23.305 0.5000000000
31897  34.323  -43.443  -23.308 0.5000000000
31909  37.575  -43.709  -24.478 0.4000000060
31911  33.118  -43.220  -23.762 0.5000000000
31912  32.680  -43.776  -24.090 0.6000000238
31928  32.745  -43.063  -25.861 0.6000000238
31929  32.549  -43.585  -25.028 0.6000000238
31946  32.616  -43.800  -26.013 0.6999999881
31958  33.372  -43.400  -27.256 0.6999999881
31970  34.638  -43.880  -28.436 0.6000000238
31984  36.981  -43.120  -29.952 0.5000000000
32000  32.029  -42.995  -30.665 0.5000000000
32012  40.050  -43.468  -31.863 0.5000000000
32796  34.666  -42.612  -23.204 0.5000000000
32808  37.752  -42.860  -24.195 0.4000000060
32835  39.456  -42.860  -25.295 0.3000000119
32836  33.009  -42.231  -24.709 0.5000000000
32850  40.678  -42.842  -26.234 0.3000000119
32872  34.616  -42.411  -27.904 0.6999999881
32895  38.925  -42.456  -30.688 0.6000000238
32896  38.250  -42.901  -30.532 0.5000000000
32900  32.283  -42.199  -30.870 0.5000000000
32911  41.278  -42.220  -32.488 0.5000000000
32940  30.292  -42.051  -32.977 0.5000000000
32952  29.310  -42.194  -34.125 0.5000000000
32953  28.860  -42.679  -33.869 0.5000000000
32957  29.050  -41.793  -34.757 0.5000000000
33698  38.264  -40.869  -23.680 0.3000000119
33699  37.748  -41.291  -23.582 0.5000000000
33701  35.439  -41.135  -23.121 0.4000000060
33702  33.862  -41.791  -23.653 0.4000000060
33708  39.377  -41.382  -24.397 0.3000000119
33709  38.516  -41.585  -24.049 0.3000000119
33732  42.035  -40.941  -25.931 0.3000000119
33734  40.599  -41.621  -25.263 0.3000000119
33752  33.513  -41.766  -26.462 0.6000000238
33773  36.542  -41.021  -28.716 0.8000000119
33774  35.863  -41.471  -28.461 0.6000000238
33785  37.694  -41.847  -29.743 0.6000000238
33796  39.758  -41.294  -30.745 0.6000000238
33813  34.295  -41.451  -31.398 0.4000000060
33825  41.899  -41.773  -33.535 0.5000000000
33827  39.056  -40.917  -32.392 0.5000000000
33829  32.434  -41.412  -32.469 0.5000000000
33836  42.015  -41.550  -34.256 0.4000000060
33837  41.738  -41.671  -34.361 0.5000000000
33842  29.800  -41.630  -34.461 0.5000000000
33849  25.499  -41.537  -34.748 0.3000000119
34521  37.551  -40.508  -23.427 0.4000000060
34523  35.157  -40.549  -23.379 0.4000000060
34524  34.635  -40.312  -23.786 0.4000000060
34533  40.393  -40.272  -24.570 0.3000000119
34555  41.572  -40.455  -25.386 0.3000000119
34558  33.719  -40.807  -24.852 0.6000000238
34583  35.272  -40.346  -27.603 0.6999999881
34584  34.623  -40.522  -27.099 0.6999999881
34605  38.408  -40.570  -29.754 0.6999999881
34620  40.538  -40.218  -31.187 0.6000000238
34622  39.004  -40.252  -30.122 0.6999999881
34648  41.486  -40.075  -34.493 0.6000000238
34656  33.065  -41.117  -33.435 0.6000000238
34663  32.690  -40.746  -33.865 0.6000000238
34668  31.500  -40.421  -34.484 0.5000000000
35348  39.027  -39.481  -23.704 0.4000000060
35349  38.164  -39.220  -23.473 0.4000000060
35364  41.227  -39.340  -24.905 0.3000000119
35366  39.829  -39.685  -24.130 0.3000000119
35367  35.280  -39.027  -24.114 0.4000000060
35387  42.290  -39.232  -25.701 0.3000000119
35389  34.580  -39.424  -25.242 0.5000000000
35403  42.821  -39.683  -26.238 0.3000000119
35404  35.073  -39.188  -26.730 0.6999999881
35405  34.605  -39.652  -26.130 0.6000000238
35413  36.006  -39.001  -27.809 0.6999999881
35422  37.140  -39.446  -28.791 0.8000000119
35445  40.070  -39.662  -30.828 0.6999999881
35455  41.065  -39.897  -31.819 0.6000000238
35464  42.142  -40.307  -34.167 0.6000000238
35474  41.913  -40.163  -34.446 0.6000000238
35475  40.381  -39.482  -34.178 0.5000000000
35479  35.521  -40.243  -34.032 0.6000000238
35480  34.481  -40.308  -34.086 0.6000000238
35488  30.544  -39.684  -34.965 0.5000000000
36273  37.002  -38.275  -23.403 0.4000000060
36274  36.237  -38.212  -23.649 0.4000000060
36306  42.322  -38.376  -25.700 0.3000000119
36308  35.184  -38.162  -25.540 0.6000000238
36319  43.563  -38.304  -26.698 0.3000000119
36353  37.700  -38.177  -29.224 0.8000000119
36374  40.978  -38.574  -31.995 0.6999999881
36375  40.314  -38.221  -31.304 0.6999999881
36377  32.052  -38.148  -31.863 0.6000000238
36399  37.399  -38.881  -34.228 0.6999999881
36402  30.899  -38.472  -34.002 0.5000000000
36412  38.933  -38.191  -34.440 0.6999999881
36417  29.353  -38.810  -34.763 0.5000000000
37158  35.545  -37.530  -24.519 0.6000000238
37176  41.773  -37.897  -25.336 0.3000000119
37199  43.990  -37.625  -27.083 0.3000000119
37210  44.973  -36.626  -28.376 0.3000000119
37211  36.694  -37.068  -28.455 0.6999999881
37254  41.694  -37.881  -33.744 0.6000000238
37266  41.570  -37.882  -34.337 0.6999999881
37268  36.717  -37.275  -34.059 0.8000000119
37279  41.386  -37.908  -34.580 0.6999999881
37280  41.146  -37.443  -34.771 0.8999999762
37282  38.958  -36.989  -34.445 0.8999999762
37284  29.452  -37.563  -34.440 0.5000000000
38000  39.544  -36.380  -23.719 0.4000000060
38004  36.422  -36.611  -23.712 0.6000000238
38053  44.482  -36.284  -27.727 0.3000000119
38101  33.949  -36.430  -31.234 0.6999999881
38111  41.428  -36.453  -33.433 0.8999999762
38114  31.011  -37.026  -31.790 0.6000000238
38121  41.322  -36.052  -34.433 0.8999999762
38835  37.320  -35.559  -23.480 0.6000000238
38837  35.981  -35.956  -24.099 0.6000000238
38848  40.583  -35.634  -24.621 0.4000000060
38878  43.764  -35.141  -27.020 0.3000000119
38879  43.143  -35.113  -26.449 0.4000000060
38880  35.504  -35.375  -26.531 0.6999999881
38892  35.905  -35.194  -27.937 0.8000000119
38893  35.687  -35.609  -27.311 0.6999999881
38902  45.394  -35.242  -28.632 0.3000000119
38922  38.504  -35.272  -30.484 0.8000000119
38936  33.450  -35.737  -30.725 0.6999999881
38941  41.571  -36.164  -34.163 0.8999999762
38944  30.190  -35.820  -32.581 0.5000000000
38950  41.061  -35.353  -34.355 0.8999999762
39718  38.749  -34.801  -23.739 0.5000000000
39737  36.106  -34.610  -24.438 0.6000000238
39764  42.687  -34.373  -26.281 0.4000000060
39775  44.611  -34.437  -27.667 0.3000000119
39784  44.978  -34.901  -28.046 0.3000000119
39792  37.350  -34.289  -29.984 0.8000000119
39803  33.216  -34.317  -30.214 0.6999999881
39825  41.672  -33.851  -32.972 0.8999999762
39837  37.278  -34.584  -33.698 0.8000000119
40716  38.165  -33.587  -24.184 0.6999999881
40729  40.907  -33.473  -25.233 0.4000000060
40746  35.485  -33.074  -26.458 0.6999999881
40761  45.446  -33.459  -28.446 0.4000000060
40771  36.372  -33.351  -29.492 0.8000000119
40773  32.256  -33.089  -29.609 0.8000000119
40774  31.826  -32.999  -29.690 0.8000000119
40783  37.584  -33.786  -30.357 0.8000000119
40786  32.656  -33.714  -29.812 0.6999999881
40787  31.491  -33.567  -30.117 0.6999999881
40795  40.714  -33.190  -32.188 0.8999999762
40812  41.462  -33.559  -33.570 0.8999999762
40817  36.097  -32.983  -33.572 0.8999999762
41668  39.038  -32.458  -24.576 0.6000000238
41671  36.670  -32.650  -24.765 0.6999999881
41714  35.388  -32.526  -28.261 0.8000000119
41722  33.216  -32.249  -29.802 0.8999999762
41723  32.488  -32.316  -29.566 0.8999999762
41724  31.795  -32.186  -29.592 0.8000000119
41756  41.742  -32.838  -33.111 0.8999999762
41758  41.123  -31.785  -32.960 0.8999999762
41768  41.556  -32.777  -33.263 0.8999999762
42619  46.355  -31.258  -29.869 0.3000000119
42625  31.691  -31.255  -29.727 0.6000000238
42633  34.468  -31.302  -30.723 0.8999999762
42636  30.774  -31.468  -30.716 0.6000000238
42644  35.009  -31.769  -31.410 0.8999999762
42667  35.937  -31.452  -33.917 1.0000000000
43476  39.895  -30.556  -25.368 0.5000000000
43478  36.900  -30.264  -25.013 0.6000000238
43479  36.340  -30.041  -25.529 0.6000000238
43493  35.674  -30.474  -26.373 0.6000000238
43510  35.928  -30.110  -28.820 0.6999999881
43515  45.813  -30.808  -29.466 0.3000000119
43519  33.108  -30.143  -29.665 0.8999999762
43532  36.776  -31.076  -30.235 0.8000000119
43534  33.727  -30.841  -30.039 0.8999999762
43540  39.417  -30.031  -32.061 0.8999999762
43548  40.499  -30.789  -33.031 1.0000000000
43550  35.720  -30.828  -32.971 0.8999999762
44474  41.508  -29.953  -26.240 0.4000000060
44475  35.984  -29.303  -26.700 0.6999999881
44476  35.724  -30.024  -26.684 0.6000000238
44486  43.306  -30.317  -27.454 0.4000000060
44487  36.015  -29.228  -27.750 0.6999999881
44502  33.349  -29.315  -29.721 0.8999999762
44503  32.499  -29.525  -29.648 1.0000000000
44514  38.236  -29.235  -30.953 0.8000000119
44518  31.030  -29.631  -30.647 0.6999999881
44537  30.109  -29.605  -31.965 0.6999999881
44547  39.722  -28.926  -33.201 1.0000000000
44557  39.346  -29.035  -34.127 1.0000000000
44564  38.187  -29.243  -35.549 1.0000000000
45289  40.109  -28.258  -24.478 0.5000000000
45291  37.828  -28.241  -24.535 0.5000000000
45306  41.445  -28.653  -25.339 0.4000000060
45319  43.291  -28.558  -26.653 0.4000000060
45332  44.298  -28.425  -27.635 0.4000000060
45351  36.649  -28.906  -29.162 0.6999999881
45364  46.062  -28.935  -30.057 0.3000000119
45367  34.365  -28.661  -30.393 0.8999999762
45369  32.419  -28.214  -29.686 0.8999999762
45370  31.824  -28.081  -29.925 0.8999999762
45406  35.961  -28.433  -34.816 1.0000000000
45409  39.191  -28.212  -35.406 1.0000000000
45411  37.703  -28.831  -36.062 1.0000000000
45414  38.102  -28.010  -36.311 1.0000000000
46198  36.570  -27.897  -28.022 0.6000000238
46232  31.232  -27.067  -30.750 0.8000000119
46263  36.420  -27.556  -35.724 1.0000000000
46264  38.767  -27.488  -36.170 1.0000000000
46265  38.074  -27.164  -36.427 1.0000000000
47103  39.649  -26.678  -23.856 0.5000000000
47118  44.126  -25.745  -25.558 0.3000000119
47121  37.162  -26.775  -24.904 0.6000000238
47159  46.649  -26.301  -28.495 0.3000000119
47192  31.106  -26.276  -30.853 0.8000000119
47197  39.940  -26.814  -32.879 1.0000000000
47198  39.394  -26.110  -32.871 0.8000000119
47209  39.826  -26.941  -33.657 1.0000000000
47215  39.178  -26.491  -35.011 1.0000000000
47221  38.168  -26.494  -36.474 1.0000000000
48031  42.066  -25.609  -24.334 0.3000000119
48035  38.631  -25.193  -24.134 0.5000000000
48065  36.742  -25.387  -26.051 0.6999999881
48089  38.170  -25.836  -29.802 0.8000000119
48116  28.947  -25.169  -31.859 0.6999999881
48887  39.041  -24.395  -24.181 0.5000000000
48970  34.865  -24.676  -31.378 1.0000000000
49002  36.805  -25.270  -36.165 1.0000000000
49727  40.248  -23.658  -24.394 0.3000000119
49759  36.820  -23.132  -25.721 0.6999999881
49771  36.606  -23.368  -26.240 0.6999999881
49789  36.543  -23.158  -28.526 0.6999999881
49795  36.740  -23.236  -29.233 0.6999999881
49809  33.016  -23.781  -30.563 0.8999999762
49838  39.480  -24.590  -36.306 1.0000000000
50596  36.487  -22.128  -26.802 0.6999999881
50627  33.646  -22.450  -31.414 0.8999999762
50649  36.534  -22.533  -33.995 1.0000000000
50657  40.203  -22.893  -37.218 0.8999999762
51443  33.218  -21.916  -31.783 0.8999999762
51467  30.910  -20.882  -34.467 0.8000000119
51481  40.734  -22.113  -36.224 0.8999999762
52191  37.535  -20.686  -25.751 0.5000000000
52212  36.908  -20.510  -26.251 0.6000000238
52295  29.450  -19.602  -34.810 0.8000000119
52300  30.549  -18.871  -35.364 0.6999999881
53022  38.129  -19.993  -25.752 0.3000000119
53106  38.117  -19.605  -31.526 0.6000000238
53132  34.843  -19.492  -33.817 0.6999999881
53154  32.522  -18.056  -35.463 0.6000000238
53155  32.006  -18.751  -35.570 0.6000000238
53156  40.799  -20.438  -36.417 0.5000000000
53157  39.972  -20.197  -36.523 0.6999999881
53919  37.217  -18.286  -26.952 0.4000000060
53936  36.963  -18.327  -27.694 0.5000000000
53947  36.676  -19.106  -28.011 0.6000000238
54015  32.122  -18.191  -34.243 0.4000000060
54017  30.495  -18.514  -35.035 0.6999999881
54036  31.226  -18.525  -35.345 0.6999999881
54903  37.751  -17.619  -29.726 0.4000000060
54917  32.533  -18.027  -30.080 0.3000000119
55858  35.184  -16.256  -30.608 0.3000000119
55897  34.815  -15.821  -35.161 0.3000000119
56709  34.475  -15.464  -28.649 0.3000000119
56719  38.996  -15.356  -29.590 0.3000000119
56720  35.190  -15.448  -29.227 0.3000000119
56721  34.575  -15.995  -29.115 0.3000000119
56722  31.806  -15.324  -28.987 0.3000000119
56781  35.822  -15.007  -35.091 0.3000000119
57451  33.903  -14.151  -27.726 0.4000000060
57452  33.350  -14.010  -27.749 0.4000000060
57492  29.722  -14.432  -31.303 0.3000000119
58227  34.596  -13.699  -27.705 0.4000000060
60666  32.780  -10.917  -27.842 0.3000000119
112245  32.309  -49.317  -28.781 0.5000000000
112611  35.410  -35.984  -25.966 0.6000000238
112635  35.088  -39.752  -34.019 0.6999999881
112714  39.554  -33.687  -24.431 0.5000000000
112976  39.021  -43.947  -31.409 0.5000000000
113165  35.485  -33.929  -27.385 0.8000000119
113397  34.949  -45.907  -29.410 0.6000000238
113441  32.250  -45.922  -25.886 0.6000000238
113984  36.781  -39.818  -23.326 0.4000000060
114399  32.387  -47.177  -24.751 0.4000000060
114472  41.248  -38.172  -24.886 0.3000000119
114789  44.500  -33.004  -27.661 0.4000000060
114863  40.657  -37.069  -24.430 0.4000000060
115245  35.699  -28.010  -34.098 1.0000000000
115251  35.367  -31.813  -26.731 0.8000000119
115533  32.147  -45.941  -25.182 0.5000000000
115749  38.345  -34.967  -33.662 0.8000000119
115892  35.414  -31.118  -27.821 0.8000000119
116314  32.166  -50.346  -27.961 0.5000000000
116441  38.968  -38.977  -30.095 0.8000000119
117387  41.617  -35.060  -25.403 0.4000000060
118133  32.381  -47.839  -27.883 0.5000000000
118783  35.905  -41.774  -23.049 0.5000000000
118804  37.338  -21.828  -25.564 0.6000000238
118997  33.787  -15.463  -28.432 0.3000000119
119069  35.703  -33.022  -32.715 0.8999999762
119200  31.369  -39.253  -34.121 0.6000000238
119257  40.002  -23.563  -37.243 1.0000000000
119787  24.994  -40.908  -34.540 0.3000000119
119949  36.677  -21.249  -26.478 0.6000000238
120179  35.624  -36.202  -24.700 0.6000000238
120338  43.484  -18.083  -34.479 0.4000000060
120358  34.346  -42.014  -23.325 0.4000000060
120584  39.614  -36.119  -31.092 0.8000000119
120842  33.208  -37.125  -31.097 0.6999999881
121186  36.607  -14.553  -33.227 0.3000000119
121781  40.775  -26.273  -23.971 0.5000000000
121889  37.212  -36.843  -23.425 0.5000000000
122102  41.599  -42.949  -34.153 0.5000000000
123018  34.874  -44.027  -23.380 0.5000000000
123311  32.415  -25.232  -30.297 0.8000000119
123456  32.140  -49.543  -27.931 0.5000000000
123536  33.559  -11.013  -27.467 0.3000000119
123751  40.067  -30.761  -33.329 1.0000000000
123935  38.510  -37.679  -23.520 0.4000000060
124882  42.253  -19.704  -35.037 0.5000000000
125082  38.028  -36.968  -23.401 0.5000000000
125227  36.149  -27.969  -35.300 1.0000000000
125362  32.802  -14.963  -28.270 0.4000000060
126173  36.853  -28.854  -25.107 0.6000000238
127030  32.297  -18.815  -31.207 0.3000000119
127859  36.924  -32.661  -34.311 1.0000000000
128112  31.539  -40.869  -34.245 0.5000000000
128575  38.565  -31.289  -24.779 0.6999999881
129081  47.387  -27.451  -31.956 0.3000000119
129096  32.871  -43.367  -26.551 0.6000000238
129634  37.174  -36.949  -28.972 0.8000000119
129718  43.780  -32.666  -27.302 0.4000000060
129911  27.849  -46.769  -31.860 0.4000000060
130115  36.762  -38.960  -34.228 0.6000000238
130131  40.864  -26.762  -24.148 0.5000000000
130310  31.412  -24.028  -30.913 0.8000000119
130517  35.498  -35.858  -25.267 0.6000000238
130592  31.996  -48.859  -26.661 0.5000000000
130876  36.371  -22.043  -27.616 0.6999999881
130892  36.228  -31.190  -34.488 1.0000000000
131084  37.861  -29.420  -24.712 0.5000000000
131202  33.892  -25.072  -30.436 0.8999999762
131319  37.210  -42.442  -23.683 0.4000000060
131339  35.369  -31.284  -27.110 0.8000000119
131701  39.464  -16.529  -31.220 0.4000000060
131879  40.037  -34.105  -24.496 0.5000000000
132228  32.551  -45.125  -24.098 0.5000000000
132479  37.449  -33.189  -30.460 0.8000000119
132656  43.452  -35.707  -26.689 0.3000000119
132714  34.134  -27.935  -30.125 1.0000000000
133131  28.843  -43.582  -32.399 0.5000000000
133180  41.782  -33.906  -25.772 0.4000000060
133239  41.040  -33.848  -33.954 1.0000000000
133255  30.816  -35.562  -31.241 0.5000000000
133391  40.408  -32.050  -25.425 0.5000000000
133527  38.667  -21.728  -25.220 0.4000000060
133547  37.832  -21.981  -25.311 0.4000000060
133608  36.747  -35.491  -28.978 0.8000000119
133824  42.444  -32.979  -26.516 0.4000000060
134423  33.894  -41.153  -32.048 0.4000000060
134473  39.213  -40.138  -23.860 0.3000000119
134651  33.652  -27.897  -29.803 1.0000000000
134861  31.585  -35.369  -30.530 0.6000000238
134918  39.493  -35.058  -23.933 0.5000000000
135116  37.921  -32.846  -30.816 0.8000000119
135370  36.445  -41.543  -28.847 0.6000000238
135416  36.397  -26.284  -35.749 1.0000000000
136024  37.247  -41.033  -23.377 0.5000000000
136042  44.936  -32.181  -28.292 0.4000000060
136074  32.086  -16.832  -29.354 0.3000000119
136263  32.463  -10.553  -28.446 0.3000000119
136300  38.584  -37.035  -23.486 0.5000000000
136306  36.148  -41.099  -23.039 0.4000000060
