#!ascii label  , from subject sub-v1s10x0051063_ses-1 vox2ras=TkReg
1534
4416  17.853  -75.893  -41.780 0.6999999881
3808  17.529  -76.775  -41.760 0.8000000119
4403  17.075  -75.172  -40.775 0.8000000119
129535  16.523  -75.045  -39.870 0.6999999881
3815  18.243  -77.549  -41.698 0.6000000238
124111  18.299  -76.896  -41.868 0.6000000238
4412  16.959  -76.058  -41.325 0.6000000238
128778  18.278  -78.525  -41.048 0.6000000238
5643  17.449  -74.237  -40.895 0.8000000119
113430  17.514  -73.602  -39.785 0.6999999881
5630  17.210  -73.818  -39.042 0.6999999881
5010  17.627  -75.007  -41.594 0.6999999881
4989  16.972  -74.433  -39.663 0.6999999881
134030  18.346  -78.581  -40.908 0.6000000238
2752  17.870  -78.229  -39.779 0.6000000238
125927  17.923  -78.716  -40.730 0.6000000238
122311  15.780  -77.572  -37.425 0.6000000238
2746  15.867  -78.042  -38.550 0.6000000238
6341  17.768  -73.114  -40.730 0.8000000119
6340  18.294  -72.097  -40.492 0.8000000119
117445  17.984  -72.736  -39.725 0.6999999881
7052  18.657  -71.609  -39.028 0.6999999881
6316  18.375  -71.977  -37.925 0.6999999881
6357  17.717  -73.640  -41.836 0.8000000119
6326  18.181  -72.427  -38.870 0.6999999881
5656  17.726  -74.407  -41.934 0.6999999881
6327  17.626  -73.164  -38.945 0.6999999881
5014  18.144  -74.814  -42.307 0.6999999881
3807  18.966  -77.207  -41.748 0.6999999881
3259  19.379  -77.922  -40.603 0.6000000238
3258  19.435  -77.942  -40.984 0.6000000238
3250  16.650  -77.605  -38.023 0.6000000238
2745  16.962  -78.100  -39.102 0.6000000238
3238  15.879  -77.283  -36.572 0.6000000238
2713  15.128  -78.423  -35.011 0.6999999881
3240  14.690  -77.969  -36.138 0.6000000238
2213  15.968  -79.273  -34.719 0.5000000000
134871  14.856  -78.872  -35.146 0.6000000238
2222  16.252  -79.658  -35.517 0.5000000000
117392  18.407  -72.067  -39.610 0.8000000119
7817  19.075  -70.829  -39.376 0.6999999881
6356  17.908  -72.560  -41.596 0.8999999762
7804  18.931  -70.982  -38.413 0.6999999881
5666  17.826  -74.110  -42.656 0.8000000119
5013  18.581  -75.568  -42.105 0.8000000119
3805  19.933  -76.696  -41.371 0.6999999881
4411  18.803  -76.438  -41.945 0.6999999881
3257  19.830  -77.432  -41.122 0.8000000119
3253  19.890  -77.533  -40.634 0.8000000119
127818  18.501  -77.769  -39.475 0.6999999881
3249  17.722  -77.583  -38.580 0.6999999881
3244  16.549  -77.255  -37.145 0.6000000238
3239  15.368  -77.487  -36.013 0.6999999881
2712  15.687  -78.562  -34.494 0.6999999881
116517  18.038  -71.997  -42.400 0.8999999762
118048  18.708  -71.311  -40.603 0.8000000119
7803  19.323  -70.156  -38.888 0.6999999881
6365  17.768  -73.226  -42.870 0.8000000119
5665  18.127  -73.934  -43.341 0.6999999881
4409  19.874  -75.573  -41.456 0.6999999881
5009  19.166  -75.061  -42.200 0.6000000238
4410  19.290  -76.038  -41.825 0.8000000119
3801  20.255  -77.018  -40.716 0.8000000119
3254  19.870  -77.447  -40.086 0.8000000119
3248  18.895  -77.137  -38.555 0.6999999881
3791  17.282  -76.987  -36.986 0.8000000119
112133  17.213  -77.290  -37.627 0.6999999881
3784  17.474  -76.641  -36.359 0.8000000119
3219  16.071  -77.298  -34.239 0.6999999881
3231  15.574  -77.381  -35.370 0.6999999881
3785  16.675  -76.940  -36.412 0.6999999881
2698  16.084  -77.983  -33.975 0.6999999881
3220  15.546  -77.744  -34.707 0.6999999881
12641  13.922  -64.800  -43.657 0.6000000238
13511  14.372  -63.774  -43.349 0.6000000238
129355  13.116  -63.292  -42.769 0.6000000238
14446  13.117  -62.679  -42.023 0.6999999881
7079  18.416  -71.591  -41.347 0.8999999762
119473  18.616  -73.843  -43.609 0.6000000238
5664  19.173  -74.120  -43.012 0.6000000238
131107  20.484  -76.623  -39.728 0.6999999881
115662  20.564  -76.518  -40.116 0.6999999881
10126  19.397  -67.791  -40.646 0.6999999881
10127  18.897  -67.569  -40.228 0.6999999881
3799  20.177  -76.912  -39.584 0.8000000119
3798  20.268  -77.084  -40.181 0.8000000119
10147  19.474  -67.421  -41.616 0.6000000238
10148  18.819  -67.295  -40.988 0.6000000238
10128  17.987  -67.296  -40.377 0.6999999881
3247  19.645  -77.165  -39.367 0.6999999881
128114  18.034  -67.001  -41.481 0.5000000000
10965  17.034  -67.095  -41.265 0.6999999881
3783  18.285  -76.411  -36.453 0.8000000119
3790  18.621  -76.646  -37.292 0.8000000119
10974  18.974  -66.744  -42.002 0.5000000000
10988  18.691  -66.173  -43.052 0.5000000000
3778  16.533  -76.528  -35.069 0.6999999881
10996  19.228  -65.587  -43.485 0.5000000000
12635  19.736  -64.023  -43.738 0.6000000238
11811  18.315  -65.437  -43.712 0.5000000000
11820  17.145  -65.607  -43.913 0.6000000238
10997  16.472  -66.041  -43.646 0.6999999881
10991  15.140  -65.970  -43.171 0.6999999881
135532  17.795  -64.905  -43.898 0.5000000000
11821  16.300  -65.435  -43.891 0.6000000238
11822  15.581  -65.564  -43.735 0.6000000238
12628  15.068  -64.781  -43.982 0.6000000238
127955  19.178  -62.928  -43.549 0.6000000238
12639  15.737  -65.035  -43.995 0.6000000238
12627  16.112  -64.337  -43.715 0.6000000238
13508  18.393  -62.555  -43.305 0.5000000000
13519  17.290  -63.786  -43.654 0.5000000000
13497  15.252  -63.554  -42.850 0.6000000238
118709  13.650  -63.526  -43.051 0.6000000238
13487  13.806  -63.110  -41.927 0.6999999881
15393  13.665  -61.889  -40.786 0.6000000238
15405  13.387  -61.279  -41.280 0.6999999881
13509  17.023  -63.346  -43.200 0.6000000238
13496  16.342  -63.468  -42.272 0.6000000238
13498  14.541  -63.386  -41.951 0.6000000238
14440  13.946  -62.810  -40.348 0.5000000000
7849  18.913  -70.790  -41.064 0.8999999762
5674  18.277  -73.489  -44.173 0.6000000238
6364  17.885  -73.195  -43.988 0.6999999881
7832  19.339  -70.033  -40.631 0.8000000119
8561  19.168  -70.158  -37.816 0.6999999881
8580  19.524  -69.332  -40.084 0.6999999881
8587  19.580  -69.101  -41.123 0.8000000119
5008  19.931  -74.560  -41.554 0.6999999881
9366  19.665  -68.156  -41.229 0.8000000119
112936  19.733  -67.757  -42.022 0.6999999881
10164  19.912  -67.004  -42.749 0.6000000238
3789  19.485  -76.454  -37.721 0.8000000119
4383  18.629  -76.049  -35.914 0.8000000119
10987  19.581  -66.299  -42.979 0.5000000000
3777  17.783  -76.208  -35.681 0.8000000119
11818  20.275  -64.900  -43.662 0.5000000000
12625  20.276  -64.459  -43.535 0.6000000238
11819  19.451  -64.885  -43.780 0.6000000238
12626  19.821  -63.419  -43.411 0.6000000238
13507  19.256  -62.479  -43.203 0.6000000238
16341  15.258  -60.594  -40.254 0.5000000000
132194  14.581  -61.344  -39.781 0.5000000000
16342  14.448  -61.067  -40.643 0.6000000238
122056  17.150  -63.051  -41.543 0.6000000238
120315  15.412  -63.577  -41.640 0.6999999881
13485  15.101  -63.569  -40.606 0.6999999881
13486  14.359  -63.238  -40.629 0.6999999881
120346  18.111  -62.743  -41.616 0.6000000238
13476  14.880  -63.484  -39.647 0.6000000238
13483  17.413  -63.094  -40.525 0.6999999881
13484  16.082  -63.648  -40.752 0.6000000238
122358  15.521  -63.708  -39.779 0.5000000000
125042  17.835  -72.454  -43.416 0.6999999881
115425  18.571  -70.996  -42.030 0.6999999881
7848  19.137  -70.085  -41.606 0.8000000119
8604  19.406  -69.309  -42.309 0.6999999881
116101  19.723  -68.356  -42.055 0.6999999881
17264  16.327  -59.888  -39.257 0.5000000000
11793  20.769  -65.104  -41.003 0.5000000000
12614  20.368  -64.176  -42.967 0.6000000238
118680  15.741  -60.374  -39.552 0.5000000000
12603  20.277  -64.310  -41.685 0.5000000000
114344  20.728  -65.214  -40.070 0.5000000000
12615  19.805  -63.374  -42.525 0.6000000238
13494  18.761  -62.208  -42.781 0.6000000238
14433  14.334  -63.100  -39.643 0.5000000000
12586  20.232  -64.559  -40.442 0.5000000000
12604  19.586  -63.624  -41.047 0.6000000238
118646  18.676  -62.729  -41.582 0.6000000238
13472  19.018  -63.336  -40.116 0.6000000238
7089  18.202  -71.368  -43.253 0.6999999881
113063  18.578  -70.532  -43.667 0.6999999881
7862  18.792  -70.297  -42.698 0.6999999881
114071  17.386  -63.383  -38.899 0.5000000000
11776  20.275  -64.935  -39.379 0.5000000000
13462  15.466  -63.636  -38.697 0.5000000000
11777  19.587  -64.470  -39.001 0.5000000000
13473  18.439  -63.281  -39.452 0.5000000000
13474  17.757  -63.162  -39.599 0.5000000000
13475  16.572  -63.578  -39.455 0.5000000000
13461  17.664  -63.521  -38.319 0.5000000000
13448  16.028  -63.697  -37.617 0.5000000000
129298  18.969  -64.654  -37.420 0.5000000000
13446  17.966  -63.739  -37.819 0.5000000000
114123  16.690  -63.582  -38.354 0.5000000000
12571  19.103  -64.433  -38.259 0.5000000000
12572  18.367  -63.715  -38.515 0.5000000000
132762  17.961  -63.325  -38.948 0.5000000000
11760  19.893  -65.059  -38.455 0.5000000000
12588  18.997  -63.854  -39.182 0.5000000000
12556  18.559  -64.472  -36.750 0.5000000000
126535  17.570  -57.719  -38.963 0.6000000238
18150  17.512  -57.829  -40.530 0.6000000238
18130  17.214  -58.131  -38.029 0.5000000000
134554  17.605  -56.605  -38.700 0.6999999881
19068  17.641  -57.180  -40.174 0.6000000238
128055  16.754  -57.174  -40.512 0.6000000238
19985  16.128  -55.709  -39.078 0.6999999881
19973  17.472  -56.291  -37.884 0.6000000238
19984  17.496  -56.181  -38.998 0.6999999881
19995  16.429  -56.574  -39.845 0.6999999881
19996  15.507  -56.657  -39.386 0.6999999881
21012  15.732  -54.893  -38.273 0.8000000119
19963  17.794  -56.229  -36.784 0.5000000000
113774  17.662  -56.957  -37.149 0.5000000000
21023  16.794  -55.481  -38.982 0.8000000119
21011  17.189  -55.523  -38.107 0.6000000238
120402  14.942  -55.079  -37.504 0.6999999881
19026  19.524  -56.644  -35.134 0.5000000000
18112  18.350  -57.438  -36.019 0.5000000000
21984  16.202  -54.217  -37.881 0.6999999881
21996  16.680  -54.890  -38.255 0.6999999881
21002  17.417  -55.568  -37.221 0.6999999881
21986  14.104  -55.243  -36.974 0.6999999881
136212  15.824  -53.552  -37.352 0.6999999881
19962  18.599  -56.151  -36.072 0.6000000238
21982  16.930  -54.422  -37.238 0.8000000119
128537  11.607  -53.072  -32.240 0.6999999881
23746  11.955  -52.372  -33.828 0.8000000119
19934  21.103  -55.970  -33.189 0.4000000060
117845  13.409  -54.267  -36.883 0.6999999881
19945  20.876  -55.822  -34.003 0.5000000000
126448  14.509  -54.167  -37.188 0.6999999881
19955  19.687  -55.900  -35.088 0.6000000238
20997  18.794  -55.689  -35.606 0.6000000238
21983  16.650  -54.213  -37.576 0.6999999881
21970  17.873  -55.066  -36.061 0.8000000119
21971  17.067  -54.417  -36.568 0.8000000119
23666  9.301  -52.512  -26.177 0.5000000000
23675  8.720  -52.443  -27.298 0.5000000000
22783  8.972  -53.165  -26.983 0.5000000000
24599  10.456  -52.494  -29.712 0.5000000000
23704  11.975  -52.752  -29.580 0.6000000238
24598  11.223  -52.184  -29.587 0.6000000238
23707  9.552  -52.382  -29.973 0.6000000238
21878  8.043  -53.963  -29.747 0.6000000238
22820  11.167  -53.425  -30.336 0.6999999881
23705  11.066  -52.933  -29.702 0.6999999881
127140  11.594  -53.435  -31.247 0.6999999881
22839  10.626  -53.590  -31.302 0.6999999881
23779  13.797  -52.478  -36.107 0.6999999881
22873  13.586  -52.477  -35.709 0.6999999881
22863  13.004  -52.689  -34.607 0.8000000119
20980  20.616  -55.217  -33.901 0.5000000000
22885  14.456  -52.844  -36.496 0.6999999881
20988  20.266  -55.562  -34.531 0.6000000238
132371  15.165  -52.971  -36.604 0.8000000119
21960  17.453  -54.763  -35.789 0.6999999881
22870  16.146  -53.365  -36.202 0.8000000119
22883  16.257  -53.368  -36.724 0.8000000119
24551  9.186  -51.912  -25.705 0.5000000000
24566  9.243  -52.129  -26.577 0.6000000238
24588  9.186  -51.467  -27.816 0.5000000000
24579  8.614  -52.033  -27.447 0.6000000238
23676  7.641  -52.120  -28.132 0.6000000238
130701  7.189  -52.538  -28.493 0.6000000238
23687  6.703  -52.001  -28.745 0.6000000238
22795  6.814  -52.664  -28.919 0.5000000000
24611  11.313  -51.387  -29.840 0.5000000000
24612  10.276  -51.561  -29.877 0.5000000000
24597  12.254  -51.845  -29.591 0.6000000238
127242  9.067  -51.445  -30.387 0.6000000238
23722  8.920  -53.193  -30.398 0.6999999881
22807  7.283  -53.309  -29.281 0.6000000238
22803  13.367  -53.159  -29.645 0.6000000238
22819  12.160  -53.521  -30.170 0.6999999881
22821  10.237  -53.495  -30.543 0.6999999881
23706  10.083  -53.118  -30.006 0.6999999881
22822  9.426  -53.866  -30.657 0.8000000119
120972  7.713  -53.166  -30.456 0.6999999881
22818  13.286  -53.687  -29.982 0.6999999881
117943  12.691  -53.753  -30.851 0.6999999881
22838  13.230  -53.977  -31.483 0.6999999881
22848  13.001  -53.707  -32.415 0.8000000119
22854  13.732  -53.776  -33.917 0.8000000119
22855  12.881  -53.320  -33.431 0.8000000119
21948  19.886  -54.988  -34.255 0.5000000000
21940  18.023  -55.055  -33.600 0.6000000238
22872  14.501  -52.774  -35.792 0.8000000119
22862  13.976  -53.371  -34.923 0.8000000119
21959  18.448  -55.326  -35.270 0.6000000238
21949  18.976  -55.074  -34.427 0.6999999881
21962  15.780  -54.074  -35.431 0.8000000119
21950  17.963  -55.240  -34.699 0.6999999881
21961  16.662  -54.278  -35.753 0.6999999881
22869  16.697  -53.879  -36.461 0.8000000119
130674  9.304  -51.358  -25.532 0.4000000060
24565  9.627  -51.543  -26.301 0.5000000000
125964  8.693  -50.944  -28.427 0.4000000060
25425  7.613  -50.744  -28.761 0.5000000000
24590  6.346  -51.272  -29.159 0.5000000000
25444  9.683  -50.629  -30.626 0.6000000238
24613  8.057  -51.433  -30.892 0.6000000238
23725  6.336  -51.873  -29.849 0.6000000238
24595  13.951  -51.949  -29.760 0.6000000238
23723  7.597  -52.309  -30.639 0.6999999881
128509  7.153  -52.692  -30.342 0.6999999881
22817  14.209  -53.342  -29.885 0.6000000238
21933  13.825  -54.377  -32.017 0.8000000119
20969  16.820  -55.361  -33.340 0.6999999881
20990  16.256  -55.420  -34.074 0.6999999881
21952  15.422  -54.868  -34.436 0.8000000119
21942  14.309  -54.492  -33.394 0.8000000119
20981  17.154  -55.399  -34.107 0.6999999881
25411  10.178  -51.068  -26.433 0.4000000060
24550  9.681  -50.909  -25.734 0.4000000060
26226  9.171  -49.901  -25.300 0.4000000060
25424  9.663  -50.821  -28.276 0.5000000000
25419  10.069  -51.289  -27.305 0.4000000060
25397  7.906  -50.019  -24.665 0.5000000000
25426  6.713  -50.725  -29.158 0.5000000000
26282  7.185  -49.492  -30.262 0.5000000000
25447  6.735  -50.624  -30.266 0.5000000000
27206  7.906  -48.389  -30.285 0.5000000000
24614  7.247  -51.298  -30.677 0.6999999881
21896  14.151  -54.032  -30.413 0.6000000238
21932  14.564  -54.798  -32.479 0.8000000119
21929  17.379  -54.842  -32.686 0.6000000238
21930  16.443  -55.196  -32.458 0.6000000238
114415  16.069  -54.868  -31.613 0.6999999881
118822  15.182  -54.873  -31.573 0.6999999881
135172  15.688  -55.339  -33.756 0.6999999881
26227  7.097  -49.035  -24.771 0.3000000119
25418  10.627  -50.642  -27.867 0.4000000060
25410  10.758  -50.794  -26.825 0.3000000119
26225  10.244  -50.431  -25.971 0.4000000060
129174  9.914  -49.425  -25.578 0.4000000060
132197  8.138  -49.152  -24.964 0.5000000000
122153  8.544  -49.933  -29.105 0.4000000060
27144  7.538  -48.367  -24.922 0.3000000119
26297  8.101  -49.698  -31.138 0.5000000000
26273  7.549  -49.054  -29.661 0.4000000060
26295  9.712  -49.275  -31.484 0.6000000238
27182  8.197  -48.619  -29.563 0.4000000060
27222  9.155  -48.724  -31.287 0.4000000060
27207  7.396  -48.794  -30.048 0.5000000000
130416  14.468  -54.656  -31.608 0.6999999881
21931  15.549  -55.226  -32.403 0.6999999881
26202  6.548  -49.654  -24.616 0.4000000060
27143  8.777  -48.820  -25.261 0.4000000060
28090  8.479  -48.002  -25.181 0.3000000119
116416  10.380  -49.289  -28.941 0.3000000119
27194  7.897  -48.266  -29.859 0.4000000060
28162  8.799  -47.212  -30.149 0.4000000060
28163  8.198  -47.646  -29.985 0.4000000060
26241  11.620  -49.777  -26.744 0.3000000119
26242  10.943  -49.933  -26.245 0.3000000119
27142  9.420  -48.529  -25.381 0.3000000119
26252  11.797  -49.692  -27.555 0.3000000119
27192  9.945  -48.253  -29.293 0.3000000119
29090  8.802  -47.178  -30.017 0.3000000119
27193  8.632  -47.813  -29.719 0.3000000119
29105  9.249  -46.613  -30.009 0.3000000119
27141  10.542  -48.815  -25.600 0.3000000119
28089  9.471  -47.738  -25.196 0.3000000119
27159  11.460  -49.346  -26.118 0.3000000119
28088  10.734  -47.874  -25.231 0.3000000119
28129  10.881  -47.728  -29.150 0.3000000119
28146  9.497  -46.962  -29.642 0.3000000119
30070  9.909  -46.140  -29.983 0.3000000119
119251  6.494  -48.439  -24.737 0.3000000119
27158  12.183  -49.254  -26.642 0.3000000119
27140  12.617  -48.491  -26.020 0.3000000119
122783  10.330  -46.530  -29.428 0.3000000119
117618  18.149  -66.613  -42.420 0.6000000238
114623  16.643  -66.547  -43.040 0.6999999881
10976  16.288  -66.727  -42.124 0.6999999881
10977  15.558  -66.393  -42.482 0.6999999881
127024  6.643  -50.320  -29.639 0.4000000060
25460  7.892  -50.217  -31.128 0.6000000238
119482  17.058  -73.568  -38.325 0.6999999881
3806  19.371  -76.740  -41.722 0.8000000119
117567  15.112  -77.710  -36.762 0.6000000238
117500  18.542  -74.525  -42.738 0.6000000238
8572  19.466  -69.541  -39.346 0.6999999881
3779  16.082  -76.992  -35.722 0.6999999881
128319  17.144  -76.227  -35.201 0.8000000119
14441  13.723  -62.748  -41.162 0.6999999881
10989  17.451  -66.298  -43.349 0.5000000000
131101  15.048  -65.111  -44.003 0.6000000238
128845  14.237  -60.647  -41.130 0.6000000238
9353  19.536  -68.496  -40.352 0.8000000119
10994  20.817  -65.738  -43.812 0.5000000000
10995  20.080  -65.481  -43.589 0.6000000238
13493  19.142  -62.845  -42.064 0.6000000238
23767  14.762  -52.744  -36.219 0.8000000119
114234  21.883  -81.231  -32.533 0.4000000060
1293  22.512  -80.499  -31.280 0.4000000060
1328  20.962  -81.092  -35.502 0.3000000119
124743  21.395  -81.516  -33.086 0.4000000060
1304  21.276  -81.375  -32.327 0.4000000060
941  22.008  -80.707  -31.151 0.4000000060
2732  22.237  -79.044  -36.387 0.4000000060
2228  22.601  -79.311  -36.085 0.5000000000
1741  23.225  -80.060  -34.867 0.5000000000
2229  21.508  -79.514  -36.565 0.3000000119
1750  22.229  -79.837  -35.996 0.4000000060
1728  22.495  -80.981  -33.508 0.4000000060
113608  21.100  -79.880  -36.691 0.3000000119
1321  21.539  -80.961  -34.913 0.3000000119
1313  22.055  -81.240  -33.128 0.3000000119
1744  21.038  -80.358  -36.355 0.3000000119
2733  21.503  -79.056  -36.623 0.4000000060
2722  21.236  -78.497  -35.947 0.4000000060
3237  22.845  -78.449  -36.227 0.5000000000
2723  20.415  -78.541  -35.739 0.3000000119
2230  20.722  -79.624  -36.902 0.3000000119
122726  18.889  -79.941  -37.382 0.4000000060
2231  19.759  -79.791  -37.171 0.3000000119
2221  17.296  -79.509  -35.952 0.4000000060
132543  18.193  -80.228  -37.515 0.4000000060
2234  16.597  -80.051  -36.709 0.4000000060
3217  20.823  -78.021  -35.066 0.4000000060
3201  20.399  -77.593  -34.051 0.4000000060
2707  19.944  -78.142  -34.805 0.4000000060
3218  19.465  -77.835  -33.929 0.4000000060
3736  19.329  -76.634  -31.842 0.5000000000
2724  19.517  -78.628  -35.593 0.4000000060
2695  18.587  -77.985  -33.746 0.4000000060
2232  18.202  -79.673  -36.827 0.4000000060
2220  18.160  -79.184  -35.903 0.5000000000
2709  18.134  -78.449  -34.376 0.4000000060
2212  16.788  -79.136  -34.844 0.4000000060
2224  14.622  -79.433  -35.393 0.6000000238
2223  15.420  -79.703  -35.346 0.4000000060
4340  18.300  -75.575  -32.120 0.6000000238
4341  17.698  -75.983  -32.570 0.6000000238
3190  17.711  -76.923  -32.580 0.6000000238
3738  17.253  -76.387  -32.939 0.6000000238
3191  17.035  -76.940  -33.002 0.6000000238
4353  16.856  -75.962  -33.971 0.6999999881
2710  17.257  -78.605  -34.215 0.5000000000
3206  16.580  -77.294  -33.558 0.6000000238
4367  16.949  -76.083  -34.588 0.6999999881
4923  18.908  -73.971  -33.870 0.6999999881
4936  18.470  -74.534  -34.142 0.6999999881
4924  18.426  -74.276  -33.247 0.6000000238
4925  17.803  -74.971  -33.708 0.6999999881
4375  19.319  -75.560  -35.687 0.6999999881
3782  19.217  -76.167  -36.615 0.6999999881
3795  19.865  -76.708  -38.736 0.6999999881
4366  17.325  -75.536  -34.171 0.6999999881
4376  18.358  -75.627  -35.264 0.6999999881
4377  17.574  -75.793  -34.897 0.6999999881
4943  20.710  -74.428  -35.313 0.5000000000
4374  20.260  -75.195  -35.845 0.6000000238
4945  18.858  -75.004  -34.859 0.6999999881
4382  19.911  -75.704  -36.370 0.6000000238
4388  20.071  -75.966  -37.155 0.6999999881
4387  20.858  -75.684  -37.578 0.6999999881
4365  18.030  -75.209  -34.501 0.6999999881
3788  20.336  -76.204  -38.145 0.6999999881
3794  20.527  -76.425  -39.051 0.6000000238
126146  20.590  -75.443  -36.666 0.6000000238
4381  21.363  -75.159  -37.004 0.6000000238
4392  21.025  -75.907  -38.554 0.6000000238
4386  21.674  -75.311  -38.034 0.6000000238
5655  19.856  -73.911  -42.035 0.5000000000
5620  16.385  -73.838  -38.047 0.6000000238
4990  16.232  -74.757  -39.082 0.6000000238
4395  20.852  -76.108  -39.395 0.6000000238
4394  20.882  -75.442  -39.876 0.6000000238
5642  20.433  -73.911  -41.100 0.5000000000
6293  16.809  -72.166  -36.606 0.6000000238
6304  17.701  -72.352  -37.201 0.6000000238
5612  16.661  -73.316  -37.556 0.6000000238
4391  21.396  -75.385  -38.988 0.6000000238
4999  20.871  -74.133  -40.242 0.5000000000
4401  20.391  -74.835  -40.774 0.5000000000
8519  17.889  -69.954  -35.438 0.6000000238
117774  18.419  -70.307  -36.084 0.6000000238
7779  17.674  -70.770  -35.753 0.6000000238
7015  16.738  -71.401  -36.208 0.6000000238
7031  17.413  -72.037  -36.623 0.6000000238
125675  18.733  -70.552  -36.864 0.6000000238
117723  18.074  -71.259  -36.423 0.6000000238
113293  17.882  -72.272  -44.295 0.6000000238
8534  18.473  -69.356  -35.971 0.6000000238
10079  18.217  -67.906  -37.685 0.6000000238
8549  18.933  -69.711  -36.852 0.6000000238
9341  19.057  -68.208  -39.021 0.6000000238
8548  19.207  -69.170  -37.813 0.6000000238
10110  19.290  -67.998  -39.820 0.5000000000
8560  19.383  -69.408  -38.638 0.6000000238
9340  19.442  -68.788  -39.392 0.5000000000
7772  16.260  -69.831  -35.354 0.6999999881
9293  16.965  -68.703  -35.157 0.6000000238
9318  18.687  -68.675  -36.971 0.6000000238
10094  18.391  -67.800  -38.676 0.6000000238
10111  18.612  -67.671  -39.546 0.6000000238
10942  14.346  -66.169  -37.823 0.6000000238
9305  17.519  -68.230  -35.684 0.6000000238
10080  17.408  -67.544  -37.345 0.6000000238
10112  17.722  -67.420  -39.334 0.5000000000
10081  16.566  -67.206  -37.020 0.6000000238
121508  15.772  -66.592  -38.681 0.6000000238
10941  15.240  -66.497  -37.826 0.6000000238
128310  13.999  -65.807  -38.726 0.6000000238
10063  16.244  -67.366  -35.967 0.6000000238
10096  16.853  -67.152  -38.029 0.6000000238
10113  16.958  -67.143  -38.970 0.5000000000
113037  16.095  -66.782  -40.066 0.6000000238
10954  15.601  -66.553  -39.577 0.5000000000
11778  14.313  -65.939  -39.862 0.5000000000
10966  16.214  -66.834  -40.913 0.6000000238
10967  15.527  -66.573  -40.481 0.6000000238
10968  14.773  -66.250  -40.933 0.6000000238
11800  14.172  -65.830  -41.809 0.6999999881
11780  12.887  -65.225  -40.649 0.6999999881
11802  12.791  -65.020  -41.986 0.6999999881
12616  12.036  -64.149  -42.088 0.6999999881
118603  15.528  -66.544  -41.501 0.6000000238
10978  14.887  -66.193  -42.168 0.6999999881
134173  13.777  -65.295  -43.311 0.6999999881
11801  13.493  -65.376  -42.617 0.6999999881
133051  13.011  -65.065  -42.896 0.6999999881
12630  12.161  -63.867  -42.808 0.6000000238
11823  14.076  -65.135  -43.677 0.6000000238
5663  20.310  -73.345  -42.844 0.5000000000
119302  19.492  -73.453  -43.661 0.5000000000
5672  20.788  -72.802  -44.553 0.5000000000
129459  19.793  -73.060  -44.172 0.5000000000
5678  19.430  -72.939  -44.746 0.6000000238
6377  22.111  -72.283  -44.839 0.6000000238
6378  21.424  -72.360  -45.028 0.6000000238
6379  20.351  -72.434  -44.999 0.6000000238
6381  18.670  -72.719  -45.102 0.6000000238
7094  18.295  -71.997  -45.092 0.6000000238
7097  21.829  -71.812  -45.187 0.5000000000
7100  20.433  -71.486  -45.338 0.6000000238
119957  18.290  -71.217  -44.406 0.6000000238
8632  21.731  -69.915  -45.235 0.6000000238
8634  20.113  -70.005  -45.215 0.5000000000
7870  19.377  -70.099  -44.930 0.6000000238
7871  18.844  -70.277  -44.436 0.6000000238
9395  21.303  -69.072  -45.171 0.5000000000
8619  19.549  -69.376  -44.408 0.6000000238
126301  20.130  -67.560  -43.035 0.5000000000
9383  20.745  -67.580  -44.289 0.5000000000
112148  19.855  -68.499  -43.386 0.6000000238
2711  16.441  -78.649  -34.254 0.6000000238
3765  16.450  -76.596  -34.235 0.6999999881
5673  18.886  -73.451  -44.281 0.5000000000
10129  16.877  -67.102  -40.061 0.6000000238
11812  14.284  -65.653  -43.052 0.6999999881
6374  18.088  -72.935  -44.676 0.6000000238
8605  19.121  -69.678  -43.518 0.6000000238
124140  21.129  -81.322  -34.527 0.3000000119
1743  21.716  -80.413  -35.694 0.3000000119
1742  22.489  -80.218  -35.243 0.4000000060
2239  19.977  -80.031  -37.150 0.3000000119
2735  20.101  -79.119  -36.542 0.4000000060
2219  19.050  -79.259  -36.464 0.4000000060
3188  19.525  -77.150  -32.574 0.4000000060
2708  19.037  -78.278  -34.613 0.3000000119
3189  18.665  -77.122  -32.437 0.5000000000
2725  18.580  -78.714  -35.342 0.5000000000
3205  17.322  -77.552  -33.146 0.5000000000
2726  17.681  -78.883  -35.078 0.5000000000
4352  17.303  -75.698  -33.404 0.6000000238
4944  19.760  -74.791  -35.129 0.6999999881
10095  17.607  -67.477  -38.359 0.6000000238
12631  11.115  -63.987  -43.150 0.6000000238
6382  20.987  -71.949  -45.352 0.6000000238
116293  22.456  -70.163  -44.693 0.5000000000
6384  19.037  -72.104  -45.438 0.6000000238
7877  19.513  -70.855  -45.301 0.6000000238
7875  21.549  -70.702  -45.225 0.5000000000
7876  20.599  -70.831  -45.356 0.6000000238
124210  22.282  -69.099  -44.776 0.5000000000
8630  20.085  -69.258  -44.891 0.5000000000
9384  20.274  -68.588  -44.504 0.5000000000
2604  16.084  -78.296  -22.529 0.4000000060
2593  16.753  -78.718  -22.581 0.4000000060
2077  17.211  -79.274  -22.834 0.5000000000
2596  14.418  -77.596  -21.831 0.5000000000
2060  13.651  -78.028  -21.715 0.5000000000
2042  13.000  -78.862  -21.280 0.5000000000
2059  14.664  -78.437  -22.124 0.5000000000
131866  14.945  -77.360  -21.790 0.5000000000
2057  17.527  -78.967  -22.214 0.4000000060
119691  18.389  -79.467  -21.832 0.4000000060
2056  18.466  -79.951  -22.335 0.5000000000
896  24.134  -82.554  -27.665 0.3000000119
886  24.421  -82.897  -26.879 0.3000000119
908  23.313  -81.988  -28.475 0.3000000119
920  22.870  -81.460  -29.256 0.3000000119
3091  14.290  -76.960  -21.409 0.4000000060
2597  13.518  -77.262  -21.403 0.5000000000
2585  12.621  -77.186  -21.106 0.5000000000
3083  15.033  -77.147  -21.303 0.4000000060
2595  15.606  -77.727  -21.913 0.4000000060
2041  17.451  -78.879  -21.430 0.3000000119
2569  16.484  -78.787  -20.431 0.3000000119
1595  19.918  -80.274  -20.947 0.4000000060
2040  18.109  -79.198  -21.049 0.3000000119
2039  18.997  -79.010  -20.608 0.4000000060
2055  19.099  -79.830  -21.445 0.5000000000
2024  18.409  -78.891  -20.179 0.3000000119
895  24.952  -82.286  -27.298 0.3000000119
616  24.857  -83.063  -26.005 0.3000000119
919  23.512  -81.636  -28.937 0.3000000119
1271  23.254  -81.258  -29.510 0.3000000119
932  22.351  -80.622  -30.073 0.3000000119
136120  14.521  -76.945  -20.077 0.3000000119
3076  13.921  -76.827  -19.810 0.4000000060
2570  15.680  -78.283  -19.994 0.3000000119
2025  17.675  -79.255  -19.972 0.3000000119
2038  19.743  -79.191  -20.310 0.4000000060
120813  20.428  -79.312  -19.917 0.4000000060
1238  26.779  -81.723  -26.637 0.4000000060
875  26.290  -82.250  -26.165 0.4000000060
874  26.801  -82.418  -25.235 0.4000000060
868  26.750  -82.706  -24.225 0.4000000060
860  27.354  -82.311  -23.398 0.4000000060
851  27.324  -81.877  -22.233 0.5000000000
1257  25.063  -81.340  -28.323 0.3000000119
906  24.571  -81.944  -27.996 0.3000000119
1258  24.225  -81.606  -28.665 0.3000000119
940  22.526  -80.432  -30.594 0.3000000119
1312  22.610  -80.934  -32.734 0.3000000119
135212  14.639  -78.248  -18.599 0.3000000119
2566  19.426  -77.767  -19.724 0.3000000119
130752  20.216  -78.481  -19.587 0.3000000119
2037  20.785  -78.702  -19.610 0.4000000060
2036  21.305  -79.110  -19.704 0.4000000060
2568  17.732  -78.661  -19.303 0.3000000119
2567  18.678  -78.172  -19.882 0.3000000119
1592  24.841  -80.483  -20.194 0.5000000000
1660  28.635  -80.149  -27.004 0.3000000119
1652  28.149  -80.854  -26.649 0.3000000119
1661  27.847  -80.519  -27.438 0.3000000119
131002  27.595  -81.454  -26.236 0.3000000119
1227  27.095  -81.985  -25.945 0.4000000060
1618  27.632  -80.758  -22.205 0.5000000000
1189  26.934  -81.309  -21.164 0.5000000000
1237  27.315  -81.154  -27.038 0.3000000119
867  27.590  -82.130  -24.296 0.4000000060
1212  28.021  -81.681  -23.337 0.4000000060
123972  27.752  -81.561  -22.696 0.5000000000
119962  27.186  -81.645  -21.885 0.5000000000
1270  23.914  -81.116  -29.407 0.3000000119
1280  23.237  -80.803  -30.038 0.3000000119
1292  22.898  -80.517  -30.754 0.3000000119
1302  22.808  -80.555  -31.798 0.3000000119
1716  23.198  -80.488  -32.707 0.4000000060
117836  20.046  -77.753  -19.567 0.3000000119
2580  21.322  -78.306  -20.236 0.4000000060
114376  17.313  -78.398  -18.106 0.3000000119
3074  17.844  -77.664  -19.187 0.3000000119
3073  18.599  -77.397  -19.704 0.3000000119
3067  17.323  -77.564  -18.426 0.3000000119
2034  23.029  -79.558  -20.548 0.4000000060
1593  23.782  -80.160  -19.971 0.5000000000
2053  23.566  -79.418  -21.772 0.4000000060
1606  24.261  -79.798  -21.016 0.5000000000
2106  29.675  -78.924  -26.712 0.3000000119
1605  25.479  -80.202  -20.990 0.5000000000
1651  28.875  -80.388  -26.107 0.3000000119
2050  26.620  -79.987  -21.942 0.4000000060
2051  25.703  -79.839  -21.859 0.5000000000
2114  28.326  -79.798  -27.790 0.3000000119
1643  29.019  -80.505  -25.122 0.4000000060
1636  28.858  -80.606  -24.156 0.4000000060
1619  27.347  -80.295  -22.132 0.5000000000
121052  26.294  -80.281  -21.397 0.5000000000
1246  26.972  -80.759  -27.740 0.3000000119
1225  28.582  -81.145  -24.888 0.4000000060
1219  28.330  -81.441  -24.217 0.5000000000
1199  28.151  -81.114  -22.977 0.5000000000
1684  24.818  -80.419  -29.179 0.3000000119
1709  23.857  -79.745  -30.475 0.4000000060
2181  23.681  -79.387  -31.441 0.3000000119
1710  23.158  -80.375  -30.906 0.4000000060
119097  23.197  -80.216  -31.889 0.4000000060
2250  14.686  -79.802  -40.270 0.5000000000
1736  23.375  -80.283  -34.161 0.3000000119
3574  17.453  -77.026  -17.098 0.3000000119
2591  21.440  -77.839  -21.247 0.3000000119
122739  17.202  -77.249  -17.680 0.3000000119
2590  22.037  -78.473  -21.346 0.3000000119
2075  23.983  -79.398  -22.742 0.4000000060
2076  23.203  -79.037  -22.558 0.3000000119
3128  29.642  -77.746  -26.585 0.3000000119
2074  24.916  -79.603  -22.678 0.5000000000
2100  29.312  -79.632  -26.441 0.3000000119
2072  26.982  -79.730  -22.587 0.4000000060
2073  25.933  -79.611  -22.710 0.4000000060
1642  29.265  -79.785  -24.614 0.4000000060
1629  28.988  -79.801  -23.978 0.4000000060
2088  28.451  -79.727  -23.488 0.4000000060
2071  27.858  -80.041  -22.741 0.4000000060
1673  26.643  -80.295  -28.380 0.3000000119
1682  26.397  -79.797  -28.997 0.3000000119
1630  28.514  -80.504  -23.461 0.4000000060
1617  28.069  -80.624  -22.847 0.5000000000
2163  24.584  -79.411  -30.143 0.3000000119
2180  24.615  -78.868  -31.025 0.4000000060
2196  23.699  -79.473  -32.474 0.4000000060
2256  15.095  -79.547  -40.831 0.5000000000
2205  23.714  -79.940  -33.622 0.4000000060
2204  24.353  -78.905  -33.208 0.5000000000
2755  13.980  -79.241  -39.490 0.5000000000
7032  16.233  -72.098  -36.877 0.5000000000
2092  24.428  -79.197  -23.615 0.3000000119
123775  23.599  -79.015  -23.460 0.3000000119
6306  16.322  -72.854  -37.120 0.5000000000
113724  15.780  -71.284  -37.420 0.6000000238
3129  28.719  -77.150  -27.138 0.3000000119
3121  29.837  -77.557  -25.608 0.3000000119
118963  28.742  -78.452  -28.356 0.3000000119
2621  29.953  -78.372  -25.344 0.3000000119
3111  29.295  -77.711  -24.613 0.3000000119
124125  25.324  -79.307  -23.456 0.4000000060
129613  14.663  -69.491  -37.371 0.5000000000
2087  29.026  -79.032  -24.096 0.3000000119
2607  28.480  -78.564  -23.743 0.3000000119
2608  27.791  -78.445  -23.394 0.3000000119
2609  26.817  -78.598  -23.476 0.3000000119
4404  16.304  -75.602  -40.522 0.5000000000
2142  27.098  -79.342  -29.706 0.3000000119
2143  26.003  -79.460  -29.618 0.3000000119
3817  17.041  -77.464  -41.892 0.5000000000
2179  26.028  -78.957  -31.198 0.3000000119
2267  16.051  -78.634  -41.520 0.5000000000
2670  25.269  -78.387  -32.014 0.4000000060
2255  15.978  -79.383  -40.913 0.6000000238
2683  25.094  -78.391  -32.950 0.4000000060
2694  25.100  -78.738  -34.133 0.5000000000
2248  16.410  -79.187  -40.659 0.5000000000
2706  24.965  -79.005  -34.958 0.4000000060
2210  24.385  -79.277  -35.133 0.3000000119
2211  23.872  -79.803  -34.580 0.4000000060
134874  14.287  -78.681  -38.762 0.6000000238
3746  24.126  -76.062  -34.480 0.3000000119
3762  23.627  -76.576  -35.063 0.4000000060
3236  23.584  -78.268  -36.153 0.4000000060
124594  23.680  -79.494  -35.306 0.3000000119
2747  14.235  -78.413  -37.914 0.6000000238
2741  13.479  -78.785  -37.430 0.5000000000
3747  23.243  -76.244  -33.973 0.3000000119
3763  22.698  -76.755  -34.578 0.5000000000
3215  22.209  -77.397  -35.011 0.4000000060
3230  21.684  -77.938  -35.455 0.4000000060
2736  13.547  -78.897  -36.560 0.6000000238
4339  22.752  -75.752  -31.950 0.3000000119
3748  22.327  -76.462  -33.511 0.5000000000
3749  21.402  -76.720  -33.170 0.4000000060
3216  21.319  -77.506  -34.556 0.4000000060
3718  21.252  -76.112  -31.474 0.4000000060
3734  20.900  -76.613  -32.173 0.5000000000
3750  20.435  -77.063  -33.018 0.4000000060
3735  20.073  -76.814  -32.120 0.5000000000
7016  16.127  -70.852  -36.580 0.6000000238
130840  15.591  -70.399  -37.415 0.6000000238
3672  27.880  -76.887  -28.038 0.3000000119
3659  29.355  -77.051  -26.170 0.3000000119
3646  29.245  -76.739  -25.456 0.3000000119
3637  29.466  -77.174  -25.015 0.3000000119
7781  15.936  -70.204  -35.926 0.6000000238
7793  15.435  -69.885  -36.682 0.6000000238
3148  28.241  -77.571  -28.760 0.3000000119
3112  28.925  -76.962  -24.562 0.3000000119
3631  27.506  -76.837  -23.779 0.3000000119
8536  14.467  -69.225  -36.098 0.6000000238
134728  28.336  -77.721  -30.213 0.3000000119
3101  28.697  -77.642  -24.089 0.3000000119
3102  28.043  -77.620  -23.653 0.3000000119
9307  13.444  -68.693  -36.049 0.6000000238
2161  26.552  -79.269  -30.431 0.3000000119
10049  13.240  -67.602  -35.550 0.6000000238
118432  12.667  -68.293  -35.979 0.6000000238
10065  11.803  -67.294  -36.095 0.6000000238
10066  10.984  -67.025  -36.494 0.5000000000
132506  25.612  -78.382  -35.143 0.4000000060
3228  23.962  -77.686  -36.296 0.4000000060
4326  20.770  -75.625  -30.975 0.4000000060
3719  20.257  -76.311  -31.435 0.5000000000
3673  27.332  -75.945  -28.046 0.3000000119
121190  27.866  -76.390  -27.316 0.3000000119
3660  28.561  -76.268  -26.252 0.3000000119
132523  28.534  -76.377  -24.603 0.3000000119
3638  27.869  -76.151  -24.306 0.3000000119
3639  26.953  -76.077  -24.041 0.3000000119
7003  17.069  -70.890  -35.664 0.5000000000
3684  27.565  -76.627  -28.900 0.3000000119
2642  28.409  -78.246  -29.250 0.3000000119
9295  15.541  -68.576  -35.203 0.5000000000
8535  15.437  -69.574  -35.675 0.6000000238
3156  28.133  -77.396  -29.612 0.3000000119
3113  26.517  -76.908  -23.791 0.3000000119
8523  14.951  -68.977  -35.426 0.6000000238
3692  28.192  -77.113  -30.373 0.3000000119
119472  14.026  -67.884  -35.397 0.6000000238
117872  26.431  -77.917  -34.803 0.3000000119
2693  25.871  -78.311  -33.886 0.3000000119
124932  12.477  -66.453  -36.108 0.6000000238
11753  10.671  -65.820  -36.805 0.6000000238
118074  14.984  -67.864  -35.282 0.6000000238
10064  15.360  -67.270  -35.740 0.5000000000
133627  14.875  -66.796  -36.106 0.6000000238
10919  13.303  -66.508  -36.068 0.6000000238
10929  12.904  -65.965  -36.762 0.6000000238
11740  11.318  -65.934  -36.563 0.6000000238
11762  11.630  -65.086  -37.993 0.6000000238
11752  11.421  -65.472  -37.132 0.6000000238
12575  10.344  -64.637  -38.908 0.5000000000
10047  15.872  -67.847  -35.322 0.5000000000
10082  15.596  -66.847  -36.709 0.5000000000
10928  13.795  -66.244  -36.869 0.5000000000
11751  12.398  -65.459  -37.628 0.6000000238
132017  10.393  -63.930  -41.338 0.5000000000
13515  10.559  -63.866  -43.253 0.6000000238
12632  10.400  -64.000  -42.976 0.6000000238
12618  9.756  -63.712  -42.193 0.5000000000
13516  10.154  -63.681  -42.971 0.6000000238
13499  9.446  -63.331  -42.444 0.6000000238
10927  14.666  -66.505  -36.883 0.5000000000
12573  12.235  -65.018  -38.852 0.5000000000
12589  11.739  -64.531  -39.788 0.5000000000
12574  11.305  -64.659  -38.804 0.6000000238
12605  12.214  -64.662  -40.849 0.6000000238
12590  10.914  -64.162  -39.860 0.5000000000
12606  11.433  -64.187  -40.960 0.6000000238
12629  13.083  -64.363  -43.210 0.6000000238
12617  11.065  -64.017  -42.339 0.6000000238
14458  9.752  -62.939  -42.751 0.5000000000
123341  9.939  -57.079  -37.944 0.5000000000
10940  16.095  -66.779  -37.781 0.5000000000
11761  13.123  -65.460  -38.619 0.5000000000
118647  12.997  -65.307  -39.594 0.6000000238
19979  8.238  -56.179  -38.086 0.5000000000
19042  7.632  -56.881  -37.963 0.6000000238
19978  9.107  -56.230  -38.075 0.6000000238
19977  10.282  -56.284  -37.544 0.6000000238
19053  8.790  -56.798  -38.386 0.5000000000
19052  11.188  -56.947  -37.132 0.5000000000
19040  12.120  -57.686  -36.464 0.5000000000
16366  10.147  -60.874  -41.329 0.5000000000
15410  9.678  -61.514  -41.960 0.5000000000
23759  12.188  -51.846  -34.934 0.6000000238
23760  11.274  -51.940  -34.467 0.6999999881
23770  10.722  -52.195  -35.640 0.6000000238
23761  10.084  -52.413  -35.165 0.6999999881
21964  8.598  -54.028  -35.374 0.6000000238
19957  8.289  -55.816  -35.334 0.6000000238
22874  9.924  -52.687  -35.951 0.6000000238
22876  8.818  -53.509  -35.852 0.6000000238
23768  12.306  -51.933  -35.707 0.6000000238
23781  11.572  -52.189  -36.049 0.6000000238
21975  8.916  -53.954  -36.814 0.6000000238
21976  8.235  -54.002  -36.453 0.5000000000
19958  7.791  -55.992  -36.572 0.6000000238
23780  12.712  -52.306  -36.121 0.6000000238
21974  10.593  -53.899  -36.765 0.6000000238
21003  8.218  -54.690  -37.226 0.5000000000
19966  7.915  -55.850  -37.598 0.6000000238
21973  11.763  -53.688  -36.623 0.6000000238
21989  9.104  -54.765  -37.200 0.6000000238
121446  12.321  -54.576  -36.706 0.6000000238
21987  11.229  -54.678  -36.823 0.6000000238
21016  10.738  -55.518  -37.092 0.6000000238
19976  11.521  -56.199  -36.930 0.5000000000
18121  12.725  -58.369  -36.014 0.5000000000
19039  13.083  -57.679  -36.237 0.5000000000
17254  13.265  -58.975  -36.353 0.5000000000
17255  13.091  -59.477  -37.323 0.5000000000
21963  9.215  -53.507  -35.208 0.6000000238
20992  10.747  -54.867  -34.449 0.6999999881
22887  12.645  -53.080  -36.508 0.5000000000
21015  11.922  -55.429  -36.771 0.6000000238
19975  12.760  -56.195  -36.604 0.6000000238
19965  12.417  -56.935  -36.582 0.5000000000
19964  13.461  -56.967  -36.473 0.6000000238
19038  13.763  -57.677  -36.552 0.5000000000
19050  14.563  -56.936  -37.602 0.6000000238
18132  13.696  -58.305  -36.768 0.6000000238
22815  16.099  -53.347  -30.841 0.4000000060
119521  10.260  -53.669  -32.129 0.6999999881
20971  10.512  -55.403  -31.964 0.5000000000
19925  11.535  -56.578  -32.421 0.5000000000
22837  16.518  -54.034  -31.209 0.6000000238
21895  14.962  -53.938  -30.432 0.5000000000
20983  11.025  -54.673  -33.488 0.6000000238
19936  11.561  -56.227  -33.308 0.5000000000
23736  17.436  -53.331  -31.864 0.5000000000
22850  10.840  -53.145  -32.311 0.6000000238
21944  10.803  -54.338  -33.798 0.8000000119
23752  10.661  -52.727  -33.319 0.6999999881
21954  10.328  -53.869  -34.037 0.8000000119
19948  10.689  -55.820  -34.644 0.6999999881
19974  13.839  -56.200  -36.647 0.6000000238
128645  14.603  -56.513  -37.253 0.6000000238
19917  11.241  -56.384  -31.647 0.5000000000
23720  15.302  -53.129  -30.328 0.5000000000
22840  9.994  -53.893  -31.320 0.6999999881
19916  11.590  -57.246  -31.771 0.5000000000
23745  17.468  -51.984  -32.072 0.4000000060
23737  16.774  -52.846  -31.533 0.4000000060
23744  18.160  -52.788  -32.133 0.4000000060
22847  18.961  -53.372  -32.472 0.5000000000
114300  18.470  -54.403  -32.885 0.4000000060
20960  10.020  -54.848  -31.548 0.5000000000
19906  11.031  -56.513  -30.481 0.5000000000
24607  15.300  -52.036  -30.661 0.3000000119
23721  14.529  -52.460  -29.905 0.3000000119
21934  9.997  -54.266  -31.721 0.6000000238
23743  18.676  -52.538  -32.078 0.4000000060
21939  19.217  -54.630  -33.598 0.4000000060
21919  9.777  -54.390  -31.045 0.6000000238
22846  20.044  -53.602  -32.290 0.4000000060
115307  9.807  -54.995  -30.770 0.5000000000
20945  10.340  -55.699  -30.482 0.5000000000
26290  16.493  -49.790  -32.478 0.3000000119
24622  15.144  -51.299  -31.333 0.3000000119
24609  13.587  -51.343  -30.137 0.3000000119
24610  12.862  -51.306  -29.940 0.4000000060
22845  20.686  -54.193  -32.259 0.3000000119
21927  20.422  -54.339  -32.763 0.4000000060
20968  21.101  -55.301  -32.571 0.4000000060
25441  13.083  -50.682  -30.598 0.4000000060
21898  9.241  -54.333  -30.454 0.6000000238
20946  9.870  -55.339  -29.961 0.4000000060
25442  12.042  -50.790  -30.284 0.4000000060
26281  16.614  -49.670  -31.873 0.3000000119
26291  15.979  -49.428  -32.438 0.3000000119
131713  8.530  -54.205  -30.170 0.5000000000
25443  10.817  -50.658  -30.426 0.4000000060
25459  8.342  -50.092  -31.233 0.5000000000
25456  11.401  -49.944  -31.119 0.4000000060
25457  10.254  -49.853  -31.218 0.4000000060
29124  12.454  -46.384  -31.607 0.3000000119
29125  11.522  -46.627  -31.301 0.3000000119
28180  11.325  -47.450  -31.616 0.3000000119
28181  10.316  -47.633  -31.342 0.3000000119
28161  9.627  -46.993  -30.566 0.3000000119
25396  8.916  -50.798  -25.059 0.4000000060
30105  12.513  -45.516  -31.293 0.3000000119
132608  25.967  -77.385  -23.942 0.3000000119
26294  10.872  -49.134  -31.700 0.3000000119
19986  15.110  -56.048  -38.163 0.6000000238
25378  7.057  -50.693  -24.410 0.4000000060
22836  17.825  -53.999  -32.251 0.5000000000
27221  10.080  -48.496  -31.583 0.3000000119
2731  23.042  -78.800  -36.123 0.3000000119
3776  23.233  -77.308  -35.650 0.4000000060
11750  13.438  -65.791  -37.708 0.5000000000
2594  16.588  -78.344  -22.041 0.4000000060
2058  15.629  -78.751  -22.611 0.5000000000
119987  19.083  -80.666  -22.019 0.5000000000
885  25.351  -82.576  -26.514 0.4000000060
2583  15.901  -77.805  -21.203 0.4000000060
1594  20.628  -80.228  -19.975 0.4000000060
1247  25.475  -81.657  -27.690 0.4000000060
869  26.090  -82.925  -24.872 0.4000000060
2572  12.827  -77.388  -19.105 0.3000000119
2559  17.514  -79.593  -18.872 0.3000000119
118117  19.626  -78.346  -19.738 0.3000000119
115863  26.409  -81.386  -27.365 0.3000000119
1683  25.597  -80.561  -28.642 0.4000000060
2581  20.619  -77.994  -19.812 0.4000000060
2035  22.011  -79.602  -19.652 0.4000000060
1604  27.053  -80.716  -21.568 0.5000000000
2261  15.543  -79.171  -41.033 0.5000000000
1696  23.538  -80.603  -30.065 0.4000000060
2579  22.055  -79.026  -20.448 0.4000000060
2052  24.905  -79.779  -21.706 0.5000000000
121273  29.697  -79.107  -25.003 0.3000000119
2127  27.270  -79.614  -28.836 0.3000000119
2144  25.063  -79.641  -29.587 0.3000000119
2754  14.770  -78.954  -39.612 0.6000000238
2602  22.478  -78.601  -22.399 0.3000000119
2054  22.738  -79.029  -21.533 0.4000000060
2090  26.321  -79.290  -23.247 0.3000000119
2763  17.117  -78.175  -41.672 0.5000000000
2195  24.349  -78.639  -32.128 0.4000000060
2611  23.224  -78.642  -24.072 0.3000000119
2610  25.700  -78.689  -23.904 0.3000000119
3775  24.252  -77.017  -36.017 0.4000000060
2720  24.416  -78.231  -36.070 0.4000000060
128426  24.099  -78.911  -35.706 0.4000000060
4351  23.870  -75.812  -33.366 0.3000000119
4240  28.264  -75.713  -24.951 0.3000000119
10048  14.513  -67.221  -35.613 0.6000000238
3227  24.889  -77.537  -36.225 0.3000000119
4241  27.449  -75.389  -24.621 0.3000000119
3716  28.799  -77.352  -31.783 0.3000000119
22864  9.751  -53.043  -34.598 0.6999999881
20991  11.212  -54.827  -34.091 0.6999999881
22856  10.257  -52.981  -33.628 0.6999999881
20972  10.342  -54.548  -32.362 0.6000000238
24621  15.835  -51.413  -31.873 0.3000000119
25453  15.382  -50.561  -32.322 0.3000000119
2757  17.748  -78.798  -40.977 0.5000000000
3263  18.059  -78.125  -41.498 0.5000000000
4935  19.237  -74.307  -34.463 0.6000000238
128456  13.634  -65.589  -39.405 0.4000000060
11779  13.592  -65.565  -40.267 0.5000000000
119355  10.214  -63.579  -43.095 0.5000000000
13512  12.987  -63.870  -43.203 0.5000000000
13513  12.234  -63.897  -42.894 0.5000000000
13514  11.236  -63.936  -43.184 0.5000000000
15419  10.135  -62.186  -42.479 0.5000000000
14448  11.360  -62.731  -42.651 0.5000000000
13521  13.693  -64.229  -43.507 0.5000000000
15409  10.529  -61.531  -41.902 0.4000000060
14456  12.485  -63.360  -42.749 0.5000000000
14457  11.659  -63.464  -42.910 0.5000000000
15408  11.493  -61.771  -41.859 0.5000000000
16365  11.047  -60.799  -41.046 0.5000000000
14447  12.184  -62.536  -42.149 0.6000000238
16364  12.118  -61.031  -41.155 0.5000000000
17266  13.147  -59.049  -38.290 0.5000000000
15406  12.844  -61.979  -41.583 0.6000000238
17274  12.539  -59.265  -39.486 0.5000000000
15407  12.335  -61.716  -41.594 0.6000000238
16352  11.892  -60.337  -40.521 0.6000000238
16353  11.125  -60.260  -40.323 0.5000000000
15394  13.344  -62.157  -41.353 0.6000000238
16363  12.998  -61.116  -41.391 0.6000000238
16351  12.846  -60.350  -41.015 0.6000000238
17273  13.313  -58.997  -40.130 0.6000000238
17290  13.830  -60.390  -41.229 0.6000000238
18153  13.790  -58.211  -39.425 0.5000000000
19063  14.194  -57.582  -38.425 0.5000000000
123941  13.367  -59.721  -40.848 0.6000000238
17284  12.534  -59.611  -40.352 0.6000000238
19950  8.475  -56.857  -35.377 0.5000000000
19015  10.353  -56.899  -34.392 0.5000000000
20993  9.035  -55.016  -34.797 0.5000000000
19062  14.748  -57.048  -38.819 0.6000000238
124351  14.273  -59.478  -41.031 0.6000000238
19071  14.344  -57.668  -39.343 0.6000000238
18152  14.487  -58.102  -40.115 0.6000000238
18165  14.945  -58.819  -40.935 0.6000000238
25455  12.476  -50.022  -31.195 0.3000000119
124989  8.847  -51.607  -25.023 0.3000000119
3720  19.561  -76.110  -31.344 0.4000000060
4911  18.531  -74.605  -32.294 0.5000000000
128092  14.135  -78.516  -36.164 0.5000000000
2740  14.267  -78.255  -36.904 0.5000000000
2739  14.971  -77.969  -37.659 0.4000000060
4934  20.058  -74.085  -34.651 0.4000000060
2254  17.036  -78.939  -40.982 0.4000000060
129454  16.423  -78.551  -39.637 0.4000000060
133590  17.170  -79.035  -40.927 0.4000000060
112124  15.632  -78.735  -39.633 0.4000000060
5604  23.072  -73.936  -36.012 0.4000000060
4941  22.291  -74.247  -36.008 0.4000000060
4955  21.061  -74.869  -36.147 0.4000000060
3265  17.465  -77.776  -41.777 0.4000000060
5592  22.323  -73.730  -35.359 0.4000000060
4942  21.606  -74.306  -35.702 0.4000000060
4962  22.098  -74.810  -37.281 0.4000000060
115958  22.320  -74.773  -37.987 0.5000000000
131913  14.754  -60.061  -41.270 0.5000000000
16350  15.291  -60.064  -41.145 0.5000000000
17282  16.131  -59.299  -41.296 0.5000000000
17272  16.200  -59.788  -40.591 0.5000000000
17271  16.955  -59.271  -39.957 0.5000000000
19082  16.543  -58.070  -40.979 0.5000000000
18144  17.300  -58.560  -39.156 0.5000000000
19000  10.858  -57.440  -33.587 0.4000000060
18988  11.573  -57.157  -32.555 0.4000000060
17281  16.847  -59.029  -40.993 0.5000000000
19083  15.456  -58.107  -40.680 0.5000000000
5593  21.406  -73.816  -35.025 0.4000000060
4954  21.820  -74.640  -36.452 0.4000000060
1610  13.859  -79.221  -21.461 0.4000000060
1596  13.361  -80.109  -20.771 0.4000000060
119004  15.752  -84.704  -16.944 0.4000000060
1194  14.170  -80.342  -21.041 0.4000000060
357  16.135  -84.192  -17.728 0.4000000060
118362  13.802  -81.017  -20.316 0.4000000060
534  17.398  -83.905  -18.698 0.4000000060
535  16.534  -83.792  -18.595 0.4000000060
536  15.672  -83.641  -18.459 0.4000000060
1622  16.007  -79.668  -22.779 0.5000000000
1609  14.969  -79.649  -22.107 0.5000000000
133757  15.610  -80.448  -22.255 0.4000000060
1193  15.015  -80.803  -21.508 0.4000000060
548  16.090  -83.413  -19.298 0.4000000060
2078  16.436  -79.024  -22.900 0.5000000000
1202  17.212  -80.723  -22.705 0.5000000000
1608  16.368  -80.614  -22.551 0.5000000000
1183  16.196  -82.112  -21.166 0.4000000060
1184  15.241  -81.610  -20.928 0.4000000060
1191  17.586  -81.496  -22.346 0.4000000060
1192  16.708  -81.515  -22.156 0.4000000060
558  19.198  -83.049  -20.580 0.4000000060
545  18.756  -83.551  -19.715 0.4000000060
546  17.793  -83.566  -19.627 0.4000000060
561  16.499  -83.133  -20.056 0.4000000060
825  15.750  -82.955  -19.794 0.4000000060
533  18.316  -83.960  -18.748 0.4000000060
547  16.913  -83.498  -19.469 0.4000000060
844  18.116  -82.114  -21.941 0.5000000000
845  17.179  -82.221  -21.674 0.4000000060
120407  16.168  -82.677  -20.411 0.4000000060
559  18.216  -83.215  -20.538 0.4000000060
835  17.700  -82.778  -21.173 0.4000000060
125184  16.833  -82.750  -20.825 0.4000000060
823  21.239  -82.596  -18.938 0.3000000119
817  22.093  -82.437  -18.343 0.3000000119
1157  21.720  -81.683  -18.772 0.4000000060
824  20.697  -82.326  -19.851 0.3000000119
1171  21.356  -80.907  -18.977 0.4000000060
122310  21.172  -81.784  -19.287 0.4000000060
814  24.686  -82.802  -18.256 0.3000000119
815  24.147  -82.743  -17.910 0.4000000060
132427  22.836  -82.350  -18.014 0.4000000060
1156  22.538  -81.581  -18.422 0.4000000060
1154  24.461  -82.123  -18.302 0.4000000060
134081  23.126  -81.306  -18.435 0.4000000060
1170  22.718  -80.775  -18.748 0.4000000060
1579  22.797  -80.065  -19.458 0.3000000119
557  20.052  -82.711  -20.350 0.3000000119
1581  21.100  -80.203  -19.265 0.3000000119
1172  20.864  -81.201  -19.797 0.4000000060
1153  25.070  -82.369  -18.793 0.4000000060
1580  21.766  -80.266  -18.996 0.3000000119
1169  23.797  -81.239  -18.649 0.4000000060
1577  24.371  -80.803  -19.372 0.4000000060
1578  23.471  -80.553  -19.211 0.4000000060
833  19.567  -82.288  -21.160 0.4000000060
1181  20.295  -81.917  -20.712 0.4000000060
350  24.847  -83.350  -18.898 0.4000000060
2022  21.308  -79.752  -19.361 0.3000000119
1166  26.184  -81.961  -20.022 0.4000000060
822  25.328  -82.450  -19.323 0.4000000060
1179  26.494  -81.598  -20.574 0.4000000060
1180  26.048  -81.611  -19.896 0.4000000060
1168  24.886  -81.622  -18.927 0.4000000060
843  19.009  -81.745  -21.863 0.4000000060
1182  19.746  -81.358  -21.353 0.4000000060
121112  20.347  -81.058  -20.691 0.4000000060
2023  20.898  -79.484  -19.492 0.3000000119
842  26.374  -82.402  -21.243 0.4000000060
121614  26.813  -82.367  -21.900 0.4000000060
841  26.853  -82.026  -21.562 0.4000000060
1590  26.461  -80.817  -20.892 0.4000000060
1576  25.385  -81.244  -19.593 0.4000000060
1201  17.874  -80.787  -22.612 0.4000000060
118326  17.855  -79.494  -22.490 0.4000000060
1190  18.399  -81.242  -22.349 0.4000000060
4973  22.024  -74.672  -38.633 0.4000000060
1167  25.682  -81.994  -19.409 0.4000000060
542  25.307  -82.815  -19.567 0.4000000060
560  17.303  -83.204  -20.327 0.4000000060
813  24.978  -82.859  -18.798 0.4000000060
821  25.810  -82.244  -19.912 0.4000000060
831  26.883  -81.698  -21.286 0.4000000060
832  26.366  -82.071  -20.734 0.4000000060
834  18.657  -82.611  -21.320 0.5000000000
836  15.480  -82.304  -20.274 0.4000000060
852  27.116  -82.348  -22.604 0.5000000000
859  27.587  -81.956  -22.795 0.5000000000
876  25.779  -82.789  -25.658 0.4000000060
894  25.886  -81.999  -26.979 0.4000000060
907  23.829  -82.094  -28.271 0.3000000119
931  22.892  -80.841  -29.978 0.3000000119
1155  23.509  -81.967  -18.106 0.4000000060
1200  27.654  -81.289  -22.365 0.5000000000
1211  28.460  -81.052  -23.539 0.5000000000
1226  27.818  -81.739  -25.253 0.4000000060
1236  28.381  -81.074  -25.735 0.4000000060
1256  26.006  -80.978  -28.003 0.3000000119
1269  24.668  -81.077  -28.819 0.3000000119
1303  22.263  -80.832  -31.924 0.4000000060
1314  20.895  -81.619  -33.757 0.3000000119
1320  21.799  -81.206  -33.978 0.3000000119
1591  25.910  -80.921  -20.227 0.4000000060
1603  27.268  -81.316  -21.763 0.5000000000
1607  18.339  -80.477  -22.465 0.4000000060
1620  17.730  -80.020  -22.804 0.4000000060
1621  16.858  -79.833  -22.981 0.5000000000
1672  27.531  -80.076  -28.131 0.3000000119
1695  24.244  -80.123  -29.741 0.4000000060
1727  23.096  -80.644  -33.494 0.4000000060
1737  22.708  -80.643  -34.271 0.4000000060
1738  22.066  -80.710  -34.824 0.4000000060
1751  21.615  -79.904  -36.401 0.3000000119
1752  20.456  -80.145  -36.844 0.3000000119
2079  15.267  -77.955  -22.227 0.5000000000
2089  27.403  -79.294  -23.099 0.4000000060
2095  29.301  -79.233  -24.464 0.3000000119
2099  29.408  -79.745  -25.483 0.3000000119
2162  25.423  -79.156  -30.239 0.3000000119
2214  15.261  -79.114  -34.896 0.6000000238
2217  23.351  -79.126  -35.838 0.3000000119
2218  22.935  -79.664  -35.604 0.5000000000
2225  13.907  -79.221  -35.860 0.5000000000
2233  17.485  -80.089  -37.221 0.4000000060
2240  19.302  -80.247  -37.316 0.4000000060
2249  15.444  -79.410  -40.580 0.5000000000
2257  13.636  -79.941  -40.293 0.5000000000
2260  16.770  -78.629  -41.408 0.4000000060
2571  14.689  -77.523  -19.369 0.3000000119
2582  16.828  -78.690  -21.148 0.3000000119
2584  13.401  -76.726  -20.780 0.5000000000
2606  29.506  -78.521  -24.687 0.3000000119
2628  29.994  -78.305  -26.204 0.3000000119
2634  29.672  -78.384  -26.890 0.3000000119
2650  28.318  -78.306  -30.039 0.3000000119
2696  17.704  -78.110  -33.604 0.4000000060
2697  16.843  -78.126  -33.628 0.5000000000
2719  25.350  -78.013  -36.004 0.3000000119
2721  22.059  -78.508  -36.172 0.4000000060
2727  14.579  -78.565  -35.562 0.6000000238
2734  20.846  -78.955  -36.524 0.4000000060
2748  13.628  -78.889  -38.449 0.5000000000
2751  18.683  -78.290  -40.472 0.6000000238
2753  17.167  -78.680  -40.196 0.6000000238
2756  18.872  -78.309  -40.887 0.6000000238
2759  18.843  -78.132  -41.184 0.6000000238
2760  17.503  -78.586  -41.238 0.5000000000
2764  16.342  -78.145  -41.842 0.5000000000
3075  15.064  -77.194  -20.478 0.4000000060
3077  12.972  -76.813  -19.809 0.4000000060
3084  14.398  -76.790  -20.682 0.4000000060
3103  27.244  -77.645  -23.557 0.3000000119
3104  26.294  -77.864  -23.827 0.3000000119
3114  25.547  -77.819  -24.206 0.3000000119
3139  29.284  -78.070  -27.459 0.3000000119
3202  19.767  -77.447  -33.320 0.4000000060
3203  19.021  -77.538  -33.141 0.4000000060
3204  18.157  -77.583  -33.042 0.4000000060
3229  22.560  -77.904  -35.867 0.5000000000
3232  15.109  -77.871  -35.476 0.6999999881
3243  17.941  -77.066  -37.620 0.8000000119
3262  19.271  -77.672  -41.343 0.6999999881
3630  28.286  -76.872  -24.074 0.3000000119
3647  28.653  -76.055  -25.351 0.3000000119
3721  18.907  -76.045  -31.576 0.6000000238
3732  22.961  -76.024  -32.889 0.3000000119
3733  21.963  -76.265  -32.318 0.4000000060
3737  18.404  -76.451  -32.081 0.6000000238
3751  16.836  -76.440  -33.480 0.6999999881
3764  21.809  -76.952  -34.111 0.4000000060
3766  15.957  -77.023  -34.876 0.6999999881
3816  17.785  -77.316  -41.794 0.4000000060
4242  26.508  -75.325  -24.423 0.3000000119
4313  21.231  -74.983  -30.739 0.4000000060
4325  21.473  -75.572  -31.029 0.4000000060
4402  20.425  -76.138  -40.746 0.6999999881
4912  17.894  -75.104  -32.872 0.6000000238
4953  22.548  -74.375  -36.682 0.4000000060
4974  16.642  -74.179  -38.673 0.6000000238
5561  18.837  -73.849  -32.597 0.4000000060
5586  19.542  -73.653  -34.039 0.6000000238
5594  20.727  -73.823  -34.736 0.4000000060
5679  18.549  -73.213  -44.658 0.6000000238
6305  16.984  -72.699  -36.963 0.6000000238
6307  15.786  -72.872  -37.367 0.5000000000
6317  17.583  -72.858  -37.926 0.6999999881
6373  21.752  -72.639  -44.603 0.6000000238
6380  19.427  -72.484  -45.164 0.6000000238
6383  19.961  -72.011  -45.310 0.6000000238
7014  17.249  -71.472  -36.138 0.6000000238
7030  18.074  -71.836  -37.025 0.6999999881
7066  18.736  -71.429  -39.897 0.8000000119
7098  21.979  -71.229  -45.139 0.5000000000
7099  21.359  -71.352  -45.276 0.6000000238
7101  19.650  -71.554  -45.377 0.6000000238
7770  17.301  -70.360  -35.380 0.6000000238
7771  16.849  -70.320  -35.356 0.5000000000
7780  16.525  -70.622  -35.777 0.5000000000
7792  18.630  -71.162  -37.388 0.6000000238
7816  19.382  -70.107  -39.755 0.8000000119
7833  19.087  -70.750  -40.224 0.6999999881
7873  18.719  -70.956  -45.064 0.6000000238
7874  21.973  -70.621  -45.177 0.5000000000
8520  17.067  -69.651  -35.115 0.6000000238
8521  16.320  -69.086  -35.073 0.5000000000
8522  15.703  -69.202  -35.247 0.5000000000
8627  22.166  -69.960  -45.115 0.5000000000
8628  21.948  -69.045  -45.082 0.5000000000
8629  20.637  -69.287  -45.123 0.5000000000
8633  21.003  -69.956  -45.345 0.6000000238
9292  17.778  -69.048  -35.383 0.6000000238
9294  16.287  -68.414  -35.153 0.5000000000
9296  13.261  -68.182  -35.649 0.6000000238
9297  12.534  -67.668  -35.785 0.6000000238
9306  14.098  -68.597  -35.594 0.6000000238
9319  17.948  -68.005  -36.626 0.6000000238
9329  19.296  -68.784  -38.595 0.6000000238
9330  18.874  -68.388  -38.130 0.6000000238
10046  16.709  -67.937  -35.452 0.5000000000
10050  12.184  -67.102  -35.829 0.6000000238
10905  13.675  -67.092  -35.581 0.6000000238
10906  12.836  -67.086  -35.643 0.6000000238
10918  14.150  -66.628  -36.071 0.6000000238
10920  12.030  -65.830  -36.623 0.6000000238
10921  11.633  -66.577  -36.216 0.6000000238
10953  16.294  -66.801  -39.320 0.5000000000
10955  14.911  -66.262  -38.938 0.5000000000
10975  17.199  -66.843  -42.339 0.6000000238
10986  20.306  -66.137  -43.545 0.5000000000
10990  15.936  -66.281  -43.151 0.6999999881
11741  10.944  -66.399  -36.502 0.5000000000
11794  14.089  -65.821  -40.825 0.5000000000
11795  13.495  -65.506  -41.348 0.6999999881
11813  13.391  -64.990  -43.383 0.6999999881
11814  12.755  -64.609  -42.895 0.6999999881
12564  18.450  -64.173  -37.663 0.5000000000
12587  19.608  -64.141  -39.825 0.5000000000
12636  18.784  -64.334  -43.847 0.6000000238
12637  18.058  -63.889  -43.751 0.5000000000
12638  16.874  -64.802  -43.977 0.6000000238
12640  14.530  -64.981  -43.924 0.6000000238
13431  17.957  -63.930  -37.148 0.5000000000
13447  17.239  -63.589  -37.496 0.5000000000
13482  19.011  -62.977  -40.986 0.6000000238
13495  17.814  -62.646  -42.584 0.6000000238
13510  15.142  -64.125  -43.628 0.6000000238
13520  14.411  -64.540  -43.778 0.6000000238
14449  10.701  -62.473  -42.623 0.5000000000
14459  9.102  -62.963  -42.464 0.6000000238
15386  14.015  -62.186  -39.789 0.5000000000
15420  9.724  -62.405  -42.544 0.5000000000
16367  9.437  -60.672  -41.198 0.5000000000
17265  13.505  -58.844  -37.226 0.5000000000
17275  11.795  -59.789  -40.016 0.5000000000
17283  15.387  -59.546  -41.292 0.5000000000
18120  13.293  -58.310  -36.240 0.5000000000
18133  8.987  -57.599  -38.137 0.5000000000
18143  17.703  -57.775  -39.886 0.6000000238
18145  13.696  -58.283  -38.056 0.5000000000
18151  17.354  -58.482  -40.392 0.6000000238
18163  17.087  -58.316  -40.956 0.6000000238
18164  15.973  -58.866  -41.413 0.5000000000
18999  11.467  -57.040  -33.238 0.4000000060
19027  18.856  -56.740  -35.797 0.5000000000
19037  14.294  -56.937  -36.786 0.6000000238
19049  17.516  -57.189  -38.158 0.6999999881
19051  14.196  -57.641  -37.159 0.6000000238
19061  17.721  -56.982  -39.382 0.6000000238
19069  15.924  -57.317  -40.264 0.6000000238
19070  14.998  -57.480  -39.770 0.6000000238
19081  17.220  -57.513  -40.653 0.6000000238
19905  11.428  -57.263  -30.934 0.5000000000
19923  20.970  -55.923  -32.211 0.4000000060
19937  11.272  -56.503  -34.013 0.4000000060
19947  11.374  -55.542  -34.160 0.6999999881
19949  9.432  -56.329  -34.865 0.5000000000
19956  19.181  -56.161  -35.569 0.5000000000
19994  17.544  -56.603  -39.718 0.6000000238
20959  10.438  -55.605  -31.197 0.5000000000
20970  11.268  -55.633  -32.815 0.6000000238
20979  21.011  -55.505  -33.392 0.5000000000
20982  15.945  -55.458  -33.239 0.6999999881
20989  19.431  -55.449  -34.867 0.6000000238
20998  7.804  -54.745  -35.805 0.6000000238
21001  17.956  -55.572  -36.361 0.6000000238
21004  7.866  -54.884  -37.033 0.6000000238
21013  14.580  -56.092  -37.051 0.6000000238
21014  13.067  -55.333  -36.732 0.6000000238
21017  9.595  -55.535  -37.483 0.6000000238
21018  8.490  -55.435  -37.748 0.5000000000
21022  17.086  -55.465  -38.700 0.6000000238
21035  17.269  -56.005  -39.440 0.6999999881
21036  16.844  -56.023  -39.555 0.6999999881
21897  13.500  -54.035  -30.729 0.6999999881
21899  7.940  -53.708  -30.235 0.6999999881
21914  21.018  -54.628  -31.993 0.4000000060
21915  16.848  -54.545  -31.944 0.5000000000
21916  15.557  -54.436  -30.951 0.6999999881
21917  14.743  -54.482  -30.933 0.6999999881
21918  13.986  -54.397  -31.143 0.6999999881
21926  20.913  -54.673  -32.525 0.4000000060
21928  19.599  -54.183  -32.878 0.4000000060
21937  20.825  -54.925  -33.147 0.5000000000
21938  20.151  -54.643  -33.497 0.4000000060
21941  15.080  -55.093  -33.410 0.8000000119
21943  13.715  -54.166  -32.951 0.8000000119
21945  10.403  -53.655  -33.019 0.8000000119
21951  16.979  -55.116  -34.893 0.6999999881
21953  14.511  -54.332  -34.217 0.8000000119
21955  9.540  -54.021  -34.664 0.6000000238
21972  12.670  -53.854  -36.677 0.5000000000
21985  15.416  -54.113  -37.573 0.6999999881
21988  10.128  -54.781  -37.049 0.6000000238
21995  16.909  -54.887  -37.923 0.8000000119
21997  16.344  -55.030  -38.508 0.6999999881
22784  8.046  -52.777  -28.031 0.6000000238
22804  12.598  -53.211  -29.683 0.6000000238
22805  11.660  -53.201  -29.802 0.6000000238
22806  10.863  -53.230  -29.926 0.6999999881
22808  6.780  -52.772  -29.496 0.6000000238
22816  15.687  -53.827  -30.685 0.5000000000
22823  8.458  -53.717  -30.409 0.6000000238
22824  7.261  -53.236  -30.027 0.6999999881
22825  6.653  -52.502  -29.940 0.6000000238
22834  20.667  -53.885  -31.752 0.3000000119
22849  12.124  -53.005  -32.792 0.8000000119
22861  14.870  -53.813  -35.157 0.8000000119
22871  15.401  -53.003  -35.936 0.8000000119
22875  9.431  -53.001  -35.548 0.6999999881
22882  16.731  -53.790  -37.006 0.8000000119
22884  15.602  -53.074  -36.449 0.8000000119
22886  13.545  -52.824  -36.385 0.5000000000
22888  11.033  -52.937  -36.477 0.6000000238
22889  9.910  -53.272  -36.527 0.6000000238
22890  9.132  -53.360  -36.249 0.6000000238
22897  16.327  -53.587  -37.237 0.6999999881
22898  15.764  -53.198  -36.892 0.8000000119
22899  15.066  -53.284  -37.056 0.8000000119
22900  14.059  -53.383  -36.802 0.6999999881
22901  13.263  -53.470  -36.654 0.5000000000
23688  6.374  -52.054  -29.335 0.5000000000
23702  13.715  -52.626  -29.615 0.6000000238
23703  12.888  -52.630  -29.513 0.6000000238
23724  6.796  -52.039  -30.324 0.6000000238
23738  16.073  -52.441  -31.140 0.4000000060
23742  19.365  -52.825  -31.956 0.4000000060
23747  11.272  -52.663  -33.046 0.6999999881
23751  11.028  -52.249  -33.708 0.6999999881
23758  12.768  -52.116  -35.472 0.6000000238
23769  11.467  -51.836  -35.380 0.6000000238
23782  10.619  -52.576  -36.154 0.6000000238
24578  9.394  -51.727  -27.090 0.6000000238
24589  8.054  -51.525  -28.149 0.5000000000
24596  13.258  -51.929  -29.604 0.6000000238
24600  6.255  -51.448  -29.546 0.5000000000
24608  14.473  -51.509  -30.468 0.3000000119
24615  6.417  -51.351  -30.070 0.5000000000
24623  7.907  -50.684  -31.079 0.6000000238
24629  16.241  -50.646  -32.503 0.3000000119
25427  6.474  -50.701  -29.406 0.5000000000
25432  6.392  -50.788  -29.613 0.5000000000
25439  14.677  -50.892  -31.412 0.3000000119
25440  13.950  -50.752  -30.940 0.3000000119
25445  8.625  -50.631  -30.949 0.5000000000
25446  7.443  -50.499  -30.784 0.6000000238
25458  9.179  -49.936  -31.277 0.5000000000
25467  16.564  -50.132  -32.563 0.3000000119
25468  15.896  -49.934  -32.804 0.3000000119
26253  11.332  -50.302  -27.279 0.3000000119
26262  11.133  -49.876  -28.307 0.4000000060
26263  10.050  -50.019  -28.678 0.3000000119
26264  7.203  -50.009  -29.379 0.5000000000
26265  6.697  -50.292  -29.523 0.5000000000
26274  6.985  -49.654  -29.773 0.4000000060
26283  6.708  -49.959  -29.922 0.4000000060
26296  8.797  -49.491  -31.304 0.5000000000
26298  7.573  -49.899  -30.819 0.5000000000
26309  16.146  -49.707  -32.727 0.3000000119
27181  9.264  -48.969  -29.298 0.3000000119
27195  7.433  -48.823  -29.916 0.5000000000
27196  7.117  -49.320  -29.925 0.5000000000
27205  8.628  -48.118  -30.592 0.5000000000
27223  8.365  -48.962  -30.952 0.5000000000
27224  7.703  -49.194  -30.610 0.5000000000
28147  8.191  -47.751  -30.033 0.4000000060
28148  7.843  -48.220  -29.963 0.5000000000
28182  9.403  -47.840  -30.954 0.4000000060
29088  9.995  -46.166  -29.816 0.3000000119
29089  9.374  -46.545  -29.981 0.3000000119
29104  9.910  -46.236  -30.199 0.3000000119
29126  10.545  -46.811  -30.957 0.3000000119
30106  11.671  -45.836  -30.947 0.3000000119
112390  17.910  -76.726  -36.929 0.8000000119
112624  12.350  -53.449  -31.841 0.6999999881
113166  8.450  -52.310  -30.512 0.6000000238
113706  15.969  -63.809  -43.207 0.6000000238
115017  10.728  -63.486  -43.228 0.5000000000
115040  24.420  -79.324  -34.348 0.3000000119
115280  16.930  -76.570  -35.745 0.8000000119
115368  28.103  -79.243  -23.291 0.3000000119
115782  12.795  -77.725  -21.438 0.5000000000
116141  21.997  -79.504  -36.334 0.3000000119
117313  16.180  -54.945  -34.908 0.6999999881
118784  18.406  -62.911  -40.497 0.6000000238
120762  8.094  -53.040  -30.618 0.6999999881
120931  14.747  -65.325  -43.751 0.6000000238
120967  10.521  -53.228  -32.810 0.6999999881
121154  29.832  -79.015  -25.853 0.3000000119
121592  7.001  -51.427  -28.682 0.6000000238
121656  19.239  -77.674  -39.822 0.6999999881
121876  10.423  -52.396  -34.223 0.6999999881
122092  23.272  -77.917  -36.188 0.4000000060
122759  29.773  -77.816  -25.012 0.3000000119
123094  15.827  -81.257  -21.814 0.4000000060
123688  14.920  -78.369  -38.640 0.6000000238
124071  16.886  -58.818  -38.035 0.5000000000
124126  10.703  -51.972  -34.980 0.6999999881
124149  11.936  -52.694  -36.415 0.6000000238
124162  24.295  -79.610  -22.008 0.5000000000
124267  16.395  -79.082  -40.994 0.6000000238
124376  18.779  -57.408  -35.373 0.5000000000
124894  17.130  -67.603  -36.238 0.6000000238
126063  7.080  -50.079  -30.413 0.5000000000
126131  24.818  -78.635  -35.559 0.4000000060
126408  28.964  -76.440  -24.943 0.3000000119
126699  17.331  -54.955  -36.790 0.8000000119
126744  12.999  -52.195  -35.899 0.6999999881
126779  16.409  -66.850  -38.564 0.6000000238
127037  9.670  -54.105  -36.898 0.6000000238
127830  15.022  -66.332  -39.960 0.6000000238
128307  18.701  -77.746  -41.509 0.6999999881
128481  12.408  -64.956  -39.887 0.5000000000
128999  21.719  -81.020  -31.921 0.4000000060
129285  18.234  -56.806  -36.401 0.5000000000
129520  21.066  -77.169  -33.771 0.4000000060
129731  16.562  -58.781  -41.224 0.5000000000
129740  14.082  -58.673  -40.353 0.6000000238
129851  9.862  -63.413  -42.793 0.6000000238
129958  23.725  -78.641  -35.967 0.4000000060
130136  17.100  -55.001  -37.476 0.8000000119
130291  29.052  -78.310  -24.220 0.3000000119
130395  17.229  -56.657  -40.119 0.6999999881
130691  13.237  -58.678  -39.131 0.5000000000
130861  14.710  -68.391  -35.366 0.6000000238
130992  19.548  -77.194  -41.491 0.8000000119
131498  25.596  -79.934  -29.150 0.3000000119
131902  21.920  -80.959  -18.721 0.4000000060
132278  24.450  -76.456  -35.422 0.4000000060
132339  18.905  -71.509  -45.352 0.6000000238
132388  11.429  -55.381  -33.746 0.6000000238
132634  7.580  -56.555  -37.292 0.6000000238
132654  28.625  -77.664  -27.994 0.3000000119
132666  8.007  -55.259  -37.698 0.5000000000
133013  17.128  -54.050  -31.771 0.5000000000
133475  14.491  -81.157  -20.723 0.4000000060
133617  9.228  -54.696  -30.231 0.5000000000
135368  16.581  -79.185  -40.891 0.4000000060
135386  18.926  -62.260  -43.333 0.5000000000
135456  18.211  -68.602  -36.029 0.6000000238
135490  17.865  -57.441  -36.576 0.5000000000
135502  14.189  -52.516  -36.055 0.6999999881
135600  19.466  -66.896  -42.276 0.6000000238
135684  10.144  -62.999  -42.966 0.5000000000
136205  20.021  -71.221  -45.339 0.6000000238
