#!ascii label  , from subject sub-v1s18x0051252_ses-1 vox2ras=TkReg
1851
3019  -1.570  -59.882  -0.843 0.6999999881
3525  -2.222  -59.552  -1.610 0.8000000119
4078  -1.876  -58.549  -1.871 0.8000000119
4097  -1.462  -57.606  -3.002 0.6999999881
2535  -1.779  -61.227  -1.494 0.6000000238
3027  -1.925  -60.455  -1.233 0.6000000238
4098  -2.122  -58.739  -2.710 0.6000000238
2548  -1.524  -62.050  -2.033 0.6000000238
4067  -1.112  -58.332  -0.513 0.8000000119
4077  -1.387  -57.686  -1.714 0.6999999881
4635  -1.208  -56.813  -1.894 0.6999999881
5172  -1.509  -56.605  -2.608 0.6999999881
136023  -1.235  -60.739  -0.986 0.6000000238
3516  -1.007  -59.262  -0.383 0.6999999881
4657  -1.237  -57.021  -2.703 0.6999999881
2104  -1.632  -62.680  -2.723 0.6000000238
2120  -1.807  -63.214  -3.347 0.6000000238
140314  -2.316  -63.025  -2.903 0.6000000238
134594  -2.031  -64.061  -5.380 0.6000000238
1707  -2.567  -64.188  -4.706 0.6000000238
5668  0.199  -56.132  0.617 0.8000000119
5134  -0.568  -55.983  0.025 0.8000000119
5135  -1.095  -55.792  -0.755 0.6999999881
5680  -1.636  -55.098  -0.554 0.6999999881
5681  -2.551  -54.894  -0.548 0.6999999881
5123  -0.242  -56.952  0.345 0.8000000119
4619  -0.941  -56.599  -0.732 0.6999999881
5701  -2.064  -55.469  -1.117 0.6999999881
4609  -0.025  -57.938  0.520 0.6999999881
128976  -1.133  -57.412  -0.912 0.8000000119
5152  -1.350  -56.239  -1.627 0.6999999881
4058  0.065  -58.598  0.321 0.6999999881
2534  -0.877  -61.464  -1.527 0.6999999881
2103  -0.876  -62.246  -2.540 0.6000000238
144445  -0.865  -61.941  -2.025 0.6000000238
126625  -1.784  -63.817  -4.920 0.6000000238
1684  -2.071  -63.727  -4.100 0.6000000238
1331  -1.705  -64.130  -6.066 0.6000000238
1349  -0.657  -64.768  -7.791 0.6999999881
1350  -1.437  -64.597  -7.508 0.6000000238
794  0.947  -66.117  -8.993 0.5000000000
1037  -0.474  -65.149  -8.762 0.6000000238
797  1.770  -66.778  -9.607 0.5000000000
6244  0.350  -54.417  0.472 0.8999999762
5679  -0.900  -55.110  -0.087 0.8000000119
6256  -1.277  -54.236  -0.164 0.6999999881
131613  0.904  -56.133  0.923 0.6999999881
5667  0.648  -55.316  0.755 0.8999999762
6257  -2.121  -54.180  -0.376 0.6999999881
4057  0.584  -58.104  0.522 0.8000000119
5122  0.630  -57.101  0.765 0.8000000119
3507  0.557  -58.910  0.126 0.8000000119
3522  1.555  -59.468  -1.311 0.6999999881
3514  0.499  -59.527  -0.337 0.6999999881
3025  0.453  -60.592  -1.441 0.8000000119
2546  0.359  -61.080  -2.291 0.8000000119
2563  -0.251  -61.930  -3.226 0.6999999881
2139  -1.279  -63.121  -4.017 0.6999999881
1706  -1.259  -63.718  -5.451 0.6000000238
126315  -0.821  -64.453  -6.941 0.6999999881
131950  0.531  -65.696  -8.155 0.6999999881
6243  1.171  -54.591  0.695 0.8999999762
6881  0.003  -53.555  0.212 0.8000000119
6901  -1.675  -53.357  -0.288 0.6999999881
5121  1.586  -56.499  0.917 0.8000000119
5666  1.436  -55.480  0.951 0.8000000119
4608  1.363  -57.521  0.636 0.6999999881
3513  1.866  -58.805  -0.858 0.6999999881
4064  2.250  -58.148  -0.461 0.6000000238
126724  1.130  -59.229  -0.433 0.8000000119
3024  1.228  -60.075  -1.832 0.8000000119
3058  0.839  -60.878  -3.259 0.8000000119
2582  -0.101  -62.089  -4.070 0.6999999881
2154  0.032  -62.789  -4.634 0.8000000119
2138  -0.558  -62.730  -4.284 0.6999999881
1704  0.330  -63.167  -4.783 0.8000000119
1022  0.245  -65.034  -6.159 0.6999999881
1329  -0.361  -64.399  -6.170 0.6999999881
1705  -0.489  -63.392  -5.022 0.6999999881
1031  0.498  -65.562  -7.177 0.6999999881
1348  -0.194  -64.858  -7.088 0.6999999881
8384  -6.032  -51.626  -11.654 0.6000000238
129052  -5.432  -52.274  -11.974 0.6000000238
9804  -5.704  -50.154  -12.366 0.6000000238
10554  -4.973  -49.131  -12.125 0.6999999881
6880  0.819  -53.736  0.327 0.8999999762
135586  -0.305  -52.864  -0.076 0.6999999881
5133  2.931  -56.720  0.285 0.6000000238
4076  2.606  -58.517  -1.282 0.6000000238
4634  3.007  -57.870  -0.848 0.6000000238
3521  2.219  -59.106  -1.746 0.6999999881
3038  2.326  -59.940  -3.125 0.6999999881
143195  2.033  -59.775  -2.746 0.6999999881
7607  -0.530  -52.491  -4.432 0.6999999881
7608  -1.545  -52.366  -4.684 0.6999999881
140349  1.435  -60.681  -3.733 0.8000000119
3039  1.576  -60.190  -2.932 0.8000000119
6978  -0.311  -53.458  -5.597 0.6000000238
7623  -2.277  -52.134  -5.201 0.6999999881
2561  1.026  -61.147  -4.153 0.6999999881
7622  -1.675  -52.833  -5.688 0.5000000000
7634  -2.344  -52.179  -6.151 0.6999999881
2153  0.685  -62.351  -4.652 0.8000000119
2581  0.649  -61.780  -4.460 0.8000000119
6994  -1.412  -53.429  -6.373 0.5000000000
7007  -1.903  -53.606  -7.127 0.5000000000
1010  0.251  -64.460  -5.341 0.6999999881
6368  -2.219  -54.162  -7.990 0.5000000000
122080  -2.025  -54.858  -8.459 0.6000000238
7018  -2.843  -53.870  -8.393 0.5000000000
7009  -3.031  -53.158  -8.425 0.6000000238
7653  -2.989  -51.869  -8.462 0.6999999881
8370  -3.779  -51.012  -9.441 0.6999999881
6382  -3.437  -54.012  -9.143 0.5000000000
7028  -3.563  -52.847  -9.374 0.6000000238
7663  -3.463  -51.614  -9.216 0.6000000238
7673  -5.454  -52.403  -11.554 0.6000000238
6392  -3.313  -54.799  -9.446 0.6000000238
7029  -4.417  -53.233  -10.337 0.6000000238
144990  -5.245  -53.076  -11.173 0.6000000238
6393  -3.988  -54.625  -10.174 0.5000000000
125278  -4.048  -53.855  -9.912 0.5000000000
7684  -4.862  -53.013  -11.556 0.6000000238
136129  -4.766  -51.164  -12.529 0.6000000238
9092  -3.972  -50.596  -12.282 0.6999999881
10540  -2.865  -48.882  -11.374 0.6000000238
10525  -3.253  -48.605  -10.464 0.6999999881
6401  -4.941  -53.856  -11.080 0.6000000238
7045  -4.858  -53.650  -11.282 0.6000000238
8395  -4.727  -52.277  -12.012 0.6000000238
9091  -3.142  -50.456  -12.228 0.6999999881
9787  -2.208  -49.315  -11.833 0.5000000000
6899  0.421  -52.960  -0.078 0.8999999762
5120  2.389  -56.365  0.720 0.6000000238
5665  2.239  -55.629  0.866 0.6999999881
7533  -0.065  -52.309  -0.625 0.8000000119
7536  -2.817  -52.848  -0.741 0.6999999881
136466  -0.781  -51.921  -0.976 0.6999999881
7568  0.558  -52.123  -2.093 0.8000000119
4096  2.926  -58.866  -2.022 0.6999999881
7606  0.292  -52.627  -4.099 0.8000000119
129403  -1.055  -52.060  -3.938 0.6000000238
6963  -0.004  -53.055  -4.889 0.6999999881
6338  0.100  -54.054  -5.988 0.6000000238
2599  1.797  -61.893  -5.122 0.8000000119
2579  2.115  -61.453  -4.926 0.8000000119
2151  2.270  -62.364  -5.502 0.8000000119
6993  -0.657  -53.757  -6.242 0.5000000000
139254  1.632  -62.785  -5.017 0.8000000119
6367  -1.511  -54.350  -7.545 0.5000000000
5795  -0.719  -55.810  -8.397 0.5000000000
5796  -1.606  -55.547  -8.767 0.6000000238
139314  -1.738  -54.582  -8.017 0.6000000238
5816  -2.601  -55.315  -9.272 0.6000000238
5817  -3.514  -55.352  -10.144 0.6000000238
123603  -1.116  -49.129  -9.777 0.5000000000
6399  -4.575  -54.742  -10.879 0.5000000000
10523  -1.835  -49.123  -10.948 0.5000000000
10524  -2.491  -48.847  -10.446 0.6000000238
134984  -4.119  -54.456  -11.443 0.6000000238
7683  -4.025  -52.949  -11.650 0.6999999881
8406  -2.858  -51.112  -12.033 0.6999999881
9801  -2.558  -49.707  -12.159 0.6999999881
6409  -3.330  -55.055  -11.529 0.6000000238
9090  -2.172  -50.346  -12.268 0.6000000238
123469  -2.182  -54.337  -11.521 0.6999999881
7681  -1.614  -52.463  -11.504 0.6000000238
8392  -1.373  -51.660  -11.802 0.5000000000
6878  2.361  -54.298  0.312 0.6999999881
6879  1.649  -54.017  0.363 0.6999999881
6898  1.284  -53.240  -0.274 0.6999999881
7546  0.597  -52.250  -1.213 0.8000000119
7589  1.232  -52.763  -2.562 0.6999999881
6962  0.701  -53.421  -4.484 0.6999999881
7590  0.471  -52.341  -3.116 0.6999999881
10504  0.737  -48.154  -9.272 0.5000000000
4764  -1.541  -57.459  -10.437 0.5000000000
131174  -2.291  -56.473  -10.128 0.6000000238
10505  -0.569  -48.650  -8.890 0.5000000000
4765  -2.446  -57.388  -11.313 0.5000000000
4206  -1.680  -58.145  -11.167 0.5000000000
5281  -2.958  -56.592  -10.891 0.6000000238
129041  -3.955  -55.625  -11.182 0.6000000238
9800  -1.702  -49.781  -12.177 0.5000000000
4240  -2.283  -57.929  -12.177 0.5000000000
4766  -2.938  -56.896  -11.537 0.6000000238
5828  -3.599  -55.681  -11.397 0.6000000238
5295  -2.908  -56.597  -11.914 0.6000000238
6254  2.965  -54.227  -0.170 0.6999999881
134705  1.911  -53.266  -0.946 0.6999999881
6934  1.614  -52.978  -1.713 0.6999999881
141488  -1.265  -53.812  -11.522 0.5000000000
133144  -1.865  -58.660  -12.182 0.5000000000
7680  -0.704  -52.181  -11.711 0.5000000000
135713  -1.446  -56.810  -12.701 0.5000000000
122644  -1.111  -55.572  -12.386 0.5000000000
6408  -1.170  -54.683  -11.842 0.5000000000
7041  -0.906  -53.065  -11.452 0.5000000000
7050  0.639  -53.480  -12.583 0.5000000000
7694  1.463  -53.233  -13.201 0.5000000000
5840  1.131  -55.880  -13.306 0.5000000000
126162  0.637  -54.412  -12.778 0.5000000000
7696  -0.034  -52.831  -11.935 0.5000000000
5293  -0.551  -56.717  -13.046 0.5000000000
5834  0.635  -55.255  -13.008 0.5000000000
6421  -0.243  -54.910  -12.451 0.5000000000
4792  -1.147  -58.008  -12.877 0.5000000000
132717  -1.029  -56.241  -12.707 0.5000000000
6420  1.762  -55.118  -13.539 0.5000000000
12109  0.537  -46.448  -9.376 0.6000000238
12095  -0.722  -46.677  -8.400 0.6000000238
12108  1.222  -46.878  -9.661 0.5000000000
12883  0.120  -45.551  -10.185 0.6999999881
12869  -1.321  -45.729  -9.052 0.6000000238
12870  -2.183  -45.706  -8.419 0.6000000238
14587  -3.968  -43.358  -10.269 0.6999999881
12896  -0.555  -44.601  -11.053 0.6000000238
12884  -1.698  -44.702  -10.455 0.6999999881
13673  -2.877  -44.915  -9.203 0.6999999881
12871  -3.698  -45.065  -8.322 0.6999999881
14612  -3.956  -42.980  -10.453 0.8000000119
12911  1.357  -44.559  -11.611 0.5000000000
12894  1.661  -45.393  -11.301 0.5000000000
13689  -2.590  -44.285  -10.690 0.8000000119
12897  -1.271  -44.422  -11.044 0.6000000238
16394  -4.462  -41.766  -9.649 0.6999999881
141903  3.022  -44.187  -12.290 0.5000000000
12910  2.371  -44.823  -11.930 0.5000000000
15529  -3.435  -42.868  -10.682 0.6999999881
16395  -5.283  -41.419  -9.631 0.6999999881
13702  -2.637  -43.605  -11.172 0.6999999881
13700  -0.280  -44.090  -11.493 0.6999999881
139624  -4.893  -40.832  -9.071 0.6999999881
15505  -2.897  -42.676  -10.453 0.6999999881
14631  2.507  -43.374  -12.094 0.6000000238
14610  -1.277  -43.540  -11.152 0.8000000119
15439  1.323  -43.030  -5.563 0.6999999881
14518  1.184  -43.885  -5.586 0.8000000119
15502  4.505  -42.659  -9.708 0.4000000060
16354  -4.119  -41.062  -8.145 0.6999999881
15525  4.418  -42.601  -10.750 0.5000000000
16373  -4.010  -41.700  -9.249 0.6999999881
132651  3.528  -42.734  -11.938 0.6000000238
138878  2.218  -42.555  -11.908 0.6000000238
14586  -2.578  -42.953  -10.975 0.6999999881
13719  -0.260  -43.583  -11.396 0.8000000119
14609  -0.512  -43.326  -11.151 0.8000000119
21801  -7.513  -35.609  -2.521 0.5000000000
20853  -6.518  -35.726  -2.171 0.5000000000
20838  -5.479  -35.728  -1.765 0.5000000000
18945  0.473  -38.592  -3.468 0.5000000000
17156  0.573  -40.199  -4.693 0.6000000238
18953  0.478  -38.580  -4.175 0.6000000238
18938  0.236  -38.580  -2.572 0.6000000238
20821  -1.922  -36.765  -1.102 0.6000000238
17155  1.000  -40.884  -4.067 0.6999999881
17144  0.872  -40.033  -3.858 0.6999999881
16293  1.307  -41.784  -4.301 0.6999999881
16279  1.414  -41.532  -3.434 0.6999999881
14551  -1.996  -43.669  -7.917 0.6999999881
13659  -0.723  -44.424  -7.256 0.6999999881
13640  0.634  -44.140  -6.906 0.8000000119
16391  4.219  -41.980  -10.492 0.5000000000
15473  -2.750  -42.888  -8.422 0.6999999881
15540  3.676  -42.003  -11.580 0.6000000238
14566  -2.329  -43.069  -9.524 0.8000000119
14632  0.696  -43.098  -11.510 0.6999999881
130267  -1.108  -43.334  -10.203 0.8000000119
14585  -1.549  -43.251  -11.028 0.8000000119
21802  -8.492  -35.229  -2.757 0.5000000000
125858  -7.831  -35.413  -3.513 0.6000000238
22766  -7.956  -34.913  -4.466 0.5000000000
127227  -7.141  -35.512  -4.173 0.6000000238
20852  -5.836  -35.625  -2.694 0.6000000238
20851  -4.971  -35.638  -2.765 0.6000000238
20864  -4.716  -35.789  -3.660 0.6000000238
20850  -3.910  -36.012  -2.934 0.5000000000
19879  0.323  -37.280  -3.720 0.5000000000
19880  -0.054  -37.179  -3.269 0.5000000000
136991  0.250  -38.674  -4.839 0.6000000238
19881  -0.814  -37.111  -2.815 0.6000000238
18939  -0.255  -38.346  -1.975 0.6999999881
20835  -2.625  -36.478  -1.774 0.6000000238
18080  0.079  -39.360  -5.347 0.6000000238
16294  0.710  -41.093  -4.907 0.6999999881
17143  1.222  -40.660  -3.233 0.6999999881
18049  0.656  -39.237  -2.898 0.6999999881
132117  0.592  -39.237  -2.070 0.8000000119
19860  -0.764  -37.921  -1.762 0.6999999881
17196  -0.047  -40.584  -6.485 0.6999999881
16315  0.501  -41.246  -5.744 0.6999999881
143143  0.422  -41.426  -6.407 0.6999999881
15440  0.847  -42.112  -6.001 0.8000000119
15472  0.809  -43.250  -7.809 0.8000000119
14536  0.978  -43.591  -6.939 0.8000000119
16419  3.166  -41.434  -11.596 0.5000000000
17289  1.540  -39.860  -11.519 0.6000000238
13672  -0.493  -44.127  -8.112 0.8000000119
13657  0.546  -43.776  -7.599 0.8000000119
15542  2.057  -41.595  -11.787 0.6000000238
16421  1.807  -40.662  -11.672 0.6999999881
14564  -0.228  -43.558  -9.199 0.8000000119
15527  0.903  -42.289  -11.286 0.6999999881
126138  0.477  -42.355  -10.960 0.6999999881
14608  0.314  -43.034  -11.257 0.8000000119
22745  -8.857  -34.651  -3.009 0.4000000060
22744  -8.414  -34.632  -3.780 0.5000000000
21853  -7.318  -35.202  -5.008 0.4000000060
123441  -6.317  -35.725  -4.401 0.5000000000
21817  -4.607  -35.712  -4.288 0.5000000000
19894  0.390  -36.968  -4.332 0.5000000000
21814  -0.997  -35.578  -3.451 0.6000000238
120691  -2.173  -35.872  -3.330 0.6000000238
129775  -3.324  -36.258  -3.123 0.6000000238
18081  -0.470  -38.796  -6.165 0.6000000238
20848  -1.757  -36.952  -2.540 0.6999999881
143516  -2.352  -36.689  -2.498 0.6999999881
18103  -0.909  -38.819  -7.048 0.6000000238
16332  0.684  -42.131  -6.794 0.8000000119
17272  0.333  -40.218  -11.078 0.6999999881
15504  0.514  -41.988  -10.288 0.6999999881
14563  0.432  -43.335  -8.636 0.8000000119
15489  0.655  -42.769  -8.675 0.8000000119
16411  0.738  -41.321  -11.178 0.6999999881
23761  -7.956  -33.659  -3.514 0.4000000060
23745  -8.280  -33.556  -2.790 0.4000000060
23733  -8.620  -33.733  -1.913 0.4000000060
23803  -6.755  -33.635  -4.885 0.5000000000
23781  -7.694  -34.078  -4.290 0.4000000060
23721  -8.907  -33.560  -0.835 0.5000000000
125688  -5.193  -35.636  -5.020 0.5000000000
21830  -3.501  -34.966  -4.505 0.5000000000
21816  -3.797  -35.594  -4.076 0.5000000000
22786  -3.130  -33.985  -5.528 0.5000000000
135349  -2.524  -36.519  -2.948 0.6999999881
17197  -0.587  -39.778  -6.994 0.6000000238
17214  -0.015  -41.100  -8.066 0.8000000119
18162  1.351  -39.258  -11.256 0.6000000238
138569  -0.146  -40.225  -10.357 0.6000000238
18163  0.006  -38.613  -10.793 0.6999999881
17262  -0.676  -39.657  -9.748 0.6999999881
17261  0.343  -41.196  -10.313 0.6999999881
24766  -6.861  -32.721  0.033 0.3000000119
24837  -6.248  -32.409  -4.347 0.4000000060
24818  -6.478  -32.333  -3.768 0.3000000119
24794  -7.310  -32.919  -3.186 0.4000000060
23744  -6.741  -33.016  -2.439 0.4000000060
23732  -6.700  -33.279  -1.518 0.4000000060
23720  -7.555  -33.125  -0.718 0.5000000000
23802  -5.982  -33.991  -5.720 0.4000000060
23719  -6.110  -33.291  -0.476 0.3000000119
21851  -5.965  -35.331  -5.792 0.4000000060
22763  -2.757  -34.368  -4.537 0.5000000000
137013  -5.215  -35.285  -5.791 0.4000000060
23779  -1.505  -33.581  -4.937 0.6000000238
23822  -5.265  -34.151  -6.298 0.4000000060
23799  -2.001  -33.182  -5.920 0.4000000060
22788  -4.341  -34.721  -6.123 0.5000000000
17215  -0.417  -40.359  -7.466 0.6999999881
17238  -0.015  -40.915  -9.270 0.6999999881
24767  -8.679  -32.751  -0.158 0.4000000060
23710  -5.538  -33.020  0.206 0.3000000119
24849  -5.815  -32.876  -5.157 0.3000000119
22809  -4.059  -34.188  -6.793 0.4000000060
23818  -2.398  -33.058  -6.969 0.4000000060
23801  -3.572  -33.704  -6.788 0.4000000060
127740  -5.739  -32.154  -3.583 0.3000000119
23743  -5.883  -33.049  -2.248 0.3000000119
23731  -5.411  -33.395  -1.279 0.3000000119
23718  -4.847  -33.336  -0.253 0.3000000119
24817  -5.733  -31.889  -4.172 0.3000000119
24874  -5.442  -33.307  -5.908 0.3000000119
23820  -3.604  -33.328  -6.916 0.3000000119
134930  -4.140  -32.723  -6.659 0.3000000119
137836  -2.571  -32.818  -7.253 0.3000000119
24776  -4.820  -33.026  -2.271 0.3000000119
23730  -4.324  -33.399  -1.186 0.3000000119
24792  -4.934  -32.323  -3.247 0.3000000119
133226  -3.891  -33.156  -1.919 0.3000000119
26013  -3.995  -31.554  -6.101 0.3000000119
24872  -3.313  -32.131  -6.919 0.3000000119
26026  -2.027  -31.211  -7.456 0.3000000119
24816  -4.361  -32.002  -3.769 0.3000000119
24815  -3.525  -32.296  -3.492 0.3000000119
26012  -3.224  -30.962  -6.320 0.3000000119
6995  -2.333  -52.766  -7.001 0.6000000238
137112  -2.657  -52.458  -7.680 0.6999999881
8343  -2.940  -50.855  -7.198 0.6999999881
8356  -3.318  -50.992  -8.709 0.6999999881
21850  -4.396  -35.229  -5.019 0.4000000060
21815  -2.852  -35.210  -3.823 0.6000000238
23717  -3.713  -33.327  -0.313 0.3000000119
3543  -2.658  -59.799  -2.537 0.6999999881
5173  -2.019  -56.169  -2.560 0.6999999881
3017  0.094  -60.098  -0.637 0.8000000119
130336  -1.351  -64.303  -6.727 0.6000000238
1330  -0.874  -63.955  -6.019 0.6999999881
4617  1.958  -57.757  0.243 0.6000000238
7534  -1.064  -52.529  -0.429 0.6999999881
2580  1.410  -61.537  -4.684 0.8000000119
1314  -0.184  -63.793  -5.313 0.6999999881
1683  1.016  -63.814  -4.595 0.8000000119
9788  -2.900  -49.218  -11.936 0.6999999881
7008  -2.529  -53.375  -7.740 0.5000000000
8371  -4.526  -51.230  -10.165 0.6000000238
10508  -3.564  -48.370  -9.413 0.6000000238
7682  -2.738  -52.734  -11.549 0.6999999881
125477  -0.229  -51.836  -2.510 0.8000000119
6351  -0.307  -54.385  -6.634 0.5000000000
6366  -0.722  -54.690  -7.319 0.6000000238
5282  -3.354  -56.258  -11.357 0.6000000238
14565  -1.298  -43.723  -8.943 0.8000000119
139687  0.574  -70.100  -4.221 0.4000000060
73  0.956  -69.886  -2.935 0.4000000060
101  1.968  -69.741  -6.139 0.3000000119
96  1.167  -69.956  -5.495 0.4000000060
89  0.413  -70.096  -4.869 0.4000000060
81  0.302  -70.074  -3.555 0.4000000060
237  4.728  -68.392  -3.317 0.4000000060
141180  4.260  -69.082  -3.599 0.5000000000
71  3.634  -69.163  -2.945 0.5000000000
246  4.319  -69.260  -4.474 0.3000000119
86  3.399  -69.649  -4.366 0.4000000060
79  2.464  -69.732  -3.685 0.4000000060
124341  3.672  -69.343  -6.224 0.3000000119
87  2.296  -69.875  -4.495 0.3000000119
88  1.280  -69.994  -4.701 0.3000000119
258  2.872  -69.384  -6.753 0.3000000119
410  4.706  -68.859  -5.626 0.4000000060
403  4.821  -68.402  -3.906 0.4000000060
391  5.017  -67.859  -2.664 0.5000000000
581  4.587  -68.473  -5.545 0.3000000119
141429  4.190  -68.901  -6.627 0.3000000119
423  3.167  -68.487  -7.942 0.4000000060
145564  3.643  -68.458  -7.486 0.3000000119
792  2.386  -67.239  -9.178 0.4000000060
594  2.347  -67.732  -9.288 0.4000000060
801  1.481  -67.099  -10.121 0.4000000060
123856  4.860  -68.042  -3.813 0.4000000060
134642  4.648  -67.799  -3.996 0.4000000060
124198  4.339  -67.877  -4.744 0.4000000060
578  3.224  -67.415  -4.690 0.4000000060
995  4.231  -65.136  -4.136 0.5000000000
585  4.235  -68.317  -6.553 0.4000000060
579  2.416  -67.125  -4.710 0.4000000060
592  2.899  -67.758  -8.718 0.4000000060
789  2.558  -67.204  -8.353 0.5000000000
785  2.661  -67.369  -6.502 0.4000000060
793  1.881  -66.626  -8.703 0.4000000060
1038  -1.392  -65.112  -9.097 0.6000000238
1043  0.186  -65.776  -9.559 0.4000000060
1289  4.573  -64.291  -5.504 0.6000000238
1290  3.809  -65.008  -4.465 0.6000000238
132799  1.920  -66.590  -4.388 0.6000000238
1291  2.719  -65.355  -4.127 0.6000000238
777  1.554  -65.991  -4.256 0.6000000238
135105  1.947  -65.138  -4.073 0.6999999881
786  1.671  -66.731  -6.335 0.5000000000
1021  0.861  -65.882  -5.898 0.6000000238
1292  1.546  -64.527  -4.373 0.6999999881
1326  5.177  -64.723  -7.491 0.6999999881
1722  4.118  -64.030  -7.738 0.6999999881
1311  4.283  -64.301  -6.172 0.6000000238
1328  3.904  -64.039  -6.775 0.6999999881
2172  3.057  -62.479  -6.197 0.6999999881
2598  2.507  -61.902  -5.562 0.6999999881
3077  2.562  -60.852  -4.367 0.6999999881
1313  2.271  -64.295  -4.574 0.6999999881
1724  3.005  -62.965  -6.321 0.6999999881
1702  2.236  -63.201  -5.300 0.6999999881
2185  5.002  -63.679  -8.086 0.5000000000
2169  5.631  -62.794  -7.483 0.6000000238
1739  3.903  -63.420  -7.567 0.6999999881
2612  3.833  -62.410  -6.654 0.6000000238
2596  4.130  -61.739  -5.828 0.6999999881
2576  4.915  -61.314  -5.248 0.6999999881
1723  3.649  -63.503  -7.052 0.6999999881
2577  3.896  -61.260  -5.146 0.6999999881
3057  3.021  -60.239  -3.655 0.6000000238
141542  4.753  -61.965  -6.272 0.6000000238
2595  5.617  -61.661  -5.873 0.6000000238
3075  4.490  -60.737  -4.465 0.6000000238
2575  5.924  -61.147  -5.071 0.6000000238
4633  3.827  -57.610  -1.075 0.5000000000
5184  -2.539  -56.531  -3.088 0.6000000238
4678  -1.715  -57.049  -3.869 0.6000000238
3056  4.071  -60.253  -3.769 0.6000000238
3562  3.691  -59.741  -3.161 0.6000000238
4095  3.759  -58.720  -2.140 0.5000000000
4074  4.230  -58.078  -1.684 0.5000000000
5155  -4.066  -56.706  -1.124 0.6000000238
132341  -2.249  -55.825  -1.718 0.6000000238
4658  -3.376  -56.706  -2.598 0.6000000238
3055  5.031  -60.219  -3.821 0.6000000238
3539  4.193  -59.195  -2.679 0.5000000000
3540  3.318  -59.284  -2.604 0.5000000000
6260  -4.724  -55.306  -0.550 0.6000000238
141706  -3.701  -54.189  -0.496 0.6000000238
5682  -4.020  -55.457  -0.489 0.6000000238
5137  -4.693  -56.759  -0.675 0.6000000238
5702  -3.031  -55.553  -0.812 0.6000000238
6258  -2.998  -54.143  -0.460 0.6000000238
129717  -3.460  -54.819  -0.471 0.6000000238
5664  2.908  -54.938  0.430 0.6000000238
3561  4.612  -59.669  -3.266 0.6000000238
6904  -4.178  -53.950  -0.691 0.6000000238
6935  -3.838  -52.690  -1.864 0.6000000238
6903  -3.422  -53.446  -0.678 0.6000000238
131910  -2.086  -51.827  -2.069 0.6000000238
7550  -3.330  -52.737  -1.144 0.6000000238
143889  -2.125  -51.714  -3.044 0.5000000000
7548  -1.613  -51.999  -1.045 0.6000000238
7592  -1.213  -51.721  -2.990 0.5000000000
145609  -5.843  -55.653  -0.769 0.6999999881
6282  -5.338  -54.516  -1.442 0.6000000238
6926  -4.038  -53.265  -1.164 0.6000000238
123638  -2.844  -51.848  -2.814 0.6000000238
142892  -2.599  -51.702  -3.629 0.6000000238
6980  -5.964  -52.991  -4.953 0.6000000238
6927  -4.693  -53.866  -1.335 0.6000000238
6936  -4.503  -53.216  -2.009 0.6000000238
7593  -3.481  -51.813  -3.565 0.5000000000
6954  -4.772  -53.085  -2.917 0.6000000238
7610  -4.397  -51.654  -4.707 0.6000000238
7626  -6.286  -52.735  -5.692 0.6000000238
6937  -5.247  -53.847  -2.358 0.6000000238
129967  -2.735  -51.651  -4.853 0.6000000238
132830  -4.382  -51.986  -3.973 0.6000000238
8307  -3.708  -51.565  -4.392 0.5000000000
8319  -4.288  -51.311  -5.382 0.6000000238
8320  -5.012  -51.481  -5.750 0.5000000000
8332  -5.223  -51.136  -6.508 0.5000000000
8329  -2.779  -51.217  -6.449 0.6000000238
8330  -3.211  -50.857  -6.375 0.6000000238
8331  -4.126  -50.781  -6.208 0.6000000238
9004  -4.573  -50.598  -7.114 0.6000000238
9019  -4.946  -50.412  -7.938 0.6999999881
9020  -5.897  -50.375  -8.179 0.6999999881
9037  -6.590  -49.944  -9.050 0.6999999881
9055  -7.268  -49.749  -10.201 0.6999999881
9003  -3.666  -50.582  -7.075 0.6000000238
9035  -4.344  -50.455  -8.435 0.6999999881
143260  -5.310  -50.381  -9.715 0.6999999881
9036  -5.350  -50.180  -8.874 0.6999999881
9054  -6.156  -50.014  -9.741 0.6999999881
9068  -5.036  -50.751  -10.153 0.6000000238
5151  4.977  -56.475  -1.075 0.5000000000
4615  3.425  -57.137  -0.392 0.5000000000
5698  5.528  -55.640  -1.575 0.5000000000
5131  4.465  -56.011  -0.567 0.5000000000
5677  4.323  -55.349  -0.585 0.6000000238
5745  5.757  -55.470  -3.941 0.6000000238
5728  5.668  -55.263  -3.111 0.6000000238
6279  4.680  -54.797  -1.479 0.6000000238
137769  4.281  -54.755  -0.910 0.6000000238
6280  3.544  -54.277  -0.884 0.6000000238
5746  4.662  -55.426  -4.292 0.5000000000
5730  4.088  -55.044  -3.804 0.6000000238
6293  3.196  -53.982  -1.839 0.6000000238
5757  3.346  -55.907  -5.142 0.6000000238
129340  2.848  -54.706  -3.713 0.5000000000
120754  3.004  -54.302  -2.952 0.6000000238
6952  2.418  -53.823  -2.636 0.6000000238
5758  2.606  -55.875  -5.349 0.5000000000
6311  2.197  -54.378  -3.622 0.6000000238
6977  0.422  -53.745  -5.276 0.5000000000
5760  1.099  -55.370  -5.910 0.5000000000
121451  0.981  -53.092  -3.600 0.6000000238
6312  1.388  -53.961  -4.017 0.6000000238
1036  1.096  -66.159  -7.916 0.6000000238
1009  1.087  -65.616  -4.739 0.6999999881
5132  3.715  -56.210  -0.130 0.5000000000
8317  -2.821  -51.396  -5.606 0.6000000238
9053  -4.470  -50.593  -9.413 0.6999999881
5678  3.659  -55.418  -0.002 0.6000000238
6953  1.687  -53.582  -3.151 0.6000000238
6328  1.082  -54.253  -4.845 0.6000000238
94  3.100  -69.725  -5.284 0.3000000119
78  3.222  -69.502  -3.541 0.4000000060
262  3.678  -68.881  -7.198 0.3000000119
416  4.413  -68.757  -6.289 0.4000000060
589  3.855  -68.213  -7.355 0.4000000060
139480  4.319  -66.275  -3.336 0.4000000060
583  2.966  -67.485  -5.544 0.3000000119
776  2.602  -66.816  -4.037 0.5000000000
997  3.055  -66.224  -3.817 0.6000000238
781  2.036  -67.063  -5.311 0.5000000000
130046  2.408  -67.146  -7.358 0.5000000000
1312  3.489  -64.367  -5.378 0.6000000238
134131  3.887  -63.050  -7.493 0.6999999881
7594  -4.265  -52.405  -3.233 0.6000000238
9765  -8.293  -49.530  -10.547 0.6000000238
5729  4.989  -55.116  -3.453 0.6000000238
129962  3.785  -56.252  -5.528 0.5000000000
121662  4.096  -54.445  -1.556 0.6000000238
6292  3.877  -54.401  -2.418 0.6000000238
5747  3.682  -55.495  -4.533 0.5000000000
6310  3.568  -54.672  -3.346 0.6000000238
5215  3.118  -56.298  -5.734 0.5000000000
5749  2.107  -55.418  -4.896 0.5000000000
6336  1.424  -55.114  -5.176 0.5000000000
463  -3.972  -66.990  13.625 0.4000000060
852  -3.913  -66.486  13.428 0.4000000060
646  -4.245  -66.926  12.865 0.5000000000
460  -6.679  -67.934  14.326 0.5000000000
462  -7.946  -67.505  14.017 0.5000000000
647  -8.776  -66.757  12.496 0.5000000000
143926  -5.817  -68.059  13.600 0.5000000000
459  -5.485  -67.591  14.264 0.5000000000
124663  -4.203  -64.784  12.943 0.4000000060
1121  -4.353  -64.660  12.131 0.4000000060
869  -4.185  -65.257  11.545 0.5000000000
141964  -0.645  -69.097  -2.131 0.3000000119
760  -1.553  -67.282  -2.620 0.3000000119
229  -1.170  -69.822  -3.346 0.3000000119
75  -0.667  -70.006  -3.037 0.3000000119
454  -6.144  -67.358  15.034 0.4000000060
455  -6.956  -67.421  14.988 0.5000000000
638  -7.880  -66.813  14.471 0.5000000000
144233  -3.987  -67.155  14.887 0.4000000060
457  -3.773  -67.074  14.327 0.4000000060
853  -3.975  -65.442  13.560 0.3000000119
1112  -4.015  -65.205  15.200 0.3000000119
1138  -4.555  -64.295  10.502 0.4000000060
139523  -4.561  -63.472  13.094 0.3000000119
1494  -4.847  -63.509  11.519 0.4000000060
1128  -4.544  -64.331  11.267 0.5000000000
124135  -4.761  -63.287  12.333 0.3000000119
564  -0.859  -67.358  -1.870 0.3000000119
761  -2.472  -66.861  -2.486 0.3000000119
228  -0.471  -69.753  -2.359 0.3000000119
67  -0.180  -69.827  -2.361 0.3000000119
17  -0.357  -70.124  -3.520 0.3000000119
630  -5.639  -67.048  15.847 0.3000000119
631  -6.773  -67.030  15.755 0.4000000060
628  -4.090  -66.180  15.777 0.3000000119
1484  -4.567  -63.126  13.725 0.3000000119
1504  -5.171  -63.183  10.193 0.4000000060
1503  -4.742  -63.891  9.986 0.4000000060
1931  -5.057  -62.880  11.756 0.4000000060
128974  -4.996  -61.923  12.904 0.3000000119
555  -0.300  -67.210  0.538 0.4000000060
560  -0.466  -67.614  -0.979 0.4000000060
740  -1.097  -65.911  -1.081 0.4000000060
947  -1.881  -65.305  -0.898 0.4000000060
948  -2.767  -65.040  -0.466 0.5000000000
200  0.111  -69.137  0.308 0.3000000119
131887  -0.527  -68.422  -1.556 0.3000000119
209  0.086  -69.432  -0.633 0.3000000119
122124  0.153  -69.785  -1.969 0.3000000119
121581  1.817  -69.762  -3.131 0.3000000119
624  -4.475  -66.137  16.494 0.3000000119
125382  -5.444  -61.455  11.112 0.3000000119
1953  -5.340  -62.617  9.591 0.3000000119
1963  -4.734  -62.910  8.082 0.4000000060
1542  -4.200  -63.665  7.882 0.4000000060
2381  -4.814  -61.380  13.531 0.3000000119
142462  -5.367  -61.585  11.653 0.3000000119
2388  -5.071  -60.887  12.738 0.3000000119
1922  -5.055  -62.461  12.288 0.3000000119
1195  -3.563  -64.149  3.289 0.5000000000
128110  -3.569  -63.754  4.115 0.5000000000
536  -0.027  -67.222  3.338 0.3000000119
545  -0.136  -67.496  2.582 0.3000000119
364  0.138  -68.199  2.428 0.3000000119
730  -0.321  -66.643  1.074 0.3000000119
137315  -0.409  -66.462  0.350 0.4000000060
1226  -2.010  -63.979  0.124 0.5000000000
127907  -3.462  -64.462  1.165 0.5000000000
550  -0.226  -67.510  1.336 0.3000000119
734  -0.604  -65.874  -0.157 0.4000000060
946  -1.016  -65.226  -0.452 0.4000000060
1231  -1.741  -64.613  -0.313 0.5000000000
1227  -2.649  -64.048  0.364 0.5000000000
52  0.542  -69.298  0.008 0.3000000119
66  0.318  -69.670  -1.386 0.3000000119
130504  1.025  -69.611  -1.212 0.3000000119
64  1.349  -69.644  -1.773 0.3000000119
141332  2.154  -69.431  -1.843 0.4000000060
124291  -5.512  -61.860  9.729 0.3000000119
1977  -4.804  -62.204  7.498 0.4000000060
134909  -4.507  -60.274  14.248 0.3000000119
2396  -5.310  -60.882  11.768 0.3000000119
128835  -4.352  -63.037  7.350 0.4000000060
2864  -4.757  -60.422  13.553 0.3000000119
140458  -3.619  -64.152  5.647 0.4000000060
136169  -3.594  -63.981  4.875 0.5000000000
2041  -3.292  -62.366  3.468 0.4000000060
131487  -3.509  -62.934  4.146 0.5000000000
514  0.650  -67.406  5.648 0.3000000119
1594  -3.406  -63.481  2.474 0.5000000000
1585  -3.450  -63.242  3.365 0.5000000000
130500  -0.251  -66.563  2.554 0.3000000119
1602  -2.567  -63.002  1.183 0.4000000060
2056  -2.997  -62.773  1.852 0.5000000000
135618  0.755  -68.212  3.742 0.3000000119
122608  -0.313  -65.981  1.670 0.4000000060
1601  -1.617  -63.004  0.845 0.5000000000
1603  -3.269  -63.605  1.535 0.5000000000
371  0.020  -68.464  1.681 0.3000000119
124073  -0.400  -65.887  0.696 0.4000000060
936  -0.580  -65.238  0.244 0.5000000000
1224  -0.599  -64.640  0.555 0.5000000000
199  1.010  -69.183  0.872 0.3000000119
198  1.873  -68.892  0.733 0.4000000060
49  2.476  -68.738  0.176 0.3000000119
56  1.513  -69.346  -0.600 0.4000000060
55  2.478  -68.873  -0.571 0.4000000060
125658  -4.335  -63.304  -7.245 0.5000000000
120927  2.795  -69.250  -2.295 0.3000000119
3332  -3.987  -58.892  14.342 0.3000000119
2876  -4.805  -59.689  12.887 0.3000000119
2442  -4.685  -61.377  6.885 0.3000000119
3333  -4.427  -59.383  13.731 0.3000000119
1990  -4.195  -61.893  6.162 0.3000000119
130898  -3.576  -62.621  4.876 0.5000000000
2482  -3.077  -61.544  3.582 0.4000000060
2466  -3.288  -61.272  4.377 0.3000000119
504  0.445  -67.114  6.647 0.3000000119
2491  -2.223  -61.510  2.225 0.5000000000
715  0.167  -66.964  4.121 0.3000000119
135097  -0.983  -62.704  1.227 0.4000000060
2502  -2.351  -62.243  1.712 0.4000000060
923  -0.237  -65.659  2.574 0.4000000060
120838  -0.128  -64.888  2.594 0.4000000060
1204  -0.056  -64.044  2.005 0.4000000060
1600  -0.611  -63.473  1.091 0.4000000060
363  0.696  -68.375  2.921 0.3000000119
174  1.468  -68.612  2.308 0.3000000119
1215  -0.334  -64.406  1.192 0.4000000060
1610  -0.714  -64.035  0.671 0.5000000000
186  2.643  -68.493  1.579 0.3000000119
185  3.624  -68.251  1.473 0.4000000060
197  3.290  -68.537  0.014 0.4000000060
2173  -4.284  -62.756  -6.550 0.5000000000
63  2.921  -68.849  -1.425 0.4000000060
207  4.173  -68.362  -0.230 0.5000000000
1740  -4.223  -64.152  -7.629 0.5000000000
3352  -3.935  -58.302  13.585 0.3000000119
4637  -4.618  -57.394  -1.235 0.5000000000
2481  -2.531  -61.061  2.896 0.3000000119
2974  -2.829  -60.744  3.729 0.3000000119
4659  -4.190  -57.337  -2.422 0.5000000000
4079  -5.753  -58.537  -1.423 0.6000000238
496  0.703  -67.246  7.236 0.3000000119
703  0.159  -66.579  5.841 0.3000000119
503  0.972  -67.492  6.455 0.3000000119
912  0.045  -65.849  4.988 0.3000000119
121222  -0.100  -65.336  4.295 0.3000000119
2054  -0.978  -62.088  1.569 0.4000000060
4118  -1.636  -57.476  -3.881 0.5000000000
4082  -8.273  -58.262  -1.174 0.5000000000
122577  -0.141  -65.293  3.431 0.3000000119
1194  0.005  -64.323  3.091 0.3000000119
135464  0.124  -63.330  2.706 0.3000000119
134754  0.104  -62.464  2.480 0.3000000119
136138  -1.705  -58.131  -3.673 0.5000000000
351  2.303  -68.119  4.146 0.3000000119
173  2.420  -68.406  2.529 0.3000000119
145459  -2.999  -60.080  -3.251 0.5000000000
128422  3.368  -68.181  2.257 0.3000000119
2140  -3.726  -61.925  -4.200 0.5000000000
171  3.967  -68.004  2.006 0.4000000060
2156  -3.894  -62.916  -4.855 0.6000000238
370  4.186  -67.788  1.711 0.4000000060
375  4.309  -67.936  0.989 0.5000000000
1708  -3.637  -63.986  -5.093 0.5000000000
122878  4.738  -67.812  0.028 0.4000000060
124586  4.634  -68.241  -0.967 0.3000000119
62  3.666  -68.778  -2.013 0.4000000060
1333  -3.894  -64.377  -6.870 0.6000000238
945  4.245  -65.122  -0.505 0.3000000119
944  4.514  -65.909  -0.785 0.4000000060
139554  5.018  -67.960  -1.255 0.4000000060
218  4.423  -68.475  -1.918 0.3000000119
1351  -3.024  -65.101  -7.196 0.6000000238
1353  -3.837  -64.790  -7.639 0.5000000000
1246  4.252  -63.597  -1.688 0.3000000119
959  4.370  -65.059  -1.386 0.5000000000
120720  4.787  -66.335  -2.152 0.4000000060
573  4.959  -68.094  -3.188 0.4000000060
1033  -2.851  -65.272  -8.047 0.6000000238
1649  4.700  -63.304  -2.407 0.3000000119
139771  4.349  -64.233  -1.998 0.5000000000
124828  4.695  -66.403  -2.768 0.4000000060
128697  5.008  -67.649  -2.909 0.4000000060
1258  4.679  -64.244  -2.888 0.4000000060
972  4.587  -65.412  -2.898 0.5000000000
768  4.756  -66.973  -3.042 0.4000000060
987  4.424  -65.785  -3.255 0.5000000000
4620  -5.372  -57.277  -0.602 0.6000000238
4068  -6.191  -58.148  -0.740 0.6000000238
685  1.334  -66.894  7.633 0.3000000119
497  0.252  -66.942  7.429 0.3000000119
141189  -0.059  -66.248  6.852 0.3000000119
906  -0.147  -65.529  5.842 0.3000000119
127837  -6.057  -57.051  -0.452 0.6000000238
4623  -7.122  -57.554  -0.780 0.6000000238
694  1.568  -67.176  6.857 0.3000000119
1190  -0.156  -64.944  4.975 0.3000000119
129382  -0.064  -64.049  4.814 0.3000000119
5157  -7.264  -56.887  -1.089 0.6000000238
905  2.684  -65.748  6.008 0.3000000119
122637  -0.077  -64.595  4.070 0.3000000119
121797  0.075  -63.698  3.790 0.3000000119
4661  -7.829  -57.077  -1.695 0.6000000238
350  3.133  -67.801  3.851 0.3000000119
5732  -7.218  -55.598  -3.667 0.6000000238
5176  -8.053  -56.888  -2.564 0.6000000238
5186  -8.173  -56.762  -3.614 0.6000000238
5204  -8.299  -56.632  -4.596 0.5000000000
728  4.692  -67.262  0.760 0.4000000060
739  4.797  -66.734  -0.264 0.4000000060
2118  5.950  -62.875  -3.366 0.4000000060
1275  4.690  -64.298  -3.834 0.5000000000
684  1.578  -66.323  8.251 0.3000000119
131377  0.795  -66.553  9.001 0.3000000119
679  0.540  -66.736  8.439 0.3000000119
687  -0.152  -66.564  7.939 0.3000000119
902  -0.270  -65.188  6.581 0.3000000119
1184  -0.229  -64.458  5.841 0.3000000119
1559  -0.044  -63.520  5.522 0.3000000119
5138  -5.431  -56.570  -0.515 0.5000000000
693  1.861  -66.624  7.236 0.3000000119
133055  2.117  -67.136  6.480 0.3000000119
5704  -6.363  -55.819  -1.101 0.5000000000
5156  -6.655  -56.454  -0.898 0.6000000238
901  2.331  -65.707  7.046 0.3000000119
1572  0.123  -63.169  4.560 0.3000000119
5174  -6.899  -56.131  -1.624 0.6000000238
1183  2.634  -64.385  5.691 0.3000000119
5724  -7.066  -55.785  -2.643 0.6000000238
926  4.424  -66.157  1.682 0.3000000119
724  4.454  -66.842  2.233 0.3000000119
5751  -7.406  -55.493  -4.586 0.6000000238
5761  -8.135  -55.788  -5.911 0.6000000238
5723  -6.469  -55.404  -2.026 0.6000000238
6294  -5.890  -54.225  -3.200 0.5000000000
6313  -6.353  -54.408  -3.993 0.6000000238
5750  -6.881  -54.966  -4.203 0.6000000238
6330  -7.149  -54.858  -4.971 0.6000000238
5203  -7.898  -56.001  -5.039 0.6000000238
6353  -7.685  -54.490  -6.519 0.6000000238
6340  -7.392  -54.686  -5.711 0.6000000238
6369  -8.086  -54.260  -7.382 0.5000000000
5722  -5.894  -54.690  -2.274 0.5000000000
6955  -5.411  -53.499  -3.401 0.5000000000
6329  -6.711  -54.467  -4.622 0.5000000000
6982  -7.197  -53.982  -5.930 0.6000000238
7665  -9.037  -52.090  -8.785 0.5000000000
9057  -8.769  -49.728  -10.035 0.6000000238
8372  -9.266  -51.332  -9.158 0.6000000238
8373  -10.027  -51.353  -9.324 0.5000000000
9072  -9.626  -49.626  -10.162 0.6000000238
9059  -10.553  -50.325  -9.339 0.6000000238
6964  -5.632  -53.227  -4.197 0.5000000000
7637  -7.209  -52.862  -6.832 0.5000000000
7645  -7.407  -52.273  -7.409 0.5000000000
6997  -7.485  -53.718  -6.728 0.6000000238
8357  -6.787  -50.511  -8.270 0.6000000238
7654  -8.021  -52.560  -7.886 0.5000000000
7655  -8.481  -52.320  -8.382 0.5000000000
9038  -7.509  -50.307  -8.797 0.6000000238
126788  -6.690  -50.172  -10.784 0.6000000238
9056  -7.736  -49.821  -9.621 0.6000000238
9778  -9.853  -49.230  -10.283 0.5000000000
133307  -6.343  -40.328  -4.637 0.5000000000
7595  -4.979  -52.729  -3.697 0.5000000000
6996  -6.904  -53.239  -6.158 0.5000000000
7644  -6.812  -52.086  -6.947 0.6000000238
17145  -4.803  -40.364  -3.483 0.5000000000
16281  -4.311  -40.727  -2.729 0.6000000238
17157  -5.412  -40.035  -4.029 0.6000000238
17174  -5.023  -39.971  -4.880 0.6000000238
15404  -6.052  -41.391  -3.544 0.5000000000
17176  -6.551  -40.048  -5.448 0.5000000000
16318  -7.016  -40.107  -6.396 0.5000000000
11339  -8.745  -48.134  -9.713 0.5000000000
11340  -9.578  -48.561  -10.065 0.5000000000
13629  -0.202  -44.600  -5.886 0.6000000238
129358  -0.241  -44.578  -4.896 0.6999999881
13616  -1.015  -44.474  -5.510 0.6000000238
139336  -1.017  -44.300  -4.729 0.6999999881
14488  -1.146  -43.577  -3.303 0.6000000238
15402  -2.482  -41.940  -3.031 0.6000000238
14502  -2.045  -42.813  -4.630 0.6000000238
14501  -1.389  -43.631  -4.222 0.6000000238
13642  -0.947  -44.529  -6.404 0.6000000238
14521  -2.222  -43.066  -5.710 0.6000000238
16295  -3.171  -41.034  -4.652 0.6000000238
123505  -2.610  -41.724  -4.010 0.5000000000
16269  -3.272  -41.234  -2.291 0.6000000238
14538  -2.141  -43.556  -6.706 0.6000000238
15419  -2.643  -42.018  -5.084 0.6000000238
128881  -3.577  -40.797  -3.734 0.5000000000
16280  -3.135  -41.109  -3.148 0.6000000238
15441  -2.874  -42.140  -6.116 0.6000000238
16317  -3.812  -40.523  -5.209 0.6000000238
16333  -4.285  -40.525  -6.930 0.6000000238
15442  -3.579  -41.000  -6.099 0.6000000238
17198  -4.632  -40.054  -5.849 0.6000000238
17199  -6.714  -39.774  -6.324 0.5000000000
15457  -6.452  -42.029  -6.626 0.5000000000
15475  -7.539  -41.743  -7.845 0.5000000000
14552  -7.884  -42.914  -7.953 0.5000000000
14553  -7.956  -43.538  -7.960 0.5000000000
13599  0.005  -44.484  -3.464 0.6000000238
14458  -0.078  -44.246  -2.114 0.6999999881
15455  -2.754  -42.810  -7.219 0.5000000000
16355  -5.059  -40.129  -7.906 0.6000000238
17216  -6.418  -39.790  -7.491 0.6000000238
122144  -7.254  -40.552  -7.444 0.5000000000
16375  -7.225  -40.640  -8.230 0.6000000238
15491  -7.463  -42.063  -8.763 0.5000000000
14589  -6.864  -42.335  -9.071 0.6000000238
133237  -7.626  -42.707  -8.544 0.6000000238
19969  -0.674  -37.353  -9.279 0.4000000060
15400  1.529  -42.593  -3.517 0.6999999881
16240  1.646  -41.328  -0.556 0.5000000000
124521  1.567  -42.396  -0.196 0.5000000000
19037  -0.519  -38.157  -10.327 0.6000000238
18135  -1.340  -38.805  -8.996 0.5000000000
15368  1.550  -43.038  -1.611 0.6000000238
14440  0.965  -43.593  -0.572 0.5000000000
19036  0.418  -37.952  -10.491 0.5000000000
15417  1.431  -42.801  -4.558 0.6000000238
14471  1.409  -43.594  -2.188 0.8000000119
14500  1.310  -43.662  -4.809 0.6999999881
13584  0.991  -44.258  -2.761 0.8000000119
14457  0.540  -44.012  -1.380 0.6999999881
16374  -5.903  -40.678  -9.097 0.6000000238
16396  -6.284  -41.277  -9.360 0.6000000238
16224  1.544  -41.604  0.311 0.5000000000
144705  -1.412  -38.459  -8.042 0.5000000000
16268  1.508  -41.358  -2.570 0.6999999881
16205  1.355  -41.740  0.930 0.5000000000
128809  1.458  -38.320  -8.507 0.4000000060
19981  0.334  -37.312  -9.813 0.4000000060
18134  1.438  -38.462  -9.891 0.4000000060
17260  2.047  -39.659  -9.912 0.5000000000
17259  2.403  -39.937  -10.918 0.4000000060
17114  1.413  -40.458  -0.475 0.5000000000
17087  0.854  -40.506  1.335 0.5000000000
19949  -0.597  -37.089  -8.137 0.3000000119
140110  -1.159  -37.837  -7.602 0.3000000119
16256  1.620  -41.333  -1.599 0.6000000238
17237  1.742  -39.530  -8.698 0.4000000060
17236  2.324  -40.502  -8.777 0.4000000060
17271  2.481  -40.316  -11.287 0.4000000060
18028  1.133  -39.845  -0.805 0.6000000238
17136  1.302  -40.435  -2.265 0.6000000238
16393  2.891  -40.676  -9.996 0.4000000060
18029  0.720  -39.295  -0.380 0.5000000000
17097  1.020  -40.200  0.631 0.5000000000
19907  1.762  -37.009  -5.960 0.3000000119
20925  0.053  -36.558  -7.339 0.3000000119
19909  -0.215  -37.280  -6.055 0.3000000119
19908  0.383  -36.632  -5.372 0.4000000060
16370  3.559  -42.006  -8.627 0.3000000119
16392  3.640  -41.397  -10.354 0.4000000060
15503  4.090  -41.999  -9.615 0.4000000060
18930  -0.239  -38.278  -1.212 0.6000000238
18905  0.271  -38.748  0.049 0.4000000060
20876  0.530  -36.052  -4.581 0.4000000060
123780  2.995  -37.096  -5.422 0.3000000119
20889  2.581  -36.040  -5.518 0.3000000119
18919  -0.226  -38.213  -0.357 0.5000000000
21812  0.126  -35.879  -3.882 0.4000000060
144846  -0.330  -35.763  -3.629 0.4000000060
22743  -1.810  -34.759  -3.763 0.5000000000
22761  -0.337  -34.536  -4.266 0.4000000060
22742  -0.882  -34.834  -3.836 0.4000000060
139213  0.364  -32.406  -7.851 0.3000000119
24891  -0.533  -32.337  -8.139 0.3000000119
24868  0.030  -32.391  -7.026 0.3000000119
23817  -1.518  -32.767  -6.660 0.3000000119
128007  -1.290  -32.364  -7.980 0.3000000119
23734  -9.159  -34.115  -1.498 0.4000000060
24903  0.483  -32.114  -8.778 0.3000000119
2040  0.188  -61.702  2.840 0.3000000119
549  4.463  -67.329  1.601 0.4000000060
23778  -0.576  -33.747  -4.736 0.3000000119
14588  -4.656  -42.683  -9.958 0.6000000238
24768  -9.211  -33.004  0.055 0.4000000060
19056  0.883  -38.609  -11.055 0.5000000000
23798  -0.981  -33.045  -5.504 0.3000000119
227  4.745  -68.269  -2.485 0.3000000119
747  5.093  -67.325  -1.704 0.4000000060
6339  -6.886  -54.244  -5.217 0.5000000000
120982  -3.821  -66.084  14.166 0.4000000060
464  -4.273  -67.205  13.466 0.5000000000
642  -8.306  -66.982  13.500 0.5000000000
878  -4.282  -64.939  10.705 0.5000000000
846  -3.858  -66.080  14.992 0.4000000060
124896  -4.853  -63.704  10.733 0.4000000060
1514  -4.427  -64.052  9.260 0.4000000060
132190  -0.268  -67.894  -0.001 0.4000000060
749  -1.584  -66.503  -1.897 0.4000000060
961  -2.684  -65.733  -1.144 0.4000000060
632  -7.147  -66.605  15.729 0.3000000119
131657  -4.615  -61.692  14.258 0.3000000119
1932  -5.320  -62.201  11.523 0.3000000119
1515  -4.925  -63.366  9.408 0.4000000060
1528  -4.586  -63.512  8.659 0.4000000060
138310  -0.126  -68.802  0.423 0.3000000119
129316  0.432  -69.106  0.945 0.4000000060
1529  -5.100  -62.791  8.820 0.4000000060
1552  -3.789  -63.601  6.268 0.4000000060
1612  -2.312  -63.511  0.592 0.5000000000
2602  -4.187  -62.209  -5.883 0.5000000000
57  0.778  -69.502  -0.668 0.4000000060
2877  -5.090  -60.060  12.205 0.3000000119
1991  -4.365  -62.398  6.787 0.4000000060
124405  -3.988  -62.756  6.153 0.4000000060
1560  -3.672  -63.272  5.456 0.5000000000
2048  -3.176  -62.610  2.651 0.5000000000
918  -0.039  -66.054  4.166 0.3000000119
352  1.373  -68.339  3.775 0.3000000119
188  0.900  -68.909  1.550 0.3000000119
187  1.624  -68.768  1.594 0.3000000119
1726  -4.131  -63.677  -6.438 0.6000000238
121824  -3.564  -61.795  4.972 0.3000000119
2012  -3.804  -62.302  5.537 0.4000000060
132405  -0.259  -62.811  1.777 0.3000000119
2564  -3.430  -61.046  -3.473 0.5000000000
130306  3.884  -68.298  0.659 0.4000000060
2973  -2.219  -60.276  3.043 0.3000000119
2046  -0.303  -61.888  2.042 0.3000000119
934  4.541  -66.024  0.103 0.4000000060
135955  4.814  -66.947  0.117 0.4000000060
130869  4.830  -68.107  -0.935 0.4000000060
2076  4.191  -62.359  -0.964 0.3000000119
898  -0.332  -65.417  7.556 0.3000000119
5731  -6.529  -55.010  -3.172 0.6000000238
733  4.736  -66.804  0.560 0.3000000119
129714  -0.273  -64.446  6.812 0.3000000119
1540  -0.092  -63.705  6.954 0.3000000119
7010  -7.913  -53.310  -7.518 0.5000000000
8359  -8.399  -51.235  -8.690 0.6000000238
13614  0.187  -44.529  -4.102 0.6999999881
144416  0.957  -44.107  -1.770 0.6999999881
13597  1.242  -44.070  -3.365 0.6999999881
128637  1.660  -42.180  -1.996 0.6000000238
20924  0.779  -36.601  -7.318 0.3000000119
20907  1.112  -36.413  -6.449 0.3000000119
2106  -2.995  -62.456  -2.762 0.5000000000
2550  -3.041  -61.804  -2.687 0.5000000000
1346  5.396  -64.824  -8.027 0.6000000238
7636  -6.558  -52.424  -6.389 0.4000000060
8344  -5.539  -50.781  -7.321 0.5000000000
9777  -9.179  -49.054  -10.743 0.5000000000
9080  -6.823  -50.688  -12.155 0.5000000000
9081  -7.284  -49.952  -11.930 0.5000000000
9789  -7.898  -49.297  -11.500 0.5000000000
10527  -8.933  -48.579  -10.647 0.5000000000
11362  -7.508  -48.443  -11.407 0.5000000000
8409  -6.006  -51.634  -12.439 0.5000000000
11351  -7.952  -48.208  -10.638 0.4000000060
9805  -6.641  -50.107  -12.328 0.5000000000
10556  -6.825  -49.220  -12.072 0.5000000000
11350  -6.977  -47.955  -10.951 0.5000000000
11338  -7.704  -47.839  -9.445 0.5000000000
10542  -5.391  -48.430  -11.722 0.6000000238
138756  -6.015  -48.162  -11.487 0.5000000000
11337  -6.377  -47.760  -10.093 0.5000000000
13676  -7.574  -44.167  -8.283 0.5000000000
10526  -4.679  -48.306  -11.229 0.6000000238
126975  -6.668  -46.457  -8.263 0.5000000000
12874  -7.392  -45.403  -8.069 0.5000000000
128613  -6.173  -47.914  -11.015 0.6000000238
140898  -5.968  -47.483  -9.304 0.6000000238
136236  -6.887  -47.116  -8.479 0.5000000000
131285  -4.397  -48.671  -11.787 0.6000000238
10509  -4.139  -48.321  -10.446 0.6000000238
11336  -5.529  -47.841  -10.078 0.6000000238
12873  -6.348  -45.721  -8.124 0.6000000238
11334  -3.803  -48.018  -8.607 0.6000000238
125438  -5.672  -44.822  -8.253 0.5000000000
14568  -6.146  -43.083  -8.823 0.5000000000
11321  -5.280  -47.362  -8.685 0.6000000238
12098  -5.674  -46.501  -8.063 0.6000000238
15383  -1.640  -42.893  -1.844 0.5000000000
14459  -0.625  -43.683  -1.290 0.5000000000
14473  -0.898  -43.627  -2.351 0.5000000000
14567  -5.056  -43.193  -9.512 0.6000000238
11319  -3.466  -47.631  -7.871 0.6000000238
122164  -4.568  -44.216  -8.799 0.6000000238
12083  -4.620  -46.726  -7.727 0.6000000238
12872  -4.507  -45.398  -7.855 0.6000000238
12082  -3.803  -46.612  -7.522 0.6000000238
21829  0.437  -35.340  -4.340 0.3000000119
21792  -8.912  -35.016  -2.131 0.3000000119
142757  4.900  -64.052  -4.848 0.4000000060
1681  5.448  -64.130  -5.640 0.5000000000
1039  -2.376  -65.234  -8.798 0.5000000000
136989  -2.333  -64.901  -7.545 0.5000000000
1310  5.611  -64.807  -6.771 0.4000000060
122275  -2.372  -64.641  -6.719 0.4000000060
1345  6.235  -65.416  -8.212 0.4000000060
2122  -3.337  -62.427  -3.276 0.4000000060
1685  -2.882  -64.041  -4.025 0.4000000060
121153  -3.550  -63.005  -3.953 0.4000000060
1316  -3.295  -64.364  -5.481 0.4000000060
1315  -2.742  -64.460  -5.559 0.4000000060
2166  8.657  -63.723  -6.907 0.4000000060
2168  6.591  -62.749  -7.271 0.4000000060
2610  6.145  -62.102  -6.518 0.4000000060
3041  -2.936  -60.810  -2.595 0.4000000060
1721  7.692  -64.183  -7.785 0.4000000060
2183  6.924  -63.611  -7.825 0.4000000060
2594  6.446  -61.539  -5.683 0.4000000060
3073  6.320  -60.587  -4.447 0.5000000000
10494  -3.000  -48.188  -8.412 0.5000000000
10506  -1.512  -48.707  -8.893 0.5000000000
11318  -2.607  -47.608  -7.757 0.5000000000
10492  -1.053  -48.119  -8.138 0.5000000000
10491  0.130  -48.157  -8.696 0.5000000000
12097  -2.403  -46.244  -7.778 0.5000000000
12094  0.046  -46.812  -8.705 0.5000000000
14441  0.104  -43.741  -0.395 0.4000000060
14423  1.235  -43.169  0.100 0.4000000060
134547  -1.063  -47.348  -7.961 0.5000000000
12860  -3.716  -45.853  -7.627 0.5000000000
1738  4.726  -64.267  -8.064 0.5000000000
1736  6.667  -64.765  -8.312 0.4000000060
2609  6.993  -61.988  -6.317 0.4000000060
466  -8.154  -67.801  13.536 0.4000000060
470  -8.677  -67.624  12.790 0.4000000060
142  -8.473  -69.203  7.615 0.4000000060
134979  -7.612  -68.079  13.830 0.4000000060
285  -7.499  -68.294  13.163 0.4000000060
134  -8.169  -69.239  8.399 0.4000000060
289  -7.710  -68.480  12.542 0.4000000060
133  -6.632  -68.807  8.276 0.4000000060
139617  -7.432  -69.063  8.505 0.4000000060
134610  -7.873  -69.166  9.247 0.4000000060
287  -5.202  -68.022  12.964 0.5000000000
284  -6.792  -68.210  13.443 0.5000000000
286  -5.334  -68.011  12.225 0.4000000060
288  -6.883  -68.416  12.643 0.4000000060
467  -4.396  -67.105  12.957 0.5000000000
126174  -4.553  -67.164  12.259 0.5000000000
468  -4.713  -67.475  12.566 0.5000000000
292  -6.197  -68.350  11.875 0.4000000060
121624  -7.084  -68.929  12.043 0.4000000060
473  -4.766  -67.383  11.567 0.4000000060
291  -5.015  -67.683  11.728 0.4000000060
311  -4.686  -67.953  8.585 0.4000000060
125  -5.261  -68.054  8.858 0.4000000060
126  -5.853  -68.317  9.181 0.4000000060
127  -6.412  -68.698  9.545 0.4000000060
122  -7.260  -69.058  10.730 0.4000000060
132  -5.731  -68.416  8.393 0.4000000060
132422  -6.957  -68.812  9.010 0.4000000060
480  -4.746  -67.473  10.545 0.5000000000
121994  -5.212  -67.743  10.881 0.4000000060
298  -5.962  -68.288  10.842 0.4000000060
118  -6.680  -68.938  11.271 0.4000000060
487  -3.910  -67.478  9.161 0.5000000000
304  -4.944  -67.833  9.261 0.4000000060
305  -5.470  -67.943  9.558 0.4000000060
120  -5.947  -68.354  9.953 0.4000000060
498  -2.836  -67.659  7.230 0.3000000119
505  -2.763  -68.051  6.511 0.3000000119
695  -2.741  -67.283  6.598 0.4000000060
499  -2.906  -67.217  7.958 0.3000000119
131917  -3.152  -66.018  7.243 0.4000000060
688  -2.812  -66.853  7.309 0.4000000060
537  -2.889  -67.744  3.684 0.3000000119
527  -2.846  -67.477  4.513 0.4000000060
705  -3.006  -66.642  5.734 0.4000000060
127916  -3.262  -65.766  5.961 0.4000000060
716  -3.176  -66.582  4.769 0.4000000060
123132  -3.340  -65.776  5.175 0.4000000060
907  -3.453  -65.005  5.690 0.4000000060
1179  -3.589  -64.392  6.496 0.3000000119
310  -4.023  -67.882  8.317 0.3000000119
141655  -3.636  -64.510  7.542 0.3000000119
899  -3.306  -65.441  7.726 0.4000000060
124804  -3.309  -66.724  3.859 0.4000000060
903  -3.338  -65.318  6.734 0.3000000119
125850  -3.481  -65.130  4.850 0.4000000060
1191  -3.567  -64.639  4.223 0.4000000060
1185  -3.536  -64.582  5.054 0.4000000060
681  -3.129  -66.784  8.792 0.4000000060
893  -3.248  -65.739  8.527 0.4000000060
120781  -3.428  -66.997  2.965 0.4000000060
924  -3.704  -65.499  2.296 0.4000000060
725  -3.676  -66.366  2.200 0.4000000060
130327  -3.685  -65.109  1.568 0.4000000060
1205  -3.617  -64.492  2.225 0.4000000060
913  -3.483  -65.710  4.170 0.4000000060
479  -4.217  -67.282  10.123 0.4000000060
887  -3.319  -65.917  9.314 0.4000000060
1162  -3.519  -64.923  8.411 0.3000000119
894  -3.460  -65.248  9.010 0.4000000060
1172  -4.052  -64.219  8.480 0.3000000119
928  -3.755  -65.816  1.451 0.4000000060
735  -3.729  -66.025  0.596 0.4000000060
130478  -3.619  -65.241  0.828 0.4000000060
919  -3.621  -65.104  3.233 0.4000000060
125934  -3.953  -66.543  11.311 0.4000000060
1150  -4.268  -64.625  9.913 0.3000000119
860  -4.019  -65.626  12.571 0.4000000060
472  -4.387  -67.122  11.210 0.4000000060
877  -3.814  -65.823  10.895 0.4000000060
663  -3.814  -66.636  10.569 0.4000000060
128634  -3.941  -65.278  10.238 0.4000000060
3054  5.954  -60.113  -3.884 0.4000000060
722  -3.607  -66.056  3.118 0.4000000060
14  -0.628  -70.085  -3.310 0.3000000119
50  1.849  -69.086  -0.029 0.3000000119
51  1.223  -69.282  0.077 0.4000000060
58  0.293  -69.534  -0.869 0.3000000119
59  0.012  -69.722  -1.522 0.3000000119
65  0.610  -69.716  -1.683 0.3000000119
70  4.381  -68.647  -2.794 0.5000000000
72  1.766  -69.665  -2.426 0.3000000119
74  0.030  -69.943  -2.776 0.3000000119
80  1.375  -69.943  -3.773 0.4000000060
95  2.082  -69.874  -5.353 0.3000000119
121  -6.513  -68.867  10.378 0.4000000060
128  -7.153  -68.989  9.854 0.4000000060
140  -6.584  -68.779  7.711 0.4000000060
161  3.232  -68.005  3.043 0.3000000119
162  2.644  -68.177  3.432 0.3000000119
163  1.912  -68.413  3.222 0.3000000119
164  1.268  -68.493  2.871 0.3000000119
175  0.859  -68.649  2.181 0.3000000119
176  0.426  -68.559  2.118 0.3000000119
184  4.146  -68.030  1.250 0.4000000060
189  0.394  -68.874  1.569 0.3000000119
195  4.635  -68.034  -0.083 0.3000000119
196  4.344  -68.068  0.518 0.5000000000
208  3.445  -68.605  -0.693 0.4000000060
217  4.916  -68.113  -1.689 0.3000000119
219  3.998  -68.576  -1.185 0.4000000060
238  3.867  -69.409  -3.781 0.4000000060
245  4.753  -68.761  -4.301 0.4000000060
253  4.692  -69.084  -5.086 0.4000000060
254  4.090  -69.409  -5.302 0.3000000119
257  4.413  -69.097  -5.948 0.3000000119
296  -4.617  -67.637  9.648 0.4000000060
297  -5.116  -67.721  9.984 0.4000000060
303  -4.481  -67.799  8.987 0.4000000060
353  0.262  -68.017  3.227 0.3000000119
355  -3.029  -68.041  2.835 0.4000000060
361  4.181  -67.584  2.097 0.4000000060
369  4.347  -67.616  1.432 0.4000000060
376  -0.161  -68.150  0.847 0.3000000119
380  4.930  -67.815  -0.664 0.4000000060
381  -0.226  -68.878  -0.456 0.3000000119
385  5.076  -68.014  -1.830 0.5000000000
386  -0.240  -69.467  -1.359 0.3000000119
387  -0.978  -68.082  -2.507 0.3000000119
392  -1.106  -68.946  -3.001 0.3000000119
397  4.855  -68.229  -3.276 0.4000000060
404  4.847  -68.725  -4.889 0.4000000060
422  4.061  -68.618  -6.978 0.4000000060
427  3.286  -68.170  -8.041 0.4000000060
453  -4.965  -67.265  15.031 0.4000000060
456  -7.365  -67.034  15.184 0.5000000000
458  -4.447  -67.337  14.187 0.5000000000
461  -7.485  -67.498  14.503 0.5000000000
465  -4.900  -67.616  13.464 0.5000000000
469  -8.133  -68.181  13.146 0.4000000060
491  0.977  -67.121  7.651 0.3000000119
492  -3.411  -67.523  8.424 0.3000000119
502  1.576  -67.442  6.284 0.3000000119
516  -2.793  -67.350  5.242 0.4000000060
554  4.801  -67.560  0.063 0.4000000060
559  4.962  -67.394  -0.694 0.4000000060
563  5.079  -67.843  -1.384 0.4000000060
568  5.103  -67.834  -2.307 0.4000000060
574  4.851  -67.739  -3.402 0.4000000060
582  3.907  -67.849  -5.685 0.4000000060
586  3.735  -67.832  -6.720 0.4000000060
590  3.239  -67.719  -7.746 0.5000000000
625  -5.143  -66.377  16.468 0.3000000119
629  -4.404  -66.790  15.696 0.4000000060
636  -3.678  -66.883  14.367 0.4000000060
637  -3.673  -66.927  15.045 0.4000000060
652  -4.251  -66.776  12.019 0.4000000060
674  -3.564  -66.742  9.703 0.4000000060
678  1.118  -66.645  8.427 0.3000000119
680  -0.031  -66.562  8.656 0.3000000119
686  0.334  -67.010  7.944 0.3000000119
689  -3.066  -66.342  7.939 0.4000000060
696  -3.064  -66.275  6.583 0.4000000060
704  -2.630  -67.743  5.886 0.3000000119
721  -0.157  -66.266  3.350 0.3000000119
729  4.623  -66.853  1.335 0.4000000060
748  -0.793  -66.754  -1.312 0.4000000060
759  5.023  -67.152  -2.520 0.4000000060
774  4.429  -67.184  -3.428 0.4000000060
775  3.694  -67.199  -3.874 0.4000000060
782  1.407  -66.402  -5.050 0.5000000000
790  1.811  -66.644  -7.613 0.5000000000
796  2.017  -67.322  -9.658 0.4000000060
847  -3.918  -65.269  14.454 0.3000000119
859  -4.033  -66.441  12.558 0.5000000000
868  -3.939  -66.108  11.826 0.4000000060
888  -3.731  -65.254  9.617 0.3000000119
892  -0.392  -66.035  8.638 0.3000000119
927  -0.349  -65.205  1.038 0.5000000000
935  4.515  -66.134  0.935 0.3000000119
937  -3.436  -65.465  0.010 0.4000000060
960  -1.994  -65.862  -1.445 0.4000000060
973  4.516  -65.170  -2.201 0.5000000000
996  3.982  -66.278  -3.656 0.5000000000
998  2.092  -65.931  -3.911 0.6000000238
999  1.571  -65.328  -4.221 0.6999999881
1030  1.122  -66.241  -6.954 0.5000000000
1032  -0.016  -65.206  -7.966 0.6999999881
1163  -3.888  -64.693  9.118 0.3000000119
1171  -0.280  -64.393  7.657 0.3000000119
1225  -1.189  -64.215  0.210 0.5000000000
1230  -0.911  -64.725  -0.026 0.5000000000
1232  -3.157  -64.611  0.348 0.5000000000
1293  0.951  -64.679  -4.579 0.6999999881
1294  0.523  -63.906  -4.816 0.8000000119
1295  -3.130  -64.292  -4.751 0.6000000238
1327  4.509  -64.353  -7.247 0.6999999881
1332  -3.239  -64.701  -6.371 0.4000000060
1347  4.740  -64.421  -7.879 0.6999999881
1352  -3.345  -65.125  -7.642 0.6000000238
1362  -1.130  -64.799  -8.297 0.6000000238
1363  -1.839  -64.899  -8.233 0.5000000000
1364  -3.571  -65.191  -8.380 0.6000000238
1495  -5.168  -62.962  11.051 0.4000000060
1541  -3.895  -63.744  7.062 0.4000000060
1573  -3.579  -63.346  4.713 0.5000000000
1584  0.240  -62.736  3.398 0.3000000119
1611  -1.381  -63.632  0.513 0.5000000000
1613  -3.001  -63.813  0.805 0.5000000000
1635  4.417  -62.859  -1.700 0.3000000119
1648  5.286  -63.357  -3.344 0.4000000060
1664  -2.587  -63.463  -3.423 0.6000000238
1665  -3.158  -63.423  -3.546 0.4000000060
1682  1.537  -63.628  -4.677 0.6999999881
1686  -3.377  -63.786  -4.281 0.4000000060
1701  3.114  -63.721  -5.985 0.6999999881
1703  1.037  -62.944  -4.741 0.8000000119
1709  -4.072  -63.385  -5.748 0.5000000000
1725  -3.698  -64.156  -5.960 0.6000000238
1737  5.583  -64.549  -8.238 0.4000000060
1913  -4.715  -62.252  13.632 0.3000000119
1923  -5.250  -61.685  12.163 0.3000000119
1943  -5.437  -62.235  10.498 0.3000000119
2029  -3.401  -62.083  4.256 0.5000000000
2047  -2.751  -62.157  2.179 0.5000000000
2055  -1.753  -62.436  1.346 0.4000000060
2102  4.953  -62.586  -2.148 0.3000000119
2105  -2.440  -62.411  -2.516 0.5000000000
2119  -0.896  -62.643  -3.448 0.6999999881
2121  -2.888  -62.977  -2.929 0.5000000000
2137  0.074  -62.394  -4.468 0.8000000119
2152  1.421  -62.233  -4.976 0.8000000119
2155  -1.079  -63.310  -4.703 0.6000000238
2170  4.571  -62.763  -7.420 0.6000000238
2171  3.532  -62.983  -7.056 0.6999999881
2184  6.017  -63.726  -8.118 0.5000000000
2186  4.214  -63.602  -7.884 0.6999999881
2453  -3.866  -61.481  5.585 0.3000000119
2490  -1.464  -61.045  2.245 0.4000000060
2492  -2.891  -61.842  2.801 0.4000000060
2501  -1.630  -61.747  1.782 0.4000000060
2533  -0.124  -61.186  -1.635 0.8000000119
2547  -0.315  -61.676  -2.263 0.6000000238
2549  -2.431  -61.529  -2.096 0.5000000000
2562  0.384  -61.471  -3.825 0.6999999881
2578  2.971  -61.354  -5.064 0.8000000119
2597  3.320  -61.859  -5.829 0.6999999881
2600  1.191  -61.916  -4.835 0.8000000119
2611  5.381  -62.215  -6.665 0.6000000238
2987  -1.963  -60.779  2.558 0.3000000119
3018  -0.719  -60.081  -0.592 0.6000000238
3026  -0.400  -60.784  -1.012 0.6999999881
3028  -2.440  -60.585  -1.848 0.6000000238
3040  0.914  -60.544  -2.370 0.8000000119
3074  5.442  -60.687  -4.471 0.5000000000
3076  3.515  -60.766  -4.410 0.6000000238
3078  1.736  -60.974  -4.316 0.6999999881
3515  -0.156  -59.353  -0.087 0.6999999881
3523  0.860  -59.897  -0.905 0.6999999881
3524  -1.696  -58.915  -1.010 0.8000000119
3541  2.490  -59.463  -2.530 0.6999999881
3542  1.850  -59.643  -2.240 0.6999999881
3563  2.951  -59.724  -3.030 0.6000000238
4065  1.375  -58.403  0.108 0.6000000238
4066  -0.447  -58.618  0.085 0.6999999881
4069  -6.853  -58.046  -0.705 0.6000000238
4075  3.373  -58.293  -1.534 0.5000000000
4094  4.659  -58.537  -2.249 0.5000000000
4224  -2.281  -58.119  -11.862 0.5000000000
4239  -1.560  -58.334  -12.551 0.5000000000
4607  2.157  -57.100  0.584 0.6999999881
4614  4.222  -56.773  -0.724 0.5000000000
4616  2.655  -57.497  -0.049 0.6000000238
4618  -0.624  -57.739  -0.018 0.8000000119
4621  -5.934  -57.624  -0.572 0.6000000238
4622  -6.503  -57.550  -0.610 0.6000000238
4636  -3.863  -56.845  -1.778 0.6000000238
4638  -5.417  -57.974  -0.958 0.6000000238
4639  -7.776  -57.612  -1.147 0.6000000238
4677  -1.452  -57.003  -3.354 0.6999999881
4779  -2.694  -57.392  -11.889 0.5000000000
4780  -2.950  -56.693  -11.762 0.6000000238
4787  -1.812  -57.511  -12.558 0.5000000000
4788  -2.641  -57.192  -12.121 0.5000000000
5119  3.016  -55.860  0.475 0.6000000238
5130  5.031  -55.783  -1.028 0.5000000000
5136  -3.926  -56.187  -0.759 0.6000000238
5139  -6.063  -56.365  -0.586 0.6999999881
5140  -6.628  -56.974  -0.640 0.6000000238
5153  -1.724  -55.937  -1.921 0.6999999881
5154  -2.980  -56.224  -1.862 0.6000000238
5175  -7.474  -56.483  -2.125 0.6000000238
5183  -1.794  -56.689  -3.368 0.6000000238
5185  -7.715  -56.168  -4.147 0.6000000238
5226  3.807  -56.688  -6.207 0.5000000000
5227  2.872  -56.663  -6.392 0.5000000000
5264  -2.893  -55.976  -10.142 0.6000000238
5280  -2.152  -56.942  -10.487 0.5000000000
5288  -3.286  -56.149  -11.532 0.6000000238
5294  -2.368  -56.764  -12.298 0.5000000000
5299  -0.942  -57.409  -12.990 0.5000000000
5683  -4.701  -56.052  -0.509 0.5000000000
5684  -5.380  -55.852  -0.561 0.6999999881
5699  4.896  -55.203  -1.186 0.6000000238
5700  -1.515  -55.746  -1.234 0.6999999881
5703  -5.921  -55.164  -1.331 0.5000000000
5721  5.198  -54.984  -2.596 0.6000000238
5748  2.860  -55.505  -4.715 0.6000000238
5756  4.175  -55.929  -4.991 0.5000000000
5768  0.080  -55.102  -7.014 0.5000000000
5769  -7.863  -55.162  -6.250 0.6000000238
5781  -1.224  -55.017  -8.041 0.6000000238
5815  -1.989  -56.053  -9.485 0.6000000238
5821  -4.232  -55.281  -10.832 0.6000000238
5822  -4.523  -54.941  -11.066 0.5000000000
5835  -0.111  -55.892  -12.910 0.5000000000
5836  -1.889  -56.183  -12.380 0.6000000238
5837  -2.893  -56.035  -11.870 0.6000000238
6242  1.992  -54.780  0.778 0.6999999881
6253  3.667  -54.785  -0.273 0.6000000238
6255  -0.466  -54.295  0.180 0.8000000119
6259  -4.761  -54.556  -0.778 0.6000000238
6278  5.233  -55.050  -1.801 0.6000000238
6281  2.724  -53.775  -0.928 0.6999999881
6291  4.669  -54.642  -2.092 0.6000000238
6309  4.437  -54.744  -2.936 0.6000000238
6326  2.473  -54.994  -4.286 0.5000000000
6327  1.757  -54.745  -4.458 0.5000000000
6337  0.764  -54.556  -5.586 0.5000000000
6352  -1.110  -54.035  -6.869 0.5000000000
6381  -2.761  -54.519  -8.754 0.5000000000
6394  -4.628  -54.177  -10.621 0.5000000000
6400  -4.804  -54.340  -10.992 0.6000000238
6407  -0.301  -53.861  -11.910 0.5000000000
6410  -4.194  -55.076  -11.280 0.6000000238
6411  -4.659  -54.342  -11.179 0.6000000238
6422  -2.149  -55.407  -11.883 0.5000000000
6897  2.190  -53.731  -0.221 0.6999999881
6900  -0.810  -53.429  -0.027 0.6999999881
6902  -2.553  -53.370  -0.496 0.6000000238
6925  1.246  -52.678  -1.012 0.8000000119
6933  2.313  -53.493  -1.723 0.6000000238
6965  -6.301  -53.835  -4.627 0.5000000000
6979  -1.025  -53.327  -5.804 0.6000000238
6981  -6.600  -53.532  -5.424 0.5000000000
7019  -8.527  -53.210  -8.227 0.5000000000
7035  -5.046  -53.627  -10.962 0.6000000238
7042  -1.943  -53.344  -11.423 0.5000000000
7043  -3.278  -53.812  -11.496 0.6000000238
7044  -4.403  -53.752  -11.452 0.6000000238
7532  0.708  -52.633  -0.617 0.8000000119
7535  -2.075  -52.653  -0.623 0.6999999881
7547  -0.131  -51.875  -1.468 0.8000000119
7549  -2.533  -52.312  -1.153 0.6000000238
7567  1.084  -52.478  -1.708 0.6999999881
7569  -1.011  -51.744  -1.791 0.6999999881
7570  -3.074  -52.195  -1.927 0.6000000238
7591  -0.327  -52.081  -3.573 0.8000000119
7609  -2.322  -51.873  -4.390 0.6000000238
7611  -5.168  -52.322  -4.537 0.6000000238
7621  -0.843  -52.925  -5.201 0.6000000238
7624  -4.903  -51.745  -5.123 0.5000000000
7625  -5.570  -52.213  -5.337 0.6000000238
7635  -5.848  -51.930  -6.042 0.6000000238
7643  -2.747  -51.506  -7.645 0.6999999881
7664  -3.996  -51.899  -9.972 0.6000000238
7672  -5.123  -52.625  -10.799 0.6000000238
7685  -5.142  -53.173  -11.334 0.6000000238
8306  -2.984  -51.558  -4.270 0.6000000238
8308  -3.824  -51.371  -4.988 0.5000000000
8318  -3.531  -51.116  -5.577 0.6000000238
8333  -6.111  -51.575  -6.765 0.4000000060
8345  -6.623  -51.240  -7.492 0.6000000238
8358  -7.608  -51.467  -8.065 0.5000000000
8383  -5.540  -51.618  -10.923 0.6000000238
8385  -6.611  -51.067  -11.867 0.6000000238
8393  -2.282  -51.811  -11.695 0.6999999881
8394  -3.481  -52.042  -11.797 0.6999999881
8396  -6.060  -51.751  -12.151 0.6000000238
8397  -6.487  -51.216  -12.319 0.5000000000
8405  -1.756  -50.972  -12.210 0.6000000238
8407  -4.105  -51.388  -12.229 0.6999999881
8408  -5.281  -51.761  -12.441 0.6000000238
9018  -4.183  -50.490  -7.693 0.6999999881
9034  -3.509  -50.657  -7.995 0.6999999881
9039  -8.469  -50.337  -9.321 0.6000000238
9052  -3.772  -50.700  -8.852 0.6999999881
9058  -10.156  -50.464  -9.617 0.6000000238
9069  -5.934  -50.633  -10.656 0.6000000238
9070  -7.126  -50.121  -11.584 0.6000000238
9071  -8.985  -49.307  -10.606 0.6000000238
9073  -10.109  -49.804  -9.882 0.6000000238
9093  -5.592  -51.222  -12.611 0.6000000238
9094  -6.379  -51.021  -12.510 0.6000000238
9095  -6.854  -50.603  -12.259 0.5000000000
9764  -7.937  -49.540  -11.109 0.6000000238
9776  -8.540  -49.184  -11.122 0.5000000000
9790  -8.501  -49.020  -11.261 0.5000000000
9791  -8.936  -48.882  -10.947 0.5000000000
9802  -3.496  -49.658  -12.171 0.6999999881
9803  -4.625  -50.156  -12.279 0.6999999881
9806  -7.222  -49.879  -12.112 0.5000000000
10493  -2.032  -48.237  -8.182 0.5000000000
10507  -2.546  -48.653  -9.324 0.6000000238
10510  -10.042  -48.700  -9.483 0.5000000000
10520  1.408  -48.290  -10.109 0.5000000000
10528  -9.485  -48.885  -10.538 0.5000000000
10529  -10.042  -48.922  -10.081 0.5000000000
10541  -3.564  -48.916  -11.867 0.6999999881
10543  -7.127  -48.690  -11.800 0.5000000000
10544  -7.831  -49.011  -11.671 0.5000000000
10553  -4.139  -49.154  -12.103 0.6999999881
10555  -5.953  -49.157  -12.102 0.5000000000
10557  -7.216  -49.211  -11.996 0.5000000000
11304  -2.424  -46.949  -7.567 0.5000000000
11305  -3.198  -47.097  -7.514 0.6000000238
11306  -3.874  -47.143  -7.629 0.6000000238
11315  0.610  -47.405  -8.940 0.5000000000
11316  -0.318  -47.549  -8.344 0.5000000000
11317  -1.756  -47.511  -7.793 0.5000000000
11320  -4.327  -47.551  -8.180 0.6000000238
11322  -6.168  -47.098  -8.595 0.6000000238
11323  -7.497  -47.439  -8.585 0.5000000000
11325  -9.464  -48.318  -9.221 0.5000000000
11335  -4.553  -48.002  -9.430 0.6000000238
11348  -4.889  -48.109  -10.533 0.6000000238
11349  -5.475  -48.103  -11.123 0.6000000238
11361  -6.678  -48.197  -11.472 0.5000000000
11363  -8.353  -48.755  -11.220 0.5000000000
12081  -3.059  -46.411  -7.550 0.6000000238
12096  -1.650  -46.614  -7.946 0.5000000000
12099  -7.414  -46.582  -8.046 0.5000000000
12110  -0.343  -46.102  -9.267 0.6000000238
12859  -2.949  -45.654  -7.940 0.5000000000
12861  -5.117  -45.891  -7.774 0.6000000238
12868  -0.875  -45.200  -10.267 0.6999999881
12885  -2.134  -45.104  -9.614 0.6999999881
12895  0.530  -44.796  -11.138 0.6000000238
13568  1.137  -44.063  -2.132 0.6999999881
13569  0.710  -44.257  -2.134 0.6999999881
13585  0.318  -44.405  -2.816 0.8000000119
13598  0.726  -44.388  -3.558 0.6999999881
13613  1.134  -44.185  -4.212 0.6999999881
13615  -0.601  -44.314  -3.947 0.6000000238
13628  1.037  -44.143  -4.968 0.6999999881
13641  -0.053  -44.500  -6.724 0.8000000119
13658  0.142  -44.222  -7.478 0.8000000119
13671  0.162  -43.855  -8.133 0.8000000119
13674  -3.605  -44.250  -9.754 0.6999999881
13675  -6.540  -43.965  -8.541 0.5000000000
13688  -1.879  -43.900  -11.188 0.6000000238
13690  -3.196  -43.664  -10.928 0.8000000119
13701  -1.013  -43.956  -11.349 0.8000000119
13703  -2.978  -43.092  -11.061 0.6999999881
14456  1.173  -43.736  -1.465 0.6999999881
14472  -0.393  -44.208  -2.989 0.6999999881
14487  1.438  -43.565  -3.927 0.6999999881
14519  0.971  -44.075  -6.282 0.8000000119
14520  -1.563  -43.778  -5.139 0.6000000238
14535  1.176  -43.547  -6.179 0.8000000119
14537  -1.607  -44.088  -6.085 0.6000000238
14540  -7.880  -43.736  -7.740 0.5000000000
14550  -1.463  -44.211  -7.026 0.6999999881
14569  -7.402  -43.179  -8.545 0.5000000000
14570  -7.826  -43.366  -8.183 0.5000000000
14583  0.179  -42.921  -10.763 0.6999999881
14584  -0.483  -43.171  -10.718 0.8000000119
14611  -3.428  -43.174  -10.849 0.8000000119
14630  3.350  -43.503  -12.209 0.5000000000
15382  1.588  -42.862  -2.482 0.6999999881
15384  -2.392  -42.092  -2.190 0.5000000000
15401  -1.719  -42.765  -2.744 0.6000000238
15418  -1.868  -42.692  -3.659 0.5000000000
15454  1.152  -42.913  -6.466 0.8000000119
15456  -3.454  -41.667  -7.075 0.5000000000
15474  -3.386  -42.113  -8.221 0.6999999881
15476  -7.769  -42.673  -8.244 0.5000000000
15487  4.590  -42.999  -8.759 0.4000000060
15488  4.300  -42.571  -8.773 0.4000000060
15490  -3.231  -42.428  -9.467 0.6999999881
15506  -3.611  -42.465  -10.152 0.6999999881
15507  -4.368  -42.374  -10.015 0.6999999881
15508  -5.746  -41.993  -9.716 0.6000000238
15509  -6.788  -41.752  -9.232 0.6000000238
15526  4.129  -42.081  -11.111 0.5000000000
15528  -3.058  -42.752  -10.838 0.6999999881
15539  4.091  -42.657  -11.463 0.5000000000
15541  2.948  -41.967  -11.954 0.6000000238
15543  1.413  -42.336  -11.623 0.6999999881
16282  -5.390  -40.604  -2.943 0.6000000238
16283  -5.950  -40.657  -3.420 0.5000000000
16296  -4.208  -40.350  -4.315 0.6000000238
16297  -6.309  -40.736  -3.995 0.5000000000
16314  1.088  -41.998  -5.184 0.6999999881
16316  -3.132  -41.326  -5.426 0.6000000238
16334  -5.519  -39.756  -6.641 0.6000000238
16335  -6.972  -40.948  -6.730 0.5000000000
16353  0.559  -42.237  -7.733 0.8000000119
16356  -7.509  -41.509  -8.235 0.5000000000
16372  0.458  -42.045  -9.440 0.6999999881
16410  3.598  -41.483  -11.102 0.5000000000
16420  2.559  -41.060  -11.706 0.5000000000
17086  1.310  -41.004  0.831 0.5000000000
17096  1.432  -40.736  0.140 0.5000000000
17127  1.457  -40.509  -1.203 0.6000000238
17146  -5.646  -40.284  -3.481 0.5000000000
17158  -6.069  -40.222  -3.938 0.5000000000
17173  0.247  -40.369  -5.576 0.6999999881
17175  -5.908  -39.750  -5.537 0.5000000000
17217  -7.239  -39.936  -6.996 0.5000000000
17239  -0.650  -40.045  -8.534 0.6999999881
17240  -5.745  -40.224  -8.478 0.6000000238
17241  -6.643  -40.207  -8.373 0.6000000238
17242  -7.179  -40.111  -7.652 0.5000000000
17258  3.029  -40.731  -10.958 0.4000000060
17270  2.859  -40.848  -11.393 0.5000000000
17273  -0.221  -39.391  -10.703 0.6999999881
17288  2.251  -40.330  -11.526 0.4000000060
17290  1.016  -40.372  -11.538 0.6000000238
18011  1.140  -39.954  -0.061 0.5000000000
18012  0.643  -39.451  0.368 0.5000000000
18038  0.696  -39.243  -1.193 0.6000000238
18048  1.062  -39.803  -1.647 0.6000000238
18059  0.984  -39.882  -3.075 0.6999999881
18060  0.690  -39.296  -3.652 0.6999999881
18068  0.533  -39.372  -4.413 0.6000000238
18102  -0.342  -39.645  -6.244 0.6000000238
18115  -1.005  -39.377  -7.830 0.6000000238
18152  -0.835  -38.711  -10.156 0.6000000238
18161  1.982  -39.742  -11.301 0.4000000060
18181  0.673  -39.375  -11.257 0.6000000238
18918  0.274  -38.720  -0.750 0.6000000238
18929  0.221  -38.743  -1.607 0.6000000238
18963  0.231  -37.683  -4.849 0.5000000000
18964  -0.168  -38.255  -5.640 0.6000000238
18983  -0.683  -37.929  -6.624 0.6000000238
19021  1.220  -37.577  -9.418 0.4000000060
19022  -1.168  -38.021  -9.683 0.6000000238
19035  1.027  -37.600  -10.078 0.5000000000
19849  -0.783  -37.762  -0.877 0.5000000000
19861  -1.328  -37.396  -1.489 0.6999999881
19870  0.202  -37.909  -3.289 0.5000000000
19871  -0.390  -37.865  -2.555 0.6000000238
19872  -1.206  -37.475  -2.193 0.6999999881
19928  1.231  -36.831  -7.050 0.3000000119
19929  0.111  -36.605  -6.450 0.3000000119
19930  -0.518  -37.163  -7.048 0.3000000119
19948  0.490  -36.693  -8.098 0.3000000119
19980  0.913  -37.137  -9.495 0.4000000060
19982  -0.409  -37.672  -10.020 0.4000000060
20834  -1.901  -37.076  -2.051 0.6999999881
20849  -3.018  -36.433  -2.695 0.6000000238
20859  0.258  -36.604  -3.812 0.5000000000
20860  -0.384  -36.380  -3.381 0.4000000060
20861  -1.441  -36.525  -3.028 0.6000000238
20862  -3.205  -36.025  -3.403 0.6999999881
20863  -3.936  -35.892  -3.541 0.5000000000
20865  -5.645  -35.721  -3.594 0.6000000238
20866  -6.694  -35.627  -3.313 0.5000000000
20890  1.760  -36.194  -5.617 0.3000000119
20908  0.570  -36.471  -6.718 0.3000000119
21788  -8.867  -34.979  -1.445 0.3000000119
21803  -8.890  -34.960  -2.775 0.5000000000
21813  -0.205  -35.223  -3.881 0.4000000060
21818  -5.426  -35.764  -4.451 0.5000000000
21831  -6.884  -35.526  -4.845 0.4000000060
21832  -7.834  -35.203  -4.339 0.5000000000
21852  -6.572  -35.446  -5.338 0.4000000060
21872  -5.437  -34.933  -6.133 0.4000000060
22721  -9.070  -34.593  -1.652 0.3000000119
22728  -9.051  -34.587  -2.256 0.3000000119
22760  0.859  -34.772  -4.763 0.3000000119
22762  -1.163  -34.247  -4.300 0.4000000060
22764  -3.669  -34.567  -5.352 0.5000000000
22765  -7.405  -34.646  -4.933 0.5000000000
22787  -3.689  -34.199  -6.393 0.5000000000
22789  -5.874  -34.803  -6.033 0.4000000060
22790  -6.624  -34.873  -5.519 0.4000000060
22810  -4.781  -34.586  -6.405 0.4000000060
23746  -8.894  -34.118  -2.442 0.4000000060
23760  -7.142  -32.994  -3.968 0.3000000119
23780  -2.395  -33.690  -5.207 0.5000000000
23800  -2.969  -33.556  -6.395 0.5000000000
23819  -3.045  -33.214  -7.007 0.4000000060
23821  -4.411  -33.786  -6.691 0.4000000060
23836  -2.950  -32.831  -7.166 0.3000000119
24793  -6.311  -32.606  -3.070 0.4000000060
24847  -0.447  -32.619  -6.234 0.3000000119
24848  -5.145  -32.375  -5.567 0.3000000119
24869  -1.041  -32.508  -7.410 0.3000000119
24870  -1.906  -32.577  -7.495 0.3000000119
24871  -2.473  -32.230  -7.426 0.3000000119
24873  -4.840  -33.127  -6.296 0.3000000119
24889  1.095  -32.477  -8.133 0.3000000119
24890  0.315  -32.251  -8.453 0.3000000119
24923  1.282  -32.187  -9.223 0.3000000119
26011  -2.538  -30.553  -6.469 0.3000000119
120717  2.421  -66.713  6.442 0.3000000119
121737  0.232  -66.769  4.932 0.3000000119
121763  -0.282  -66.959  1.866 0.3000000119
121902  -6.910  -44.847  -8.335 0.5000000000
121943  0.675  -44.365  -5.540 0.6999999881
122071  1.391  -43.140  -0.754 0.6000000238
122256  -4.599  -63.963  11.967 0.4000000060
122269  -1.800  -43.183  -10.287 0.8000000119
122633  -4.401  -35.658  -1.924 0.6000000238
122830  1.454  -43.504  -3.030 0.6999999881
122985  0.227  -43.130  -9.802 0.8000000119
123020  1.137  -32.416  -8.887 0.3000000119
123024  0.743  -69.798  -2.221 0.4000000060
123085  0.179  -41.277  -7.127 0.6999999881
123314  2.863  -55.345  -13.919 0.5000000000
123570  2.977  -68.510  0.779 0.4000000060
123824  2.064  -60.414  -3.734 0.8000000119
124273  0.127  -51.884  -12.269 0.5000000000
124617  -9.483  -50.430  -9.652 0.6000000238
124675  1.864  -53.334  -2.366 0.6000000238
124709  -7.627  -33.286  -2.242 0.4000000060
124761  0.050  -68.977  1.042 0.3000000119
124894  -3.529  -65.915  10.081 0.4000000060
125381  0.648  -44.421  -4.657 0.6999999881
125671  -2.252  -43.307  -11.072 0.6999999881
125834  -7.604  -56.284  -3.163 0.6000000238
125958  0.528  -42.772  -9.764 0.6999999881
126018  -8.489  -66.220  13.130 0.5000000000
126263  4.568  -67.565  0.792 0.4000000060
126333  1.621  -42.262  -1.090 0.5000000000
126774  0.234  -34.831  -4.347 0.3000000119
127165  -0.466  -66.766  -0.411 0.4000000060
127181  -5.577  -67.928  10.219 0.4000000060
127190  1.903  -69.381  -1.275 0.3000000119
127463  -1.216  -44.185  -7.798 0.8000000119
127690  -3.235  -51.409  -4.942 0.6000000238
128213  0.151  -48.637  -9.226 0.5000000000
128340  2.626  -69.517  -2.988 0.4000000060
128582  -5.980  -35.700  -5.238 0.4000000060
128630  -5.172  -31.770  -3.999 0.3000000119
128685  0.207  -61.391  -3.007 0.8000000119
129067  1.369  -42.425  0.584 0.5000000000
129072  -0.208  -65.038  1.849 0.4000000060
129115  -6.307  -68.621  8.861 0.4000000060
129353  4.827  -66.642  -1.169 0.4000000060
129754  1.490  -43.198  -11.813 0.6000000238
129891  -1.929  -34.083  -4.478 0.6000000238
129994  -5.519  -43.804  -8.644 0.5000000000
130102  -1.896  -48.949  -9.847 0.6000000238
130258  1.310  -41.357  -11.557 0.6999999881
130407  -6.671  -40.494  -5.499 0.5000000000
131065  -4.730  -62.744  12.986 0.3000000119
131553  1.874  -43.955  -11.940 0.5000000000
131729  -2.593  -51.725  -6.962 0.6999999881
131745  -5.452  -62.020  9.012 0.3000000119
131807  2.377  -36.746  -5.553 0.3000000119
131871  -7.143  -47.855  -10.070 0.5000000000
131893  -0.161  -63.784  6.277 0.3000000119
131985  -3.453  -64.894  -7.124 0.6000000238
132014  -0.156  -55.207  0.389 0.8000000119
132209  -7.610  -55.336  -5.423 0.6000000238
132509  4.795  -68.324  -4.503 0.4000000060
132915  0.431  -37.810  -3.966 0.5000000000
133005  -4.473  -64.048  12.700 0.4000000060
133072  -6.332  -48.486  -11.796 0.5000000000
133122  -3.683  -55.902  -10.843 0.6000000238
133448  1.180  -67.307  6.915 0.3000000119
133608  4.096  -64.256  -1.171 0.3000000119
133613  -1.388  -37.864  -8.641 0.4000000060
133919  -6.034  -68.206  12.809 0.5000000000
134182  -7.181  -35.792  -1.679 0.5000000000
134285  -1.803  -51.873  -3.796 0.6999999881
134350  -6.041  -39.915  -4.637 0.5000000000
134367  -7.522  -49.506  -11.800 0.5000000000
134502  -3.809  -48.558  -11.295 0.6000000238
134802  -4.178  -54.682  -0.491 0.6000000238
135000  1.157  -66.425  9.202 0.3000000119
135010  -7.954  -33.341  -1.465 0.4000000060
135095  -6.775  -47.550  -9.163 0.5000000000
135891  -7.116  -41.292  -8.856 0.5000000000
136042  4.911  -64.473  -6.514 0.6000000238
136049  2.698  -68.113  -8.779 0.4000000060
137620  0.216  -65.539  -8.699 0.5000000000
137894  0.658  -43.845  -11.673 0.6999999881
138006  0.383  -41.882  -8.604 0.8000000119
138187  0.988  -42.868  -7.174 0.8000000119
138327  3.919  -67.850  2.286 0.4000000060
138413  -8.625  -34.098  -3.136 0.4000000060
138443  -8.540  -35.036  -3.561 0.5000000000
138458  4.060  -55.717  -0.307 0.5000000000
138794  -4.233  -52.696  -2.558 0.6000000238
138969  -5.367  -55.146  -0.792 0.6000000238
139333  -0.690  -51.111  -12.412 0.5000000000
139426  -2.505  -64.405  -0.043 0.5000000000
139500  1.579  -42.113  -2.778 0.6999999881
139902  -4.567  -32.206  -5.996 0.3000000119
139916  -5.685  -42.514  -9.548 0.6000000238
139953  3.478  -41.494  -9.513 0.3000000119
140205  0.508  -44.370  -6.297 0.6000000238
140217  1.260  -43.991  -2.683 0.8000000119
140340  1.098  -38.237  -10.610 0.5000000000
140580  -5.523  -32.599  -2.902 0.3000000119
140975  -0.362  -62.921  -4.598 0.8000000119
141418  2.957  -42.819  -12.145 0.6000000238
141427  3.215  -55.074  -4.110 0.6000000238
141521  -5.513  -67.977  11.473 0.4000000060
141632  0.614  -65.171  -5.258 0.6999999881
141651  -3.624  -52.250  -2.683 0.6000000238
141744  4.575  -65.820  -1.552 0.5000000000
141765  -0.150  -67.753  2.000 0.3000000119
141938  -4.327  -46.087  -7.580 0.6000000238
141948  0.730  -44.417  -4.144 0.6999999881
142468  -2.513  -42.916  -6.395 0.6000000238
142582  -4.077  -63.138  6.732 0.4000000060
143503  2.766  -69.685  -5.975 0.3000000119
143598  0.936  -39.711  -2.410 0.6999999881
143659  0.060  -69.768  -1.779 0.3000000119
143906  -5.914  -53.854  -3.910 0.5000000000
144011  -8.313  -35.033  -4.103 0.5000000000
144155  -6.709  -40.728  -8.875 0.6000000238
144275  -3.093  -44.265  -10.397 0.8000000119
144631  -7.349  -69.030  11.457 0.4000000060
144801  -1.969  -53.001  -6.461 0.5000000000
145078  -0.437  -48.161  -8.436 0.5000000000
145099  1.568  -39.072  -10.850 0.5000000000
145209  -4.668  -60.967  14.074 0.3000000119
145372  3.838  -68.807  -2.369 0.3000000119
145628  -3.003  -51.009  -7.994 0.6999999881
