#!ascii label  , from subject sub-v1s10x0051124_ses-1 vox2ras=TkReg
1307
99629  43.411  12.472  27.378 0.0000000000
97952  47.521  10.527  21.872 0.0000000000
140471  52.346  17.734  10.755 0.0000000000
145056  46.102  5.874  5.462 0.0000000000
98718  48.080  11.202  33.112 0.0000000000
104619  54.707  18.855  18.723 0.0000000000
98009  44.331  10.864  12.606 0.0000000000
102969  41.669  16.355  14.941 0.0000000000
100497  54.437  13.631  21.773 0.0000000000
155115  53.080  13.409  28.429 0.0000000000
96977  48.731  9.648  29.643 0.0000000000
105583  47.375  20.552  12.438 0.0000000000
103013  42.940  17.100  9.368 0.0000000000
101337  50.112  14.608  14.765 0.0000000000
100597  47.316  13.647  5.940 0.0000000000
103798  44.342  17.952  17.632 0.0000000000
101238  48.115  14.339  25.402 0.0000000000
100419  47.863  13.567  28.713 0.0000000000
98714  53.138  12.221  33.814 0.0000000000
104635  49.169  17.938  15.794 0.0000000000
162076  47.227  20.749  15.739 0.0000000000
104667  50.131  19.111  12.591 0.0000000000
137754  46.004  16.488  12.180 0.0000000000
136772  48.376  16.545  9.708 0.0000000000
137335  51.834  11.486  22.408 0.0000000000
100524  52.133  12.983  18.591 0.0000000000
99689  48.803  12.466  18.487 0.0000000000
97091  45.722  9.381  7.938 0.0000000000
99744  45.578  12.350  10.465 0.0000000000
98041  46.187  10.853  4.288 0.0000000000
98027  43.708  10.419  7.027 0.0000000000
94328  44.334  6.814  7.656 0.0000000000
92348  44.441  3.909  11.299 0.0000000000
96987  41.820  9.684  28.618 0.0000000000
98767  45.805  11.643  30.378 0.0000000000
102946  52.278  16.692  15.885 0.0000000000
97023  44.487  9.316  21.199 0.0000000000
143347  45.136  11.696  17.844 0.0000000000
96108  43.385  8.658  16.784 0.0000000000
95257  45.684  7.420  11.419 0.0000000000
104582  50.557  18.128  22.879 0.0000000000
102899  48.773  16.063  22.757 0.0000000000
100467  53.626  13.296  24.465 0.0000000000
98816  51.188  11.111  25.605 0.0000000000
99602  50.078  12.990  30.848 0.0000000000
98775  53.162  11.700  29.797 0.0000000000
97004  48.010  9.875  25.792 0.0000000000
96074  44.659  7.705  25.244 0.0000000000
96060  38.528  8.562  28.380 0.0000000000
108825  46.553  23.811  14.325 0.0000000000
107304  45.324  21.138  13.411 0.0000000000
102965  45.388  17.277  14.470 0.0000000000
102991  41.581  16.529  12.259 0.0000000000
99734  41.494  12.468  12.164 0.0000000000
102925  54.614  16.243  19.516 0.0000000000
102104  54.878  15.258  15.873 0.0000000000
102128  53.596  15.764  11.986 0.0000000000
100560  46.382  13.550  14.471 0.0000000000
101363  48.471  14.568  11.187 0.0000000000
102164  50.292  16.147  7.392 0.0000000000
102173  45.237  15.908  7.258 0.0000000000
98924  42.755  11.526  10.034 0.0000000000
105544  43.653  18.990  18.287 0.0000000000
106475  44.039  20.159  17.233 0.0000000000
143371  46.048  14.184  26.613 0.0000000000
100433  45.554  13.396  27.634 0.0000000000
103825  50.974  18.257  13.705 0.0000000000
104650  49.856  19.141  13.674 0.0000000000
161453  51.212  18.474  12.219 0.0000000000
102998  48.949  17.277  11.463 0.0000000000
153017  50.738  17.181  9.197 0.0000000000
98831  49.185  11.105  22.125 0.0000000000
99679  49.674  12.015  19.786 0.0000000000
136141  47.913  11.475  20.044 0.0000000000
96192  46.829  8.470  4.744 0.0000000000
97098  46.257  9.826  6.038 0.0000000000
95311  45.402  8.450  4.232 0.0000000000
147277  44.817  9.117  4.507 0.0000000000
93377  44.877  6.089  7.039 0.0000000000
92361  44.937  4.552  9.052 0.0000000000
92376  45.903  4.869  7.110 0.0000000000
96971  42.902  8.982  29.879 0.0000000000
103785  51.113  17.557  18.144 0.0000000000
103793  53.122  17.366  17.442 0.0000000000
146033  43.432  7.845  20.879 0.0000000000
97033  43.452  9.328  18.847 0.0000000000
94234  43.795  7.268  17.865 0.0000000000
95229  45.626  7.159  13.702 0.0000000000
95255  47.316  6.993  10.977 0.0000000000
163403  46.839  7.315  9.358 0.0000000000
137982  50.585  13.585  27.119 0.0000000000
100457  51.127  13.460  25.352 0.0000000000
100439  53.278  13.340  26.340 0.0000000000
98814  53.624  11.656  25.377 0.0000000000
98791  54.144  12.176  26.942 0.0000000000
97874  46.572  10.912  31.779 0.0000000000
136337  47.964  12.285  31.099 0.0000000000
99584  49.421  12.338  32.359 0.0000000000
163454  50.812  10.552  31.293 0.0000000000
98747  53.436  11.837  32.088 0.0000000000
97896  49.896  10.566  29.347 0.0000000000
97916  49.546  10.615  27.580 0.0000000000
143208  48.226  9.651  27.469 0.0000000000
96072  46.405  9.072  25.644 0.0000000000
144176  46.415  8.421  27.806 0.0000000000
93177  44.603  5.406  27.324 0.0000000000
106495  47.771  21.190  13.737 0.0000000000
107303  46.742  22.209  15.160 0.0000000000
108075  47.157  22.029  12.479 0.0000000000
108090  45.825  22.843  11.906 0.0000000000
157159  46.173  20.943  12.725 0.0000000000
105568  45.682  19.328  14.516 0.0000000000
104652  46.165  18.657  14.139 0.0000000000
103002  44.058  16.724  10.500 0.0000000000
102988  43.909  16.623  11.863 0.0000000000
103004  41.957  17.137  10.425 0.0000000000
101367  41.875  14.732  11.649 0.0000000000
101376  42.371  15.307  10.869 0.0000000000
102073  51.445  15.827  21.200 0.0000000000
144614  52.210  17.351  21.522 0.0000000000
146640  53.734  14.900  20.258 0.0000000000
101307  51.085  13.773  17.076 0.0000000000
101305  53.153  13.831  17.411 0.0000000000
101324  52.235  14.523  14.950 0.0000000000
101344  53.984  15.135  13.407 0.0000000000
101346  51.201  14.917  13.385 0.0000000000
98881  44.277  11.611  15.936 0.0000000000
99707  45.535  12.453  16.508 0.0000000000
99726  45.103  12.821  13.817 0.0000000000
99751  46.985  13.191  7.585 0.0000000000
101365  47.151  13.973  10.849 0.0000000000
101382  47.963  14.492  8.599 0.0000000000
163125  49.387  15.042  8.994 0.0000000000
139660  48.671  15.190  7.366 0.0000000000
103042  47.826  16.963  6.458 0.0000000000
101398  46.544  14.514  5.748 0.0000000000
96177  43.467  8.821  8.941 0.0000000000
140371  43.503  11.852  8.387 0.0000000000
97086  42.932  9.964  9.960 0.0000000000
97082  42.203  9.828  11.275 0.0000000000
105505  54.839  19.083  21.605 0.0000000000
102939  43.291  16.831  17.366 0.0000000000
102948  43.404  16.789  16.478 0.0000000000
102044  47.032  15.388  24.166 0.0000000000
101240  46.614  14.648  25.712 0.0000000000
100444  48.096  14.035  27.197 0.0000000000
100417  49.713  13.665  28.412 0.0000000000
98716  50.122  12.141  33.794 0.0000000000
105560  48.046  19.140  15.898 0.0000000000
150862  48.821  20.146  13.515 0.0000000000
105581  48.527  20.189  12.608 0.0000000000
141578  47.228  17.746  13.366 0.0000000000
103836  48.403  17.536  12.287 0.0000000000
136774  47.460  16.481  10.763 0.0000000000
136770  46.234  16.484  9.078 0.0000000000
99658  54.466  12.341  22.183 0.0000000000
99667  55.033  13.284  20.760 0.0000000000
136556  51.371  12.138  20.275 0.0000000000
100525  50.302  12.815  18.257 0.0000000000
100543  49.255  13.761  16.779 0.0000000000
153164  44.784  9.812  10.467 0.0000000000
99739  44.953  11.961  11.408 0.0000000000
98922  45.354  11.066  9.265 0.0000000000
98921  46.203  11.752  7.506 0.0000000000
98929  47.145  12.214  4.928 0.0000000000
99765  46.306  12.967  5.001 0.0000000000
98034  44.526  10.659  5.361 0.0000000000
96184  43.724  8.943  7.468 0.0000000000
94320  43.957  7.110  9.582 0.0000000000
91267  44.607  3.235  10.172 0.0000000000
98788  42.809  11.094  28.206 0.0000000000
98786  44.419  11.988  28.779 0.0000000000
97899  43.663  10.474  29.389 0.0000000000
96969  44.393  9.647  30.675 0.0000000000
96940  45.823  9.519  32.451 0.0000000000
104623  49.444  18.103  18.556 0.0000000000
103802  50.745  16.944  16.361 0.0000000000
103817  52.891  17.161  13.457 0.0000000000
97021  45.864  9.894  21.709 0.0000000000
97965  46.089  10.924  19.840 0.0000000000
97967  44.361  10.394  19.278 0.0000000000
97988  43.505  10.224  16.818 0.0000000000
97064  43.711  9.715  14.457 0.0000000000
139947  44.519  7.330  16.038 0.0000000000
96124  44.398  8.343  14.207 0.0000000000
97076  44.484  9.278  12.228 0.0000000000
144239  45.417  8.247  10.164 0.0000000000
95295  46.567  7.859  7.825 0.0000000000
94335  47.690  6.354  6.060 0.0000000000
92374  46.924  4.708  7.372 0.0000000000
104583  49.668  17.319  22.562 0.0000000000
100499  51.349  14.337  21.817 0.0000000000
101256  48.533  14.740  23.515 0.0000000000
100476  50.596  13.640  23.183 0.0000000000
100474  53.905  13.296  23.583 0.0000000000
98825  54.110  11.802  23.691 0.0000000000
135974  51.394  11.077  23.900 0.0000000000
97936  49.565  10.654  24.296 0.0000000000
99616  46.517  12.750  29.677 0.0000000000
100409  48.603  13.309  29.505 0.0000000000
100406  52.598  13.609  29.803 0.0000000000
99590  52.631  13.049  32.479 0.0000000000
99588  54.093  12.834  31.074 0.0000000000
99613  54.529  12.213  29.604 0.0000000000
98794  51.332  11.291  27.524 0.0000000000
97930  49.500  10.587  25.825 0.0000000000
161697  47.722  10.098  23.773 0.0000000000
97016  46.028  9.136  24.122 0.0000000000
96080  44.768  8.437  23.586 0.0000000000
160263  43.547  6.823  23.163 0.0000000000
95110  44.763  6.920  27.237 0.0000000000
155804  43.947  5.717  24.808 0.0000000000
136542  40.914  10.612  27.554 0.0000000000
138738  39.871  9.030  28.252 0.0000000000
95089  36.729  7.487  29.265 0.0000000000
108810  47.410  23.687  16.227 0.0000000000
109607  46.301  25.236  11.230 0.0000000000
105563  44.805  19.910  15.911 0.0000000000
146301  44.656  17.594  15.850 0.0000000000
102968  42.653  16.534  14.684 0.0000000000
102976  45.812  16.940  13.686 0.0000000000
102978  43.083  16.603  13.157 0.0000000000
140201  41.590  16.445  13.923 0.0000000000
103775  55.499  17.567  19.035 0.0000000000
100522  54.820  13.728  19.095 0.0000000000
102094  55.479  15.544  18.231 0.0000000000
152039  54.815  16.914  17.114 0.0000000000
102953  54.615  16.106  14.978 0.0000000000
102973  54.613  15.979  12.979 0.0000000000
103008  53.538  17.130  10.254 0.0000000000
98863  46.423  12.011  18.339 0.0000000000
100545  47.576  13.492  16.451 0.0000000000
101339  48.351  14.436  14.298 0.0000000000
100575  45.895  13.296  11.968 0.0000000000
137155  47.903  14.336  12.894 0.0000000000
101347  49.314  14.782  12.961 0.0000000000
102138  51.338  15.431  11.234 0.0000000000
102145  52.827  16.452  9.057 0.0000000000
103852  52.784  17.243  8.455 0.0000000000
103034  49.009  17.026  7.096 0.0000000000
103036  47.043  17.107  6.779 0.0000000000
102167  44.550  16.631  8.179 0.0000000000
148303  44.811  13.344  7.011 0.0000000000
147363  44.052  13.376  8.483 0.0000000000
101385  43.507  15.160  9.570 0.0000000000
99740  42.458  12.703  10.740 0.0000000000
92340  44.195  4.257  12.842 0.0000000000
106485  43.608  21.002  16.660 0.0000000000
99635  43.882  13.157  26.845 0.0000000000
100434  44.775  13.273  27.259 0.0000000000
99628  44.240  12.740  27.631 0.0000000000
104658  51.674  18.340  12.394 0.0000000000
104659  50.920  18.854  12.799 0.0000000000
103841  50.942  17.812  11.372 0.0000000000
146636  51.404  17.525  10.049 0.0000000000
97951  48.430  10.944  21.743 0.0000000000
98845  48.425  11.296  20.758 0.0000000000
98836  47.766  10.862  21.180 0.0000000000
95318  46.923  7.405  4.237 0.0000000000
96208  46.719  8.239  4.032 0.0000000000
94346  45.933  6.653  4.833 0.0000000000
94347  45.210  7.345  5.073 0.0000000000
94336  45.334  6.325  5.878 0.0000000000
93383  45.637  5.482  6.476 0.0000000000
105529  54.233  19.386  19.791 0.0000000000
104607  53.766  19.247  19.001 0.0000000000
104620  52.923  18.637  18.585 0.0000000000
103783  53.766  18.177  18.099 0.0000000000
158371  43.409  6.959  20.661 0.0000000000
95159  43.350  7.647  19.297 0.0000000000
142418  43.603  6.946  19.535 0.0000000000
95240  48.000  6.986  11.962 0.0000000000
139639  48.333  7.370  10.808 0.0000000000
95269  47.699  7.315  9.819 0.0000000000
102115  40.906  16.168  14.289 0.0000000000
100428  51.301  13.578  27.773 0.0000000000
100440  51.929  13.408  26.901 0.0000000000
142326  53.302  13.304  27.141 0.0000000000
100438  54.106  13.000  26.787 0.0000000000
100426  53.886  13.022  27.857 0.0000000000
146145  47.102  11.017  32.249 0.0000000000
98734  47.660  11.370  32.367 0.0000000000
98733  48.534  11.827  32.513 0.0000000000
97885  49.379  9.932  30.371 0.0000000000
97883  50.857  10.725  30.623 0.0000000000
159084  49.433  10.142  29.713 0.0000000000
97897  49.180  10.136  29.030 0.0000000000
144199  48.567  9.712  28.807 0.0000000000
96998  47.020  8.818  27.748 0.0000000000
96054  47.519  8.973  28.392 0.0000000000
106506  47.879  20.950  12.309 0.0000000000
107311  47.669  21.335  12.659 0.0000000000
107322  47.337  21.426  12.312 0.0000000000
106501  46.774  21.473  12.254 0.0000000000
162743  46.940  20.918  12.334 0.0000000000
145872  46.298  19.574  13.625 0.0000000000
105575  46.946  19.037  13.444 0.0000000000
103012  43.393  17.137  9.364 0.0000000000
138066  42.658  17.167  9.947 0.0000000000
161039  42.398  17.141  9.929 0.0000000000
102149  41.831  16.836  10.535 0.0000000000
101375  42.618  16.015  10.088 0.0000000000
101277  51.969  14.755  21.166 0.0000000000
102082  52.016  15.360  20.867 0.0000000000
142922  53.986  14.445  20.661 0.0000000000
101316  50.705  14.159  16.351 0.0000000000
101315  51.770  14.150  16.462 0.0000000000
141171  51.074  14.568  14.911 0.0000000000
101336  51.831  14.657  14.142 0.0000000000
152921  50.786  14.706  14.197 0.0000000000
98894  44.131  11.684  14.143 0.0000000000
99722  44.564  12.292  14.390 0.0000000000
99727  44.591  12.206  13.387 0.0000000000
101374  47.250  14.061  9.639 0.0000000000
101383  47.464  14.080  7.735 0.0000000000
101391  48.065  14.894  6.776 0.0000000000
139227  47.572  15.429  6.082 0.0000000000
101397  47.043  14.067  5.614 0.0000000000
141775  43.352  8.370  10.001 0.0000000000
97093  43.274  9.691  9.128 0.0000000000
96169  43.163  9.174  9.942 0.0000000000
96159  43.000  8.685  10.703 0.0000000000
104631  44.279  18.681  17.815 0.0000000000
103788  43.727  17.437  17.943 0.0000000000
103799  44.037  17.291  17.156 0.0000000000
102045  46.242  15.528  24.432 0.0000000000
102035  45.847  15.041  25.111 0.0000000000
101227  47.138  13.893  27.476 0.0000000000
101231  47.330  14.293  26.605 0.0000000000
100431  47.999  13.765  28.033 0.0000000000
100430  48.833  13.826  27.794 0.0000000000
100418  48.656  13.621  28.705 0.0000000000
103797  48.443  18.212  17.341 0.0000000000
104630  47.855  18.852  17.775 0.0000000000
104636  48.512  18.338  16.342 0.0000000000
104660  50.139  19.338  12.856 0.0000000000
104651  49.221  19.447  14.117 0.0000000000
105572  49.410  19.797  13.119 0.0000000000
105573  48.695  20.225  12.820 0.0000000000
104668  49.088  19.385  12.619 0.0000000000
103826  48.749  18.324  12.540 0.0000000000
103835  49.510  18.216  12.217 0.0000000000
103011  49.008  16.886  10.529 0.0000000000
136775  48.263  16.668  10.925 0.0000000000
136771  47.265  16.413  9.640 0.0000000000
136773  46.425  16.371  10.404 0.0000000000
98833  53.149  11.738  22.273 0.0000000000
99669  52.469  12.050  20.979 0.0000000000
98843  51.174  11.809  21.060 0.0000000000
144254  49.202  12.206  19.130 0.0000000000
149073  49.885  12.338  19.181 0.0000000000
99688  49.664  12.591  18.523 0.0000000000
100535  49.603  13.338  17.425 0.0000000000
100536  48.789  13.289  17.310 0.0000000000
162833  45.062  9.739  9.746 0.0000000000
157412  44.918  10.603  10.116 0.0000000000
152249  45.256  10.326  9.255 0.0000000000
97106  46.295  10.286  4.410 0.0000000000
151357  46.796  11.478  5.489 0.0000000000
98032  46.573  11.000  4.709 0.0000000000
98935  46.744  11.768  4.630 0.0000000000
98936  45.947  11.788  4.579 0.0000000000
98033  45.664  10.846  4.256 0.0000000000
95296  44.115  8.096  6.769 0.0000000000
96193  44.141  9.227  5.926 0.0000000000
95297  43.744  8.224  8.275 0.0000000000
95284  44.012  7.446  8.488 0.0000000000
94319  44.293  6.517  8.846 0.0000000000
91274  44.944  3.459  9.434 0.0000000000
92354  44.702  4.149  9.762 0.0000000000
97909  42.436  10.307  28.547 0.0000000000
97908  43.257  10.792  28.788 0.0000000000
97900  43.014  10.156  29.100 0.0000000000
96970  43.658  9.320  30.293 0.0000000000
96956  44.583  9.265  31.268 0.0000000000
162029  45.630  9.866  31.821 0.0000000000
96941  45.089  9.194  31.923 0.0000000000
103794  51.851  17.200  17.434 0.0000000000
103795  50.637  17.152  17.242 0.0000000000
102947  51.324  16.795  15.838 0.0000000000
103818  51.692  17.351  14.299 0.0000000000
102964  52.689  16.851  14.424 0.0000000000
139701  45.240  9.451  21.908 0.0000000000
97022  45.317  9.868  21.195 0.0000000000
97026  44.104  9.498  20.341 0.0000000000
96100  43.292  8.618  17.660 0.0000000000
97040  43.330  9.278  17.969 0.0000000000
97046  43.299  9.331  17.181 0.0000000000
97993  43.467  10.297  15.880 0.0000000000
97057  43.516  9.583  15.367 0.0000000000
94249  44.887  6.710  16.565 0.0000000000
94264  45.280  6.843  15.749 0.0000000000
95243  45.331  7.366  12.923 0.0000000000
95230  44.865  7.731  13.702 0.0000000000
95244  44.753  8.016  12.862 0.0000000000
96147  44.534  8.680  12.816 0.0000000000
96158  44.671  8.430  12.316 0.0000000000
96168  44.885  8.799  10.774 0.0000000000
96167  45.244  8.014  11.106 0.0000000000
95282  47.609  7.352  8.600 0.0000000000
95283  46.737  7.480  8.611 0.0000000000
139557  47.740  7.255  6.422 0.0000000000
95304  47.358  7.596  5.373 0.0000000000
161089  47.901  6.915  6.394 0.0000000000
93380  48.245  5.938  6.990 0.0000000000
103750  48.798  17.436  22.988 0.0000000000
104569  49.359  18.111  23.088 0.0000000000
102898  49.510  16.390  22.409 0.0000000000
102065  50.119  15.903  22.015 0.0000000000
163141  50.002  15.219  22.114 0.0000000000
101252  47.509  14.764  24.679 0.0000000000
101257  47.807  15.126  23.834 0.0000000000
101251  48.231  14.476  24.342 0.0000000000
100468  52.031  13.410  24.751 0.0000000000
100469  50.312  13.542  23.863 0.0000000000
159844  52.528  13.417  23.923 0.0000000000
100485  52.053  13.520  23.051 0.0000000000
156032  54.747  12.650  23.645 0.0000000000
99646  54.707  12.643  24.520 0.0000000000
140213  52.790  11.371  25.035 0.0000000000
98821  52.203  11.253  24.490 0.0000000000
158565  51.887  11.221  25.116 0.0000000000
97940  50.384  10.870  24.065 0.0000000000
164117  50.131  10.794  24.680 0.0000000000
98777  45.335  11.803  29.838 0.0000000000
99622  45.754  12.727  29.173 0.0000000000
99606  46.292  12.202  30.209 0.0000000000
137583  49.213  12.667  30.941 0.0000000000
99614  48.376  12.937  30.071 0.0000000000
136369  50.259  13.335  30.000 0.0000000000
100398  51.194  13.347  30.779 0.0000000000
99576  52.301  12.588  33.812 0.0000000000
99577  51.118  12.522  33.603 0.0000000000
98713  53.299  12.403  33.252 0.0000000000
98764  53.295  11.748  31.026 0.0000000000
98763  53.895  12.227  31.491 0.0000000000
98774  54.272  12.245  30.423 0.0000000000
99601  54.454  12.433  30.291 0.0000000000
141362  54.459  12.167  29.595 0.0000000000
145917  53.696  11.844  28.787 0.0000000000
151017  52.446  11.494  28.863 0.0000000000
97917  48.806  10.144  27.131 0.0000000000
97926  49.516  10.605  26.677 0.0000000000
97927  48.762  10.210  26.268 0.0000000000
97932  48.226  10.097  25.029 0.0000000000
97008  47.586  9.790  24.943 0.0000000000
144648  46.681  9.569  23.780 0.0000000000
97012  46.723  9.400  24.750 0.0000000000
96073  45.170  8.312  25.159 0.0000000000
96077  45.330  8.643  24.329 0.0000000000
96078  44.669  8.050  24.503 0.0000000000
95124  43.811  7.394  23.358 0.0000000000
95121  43.752  6.939  23.883 0.0000000000
141700  45.229  6.891  28.527 0.0000000000
93191  44.206  5.540  25.508 0.0000000000
92182  44.114  4.926  24.147 0.0000000000
98798  40.110  11.004  27.116 0.0000000000
96991  38.138  9.254  27.850 0.0000000000
96999  39.617  9.648  27.758 0.0000000000
152543  39.383  8.516  28.545 0.0000000000
95101  38.048  7.969  28.788 0.0000000000
108065  46.535  22.978  14.240 0.0000000000
108057  46.592  23.120  15.328 0.0000000000
108817  46.959  24.015  15.191 0.0000000000
109596  46.982  24.500  13.867 0.0000000000
109595  47.481  25.629  12.190 0.0000000000
136247  46.608  24.384  12.902 0.0000000000
108077  45.523  22.411  12.281 0.0000000000
107305  44.600  21.527  14.041 0.0000000000
106490  44.606  20.612  15.381 0.0000000000
106497  44.874  20.782  14.423 0.0000000000
104653  45.574  18.541  14.991 0.0000000000
104645  45.229  18.475  15.666 0.0000000000
103812  44.695  17.248  15.128 0.0000000000
103813  44.214  17.096  15.585 0.0000000000
102956  43.868  16.751  14.971 0.0000000000
102975  47.133  17.172  13.066 0.0000000000
103828  46.570  17.318  13.555 0.0000000000
139253  46.336  16.761  13.054 0.0000000000
102989  42.803  16.793  12.110 0.0000000000
142408  44.016  16.510  12.940 0.0000000000
137270  42.097  16.720  12.525 0.0000000000
102979  42.319  16.564  13.542 0.0000000000
102980  41.664  16.470  13.036 0.0000000000
102122  41.124  16.229  13.291 0.0000000000
102132  41.199  16.000  12.646 0.0000000000
100576  41.461  13.743  12.283 0.0000000000
104581  51.983  18.207  22.967 0.0000000000
102916  53.079  16.352  20.412 0.0000000000
103759  53.198  17.429  21.044 0.0000000000
103768  53.818  17.222  20.479 0.0000000000
103767  55.056  18.254  20.143 0.0000000000
102914  54.871  17.285  19.681 0.0000000000
100515  52.950  12.724  19.469 0.0000000000
100513  55.297  13.716  20.123 0.0000000000
100523  53.449  13.192  18.774 0.0000000000
101313  54.409  14.712  16.214 0.0000000000
101304  54.300  14.279  17.295 0.0000000000
101312  55.064  14.949  16.788 0.0000000000
102936  55.312  16.179  17.377 0.0000000000
102099  55.150  15.607  16.574 0.0000000000
142762  54.960  16.350  16.537 0.0000000000
156540  54.889  15.529  15.184 0.0000000000
102120  53.341  15.324  12.663 0.0000000000
102114  54.570  15.624  13.596 0.0000000000
102119  54.216  15.773  12.693 0.0000000000
102984  54.094  16.229  12.227 0.0000000000
102136  53.367  16.061  10.991 0.0000000000
98857  45.467  11.192  19.096 0.0000000000
143349  46.312  11.505  19.061 0.0000000000
98872  45.812  12.097  17.781 0.0000000000
100554  45.820  13.138  14.864 0.0000000000
99713  46.090  12.924  16.112 0.0000000000
100552  47.264  13.692  15.646 0.0000000000
100551  48.054  14.020  15.869 0.0000000000
101340  47.605  14.174  14.362 0.0000000000
99738  45.362  12.661  11.680 0.0000000000
100581  45.938  13.131  10.975 0.0000000000
101364  47.659  14.248  11.417 0.0000000000
162433  47.038  13.931  11.641 0.0000000000
101357  48.142  14.406  12.091 0.0000000000
151096  48.555  14.554  12.676 0.0000000000
101356  48.968  14.708  12.000 0.0000000000
102139  50.072  15.045  11.932 0.0000000000
101362  49.394  14.898  10.993 0.0000000000
102156  50.257  15.457  8.213 0.0000000000
137784  50.902  15.505  9.005 0.0000000000
102155  51.180  16.010  7.806 0.0000000000
103019  52.826  16.962  8.066 0.0000000000
103032  51.569  16.887  7.688 0.0000000000
103020  51.301  17.099  7.943 0.0000000000
103033  50.378  16.763  7.704 0.0000000000
102172  46.562  16.525  6.503 0.0000000000
103043  47.074  17.003  6.627 0.0000000000
102166  45.589  16.684  7.244 0.0000000000
103038  44.972  16.943  7.899 0.0000000000
101393  44.667  15.307  7.890 0.0000000000
98930  44.489  11.958  6.523 0.0000000000
99759  45.036  12.669  6.215 0.0000000000
98923  43.116  11.230  9.220 0.0000000000
99753  43.379  12.656  9.152 0.0000000000
100588  43.529  13.828  9.487 0.0000000000
99746  42.867  12.261  10.058 0.0000000000
145138  42.994  13.241  10.178 0.0000000000
160717  42.443  11.927  10.530 0.0000000000
97077  42.088  9.199  11.947 0.0000000000
93350  44.305  5.095  11.697 0.0000000000
92339  44.326  4.375  12.114 0.0000000000
105553  44.050  19.390  17.763 0.0000000000
105552  44.490  19.311  17.270 0.0000000000
140080  45.936  14.552  25.941 0.0000000000
101232  45.286  14.195  26.238 0.0000000000
100445  46.211  13.817  27.251 0.0000000000
100432  46.362  13.481  27.985 0.0000000000
159966  49.934  17.712  15.237 0.0000000000
104643  49.490  18.506  14.747 0.0000000000
103819  50.227  18.361  14.243 0.0000000000
161989  50.598  19.106  12.842 0.0000000000
104675  50.416  18.376  11.994 0.0000000000
103842  49.925  17.751  11.583 0.0000000000
102997  50.038  17.330  10.622 0.0000000000
138316  49.622  16.844  9.520 0.0000000000
98830  50.738  11.241  22.597 0.0000000000
136203  50.155  11.618  21.234 0.0000000000
98855  48.721  11.769  19.809 0.0000000000
98856  47.879  11.809  19.343 0.0000000000
148556  46.641  8.362  6.419 0.0000000000
143162  46.496  9.248  5.196 0.0000000000
96202  46.251  9.438  4.215 0.0000000000
97115  45.865  10.171  3.985 0.0000000000
160566  44.601  8.036  5.209 0.0000000000
94337  44.579  7.064  6.283 0.0000000000
136999  44.618  5.878  8.114 0.0000000000
93376  45.200  5.314  7.555 0.0000000000
92368  45.468  4.715  8.143 0.0000000000
92360  45.502  4.024  8.886 0.0000000000
96057  41.513  8.941  29.038 0.0000000000
96980  42.444  9.490  29.192 0.0000000000
96048  42.189  8.744  29.615 0.0000000000
104609  51.065  18.786  19.343 0.0000000000
104621  51.687  18.286  18.709 0.0000000000
103784  52.331  17.793  18.108 0.0000000000
102938  52.655  16.846  16.660 0.0000000000
96085  43.795  8.306  21.525 0.0000000000
142068  43.533  9.014  19.778 0.0000000000
96087  43.350  8.164  19.998 0.0000000000
146711  43.289  7.932  18.318 0.0000000000
95169  43.507  7.950  17.339 0.0000000000
95209  46.183  6.883  14.378 0.0000000000
143809  46.635  6.695  12.988 0.0000000000
95242  46.039  6.908  12.196 0.0000000000
95256  46.351  7.043  11.176 0.0000000000
95271  45.858  7.572  10.586 0.0000000000
95270  46.613  7.234  10.226 0.0000000000
102886  48.384  16.755  23.052 0.0000000000
100442  49.737  13.676  26.400 0.0000000000
156049  49.405  13.698  25.472 0.0000000000
100441  50.884  13.516  26.200 0.0000000000
136776  52.070  13.457  25.822 0.0000000000
100456  53.345  13.311  25.372 0.0000000000
99643  54.549  12.571  25.391 0.0000000000
100455  54.200  13.030  25.852 0.0000000000
98805  53.587  11.684  26.244 0.0000000000
98806  52.618  11.469  26.544 0.0000000000
98751  46.155  11.218  31.076 0.0000000000
98766  46.508  11.845  30.739 0.0000000000
98750  46.719  11.504  31.292 0.0000000000
99593  48.697  12.323  31.569 0.0000000000
99592  49.744  12.636  31.627 0.0000000000
97858  52.724  11.325  32.657 0.0000000000
98731  53.455  12.023  32.989 0.0000000000
97871  51.998  11.132  31.443 0.0000000000
98765  51.873  11.231  30.334 0.0000000000
98776  51.595  11.278  29.351 0.0000000000
97915  50.397  11.030  28.003 0.0000000000
97906  49.680  10.612  28.499 0.0000000000
97907  48.822  10.077  28.108 0.0000000000
97005  47.527  9.478  26.442 0.0000000000
141077  47.168  9.476  25.664 0.0000000000
97006  46.818  9.151  26.366 0.0000000000
96066  46.458  8.693  27.048 0.0000000000
96070  45.690  8.311  26.608 0.0000000000
94164  44.732  5.801  28.015 0.0000000000
136884  44.679  4.622  26.098 0.0000000000
106488  47.519  20.751  15.018 0.0000000000
107296  47.064  21.303  15.522 0.0000000000
107295  47.283  21.521  14.595 0.0000000000
107302  47.215  22.049  13.570 0.0000000000
108064  46.766  22.665  13.137 0.0000000000
108834  45.897  23.992  11.862 0.0000000000
108089  46.552  22.162  12.275 0.0000000000
107323  46.198  22.130  12.199 0.0000000000
106489  45.144  19.998  14.937 0.0000000000
106496  45.655  20.265  13.767 0.0000000000
103820  45.895  17.954  14.501 0.0000000000
137981  44.989  16.426  11.739 0.0000000000
103003  42.585  17.097  10.949 0.0000000000
102990  41.838  17.053  11.417 0.0000000000
102140  41.511  16.010  11.943 0.0000000000
101366  41.825  16.068  11.263 0.0000000000
99741  41.985  13.215  11.493 0.0000000000
103760  51.085  17.049  21.763 0.0000000000
103748  51.448  17.686  22.232 0.0000000000
102908  51.665  16.622  21.292 0.0000000000
102081  52.809  15.500  20.424 0.0000000000
102080  53.851  15.651  19.913 0.0000000000
100533  51.549  13.337  17.802 0.0000000000
100532  52.643  13.460  17.971 0.0000000000
101306  52.151  13.792  17.215 0.0000000000
101314  53.111  14.200  16.578 0.0000000000
157139  53.740  14.562  15.742 0.0000000000
101322  54.556  14.957  15.138 0.0000000000
101335  53.179  14.722  14.139 0.0000000000
101345  52.675  14.902  13.386 0.0000000000
102121  52.152  15.130  12.743 0.0000000000
98880  44.796  11.911  16.666 0.0000000000
98873  45.303  12.069  17.223 0.0000000000
99708  44.917  12.250  16.006 0.0000000000
99721  45.208  12.758  14.686 0.0000000000
100561  45.708  13.224  14.152 0.0000000000
100587  46.256  13.032  9.664 0.0000000000
100586  46.588  13.555  10.377 0.0000000000
139194  46.781  13.634  9.154 0.0000000000
101373  47.940  14.407  10.211 0.0000000000
101372  48.884  14.793  10.113 0.0000000000
101381  48.671  14.757  8.915 0.0000000000
101380  49.517  15.402  7.724 0.0000000000
102165  49.164  16.128  6.790 0.0000000000
102170  49.286  16.760  7.310 0.0000000000
101396  48.022  16.343  6.183 0.0000000000
102171  47.446  16.391  6.196 0.0000000000
158174  46.056  15.730  6.360 0.0000000000
97100  43.513  9.610  7.988 0.0000000000
98931  43.516  11.047  7.844 0.0000000000
146632  43.388  10.217  8.328 0.0000000000
98018  43.157  10.471  9.162 0.0000000000
98019  42.690  10.764  10.091 0.0000000000
97087  42.535  10.154  10.581 0.0000000000
96160  42.539  8.957  11.345 0.0000000000
105528  55.127  19.117  19.988 0.0000000000
103789  43.206  17.634  18.551 0.0000000000
102949  42.633  16.420  16.674 0.0000000000
102958  42.587  16.504  15.709 0.0000000000
101253  46.746  14.932  24.932 0.0000000000
139559  46.630  14.401  26.335 0.0000000000
101230  48.129  14.234  26.363 0.0000000000
100429  49.646  13.734  27.444 0.0000000000
155232  50.359  13.668  27.864 0.0000000000
100416  50.847  13.638  28.482 0.0000000000
98717  48.918  11.656  33.457 0.0000000000
98701  49.400  11.543  34.319 0.0000000000
98700  50.740  11.973  34.709 0.0000000000
99569  52.819  12.276  34.521 0.0000000000
97848  52.999  11.606  33.723 0.0000000000
97872  51.271  10.613  32.038 0.0000000000
97873  50.222  10.173  31.608 0.0000000000
96967  48.649  9.317  30.675 0.0000000000
96046  47.428  8.697  29.204 0.0000000000
105551  47.421  19.640  17.755 0.0000000000
163275  47.629  19.592  16.001 0.0000000000
104644  48.763  18.771  15.266 0.0000000000
143066  48.502  19.669  14.701 0.0000000000
105561  47.824  19.926  15.307 0.0000000000
105567  48.272  20.522  14.135 0.0000000000
147805  48.190  20.557  12.518 0.0000000000
105582  47.965  20.559  12.386 0.0000000000
104662  47.679  18.643  13.151 0.0000000000
104661  48.431  18.761  12.733 0.0000000000
103827  47.932  17.805  12.904 0.0000000000
102986  46.956  16.729  12.464 0.0000000000
102999  47.748  16.801  11.792 0.0000000000
103000  46.720  16.470  11.533 0.0000000000
103001  45.595  16.385  11.084 0.0000000000
159507  45.270  16.512  9.818 0.0000000000
160954  44.161  17.096  9.175 0.0000000000
100496  55.150  13.102  22.072 0.0000000000
137401  55.147  13.203  21.400 0.0000000000
99668  54.079  12.407  21.332 0.0000000000
162021  53.201  12.297  20.740 0.0000000000
99677  51.513  12.536  19.321 0.0000000000
99670  50.368  11.898  20.428 0.0000000000
152578  51.053  12.876  18.392 0.0000000000
100534  50.492  13.255  17.674 0.0000000000
100542  50.122  13.782  16.931 0.0000000000
101317  49.773  14.167  16.217 0.0000000000
98012  44.503  10.742  11.728 0.0000000000
98906  44.590  11.472  12.002 0.0000000000
153585  44.679  10.604  10.911 0.0000000000
98917  44.948  11.154  10.344 0.0000000000
98916  45.514  11.695  9.601 0.0000000000
97099  45.892  10.360  7.316 0.0000000000
98023  45.767  10.994  7.920 0.0000000000
99752  46.200  12.412  8.617 0.0000000000
99758  47.122  12.651  5.932 0.0000000000
99763  47.247  13.125  5.485 0.0000000000
100601  47.157  13.276  5.081 0.0000000000
141101  46.781  12.244  4.661 0.0000000000
98937  44.448  11.262  5.933 0.0000000000
97107  44.691  10.056  4.700 0.0000000000
97108  43.891  9.826  6.366 0.0000000000
95285  43.646  7.919  9.294 0.0000000000
94310  43.853  6.825  10.520 0.0000000000
138213  44.496  4.590  10.602 0.0000000000
93369  44.548  5.559  9.007 0.0000000000
91260  44.409  2.601  11.092 0.0000000000
98795  43.094  11.772  27.796 0.0000000000
99623  43.878  12.168  28.051 0.0000000000
98787  43.579  11.510  28.455 0.0000000000
98779  43.985  11.230  29.131 0.0000000000
97898  44.405  10.818  29.728 0.0000000000
96979  43.301  9.721  29.616 0.0000000000
97888  44.084  10.035  29.985 0.0000000000
97886  45.487  10.819  30.764 0.0000000000
97875  45.856  10.504  31.466 0.0000000000
97862  46.191  10.198  32.144 0.0000000000
96939  46.474  9.849  32.839 0.0000000000
148304  48.586  18.360  18.247 0.0000000000
104629  49.118  17.775  17.761 0.0000000000
104622  50.499  18.069  18.733 0.0000000000
103796  49.678  17.434  17.287 0.0000000000
159505  49.889  17.319  16.355 0.0000000000
146313  50.718  17.586  14.735 0.0000000000
103824  51.753  18.040  13.133 0.0000000000
136176  52.505  17.821  12.469 0.0000000000
97953  46.584  10.167  21.791 0.0000000000
97956  46.933  10.616  21.058 0.0000000000
97954  46.078  10.255  21.141 0.0000000000
97966  45.127  10.666  19.629 0.0000000000
97975  44.803  10.881  19.012 0.0000000000
97032  43.894  9.775  19.545 0.0000000000
97968  43.808  10.085  18.910 0.0000000000
98865  44.506  11.189  17.788 0.0000000000
98882  43.729  10.872  16.205 0.0000000000
98889  43.713  11.031  15.448 0.0000000000
98004  43.753  10.524  14.203 0.0000000000
94224  44.050  6.749  18.291 0.0000000000
95179  44.156  7.289  16.959 0.0000000000
95180  43.765  7.938  16.404 0.0000000000
95210  45.303  7.318  14.420 0.0000000000
96120  44.247  8.141  14.966 0.0000000000
96114  43.631  8.646  15.742 0.0000000000
97063  44.096  9.067  13.915 0.0000000000
97071  43.982  9.841  13.642 0.0000000000
151587  44.243  9.981  12.858 0.0000000000
97081  44.636  9.272  11.327 0.0000000000
96176  45.097  9.127  9.927 0.0000000000
153110  45.552  8.706  9.066 0.0000000000
155218  46.118  7.736  9.236 0.0000000000
96183  46.086  8.584  7.496 0.0000000000
95305  47.039  7.841  6.492 0.0000000000
94355  47.270  7.078  4.579 0.0000000000
94344  47.252  6.555  5.103 0.0000000000
93382  46.536  5.356  6.124 0.0000000000
93381  47.299  5.327  6.551 0.0000000000
93375  47.664  5.110  7.579 0.0000000000
102897  50.259  16.736  22.075 0.0000000000
102074  50.846  15.208  21.564 0.0000000000
100498  52.779  14.037  21.663 0.0000000000
102887  46.914  16.646  23.658 0.0000000000
102053  48.360  15.494  23.218 0.0000000000
101267  48.875  14.967  22.980 0.0000000000
100470  49.665  13.635  24.479 0.0000000000
100477  49.721  13.818  23.499 0.0000000000
100487  49.956  14.082  22.751 0.0000000000
100486  50.926  13.885  22.447 0.0000000000
160153  52.062  13.793  22.234 0.0000000000
100484  53.919  13.483  22.544 0.0000000000
99649  54.946  12.914  22.677 0.0000000000
98824  54.399  12.136  22.947 0.0000000000
98829  52.966  11.530  23.014 0.0000000000
98819  54.557  12.127  24.244 0.0000000000
98826  52.665  11.342  23.773 0.0000000000
136497  51.655  11.220  23.161 0.0000000000
98827  50.579  10.995  23.330 0.0000000000
97946  49.683  10.977  22.777 0.0000000000
155900  49.029  10.669  23.213 0.0000000000
141044  45.051  12.639  28.729 0.0000000000
100420  46.441  13.197  28.850 0.0000000000
100410  47.305  13.277  29.233 0.0000000000
99605  46.893  12.414  30.361 0.0000000000
99615  47.878  13.115  29.720 0.0000000000
146701  48.068  13.437  29.185 0.0000000000
100408  49.463  13.464  29.305 0.0000000000
100407  50.500  13.562  29.188 0.0000000000
151660  52.889  13.602  29.091 0.0000000000
98732  49.381  12.094  33.030 0.0000000000
149599  50.337  12.629  32.344 0.0000000000
99591  51.088  12.985  31.793 0.0000000000
98746  53.657  12.198  32.243 0.0000000000
99589  53.501  13.033  31.943 0.0000000000
100390  52.370  13.310  31.511 0.0000000000
100396  53.475  13.314  30.470 0.0000000000
100405  53.690  13.312  29.709 0.0000000000
100414  53.876  13.122  28.920 0.0000000000
140500  54.254  12.327  27.932 0.0000000000
98792  53.318  11.714  27.093 0.0000000000
98807  51.433  11.281  26.545 0.0000000000
97925  50.355  11.033  27.080 0.0000000000
97929  50.328  10.953  26.174 0.0000000000
97935  50.255  10.844  25.335 0.0000000000
157203  49.503  10.575  25.033 0.0000000000
97942  48.892  10.520  23.878 0.0000000000
97948  47.798  10.400  22.639 0.0000000000
97015  46.626  9.728  23.070 0.0000000000
97018  46.078  9.687  22.453 0.0000000000
97019  45.221  9.045  22.814 0.0000000000
97013  45.884  8.874  24.966 0.0000000000
142008  45.482  8.935  23.631 0.0000000000
160556  44.503  8.489  22.769 0.0000000000
96082  43.947  8.113  22.330 0.0000000000
95128  43.514  7.465  21.794 0.0000000000
94191  43.484  6.643  21.684 0.0000000000
96055  46.763  8.419  28.552 0.0000000000
96067  45.807  8.114  27.438 0.0000000000
95115  44.723  7.214  26.524 0.0000000000
94167  44.558  6.150  27.306 0.0000000000
94172  44.464  6.517  26.528 0.0000000000
95118  44.415  7.011  25.752 0.0000000000
94178  43.586  6.197  23.649 0.0000000000
139772  43.489  6.179  22.911 0.0000000000
99630  42.414  12.134  27.175 0.0000000000
98796  42.321  11.387  27.672 0.0000000000
97919  41.631  10.983  27.610 0.0000000000
97911  40.855  10.010  27.902 0.0000000000
97920  40.224  10.185  27.606 0.0000000000
96989  40.397  9.550  28.062 0.0000000000
96058  40.632  8.951  28.589 0.0000000000
96059  40.092  8.525  28.715 0.0000000000
95102  37.167  8.039  28.743 0.0000000000
95088  37.582  7.412  29.262 0.0000000000
95087  38.445  7.395  29.359 0.0000000000
109615  46.072  25.640  10.900 0.0000000000
108847  45.276  23.495  11.220 0.0000000000
108848  44.846  23.964  10.650 0.0000000000
109617  44.533  24.629  10.884 0.0000000000
107289  43.913  21.324  15.878 0.0000000000
141130  44.535  19.849  16.704 0.0000000000
104639  44.704  18.537  17.049 0.0000000000
105562  45.272  19.152  15.609 0.0000000000
104638  44.981  18.652  16.266 0.0000000000
103804  44.609  17.836  16.726 0.0000000000
103805  44.124  17.212  16.260 0.0000000000
102957  43.499  16.773  15.634 0.0000000000
104663  46.713  18.041  13.808 0.0000000000
160178  46.091  17.515  14.012 0.0000000000
102987  45.209  16.483  12.827 0.0000000000
102977  44.898  16.659  13.750 0.0000000000
102966  44.441  16.776  14.413 0.0000000000
102967  43.387  16.579  14.093 0.0000000000
102123  40.584  15.774  13.923 0.0000000000
151949  41.211  14.986  12.532 0.0000000000
103747  52.746  17.999  22.278 0.0000000000
104590  54.698  18.678  21.550 0.0000000000
104600  55.302  18.841  19.856 0.0000000000
104618  55.363  18.340  18.834 0.0000000000
100506  55.075  13.598  20.756 0.0000000000
100512  55.360  14.065  20.121 0.0000000000
101289  55.296  14.630  19.407 0.0000000000
101298  53.873  13.714  18.115 0.0000000000
101296  55.400  14.657  18.832 0.0000000000
102087  55.477  15.331  18.980 0.0000000000
102086  55.425  16.127  18.756 0.0000000000
103781  55.356  17.445  18.509 0.0000000000
103782  54.922  18.029  18.186 0.0000000000
103792  54.380  17.515  17.497 0.0000000000
102937  54.082  16.943  16.666 0.0000000000
102945  53.629  16.651  15.814 0.0000000000
102109  54.760  15.514  14.426 0.0000000000
102962  54.699  15.974  13.792 0.0000000000
102963  53.966  16.460  14.083 0.0000000000
102974  54.211  16.408  13.176 0.0000000000
103823  53.499  17.124  12.554 0.0000000000
148800  53.221  17.493  10.270 0.0000000000
145991  47.093  11.345  19.716 0.0000000000
98862  47.126  11.860  18.867 0.0000000000
99691  47.095  12.305  18.229 0.0000000000
99700  45.894  12.405  17.184 0.0000000000
99705  47.103  13.009  17.022 0.0000000000
100537  47.950  13.185  17.188 0.0000000000
100544  48.412  13.673  16.628 0.0000000000
101318  48.904  14.135  16.060 0.0000000000
101338  49.233  14.586  14.551 0.0000000000
99733  44.805  12.191  12.337 0.0000000000
99732  45.292  12.899  12.776 0.0000000000
100567  46.382  13.601  13.554 0.0000000000
100580  46.508  13.598  11.368 0.0000000000
100574  46.716  13.762  12.793 0.0000000000
100573  47.199  14.010  13.198 0.0000000000
101349  47.761  14.282  13.685 0.0000000000
145873  49.048  14.672  13.809 0.0000000000
138624  49.948  14.809  13.812 0.0000000000
101355  50.282  14.991  12.934 0.0000000000
102130  51.180  15.178  12.390 0.0000000000
102147  50.445  15.272  10.556 0.0000000000
102146  51.662  15.724  9.815 0.0000000000
102137  52.657  15.899  10.422 0.0000000000
102144  53.323  16.585  9.833 0.0000000000
103846  53.379  17.211  9.516 0.0000000000
159874  52.410  17.479  9.418 0.0000000000
103848  51.851  17.331  8.697 0.0000000000
103021  50.323  16.951  8.391 0.0000000000
103022  49.394  16.719  8.349 0.0000000000
103041  48.313  17.062  6.750 0.0000000000
103035  48.066  17.116  6.717 0.0000000000
103024  47.286  16.587  8.180 0.0000000000
138296  46.161  16.779  7.652 0.0000000000
103025  45.042  16.852  8.298 0.0000000000
102157  43.504  16.953  8.818 0.0000000000
100602  46.970  13.458  5.075 0.0000000000
100603  45.872  13.892  5.891 0.0000000000
101399  45.512  14.917  6.653 0.0000000000
99760  44.160  12.575  7.772 0.0000000000
162905  44.456  13.771  8.077 0.0000000000
100593  44.187  14.431  8.686 0.0000000000
101384  43.800  16.077  8.699 0.0000000000
102158  43.013  16.665  9.330 0.0000000000
100589  43.024  14.518  10.308 0.0000000000
100582  42.465  13.894  10.906 0.0000000000
148107  41.990  12.020  11.183 0.0000000000
98912  42.312  11.338  10.648 0.0000000000
160617  41.939  11.209  11.206 0.0000000000
92375  46.576  4.862  6.954 0.0000000000
92359  45.965  3.852  8.929 0.0000000000
90292  44.737  2.437  10.367 0.0000000000
91254  44.254  3.441  12.011 0.0000000000
92155  44.564  4.923  26.686 0.0000000000
92367  46.180  4.468  7.932 0.0000000000
92369  44.928  5.180  8.379 0.0000000000
93192  44.119  5.152  24.778 0.0000000000
93210  43.787  5.568  22.587 0.0000000000
93390  47.172  5.831  5.674 0.0000000000
93391  46.811  6.083  5.221 0.0000000000
93392  46.517  6.420  4.849 0.0000000000
94166  44.837  6.553  28.004 0.0000000000
94173  44.076  6.298  25.197 0.0000000000
94175  44.177  7.159  24.710 0.0000000000
94176  43.793  6.282  24.416 0.0000000000
94182  43.491  6.753  22.409 0.0000000000
94203  43.509  6.573  21.002 0.0000000000
94225  43.630  7.169  18.713 0.0000000000
94345  46.994  6.729  4.569 0.0000000000
94356  46.580  6.961  4.392 0.0000000000
95099  45.631  7.410  28.589 0.0000000000
95109  45.292  7.383  27.881 0.0000000000
95114  45.212  7.625  26.956 0.0000000000
95117  44.986  7.884  26.038 0.0000000000
95123  44.181  7.695  23.873 0.0000000000
95126  43.681  7.438  22.700 0.0000000000
95135  43.333  7.111  21.029 0.0000000000
95147  43.413  7.348  20.237 0.0000000000
95191  45.727  6.967  15.069 0.0000000000
95192  44.147  7.862  15.617 0.0000000000
95211  44.716  7.765  14.487 0.0000000000
95228  46.349  6.801  13.670 0.0000000000
95241  47.029  6.691  12.359 0.0000000000
95258  45.093  7.733  12.041 0.0000000000
95293  48.456  7.284  7.588 0.0000000000
95294  47.243  7.481  7.573 0.0000000000
95303  47.606  7.059  5.296 0.0000000000
95310  47.152  7.621  4.537 0.0000000000
95319  46.179  7.706  4.168 0.0000000000
95320  46.159  8.649  3.923 0.0000000000
96061  37.630  8.656  28.301 0.0000000000
96069  46.213  8.776  26.293 0.0000000000
96084  44.450  8.802  21.998 0.0000000000
96092  43.266  8.435  19.087 0.0000000000
96125  43.839  8.897  14.742 0.0000000000
96135  44.493  8.487  13.446 0.0000000000
96170  42.722  9.464  10.649 0.0000000000
96203  45.916  9.243  3.880 0.0000000000
96955  45.129  9.953  31.183 0.0000000000
96957  43.998  8.908  30.923 0.0000000000
96966  49.460  9.767  31.177 0.0000000000
96968  47.998  9.019  29.861 0.0000000000
96978  48.040  9.270  29.023 0.0000000000
96986  48.129  9.477  28.236 0.0000000000
96988  41.132  9.554  28.374 0.0000000000
96990  39.043  9.111  27.998 0.0000000000
96996  48.188  9.755  26.691 0.0000000000
96997  47.646  9.249  27.657 0.0000000000
97011  47.351  9.820  24.137 0.0000000000
97025  44.767  9.859  20.662 0.0000000000
97027  43.751  8.723  20.738 0.0000000000
97052  43.353  9.467  16.307 0.0000000000
97070  44.327  9.221  13.151 0.0000000000
97092  45.380  9.627  9.015 0.0000000000
97852  47.080  10.200  33.205 0.0000000000
97860  47.397  10.801  32.828 0.0000000000
97861  46.801  10.496  32.504 0.0000000000
97884  50.061  10.298  30.868 0.0000000000
97887  44.770  10.423  30.417 0.0000000000
97895  50.734  10.879  29.773 0.0000000000
97905  50.535  11.010  28.907 0.0000000000
97910  41.564  10.258  28.065 0.0000000000
97918  42.158  10.785  27.992 0.0000000000
97931  48.770  10.282  25.443 0.0000000000
97937  48.813  10.377  24.658 0.0000000000
97938  48.085  10.173  24.262 0.0000000000
97941  49.684  10.786  23.572 0.0000000000
97943  48.199  10.373  23.371 0.0000000000
97944  47.330  10.008  23.320 0.0000000000
97947  48.646  10.736  22.579 0.0000000000
97949  46.993  10.078  22.518 0.0000000000
97957  46.283  10.596  20.567 0.0000000000
97958  45.466  10.344  20.451 0.0000000000
97959  44.590  10.121  20.006 0.0000000000
97976  44.255  10.640  18.483 0.0000000000
97977  43.642  9.962  18.239 0.0000000000
97983  43.886  10.521  17.642 0.0000000000
97997  43.572  10.419  15.014 0.0000000000
98003  44.063  10.610  13.433 0.0000000000
98013  42.221  10.655  10.897 0.0000000000
98715  51.654  12.394  34.329 0.0000000000
98729  53.758  12.484  31.881 0.0000000000
98730  53.517  12.315  32.650 0.0000000000
98748  47.855  11.873  31.725 0.0000000000
98749  47.180  11.449  31.745 0.0000000000
98762  54.126  12.461  30.976 0.0000000000
98768  45.092  11.209  30.122 0.0000000000
98778  44.744  11.574  29.507 0.0000000000
98783  54.338  12.243  28.810 0.0000000000
98784  52.666  11.533  27.950 0.0000000000
98785  51.405  11.278  28.436 0.0000000000
98793  52.208  11.481  27.131 0.0000000000
98804  54.232  12.097  25.855 0.0000000000
98813  54.365  12.118  24.941 0.0000000000
98815  52.483  11.331  25.774 0.0000000000
98820  53.633  11.601  24.489 0.0000000000
98822  51.036  10.973  24.727 0.0000000000
98834  52.048  11.763  21.688 0.0000000000
98835  50.928  11.538  21.827 0.0000000000
98844  49.432  11.652  20.583 0.0000000000
98846  46.787  10.892  20.337 0.0000000000
98864  44.928  11.278  18.471 0.0000000000
98874  44.164  11.161  16.921 0.0000000000
98888  44.098  11.716  14.976 0.0000000000
98895  43.774  11.129  14.637 0.0000000000
98901  44.229  11.394  13.385 0.0000000000
98902  43.888  11.126  13.972 0.0000000000
98911  44.737  11.282  11.193 0.0000000000
98942  46.236  11.222  4.415 0.0000000000
99575  53.012  12.430  33.766 0.0000000000
99580  53.373  12.681  32.685 0.0000000000
99581  52.906  12.723  33.288 0.0000000000
99582  51.536  12.803  32.965 0.0000000000
99583  50.237  12.461  33.031 0.0000000000
99594  47.233  12.019  31.071 0.0000000000
99603  48.509  12.609  30.686 0.0000000000
99604  47.708  12.609  30.419 0.0000000000
99617  45.804  12.250  29.792 0.0000000000
99618  45.169  12.219  29.345 0.0000000000
99621  54.367  12.439  28.610 0.0000000000
99627  54.412  12.534  27.382 0.0000000000
99634  54.457  12.523  26.344 0.0000000000
99657  55.160  12.986  21.885 0.0000000000
99676  53.980  12.649  20.502 0.0000000000
99678  50.516  12.243  19.627 0.0000000000
99680  48.503  12.102  19.057 0.0000000000
99687  50.470  12.560  18.870 0.0000000000
99690  47.900  12.288  18.513 0.0000000000
99696  49.185  12.860  17.894 0.0000000000
99697  48.370  12.755  17.834 0.0000000000
99698  47.507  12.666  17.725 0.0000000000
99699  46.585  12.490  17.591 0.0000000000
99706  46.326  12.756  16.781 0.0000000000
99714  45.517  12.731  15.554 0.0000000000
99715  44.706  12.269  15.271 0.0000000000
99745  45.102  11.677  10.661 0.0000000000
99754  43.106  11.859  9.430 0.0000000000
99764  47.133  12.863  4.931 0.0000000000
100395  54.226  12.911  30.302 0.0000000000
100397  52.345  13.495  30.617 0.0000000000
100399  49.206  13.026  30.150 0.0000000000
100404  54.343  12.652  29.641 0.0000000000
100415  51.987  13.590  28.451 0.0000000000
100421  45.654  13.097  28.419 0.0000000000
100422  44.952  12.953  28.008 0.0000000000
100427  52.566  13.433  27.762 0.0000000000
100443  48.867  13.921  26.904 0.0000000000
100446  45.430  13.735  26.900 0.0000000000
100458  50.205  13.537  25.436 0.0000000000
100459  48.809  13.947  25.981 0.0000000000
100466  54.429  13.038  24.959 0.0000000000
100471  48.802  13.941  24.943 0.0000000000
100473  54.618  12.932  24.076 0.0000000000
100475  51.266  13.448  23.850 0.0000000000
100483  54.866  12.979  23.126 0.0000000000
100514  54.384  13.153  19.773 0.0000000000
100521  55.365  14.198  19.526 0.0000000000
100526  49.850  12.931  17.925 0.0000000000
100546  46.768  13.235  16.256 0.0000000000
100553  46.391  13.338  15.402 0.0000000000
100559  47.072  13.864  14.815 0.0000000000
100566  47.067  13.945  14.004 0.0000000000
100568  45.665  13.225  13.436 0.0000000000
101239  47.383  14.534  25.721 0.0000000000
101250  48.947  14.051  23.915 0.0000000000
101255  49.225  14.408  23.170 0.0000000000
101265  50.346  14.558  22.161 0.0000000000
101266  49.487  14.863  22.564 0.0000000000
101275  54.955  13.635  21.221 0.0000000000
101276  53.450  14.278  21.080 0.0000000000
101284  55.038  14.138  20.531 0.0000000000
101285  52.798  14.854  20.617 0.0000000000
101290  54.821  14.735  19.904 0.0000000000
101297  54.913  14.195  18.362 0.0000000000
101303  55.244  14.799  17.778 0.0000000000
101323  53.545  14.631  14.972 0.0000000000
101325  50.381  14.409  15.581 0.0000000000
101326  49.474  14.414  15.426 0.0000000000
101327  48.617  14.345  15.236 0.0000000000
101328  47.804  14.156  15.046 0.0000000000
101334  54.356  14.992  14.205 0.0000000000
101348  48.485  14.520  13.391 0.0000000000
101358  47.319  14.075  12.312 0.0000000000
101371  49.805  15.151  9.741 0.0000000000
101390  48.341  15.943  6.302 0.0000000000
101392  47.515  14.430  6.035 0.0000000000
101395  48.405  16.589  6.485 0.0000000000
102054  47.463  15.933  23.544 0.0000000000
102055  46.555  16.036  23.870 0.0000000000
102066  49.452  15.623  22.433 0.0000000000
102067  48.966  15.392  22.767 0.0000000000
102088  54.929  15.395  19.459 0.0000000000
102127  53.728  16.164  11.677 0.0000000000
102129  52.531  15.522  11.804 0.0000000000
102131  41.730  16.956  11.228 0.0000000000
102148  42.307  17.060  9.878 0.0000000000
102154  51.959  16.738  7.748 0.0000000000
102163  50.653  16.603  7.642 0.0000000000
102907  52.590  16.873  20.927 0.0000000000
102909  50.840  16.245  21.592 0.0000000000
102915  53.944  16.560  19.989 0.0000000000
102917  52.173  16.130  20.817 0.0000000000
102923  55.391  16.903  18.776 0.0000000000
102924  55.301  16.693  19.092 0.0000000000
102931  55.383  16.545  18.289 0.0000000000
102943  54.926  15.863  15.810 0.0000000000
102944  54.535  16.351  15.972 0.0000000000
102954  53.236  16.659  15.070 0.0000000000
102955  51.971  16.779  15.151 0.0000000000
102985  47.611  17.164  12.566 0.0000000000
102995  53.693  16.710  11.268 0.0000000000
102996  53.558  16.608  10.547 0.0000000000
103009  53.519  17.009  9.487 0.0000000000
103010  53.298  16.929  8.865 0.0000000000
103018  53.181  17.086  8.674 0.0000000000
103023  48.366  16.608  8.174 0.0000000000
103026  43.930  17.077  8.670 0.0000000000
103030  52.734  17.006  7.966 0.0000000000
103031  52.391  17.008  7.738 0.0000000000
103037  45.988  16.947  7.130 0.0000000000
103749  50.549  17.389  22.279 0.0000000000
103757  55.113  18.960  20.637 0.0000000000
103786  50.013  17.568  18.025 0.0000000000
103787  43.824  18.170  18.265 0.0000000000
103791  55.142  17.166  17.760 0.0000000000
103801  51.507  16.839  16.578 0.0000000000
103803  44.921  18.140  16.070 0.0000000000
103809  51.199  17.073  15.156 0.0000000000
103810  50.587  17.163  15.632 0.0000000000
103811  45.248  17.915  15.306 0.0000000000
103822  54.116  16.412  12.583 0.0000000000
103832  53.705  16.966  11.956 0.0000000000
103833  53.080  17.649  11.778 0.0000000000
103834  52.293  18.058  11.739 0.0000000000
103840  53.400  17.368  11.044 0.0000000000
103847  53.083  17.424  9.383 0.0000000000
103853  52.254  17.088  7.820 0.0000000000
104567  51.562  18.625  23.605 0.0000000000
104606  55.262  18.904  19.328 0.0000000000
104611  48.914  18.680  19.042 0.0000000000
104637  47.972  18.694  16.869 0.0000000000
104649  50.521  19.039  13.286 0.0000000000
104669  48.297  19.727  12.590 0.0000000000
105515  54.666  19.315  20.520 0.0000000000
105556  47.555  19.389  16.799 0.0000000000
105557  44.847  19.224  16.517 0.0000000000
105574  47.654  19.820  12.708 0.0000000000
105576  46.594  20.374  12.979 0.0000000000
105580  49.294  19.736  12.839 0.0000000000
106482  47.346  20.139  16.023 0.0000000000
106483  47.013  20.927  16.376 0.0000000000
106484  44.297  20.582  16.283 0.0000000000
106494  48.275  20.739  12.911 0.0000000000
106507  47.475  21.049  12.283 0.0000000000
107297  44.300  21.355  15.078 0.0000000000
107312  45.852  21.636  12.540 0.0000000000
108076  46.347  22.773  12.386 0.0000000000
108835  45.369  24.406  10.772 0.0000000000
108846  45.839  22.946  11.878 0.0000000000
108849  44.167  24.325  11.493 0.0000000000
109616  45.184  24.889  10.671 0.0000000000
135937  46.377  23.506  13.175 0.0000000000
136002  44.843  7.431  15.157 0.0000000000
136480  44.255  6.191  25.892 0.0000000000
136496  49.963  11.320  22.009 0.0000000000
137138  49.255  11.351  21.426 0.0000000000
137317  50.706  13.465  24.594 0.0000000000
137390  52.004  16.262  8.347 0.0000000000
137529  47.183  13.549  28.371 0.0000000000
137938  46.021  9.361  23.312 0.0000000000
137949  47.241  12.883  29.906 0.0000000000
138152  51.400  14.391  15.695 0.0000000000
138780  53.980  11.985  27.891 0.0000000000
141473  45.826  12.409  4.898 0.0000000000
141544  45.559  15.654  24.601 0.0000000000
142200  44.393  5.670  26.459 0.0000000000
142265  43.488  9.844  17.564 0.0000000000
142352  52.496  12.379  20.209 0.0000000000
142657  51.369  13.517  29.905 0.0000000000
143348  45.671  11.651  18.439 0.0000000000
144187  52.576  14.429  15.765 0.0000000000
145492  55.403  18.334  19.427 0.0000000000
145539  51.658  13.641  29.147 0.0000000000
145738  51.749  10.621  32.973 0.0000000000
146427  50.025  10.427  30.118 0.0000000000
146513  44.113  7.965  23.114 0.0000000000
146743  44.762  11.640  17.298 0.0000000000
146993  46.952  6.774  11.728 0.0000000000
147302  45.928  6.874  13.098 0.0000000000
147411  48.984  16.782  22.707 0.0000000000
147879  46.973  15.440  5.899 0.0000000000
148226  45.695  8.565  25.793 0.0000000000
148319  47.485  11.078  20.520 0.0000000000
151006  49.016  17.682  16.852 0.0000000000
151337  44.520  9.989  11.474 0.0000000000
151619  44.481  11.656  12.748 0.0000000000
151846  44.755  8.552  11.626 0.0000000000
152536  44.825  14.203  7.459 0.0000000000
153659  47.215  9.143  27.053 0.0000000000
153838  46.057  13.429  12.788 0.0000000000
155070  41.769  11.578  27.299 0.0000000000
156150  48.130  16.183  23.198 0.0000000000
157320  55.360  15.351  17.309 0.0000000000
157339  52.337  18.448  23.446 0.0000000000
157435  43.578  6.196  22.252 0.0000000000
157666  52.920  17.755  11.120 0.0000000000
157690  55.238  15.934  19.101 0.0000000000
157887  43.253  8.687  18.362 0.0000000000
158423  46.745  21.710  16.057 0.0000000000
158456  47.770  9.436  27.060 0.0000000000
158733  55.033  12.951  21.261 0.0000000000
158740  53.246  11.954  21.653 0.0000000000
159399  44.390  10.179  12.172 0.0000000000
159471  44.811  18.292  16.546 0.0000000000
159564  44.000  16.564  13.705 0.0000000000
159625  44.296  21.002  15.687 0.0000000000
159670  46.576  13.696  12.149 0.0000000000
159786  46.440  8.940  3.997 0.0000000000
159817  51.180  16.490  7.662 0.0000000000
159893  54.791  19.210  19.295 0.0000000000
160433  44.080  8.795  21.371 0.0000000000
160575  44.508  12.509  28.252 0.0000000000
160787  54.577  12.266  29.953 0.0000000000
161050  48.121  10.668  22.207 0.0000000000
161080  45.716  25.099  10.818 0.0000000000
161702  46.686  14.150  26.872 0.0000000000
161943  45.467  11.246  4.548 0.0000000000
162118  53.246  13.256  31.177 0.0000000000
162352  47.026  19.918  13.082 0.0000000000
162578  47.809  16.438  9.036 0.0000000000
162671  55.233  14.132  18.927 0.0000000000
162814  44.412  5.098  26.024 0.0000000000
163714  53.822  18.807  18.596 0.0000000000
163856  47.019  14.498  26.140 0.0000000000
164097  51.497  15.273  21.190 0.0000000000
