#!ascii label  , from subject sub-v1s10x0050981_ses-1 vox2ras=TkReg
1115
12683  44.291  -67.328  -30.545 0.3000000119
19055  41.813  -57.859  -36.236 0.6000000238
24085  41.201  -52.980  -36.141 0.6999999881
24086  40.385  -52.339  -35.510 0.6999999881
11904  43.897  -67.862  -30.898 0.4000000060
122065  43.700  -63.300  -32.547 0.4000000060
12681  45.796  -66.870  -30.767 0.5000000000
12665  45.516  -66.537  -30.277 0.5000000000
19054  42.720  -58.191  -36.389 0.6999999881
20700  41.792  -55.966  -36.207 0.6999999881
19858  41.728  -56.934  -36.222 0.5000000000
23204  41.871  -53.734  -36.322 0.6000000238
23197  41.168  -54.021  -35.895 0.6000000238
24092  41.759  -52.281  -36.367 0.6999999881
24945  40.445  -51.499  -35.779 0.6999999881
11918  44.256  -67.284  -32.162 0.5000000000
15056  44.374  -63.821  -32.905 0.4000000060
12691  45.032  -67.114  -31.779 0.6000000238
16722  43.338  -61.484  -34.092 0.4000000060
17495  43.256  -60.884  -34.943 0.5000000000
12701  45.551  -66.614  -32.354 0.6000000238
16723  42.575  -61.082  -34.556 0.6000000238
17506  42.779  -60.249  -35.455 0.6000000238
12680  46.506  -66.540  -30.942 0.6000000238
18285  43.009  -59.016  -36.212 0.6000000238
21536  42.601  -55.565  -36.443 0.6000000238
119886  42.505  -54.157  -36.444 0.6000000238
24949  43.221  -51.621  -36.389 0.6999999881
124774  42.008  -52.995  -36.442 0.6999999881
24950  42.317  -51.643  -36.390 0.6999999881
24951  41.532  -51.523  -36.308 0.6999999881
26769  40.450  -50.106  -36.042 0.6999999881
25813  42.169  -50.358  -36.352 0.6999999881
26768  41.474  -49.813  -36.331 0.6999999881
126136  42.800  -48.786  -36.636 0.6999999881
12703  43.985  -66.909  -33.068 0.5000000000
139327  44.318  -65.290  -33.415 0.5000000000
13477  43.866  -64.630  -32.985 0.5000000000
16707  43.820  -62.258  -33.430 0.4000000060
13476  45.203  -66.333  -33.174 0.5000000000
133834  43.962  -61.357  -34.622 0.5000000000
18278  43.362  -59.748  -35.863 0.6000000238
13474  46.811  -65.639  -32.403 0.6000000238
14264  46.468  -65.277  -33.195 0.5000000000
14271  46.855  -64.441  -33.531 0.5000000000
19856  43.426  -57.573  -36.508 0.6999999881
21535  43.401  -55.341  -36.546 0.6000000238
19857  42.510  -57.308  -36.422 0.6999999881
23202  43.695  -53.136  -36.587 0.6000000238
123046  43.319  -54.033  -36.569 0.6000000238
24090  43.664  -52.270  -36.475 0.6000000238
23203  42.668  -53.427  -36.501 0.6000000238
123045  43.682  -50.835  -36.357 0.6000000238
25812  43.120  -50.045  -36.431 0.6999999881
118560  40.821  -49.138  -36.273 0.6999999881
25811  44.111  -50.050  -36.518 0.6000000238
125978  41.779  -48.962  -36.472 0.6999999881
27749  42.036  -48.044  -36.570 0.6999999881
26766  43.698  -49.229  -36.661 0.6999999881
15869  44.641  -62.690  -33.744 0.4000000060
13488  44.594  -65.870  -33.450 0.5000000000
117407  45.244  -64.162  -33.505 0.4000000060
16721  44.692  -61.605  -34.752 0.5000000000
18277  44.405  -59.950  -35.867 0.6000000238
14273  44.871  -64.886  -33.461 0.4000000060
18284  43.923  -59.215  -36.260 0.6000000238
13487  45.536  -65.589  -33.364 0.4000000060
15066  46.095  -63.873  -33.940 0.4000000060
15065  47.196  -63.591  -33.927 0.4000000060
15878  46.999  -62.321  -34.567 0.4000000060
19855  44.461  -57.827  -36.543 0.6999999881
21534  44.275  -55.586  -36.605 0.6000000238
22378  43.827  -54.727  -36.600 0.6000000238
24089  44.477  -52.436  -36.549 0.6000000238
123557  44.251  -53.961  -36.667 0.6000000238
119145  44.602  -50.816  -36.476 0.6000000238
116498  41.024  -47.794  -36.383 0.6999999881
28771  42.726  -47.275  -36.673 0.6999999881
27748  43.717  -48.351  -36.791 0.6000000238
130132  42.998  -48.007  -36.745 0.6000000238
15067  44.944  -63.488  -33.571 0.4000000060
124150  45.436  -61.872  -34.831 0.4000000060
123240  44.397  -58.668  -36.426 0.6999999881
15879  45.962  -62.455  -34.667 0.4000000060
15064  47.601  -63.038  -33.757 0.5000000000
20697  44.111  -56.741  -36.545 0.6999999881
22377  44.760  -54.666  -36.674 0.6000000238
24088  45.432  -52.626  -36.626 0.5000000000
128758  45.169  -53.912  -36.703 0.6000000238
128654  40.479  -47.161  -36.253 0.6999999881
27754  45.689  -48.325  -37.197 0.6000000238
25810  45.008  -50.027  -36.628 0.6000000238
28772  41.609  -47.012  -36.471 0.8000000119
29764  41.598  -46.160  -36.440 0.8000000119
28769  44.532  -47.901  -37.032 0.6000000238
16733  45.398  -61.159  -35.243 0.5000000000
124591  45.210  -60.393  -35.584 0.6000000238
16732  46.766  -61.190  -35.141 0.5000000000
18267  47.514  -59.667  -34.662 0.6999999881
16731  47.450  -61.188  -34.615 0.4000000060
133223  44.996  -57.070  -36.597 0.6999999881
120300  45.380  -55.332  -36.674 0.6999999881
23207  46.315  -52.943  -36.646 0.6000000238
22376  45.721  -54.483  -36.693 0.6000000238
24096  46.139  -52.074  -36.591 0.6000000238
30686  41.063  -45.619  -36.339 0.6000000238
26772  45.976  -49.938  -36.675 0.6000000238
123657  43.413  -45.772  -36.818 0.6999999881
117374  42.675  -45.432  -36.621 0.6999999881
28776  45.303  -47.382  -37.383 0.6999999881
29769  45.007  -46.565  -37.451 0.6999999881
29762  43.495  -46.708  -36.838 0.6999999881
136457  46.779  -59.507  -35.554 0.5000000000
18282  45.937  -59.035  -36.090 0.6000000238
18283  44.870  -59.227  -36.244 0.6000000238
19040  47.301  -58.004  -34.841 0.6999999881
18275  47.474  -59.977  -35.092 0.6000000238
119008  45.560  -57.675  -36.500 0.6999999881
19031  46.924  -58.823  -34.397 0.6999999881
18257  46.961  -59.916  -33.939 0.6999999881
20696  45.854  -56.823  -36.564 0.6999999881
122167  46.110  -55.947  -36.628 0.6999999881
134030  46.722  -53.505  -36.612 0.5000000000
22375  46.645  -54.195  -36.631 0.6000000238
133005  40.253  -44.899  -35.715 0.5000000000
26771  46.803  -49.876  -36.592 0.6000000238
24095  46.720  -52.262  -36.511 0.6000000238
128205  41.354  -44.880  -36.375 0.6000000238
31579  40.944  -44.201  -36.230 0.5000000000
121920  46.498  -49.106  -36.962 0.6000000238
25817  46.378  -50.707  -36.519 0.6000000238
125126  43.189  -44.759  -36.816 0.6000000238
31577  42.502  -44.182  -36.680 0.5000000000
32439  42.859  -42.836  -37.096 0.5000000000
29767  47.252  -46.924  -37.857 0.6999999881
28775  46.488  -47.549  -37.545 0.6999999881
30690  46.253  -45.373  -38.216 0.6999999881
31582  44.676  -44.582  -37.620 0.6999999881
32438  44.736  -43.744  -37.907 0.5000000000
30689  46.906  -46.181  -38.143 0.6999999881
134741  45.844  -43.868  -38.529 0.6000000238
19051  46.255  -58.280  -36.247 0.6000000238
19044  47.503  -58.001  -35.071 0.6999999881
19049  47.373  -57.886  -35.418 0.6000000238
119986  46.192  -57.090  -34.388 0.6999999881
19854  46.664  -57.420  -36.302 0.6999999881
22381  47.448  -54.685  -36.370 0.6999999881
20701  47.125  -55.658  -36.436 0.6999999881
126219  47.190  -53.729  -36.513 0.6000000238
32431  40.594  -43.572  -35.806 0.4000000060
24094  47.211  -52.480  -36.335 0.5000000000
33256  41.952  -42.481  -36.616 0.4000000060
28774  47.620  -47.503  -37.524 0.6000000238
27753  47.440  -48.898  -37.007 0.6000000238
131896  43.768  -43.241  -37.440 0.5000000000
31576  43.093  -43.759  -36.976 0.5000000000
118648  45.205  -42.269  -38.457 0.4000000060
31585  47.752  -44.686  -38.752 0.6999999881
31586  46.697  -44.659  -38.554 0.6000000238
32441  47.013  -43.168  -39.221 0.5000000000
20680  46.950  -57.241  -34.680 0.6000000238
127658  47.477  -56.886  -35.320 0.6999999881
20691  47.494  -56.662  -35.786 0.6999999881
21520  45.450  -55.894  -34.219 0.6999999881
21519  46.234  -55.534  -34.625 0.6999999881
134439  47.788  -55.885  -35.943 0.6000000238
22374  47.908  -54.670  -36.056 0.6000000238
26761  47.392  -49.723  -36.081 0.6000000238
24944  47.294  -51.901  -36.159 0.5000000000
133912  47.080  -50.166  -36.397 0.6000000238
28773  48.048  -47.284  -37.416 0.6000000238
27752  47.726  -48.790  -36.894 0.6000000238
34059  44.258  -41.827  -37.867 0.4000000060
33260  43.577  -42.324  -37.486 0.5000000000
34060  43.451  -41.492  -37.484 0.4000000060
28777  48.066  -46.903  -37.852 0.6000000238
34069  44.825  -41.252  -38.285 0.4000000060
30693  47.651  -45.448  -38.425 0.6000000238
33268  48.044  -43.538  -39.288 0.5000000000
20689  46.947  -56.003  -34.913 0.6999999881
21525  47.566  -55.323  -35.653 0.6000000238
22362  45.163  -54.456  -34.291 0.6999999881
22368  46.614  -54.482  -35.208 0.6000000238
22367  47.390  -54.577  -35.615 0.6000000238
22363  44.444  -54.718  -33.740 0.6999999881
24079  47.293  -53.042  -35.757 0.5000000000
27744  47.441  -48.725  -36.011 0.6000000238
124267  46.970  -50.093  -35.682 0.6000000238
27746  47.708  -48.788  -36.718 0.6000000238
126588  48.103  -47.433  -37.168 0.5000000000
29766  48.159  -46.548  -37.905 0.6000000238
31584  48.091  -44.910  -38.540 0.6000000238
33263  48.533  -43.178  -39.091 0.5000000000
23187  44.992  -53.549  -34.366 0.6999999881
23193  45.510  -53.006  -34.840 0.6999999881
24941  46.166  -51.429  -35.301 0.6000000238
25803  46.425  -50.638  -35.415 0.5000000000
28766  47.002  -47.341  -35.918 0.6000000238
27740  46.609  -48.639  -35.385 0.6000000238
30678  47.686  -46.185  -36.898 0.6000000238
31574  47.570  -44.272  -37.651 0.6000000238
32440  48.309  -43.930  -39.020 0.5000000000
15857  47.545  -62.820  -31.823 0.5000000000
118951  46.673  -61.585  -32.835 0.5000000000
16693  46.500  -62.051  -31.158 0.5000000000
16699  46.824  -62.052  -32.096 0.5000000000
17482  46.812  -60.821  -33.467 0.6999999881
18259  44.442  -59.282  -32.969 0.6999999881
17483  45.763  -60.918  -32.661 0.5000000000
17479  45.093  -60.849  -31.797 0.5000000000
19032  45.591  -58.265  -33.973 0.6999999881
19033  44.603  -58.552  -33.400 0.6999999881
19839  45.519  -57.350  -34.104 0.6999999881
12667  43.801  -66.860  -30.176 0.3000000119
24093  40.998  -52.013  -36.147 0.6999999881
22380  41.868  -54.815  -36.221 0.6000000238
25814  41.294  -50.740  -36.250 0.6999999881
27750  40.386  -48.328  -36.177 0.6999999881
17486  47.630  -61.108  -34.172 0.6000000238
24948  45.190  -51.664  -36.551 0.6000000238
29770  44.199  -46.212  -37.126 0.6999999881
128925  42.240  -44.817  -36.562 0.6000000238
30692  44.183  -45.228  -37.233 0.6999999881
132849  45.139  -45.255  -37.697 0.6999999881
32435  41.352  -43.406  -36.355 0.5000000000
32436  40.805  -43.616  -36.109 0.5000000000
32442  46.094  -43.118  -38.747 0.5000000000
133953  47.680  -53.278  -36.115 0.5000000000
22361  46.013  -54.674  -34.724 0.6999999881
24940  47.106  -52.068  -35.794 0.5000000000
29760  48.144  -46.801  -37.443 0.6000000238
31580  48.137  -45.115  -38.280 0.6000000238
24080  46.266  -52.485  -35.337 0.6000000238
28765  47.751  -47.731  -36.585 0.6000000238
19019  43.334  -58.835  -31.864 0.6000000238
21495  40.985  -55.847  -29.555 0.6000000238
22333  40.563  -54.339  -29.141 0.4000000060
20660  41.965  -56.873  -30.855 0.5000000000
19024  43.821  -58.580  -32.682 0.6000000238
17497  41.090  -60.768  -35.103 0.5000000000
22330  40.530  -54.654  -28.411 0.4000000060
18279  42.413  -59.542  -35.793 0.5000000000
19047  41.301  -58.442  -35.823 0.5000000000
19822  41.673  -57.351  -30.052 0.5000000000
24034  40.700  -52.343  -27.787 0.4000000060
130377  41.500  -59.325  -35.668 0.5000000000
19048  40.773  -58.134  -35.232 0.5000000000
20661  41.443  -56.422  -30.170 0.6000000238
19851  41.193  -57.476  -35.862 0.5000000000
128283  42.440  -56.806  -31.537 0.5000000000
19034  44.090  -57.919  -33.178 0.6000000238
26682  43.072  -49.999  -27.536 0.4000000060
137070  43.534  -49.756  -27.702 0.4000000060
22332  40.930  -54.882  -29.764 0.4000000060
19842  40.240  -57.735  -33.483 0.5000000000
20666  41.866  -55.864  -30.916 0.5000000000
19852  40.822  -56.979  -35.247 0.5000000000
20685  40.225  -56.649  -33.714 0.5000000000
19831  42.910  -57.302  -32.015 0.6000000238
20672  43.404  -56.659  -32.671 0.6000000238
19840  44.701  -57.657  -33.658 0.6000000238
21529  41.228  -55.519  -35.769 0.5000000000
22365  39.984  -54.945  -34.034 0.5000000000
136996  40.056  -55.748  -33.582 0.4000000060
21503  42.273  -55.440  -31.590 0.5000000000
20665  42.258  -56.205  -31.405 0.5000000000
21512  42.709  -55.102  -32.258 0.6000000238
22353  43.274  -54.767  -32.818 0.6000000238
20684  43.937  -56.166  -33.320 0.6000000238
21522  43.844  -55.255  -33.315 0.6000000238
20683  44.805  -56.640  -33.826 0.6000000238
24041  40.462  -52.893  -28.428 0.4000000060
25732  41.525  -50.279  -27.613 0.4000000060
23194  40.067  -53.747  -34.863 0.5000000000
22370  39.822  -54.031  -34.173 0.5000000000
22355  39.642  -54.547  -32.238 0.4000000060
22373  40.535  -54.386  -35.313 0.6000000238
21523  39.878  -55.184  -32.975 0.4000000060
21504  41.808  -54.923  -31.085 0.6000000238
22354  42.732  -54.103  -32.375 0.6000000238
23178  42.990  -53.333  -32.595 0.6000000238
120693  43.393  -53.953  -32.958 0.6000000238
27672  43.938  -49.586  -27.839 0.4000000060
23195  39.760  -53.253  -34.332 0.5000000000
23180  39.487  -53.553  -32.555 0.4000000060
135517  39.212  -53.242  -31.681 0.4000000060
23164  40.808  -53.108  -29.956 0.6000000238
24048  40.509  -52.585  -29.253 0.4000000060
23171  41.750  -53.044  -31.279 0.6000000238
22335  41.374  -54.440  -30.522 0.6000000238
22344  42.243  -54.510  -31.737 0.5000000000
23179  42.517  -52.883  -32.166 0.6000000238
126280  42.148  -52.955  -31.745 0.5000000000
123591  44.033  -53.923  -33.496 0.6000000238
27684  45.157  -49.256  -28.472 0.4000000060
24887  40.681  -51.432  -28.006 0.4000000060
24083  39.680  -52.529  -34.405 0.6000000238
125209  39.456  -52.773  -33.234 0.5000000000
24065  39.027  -51.905  -31.903 0.5000000000
23173  38.766  -53.471  -30.776 0.5000000000
24904  40.568  -51.699  -29.416 0.4000000060
134972  40.534  -51.292  -28.600 0.4000000060
24912  41.008  -51.906  -30.364 0.5000000000
135306  41.758  -51.637  -31.396 0.5000000000
24924  42.195  -51.407  -31.879 0.5000000000
24071  43.081  -52.516  -32.695 0.6000000238
24077  43.559  -52.070  -33.233 0.6000000238
23188  44.386  -53.272  -33.851 0.6000000238
28695  44.109  -47.542  -27.506 0.4000000060
27673  43.109  -48.988  -27.475 0.4000000060
27671  44.713  -48.291  -27.827 0.4000000060
27683  45.899  -48.850  -28.772 0.4000000060
26762  39.972  -49.176  -35.859 0.6000000238
27674  42.448  -48.189  -27.722 0.4000000060
26684  41.587  -49.458  -27.820 0.4000000060
129316  39.449  -50.995  -34.190 0.6000000238
24935  39.135  -51.304  -32.355 0.5000000000
119144  38.498  -51.931  -30.975 0.4000000060
26714  40.766  -50.006  -28.755 0.4000000060
24911  41.332  -51.358  -30.850 0.5000000000
24934  42.799  -51.054  -32.510 0.5000000000
25795  43.307  -50.387  -33.014 0.6000000238
24076  44.196  -52.386  -33.737 0.6000000238
24936  44.680  -51.788  -34.251 0.6000000238
28694  44.867  -47.224  -27.721 0.4000000060
26763  39.614  -50.088  -35.394 0.6000000238
25805  39.434  -50.607  -34.772 0.6000000238
118894  39.361  -50.992  -33.250 0.5000000000
25770  37.860  -50.552  -30.730 0.5000000000
27686  42.101  -47.823  -28.200 0.4000000060
25759  40.831  -50.151  -29.703 0.4000000060
26722  41.291  -49.551  -30.349 0.5000000000
26732  42.189  -49.295  -31.621 0.5000000000
25801  43.923  -50.675  -33.543 0.5000000000
28706  46.223  -47.530  -28.510 0.4000000060
117260  39.514  -49.082  -35.260 0.6000000238
26756  39.450  -49.526  -33.703 0.5000000000
26751  39.005  -49.669  -31.946 0.5000000000
26733  41.806  -49.922  -31.291 0.5000000000
27731  42.630  -49.282  -32.184 0.4000000060
26748  43.254  -49.411  -32.843 0.4000000060
130274  44.359  -50.192  -33.853 0.4000000060
25800  44.593  -50.873  -34.150 0.6000000238
25804  45.695  -50.539  -34.898 0.4000000060
29708  46.962  -47.062  -28.928 0.4000000060
29685  44.156  -46.580  -27.609 0.4000000060
27745  39.752  -48.316  -35.693 0.6000000238
124825  43.366  -46.914  -27.659 0.4000000060
29758  40.027  -46.442  -36.108 0.5000000000
27743  39.451  -48.899  -34.475 0.5000000000
26750  39.338  -49.184  -32.642 0.5000000000
27733  38.902  -48.752  -31.779 0.4000000060
124646  39.508  -48.067  -34.228 0.4000000060
27714  41.768  -48.975  -30.996 0.5000000000
27713  42.413  -48.520  -31.665 0.5000000000
28745  42.929  -47.854  -32.117 0.6000000238
123279  43.879  -49.022  -33.359 0.4000000060
26754  44.445  -49.454  -33.861 0.4000000060
26753  45.168  -48.997  -34.431 0.4000000060
28756  43.798  -47.379  -33.048 0.5000000000
30681  39.953  -45.702  -35.760 0.5000000000
28764  39.443  -47.380  -34.893 0.6000000238
30682  39.677  -45.975  -35.064 0.4000000060
27742  45.040  -48.010  -34.281 0.5000000000
119939  45.914  -48.995  -34.939 0.5000000000
29748  43.639  -46.139  -32.717 0.5000000000
28744  43.417  -48.000  -32.697 0.5000000000
28755  44.443  -47.688  -33.661 0.5000000000
28763  44.926  -47.196  -34.149 0.5000000000
30605  44.934  -45.462  -28.129 0.4000000060
30684  47.531  -45.181  -37.171 0.5000000000
29752  46.131  -46.971  -35.270 0.4000000060
28762  45.591  -47.466  -34.712 0.5000000000
29747  44.349  -46.919  -33.541 0.5000000000
134579  43.860  -46.678  -33.068 0.5000000000
31570  40.361  -44.304  -35.350 0.4000000060
31575  46.869  -44.169  -36.853 0.4000000060
31571  46.259  -44.622  -36.292 0.4000000060
29757  46.804  -46.544  -36.037 0.5000000000
29753  45.368  -46.701  -34.660 0.5000000000
30673  45.800  -46.067  -35.311 0.5000000000
29754  44.718  -46.491  -34.099 0.5000000000
30675  44.650  -45.377  -34.541 0.5000000000
30674  45.147  -45.489  -35.045 0.4000000060
21530  40.751  -55.146  -35.393 0.5000000000
24082  40.005  -52.893  -34.913 0.6000000238
20692  41.201  -56.479  -35.803 0.6000000238
24946  39.841  -51.487  -35.257 0.6000000238
17496  42.171  -60.682  -35.061 0.5000000000
30687  40.550  -45.037  -36.101 0.5000000000
24081  45.423  -52.095  -34.797 0.6000000238
139689  45.132  -50.671  -34.525 0.4000000060
130644  40.485  -56.540  -34.622 0.5000000000
20693  40.688  -55.936  -35.201 0.5000000000
21527  40.342  -55.110  -34.870 0.5000000000
23190  39.620  -53.456  -33.608 0.4000000060
23172  39.286  -53.998  -31.485 0.4000000060
24054  41.197  -52.715  -30.580 0.6000000238
124511  39.572  -52.848  -33.915 0.6000000238
24064  39.284  -52.654  -32.297 0.4000000060
26701  41.221  -49.324  -28.448 0.4000000060
25808  39.555  -50.873  -35.162 0.6000000238
24939  39.459  -51.575  -33.959 0.6000000238
24073  39.320  -51.923  -33.013 0.5000000000
122121  38.034  -52.045  -30.256 0.5000000000
118657  37.993  -53.330  -30.035 0.5000000000
24913  37.982  -51.372  -30.511 0.5000000000
25802  39.441  -50.360  -33.952 0.5000000000
24926  38.606  -51.098  -31.426 0.5000000000
25796  39.336  -50.073  -32.924 0.5000000000
26749  42.735  -50.078  -32.432 0.5000000000
25784  38.443  -50.145  -31.393 0.5000000000
27705  41.954  -48.126  -30.763 0.5000000000
120216  39.602  -47.532  -35.599 0.6000000238
30680  45.619  -45.125  -35.593 0.4000000060
11129  40.058  -68.950  -25.171 0.3000000119
137564  39.208  -67.786  -24.701 0.3000000119
11119  39.723  -68.170  -24.877 0.3000000119
12617  37.999  -66.490  -23.958 0.3000000119
11845  38.608  -67.334  -24.381 0.3000000119
12616  39.181  -66.658  -24.281 0.3000000119
12618  37.186  -66.052  -24.087 0.3000000119
129075  37.876  -65.563  -23.842 0.3000000119
13400  42.196  -64.920  -24.064 0.3000000119
13402  39.732  -66.009  -24.183 0.3000000119
13388  38.450  -65.145  -23.716 0.3000000119
13389  37.967  -64.769  -23.867 0.3000000119
13401  41.145  -65.240  -24.000 0.3000000119
14965  42.279  -63.991  -23.925 0.3000000119
14194  41.380  -64.212  -23.751 0.3000000119
14175  39.543  -64.500  -23.579 0.4000000060
138561  39.149  -64.009  -23.550 0.4000000060
14967  37.900  -63.753  -24.518 0.4000000060
14981  37.746  -63.616  -25.273 0.3000000119
15758  43.035  -62.379  -23.641 0.3000000119
15761  40.641  -62.499  -23.451 0.4000000060
15762  39.325  -62.848  -23.742 0.4000000060
15772  44.043  -62.718  -23.989 0.3000000119
15785  38.846  -62.360  -24.797 0.4000000060
16623  46.026  -61.737  -24.194 0.4000000060
15757  44.971  -62.186  -24.051 0.4000000060
14993  38.242  -63.061  -25.871 0.4000000060
15797  39.055  -62.402  -26.504 0.3000000119
16616  42.559  -61.498  -23.657 0.4000000060
15760  41.326  -62.148  -23.475 0.3000000119
16618  40.727  -61.566  -23.797 0.4000000060
16614  44.738  -61.133  -24.008 0.4000000060
16635  39.737  -61.316  -25.246 0.5000000000
15784  39.376  -61.815  -24.617 0.4000000060
13458  46.372  -66.295  -30.343 0.5000000000
129647  47.059  -61.431  -24.109 0.4000000060
15796  39.165  -61.932  -25.474 0.4000000060
13444  44.081  -66.081  -29.921 0.3000000119
120613  45.226  -64.953  -29.614 0.4000000060
15019  41.018  -63.252  -28.638 0.3000000119
16709  41.513  -61.523  -33.888 0.4000000060
139139  41.069  -61.354  -34.587 0.4000000060
135506  47.611  -62.503  -33.707 0.4000000060
15856  47.652  -63.082  -32.973 0.4000000060
15055  47.630  -63.903  -33.105 0.4000000060
17399  42.960  -60.716  -23.925 0.4000000060
16617  41.657  -61.486  -23.681 0.3000000119
16625  40.656  -60.975  -24.410 0.5000000000
14262  47.884  -64.478  -32.108 0.4000000060
13456  47.680  -65.422  -30.850 0.4000000060
17398  43.774  -60.672  -24.010 0.4000000060
126045  44.988  -65.980  -29.905 0.4000000060
16642  39.715  -61.603  -26.138 0.4000000060
14238  46.654  -65.060  -29.455 0.5000000000
16655  39.881  -61.758  -26.986 0.5000000000
15030  44.682  -63.882  -29.385 0.4000000060
118121  43.538  -65.287  -29.686 0.4000000060
15827  40.255  -62.652  -28.126 0.3000000119
133242  43.075  -64.511  -29.475 0.4000000060
18268  40.897  -60.029  -35.389 0.4000000060
17481  47.481  -61.349  -33.714 0.4000000060
17407  43.358  -60.057  -24.332 0.4000000060
17409  41.772  -60.286  -24.576 0.4000000060
15045  48.122  -64.338  -31.141 0.4000000060
14246  47.751  -65.321  -29.973 0.5000000000
18181  42.261  -59.718  -24.988 0.4000000060
17410  41.056  -60.537  -24.830 0.4000000060
14236  48.142  -64.618  -29.516 0.5000000000
128580  43.767  -59.604  -24.666 0.4000000060
125134  43.729  -59.246  -25.097 0.4000000060
17419  42.157  -59.865  -25.556 0.4000000060
119867  41.655  -60.318  -26.003 0.5000000000
16653  41.460  -61.219  -27.354 0.5000000000
15039  48.256  -64.256  -29.997 0.4000000060
14226  48.209  -64.363  -29.085 0.5000000000
18189  45.608  -58.924  -25.149 0.4000000060
15808  41.056  -61.699  -27.722 0.5000000000
15029  46.030  -64.190  -29.207 0.4000000060
15826  41.026  -62.258  -28.169 0.4000000060
15017  43.077  -62.987  -29.023 0.4000000060
15032  42.600  -63.782  -29.230 0.4000000060
15015  45.348  -63.242  -28.998 0.4000000060
15847  47.557  -62.879  -30.618 0.4000000060
16694  45.492  -61.308  -31.152 0.3000000119
17432  42.399  -59.974  -26.252 0.4000000060
17449  42.786  -60.367  -27.068 0.4000000060
15839  48.341  -63.567  -29.650 0.4000000060
23165  38.224  -54.154  -30.264 0.4000000060
18967  46.337  -58.614  -25.481 0.4000000060
18206  43.788  -59.209  -25.884 0.4000000060
16652  42.362  -61.060  -27.590 0.5000000000
16670  42.883  -61.601  -28.185 0.5000000000
15833  48.756  -63.020  -29.017 0.5000000000
15014  48.278  -63.713  -28.789 0.4000000060
18204  45.498  -58.925  -26.385 0.4000000060
15825  42.535  -62.347  -28.566 0.4000000060
122127  46.865  -63.587  -28.733 0.4000000060
15823  44.727  -62.414  -28.677 0.4000000060
15822  45.991  -62.627  -28.584 0.4000000060
16695  44.812  -60.796  -31.121 0.4000000060
16687  47.005  -62.204  -30.409 0.3000000119
17431  44.053  -59.565  -26.642 0.4000000060
125474  43.681  -60.238  -27.229 0.4000000060
15834  48.108  -62.711  -29.713 0.3000000119
18218  44.883  -59.528  -26.840 0.4000000060
17447  45.264  -60.252  -27.467 0.4000000060
16651  43.301  -60.934  -27.739 0.4000000060
136240  43.692  -61.467  -28.205 0.5000000000
18203  46.510  -58.802  -26.610 0.4000000060
18202  47.725  -58.696  -26.853 0.4000000060
16649  45.850  -61.077  -27.970 0.4000000060
16667  46.580  -61.934  -28.327 0.4000000060
15821  47.468  -62.864  -28.498 0.4000000060
18251  43.953  -59.481  -32.208 0.4000000060
17446  46.470  -60.331  -27.640 0.4000000060
11158  36.501  -68.582  -28.353 0.3000000119
13399  43.282  -65.135  -24.075 0.3000000119
14947  43.348  -63.158  -23.918 0.3000000119
15771  46.316  -62.704  -24.300 0.4000000060
17405  47.017  -60.331  -24.168 0.4000000060
116422  45.579  -59.855  -24.494 0.4000000060
18177  47.601  -59.592  -24.091 0.4000000060
18955  46.984  -58.790  -24.782 0.4000000060
16688  46.099  -61.555  -30.558 0.3000000119
18980  46.343  -58.496  -26.031 0.4000000060
17474  44.444  -60.419  -30.708 0.4000000060
17468  46.805  -60.815  -29.754 0.4000000060
16681  48.676  -62.020  -29.173 0.4000000060
18978  48.679  -57.968  -26.416 0.4000000060
18216  47.016  -59.451  -27.292 0.4000000060
17445  47.995  -60.460  -27.823 0.4000000060
16648  47.221  -61.227  -28.071 0.4000000060
16665  48.625  -62.015  -28.659 0.3000000119
15819  48.691  -62.760  -28.876 0.4000000060
18991  48.962  -58.694  -27.278 0.4000000060
13442  47.031  -65.658  -29.843 0.4000000060
18247  43.537  -59.521  -31.338 0.4000000060
10406  38.200  -69.208  -24.720 0.3000000119
11844  39.574  -67.402  -24.626 0.3000000119
11846  37.117  -66.968  -24.064 0.3000000119
11159  35.956  -69.023  -27.927 0.3000000119
11150  36.142  -68.270  -27.621 0.3000000119
13403  38.705  -65.840  -23.845 0.3000000119
14174  40.428  -64.413  -23.617 0.4000000060
14195  38.176  -64.028  -23.965 0.4000000060
14949  41.556  -63.098  -23.481 0.3000000119
14948  42.557  -63.110  -23.695 0.3000000119
127746  39.947  -62.852  -23.430 0.4000000060
15773  39.202  -62.370  -24.220 0.4000000060
14964  45.233  -63.218  -24.343 0.3000000119
16613  47.727  -61.519  -23.406 0.4000000060
17421  40.962  -60.601  -25.579 0.4000000060
16654  40.636  -61.446  -27.158 0.5000000000
126270  41.710  -62.523  -28.493 0.3000000119
16641  40.298  -61.352  -26.560 0.5000000000
18178  46.247  -59.329  -24.632 0.4000000060
16669  44.309  -61.742  -28.375 0.4000000060
16666  47.899  -62.020  -28.329 0.4000000060
19000  43.097  -58.293  -28.951 0.4000000060
19012  42.952  -58.703  -29.713 0.4000000060
20652  42.108  -56.928  -28.095 0.4000000060
21493  40.662  -55.363  -28.403 0.3000000119
19819  41.769  -57.610  -29.456 0.5000000000
19017  42.750  -58.689  -30.407 0.4000000060
19020  42.981  -58.859  -31.088 0.4000000060
24850  44.997  -51.032  -24.113 0.3000000119
24851  44.492  -51.430  -24.453 0.3000000119
25715  44.535  -50.974  -27.059 0.3000000119
24873  42.714  -52.073  -27.014 0.3000000119
25730  43.643  -50.869  -27.625 0.3000000119
24033  41.150  -52.319  -27.376 0.3000000119
25687  44.918  -50.759  -24.883 0.3000000119
25701  44.711  -50.794  -25.905 0.3000000119
25713  45.579  -50.216  -26.804 0.3000000119
25670  46.366  -50.589  -24.062 0.3000000119
26644  46.829  -49.885  -24.983 0.3000000119
25729  44.337  -50.857  -27.786 0.3000000119
26700  44.446  -50.151  -28.235 0.3000000119
26657  45.778  -49.938  -25.878 0.3000000119
25726  46.153  -50.689  -28.469 0.3000000119
135047  45.297  -50.581  -28.354 0.3000000119
125681  48.593  -49.631  -27.624 0.3000000119
26681  47.398  -49.921  -27.667 0.3000000119
25744  47.223  -51.228  -29.435 0.3000000119
26711  48.254  -50.881  -29.199 0.3000000119
26655  48.073  -49.516  -25.811 0.3000000119
25746  45.713  -50.678  -28.850 0.3000000119
26712  46.733  -50.537  -29.787 0.3000000119
26710  49.254  -50.135  -29.087 0.3000000119
132832  46.403  -51.027  -29.256 0.3000000119
27704  47.473  -49.909  -30.264 0.3000000119
25755  49.037  -51.435  -29.910 0.3000000119
24909  49.074  -52.572  -31.052 0.3000000119
25767  48.205  -51.749  -30.784 0.3000000119
25781  49.382  -52.106  -31.607 0.3000000119
28717  46.724  -48.298  -29.029 0.3000000119
27695  47.092  -49.115  -29.643 0.3000000119
27694  47.977  -48.424  -29.965 0.3000000119
128081  45.488  -46.072  -28.238 0.3000000119
29716  48.008  -45.954  -30.033 0.3000000119
123319  46.990  -46.033  -29.187 0.3000000119
30613  46.473  -45.385  -28.960 0.3000000119
21492  40.919  -55.807  -27.997 0.3000000119
19811  41.793  -57.368  -28.798 0.4000000060
24032  41.719  -51.902  -27.287 0.3000000119
26698  45.597  -50.198  -29.035 0.3000000119
19810  42.570  -57.613  -28.556 0.5000000000
136960  45.430  -50.431  -24.871 0.3000000119
135398  45.631  -50.693  -28.492 0.3000000119
24871  43.965  -51.339  -27.383 0.3000000119
24023  41.828  -52.749  -26.980 0.3000000119
23141  41.395  -53.620  -27.005 0.3000000119
131885  46.606  -49.958  -27.350 0.3000000119
26656  47.113  -49.551  -25.698 0.3000000119
25747  44.680  -50.513  -28.213 0.3000000119
26697  47.813  -50.379  -28.497 0.3000000119
24908  49.687  -52.622  -31.276 0.3000000119
25780  50.104  -51.682  -32.150 0.3000000119
26721  47.405  -51.243  -30.245 0.3000000119
26709  50.180  -50.116  -29.486 0.3000000119
26720  48.068  -50.668  -30.765 0.3000000119
17467  48.172  -60.833  -29.455 0.3000000119
120660  48.827  -60.111  -29.131 0.4000000060
19805  48.896  -57.149  -28.539 0.4000000060
19816  48.549  -57.640  -29.245 0.4000000060
123801  47.063  -60.223  -29.635 0.3000000119
130306  47.055  -57.409  -28.952 0.4000000060
20648  47.205  -56.846  -28.450 0.3000000119
18234  47.999  -59.502  -29.652 0.4000000060
19818  46.500  -57.951  -29.209 0.4000000060
20649  45.320  -56.787  -28.091 0.3000000119
18235  46.501  -59.510  -29.599 0.3000000119
19010  45.868  -58.752  -29.386 0.4000000060
19807  46.090  -57.299  -28.638 0.4000000060
19011  44.641  -58.929  -29.379 0.3000000119
18999  44.186  -58.230  -28.896 0.4000000060
20651  43.114  -57.032  -27.951 0.4000000060
18236  45.343  -59.615  -29.620 0.3000000119
18238  43.741  -59.334  -29.810 0.3000000119
17475  43.843  -59.969  -30.835 0.3000000119
17470  44.947  -60.391  -29.998 0.3000000119
18998  45.356  -58.079  -29.011 0.4000000060
19008  48.264  -58.411  -29.586 0.4000000060
15770  47.540  -63.017  -24.132 0.3000000119
18215  48.948  -59.920  -27.824 0.3000000119
14935  44.841  -63.207  -21.497 0.3000000119
14939  46.921  -63.810  -23.248 0.3000000119
15749  47.706  -63.267  -23.865 0.3000000119
16622  47.108  -62.247  -24.182 0.3000000119
17457  49.266  -59.567  -28.676 0.3000000119
15744  44.152  -62.113  -21.231 0.3000000119
16608  46.512  -62.091  -22.387 0.3000000119
15743  44.995  -62.328  -21.746 0.3000000119
16607  47.597  -61.579  -22.965 0.3000000119
16606  47.703  -60.878  -23.366 0.3000000119
18997  49.636  -58.206  -28.536 0.3000000119
18141  43.075  -59.924  -19.182 0.3000000119
139259  43.595  -60.786  -21.165 0.3000000119
17384  43.253  -60.644  -20.589 0.3000000119
17395  46.588  -61.168  -22.337 0.3000000119
16596  45.564  -61.569  -21.987 0.3000000119
17394  47.298  -60.634  -22.716 0.3000000119
17381  42.905  -59.905  -19.982 0.3000000119
124048  43.613  -60.238  -21.341 0.3000000119
17396  46.101  -60.321  -22.336 0.3000000119
17387  45.277  -60.875  -21.957 0.3000000119
17404  47.606  -60.399  -23.642 0.3000000119
18954  47.813  -58.776  -24.122 0.3000000119
18966  47.669  -58.252  -25.274 0.3000000119
120440  43.199  -59.171  -18.903 0.3000000119
18167  46.886  -59.824  -22.650 0.3000000119
18168  45.686  -59.494  -22.441 0.3000000119
18946  47.451  -58.935  -23.391 0.3000000119
18989  49.656  -57.996  -27.902 0.3000000119
18153  42.723  -59.043  -20.338 0.3000000119
18919  43.036  -58.479  -19.326 0.3000000119
18159  42.833  -58.830  -21.092 0.3000000119
18158  43.618  -59.329  -21.649 0.3000000119
18941  46.596  -59.074  -22.804 0.3000000119
19760  47.840  -58.384  -24.125 0.3000000119
19794  49.056  -57.268  -26.096 0.3000000119
19800  49.326  -57.420  -27.286 0.3000000119
20646  49.135  -56.887  -27.612 0.3000000119
17459  48.665  -60.959  -28.320 0.3000000119
18933  42.740  -58.033  -21.382 0.3000000119
18942  45.202  -58.567  -22.645 0.3000000119
19761  47.321  -58.162  -23.669 0.3000000119
19782  48.628  -57.174  -25.524 0.3000000119
118492  47.669  -62.413  -23.667 0.3000000119
138510  44.458  -62.587  -21.316 0.3000000119
15742  45.962  -63.151  -22.346 0.3000000119
10446  36.289  -69.336  -28.594 0.3000000119
10447  35.733  -69.752  -28.218 0.3000000119
11118  40.102  -68.298  -24.763 0.3000000119
11902  45.205  -67.283  -31.023 0.5000000000
11903  44.609  -67.457  -30.879 0.4000000060
11914  44.509  -67.575  -31.228 0.6000000238
12666  44.647  -66.717  -30.223 0.3000000119
12682  45.047  -67.096  -30.638 0.5000000000
12690  45.809  -66.917  -31.327 0.6000000238
12702  44.789  -66.835  -32.774 0.5000000000
12716  44.493  -66.504  -33.253 0.5000000000
13386  40.141  -65.277  -23.876 0.3000000119
13387  39.198  -65.205  -23.703 0.3000000119
13443  46.003  -65.822  -29.888 0.4000000060
13445  43.180  -66.109  -29.896 0.3000000119
13457  47.131  -65.956  -30.478 0.5000000000
13464  47.078  -65.961  -31.345 0.4000000060
13465  46.318  -66.306  -31.869 0.6000000238
13475  46.042  -66.043  -32.910 0.5000000000
13489  43.794  -65.647  -33.436 0.5000000000
14176  38.709  -64.430  -23.664 0.3000000119
14196  37.633  -64.454  -24.311 0.4000000060
14237  47.717  -64.933  -29.409 0.5000000000
14239  44.048  -64.563  -29.549 0.4000000060
14245  48.077  -64.857  -30.408 0.5000000000
14251  47.486  -65.218  -31.838 0.6000000238
14263  47.294  -64.875  -32.817 0.4000000060
14272  45.875  -64.734  -33.553 0.4000000060
14934  45.724  -64.041  -22.169 0.3000000119
14950  40.597  -63.453  -23.431 0.3000000119
14951  39.650  -63.637  -23.474 0.4000000060
14952  38.825  -63.568  -23.762 0.4000000060
14966  38.346  -63.402  -24.219 0.4000000060
14980  38.268  -63.001  -24.876 0.4000000060
15013  48.647  -63.197  -28.882 0.5000000000
15016  44.134  -63.028  -29.075 0.4000000060
15027  48.476  -63.820  -29.088 0.4000000060
15028  47.535  -64.451  -28.967 0.5000000000
15031  43.579  -63.745  -29.317 0.4000000060
15057  43.600  -63.813  -32.430 0.4000000060
15074  47.392  -62.889  -34.198 0.5000000000
15075  46.613  -63.087  -34.362 0.4000000060
15750  47.388  -62.682  -23.187 0.3000000119
15756  47.784  -63.087  -23.974 0.3000000119
15759  42.102  -62.266  -23.507 0.3000000119
15774  38.744  -62.865  -24.213 0.4000000060
15809  40.371  -61.964  -27.647 0.5000000000
15820  48.537  -62.887  -28.693 0.4000000060
15824  43.602  -62.210  -28.606 0.4000000060
15846  48.015  -63.666  -30.859 0.4000000060
15858  44.185  -63.014  -32.970 0.4000000060
15867  47.647  -62.247  -34.090 0.5000000000
15868  45.542  -63.029  -34.196 0.4000000060
15877  47.408  -61.808  -34.469 0.6000000238
15880  45.048  -62.303  -34.468 0.4000000060
16597  44.561  -61.502  -21.575 0.3000000119
16598  43.699  -61.393  -21.074 0.3000000119
16615  43.694  -61.590  -23.763 0.4000000060
16621  47.660  -62.245  -23.799 0.3000000119
16624  41.299  -60.886  -24.125 0.5000000000
16634  40.324  -61.082  -25.848 0.4000000060
16640  40.997  -60.906  -26.512 0.5000000000
16647  48.008  -61.460  -28.138 0.3000000119
16650  44.443  -60.928  -27.882 0.5000000000
16664  48.719  -62.147  -28.873 0.4000000060
16668  45.261  -61.769  -28.339 0.4000000060
16671  41.850  -61.765  -28.082 0.4000000060
16682  47.227  -61.685  -29.862 0.3000000119
16689  45.208  -60.936  -30.606 0.4000000060
16698  47.343  -62.283  -33.123 0.5000000000
16700  45.933  -61.504  -31.867 0.5000000000
16705  47.668  -61.788  -33.933 0.4000000060
16706  44.267  -61.922  -34.169 0.4000000060
16710  40.678  -61.746  -34.091 0.4000000060
16718  47.641  -61.577  -34.181 0.6000000238
16719  47.006  -61.688  -34.816 0.4000000060
16720  46.273  -61.800  -34.928 0.4000000060
16724  41.772  -61.146  -34.586 0.4000000060
17400  42.096  -60.764  -23.953 0.3000000119
17406  44.434  -60.125  -24.364 0.4000000060
17408  42.538  -60.106  -24.408 0.4000000060
17420  41.624  -60.156  -25.242 0.4000000060
17443  49.470  -59.332  -28.183 0.3000000119
17444  49.057  -60.162  -28.212 0.3000000119
17448  44.429  -60.092  -27.258 0.4000000060
17450  41.915  -60.599  -26.834 0.5000000000
17458  48.692  -61.238  -28.599 0.3000000119
17466  48.782  -61.031  -29.142 0.3000000119
17469  45.930  -60.990  -30.017 0.4000000060
17480  44.264  -60.232  -31.520 0.4000000060
17487  47.522  -60.541  -34.143 0.6999999881
17493  47.509  -60.480  -34.586 0.6999999881
17494  44.244  -61.003  -35.096 0.5000000000
17502  47.363  -60.650  -35.030 0.4000000060
17503  46.470  -60.387  -35.443 0.5000000000
17504  44.546  -60.601  -35.457 0.6000000238
17505  43.739  -60.432  -35.489 0.6000000238
17507  41.766  -60.120  -35.445 0.5000000000
18142  42.858  -59.176  -19.617 0.3000000119
18152  42.980  -59.705  -20.836 0.3000000119
18157  44.705  -60.039  -21.963 0.3000000119
18166  47.573  -60.120  -22.997 0.3000000119
18171  47.690  -60.317  -23.348 0.3000000119
18172  47.650  -59.665  -23.358 0.3000000119
18176  47.676  -59.738  -23.667 0.3000000119
18179  44.734  -59.393  -24.816 0.4000000060
18180  43.031  -59.547  -24.771 0.4000000060
18190  44.570  -59.028  -25.453 0.4000000060
18191  42.893  -59.481  -25.525 0.4000000060
18205  44.625  -59.055  -26.169 0.4000000060
18213  49.648  -58.659  -28.030 0.3000000119
18214  49.359  -59.217  -27.837 0.3000000119
18217  45.839  -59.497  -27.077 0.4000000060
18225  49.572  -58.898  -28.499 0.3000000119
18232  49.443  -58.772  -28.938 0.3000000119
18233  48.919  -59.058  -29.312 0.3000000119
18237  44.472  -59.705  -29.789 0.3000000119
18244  44.078  -59.896  -30.290 0.3000000119
18249  45.873  -60.310  -33.312 0.6999999881
18250  44.846  -60.142  -32.647 0.6999999881
18258  45.534  -59.394  -33.597 0.6999999881
18276  45.558  -59.767  -35.814 0.6000000238
18281  46.915  -58.753  -35.694 0.6000000238
18920  42.673  -58.390  -20.006 0.3000000119
18932  43.226  -58.553  -21.672 0.3000000119
18940  47.353  -59.512  -22.992 0.3000000119
18945  47.782  -59.194  -23.742 0.3000000119
18965  48.502  -57.615  -25.656 0.3000000119
18977  49.133  -57.636  -26.851 0.3000000119
18979  47.541  -58.320  -26.171 0.4000000060
18981  45.391  -58.752  -25.803 0.4000000060
18990  49.455  -58.253  -27.561 0.3000000119
19007  49.134  -58.239  -29.231 0.4000000060
19009  47.110  -58.604  -29.557 0.4000000060
19013  42.304  -58.031  -29.202 0.4000000060
19025  42.849  -58.183  -31.554 0.6000000238
19041  47.562  -58.703  -34.928 0.6999999881
19045  47.442  -58.429  -35.239 0.6999999881
19046  42.093  -58.750  -36.083 0.6999999881
19050  47.094  -58.062  -35.848 0.6000000238
19052  45.224  -58.486  -36.422 0.6999999881
19053  43.641  -58.445  -36.439 0.6000000238
19804  49.485  -57.530  -28.113 0.3000000119
19806  47.948  -57.137  -28.910 0.4000000060
19808  44.834  -57.441  -28.536 0.4000000060
19809  43.662  -57.599  -28.459 0.4000000060
19815  49.284  -57.660  -28.830 0.4000000060
19817  47.561  -57.786  -29.390 0.4000000060
19821  42.159  -58.157  -29.994 0.5000000000
19824  42.413  -57.535  -31.245 0.5000000000
19830  43.563  -57.615  -32.673 0.6000000238
19838  46.451  -57.785  -34.407 0.6999999881
19841  44.034  -57.113  -33.263 0.6000000238
19848  47.434  -57.400  -35.006 0.6999999881
19850  47.436  -57.404  -35.348 0.6999999881
19853  47.292  -57.419  -35.826 0.6999999881
20647  48.301  -56.637  -28.111 0.3000000119
20653  41.328  -56.587  -28.423 0.3000000119
20654  40.819  -56.002  -28.792 0.3000000119
20657  41.270  -56.831  -29.315 0.5000000000
20673  42.718  -56.157  -32.066 0.5000000000
20681  46.434  -56.439  -34.565 0.6999999881
20682  45.649  -56.675  -34.229 0.6999999881
20690  40.268  -55.816  -34.368 0.5000000000
20694  47.535  -56.097  -36.170 0.6000000238
20695  46.814  -56.508  -36.415 0.6999999881
20698  43.170  -56.826  -36.512 0.6999999881
20699  42.482  -56.440  -36.428 0.5000000000
21490  40.718  -54.972  -27.785 0.3000000119
21496  40.626  -55.222  -29.025 0.4000000060
21498  41.384  -55.402  -30.351 0.6000000238
21511  43.304  -55.676  -32.735 0.6000000238
21521  44.578  -55.644  -33.769 0.6000000238
21526  46.806  -55.116  -35.142 0.6999999881
21528  47.869  -55.322  -35.961 0.6000000238
21531  47.818  -55.287  -36.155 0.6000000238
21532  46.419  -55.059  -36.631 0.6999999881
21533  45.108  -56.247  -36.645 0.6999999881
22336  40.909  -53.958  -29.913 0.4000000060
22345  41.793  -53.997  -31.199 0.6000000238
22364  43.768  -54.529  -33.287 0.6000000238
22366  39.735  -54.280  -33.292 0.4000000060
22369  40.104  -54.449  -34.686 0.5000000000
22371  47.928  -54.620  -36.013 0.6000000238
22372  41.105  -54.778  -35.727 0.5000000000
22379  42.921  -54.774  -36.503 0.6000000238
23147  40.630  -53.301  -27.779 0.4000000060
23153  40.471  -53.790  -28.419 0.4000000060
23158  40.522  -53.443  -29.202 0.4000000060
23163  41.320  -53.547  -30.615 0.6000000238
23170  42.240  -53.565  -31.838 0.5000000000
23186  45.657  -53.856  -34.739 0.6999999881
23189  43.642  -53.062  -33.230 0.6000000238
23191  46.929  -53.902  -35.483 0.6000000238
23192  46.259  -53.384  -35.240 0.6000000238
23196  47.793  -53.936  -35.925 0.5000000000
23198  40.535  -53.399  -35.468 0.6999999881
23199  47.845  -54.001  -36.043 0.6000000238
23200  46.039  -53.732  -36.699 0.6000000238
23201  44.758  -53.250  -36.645 0.6000000238
23205  47.569  -53.320  -36.199 0.6000000238
23206  46.850  -52.965  -36.604 0.5000000000
24007  43.714  -52.672  -24.382 0.3000000119
24055  40.778  -52.406  -29.946 0.6000000238
24056  38.357  -52.656  -30.468 0.5000000000
24063  42.063  -52.309  -31.703 0.5000000000
24072  42.614  -51.993  -32.294 0.6000000238
24075  44.811  -52.678  -34.342 0.6999999881
24078  39.489  -52.252  -33.861 0.6000000238
24084  47.503  -52.669  -35.971 0.5000000000
24087  47.447  -52.625  -36.155 0.5000000000
24091  42.748  -52.489  -36.471 0.6999999881
24832  45.589  -51.169  -23.571 0.3000000119
24872  43.542  -51.793  -26.888 0.3000000119
24884  43.171  -51.422  -27.274 0.3000000119
24885  42.339  -51.469  -27.280 0.3000000119
24886  40.980  -51.621  -27.576 0.3000000119
24898  40.495  -52.011  -28.494 0.4000000060
24902  48.629  -52.138  -30.616 0.3000000119
24903  48.077  -51.780  -30.420 0.3000000119
24910  48.549  -52.207  -30.858 0.3000000119
24921  50.120  -52.469  -31.779 0.3000000119
24922  49.406  -52.578  -31.300 0.3000000119
24923  48.826  -52.330  -31.139 0.3000000119
24925  41.517  -52.176  -31.062 0.5000000000
24933  43.113  -51.767  -32.763 0.6000000238
24937  44.067  -51.499  -33.659 0.6000000238
24938  43.436  -51.236  -33.149 0.6000000238
24942  45.279  -51.227  -34.644 0.6000000238
24943  39.522  -51.352  -34.728 0.6000000238
24947  47.198  -51.803  -36.213 0.5000000000
24952  40.952  -51.352  -36.151 0.6999999881
24953  46.998  -51.674  -36.348 0.5000000000
24954  46.632  -51.509  -36.447 0.6000000238
24955  46.029  -51.342  -36.567 0.6000000238
25671  45.517  -50.634  -24.371 0.3000000119
25686  45.993  -50.117  -24.920 0.3000000119
25700  45.323  -50.355  -25.436 0.3000000119
25714  45.153  -50.440  -26.416 0.3000000119
25727  45.736  -50.464  -27.792 0.3000000119
25728  45.005  -50.633  -27.601 0.3000000119
25731  42.494  -50.722  -27.423 0.3000000119
25733  40.948  -50.830  -27.783 0.4000000060
25745  46.849  -50.829  -28.743 0.3000000119
25748  41.028  -50.064  -28.049 0.4000000060
25749  40.718  -50.701  -28.301 0.4000000060
25754  49.836  -51.530  -30.365 0.3000000119
25756  47.989  -51.739  -29.963 0.3000000119
25757  47.449  -51.502  -29.952 0.3000000119
25758  46.219  -50.770  -29.349 0.3000000119
25760  40.555  -50.767  -29.109 0.4000000060
25766  49.348  -52.442  -30.802 0.3000000119
25768  41.266  -50.475  -30.638 0.5000000000
25769  40.816  -51.037  -30.045 0.5000000000
25782  42.256  -50.526  -31.918 0.5000000000
25783  41.740  -50.887  -31.368 0.5000000000
25797  39.073  -50.567  -32.179 0.5000000000
25799  44.983  -50.058  -34.405 0.6000000238
25806  47.144  -50.994  -36.169 0.6000000238
25807  39.989  -50.834  -35.620 0.6000000238
25809  47.071  -50.903  -36.272 0.6000000238
25815  40.608  -50.914  -36.000 0.6999999881
25816  46.770  -50.891  -36.412 0.6000000238
25818  45.528  -50.744  -36.564 0.6000000238
26670  48.357  -49.473  -26.707 0.3000000119
26671  47.331  -49.525  -26.577 0.3000000119
26683  42.201  -49.767  -27.494 0.4000000060
26696  48.918  -49.838  -28.422 0.3000000119
26699  45.031  -50.298  -28.527 0.3000000119
26713  41.026  -49.325  -29.335 0.4000000060
26718  50.839  -50.748  -30.414 0.3000000119
26731  48.686  -51.408  -31.283 0.3000000119
26755  43.833  -49.862  -33.432 0.4000000060
26757  47.155  -49.324  -35.747 0.6000000238
26758  46.413  -49.464  -35.303 0.6000000238
26759  45.718  -49.685  -34.853 0.4000000060
26760  39.416  -49.792  -34.670 0.6000000238
26764  47.418  -49.308  -36.601 0.6000000238
26765  45.399  -49.231  -36.804 0.6000000238
26767  42.395  -49.557  -36.462 0.6999999881
26770  47.321  -49.397  -36.575 0.6000000238
27675  42.211  -48.998  -27.593 0.4000000060
27685  44.515  -49.445  -28.131 0.4000000060
27687  41.759  -48.590  -28.118 0.4000000060
27696  46.248  -49.764  -29.373 0.3000000119
27730  43.011  -48.605  -32.421 0.6000000238
27737  44.479  -48.557  -33.789 0.4000000060
27738  43.908  -48.201  -33.249 0.5000000000
27739  39.509  -48.671  -33.456 0.5000000000
27741  45.770  -48.287  -34.808 0.5000000000
27747  44.591  -48.713  -36.837 0.6000000238
27751  39.974  -47.682  -36.054 0.6000000238
28696  43.256  -47.858  -27.523 0.4000000060
28697  42.562  -47.232  -27.958 0.4000000060
28707  45.466  -47.962  -28.147 0.4000000060
28716  47.491  -47.715  -29.432 0.3000000119
28761  46.362  -47.775  -35.283 0.4000000060
28767  39.790  -47.082  -36.012 0.5000000000
28768  47.984  -48.129  -37.079 0.5000000000
28770  43.646  -47.560  -36.853 0.6000000238
29693  46.243  -46.331  -28.606 0.3000000119
29694  45.585  -46.879  -28.092 0.4000000060
29695  44.877  -46.284  -27.852 0.3000000119
29707  47.551  -46.558  -29.520 0.3000000119
29756  47.777  -47.033  -36.695 0.6000000238
29759  39.591  -46.655  -35.509 0.5000000000
29761  44.342  -47.075  -37.131 0.6999999881
29763  42.513  -46.276  -36.600 0.8000000119
29765  40.833  -46.362  -36.325 0.6000000238
29768  46.062  -46.770  -37.700 0.6999999881
29771  48.035  -46.357  -38.169 0.6000000238
30604  45.743  -45.461  -28.504 0.3000000119
30676  40.027  -45.169  -34.962 0.4000000060
30679  46.611  -45.620  -36.191 0.5000000000
30683  48.244  -46.045  -37.818 0.6000000238
30685  41.909  -45.533  -36.485 0.6000000238
30688  48.172  -45.776  -38.181 0.6000000238
30691  44.789  -45.853  -37.457 0.6999999881
31568  44.838  -44.795  -35.089 0.4000000060
31573  40.519  -44.264  -35.993 0.5000000000
31578  41.738  -44.142  -36.479 0.6000000238
31581  45.503  -44.579  -38.140 0.6000000238
31583  43.942  -44.201  -37.304 0.6000000238
31587  48.191  -44.334  -39.017 0.6000000238
32434  42.226  -43.450  -36.682 0.5000000000
33259  44.437  -42.738  -37.917 0.4000000060
33261  42.756  -41.938  -37.143 0.4000000060
33264  47.278  -42.602  -39.348 0.5000000000
33265  46.301  -42.383  -38.946 0.5000000000
116148  48.054  -63.695  -32.067 0.4000000060
116914  45.653  -45.995  -37.761 0.6999999881
117155  47.055  -48.312  -37.328 0.6000000238
117336  39.450  -48.204  -35.098 0.6000000238
117571  47.577  -56.136  -35.588 0.6000000238
118050  47.094  -51.050  -35.859 0.5000000000
119068  41.577  -51.113  -27.447 0.3000000119
119252  48.043  -44.264  -38.452 0.6000000238
119307  44.006  -50.354  -27.987 0.3000000119
119861  46.357  -49.748  -26.470 0.3000000119
120140  44.144  -51.607  -36.426 0.6000000238
120219  47.248  -56.857  -36.135 0.6999999881
120444  42.495  -58.230  -30.802 0.4000000060
120631  41.205  -48.451  -36.403 0.6999999881
120729  43.113  -63.853  -24.121 0.3000000119
121910  44.604  -53.996  -33.961 0.6000000238
122057  43.968  -48.568  -27.575 0.4000000060
122282  48.007  -57.724  -24.869 0.3000000119
122655  43.219  -59.707  -26.459 0.4000000060
123144  47.187  -43.996  -38.999 0.6000000238
123587  48.181  -44.446  -38.847 0.6000000238
124122  45.019  -55.184  -34.106 0.6999999881
124397  39.767  -52.071  -34.882 0.6000000238
124431  42.777  -50.917  -36.324 0.6999999881
124741  45.826  -60.703  -24.231 0.4000000060
125122  47.209  -56.783  -34.900 0.6999999881
125296  38.636  -68.242  -24.634 0.3000000119
125857  44.167  -46.140  -33.474 0.5000000000
125941  43.341  -56.076  -36.539 0.6000000238
126013  39.625  -47.297  -33.888 0.4000000060
126528  47.552  -61.191  -23.652 0.3000000119
126613  47.864  -48.171  -37.146 0.6000000238
126667  44.152  -63.760  -24.333 0.3000000119
126811  40.360  -60.827  -25.021 0.5000000000
126928  46.015  -60.271  -29.740 0.3000000119
127865  43.673  -58.763  -29.318 0.3000000119
127980  38.685  -62.512  -25.498 0.4000000060
128010  47.760  -54.073  -36.180 0.6999999881
128049  46.219  -54.065  -35.085 0.6000000238
128818  44.183  -60.801  -21.507 0.3000000119
128901  47.194  -50.059  -36.342 0.6000000238
129111  47.328  -50.291  -35.993 0.6000000238
129360  39.571  -51.930  -34.411 0.6000000238
129754  42.952  -61.842  -33.130 0.4000000060
130257  47.524  -59.174  -35.128 0.5000000000
130318  42.009  -51.040  -36.342 0.6999999881
130490  46.850  -51.139  -29.646 0.3000000119
130506  38.897  -52.627  -31.359 0.5000000000
131154  46.399  -56.589  -27.965 0.3000000119
132627  45.558  -55.151  -34.373 0.6999999881
132815  47.484  -45.759  -29.665 0.3000000119
132823  47.232  -48.064  -35.862 0.6000000238
133992  43.477  -48.637  -32.932 0.4000000060
134643  43.365  -59.338  -30.474 0.3000000119
134726  45.558  -53.310  -36.670 0.6000000238
134768  45.023  -46.020  -34.627 0.5000000000
135385  44.550  -49.424  -36.685 0.6000000238
135980  40.024  -61.332  -24.412 0.4000000060
136424  46.219  -50.082  -35.240 0.5000000000
136483  46.403  -49.760  -25.562 0.3000000119
136561  48.211  -59.412  -27.450 0.3000000119
136762  43.249  -58.125  -32.182 0.6000000238
136837  46.592  -50.228  -24.578 0.3000000119
137002  42.996  -49.393  -36.560 0.6999999881
137117  40.435  -47.745  -36.239 0.6999999881
137343  47.711  -60.842  -23.131 0.3000000119
137452  42.600  -53.475  -32.247 0.6000000238
137566  40.391  -45.823  -36.163 0.5000000000
137714  48.971  -60.506  -28.652 0.4000000060
137870  44.353  -65.347  -29.731 0.4000000060
138397  43.327  -47.419  -32.462 0.5000000000
138421  42.618  -49.390  -27.501 0.4000000060
138515  37.808  -67.099  -24.113 0.3000000119
139089  39.826  -62.106  -23.794 0.4000000060
139102  47.937  -64.877  -31.285 0.4000000060
139159  42.098  -57.673  -30.573 0.5000000000
139805  47.473  -49.246  -36.142 0.6000000238
139917  47.692  -48.285  -36.490 0.6000000238
140024  44.550  -45.891  -34.121 0.5000000000
140188  42.319  -49.818  -31.909 0.4000000060
