#!ascii label  , from subject sub-v1s0x0050653_ses-1 vox2ras=TkReg
1031
31056  -37.276  -69.501  -0.414 0.5000000000
30077  -35.629  -69.921  -0.325 0.8000000119
31051  -33.872  -69.804  0.826 0.8000000119
139664  -34.021  -70.151  0.187 0.8000000119
31053  -35.312  -69.374  0.104 0.8000000119
139297  -37.929  -71.007  -0.322 0.5000000000
31055  -36.400  -69.613  -0.371 0.5000000000
32065  -36.791  -68.897  -0.389 0.6000000238
32051  -34.563  -68.752  2.241 0.6999999881
31048  -34.253  -69.301  1.379 0.6999999881
32061  -35.751  -68.742  0.292 0.8000000119
32062  -36.449  -68.481  -0.043 0.6999999881
30082  -38.739  -70.576  -0.304 0.6000000238
31057  -38.433  -69.572  -0.369 0.5000000000
32067  -38.678  -68.593  -0.590 0.6000000238
31028  -32.426  -69.569  3.634 0.6999999881
32066  -37.652  -68.692  -0.547 0.6000000238
33131  -38.873  -67.690  -0.805 0.6000000238
31029  -33.151  -69.264  3.368 0.6999999881
31037  -32.872  -69.979  2.868 0.6999999881
32057  -35.480  -68.409  0.970 0.6999999881
33130  -37.944  -67.898  -0.666 0.6000000238
34127  -39.152  -66.929  -0.919 0.6000000238
32058  -36.142  -68.067  0.624 0.8000000119
33125  -36.829  -67.771  0.207 0.8000000119
33127  -38.252  -67.166  -0.642 0.6999999881
143605  -40.372  -69.198  0.282 0.4000000060
32068  -39.721  -68.425  -0.444 0.6000000238
32031  -32.776  -68.128  4.316 0.6999999881
34128  -39.997  -66.628  -0.943 0.6000000238
33106  -33.853  -67.665  3.885 0.6999999881
32042  -34.253  -68.215  3.263 0.6999999881
164304  -35.515  -67.773  2.253 0.6999999881
33120  -35.921  -67.730  1.647 0.6999999881
33121  -36.576  -67.342  1.058 0.6000000238
34124  -38.708  -66.363  -0.121 0.6999999881
36157  -39.837  -64.065  -0.456 0.5000000000
34114  -36.852  -66.024  2.154 0.6000000238
34115  -37.363  -66.003  1.663 0.6000000238
35125  -37.788  -65.714  1.258 0.6000000238
37144  -38.873  -63.999  0.136 0.6000000238
36149  -37.753  -64.717  1.104 0.6000000238
37143  -38.021  -63.295  0.232 0.5000000000
32064  -40.740  -68.532  0.671 0.4000000060
32069  -40.433  -68.041  -0.022 0.5000000000
33093  -31.526  -67.536  4.604 0.6999999881
33134  -41.045  -66.369  -0.515 0.6000000238
33107  -34.469  -67.329  3.572 0.6999999881
35132  -40.630  -65.472  -1.133 0.6000000238
34104  -35.432  -66.233  3.311 0.6999999881
36158  -40.400  -64.824  -0.941 0.5000000000
37149  -40.788  -64.105  -0.949 0.6000000238
34113  -36.193  -66.132  2.768 0.6999999881
35118  -37.090  -65.213  1.792 0.6000000238
37148  -38.995  -63.367  -0.185 0.5000000000
150319  -40.107  -63.292  -0.569 0.5000000000
36153  -37.913  -63.899  0.557 0.5000000000
145795  -28.923  -68.206  5.003 0.6000000238
34099  -29.235  -66.332  3.106 0.6000000238
33123  -40.925  -67.932  1.041 0.5000000000
34121  -41.294  -66.563  1.003 0.5000000000
34084  -30.891  -66.775  4.333 0.6999999881
32029  -31.198  -68.342  4.806 0.6999999881
33128  -40.947  -67.588  0.417 0.5000000000
35131  -41.597  -65.480  0.159 0.5000000000
36151  -41.689  -64.770  0.324 0.4000000060
34086  -32.737  -66.759  4.239 0.6999999881
36156  -41.684  -64.652  -0.348 0.5000000000
137853  -33.710  -66.762  3.975 0.6999999881
35104  -34.796  -65.449  3.445 0.6999999881
143498  -42.156  -63.933  -0.042 0.5000000000
35105  -35.618  -65.287  3.034 0.6999999881
36135  -36.340  -64.536  1.921 0.6000000238
150998  -41.576  -63.017  -0.546 0.5000000000
36148  -36.697  -64.142  1.363 0.6000000238
159131  -41.514  -61.974  -0.532 0.5000000000
37136  -36.045  -63.415  0.829 0.5000000000
38207  -37.225  -62.807  0.335 0.5000000000
37147  -38.201  -62.824  -0.014 0.5000000000
39270  -40.490  -61.823  -0.650 0.5000000000
39269  -39.235  -61.774  -0.516 0.5000000000
40200  -40.648  -60.233  -0.914 0.3000000119
36136  -40.100  -64.730  2.382 0.3000000119
34098  -28.020  -66.743  2.842 0.6000000238
33105  -28.644  -67.008  3.743 0.6000000238
35127  -41.140  -65.449  1.437 0.4000000060
36137  -40.848  -64.772  1.679 0.4000000060
35101  -31.061  -65.670  3.284 0.6000000238
37139  -41.814  -63.289  0.363 0.5000000000
160695  -32.444  -65.513  3.370 0.6999999881
141453  -32.978  -65.938  3.759 0.6999999881
37146  -41.911  -62.756  -0.386 0.5000000000
36121  -34.894  -64.735  2.903 0.5000000000
39272  -41.815  -61.705  -0.346 0.5000000000
36147  -35.728  -63.920  1.333 0.5000000000
39271  -41.592  -61.030  -0.470 0.4000000060
146016  -41.140  -60.983  -0.661 0.3000000119
40201  -41.530  -60.069  -0.801 0.4000000060
146219  -38.727  -61.098  -0.441 0.5000000000
142226  -39.939  -61.033  -0.699 0.4000000060
34111  -27.606  -66.423  2.225 0.6000000238
34112  -28.454  -66.244  2.424 0.6000000238
35113  -29.295  -65.693  2.230 0.6000000238
35100  -30.149  -65.676  2.814 0.6000000238
35115  -30.845  -65.256  2.302 0.6000000238
38202  -41.544  -62.415  0.640 0.3000000119
38203  -42.054  -62.358  -0.073 0.4000000060
35116  -31.834  -65.206  2.766 0.6000000238
39261  -41.312  -61.631  0.762 0.3000000119
35102  -32.954  -65.042  3.024 0.6000000238
36120  -34.046  -64.746  3.018 0.6999999881
40193  -41.581  -60.223  0.367 0.3000000119
39262  -41.951  -61.760  0.139 0.3000000119
41074  -41.616  -59.498  0.225 0.3000000119
40197  -41.854  -59.944  -0.252 0.3000000119
149714  -34.218  -63.616  0.476 0.5000000000
36146  -34.704  -63.922  1.127 0.5000000000
37135  -35.088  -63.470  0.616 0.5000000000
153448  -41.716  -57.804  -0.597 0.3000000119
41078  -41.824  -59.219  -0.459 0.3000000119
37141  -35.607  -63.008  0.365 0.5000000000
159637  -36.975  -62.411  0.303 0.5000000000
142392  -41.463  -58.104  -1.072 0.3000000119
153887  -35.899  -62.495  0.364 0.5000000000
144797  -39.001  -59.666  -0.639 0.4000000060
140890  -40.044  -59.549  -0.928 0.3000000119
35122  -28.096  -65.401  1.509 0.5000000000
35112  -28.278  -65.873  1.934 0.6000000238
36142  -29.791  -64.903  1.214 0.5000000000
36143  -31.759  -64.418  0.995 0.5000000000
41942  -40.852  -58.326  0.792 0.3000000119
36131  -32.272  -64.632  1.834 0.6000000238
142344  -40.566  -56.612  1.076 0.3000000119
148984  -41.380  -57.668  0.149 0.3000000119
36145  -33.610  -64.085  0.794 0.6000000238
37140  -34.693  -63.209  0.242 0.5000000000
40195  -36.583  -60.991  0.356 0.5000000000
40198  -38.245  -60.316  -0.327 0.4000000060
41077  -37.534  -59.752  0.024 0.4000000060
37129  -28.622  -63.962  1.224 0.5000000000
37130  -29.654  -64.128  0.958 0.5000000000
153423  -30.437  -63.930  0.767 0.5000000000
36130  -30.527  -64.979  1.442 0.5000000000
38196  -30.812  -63.222  1.119 0.5000000000
42753  -38.307  -57.319  2.763 0.3000000119
159337  -39.825  -57.229  1.750 0.3000000119
36144  -32.617  -64.257  0.872 0.6000000238
37133  -32.904  -64.004  0.487 0.6000000238
37134  -33.611  -63.667  0.417 0.5000000000
38205  -35.127  -62.506  0.336 0.5000000000
41081  -39.353  -58.800  -0.827 0.4000000060
42764  -38.163  -57.682  -0.405 0.4000000060
153460  -29.154  -63.174  1.246 0.5000000000
38195  -30.004  -63.170  1.193 0.5000000000
42750  -37.559  -57.504  3.294 0.4000000060
43673  -38.003  -56.597  3.123 0.4000000060
38197  -31.611  -63.388  0.927 0.5000000000
38198  -32.387  -63.442  0.734 0.5000000000
43682  -38.979  -56.234  2.471 0.4000000060
42755  -39.817  -56.379  1.757 0.3000000119
38188  -32.004  -62.475  1.502 0.4000000060
43688  -40.545  -55.445  0.811 0.3000000119
38199  -33.097  -63.259  0.645 0.5000000000
39257  -33.767  -61.896  1.230 0.4000000060
39258  -34.407  -62.158  0.576 0.4000000060
151266  -37.637  -58.709  0.003 0.4000000060
40182  -29.353  -60.778  2.299 0.5000000000
39250  -29.856  -61.565  1.973 0.5000000000
39251  -30.771  -61.630  2.147 0.5000000000
43672  -36.975  -56.547  4.095 0.4000000060
38187  -31.208  -62.407  1.559 0.5000000000
39252  -31.648  -61.719  2.266 0.4000000060
44838  -38.201  -54.862  3.600 0.4000000060
44839  -39.108  -54.362  3.033 0.4000000060
39238  -32.072  -61.274  3.082 0.4000000060
39254  -33.185  -61.756  2.112 0.4000000060
43683  -39.806  -55.453  1.763 0.4000000060
40190  -33.821  -61.097  2.029 0.4000000060
149015  -34.418  -61.244  1.268 0.4000000060
40191  -35.016  -60.504  1.210 0.4000000060
40194  -35.827  -60.580  0.594 0.4000000060
41072  -35.420  -59.777  1.069 0.4000000060
41944  -36.706  -58.488  0.381 0.4000000060
42761  -38.446  -56.548  -0.502 0.4000000060
42760  -37.481  -57.061  0.017 0.4000000060
40169  -29.781  -60.207  2.955 0.4000000060
44810  -36.703  -55.394  5.088 0.4000000060
44827  -37.304  -55.389  4.281 0.4000000060
40183  -30.268  -60.957  2.632 0.5000000000
40184  -31.176  -61.133  2.900 0.4000000060
39239  -32.865  -61.292  3.069 0.4000000060
45969  -39.421  -53.372  3.300 0.4000000060
158525  -33.408  -61.057  2.790 0.4000000060
40186  -34.377  -60.339  1.900 0.4000000060
43694  -39.655  -55.793  -0.967 0.3000000119
41075  -36.086  -59.340  0.637 0.4000000060
41055  -29.315  -59.464  3.282 0.4000000060
41056  -30.166  -59.783  3.806 0.5000000000
41057  -31.100  -60.059  4.216 0.4000000060
143960  -38.130  -53.791  4.985 0.4000000060
41043  -31.632  -59.434  4.735 0.4000000060
40171  -31.565  -60.671  3.654 0.4000000060
41044  -32.626  -59.354  4.490 0.4000000060
40172  -32.442  -60.685  3.675 0.4000000060
40173  -33.284  -60.440  3.457 0.4000000060
40185  -33.895  -60.356  2.728 0.4000000060
41071  -34.847  -59.576  1.635 0.4000000060
148594  -35.354  -58.905  1.256 0.4000000060
43691  -37.734  -56.057  0.039 0.4000000060
42759  -36.516  -57.465  0.423 0.4000000060
147221  -36.879  -56.621  0.294 0.4000000060
41041  -29.736  -58.931  4.170 0.4000000060
41913  -30.447  -58.640  4.895 0.4000000060
41914  -31.259  -58.699  5.140 0.4000000060
41915  -32.143  -58.671  4.937 0.4000000060
41058  -33.335  -59.534  3.873 0.4000000060
41933  -33.829  -58.749  3.359 0.4000000060
44868  -38.511  -55.168  0.030 0.4000000060
41934  -34.299  -58.373  2.555 0.4000000060
41938  -34.711  -58.624  1.872 0.4000000060
42752  -34.494  -57.685  2.013 0.4000000060
41939  -35.188  -57.951  1.398 0.4000000060
42756  -35.680  -57.401  0.903 0.4000000060
145002  -30.048  -57.504  5.229 0.4000000060
42736  -30.786  -57.893  5.388 0.4000000060
42737  -31.801  -57.908  5.299 0.4000000060
43660  -32.347  -56.933  4.837 0.4000000060
41916  -32.852  -58.533  4.508 0.4000000060
42747  -32.972  -57.193  4.140 0.4000000060
42748  -33.306  -57.951  3.904 0.4000000060
42751  -33.884  -57.570  2.903 0.4000000060
43680  -33.537  -56.563  2.837 0.4000000060
43690  -36.836  -55.948  0.382 0.3000000119
145283  -35.362  -55.797  1.170 0.4000000060
43686  -36.015  -56.485  0.669 0.4000000060
43657  -29.697  -56.894  5.263 0.4000000060
43658  -30.554  -56.989  5.596 0.4000000060
43643  -30.201  -56.216  5.617 0.4000000060
143467  -31.417  -57.072  5.494 0.4000000060
43659  -31.800  -56.353  5.186 0.4000000060
43671  -33.360  -57.083  3.489 0.4000000060
43679  -33.240  -55.828  2.787 0.4000000060
45989  -38.099  -53.971  0.948 0.4000000060
45998  -37.304  -54.531  0.767 0.3000000119
43681  -34.160  -56.760  2.138 0.4000000060
43687  -36.383  -55.327  0.770 0.4000000060
145578  -34.465  -55.953  1.637 0.5000000000
149695  -30.340  -54.287  5.875 0.4000000060
45945  -30.876  -54.766  5.595 0.4000000060
44808  -31.207  -55.333  5.444 0.4000000060
47027  -31.020  -53.891  5.361 0.4000000060
44825  -31.693  -55.606  5.058 0.4000000060
44848  -33.739  -55.891  2.199 0.4000000060
44859  -34.898  -55.120  1.487 0.5000000000
48079  -29.728  -52.922  6.082 0.4000000060
144332  -30.321  -53.461  5.804 0.4000000060
47040  -30.752  -53.127  5.292 0.4000000060
44858  -34.077  -55.125  1.871 0.4000000060
45986  -34.584  -54.361  1.706 0.5000000000
49074  -29.469  -51.440  6.462 0.4000000060
49087  -29.887  -52.072  6.020 0.4000000060
49088  -30.303  -51.834  5.270 0.4000000060
47065  -33.451  -53.473  2.335 0.5000000000
52873  -29.607  -47.684  7.427 0.4000000060
50053  -29.445  -50.774  6.827 0.4000000060
51002  -29.503  -50.013  6.741 0.4000000060
50064  -29.657  -50.674  5.864 0.4000000060
145893  -29.454  -49.266  6.308 0.4000000060
51948  -29.110  -48.764  5.087 0.5000000000
50988  -29.118  -49.748  7.388 0.4000000060
39264  -36.932  -61.553  0.240 0.5000000000
40196  -37.306  -60.706  0.108 0.5000000000
41947  -38.439  -58.509  -0.463 0.4000000060
30080  -36.900  -70.343  -0.340 0.5000000000
30075  -33.384  -70.339  0.489 0.8000000119
156250  -33.384  -70.126  1.134 0.8000000119
30058  -33.074  -70.225  1.890 0.6999999881
29122  -39.061  -71.640  -0.412 0.5000000000
30048  -32.227  -70.260  3.156 0.6999999881
29123  -39.945  -71.856  -0.210 0.5000000000
31027  -31.850  -69.887  3.781 0.6999999881
31050  -40.658  -69.380  0.813 0.4000000060
30083  -39.731  -71.029  -0.205 0.4000000060
32030  -32.078  -68.274  4.468 0.6999999881
34083  -29.826  -66.792  4.139 0.6999999881
162947  -40.630  -69.432  1.111 0.4000000060
33119  -40.633  -67.752  1.670 0.4000000060
150737  -28.190  -67.743  4.140 0.6000000238
35120  -40.541  -65.470  2.059 0.4000000060
34097  -27.095  -66.945  2.643 0.6000000238
34110  -26.888  -66.371  2.210 0.5000000000
36140  -27.945  -64.649  1.379 0.5000000000
164365  -28.732  -62.452  1.431 0.5000000000
39249  -28.767  -61.595  1.748 0.4000000060
41065  -28.886  -60.001  2.599 0.4000000060
159556  -28.548  -58.063  3.542 0.4000000060
42746  -29.160  -58.132  4.042 0.4000000060
42745  -28.660  -57.475  4.001 0.4000000060
44824  -29.333  -56.136  5.213 0.4000000060
44806  -29.846  -55.511  5.679 0.4000000060
142960  -29.552  -53.879  6.038 0.4000000060
48078  -29.001  -53.136  6.159 0.4000000060
49086  -29.229  -52.296  6.370 0.4000000060
153241  -29.012  -49.108  7.534 0.4000000060
30076  -34.750  -70.002  -0.094 0.8000000119
32060  -35.170  -68.945  0.587 0.8000000119
31058  -39.599  -69.403  -0.256 0.5000000000
31039  -34.020  -69.333  2.133 0.6999999881
33116  -35.708  -67.100  2.648 0.6999999881
33132  -39.815  -67.455  -0.723 0.6000000238
35130  -39.947  -65.507  -0.836 0.6999999881
34120  -38.140  -66.167  0.711 0.6999999881
35133  -41.099  -65.375  -1.125 0.6000000238
36155  -39.516  -64.772  -0.223 0.6000000238
35126  -38.413  -65.573  0.656 0.6000000238
34101  -31.240  -66.225  3.956 0.6999999881
37150  -41.439  -63.916  -0.850 0.5000000000
34100  -30.388  -66.177  3.679 0.6000000238
143731  -40.945  -67.140  1.314 0.5000000000
35128  -41.471  -65.712  0.887 0.5000000000
37138  -40.997  -63.188  1.327 0.3000000119
38209  -37.681  -62.367  0.062 0.5000000000
156460  -31.072  -64.568  1.084 0.6000000238
38204  -34.381  -62.880  0.260 0.5000000000
146619  -36.939  -59.286  0.280 0.4000000060
39259  -35.130  -61.478  0.662 0.4000000060
42765  -39.304  -57.028  -0.944 0.4000000060
41943  -35.864  -58.248  0.770 0.4000000060
41067  -34.302  -59.379  2.506 0.4000000060
42734  -29.365  -57.500  4.638 0.4000000060
43685  -35.012  -56.870  1.394 0.4000000060
21868  -20.859  -77.044  -2.291 0.4000000060
21885  -21.486  -77.606  -2.799 0.4000000060
21887  -23.433  -78.278  -2.550 0.4000000060
21898  -23.680  -78.864  -3.272 0.4000000060
22912  -23.096  -77.788  -1.382 0.4000000060
21869  -23.638  -78.146  -1.891 0.4000000060
153192  -25.089  -78.713  -2.834 0.4000000060
139832  -25.591  -78.597  -1.739 0.4000000060
21901  -27.076  -78.820  -4.019 0.5000000000
158356  -23.950  -78.166  -1.196 0.4000000060
163116  -24.766  -78.462  -1.157 0.4000000060
21871  -26.772  -78.811  -2.062 0.5000000000
21872  -27.697  -78.678  -2.361 0.5000000000
22913  -28.461  -77.307  -2.872 0.6000000238
21834  -24.242  -78.717  0.195 0.4000000060
21852  -24.460  -78.485  -0.552 0.4000000060
137250  -27.170  -78.974  -0.351 0.4000000060
21891  -28.132  -77.677  -3.585 0.5000000000
29104  -40.209  -70.801  0.413 0.3000000119
155745  -40.166  -71.024  0.593 0.4000000060
33118  -40.208  -67.628  2.283 0.3000000119
22922  -28.376  -77.458  -3.984 0.5000000000
27101  -37.312  -73.625  -1.862 0.5000000000
28149  -39.362  -73.104  -1.201 0.4000000060
20889  -27.766  -78.979  1.434 0.4000000060
138006  -27.497  -78.800  -1.348 0.5000000000
137407  -28.227  -78.546  -1.731 0.5000000000
20888  -26.444  -79.343  1.306 0.4000000060
21836  -26.057  -78.965  -0.134 0.4000000060
22920  -28.708  -76.693  -3.484 0.6000000238
23944  -30.323  -76.119  -2.855 0.6000000238
25027  -32.220  -75.433  -2.313 0.6999999881
27092  -37.503  -73.005  -1.380 0.5000000000
23945  -31.613  -76.068  -2.894 0.6999999881
25022  -34.371  -75.345  -2.423 0.6999999881
25028  -33.285  -75.565  -2.506 0.6999999881
26092  -34.223  -74.528  -1.651 0.6999999881
21855  -28.260  -78.600  -0.726 0.5000000000
22900  -28.764  -78.058  -1.712 0.6000000238
23940  -28.851  -76.077  -2.365 0.6000000238
25020  -30.394  -75.178  -1.745 0.6000000238
163645  -27.213  -79.158  1.150 0.4000000060
160959  -28.569  -78.448  -0.046 0.5000000000
23934  -29.158  -76.326  -1.454 0.6000000238
25025  -29.740  -75.681  -2.220 0.6000000238
158571  -31.409  -75.127  -1.883 0.6000000238
160070  -32.184  -74.734  -1.673 0.6000000238
149202  -40.443  -66.967  2.191 0.3000000119
25026  -30.970  -75.607  -2.290 0.6000000238
25021  -33.214  -75.022  -1.916 0.6999999881
27091  -36.392  -73.037  -1.210 0.6000000238
28143  -37.353  -72.306  -0.764 0.5000000000
22880  -29.452  -76.897  1.465 0.6000000238
23924  -29.500  -76.501  0.481 0.6000000238
25006  -29.143  -75.507  0.114 0.6999999881
145151  -28.808  -75.200  -1.198 0.6000000238
26090  -31.133  -74.533  -1.508 0.6000000238
21819  -28.411  -78.605  1.399 0.5000000000
21837  -28.948  -78.086  -0.563 0.6000000238
151509  -32.808  -73.453  -1.079 0.6000000238
27098  -33.613  -73.581  -1.152 0.6999999881
153108  -34.927  -73.133  -0.992 0.6999999881
27099  -34.681  -73.745  -1.284 0.6999999881
29120  -37.060  -71.383  -0.375 0.6000000238
27090  -35.503  -72.920  -0.977 0.6999999881
24994  -28.669  -74.968  0.900 0.6000000238
25005  -28.218  -74.633  -0.259 0.6999999881
27086  -27.998  -73.561  -0.700 0.6999999881
25016  -28.453  -74.737  -0.774 0.6999999881
28146  -30.703  -72.986  -0.803 0.6000000238
138733  -35.988  -70.786  -0.435 0.5000000000
27097  -32.304  -73.014  -0.864 0.6999999881
27089  -34.043  -72.864  -0.888 0.6999999881
28142  -35.766  -72.370  -0.772 0.6000000238
29114  -29.795  -71.719  -0.398 0.6999999881
158345  -32.705  -70.712  0.177 0.6999999881
28137  -28.753  -71.995  -0.486 0.6999999881
152592  -30.450  -71.922  -0.612 0.6000000238
29116  -31.946  -71.583  -0.500 0.5000000000
27087  -28.920  -72.820  -0.720 0.6999999881
28147  -31.024  -72.302  -0.754 0.6000000238
138583  -32.801  -71.708  -0.683 0.6999999881
137229  -34.966  -70.653  -0.397 0.5000000000
147066  -31.516  -73.001  -0.842 0.6000000238
148282  -33.687  -71.928  -0.770 0.6999999881
28141  -34.731  -72.284  -0.739 0.6000000238
30074  -32.083  -70.826  0.692 0.6999999881
30067  -32.315  -70.599  1.628 0.6999999881
29117  -33.476  -71.188  -0.516 0.6000000238
29111  -33.380  -70.654  -0.139 0.6999999881
28148  -38.596  -72.940  -1.307 0.5000000000
22918  -22.235  -77.313  -2.290 0.4000000060
21889  -26.944  -78.729  -3.132 0.4000000060
20906  -25.784  -79.173  0.678 0.4000000060
21854  -26.391  -78.741  -1.018 0.4000000060
20907  -26.757  -79.152  0.531 0.4000000060
26093  -35.246  -74.887  -2.241 0.6999999881
27100  -35.860  -73.624  -1.450 0.6999999881
25019  -29.283  -75.314  -1.539 0.6000000238
26089  -29.825  -74.419  -1.316 0.6000000238
150027  -29.357  -77.450  0.784 0.6999999881
153530  -29.368  -76.194  -0.467 0.6000000238
27094  -28.848  -73.900  -0.988 0.6000000238
139668  -29.577  -72.067  -0.647 0.6999999881
28140  -31.993  -72.195  -0.783 0.6000000238
29115  -30.939  -71.541  -0.306 0.6000000238
27075  -27.194  -73.447  -0.354 0.5000000000
21805  -28.574  -78.538  2.130 0.4000000060
24995  -29.057  -75.526  1.771 0.5000000000
28128  -27.163  -72.285  -0.157 0.6000000238
21795  -28.343  -78.787  2.937 0.4000000060
141062  -28.767  -78.086  3.426 0.5000000000
22865  -29.234  -77.228  2.334 0.5000000000
156868  -27.845  -74.527  1.216 0.5000000000
27074  -26.747  -73.153  -0.013 0.5000000000
142060  -27.772  -72.159  0.951 0.5000000000
143945  -27.573  -74.284  0.376 0.5000000000
29107  -29.009  -71.645  -0.059 0.6000000238
29100  -30.427  -71.406  0.852 0.5000000000
28121  -28.302  -71.859  0.473 0.5000000000
29092  -30.391  -71.520  1.655 0.6999999881
28110  -28.660  -72.041  1.494 0.6000000238
29093  -31.146  -71.341  2.110 0.6000000238
142020  -28.391  -78.725  3.909 0.5000000000
22844  -28.842  -77.072  3.796 0.5000000000
24971  -28.158  -75.082  2.752 0.5000000000
26058  -26.733  -73.814  1.568 0.5000000000
141322  -27.122  -73.999  1.055 0.5000000000
30066  -31.590  -71.013  1.415 0.6000000238
28109  -27.838  -72.431  1.884 0.6000000238
147075  -30.502  -71.530  2.638 0.5000000000
30047  -31.577  -70.502  3.451 0.6000000238
143604  -28.738  -78.014  4.283 0.5000000000
24953  -27.695  -75.081  3.500 0.5000000000
26049  -26.749  -74.601  3.275 0.5000000000
26059  -26.676  -74.269  2.334 0.5000000000
28100  -27.080  -72.827  2.214 0.5000000000
30056  -31.821  -70.788  2.456 0.6000000238
144684  -28.819  -72.317  2.798 0.5000000000
29083  -30.586  -71.325  3.437 0.6000000238
22824  -28.643  -77.840  5.108 0.5000000000
157787  -28.044  -75.574  4.177 0.5000000000
24952  -27.146  -75.053  4.255 0.5000000000
26034  -26.136  -74.533  3.808 0.5000000000
26047  -25.574  -73.810  4.145 0.6000000238
26048  -26.226  -74.180  3.084 0.4000000060
28089  -25.379  -72.882  4.791 0.4000000060
28099  -26.279  -73.427  3.318 0.5000000000
28090  -27.076  -72.943  3.666 0.5000000000
27054  -26.432  -73.454  2.363 0.4000000060
29063  -26.202  -71.862  5.424 0.4000000060
154948  -27.257  -71.847  5.371 0.5000000000
28082  -27.761  -72.219  4.806 0.5000000000
153451  -25.997  -71.111  5.551 0.4000000060
28091  -28.274  -72.422  3.815 0.6000000238
29075  -30.216  -71.102  4.157 0.6000000238
30037  -31.215  -69.931  4.195 0.6000000238
31018  -30.730  -69.169  4.899 0.6000000238
155095  -26.176  -72.993  4.288 0.5000000000
30023  -27.698  -70.554  5.572 0.5000000000
31008  -29.115  -69.490  5.414 0.5000000000
149719  -28.115  -71.386  5.408 0.5000000000
31005  -25.846  -69.776  4.947 0.4000000060
32014  -27.452  -69.157  4.886 0.5000000000
30024  -28.793  -70.410  5.407 0.6000000238
29066  -29.006  -71.193  5.078 0.6000000238
31009  -29.909  -69.366  5.204 0.6000000238
32015  -28.546  -68.940  5.248 0.5000000000
34096  -26.604  -66.838  2.830 0.3000000119
33089  -26.468  -67.931  3.938 0.4000000060
32013  -26.317  -69.198  4.581 0.4000000060
32016  -29.497  -68.828  5.319 0.5000000000
32017  -30.117  -68.267  5.136 0.6000000238
40181  -28.311  -60.717  2.196 0.3000000119
39248  -27.544  -61.566  2.094 0.3000000119
37128  -27.720  -63.841  1.420 0.4000000060
36139  -27.241  -64.457  1.545 0.4000000060
41926  -28.105  -58.474  3.073 0.3000000119
44823  -28.457  -55.952  4.522 0.3000000119
43669  -28.205  -56.768  3.941 0.3000000119
141638  -28.259  -55.052  4.892 0.3000000119
44805  -29.029  -55.367  5.386 0.3000000119
45943  -28.846  -54.577  5.614 0.3000000119
47026  -28.613  -53.850  5.707 0.3000000119
48064  -28.227  -52.522  6.027 0.3000000119
50052  -29.030  -51.099  7.038 0.3000000119
33090  -27.121  -67.961  3.759 0.5000000000
41054  -28.446  -59.249  2.836 0.3000000119
29108  -30.115  -71.472  0.131 0.5000000000
23901  -28.914  -75.644  2.565 0.5000000000
28101  -27.787  -72.633  2.875 0.5000000000
30036  -30.346  -70.133  4.675 0.6000000238
27102  -38.621  -73.632  -2.013 0.3000000119
153043  -35.095  -75.828  -3.254 0.6000000238
26098  -36.482  -74.756  -2.739 0.6000000238
28113  -37.919  -71.912  1.982 0.3000000119
29102  -38.971  -71.702  1.500 0.3000000119
28123  -39.569  -72.096  0.703 0.3000000119
28124  -40.088  -71.761  0.288 0.3000000119
27078  -39.270  -73.517  -0.296 0.3000000119
27079  -39.671  -72.940  -0.321 0.3000000119
161015  -40.225  -72.021  0.012 0.3000000119
25029  -35.813  -75.303  -2.994 0.6000000238
26095  -38.426  -74.302  -2.572 0.5000000000
29095  -37.696  -71.298  2.549 0.3000000119
30060  -39.000  -70.370  2.277 0.3000000119
30068  -39.266  -71.043  1.702 0.3000000119
30069  -39.979  -70.511  1.425 0.3000000119
26086  -39.598  -73.917  -1.201 0.3000000119
26087  -39.524  -73.658  -1.362 0.3000000119
26096  -39.308  -74.289  -2.259 0.4000000060
20871  -28.026  -79.026  2.101 0.4000000060
29087  -37.224  -70.993  3.109 0.3000000119
30059  -38.016  -70.652  2.787 0.3000000119
31031  -38.588  -69.133  3.390 0.3000000119
31040  -39.119  -69.513  2.648 0.3000000119
20064  -25.433  -80.209  -4.204 0.5000000000
20076  -26.684  -80.055  -4.701 0.5000000000
20954  -22.337  -79.084  -3.478 0.4000000060
20956  -23.944  -79.752  -3.787 0.4000000060
138768  -24.704  -80.039  -4.131 0.4000000060
20043  -25.290  -80.577  -3.434 0.5000000000
149494  -29.718  -78.877  -4.844 0.5000000000
140391  -28.515  -79.670  -5.207 0.5000000000
20961  -26.639  -79.785  -4.710 0.5000000000
137483  -27.313  -79.895  -4.957 0.5000000000
21899  -24.609  -79.332  -3.674 0.4000000060
22933  -32.198  -77.760  -4.619 0.6000000238
22932  -31.007  -77.661  -4.449 0.6000000238
161355  -30.285  -77.798  -4.497 0.5000000000
21906  -28.861  -78.803  -4.713 0.5000000000
143763  -25.531  -79.211  -3.803 0.3000000119
21904  -26.662  -79.304  -4.401 0.4000000060
21905  -28.071  -78.536  -4.479 0.5000000000
23952  -34.881  -76.805  -4.201 0.6000000238
22925  -31.661  -77.137  -4.004 0.6000000238
158340  -30.660  -77.056  -3.892 0.6000000238
21902  -27.783  -78.313  -4.132 0.4000000060
22930  -28.691  -77.835  -4.383 0.5000000000
147419  -35.650  -76.321  -3.922 0.6000000238
26078  -39.025  -74.243  -0.668 0.3000000119
25031  -38.190  -75.596  -3.542 0.4000000060
25033  -33.927  -75.989  -3.002 0.6000000238
22923  -29.061  -77.138  -4.080 0.4000000060
27077  -38.170  -73.797  0.298 0.3000000119
28130  -38.415  -73.115  0.686 0.3000000119
26085  -39.407  -74.341  -1.629 0.3000000119
25030  -37.267  -75.311  -3.533 0.5000000000
23946  -32.803  -76.036  -2.985 0.6000000238
157388  -34.586  -76.324  -3.560 0.6000000238
23951  -33.599  -76.631  -3.654 0.6000000238
145785  -39.115  -74.958  -2.111 0.3000000119
22934  -33.367  -77.897  -4.807 0.5000000000
22935  -35.384  -77.527  -4.735 0.5000000000
23955  -36.175  -76.912  -4.515 0.5000000000
22936  -36.683  -77.813  -4.774 0.4000000060
23956  -37.251  -76.992  -4.433 0.5000000000
21916  -35.163  -78.966  -5.464 0.5000000000
21909  -33.922  -78.731  -5.308 0.5000000000
21917  -36.237  -79.235  -5.455 0.4000000060
22928  -37.556  -77.658  -4.093 0.4000000060
22938  -37.833  -76.980  -4.155 0.4000000060
23953  -36.902  -76.363  -4.234 0.5000000000
21907  -31.636  -78.437  -4.913 0.5000000000
21908  -32.732  -78.526  -5.083 0.5000000000
160306  -38.088  -76.364  -3.872 0.4000000060
16037  -22.072  -84.617  1.831 0.3000000119
148880  -22.542  -85.120  1.737 0.3000000119
16039  -23.791  -84.807  2.281 0.3000000119
17043  -24.620  -83.827  2.574 0.3000000119
18009  -26.000  -83.388  2.644 0.4000000060
17062  -23.917  -83.521  2.231 0.3000000119
162853  -23.608  -83.177  1.823 0.3000000119
18010  -27.282  -82.902  2.405 0.4000000060
18025  -25.930  -82.659  1.897 0.4000000060
160434  -24.563  -83.163  2.161 0.3000000119
18043  -23.782  -82.515  0.607 0.3000000119
18028  -28.559  -82.436  1.660 0.4000000060
156658  -28.585  -81.911  0.831 0.4000000060
160568  -26.267  -82.310  1.262 0.4000000060
149203  -25.021  -82.708  1.629 0.4000000060
18044  -24.672  -82.402  0.709 0.4000000060
164496  -31.778  -82.857  -1.612 0.3000000119
18049  -29.929  -82.253  0.329 0.4000000060
147168  -29.744  -81.998  -0.413 0.4000000060
19054  -28.142  -81.686  0.157 0.4000000060
19072  -27.569  -81.399  -0.675 0.4000000060
19052  -25.932  -81.830  -0.158 0.4000000060
19051  -25.117  -82.045  -0.112 0.4000000060
18098  -32.355  -83.024  -3.463 0.3000000119
146306  -30.635  -82.388  -1.327 0.4000000060
19097  -29.407  -81.626  -1.968 0.4000000060
19074  -29.176  -81.665  -0.895 0.4000000060
148783  -28.284  -81.288  -1.537 0.4000000060
139724  -28.490  -81.101  -2.590 0.4000000060
145224  -26.791  -81.237  -1.073 0.4000000060
19118  -27.589  -80.826  -2.491 0.4000000060
19071  -26.115  -81.450  -1.024 0.4000000060
155597  -24.711  -81.851  -0.819 0.4000000060
18129  -32.404  -82.403  -4.437 0.4000000060
19121  -30.175  -81.753  -2.770 0.4000000060
19119  -28.541  -80.820  -3.520 0.4000000060
20046  -27.866  -80.746  -3.228 0.4000000060
19093  -24.767  -81.499  -1.594 0.4000000060
19095  -26.319  -80.977  -1.781 0.4000000060
19069  -24.003  -81.879  -1.232 0.4000000060
19136  -30.296  -81.448  -3.609 0.4000000060
19149  -30.169  -80.954  -4.453 0.4000000060
20078  -29.202  -80.535  -4.949 0.4000000060
20067  -27.665  -80.540  -4.070 0.4000000060
19115  -24.915  -80.973  -2.450 0.4000000060
20044  -26.151  -80.520  -3.620 0.4000000060
20080  -30.945  -80.874  -4.798 0.4000000060
148284  -30.859  -80.030  -5.409 0.4000000060
20963  -29.351  -79.635  -5.283 0.4000000060
20968  -34.630  -79.798  -5.722 0.4000000060
20966  -31.676  -79.926  -5.414 0.4000000060
21914  -32.153  -79.267  -5.257 0.4000000060
20971  -36.955  -79.460  -5.197 0.3000000119
21894  -37.342  -78.017  -3.728 0.3000000119
135876  -27.563  -80.169  -4.871 0.4000000060
21915  -33.251  -79.446  -5.439 0.4000000060
22921  -37.663  -77.320  -3.580 0.3000000119
21913  -31.185  -79.283  -5.150 0.4000000060
18027  -27.704  -82.490  1.883 0.4000000060
18047  -27.683  -82.043  1.010 0.4000000060
19053  -27.349  -81.706  0.165 0.4000000060
18045  -25.650  -82.244  0.841 0.4000000060
142252  -31.976  -82.856  -2.450 0.4000000060
18066  -30.511  -82.410  -0.477 0.4000000060
17112  -32.772  -83.478  -3.003 0.3000000119
19073  -28.473  -81.556  -0.558 0.4000000060
18130  -33.203  -83.142  -4.931 0.3000000119
158514  -31.617  -82.515  -2.997 0.4000000060
18081  -30.357  -82.166  -1.956 0.4000000060
160755  -29.784  -81.403  -3.275 0.4000000060
19150  -32.048  -81.518  -4.648 0.4000000060
20079  -29.936  -80.449  -5.201 0.4000000060
19116  -25.753  -80.760  -2.632 0.4000000060
20083  -29.009  -80.124  -5.379 0.4000000060
20967  -32.582  -80.131  -5.435 0.4000000060
17064  -30.823  -83.038  1.424 0.3000000119
16044  -28.893  -84.389  2.640 0.3000000119
16043  -28.035  -84.416  2.751 0.3000000119
146387  -29.194  -83.716  2.556 0.3000000119
17063  -30.200  -82.980  1.891 0.3000000119
17046  -27.641  -83.607  2.747 0.3000000119
18012  -28.950  -83.118  2.309 0.3000000119
18050  -30.738  -82.666  0.525 0.3000000119
18030  -30.112  -82.588  1.203 0.3000000119
158875  -31.247  -82.641  -1.063 0.3000000119
19151  -32.957  -82.354  -5.010 0.3000000119
159680  -34.065  -81.216  -5.681 0.3000000119
144267  -33.730  -80.415  -5.644 0.3000000119
159517  -35.715  -79.734  -5.740 0.3000000119
17089  -31.887  -83.048  -0.888 0.3000000119
20085  -33.109  -80.990  -5.362 0.3000000119
16038  -22.966  -84.783  2.144 0.3000000119
17042  -23.403  -84.222  2.352 0.3000000119
17047  -28.486  -83.663  2.654 0.3000000119
17061  -23.208  -83.553  2.014 0.3000000119
17076  -31.556  -83.231  0.739 0.3000000119
18008  -25.231  -83.236  2.404 0.3000000119
18011  -28.122  -82.961  2.391 0.4000000060
18023  -23.237  -82.974  1.366 0.3000000119
18024  -24.105  -82.849  1.553 0.3000000119
18026  -26.862  -82.430  1.664 0.4000000060
18029  -29.499  -82.724  1.801 0.3000000119
18046  -26.633  -82.003  0.631 0.4000000060
18048  -29.325  -82.198  1.019 0.4000000060
18064  -24.303  -82.157  -0.207 0.4000000060
18065  -29.954  -82.058  -1.173 0.4000000060
18067  -31.353  -82.797  -0.187 0.3000000119
18082  -31.193  -82.532  -1.920 0.4000000060
18097  -31.044  -82.007  -3.284 0.4000000060
18115  -31.952  -82.434  -3.760 0.4000000060
18116  -32.735  -83.121  -4.329 0.3000000119
19055  -29.090  -81.767  0.106 0.4000000060
19070  -25.365  -81.645  -0.926 0.4000000060
19094  -25.506  -81.186  -1.745 0.4000000060
19096  -27.199  -80.981  -1.670 0.4000000060
19117  -26.659  -80.705  -2.611 0.4000000060
19120  -29.307  -81.303  -2.970 0.4000000060
19137  -31.275  -81.606  -4.097 0.4000000060
19148  -29.404  -80.953  -3.872 0.4000000060
19153  -32.726  -81.518  -5.082 0.3000000119
19154  -33.683  -81.984  -5.496 0.3000000119
20045  -27.078  -80.586  -3.451 0.4000000060
20065  -26.095  -80.251  -4.366 0.5000000000
20066  -26.794  -80.355  -4.319 0.4000000060
20068  -28.433  -80.532  -4.507 0.4000000060
20075  -25.995  -80.015  -4.650 0.5000000000
20077  -28.062  -80.005  -5.260 0.5000000000
20084  -29.952  -80.083  -5.478 0.4000000060
20955  -23.121  -79.384  -3.484 0.4000000060
20957  -25.352  -79.812  -4.307 0.5000000000
20958  -26.048  -79.586  -4.432 0.5000000000
20962  -27.868  -79.472  -4.932 0.5000000000
20965  -30.253  -79.466  -5.238 0.4000000060
21818  -24.913  -79.147  0.862 0.4000000060
21835  -25.125  -78.809  0.065 0.4000000060
21853  -25.374  -78.650  -0.717 0.4000000060
21870  -24.554  -78.428  -1.857 0.4000000060
21873  -28.224  -78.249  -2.565 0.5000000000
21886  -22.716  -78.192  -2.956 0.4000000060
21888  -24.187  -78.547  -2.723 0.4000000060
21890  -27.658  -78.426  -3.373 0.5000000000
21897  -22.023  -78.350  -3.214 0.4000000060
21900  -26.341  -79.047  -3.883 0.3000000119
21910  -35.864  -78.383  -5.160 0.4000000060
21911  -36.724  -78.727  -5.121 0.4000000060
21912  -37.124  -78.556  -4.621 0.4000000060
22845  -29.118  -76.519  2.959 0.5000000000
22864  -28.863  -78.071  2.580 0.4000000060
22879  -29.078  -77.974  1.618 0.6000000238
22888  -28.928  -78.202  0.509 0.5000000000
22889  -29.402  -77.270  -0.283 0.6000000238
22901  -29.159  -77.451  -1.249 0.6000000238
22914  -28.857  -76.866  -2.243 0.6000000238
22919  -22.943  -77.659  -2.111 0.4000000060
22924  -30.016  -77.316  -4.167 0.5000000000
22926  -32.843  -77.237  -4.137 0.6000000238
22927  -34.080  -77.339  -4.435 0.6000000238
22929  -37.929  -76.928  -3.884 0.4000000060
22931  -29.554  -77.934  -4.531 0.5000000000
22937  -37.414  -77.576  -4.382 0.4000000060
23862  -27.951  -75.759  4.944 0.5000000000
23863  -28.467  -76.354  4.434 0.5000000000
23883  -28.608  -75.816  3.533 0.5000000000
23902  -29.334  -76.220  2.108 0.5000000000
23915  -29.397  -75.845  1.180 0.6000000238
23939  -28.594  -76.438  -3.025 0.6000000238
23943  -29.019  -76.110  -2.876 0.6000000238
23948  -29.683  -76.595  -3.596 0.4000000060
23949  -31.016  -76.598  -3.438 0.6999999881
23950  -32.249  -76.593  -3.519 0.6000000238
23954  -37.709  -76.517  -4.168 0.4000000060
24970  -27.292  -74.692  2.766 0.5000000000
24985  -28.414  -75.043  1.891 0.5000000000
25017  -28.861  -75.368  -0.956 0.6000000238
25024  -29.044  -75.821  -2.108 0.6000000238
25032  -38.298  -75.875  -3.295 0.3000000119
25034  -36.436  -75.797  -3.724 0.6000000238
25035  -37.639  -75.937  -4.005 0.5000000000
26033  -25.654  -74.295  4.281 0.6000000238
26075  -27.013  -73.720  0.185 0.5000000000
26076  -27.441  -74.028  -0.151 0.5000000000
26084  -27.843  -74.138  -0.470 0.6999999881
26088  -28.804  -74.699  -1.134 0.6000000238
26091  -33.011  -74.227  -1.421 0.6999999881
26094  -36.967  -74.211  -2.328 0.6000000238
26097  -39.653  -74.013  -1.782 0.3000000119
26099  -37.957  -74.847  -3.153 0.5000000000
26100  -38.917  -75.060  -2.989 0.4000000060
27035  -25.733  -73.431  4.161 0.6000000238
27045  -26.069  -73.808  3.246 0.4000000060
27065  -26.580  -73.366  1.541 0.5000000000
27066  -26.694  -73.341  0.712 0.5000000000
27085  -26.929  -72.752  -0.241 0.6000000238
27088  -33.035  -72.612  -0.863 0.6999999881
27093  -39.577  -73.476  -0.869 0.3000000119
27095  -29.881  -73.414  -0.861 0.6000000238
27096  -30.858  -73.698  -1.109 0.6000000238
27103  -39.345  -73.668  -1.786 0.3000000119
28080  -25.306  -72.335  5.313 0.4000000060
28081  -26.737  -72.437  4.894 0.5000000000
28092  -29.119  -72.128  3.816 0.6000000238
28107  -26.626  -72.986  1.695 0.5000000000
28108  -27.068  -72.577  1.054 0.5000000000
28119  -26.654  -72.898  0.968 0.5000000000
28120  -27.375  -72.159  0.287 0.5000000000
28129  -27.925  -71.958  -0.150 0.6000000238
28131  -39.379  -72.787  0.311 0.3000000119
28132  -39.967  -72.342  0.069 0.3000000119
28133  -40.224  -71.904  -0.011 0.3000000119
28136  -27.693  -72.604  -0.462 0.5000000000
28138  -30.097  -72.527  -0.716 0.6000000238
28139  -31.270  -71.873  -0.614 0.5000000000
28144  -39.505  -72.497  -0.521 0.5000000000
28145  -39.911  -72.351  -0.137 0.3000000119
28150  -39.559  -73.085  -0.752 0.4000000060
29064  -27.056  -71.267  5.603 0.5000000000
29065  -28.726  -71.918  4.666 0.6000000238
29074  -29.500  -71.519  4.371 0.6000000238
29082  -29.833  -71.753  3.353 0.5000000000
29084  -31.182  -71.192  3.019 0.6000000238
29091  -29.642  -71.812  2.128 0.6000000238
29096  -38.476  -71.183  2.178 0.3000000119
29099  -29.492  -71.611  0.884 0.6999999881
29101  -30.984  -71.328  1.313 0.6000000238
29103  -39.780  -71.376  1.011 0.3000000119
29109  -31.165  -71.295  0.492 0.5000000000
29110  -32.694  -71.104  -0.382 0.6999999881
29112  -40.180  -71.584  0.117 0.3000000119
29118  -34.324  -71.315  -0.573 0.5000000000
29119  -35.296  -71.510  -0.564 0.6000000238
29121  -38.169  -72.003  -0.574 0.5000000000
30022  -26.525  -70.553  5.441 0.4000000060
30025  -29.555  -69.959  5.194 0.6000000238
30035  -29.612  -70.701  4.876 0.6000000238
30046  -30.917  -70.765  3.861 0.6000000238
30051  -38.337  -69.880  3.078 0.3000000119
30057  -32.487  -70.399  2.422 0.6000000238
30061  -39.817  -69.882  2.087 0.3000000119
30070  -40.504  -70.136  0.904 0.4000000060
30078  -40.427  -69.995  0.589 0.4000000060
30079  -34.124  -70.627  -0.300 0.8000000119
30081  -37.813  -70.175  -0.306 0.5000000000
30084  -40.175  -71.383  0.050 0.3000000119
31006  -27.039  -69.863  5.183 0.5000000000
31007  -28.169  -69.721  5.417 0.5000000000
31019  -31.748  -69.142  4.308 0.6999999881
31038  -33.488  -69.633  2.477 0.6999999881
31047  -33.704  -69.756  1.616 0.6999999881
31052  -34.584  -69.460  0.557 0.8000000119
31054  -36.033  -69.159  -0.195 0.8000000119
32027  -26.745  -68.570  4.209 0.4000000060
32028  -27.799  -68.454  4.518 0.6000000238
32040  -32.613  -68.791  4.056 0.6999999881
32041  -33.418  -68.396  3.830 0.6999999881
32050  -33.867  -68.989  2.928 0.6999999881
32052  -35.287  -68.297  1.874 0.6999999881
32053  -40.659  -68.371  1.394 0.4000000060
32056  -34.846  -68.826  1.202 0.8000000119
32059  -40.746  -68.802  1.047 0.5000000000
32063  -37.184  -68.187  -0.357 0.6999999881
33091  -29.366  -67.504  4.577 0.6000000238
33092  -30.513  -67.465  4.743 0.6999999881
33094  -32.394  -67.531  4.432 0.6999999881
33095  -33.186  -67.549  4.248 0.6999999881
33103  -26.759  -67.424  3.269 0.4000000060
33104  -27.514  -67.364  3.271 0.5000000000
33108  -35.115  -67.003  3.315 0.6999999881
33110  -39.773  -67.843  2.626 0.3000000119
33115  -35.007  -67.809  2.762 0.6999999881
33117  -36.450  -66.856  2.030 0.6999999881
33122  -37.203  -67.052  0.575 0.6999999881
33124  -41.144  -67.057  0.821 0.5000000000
33126  -37.520  -67.484  -0.224 0.6999999881
33129  -41.204  -66.757  0.160 0.5000000000
33133  -40.637  -67.016  -0.485 0.6000000238
34085  -31.836  -66.796  4.317 0.6999999881
34102  -32.026  -65.971  3.756 0.6999999881
34103  -34.606  -66.420  3.629 0.6999999881
34116  -40.910  -66.244  1.572 0.4000000060
34117  -27.355  -65.986  1.736 0.5000000000
34118  -37.006  -66.613  1.435 0.6000000238
34119  -37.590  -66.389  1.029 0.6000000238
34122  -41.404  -66.298  0.583 0.5000000000
34123  -37.896  -66.753  0.201 0.8000000119
34125  -39.567  -66.225  -0.819 0.6999999881
34126  -41.419  -66.053  -0.176 0.6000000238
34129  -40.655  -66.063  -0.938 0.6000000238
34130  -41.160  -65.850  -0.782 0.6000000238
35103  -33.872  -65.682  3.612 0.6999999881
35114  -30.132  -65.363  2.017 0.5000000000
35117  -36.366  -65.237  2.452 0.6000000238
35121  -27.117  -65.273  1.615 0.5000000000
35123  -29.046  -65.340  1.623 0.6000000238
35124  -29.792  -65.250  1.643 0.5000000000
35129  -39.199  -65.512  -0.046 0.6999999881
35134  -41.441  -65.354  -0.609 0.6000000238
36132  -33.285  -64.455  1.901 0.6000000238
36133  -34.356  -64.339  1.965 0.5000000000
36134  -35.493  -64.474  2.202 0.5000000000
36141  -28.898  -64.795  1.252 0.5000000000
36150  -41.519  -64.860  1.025 0.4000000060
36152  -37.006  -63.629  0.847 0.6000000238
36154  -38.678  -64.765  0.487 0.6000000238
36159  -41.054  -64.763  -1.218 0.5000000000
36160  -41.391  -64.655  -0.900 0.6000000238
37131  -31.207  -64.163  0.747 0.5000000000
37132  -32.119  -64.110  0.642 0.5000000000
37142  -36.502  -63.060  0.534 0.5000000000
37145  -42.004  -62.941  -0.296 0.5000000000
37151  -41.812  -63.239  -0.465 0.5000000000
38184  -27.898  -62.320  1.654 0.3000000119
38185  -29.501  -62.329  1.474 0.5000000000
38186  -30.372  -62.335  1.553 0.5000000000
38189  -32.705  -62.463  1.373 0.4000000060
38194  -28.244  -63.106  1.355 0.5000000000
38200  -33.763  -62.845  0.456 0.5000000000
38206  -36.544  -62.198  0.299 0.5000000000
38208  -41.928  -62.337  -0.312 0.5000000000
38210  -38.618  -62.357  -0.284 0.5000000000
38211  -39.728  -62.477  -0.527 0.5000000000
38212  -40.876  -62.684  -0.638 0.5000000000
38213  -41.842  -62.536  -0.414 0.5000000000
39253  -32.454  -61.784  2.304 0.4000000060
39263  -35.997  -61.756  0.380 0.5000000000
39265  -37.296  -61.974  0.109 0.5000000000
39266  -41.897  -60.928  0.073 0.3000000119
39267  -41.966  -61.622  -0.201 0.3000000119
39268  -38.158  -61.821  -0.206 0.5000000000
40158  -32.024  -60.124  4.278 0.4000000060
40159  -32.782  -60.077  4.065 0.4000000060
40170  -30.655  -60.490  3.381 0.5000000000
40199  -39.390  -60.320  -0.684 0.4000000060
41042  -30.687  -59.334  4.621 0.4000000060
41045  -33.281  -58.823  4.120 0.4000000060
41064  -27.866  -59.912  2.353 0.3000000119
41066  -33.823  -59.701  3.265 0.4000000060
41076  -36.710  -60.121  0.332 0.4000000060
41079  -41.711  -59.519  -0.572 0.3000000119
41080  -38.324  -59.302  -0.373 0.4000000060
41082  -40.790  -58.790  -1.099 0.3000000119
41083  -41.555  -59.080  -0.921 0.4000000060
41927  -28.893  -58.711  3.452 0.4000000060
41945  -41.649  -58.546  -0.144 0.3000000119
41946  -41.720  -58.528  -0.749 0.3000000119
41948  -39.054  -57.970  -0.697 0.4000000060
42735  -29.872  -58.129  4.756 0.4000000060
42754  -39.113  -57.229  2.275 0.3000000119
42757  -40.449  -57.662  1.196 0.3000000119
43644  -31.103  -56.164  5.583 0.4000000060
43656  -28.900  -56.812  4.617 0.4000000060
43670  -32.915  -56.274  3.677 0.4000000060
43674  -38.513  -55.513  3.019 0.4000000060
43692  -38.741  -55.685  -0.411 0.3000000119
44807  -30.601  -55.495  5.672 0.4000000060
44849  -39.367  -54.939  2.326 0.4000000060
44860  -35.648  -55.010  1.194 0.5000000000
44867  -37.485  -55.241  0.375 0.3000000119
45944  -29.652  -54.785  5.861 0.4000000060
45946  -31.516  -54.683  4.945 0.4000000060
45959  -37.448  -54.616  4.823 0.4000000060
45960  -38.385  -54.066  4.276 0.4000000060
45985  -33.801  -54.309  2.112 0.5000000000
45988  -36.355  -54.422  1.199 0.4000000060
45999  -38.314  -54.510  0.432 0.4000000060
48080  -30.362  -52.633  5.636 0.4000000060
49073  -28.682  -51.731  6.571 0.3000000119
50989  -29.421  -49.212  7.082 0.4000000060
51001  -29.162  -50.471  7.231 0.3000000119
51015  -29.426  -49.678  5.347 0.5000000000
51920  -29.290  -48.535  7.534 0.4000000060
136022  -30.955  -82.273  -2.562 0.4000000060
136999  -29.078  -75.685  -1.595 0.6000000238
137086  -32.827  -70.443  0.967 0.8000000119
138025  -38.653  -72.420  1.168 0.3000000119
138214  -38.953  -72.502  -0.752 0.5000000000
138232  -40.155  -70.350  0.128 0.4000000060
138378  -31.997  -73.823  -1.207 0.6000000238
138798  -27.933  -78.829  0.509 0.4000000060
138958  -31.802  -80.623  -5.132 0.4000000060
139159  -26.652  -73.223  2.555 0.4000000060
139274  -26.783  -72.622  0.257 0.5000000000
140008  -33.265  -62.422  1.133 0.5000000000
141518  -27.323  -79.199  -4.551 0.5000000000
141535  -37.644  -55.980  3.606 0.4000000060
141578  -41.120  -59.535  -1.079 0.3000000119
141588  -41.021  -60.847  0.884 0.3000000119
142212  -37.269  -63.255  0.506 0.5000000000
142465  -31.925  -71.165  -0.060 0.6000000238
143812  -39.428  -70.186  -0.217 0.5000000000
144226  -26.055  -78.817  -2.928 0.4000000060
144597  -35.532  -74.350  -1.849 0.6999999881
145443  -36.295  -71.823  -0.568 0.6000000238
146253  -30.486  -64.483  0.950 0.5000000000
147225  -31.364  -64.796  1.668 0.6000000238
147700  -41.324  -64.059  1.178 0.3000000119
148423  -34.609  -78.108  -5.008 0.5000000000
148425  -30.531  -78.471  -4.786 0.5000000000
148582  -41.665  -63.998  -0.587 0.5000000000
148773  -26.441  -73.817  2.309 0.4000000060
149170  -39.090  -62.862  -0.334 0.5000000000
149189  -30.626  -80.334  -5.243 0.4000000060
149338  -37.754  -61.279  -0.086 0.5000000000
149526  -41.694  -60.654  -0.350 0.4000000060
149587  -24.066  -84.254  2.503 0.3000000119
149703  -37.303  -57.889  0.125 0.4000000060
149887  -36.394  -62.677  0.392 0.5000000000
151806  -26.732  -81.561  -0.340 0.4000000060
151831  -32.649  -57.865  4.711 0.4000000060
152475  -40.289  -66.113  2.331 0.4000000060
152492  -41.733  -64.178  0.479 0.5000000000
152503  -40.194  -66.023  -1.052 0.6000000238
153883  -27.633  -85.051  2.550 0.3000000119
155064  -28.451  -76.942  -3.489 0.6000000238
156785  -26.736  -65.895  1.850 0.5000000000
157340  -34.097  -63.333  0.267 0.5000000000
157579  -27.389  -74.531  1.935 0.5000000000
157974  -29.963  -51.397  5.786 0.4000000060
158163  -28.660  -77.237  4.608 0.5000000000
158810  -26.565  -82.907  2.358 0.4000000060
159163  -25.828  -74.156  3.658 0.5000000000
159382  -40.906  -63.374  -0.863 0.6000000238
159773  -30.277  -54.974  5.815 0.4000000060
159894  -25.840  -72.524  4.950 0.4000000060
160065  -36.629  -72.530  -0.915 0.6000000238
161197  -28.286  -79.130  -4.781 0.5000000000
161441  -31.435  -82.531  -2.473 0.4000000060
161663  -25.726  -80.398  -3.980 0.5000000000
161811  -26.884  -74.166  1.684 0.5000000000
162451  -28.408  -80.222  -5.156 0.4000000060
163222  -36.171  -70.111  -0.426 0.5000000000
163421  -28.995  -77.424  3.038 0.5000000000
164120  -28.305  -74.282  -0.769 0.6999999881
164249  -37.378  -56.867  3.626 0.4000000060
164541  -30.111  -68.890  5.244 0.6000000238
