#!ascii label  , from subject sub-v1s10x0051093_ses-1 vox2ras=TkReg
250
71632  26.172  -2.539  -36.413 0.0000000000
117944  22.895  -11.419  -35.464 0.0000000000
75762  25.435  2.134  -37.404 0.0000000000
82398  24.055  11.720  -38.881 0.0000000000
63918  20.733  -13.081  -35.007 0.0000000000
77198  28.530  4.444  -38.576 0.0000000000
78571  28.296  6.885  -38.568 0.0000000000
70162  22.868  -4.350  -36.644 0.0000000000
67961  24.252  -7.852  -35.663 0.0000000000
68773  26.557  -6.364  -36.881 0.0000000000
72458  28.294  -1.242  -37.621 0.0000000000
118962  28.129  -4.329  -37.936 0.0000000000
74043  25.976  0.253  -36.723 0.0000000000
74917  28.666  1.828  -38.135 0.0000000000
80874  24.761  9.416  -38.214 0.0000000000
80887  27.897  9.692  -38.932 0.0000000000
65415  24.362  -9.814  -35.635 0.0000000000
77875  27.370  6.114  -37.535 0.0000000000
78550  26.776  6.978  -37.447 0.0000000000
130803  24.574  -4.119  -36.277 0.0000000000
114894  25.406  -5.245  -36.301 0.0000000000
120501  26.228  -4.283  -36.524 0.0000000000
63917  21.542  -12.803  -35.050 0.0000000000
74066  25.253  0.856  -37.368 0.0000000000
74880  27.061  0.778  -36.591 0.0000000000
74900  27.196  1.737  -36.744 0.0000000000
77220  28.565  4.614  -39.727 0.0000000000
76530  28.548  3.755  -39.469 0.0000000000
82399  23.213  11.670  -39.503 0.0000000000
80889  22.631  9.580  -39.637 0.0000000000
121519  24.532  10.980  -38.536 0.0000000000
83082  28.307  12.523  -41.535 0.0000000000
81716  28.287  10.819  -41.928 0.0000000000
81663  27.660  10.426  -39.047 0.0000000000
80922  28.334  10.075  -41.699 0.0000000000
80174  28.459  8.656  -41.158 0.0000000000
115770  25.686  -7.936  -36.028 0.0000000000
67133  24.733  -8.564  -35.738 0.0000000000
63206  20.127  -13.583  -34.763 0.0000000000
76497  27.437  3.536  -37.277 0.0000000000
133513  26.736  4.429  -37.315 0.0000000000
77898  28.199  5.609  -37.815 0.0000000000
126048  28.532  6.346  -40.298 0.0000000000
68756  22.540  -6.474  -35.796 0.0000000000
69461  24.300  -6.324  -35.775 0.0000000000
113625  25.381  -6.911  -36.230 0.0000000000
67958  26.334  -7.162  -36.622 0.0000000000
72443  27.413  -1.979  -36.712 0.0000000000
70850  27.325  -3.583  -36.962 0.0000000000
71663  28.603  -2.736  -38.436 0.0000000000
117100  24.141  -2.168  -36.811 0.0000000000
72460  23.924  -1.424  -37.262 0.0000000000
72445  25.958  -1.530  -36.458 0.0000000000
73246  27.448  -0.534  -36.568 0.0000000000
74083  28.645  0.407  -38.116 0.0000000000
116045  28.686  0.937  -40.092 0.0000000000
75779  28.599  2.645  -38.329 0.0000000000
124741  28.555  2.105  -39.722 0.0000000000
80118  24.980  8.571  -37.962 0.0000000000
83051  26.284  12.198  -38.709 0.0000000000
81655  26.140  10.668  -38.310 0.0000000000
80872  26.832  9.785  -38.156 0.0000000000
80107  26.761  8.396  -37.601 0.0000000000
80116  28.168  8.271  -38.638 0.0000000000
79367  28.483  7.797  -39.946 0.0000000000
65417  22.538  -10.354  -35.537 0.0000000000
67944  23.542  -8.387  -35.552 0.0000000000
70178  27.503  -5.167  -37.631 0.0000000000
68772  27.329  -6.281  -37.237 0.0000000000
78573  25.240  6.331  -37.756 0.0000000000
122302  24.853  7.080  -38.077 0.0000000000
70852  25.564  -3.364  -36.373 0.0000000000
120806  25.481  -4.283  -36.343 0.0000000000
70851  26.567  -3.518  -36.562 0.0000000000
62386  19.328  -14.932  -34.220 0.0000000000
62385  20.106  -14.873  -34.114 0.0000000000
63929  22.305  -12.075  -35.343 0.0000000000
74901  25.547  1.478  -37.296 0.0000000000
112282  26.146  1.850  -36.957 0.0000000000
77925  28.569  5.485  -40.052 0.0000000000
77230  28.449  4.751  -40.821 0.0000000000
81658  22.700  11.024  -39.621 0.0000000000
119681  23.481  10.833  -38.952 0.0000000000
82397  24.907  11.765  -38.521 0.0000000000
81700  28.444  10.753  -41.219 0.0000000000
80933  28.067  9.577  -42.502 0.0000000000
67113  25.703  -8.335  -35.883 0.0000000000
64690  21.123  -11.279  -35.388 0.0000000000
120919  25.748  4.179  -37.380 0.0000000000
77183  25.779  4.854  -37.456 0.0000000000
78572  28.115  6.468  -37.873 0.0000000000
78590  28.464  6.159  -39.300 0.0000000000
83666  23.946  13.248  -39.485 0.0000000000
112783  23.071  -5.831  -35.877 0.0000000000
115150  23.635  -5.147  -36.063 0.0000000000
129652  26.237  -5.898  -36.760 0.0000000000
69460  24.888  -5.877  -36.090 0.0000000000
69459  25.915  -6.492  -36.594 0.0000000000
68754  25.947  -7.199  -36.521 0.0000000000
68753  26.266  -6.945  -36.678 0.0000000000
62400  20.537  -14.224  -34.435 0.0000000000
72459  27.963  -1.980  -37.261 0.0000000000
124260  28.314  -2.088  -37.965 0.0000000000
71633  23.401  -2.760  -36.955 0.0000000000
73267  24.694  -0.002  -37.385 0.0000000000
73249  24.503  -0.822  -37.140 0.0000000000
72446  24.854  -1.471  -36.710 0.0000000000
73248  25.385  -0.672  -36.739 0.0000000000
122526  27.016  -1.306  -36.493 0.0000000000
73247  26.444  -0.601  -36.506 0.0000000000
116737  28.020  1.035  -36.760 0.0000000000
74063  28.376  0.352  -37.122 0.0000000000
74899  28.522  1.099  -37.584 0.0000000000
74096  28.661  0.477  -39.302 0.0000000000
74929  28.555  1.464  -39.277 0.0000000000
76513  28.403  3.959  -37.766 0.0000000000
116922  28.431  3.105  -37.730 0.0000000000
76512  28.564  3.460  -38.475 0.0000000000
75789  28.492  2.834  -39.388 0.0000000000
74940  28.553  1.587  -40.360 0.0000000000
80888  23.353  9.802  -39.060 0.0000000000
80120  23.245  8.729  -39.281 0.0000000000
80875  23.915  9.317  -38.709 0.0000000000
80119  24.140  8.613  -38.544 0.0000000000
83070  28.141  12.108  -40.665 0.0000000000
82405  27.070  11.962  -39.145 0.0000000000
82404  27.370  11.177  -39.101 0.0000000000
81662  28.101  10.049  -39.790 0.0000000000
117904  27.412  9.989  -38.525 0.0000000000
80871  27.545  9.322  -38.305 0.0000000000
80863  26.415  9.131  -37.787 0.0000000000
80862  27.168  8.917  -37.849 0.0000000000
80106  27.367  8.266  -37.716 0.0000000000
80870  28.050  8.929  -38.756 0.0000000000
121014  28.271  8.054  -41.971 0.0000000000
119866  28.505  7.912  -40.894 0.0000000000
79395  28.427  7.195  -41.518 0.0000000000
66268  21.694  -9.737  -35.477 0.0000000000
117258  23.692  -6.874  -35.609 0.0000000000
67962  23.015  -7.424  -35.539 0.0000000000
127018  24.667  -9.074  -35.701 0.0000000000
67114  23.886  -9.252  -35.635 0.0000000000
112045  24.262  -9.618  -35.625 0.0000000000
111447  23.526  -10.027  -35.630 0.0000000000
70869  27.899  -3.550  -37.594 0.0000000000
121781  27.579  -4.300  -37.499 0.0000000000
77877  25.582  5.593  -37.562 0.0000000000
77876  26.235  6.232  -37.452 0.0000000000
78549  27.598  7.034  -37.649 0.0000000000
70161  23.615  -4.247  -36.400 0.0000000000
124942  24.419  -4.894  -36.112 0.0000000000
63204  21.881  -13.495  -34.530 0.0000000000
63203  22.603  -13.561  -34.248 0.0000000000
120508  28.591  -1.003  -38.424 0.0000000000
72471  28.628  -1.907  -38.610 0.0000000000
74065  26.147  1.179  -36.869 0.0000000000
74918  28.259  1.801  -37.273 0.0000000000
76541  28.538  3.933  -40.475 0.0000000000
81657  24.206  10.106  -38.583 0.0000000000
82433  28.363  11.562  -41.568 0.0000000000
82417  28.261  11.244  -40.607 0.0000000000
81683  27.880  10.838  -39.844 0.0000000000
81682  28.319  10.459  -40.557 0.0000000000
80908  28.425  9.556  -40.765 0.0000000000
80886  28.247  9.219  -39.629 0.0000000000
127323  28.317  9.107  -41.833 0.0000000000
117471  25.003  -7.929  -35.828 0.0000000000
67132  25.272  -8.046  -35.855 0.0000000000
66278  25.189  -8.549  -35.774 0.0000000000
62401  19.719  -14.285  -34.462 0.0000000000
63919  20.068  -12.801  -35.010 0.0000000000
63931  20.776  -12.470  -35.201 0.0000000000
63930  21.470  -12.006  -35.373 0.0000000000
64689  22.176  -11.250  -35.506 0.0000000000
122572  25.614  2.939  -37.316 0.0000000000
75761  26.545  2.664  -36.932 0.0000000000
76498  26.177  3.571  -37.193 0.0000000000
77182  27.753  4.357  -37.512 0.0000000000
114882  26.570  5.384  -37.407 0.0000000000
114394  27.568  5.109  -37.526 0.0000000000
77199  28.324  4.799  -37.807 0.0000000000
77914  28.438  5.304  -39.024 0.0000000000
83054  22.891  12.365  -40.053 0.0000000000
83053  23.625  12.451  -39.427 0.0000000000
83052  24.472  12.526  -38.819 0.0000000000
68755  24.856  -7.362  -35.851 0.0000000000
67960  25.619  -7.637  -36.147 0.0000000000
67959  26.008  -7.462  -36.412 0.0000000000
67131  25.978  -7.814  -36.302 0.0000000000
71631  27.012  -2.710  -36.621 0.0000000000
71649  27.670  -2.764  -37.072 0.0000000000
71648  28.174  -2.742  -37.767 0.0000000000
70868  28.493  -3.482  -38.189 0.0000000000
71662  28.831  -2.839  -39.087 0.0000000000
70882  28.923  -3.469  -38.814 0.0000000000
70192  28.904  -4.111  -38.422 0.0000000000
70853  23.590  -3.498  -36.609 0.0000000000
120256  24.451  -3.098  -36.467 0.0000000000
121033  25.159  -2.324  -36.475 0.0000000000
72444  26.732  -1.992  -36.486 0.0000000000
73266  27.820  -1.233  -36.783 0.0000000000
120246  28.189  -0.442  -36.865 0.0000000000
74064  27.783  0.231  -36.612 0.0000000000
73265  28.495  -0.347  -37.782 0.0000000000
73277  28.674  -0.354  -38.808 0.0000000000
75760  27.776  2.575  -37.144 0.0000000000
75780  28.491  2.395  -37.731 0.0000000000
121345  28.470  2.176  -38.964 0.0000000000
79346  24.463  7.833  -38.315 0.0000000000
121462  25.371  12.505  -38.652 0.0000000000
123514  25.775  11.616  -38.474 0.0000000000
127714  25.334  11.075  -38.383 0.0000000000
81656  25.209  10.277  -38.224 0.0000000000
81654  27.035  10.600  -38.545 0.0000000000
118915  25.975  9.820  -38.028 0.0000000000
129948  25.402  9.707  -38.055 0.0000000000
80873  25.584  9.223  -37.863 0.0000000000
80108  25.903  8.504  -37.624 0.0000000000
79345  25.340  7.800  -37.735 0.0000000000
79322  26.309  7.743  -37.493 0.0000000000
79320  27.735  7.743  -37.814 0.0000000000
79344  28.107  7.724  -38.264 0.0000000000
80141  28.324  8.425  -39.360 0.0000000000
116487  28.462  7.002  -39.605 0.0000000000
79384  28.505  7.142  -40.553 0.0000000000
78605  28.473  6.567  -41.117 0.0000000000
120294  21.499  -10.542  -35.451 0.0000000000
67115  22.854  -8.863  -35.492 0.0000000000
66267  22.775  -9.573  -35.530 0.0000000000
112656  23.179  -10.746  -35.567 0.0000000000
70159  26.996  -4.564  -37.023 0.0000000000
128523  26.584  -4.916  -36.800 0.0000000000
70179  26.777  -5.560  -37.072 0.0000000000
69476  27.733  -5.619  -37.637 0.0000000000
69477  27.062  -6.011  -37.266 0.0000000000
124231  26.703  -6.608  -36.861 0.0000000000
70160  26.114  -5.040  -36.560 0.0000000000
74042  26.981  0.055  -36.497 0.0000000000
75763  24.823  2.647  -37.837 0.0000000000
77897  28.389  5.946  -38.362 0.0000000000
79321  27.145  7.707  -37.542 0.0000000000
79343  28.333  7.691  -39.033 0.0000000000
80117  27.781  8.476  -38.101 0.0000000000
80158  28.441  8.594  -40.288 0.0000000000
119271  28.655  1.069  -38.440 0.0000000000
120071  28.046  7.167  -37.950 0.0000000000
122856  25.790  7.027  -37.534 0.0000000000
126790  28.486  5.224  -38.182 0.0000000000
131291  28.464  10.240  -41.054 0.0000000000
131435  25.011  -3.694  -36.315 0.0000000000
