# transform file /out/sourcedata/freesurfer/sub-v1s0x0050642_ses-1/mri/transforms/cc_up.lta
# created by oscar.esteban on Mon Feb  9 17:27:21 2026

type      = 0 # LINEAR_VOX_TO_VOX
nxforms   = 1
mean      = 129.0000 135.0000 116.0000
sigma     = 10000.0000
1 4 4
9.965516328811646e-01 3.846405819058418e-02 -7.352195680141449e-02 3.745018720626831e+00 
-3.835980221629143e-02 9.992600679397583e-01 2.830046927556396e-03 1.569624137878418e+01 
7.357640564441681e-02 0.000000000000000e+00 9.972896575927734e-01 6.854005336761475e+00 
0.000000000000000e+00 0.000000000000000e+00 0.000000000000000e+00 1.000000000000000e+00 
src volume info
valid = 1  # volume info valid
filename = /out/sourcedata/freesurfer/sub-v1s0x0050642_ses-1/mri/norm.mgz
volume = 256 256 256
voxelsize = 1.000000000000000e+00 1.000000000000000e+00 1.000000000000000e+00
xras   = -1.000000000000000e+00 0.000000000000000e+00 0.000000000000000e+00
yras   = 0.000000000000000e+00 0.000000000000000e+00 -1.000000000000000e+00
zras   = 0.000000000000000e+00 1.000000000000000e+00 0.000000000000000e+00
cras   = -1.500000000000000e+00 -1.150000000000000e+01 8.500000000000000e+00
dst volume info
valid = 1  # volume info valid
filename = /out/sourcedata/freesurfer/sub-v1s0x0050642_ses-1/mri/norm.mgz
volume = 256 256 256
voxelsize = 1.000000000000000e+00 1.000000000000000e+00 1.000000000000000e+00
xras   = -1.000000000000000e+00 0.000000000000000e+00 0.000000000000000e+00
yras   = 0.000000000000000e+00 0.000000000000000e+00 -1.000000000000000e+00
zras   = 0.000000000000000e+00 1.000000000000000e+00 0.000000000000000e+00
cras   = -1.500000000000000e+00 -1.150000000000000e+01 8.500000000000000e+00
