#!ascii label  , from subject sub-v1s0x0050665_ses-1 vox2ras=TkReg
827
82846  41.956  17.966  45.380 0.0000000000
84360  48.986  19.384  36.450 0.0000000000
85948  47.575  21.806  36.723 0.0000000000
83702  52.453  18.305  26.192 0.0000000000
80583  43.682  14.273  40.787 0.0000000000
86646  49.047  22.596  43.178 0.0000000000
84399  52.635  20.285  30.877 0.0000000000
123529  41.004  20.437  29.444 0.0000000000
84293  51.398  19.797  45.029 0.0000000000
82865  47.222  16.582  42.496 0.0000000000
82155  45.840  16.151  35.514 0.0000000000
85965  42.053  21.126  36.101 0.0000000000
85200  46.342  20.419  30.533 0.0000000000
85937  54.049  23.292  38.621 0.0000000000
86745  51.199  22.427  31.144 0.0000000000
85998  39.304  21.591  32.402 0.0000000000
83566  46.290  18.394  45.931 0.0000000000
116483  44.571  16.630  44.306 0.0000000000
81360  44.439  15.358  37.476 0.0000000000
86679  45.404  22.030  39.821 0.0000000000
86692  42.821  22.810  38.710 0.0000000000
85964  45.210  20.871  36.231 0.0000000000
85153  44.511  20.476  33.619 0.0000000000
85983  47.687  21.297  33.441 0.0000000000
84337  49.876  19.675  40.829 0.0000000000
85101  53.886  21.983  41.227 0.0000000000
85122  51.440  20.799  37.792 0.0000000000
85231  54.464  20.397  27.524 0.0000000000
86742  53.879  22.352  31.480 0.0000000000
86780  52.864  22.285  26.136 0.0000000000
86052  49.549  22.104  25.737 0.0000000000
84422  49.909  19.672  26.366 0.0000000000
81433  48.842  15.834  28.959 0.0000000000
82104  40.473  16.833  43.894 0.0000000000
81319  43.742  15.524  42.465 0.0000000000
109146  48.111  21.826  40.663 0.0000000000
83641  48.673  18.076  33.552 0.0000000000
113812  50.777  19.846  34.182 0.0000000000
83663  50.843  18.061  30.549 0.0000000000
83678  53.556  18.467  28.310 0.0000000000
85847  49.871  22.098  47.059 0.0000000000
84287  48.143  19.522  45.858 0.0000000000
82853  48.512  17.406  43.370 0.0000000000
83613  47.584  18.458  39.942 0.0000000000
81334  45.368  15.852  41.492 0.0000000000
82889  45.714  17.305  38.409 0.0000000000
82894  47.005  17.776  36.041 0.0000000000
82164  47.907  16.168  33.196 0.0000000000
82106  38.483  16.949  44.061 0.0000000000
119719  41.405  24.212  36.462 0.0000000000
86714  39.890  22.348  35.178 0.0000000000
85154  42.238  20.495  33.318 0.0000000000
130207  43.533  20.469  30.152 0.0000000000
85249  44.099  20.289  26.771 0.0000000000
85877  52.314  21.792  44.938 0.0000000000
86655  52.904  23.244  41.580 0.0000000000
115457  51.581  23.083  37.872 0.0000000000
85971  54.297  22.446  35.185 0.0000000000
86717  53.582  23.649  35.115 0.0000000000
85981  49.548  22.320  33.837 0.0000000000
113464  48.710  21.119  30.559 0.0000000000
85258  46.917  21.522  25.643 0.0000000000
85999  38.716  21.979  32.011 0.0000000000
85987  38.839  22.175  32.822 0.0000000000
83574  44.209  18.250  45.463 0.0000000000
82088  43.634  17.181  44.908 0.0000000000
85933  46.536  21.582  38.452 0.0000000000
85934  45.642  21.433  38.400 0.0000000000
85949  46.628  21.466  36.812 0.0000000000
85976  46.320  21.114  35.076 0.0000000000
85974  47.696  21.687  35.082 0.0000000000
84350  49.459  19.859  39.080 0.0000000000
85110  50.487  20.324  39.357 0.0000000000
85123  50.134  20.242  37.492 0.0000000000
84442  53.403  19.388  26.144 0.0000000000
86049  54.533  22.008  26.663 0.0000000000
84443  52.559  19.966  25.977 0.0000000000
85267  50.849  21.009  25.542 0.0000000000
83703  51.676  18.564  26.484 0.0000000000
82966  50.941  17.682  27.087 0.0000000000
82217  51.507  16.640  26.612 0.0000000000
81321  41.421  15.141  42.062 0.0000000000
85889  47.626  22.236  41.794 0.0000000000
85888  48.587  22.245  42.256 0.0000000000
82919  49.265  17.161  32.066 0.0000000000
83646  50.191  18.611  32.090 0.0000000000
82925  50.201  17.268  30.872 0.0000000000
118396  52.953  16.972  28.849 0.0000000000
82204  54.699  16.594  27.899 0.0000000000
82965  54.607  17.420  27.157 0.0000000000
82098  46.971  16.576  44.083 0.0000000000
83584  48.331  17.486  44.394 0.0000000000
82864  47.828  16.927  42.910 0.0000000000
83602  48.021  17.735  41.829 0.0000000000
82877  47.342  17.429  41.349 0.0000000000
80565  43.455  14.410  41.369 0.0000000000
115900  44.883  15.585  42.242 0.0000000000
80589  44.197  14.846  40.542 0.0000000000
120042  45.040  15.790  36.586 0.0000000000
82148  44.680  16.048  37.857 0.0000000000
82896  45.796  17.065  36.876 0.0000000000
82891  46.176  17.571  37.458 0.0000000000
82900  46.426  16.991  35.560 0.0000000000
82903  47.376  17.087  34.314 0.0000000000
82157  46.911  16.188  34.323 0.0000000000
123587  49.436  13.999  32.951 0.0000000000
85943  42.540  21.802  37.697 0.0000000000
87379  42.204  23.429  38.112 0.0000000000
86707  41.499  22.519  37.046 0.0000000000
87385  40.788  23.692  35.997 0.0000000000
85977  41.205  21.411  35.800 0.0000000000
85967  40.520  21.251  34.593 0.0000000000
85144  42.250  20.609  34.624 0.0000000000
112466  45.629  20.440  31.902 0.0000000000
108875  44.715  20.422  32.155 0.0000000000
85202  44.814  20.439  30.553 0.0000000000
85221  43.724  20.408  28.708 0.0000000000
85219  45.529  20.428  29.018 0.0000000000
85054  50.777  20.575  46.605 0.0000000000
85845  51.414  22.261  46.829 0.0000000000
85060  52.210  20.676  45.392 0.0000000000
85919  54.168  22.987  39.447 0.0000000000
85897  54.029  22.610  41.710 0.0000000000
86675  53.910  23.380  39.684 0.0000000000
86676  52.516  23.467  39.677 0.0000000000
86696  53.091  23.498  37.658 0.0000000000
85165  52.534  20.574  32.822 0.0000000000
85139  51.884  20.692  34.821 0.0000000000
85148  53.941  21.678  33.257 0.0000000000
86752  53.102  22.619  30.390 0.0000000000
86733  54.114  23.112  33.080 0.0000000000
124402  52.264  23.194  32.938 0.0000000000
86718  51.682  23.195  34.881 0.0000000000
86735  50.845  22.657  32.596 0.0000000000
85994  49.756  22.078  32.410 0.0000000000
108068  50.151  21.905  30.995 0.0000000000
86073  48.765  21.707  24.398 0.0000000000
86054  47.841  21.860  25.776 0.0000000000
84447  47.097  20.216  24.497 0.0000000000
83716  46.088  19.352  25.085 0.0000000000
87333  49.418  23.677  44.692 0.0000000000
85189  39.454  21.264  31.200 0.0000000000
85188  40.286  20.825  30.912 0.0000000000
85063  45.535  19.477  45.058 0.0000000000
84299  44.752  18.812  45.286 0.0000000000
82843  45.659  17.493  45.339 0.0000000000
82099  46.108  16.223  43.863 0.0000000000
125098  43.868  14.470  39.290 0.0000000000
86680  44.659  22.268  39.749 0.0000000000
85941  44.084  21.254  37.832 0.0000000000
85127  44.199  20.765  36.382 0.0000000000
85142  44.042  20.459  34.374 0.0000000000
85131  45.467  20.778  35.229 0.0000000000
85151  46.194  20.739  33.343 0.0000000000
85166  47.054  20.657  32.266 0.0000000000
116292  50.528  19.324  42.747 0.0000000000
85078  52.577  20.618  42.784 0.0000000000
84336  51.022  20.188  41.198 0.0000000000
85109  52.011  21.026  39.675 0.0000000000
85121  53.025  21.806  38.205 0.0000000000
85215  53.695  20.951  29.756 0.0000000000
85178  53.983  21.812  31.130 0.0000000000
111875  54.369  22.171  28.929 0.0000000000
86768  53.645  22.777  28.203 0.0000000000
86761  52.598  22.626  28.768 0.0000000000
86042  50.741  21.894  28.676 0.0000000000
108016  51.167  21.966  26.105 0.0000000000
116957  49.417  21.738  24.834 0.0000000000
84423  49.150  19.675  26.320 0.0000000000
81432  49.585  15.833  28.301 0.0000000000
82090  41.653  17.478  44.851 0.0000000000
82102  43.173  16.635  43.919 0.0000000000
82118  42.464  16.353  43.293 0.0000000000
80546  43.267  14.948  41.924 0.0000000000
79802  43.215  13.649  40.932 0.0000000000
86658  45.889  22.688  41.086 0.0000000000
85914  47.286  21.810  40.130 0.0000000000
107932  48.464  22.088  39.064 0.0000000000
84364  48.999  19.173  35.661 0.0000000000
84363  49.797  19.580  35.365 0.0000000000
84375  49.970  19.166  33.664 0.0000000000
84385  50.730  19.282  32.487 0.0000000000
115702  51.922  19.755  31.276 0.0000000000
82941  52.141  17.133  29.358 0.0000000000
83671  52.014  18.206  29.558 0.0000000000
84406  52.785  19.972  29.761 0.0000000000
114258  53.923  19.609  28.202 0.0000000000
83700  54.210  17.979  26.915 0.0000000000
82979  53.423  17.368  26.114 0.0000000000
116720  51.812  15.797  26.215 0.0000000000
85860  48.280  21.246  46.149 0.0000000000
84285  49.990  19.628  46.060 0.0000000000
129026  47.471  19.020  45.817 0.0000000000
83570  48.768  18.193  44.945 0.0000000000
83582  49.718  18.477  43.825 0.0000000000
83601  49.256  18.665  41.982 0.0000000000
83606  48.211  18.869  40.319 0.0000000000
84352  47.862  19.144  38.503 0.0000000000
81310  44.661  16.047  43.378 0.0000000000
82117  45.191  15.762  42.835 0.0000000000
82133  45.968  16.157  41.829 0.0000000000
115392  44.437  15.499  39.220 0.0000000000
82141  45.569  16.589  40.007 0.0000000000
82879  46.091  16.986  40.339 0.0000000000
82885  46.516  17.614  39.789 0.0000000000
83616  47.292  18.686  38.212 0.0000000000
83622  48.308  18.789  36.082 0.0000000000
83633  47.853  17.932  34.782 0.0000000000
82912  48.279  17.131  33.137 0.0000000000
82173  48.989  16.137  32.176 0.0000000000
81380  47.755  15.292  33.471 0.0000000000
81387  48.856  15.268  32.455 0.0000000000
82092  39.967  17.346  44.494 0.0000000000
114482  39.769  16.825  43.897 0.0000000000
121695  37.821  15.805  42.769 0.0000000000
88661  42.558  25.347  37.294 0.0000000000
88673  41.736  25.126  35.159 0.0000000000
85986  39.454  21.829  33.630 0.0000000000
108201  40.836  20.832  32.869 0.0000000000
108399  41.950  20.531  31.748 0.0000000000
109398  43.125  20.457  33.241 0.0000000000
85186  42.873  20.457  31.763 0.0000000000
85204  42.775  20.451  30.016 0.0000000000
85878  51.361  22.352  44.053 0.0000000000
85068  53.646  21.724  43.246 0.0000000000
86643  53.364  22.395  43.085 0.0000000000
85887  50.009  22.421  42.914 0.0000000000
107827  49.766  22.350  41.085 0.0000000000
86678  49.667  22.537  38.877 0.0000000000
86698  49.026  22.368  37.458 0.0000000000
84358  50.729  20.273  36.073 0.0000000000
113621  52.402  21.357  36.609 0.0000000000
85946  54.102  23.120  36.749 0.0000000000
85980  54.521  22.686  33.882 0.0000000000
85958  54.661  23.190  35.294 0.0000000000
108061  53.641  23.328  36.601 0.0000000000
108956  52.211  23.208  36.344 0.0000000000
86712  50.799  22.867  35.602 0.0000000000
85960  48.431  22.020  35.478 0.0000000000
85982  48.535  21.764  33.846 0.0000000000
86010  48.200  21.042  31.735 0.0000000000
126209  47.599  20.614  30.218 0.0000000000
86031  49.004  21.475  28.519 0.0000000000
85216  48.275  21.034  28.996 0.0000000000
85218  46.609  20.588  28.843 0.0000000000
109516  45.451  20.749  26.375 0.0000000000
81417  48.082  15.722  29.448 0.0000000000
87393  38.691  22.928  32.820 0.0000000000
115308  42.538  18.065  45.325 0.0000000000
82845  42.935  17.895  45.386 0.0000000000
119664  47.073  21.669  37.609 0.0000000000
85962  47.011  21.519  36.118 0.0000000000
85961  47.667  21.740  35.824 0.0000000000
107749  49.149  19.633  37.276 0.0000000000
84354  49.431  19.893  38.171 0.0000000000
83714  52.973  18.728  26.067 0.0000000000
85265  53.199  20.369  26.033 0.0000000000
83715  52.285  19.325  26.104 0.0000000000
82982  51.615  17.587  26.542 0.0000000000
82981  52.180  17.529  26.233 0.0000000000
86636  48.562  23.099  43.493 0.0000000000
86647  47.989  22.622  42.588 0.0000000000
82926  49.681  16.932  31.425 0.0000000000
83655  49.821  17.795  31.668 0.0000000000
81430  54.637  15.874  28.363 0.0000000000
81429  54.834  15.901  27.837 0.0000000000
122865  54.838  16.221  27.220 0.0000000000
85223  41.304  20.336  28.627 0.0000000000
82097  47.375  16.555  43.218 0.0000000000
82869  47.606  17.083  42.160 0.0000000000
82870  46.975  16.787  41.744 0.0000000000
80582  44.182  14.915  41.304 0.0000000000
82156  45.393  15.984  36.124 0.0000000000
82152  45.302  16.450  36.817 0.0000000000
82151  45.825  16.702  36.210 0.0000000000
82904  46.768  16.863  34.794 0.0000000000
82158  46.357  16.197  34.895 0.0000000000
85953  42.313  21.405  36.916 0.0000000000
85944  41.945  21.975  37.210 0.0000000000
85954  41.488  21.783  36.570 0.0000000000
85135  41.735  20.922  35.275 0.0000000000
85134  42.657  20.712  35.430 0.0000000000
109528  45.651  20.404  31.016 0.0000000000
85183  45.021  20.417  31.386 0.0000000000
85201  45.578  20.429  30.108 0.0000000000
108396  44.938  20.433  29.688 0.0000000000
126082  46.204  20.436  29.706 0.0000000000
85061  51.230  20.079  45.902 0.0000000000
85053  51.846  20.961  46.395 0.0000000000
85930  54.173  22.953  38.698 0.0000000000
85918  54.174  23.307  38.959 0.0000000000
86686  53.993  23.460  38.734 0.0000000000
86695  53.822  23.358  38.189 0.0000000000
84392  52.562  20.418  31.789 0.0000000000
85164  53.570  21.327  32.282 0.0000000000
86744  52.731  22.731  31.338 0.0000000000
109437  53.234  23.055  32.472 0.0000000000
108037  51.758  22.769  32.026 0.0000000000
86007  50.458  22.264  31.785 0.0000000000
86017  50.717  22.079  30.474 0.0000000000
83704  48.370  19.936  25.370 0.0000000000
84446  47.804  20.506  24.383 0.0000000000
84433  47.392  19.782  24.981 0.0000000000
117780  46.938  19.352  25.516 0.0000000000
86011  38.883  21.677  31.433 0.0000000000
85173  40.161  21.069  32.110 0.0000000000
85064  44.827  19.550  44.590 0.0000000000
84309  44.103  19.173  44.548 0.0000000000
121576  44.380  17.269  45.125 0.0000000000
114449  44.723  17.734  45.486 0.0000000000
82087  45.280  16.862  44.669 0.0000000000
82100  45.336  16.105  43.662 0.0000000000
86673  45.043  22.477  40.245 0.0000000000
87364  44.529  23.061  40.230 0.0000000000
85940  45.426  21.234  37.682 0.0000000000
109213  44.749  21.381  38.231 0.0000000000
85951  44.752  21.013  37.226 0.0000000000
85952  43.708  21.000  37.210 0.0000000000
85132  44.671  20.663  35.662 0.0000000000
85975  46.846  21.254  34.622 0.0000000000
85140  46.026  20.882  34.290 0.0000000000
85984  46.890  21.092  33.855 0.0000000000
85150  47.006  20.872  33.016 0.0000000000
84333  50.051  19.365  41.867 0.0000000000
85103  50.777  20.316  40.239 0.0000000000
85117  51.520  20.807  38.677 0.0000000000
85125  52.738  21.618  37.401 0.0000000000
85232  54.289  20.708  28.203 0.0000000000
85214  54.154  21.536  29.160 0.0000000000
86040  54.593  21.759  28.180 0.0000000000
86779  53.708  22.331  26.321 0.0000000000
86773  54.226  22.618  27.269 0.0000000000
86774  53.259  22.654  26.937 0.0000000000
86769  52.511  22.578  27.605 0.0000000000
86050  51.466  22.169  27.046 0.0000000000
86775  52.254  22.272  26.530 0.0000000000
84431  50.496  20.462  25.678 0.0000000000
86072  50.311  21.522  25.434 0.0000000000
120886  49.936  20.246  25.731 0.0000000000
84432  49.250  20.263  25.465 0.0000000000
83679  49.736  18.978  27.202 0.0000000000
82218  50.751  16.723  27.300 0.0000000000
82207  49.946  16.769  28.039 0.0000000000
82091  40.779  17.415  44.674 0.0000000000
82103  41.449  16.739  43.849 0.0000000000
80547  42.294  15.027  41.981 0.0000000000
80566  42.685  14.263  41.570 0.0000000000
85900  47.415  21.947  41.009 0.0000000000
85921  47.648  21.824  39.354 0.0000000000
108682  48.241  21.890  39.863 0.0000000000
83631  49.213  18.780  34.008 0.0000000000
83627  49.111  18.978  34.856 0.0000000000
83654  50.405  18.373  31.299 0.0000000000
83639  50.061  18.901  32.850 0.0000000000
84394  50.739  19.053  31.787 0.0000000000
84393  51.500  19.730  32.013 0.0000000000
83653  51.211  19.033  31.098 0.0000000000
118480  51.492  16.826  29.768 0.0000000000
82190  52.772  16.270  29.107 0.0000000000
82952  53.703  17.246  28.416 0.0000000000
82940  52.758  17.833  28.886 0.0000000000
83670  52.602  18.879  29.135 0.0000000000
84413  53.171  19.527  28.818 0.0000000000
83677  54.210  18.549  27.493 0.0000000000
82222  54.609  16.773  26.873 0.0000000000
83688  54.514  18.205  27.209 0.0000000000
82978  54.177  17.360  26.620 0.0000000000
83701  53.715  17.963  26.448 0.0000000000
82224  53.112  16.552  25.915 0.0000000000
82225  52.520  16.266  25.960 0.0000000000
85861  47.260  21.165  45.576 0.0000000000
85055  47.825  20.304  45.853 0.0000000000
124448  49.188  20.366  46.345 0.0000000000
84286  48.966  19.388  45.916 0.0000000000
84298  45.797  18.856  45.675 0.0000000000
84288  46.686  18.943  45.841 0.0000000000
83565  47.241  18.486  45.771 0.0000000000
83571  47.854  17.976  45.200 0.0000000000
83583  49.059  17.923  44.097 0.0000000000
83569  49.626  18.553  44.690 0.0000000000
115221  49.148  18.006  43.336 0.0000000000
83598  49.682  18.617  42.842 0.0000000000
113541  48.763  17.999  42.487 0.0000000000
83607  47.769  18.151  40.899 0.0000000000
116305  48.557  18.563  41.367 0.0000000000
83612  48.009  19.076  39.375 0.0000000000
81312  43.265  16.060  42.990 0.0000000000
81311  43.949  16.044  43.156 0.0000000000
81335  44.818  15.469  41.756 0.0000000000
81317  45.485  15.834  42.242 0.0000000000
80596  43.987  14.790  38.735 0.0000000000
121084  44.135  14.878  39.658 0.0000000000
81354  44.361  15.475  38.310 0.0000000000
82147  45.076  16.681  38.167 0.0000000000
82144  45.269  16.726  39.089 0.0000000000
82139  45.872  16.530  40.793 0.0000000000
82886  45.865  17.185  39.440 0.0000000000
82888  46.208  17.660  38.938 0.0000000000
83624  46.909  17.979  36.945 0.0000000000
83620  46.793  18.177  37.830 0.0000000000
83619  47.428  18.566  37.367 0.0000000000
83623  47.588  18.403  36.506 0.0000000000
83629  47.702  18.189  35.626 0.0000000000
82913  47.778  16.864  33.658 0.0000000000
82902  48.067  17.608  33.976 0.0000000000
82920  48.743  16.896  32.538 0.0000000000
82174  48.437  16.163  32.666 0.0000000000
80636  47.726  14.479  33.896 0.0000000000
80650  48.858  14.490  32.877 0.0000000000
80649  49.451  14.499  32.444 0.0000000000
83579  39.770  18.012  44.780 0.0000000000
82105  39.240  17.160  44.286 0.0000000000
82121  39.170  16.450  43.458 0.0000000000
82122  38.348  16.351  43.347 0.0000000000
87999  41.712  23.904  37.278 0.0000000000
87998  42.242  24.528  37.713 0.0000000000
88004  41.994  24.778  36.887 0.0000000000
88668  42.498  25.485  36.396 0.0000000000
88669  41.874  24.952  36.010 0.0000000000
88672  42.428  25.548  35.506 0.0000000000
87386  40.116  23.115  35.525 0.0000000000
87387  39.672  22.901  34.892 0.0000000000
86719  39.505  22.410  34.407 0.0000000000
85978  39.876  21.775  34.601 0.0000000000
85155  41.455  20.649  33.514 0.0000000000
85146  40.688  20.980  33.782 0.0000000000
109159  41.674  20.594  32.655 0.0000000000
85172  41.032  20.707  31.860 0.0000000000
113409  43.357  20.447  33.959 0.0000000000
121537  43.806  20.442  33.604 0.0000000000
85184  44.291  20.436  31.264 0.0000000000
85185  43.755  20.429  31.916 0.0000000000
108398  43.380  20.446  30.956 0.0000000000
108397  42.344  20.456  30.854 0.0000000000
85222  42.290  20.389  28.794 0.0000000000
122441  43.250  20.445  29.343 0.0000000000
85236  44.064  20.375  27.767 0.0000000000
86596  50.068  23.148  47.182 0.0000000000
86622  51.777  21.964  46.172 0.0000000000
86634  51.138  22.512  45.198 0.0000000000
85092  52.478  20.880  41.703 0.0000000000
85077  53.392  21.288  43.251 0.0000000000
85091  53.806  21.694  42.390 0.0000000000
86668  53.886  23.227  41.070 0.0000000000
86654  53.786  22.830  42.213 0.0000000000
86644  52.700  22.876  42.456 0.0000000000
85886  51.803  22.473  43.173 0.0000000000
85898  50.968  22.692  42.031 0.0000000000
86656  51.286  22.920  40.949 0.0000000000
86688  51.499  23.125  38.759 0.0000000000
86677  50.668  22.839  39.555 0.0000000000
86689  50.010  22.666  38.074 0.0000000000
86697  50.288  22.746  37.306 0.0000000000
84367  50.766  20.090  35.105 0.0000000000
85138  53.136  21.336  34.609 0.0000000000
85130  52.075  21.021  35.760 0.0000000000
112504  53.375  21.749  35.549 0.0000000000
85129  53.625  22.315  36.369 0.0000000000
85959  54.283  22.924  35.877 0.0000000000
86006  54.067  22.223  31.761 0.0000000000
85993  54.245  22.338  32.677 0.0000000000
86732  54.049  22.583  32.507 0.0000000000
86723  54.100  23.712  34.429 0.0000000000
126561  54.668  23.520  34.696 0.0000000000
86716  54.598  23.436  35.018 0.0000000000
86710  54.172  23.246  35.742 0.0000000000
86711  52.879  23.439  35.806 0.0000000000
108147  50.747  22.838  33.962 0.0000000000
85972  50.084  22.616  34.611 0.0000000000
110345  49.397  22.456  35.938 0.0000000000
85973  49.280  22.358  35.108 0.0000000000
108935  48.407  21.900  34.714 0.0000000000
124007  49.116  22.185  34.413 0.0000000000
86008  49.504  21.727  31.585 0.0000000000
85995  48.778  21.499  32.240 0.0000000000
86009  48.760  21.277  31.304 0.0000000000
85180  48.050  20.843  30.909 0.0000000000
86043  49.860  21.778  27.805 0.0000000000
86030  49.867  21.625  29.138 0.0000000000
85233  48.195  21.418  27.874 0.0000000000
85246  47.342  21.471  26.987 0.0000000000
85234  47.462  20.967  28.332 0.0000000000
109879  46.701  20.943  27.689 0.0000000000
85235  45.749  20.669  27.651 0.0000000000
85247  46.315  21.157  26.587 0.0000000000
126434  45.943  18.911  25.661 0.0000000000
83717  45.522  19.209  25.514 0.0000000000
82954  48.474  17.636  28.480 0.0000000000
82192  48.287  16.611  29.040 0.0000000000
86012  38.372  22.114  30.889 0.0000000000
84300  43.695  18.528  45.120 0.0000000000
83575  43.282  18.134  45.315 0.0000000000
82844  43.821  17.820  45.461 0.0000000000
85923  45.937  21.668  39.209 0.0000000000
85939  46.180  21.380  37.647 0.0000000000
85950  45.752  21.168  36.912 0.0000000000
85963  46.218  21.170  35.951 0.0000000000
114517  46.994  21.431  35.345 0.0000000000
114329  47.598  21.496  34.346 0.0000000000
84345  49.634  19.834  39.943 0.0000000000
85118  50.428  20.390  38.139 0.0000000000
85126  51.146  20.632  36.997 0.0000000000
85255  53.942  20.152  26.529 0.0000000000
86048  54.678  21.284  27.307 0.0000000000
85256  53.710  20.725  26.141 0.0000000000
86069  53.119  21.111  25.884 0.0000000000
86059  53.003  21.847  25.732 0.0000000000
86060  51.961  21.833  25.908 0.0000000000
85266  51.846  20.840  25.798 0.0000000000
84444  51.564  20.226  25.931 0.0000000000
84421  50.729  19.632  26.304 0.0000000000
83689  50.838  18.784  26.948 0.0000000000
81438  51.236  15.613  26.678 0.0000000000
82120  40.085  16.279  43.236 0.0000000000
120201  40.868  16.271  43.198 0.0000000000
81322  40.641  15.571  42.491 0.0000000000
86648  47.107  22.775  42.088 0.0000000000
127225  48.797  21.928  41.088 0.0000000000
82911  48.935  17.717  32.790 0.0000000000
83640  49.375  18.501  33.201 0.0000000000
83647  49.575  18.175  32.435 0.0000000000
82206  53.676  16.379  28.731 0.0000000000
82205  54.399  16.521  28.311 0.0000000000
82951  54.390  17.396  27.822 0.0000000000
82950  54.499  17.678  27.363 0.0000000000
82216  54.738  16.710  27.460 0.0000000000
81443  54.437  16.066  26.595 0.0000000000
85056  46.887  20.284  45.373 0.0000000000
82842  46.562  17.323  44.997 0.0000000000
83572  46.930  17.862  45.487 0.0000000000
82841  47.474  17.273  44.705 0.0000000000
82854  47.845  16.902  43.783 0.0000000000
83599  48.162  17.380  42.564 0.0000000000
82884  47.162  17.793  40.413 0.0000000000
80564  44.186  15.133  41.949 0.0000000000
81346  44.741  15.439  41.046 0.0000000000
81367  44.694  15.243  36.768 0.0000000000
82153  44.803  15.923  37.126 0.0000000000
126509  45.036  16.446  37.474 0.0000000000
82892  45.470  16.984  37.509 0.0000000000
82895  46.344  17.387  36.501 0.0000000000
82899  47.154  17.520  35.165 0.0000000000
82165  47.425  16.169  33.770 0.0000000000
79868  48.958  13.864  33.385 0.0000000000
79882  50.217  14.001  32.682 0.0000000000
85936  43.040  22.029  38.400 0.0000000000
86700  42.467  22.478  38.181 0.0000000000
87380  41.679  23.152  37.399 0.0000000000
87382  41.196  23.283  36.721 0.0000000000
86713  40.432  22.401  35.820 0.0000000000
85966  40.435  21.707  35.385 0.0000000000
126311  41.006  21.161  35.139 0.0000000000
85145  41.362  20.803  34.431 0.0000000000
125841  41.985  20.526  33.981 0.0000000000
85168  45.510  20.510  32.750 0.0000000000
126001  44.816  20.470  32.988 0.0000000000
85203  44.043  20.470  30.554 0.0000000000
108395  44.142  20.468  29.730 0.0000000000
85220  44.576  20.411  28.867 0.0000000000
123189  44.948  20.415  28.091 0.0000000000
85043  50.297  21.358  46.869 0.0000000000
85846  50.785  22.307  47.119 0.0000000000
85858  51.339  21.523  46.866 0.0000000000
85870  52.516  21.282  44.840 0.0000000000
85108  53.803  22.097  40.152 0.0000000000
85911  54.155  22.875  40.568 0.0000000000
86669  52.987  23.506  40.582 0.0000000000
86687  53.135  23.539  38.305 0.0000000000
85149  51.842  20.399  33.763 0.0000000000
129421  53.156  21.124  33.753 0.0000000000
85137  54.187  22.009  34.292 0.0000000000
115806  53.554  22.522  31.138 0.0000000000
86743  53.701  22.660  32.045 0.0000000000
86734  53.692  23.432  33.516 0.0000000000
86724  52.492  23.372  34.040 0.0000000000
128600  51.209  22.960  33.322 0.0000000000
86725  50.120  22.490  33.189 0.0000000000
109085  49.338  21.461  30.748 0.0000000000
86062  49.160  22.081  24.950 0.0000000000
86053  48.811  22.094  25.870 0.0000000000
86063  48.376  21.981  24.749 0.0000000000
86064  47.525  21.636  24.730 0.0000000000
86065  46.816  21.208  24.743 0.0000000000
85259  46.067  21.004  25.399 0.0000000000
84448  46.368  20.113  24.693 0.0000000000
83706  46.397  19.095  25.589 0.0000000000
85206  40.317  20.612  29.640 0.0000000000
85187  41.245  20.537  30.647 0.0000000000
83573  45.286  18.262  45.833 0.0000000000
82838  46.115  17.865  45.690 0.0000000000
82086  46.134  16.865  44.592 0.0000000000
82115  46.690  16.169  43.027 0.0000000000
80590  43.748  14.197  39.879 0.0000000000
80597  43.683  14.015  38.909 0.0000000000
80604  43.818  14.123  37.984 0.0000000000
118555  44.119  14.857  37.883 0.0000000000
80612  44.265  14.479  37.115 0.0000000000
81366  45.140  15.247  36.212 0.0000000000
81373  45.567  15.310  35.644 0.0000000000
81372  46.080  15.337  35.071 0.0000000000
86681  43.980  22.727  39.575 0.0000000000
86691  43.512  22.375  38.990 0.0000000000
85924  45.007  21.696  39.085 0.0000000000
128737  44.471  21.676  38.754 0.0000000000
85935  43.895  21.675  38.511 0.0000000000
85942  43.339  21.432  37.867 0.0000000000
108047  42.954  21.208  37.277 0.0000000000
85128  43.060  20.844  36.442 0.0000000000
85133  43.773  20.569  35.432 0.0000000000
120332  44.615  20.553  35.014 0.0000000000
85141  45.021  20.576  34.352 0.0000000000
85152  45.355  20.590  33.561 0.0000000000
85167  46.334  20.579  32.492 0.0000000000
85182  46.532  20.475  31.543 0.0000000000
84322  50.457  19.145  43.552 0.0000000000
84307  51.373  19.755  44.149 0.0000000000
84321  51.437  19.811  43.230 0.0000000000
84332  51.273  20.008  42.224 0.0000000000
85102  52.299  21.053  40.664 0.0000000000
85116  53.408  21.932  39.113 0.0000000000
123714  53.989  23.052  37.826 0.0000000000
85197  53.492  21.026  30.535 0.0000000000
85179  53.444  21.147  31.410 0.0000000000
85196  54.045  21.728  30.251 0.0000000000
86027  54.142  22.155  29.823 0.0000000000
118665  54.711  22.187  27.513 0.0000000000
86759  54.027  22.408  29.167 0.0000000000
86751  53.780  22.350  30.365 0.0000000000
86760  53.405  22.648  29.451 0.0000000000
108890  52.562  22.591  29.660 0.0000000000
86753  51.790  22.487  30.292 0.0000000000
86029  50.749  21.985  29.699 0.0000000000
86028  51.656  22.324  29.260 0.0000000000
111457  50.799  21.940  27.666 0.0000000000
86051  50.330  22.015  26.522 0.0000000000
115802  50.913  21.674  25.765 0.0000000000
86061  50.053  21.907  25.506 0.0000000000
125925  49.182  21.374  24.537 0.0000000000
84445  48.704  20.892  24.431 0.0000000000
83690  48.541  19.163  26.932 0.0000000000
82208  49.151  16.755  28.654 0.0000000000
82967  50.120  17.893  27.732 0.0000000000
80700  49.131  15.044  28.544 0.0000000000
82089  42.589  17.405  44.929 0.0000000000
120226  42.248  16.893  44.252 0.0000000000
81320  42.832  15.607  42.508 0.0000000000
82119  41.719  15.843  42.709 0.0000000000
87363  45.251  22.926  40.695 0.0000000000
86672  45.631  22.349  40.472 0.0000000000
86657  46.716  22.399  41.309 0.0000000000
85901  46.742  22.024  40.653 0.0000000000
85915  46.263  21.923  40.064 0.0000000000
85922  46.853  21.734  39.289 0.0000000000
85932  47.594  21.826  38.507 0.0000000000
85938  48.036  21.957  37.568 0.0000000000
115713  49.616  19.672  36.035 0.0000000000
84368  49.897  19.387  34.520 0.0000000000
84374  50.752  19.547  33.299 0.0000000000
84384  51.390  19.896  32.872 0.0000000000
82933  50.897  17.043  30.204 0.0000000000
82932  51.428  17.671  29.937 0.0000000000
83662  51.523  18.601  30.253 0.0000000000
84407  52.077  19.042  29.827 0.0000000000
84400  51.989  19.408  30.531 0.0000000000
84405  53.606  20.431  28.966 0.0000000000
84412  54.287  19.705  27.627 0.0000000000
84429  54.036  19.365  26.835 0.0000000000
83712  53.827  18.701  26.579 0.0000000000
82989  53.300  18.049  26.145 0.0000000000
82980  52.687  17.143  26.042 0.0000000000
82226  52.101  16.548  26.149 0.0000000000
125704  52.221  15.471  25.905 0.0000000000
85859  49.273  21.445  46.610 0.0000000000
84294  50.366  19.237  45.297 0.0000000000
85062  46.043  20.278  44.868 0.0000000000
125482  47.220  19.508  45.724 0.0000000000
84296  48.242  18.750  45.631 0.0000000000
84295  49.326  18.891  45.468 0.0000000000
84308  50.461  19.112  44.438 0.0000000000
84334  49.276  19.120  41.328 0.0000000000
84338  48.973  19.293  40.580 0.0000000000
84346  48.759  19.432  39.671 0.0000000000
84351  48.609  19.506  38.772 0.0000000000
84355  48.462  19.416  37.903 0.0000000000
82101  44.016  16.506  43.915 0.0000000000
81318  44.514  15.645  42.610 0.0000000000
82116  45.884  15.868  43.018 0.0000000000
119572  46.149  16.064  42.436 0.0000000000
82132  46.610  16.310  42.119 0.0000000000
81349  44.633  15.473  40.168 0.0000000000
82145  44.743  16.138  38.728 0.0000000000
82142  44.968  16.100  39.667 0.0000000000
81345  45.286  16.029  40.656 0.0000000000
121719  45.777  16.228  41.261 0.0000000000
82138  46.308  16.543  41.390 0.0000000000
82878  46.627  17.142  40.891 0.0000000000
129806  47.064  18.169  39.602 0.0000000000
118415  46.327  17.801  38.277 0.0000000000
83614  46.720  18.215  38.820 0.0000000000
117369  47.351  18.711  39.079 0.0000000000
84356  47.808  19.027  37.774 0.0000000000
83618  48.213  19.056  37.033 0.0000000000
83628  48.414  18.565  35.238 0.0000000000
83632  48.527  18.349  34.392 0.0000000000
82180  49.480  16.116  31.645 0.0000000000
81376  46.648  15.328  34.521 0.0000000000
81375  47.241  15.309  34.024 0.0000000000
80635  48.317  14.495  33.387 0.0000000000
81379  48.296  15.286  32.944 0.0000000000
81386  49.420  15.228  31.976 0.0000000000
83577  41.335  18.021  45.222 0.0000000000
82847  41.079  17.889  45.210 0.0000000000
82849  39.502  17.687  44.647 0.0000000000
126581  38.737  15.792  42.735 0.0000000000
126007  38.374  15.266  42.264 0.0000000000
88677  41.605  25.282  34.309 0.0000000000
88006  41.192  24.471  35.632 0.0000000000
88009  41.010  24.688  34.804 0.0000000000
88013  40.859  24.885  33.967 0.0000000000
86726  39.105  22.628  33.607 0.0000000000
85985  40.025  21.371  34.017 0.0000000000
85997  40.048  21.249  33.170 0.0000000000
85143  43.127  20.511  34.632 0.0000000000
114079  42.677  20.472  33.962 0.0000000000
85169  43.996  20.439  32.854 0.0000000000
85170  43.258  20.451  32.467 0.0000000000
85171  42.522  20.490  32.540 0.0000000000
85205  41.816  20.413  29.768 0.0000000000
85237  43.263  20.340  27.911 0.0000000000
86607  50.875  23.150  47.070 0.0000000000
86623  50.511  23.432  45.796 0.0000000000
86635  49.772  22.948  44.300 0.0000000000
86645  50.186  22.617  43.868 0.0000000000
84306  52.406  20.476  43.776 0.0000000000
85069  52.875  21.055  44.121 0.0000000000
85885  53.082  21.701  43.709 0.0000000000
85896  54.077  22.308  42.601 0.0000000000
86633  53.880  22.100  43.215 0.0000000000
127924  52.595  22.057  43.824 0.0000000000
85899  49.254  22.134  41.799 0.0000000000
85913  49.001  22.035  40.414 0.0000000000
86670  51.471  23.081  40.197 0.0000000000
85912  50.136  22.564  40.283 0.0000000000
85920  49.283  22.298  39.645 0.0000000000
85931  48.733  22.199  38.248 0.0000000000
86699  48.395  22.162  36.935 0.0000000000
84359  49.865  19.994  36.701 0.0000000000
120742  53.747  22.549  37.013 0.0000000000
119176  54.428  23.038  33.520 0.0000000000
85970  54.707  22.906  34.877 0.0000000000
86703  53.719  23.226  37.495 0.0000000000
86704  52.812  23.430  37.016 0.0000000000
124926  51.741  23.100  37.250 0.0000000000
86705  50.853  22.877  36.576 0.0000000000
86706  49.280  22.461  36.732 0.0000000000
85947  48.402  22.097  36.262 0.0000000000
108194  49.158  21.899  33.095 0.0000000000
108034  48.373  21.499  33.025 0.0000000000
85996  47.810  21.046  32.503 0.0000000000
85181  47.486  20.694  31.652 0.0000000000
85199  47.175  20.519  30.812 0.0000000000
86018  49.971  21.636  30.165 0.0000000000
126521  49.048  21.297  29.751 0.0000000000
86044  48.916  21.763  27.287 0.0000000000
85217  47.541  20.672  29.402 0.0000000000
123422  44.824  20.383  26.355 0.0000000000
84435  45.371  20.308  25.654 0.0000000000
84436  45.013  19.691  25.684 0.0000000000
81437  54.786  15.505  27.194 0.0000000000
81439  50.384  15.756  27.539 0.0000000000
82953  49.384  17.583  28.275 0.0000000000
82990  53.002  17.869  26.066 0.0000000000
83713  53.470  18.524  26.210 0.0000000000
84292  52.175  20.336  44.607 0.0000000000
84297  46.370  19.478  45.495 0.0000000000
84430  51.591  19.489  26.237 0.0000000000
84434  46.700  19.581  24.946 0.0000000000
84441  53.739  19.493  26.486 0.0000000000
84449  45.608  19.835  25.025 0.0000000000
85090  54.015  21.838  42.954 0.0000000000
85163  54.066  21.872  31.823 0.0000000000
85198  48.232  20.871  29.981 0.0000000000
85244  54.279  20.242  27.012 0.0000000000
85245  48.210  21.791  26.794 0.0000000000
85248  44.801  20.512  27.093 0.0000000000
85257  49.520  20.779  24.958 0.0000000000
85264  53.593  20.031  26.295 0.0000000000
85268  49.869  21.224  25.092 0.0000000000
85269  47.426  20.839  24.260 0.0000000000
85270  46.884  20.747  24.399 0.0000000000
85271  46.342  20.774  24.693 0.0000000000
85272  45.885  20.462  24.939 0.0000000000
85857  51.871  21.613  46.558 0.0000000000
85871  52.231  21.377  45.903 0.0000000000
85884  54.086  22.100  43.003 0.0000000000
85955  40.855  21.918  36.044 0.0000000000
85957  54.781  23.399  34.971 0.0000000000
86016  54.017  22.151  30.847 0.0000000000
86041  51.616  22.251  28.206 0.0000000000
86057  54.266  20.989  26.529 0.0000000000
86058  53.825  21.515  26.014 0.0000000000
86070  52.302  21.319  25.784 0.0000000000
86071  51.337  21.402  25.702 0.0000000000
86074  47.982  21.401  24.125 0.0000000000
86075  47.310  21.238  24.280 0.0000000000
86653  53.984  22.371  42.838 0.0000000000
86671  46.210  22.261  40.727 0.0000000000
86690  44.235  22.015  39.158 0.0000000000
86701  41.998  22.538  37.662 0.0000000000
86708  40.965  22.459  36.442 0.0000000000
86721  54.645  23.364  34.502 0.0000000000
86722  54.430  23.448  34.097 0.0000000000
86767  54.369  22.410  28.207 0.0000000000
87383  40.642  22.985  36.140 0.0000000000
110965  46.934  20.459  29.932 0.0000000000
115455  53.240  23.578  39.017 0.0000000000
116160  54.662  17.153  27.547 0.0000000000
118277  52.609  20.781  25.899 0.0000000000
118620  54.314  19.259  27.282 0.0000000000
119420  48.239  21.930  41.442 0.0000000000
120856  49.489  21.992  26.577 0.0000000000
121813  50.160  20.267  38.668 0.0000000000
127232  47.265  21.479  34.843 0.0000000000
127637  54.199  18.611  27.029 0.0000000000
128258  54.605  21.093  27.806 0.0000000000
128596  50.439  18.393  27.316 0.0000000000
130010  46.221  16.779  40.891 0.0000000000
