#!ascii label  , from subject sub-v1s11x0050144_ses-1 vox2ras=TkReg
1645
109587  -59.252  26.147  22.585 0.0000000000
120596  -51.989  41.449  16.437 0.0000000000
136513  -51.009  33.712  22.191 0.0000000000
114891  -58.048  33.874  11.516 0.0000000000
144064  -53.896  39.538  7.389 0.0000000000
117272  -51.695  36.555  13.524 0.0000000000
148707  -50.659  31.601  6.011 0.0000000000
114884  -49.401  34.087  12.660 0.0000000000
106975  -48.666  24.460  35.326 0.0000000000
137653  -52.845  25.895  28.564 0.0000000000
121983  -44.139  43.604  16.663 0.0000000000
122037  -52.565  44.526  12.159 0.0000000000
119423  -57.477  39.687  4.760 0.0000000000
111898  -53.375  29.338  19.948 0.0000000000
117172  -51.272  36.028  20.727 0.0000000000
117177  -58.329  36.825  20.555 0.0000000000
111190  -57.613  28.458  13.675 0.0000000000
110433  -52.395  26.930  10.502 0.0000000000
110423  -45.340  27.167  11.696 0.0000000000
141539  -57.826  25.309  19.728 0.0000000000
115779  -54.808  34.304  3.768 0.0000000000
116566  -52.404  35.408  5.002 0.0000000000
112763  -51.761  29.069  3.999 0.0000000000
112752  -47.622  29.441  6.110 0.0000000000
108610  -50.764  26.316  32.538 0.0000000000
109499  -48.283  26.616  31.639 0.0000000000
138876  -41.345  43.634  19.236 0.0000000000
121360  -56.599  43.004  8.547 0.0000000000
110327  -50.442  27.138  22.194 0.0000000000
147835  -51.677  31.932  19.135 0.0000000000
138371  -46.803  41.388  16.820 0.0000000000
117978  -49.843  37.623  16.493 0.0000000000
117276  -55.467  36.398  12.575 0.0000000000
116424  -56.819  36.345  17.390 0.0000000000
157550  -59.328  36.500  15.776 0.0000000000
114821  -58.059  33.417  16.709 0.0000000000
139549  -59.337  31.651  11.455 0.0000000000
109743  -56.658  26.495  10.236 0.0000000000
112721  -56.255  29.952  12.369 0.0000000000
137652  -48.517  30.909  14.544 0.0000000000
159212  -52.776  41.913  12.071 0.0000000000
119348  -50.114  39.494  13.962 0.0000000000
119378  -50.973  39.538  9.567 0.0000000000
117330  -50.423  35.896  8.756 0.0000000000
155281  -53.253  33.886  10.187 0.0000000000
114870  -53.616  33.296  13.362 0.0000000000
114215  -49.807  32.258  8.926 0.0000000000
114947  -46.627  33.132  8.940 0.0000000000
107883  -51.587  24.187  31.213 0.0000000000
108629  -55.531  25.299  30.628 0.0000000000
139393  -56.450  25.587  26.178 0.0000000000
119912  -39.869  40.563  19.756 0.0000000000
120576  -45.547  42.811  20.323 0.0000000000
122653  -49.325  43.980  17.786 0.0000000000
139418  -54.287  45.117  16.169 0.0000000000
121319  -56.392  43.226  11.259 0.0000000000
119414  -57.696  39.471  6.877 0.0000000000
116621  -54.970  34.673  2.413 0.0000000000
118797  -54.667  38.397  1.650 0.0000000000
136329  -49.821  25.474  26.728 0.0000000000
108759  -53.916  25.968  23.966 0.0000000000
110349  -57.284  28.053  21.555 0.0000000000
118615  -52.837  39.286  24.356 0.0000000000
116420  -52.375  35.246  17.609 0.0000000000
117937  -55.861  38.668  22.197 0.0000000000
116361  -55.154  35.031  23.125 0.0000000000
114799  -55.365  33.712  18.543 0.0000000000
111944  -55.572  29.417  16.552 0.0000000000
110389  -58.406  26.718  17.358 0.0000000000
108878  -57.682  25.528  14.680 0.0000000000
139467  -53.776  26.618  14.651 0.0000000000
136319  -50.078  26.638  14.302 0.0000000000
112704  -52.676  30.550  14.430 0.0000000000
111198  -49.446  27.754  11.764 0.0000000000
109668  -46.365  26.385  14.340 0.0000000000
107923  -59.269  24.649  24.925 0.0000000000
147105  -59.184  24.284  22.194 0.0000000000
108788  -59.140  25.453  20.128 0.0000000000
113544  -53.886  31.046  2.752 0.0000000000
114270  -54.046  30.985  3.074 0.0000000000
112776  -51.364  29.309  3.048 0.0000000000
111257  -49.446  27.852  3.814 0.0000000000
114774  -50.869  33.224  20.335 0.0000000000
160651  -49.338  41.718  16.261 0.0000000000
116489  -57.510  35.744  11.719 0.0000000000
117263  -57.785  36.566  13.945 0.0000000000
146218  -59.122  35.073  12.792 0.0000000000
162115  -59.322  33.312  13.177 0.0000000000
114191  -58.855  32.908  11.279 0.0000000000
112728  -58.319  30.730  10.597 0.0000000000
114186  -57.038  32.426  12.605 0.0000000000
119996  -53.442  40.757  9.299 0.0000000000
120645  -51.785  40.901  10.796 0.0000000000
119387  -52.307  39.719  8.310 0.0000000000
140252  -51.192  33.442  5.386 0.0000000000
116547  -50.778  35.560  6.506 0.0000000000
154686  -50.477  34.235  7.462 0.0000000000
116517  -52.126  34.477  9.372 0.0000000000
114950  -51.549  32.320  8.463 0.0000000000
140238  -51.540  32.256  9.398 0.0000000000
114237  -50.641  31.707  7.693 0.0000000000
113503  -46.725  30.880  7.120 0.0000000000
108626  -52.069  26.340  31.018 0.0000000000
108613  -52.884  25.878  31.452 0.0000000000
108644  -54.267  26.114  30.125 0.0000000000
152841  -56.571  25.397  28.604 0.0000000000
138084  -54.796  25.635  27.377 0.0000000000
158494  -42.447  43.462  17.879 0.0000000000
121942  -43.670  43.513  20.046 0.0000000000
121955  -44.787  43.424  19.085 0.0000000000
121957  -47.495  43.450  19.922 0.0000000000
121985  -46.672  43.869  17.128 0.0000000000
122025  -50.637  44.231  13.660 0.0000000000
146259  -50.813  45.260  15.597 0.0000000000
122691  -53.577  45.358  13.884 0.0000000000
122038  -55.827  44.725  12.968 0.0000000000
122707  -55.766  45.209  11.851 0.0000000000
120707  -56.801  41.484  6.749 0.0000000000
121381  -57.922  41.793  8.012 0.0000000000
119425  -58.355  39.684  5.970 0.0000000000
118092  -57.296  37.453  4.990 0.0000000000
118117  -56.677  37.626  3.133 0.0000000000
117415  -55.171  36.920  2.002 0.0000000000
118778  -56.537  38.587  2.877 0.0000000000
108721  -44.500  25.594  25.757 0.0000000000
137661  -44.504  25.462  27.883 0.0000000000
136332  -46.594  25.410  26.892 0.0000000000
108681  -48.147  25.408  27.511 0.0000000000
163003  -48.444  25.487  25.504 0.0000000000
111109  -51.881  28.204  21.110 0.0000000000
109563  -52.374  26.278  23.312 0.0000000000
110331  -53.869  27.354  22.167 0.0000000000
162223  -55.320  27.139  22.671 0.0000000000
111113  -55.662  28.483  21.069 0.0000000000
117152  -49.686  37.115  22.013 0.0000000000
118621  -50.267  39.015  24.112 0.0000000000
117917  -51.646  38.941  23.553 0.0000000000
117997  -50.391  37.619  13.524 0.0000000000
117257  -51.013  36.811  15.035 0.0000000000
116450  -52.599  35.551  15.753 0.0000000000
159403  -57.759  37.542  19.374 0.0000000000
117191  -56.197  37.017  19.752 0.0000000000
117938  -57.206  38.208  21.465 0.0000000000
117907  -56.571  38.298  23.234 0.0000000000
137866  -57.202  36.059  22.352 0.0000000000
115575  -55.727  35.178  21.191 0.0000000000
115585  -57.182  35.004  19.834 0.0000000000
112695  -57.480  30.819  14.898 0.0000000000
113434  -56.396  31.712  16.338 0.0000000000
111953  -56.560  29.475  15.228 0.0000000000
163875  -56.573  28.133  16.836 0.0000000000
110404  -57.355  27.377  15.346 0.0000000000
108866  -58.487  25.337  15.947 0.0000000000
109697  -57.960  25.943  14.046 0.0000000000
140334  -54.929  27.036  10.035 0.0000000000
109727  -54.854  25.953  11.880 0.0000000000
109725  -53.021  26.276  11.009 0.0000000000
136317  -52.195  26.770  14.316 0.0000000000
160576  -51.070  26.442  11.299 0.0000000000
114868  -51.893  33.451  13.242 0.0000000000
114176  -53.254  32.182  14.372 0.0000000000
114174  -51.521  32.401  14.433 0.0000000000
111184  -46.758  28.576  13.834 0.0000000000
111960  -48.926  29.434  14.141 0.0000000000
110425  -47.415  27.170  11.461 0.0000000000
109705  -48.257  26.569  11.806 0.0000000000
109703  -46.063  26.845  11.983 0.0000000000
161201  -45.081  26.297  15.135 0.0000000000
136865  -57.214  23.682  27.383 0.0000000000
108830  -56.205  25.788  18.527 0.0000000000
118089  -54.428  37.607  5.494 0.0000000000
118076  -53.310  37.955  5.968 0.0000000000
116586  -53.963  34.932  4.234 0.0000000000
114981  -52.307  32.564  4.331 0.0000000000
113521  -50.922  30.545  5.412 0.0000000000
113514  -50.050  30.574  6.408 0.0000000000
112015  -49.057  28.005  4.736 0.0000000000
107863  -49.779  26.288  33.660 0.0000000000
109461  -49.335  26.980  34.603 0.0000000000
108641  -50.498  26.145  29.905 0.0000000000
137100  -41.806  43.605  15.945 0.0000000000
122059  -54.292  44.413  10.531 0.0000000000
120050  -55.149  40.596  5.209 0.0000000000
120061  -55.938  40.078  4.290 0.0000000000
109559  -48.610  26.365  23.294 0.0000000000
147639  -50.850  29.265  20.171 0.0000000000
112657  -52.260  30.629  19.258 0.0000000000
116400  -50.201  35.559  18.505 0.0000000000
117274  -53.614  36.358  12.928 0.0000000000
116452  -54.408  35.435  15.211 0.0000000000
162256  -55.855  35.712  15.009 0.0000000000
142657  -57.950  37.005  16.898 0.0000000000
117205  -59.009  37.231  18.190 0.0000000000
115599  -58.364  34.846  18.862 0.0000000000
136497  -59.158  34.158  16.136 0.0000000000
113460  -59.105  31.958  13.657 0.0000000000
111976  -58.953  30.112  11.958 0.0000000000
110437  -58.351  27.551  11.030 0.0000000000
136049  -58.381  29.520  10.435 0.0000000000
111215  -56.306  28.395  11.075 0.0000000000
111979  -54.700  28.742  12.451 0.0000000000
161204  -48.994  32.851  14.293 0.0000000000
114752  -50.681  33.746  23.459 0.0000000000
148256  -52.699  42.012  15.223 0.0000000000
119947  -51.459  40.344  15.360 0.0000000000
163538  -51.097  41.177  12.750 0.0000000000
119974  -50.236  40.031  11.576 0.0000000000
118709  -49.909  38.209  11.239 0.0000000000
118748  -51.711  38.136  6.995 0.0000000000
118043  -50.420  37.516  8.673 0.0000000000
161622  -51.159  36.596  11.264 0.0000000000
117304  -53.002  35.954  11.063 0.0000000000
116500  -54.441  35.378  11.053 0.0000000000
138261  -55.340  34.964  11.362 0.0000000000
114872  -55.664  33.129  13.198 0.0000000000
155673  -53.971  34.094  11.677 0.0000000000
114906  -51.745  33.470  11.442 0.0000000000
135870  -50.149  33.677  11.006 0.0000000000
113505  -48.644  31.510  7.398 0.0000000000
114224  -47.891  32.530  8.346 0.0000000000
107873  -51.154  25.612  32.145 0.0000000000
153268  -53.046  24.110  31.109 0.0000000000
107052  -55.616  23.694  30.074 0.0000000000
107906  -57.458  24.463  28.432 0.0000000000
108714  -58.283  25.248  26.556 0.0000000000
108750  -58.498  26.054  24.968 0.0000000000
119311  -41.191  39.249  18.400 0.0000000000
119915  -42.879  41.287  19.482 0.0000000000
119920  -44.164  41.025  18.841 0.0000000000
120589  -45.868  41.690  18.933 0.0000000000
121245  -48.163  43.055  18.799 0.0000000000
121251  -50.201  43.293  16.968 0.0000000000
122678  -46.234  44.532  15.100 0.0000000000
122668  -48.429  44.727  15.920 0.0000000000
122662  -51.180  44.667  16.897 0.0000000000
121253  -53.729  43.642  16.744 0.0000000000
121268  -54.754  43.699  14.484 0.0000000000
121318  -55.371  42.853  11.653 0.0000000000
156267  -55.556  41.403  9.612 0.0000000000
152795  -56.798  43.880  10.248 0.0000000000
120675  -57.008  41.406  9.092 0.0000000000
120025  -55.655  40.137  7.951 0.0000000000
118091  -56.414  37.209  5.115 0.0000000000
116605  -55.795  34.931  3.241 0.0000000000
146781  -53.089  34.710  2.400 0.0000000000
117406  -52.997  36.242  2.499 0.0000000000
119457  -55.776  39.875  1.856 0.0000000000
160822  -49.188  25.729  28.936 0.0000000000
108684  -51.580  25.696  27.613 0.0000000000
108755  -50.127  25.846  24.028 0.0000000000
108728  -51.515  25.507  25.493 0.0000000000
136323  -53.227  25.562  26.176 0.0000000000
108732  -55.345  25.656  25.430 0.0000000000
109548  -56.970  26.367  24.310 0.0000000000
110335  -58.374  27.231  22.340 0.0000000000
116335  -52.929  35.476  24.390 0.0000000000
118682  -50.690  38.319  15.997 0.0000000000
116433  -50.826  35.930  17.136 0.0000000000
116372  -52.055  35.642  19.821 0.0000000000
116404  -54.696  35.649  18.280 0.0000000000
116374  -53.776  36.296  20.148 0.0000000000
117155  -52.878  36.987  21.765 0.0000000000
118635  -54.505  39.792  23.886 0.0000000000
142448  -54.707  35.914  24.740 0.0000000000
155497  -53.027  34.201  23.142 0.0000000000
115573  -53.708  34.493  21.179 0.0000000000
138172  -53.787  33.535  19.160 0.0000000000
113414  -54.089  31.586  18.256 0.0000000000
114809  -56.942  33.637  17.611 0.0000000000
114132  -55.488  32.300  17.357 0.0000000000
111922  -54.613  29.988  18.582 0.0000000000
144512  -56.723  28.554  19.412 0.0000000000
110359  -58.237  27.614  20.305 0.0000000000
109599  -59.354  26.237  20.179 0.0000000000
108833  -59.049  25.359  17.829 0.0000000000
108850  -57.432  25.370  16.978 0.0000000000
109658  -55.806  26.013  16.467 0.0000000000
108901  -56.840  25.657  11.843 0.0000000000
109696  -55.558  26.029  14.272 0.0000000000
109675  -54.049  26.719  15.809 0.0000000000
136321  -52.423  27.041  15.723 0.0000000000
109655  -50.561  26.872  16.601 0.0000000000
113463  -54.903  31.561  13.963 0.0000000000
112712  -53.839  30.019  14.021 0.0000000000
111201  -52.733  28.246  12.384 0.0000000000
137177  -50.124  30.776  14.569 0.0000000000
154501  -50.828  28.533  13.165 0.0000000000
148609  -51.272  27.253  10.960 0.0000000000
109706  -49.632  26.529  11.402 0.0000000000
161852  -48.828  26.531  14.450 0.0000000000
108763  -59.464  25.397  23.255 0.0000000000
107929  -59.556  24.478  23.413 0.0000000000
107934  -59.470  24.520  22.598 0.0000000000
107945  -59.315  24.901  21.679 0.0000000000
108771  -59.400  25.467  21.152 0.0000000000
113543  -53.137  30.795  2.496 0.0000000000
113532  -52.535  30.142  2.476 0.0000000000
147973  -51.447  30.521  2.789 0.0000000000
114109  -49.932  32.177  19.756 0.0000000000
155286  -51.122  33.625  21.151 0.0000000000
120595  -50.193  42.028  16.387 0.0000000000
159423  -50.015  40.899  16.150 0.0000000000
119934  -51.161  40.894  16.370 0.0000000000
115707  -57.257  35.224  11.502 0.0000000000
152464  -58.231  35.745  12.116 0.0000000000
151621  -58.715  34.659  11.562 0.0000000000
114893  -59.076  34.451  11.798 0.0000000000
114892  -58.819  34.087  11.471 0.0000000000
114190  -58.101  32.863  11.464 0.0000000000
120009  -53.846  40.423  8.592 0.0000000000
120008  -52.861  40.266  8.679 0.0000000000
119398  -53.204  39.818  7.931 0.0000000000
114971  -50.840  32.668  5.691 0.0000000000
115759  -50.676  33.687  6.149 0.0000000000
115747  -50.557  33.416  7.140 0.0000000000
145515  -50.927  33.361  7.810 0.0000000000
114956  -51.071  32.347  7.819 0.0000000000
145469  -51.181  31.899  8.207 0.0000000000
114244  -50.575  31.629  7.100 0.0000000000
158724  -48.119  24.540  33.299 0.0000000000
160958  -52.440  26.044  29.114 0.0000000000
108662  -53.211  26.142  29.565 0.0000000000
108663  -53.792  25.964  28.903 0.0000000000
108687  -54.301  25.790  28.137 0.0000000000
121967  -43.657  43.462  17.354 0.0000000000
155743  -43.970  43.413  18.283 0.0000000000
121968  -44.439  43.380  17.701 0.0000000000
121969  -46.090  43.454  18.007 0.0000000000
121984  -45.617  43.940  16.429 0.0000000000
122036  -51.543  44.071  12.344 0.0000000000
122035  -50.569  43.669  12.688 0.0000000000
122026  -51.446  44.360  13.175 0.0000000000
162122  -52.281  44.948  13.691 0.0000000000
160476  -53.390  45.099  12.871 0.0000000000
122699  -54.632  45.380  13.258 0.0000000000
122705  -53.918  45.111  12.136 0.0000000000
120040  -57.610  40.800  6.225 0.0000000000
153685  -58.112  40.460  6.545 0.0000000000
119424  -58.280  39.377  5.220 0.0000000000
118770  -57.790  38.304  4.339 0.0000000000
119433  -57.856  39.046  4.465 0.0000000000
119444  -57.166  38.790  3.641 0.0000000000
108738  -44.808  25.789  25.012 0.0000000000
108722  -45.393  25.580  25.602 0.0000000000
108707  -45.176  25.461  26.335 0.0000000000
108723  -46.243  25.582  25.455 0.0000000000
108709  -46.890  25.449  26.077 0.0000000000
111126  -53.057  28.778  20.504 0.0000000000
110346  -53.297  27.764  21.609 0.0000000000
111111  -53.635  28.317  21.067 0.0000000000
110347  -54.213  27.859  21.606 0.0000000000
153388  -53.986  28.852  20.470 0.0000000000
116370  -49.667  35.772  20.205 0.0000000000
117153  -50.706  36.911  21.888 0.0000000000
117933  -51.164  37.931  22.720 0.0000000000
117154  -51.793  36.844  21.807 0.0000000000
117287  -51.004  36.915  12.932 0.0000000000
117258  -51.555  36.439  14.548 0.0000000000
117259  -52.274  36.172  14.180 0.0000000000
117943  -58.251  37.407  20.222 0.0000000000
117176  -57.359  37.914  20.731 0.0000000000
145060  -58.065  37.311  20.894 0.0000000000
117135  -57.402  37.049  22.371 0.0000000000
117158  -57.866  36.672  21.430 0.0000000000
138204  -57.675  35.993  21.413 0.0000000000
116377  -58.147  36.130  20.757 0.0000000000
111966  -57.771  29.605  13.826 0.0000000000
112707  -57.234  29.973  14.647 0.0000000000
111965  -57.035  28.992  14.509 0.0000000000
111178  -56.662  28.438  15.236 0.0000000000
111189  -57.250  27.839  14.526 0.0000000000
110415  -57.827  26.534  14.716 0.0000000000
150858  -57.720  27.087  13.778 0.0000000000
110434  -53.282  27.095  10.382 0.0000000000
135776  -53.702  26.469  10.496 0.0000000000
109732  -53.026  26.775  10.493 0.0000000000
136766  -52.371  26.310  11.317 0.0000000000
138472  -51.655  26.819  10.622 0.0000000000
156214  -50.968  33.613  13.072 0.0000000000
114852  -51.071  33.156  14.000 0.0000000000
114867  -50.154  33.441  13.687 0.0000000000
111194  -46.018  27.576  12.542 0.0000000000
111185  -47.656  28.518  13.432 0.0000000000
110424  -46.206  27.217  11.772 0.0000000000
142024  -46.629  27.231  11.743 0.0000000000
109718  -45.563  27.140  11.800 0.0000000000
109687  -44.829  26.636  12.940 0.0000000000
109717  -44.983  27.095  11.787 0.0000000000
107087  -57.888  23.924  27.260 0.0000000000
108786  -56.648  25.382  20.242 0.0000000000
161445  -57.356  25.464  18.966 0.0000000000
117378  -54.555  36.765  4.869 0.0000000000
154356  -54.212  35.980  4.524 0.0000000000
155142  -52.617  29.825  3.335 0.0000000000
114259  -53.376  31.815  3.648 0.0000000000
114258  -52.312  31.237  4.140 0.0000000000
113522  -51.708  30.152  4.391 0.0000000000
112761  -50.594  29.023  4.946 0.0000000000
112017  -50.979  28.380  4.171 0.0000000000
160026  -47.622  27.443  4.460 0.0000000000
108576  -49.163  26.632  35.321 0.0000000000
108624  -50.273  26.319  30.802 0.0000000000
108623  -49.272  26.215  30.631 0.0000000000
121980  -41.104  43.494  16.725 0.0000000000
120689  -55.348  41.767  7.062 0.0000000000
120719  -54.191  41.158  5.723 0.0000000000
156965  -53.450  41.373  5.530 0.0000000000
112655  -50.583  30.736  19.488 0.0000000000
111909  -50.323  29.859  19.816 0.0000000000
111910  -51.133  29.924  19.682 0.0000000000
111911  -51.964  29.944  19.626 0.0000000000
160855  -51.788  31.200  19.180 0.0000000000
119929  -45.519  40.409  16.793 0.0000000000
117218  -49.296  36.341  17.617 0.0000000000
117275  -54.553  36.371  12.728 0.0000000000
116466  -55.559  35.936  14.284 0.0000000000
117261  -56.209  36.380  13.432 0.0000000000
153687  -58.540  36.725  14.572 0.0000000000
117248  -58.722  37.018  15.512 0.0000000000
117236  -59.099  37.054  16.116 0.0000000000
117221  -58.697  37.368  17.471 0.0000000000
117222  -59.088  37.168  17.111 0.0000000000
116440  -59.394  36.254  16.781 0.0000000000
139492  -59.391  35.372  15.993 0.0000000000
137592  -59.362  32.638  12.745 0.0000000000
114177  -59.107  32.784  14.229 0.0000000000
113465  -59.366  31.976  12.463 0.0000000000
112709  -59.063  31.206  13.029 0.0000000000
112717  -59.170  30.875  12.039 0.0000000000
111982  -58.781  29.934  11.044 0.0000000000
111986  -58.601  30.589  10.574 0.0000000000
112722  -57.408  30.517  11.374 0.0000000000
111984  -57.750  29.797  10.523 0.0000000000
111981  -56.898  29.407  11.295 0.0000000000
111214  -55.123  28.112  11.380 0.0000000000
111980  -55.788  29.017  12.098 0.0000000000
120626  -52.587  42.109  12.873 0.0000000000
120615  -52.542  42.147  13.956 0.0000000000
119994  -51.708  40.150  9.442 0.0000000000
119975  -50.947  40.518  11.108 0.0000000000
119368  -50.530  39.456  10.196 0.0000000000
153234  -49.894  39.155  11.358 0.0000000000
119377  -50.360  38.765  9.860 0.0000000000
118088  -52.732  37.169  5.616 0.0000000000
118075  -52.226  37.700  6.316 0.0000000000
117357  -51.820  36.891  6.059 0.0000000000
117342  -50.263  36.177  8.004 0.0000000000
118073  -50.675  36.870  7.307 0.0000000000
153201  -50.325  36.723  8.726 0.0000000000
118033  -50.294  37.279  9.902 0.0000000000
155422  -50.634  36.641  10.194 0.0000000000
117314  -51.236  36.311  10.666 0.0000000000
161501  -50.993  36.090  10.079 0.0000000000
115730  -52.939  34.206  9.853 0.0000000000
163575  -53.777  35.136  10.647 0.0000000000
115722  -53.783  34.714  10.681 0.0000000000
138534  -55.167  35.351  11.253 0.0000000000
115705  -54.509  34.908  11.046 0.0000000000
114909  -54.550  34.518  11.453 0.0000000000
115704  -53.776  34.269  10.896 0.0000000000
137370  -50.729  32.051  9.115 0.0000000000
114926  -52.087  32.631  9.973 0.0000000000
114925  -50.971  32.911  10.409 0.0000000000
114905  -50.894  33.513  11.278 0.0000000000
158269  -48.445  30.070  6.298 0.0000000000
113513  -49.040  30.771  6.714 0.0000000000
113512  -47.830  30.692  6.768 0.0000000000
114223  -46.887  32.501  8.309 0.0000000000
114234  -47.715  32.058  7.840 0.0000000000
107864  -50.336  26.416  33.079 0.0000000000
107872  -50.482  25.504  32.411 0.0000000000
108611  -51.341  26.098  32.133 0.0000000000
108628  -54.680  25.747  30.859 0.0000000000
107876  -53.094  25.165  31.454 0.0000000000
107885  -55.069  24.778  31.103 0.0000000000
107040  -54.651  23.955  30.951 0.0000000000
107053  -56.260  24.057  30.194 0.0000000000
107054  -56.823  24.155  29.670 0.0000000000
107896  -56.667  24.572  29.972 0.0000000000
154948  -56.601  25.499  27.129 0.0000000000
108689  -57.328  25.154  28.071 0.0000000000
108713  -57.577  25.329  27.010 0.0000000000
108734  -58.371  25.661  25.778 0.0000000000
108749  -57.660  26.041  25.108 0.0000000000
119911  -38.959  39.972  19.613 0.0000000000
119297  -38.038  39.719  19.901 0.0000000000
119309  -39.884  38.739  18.812 0.0000000000
119917  -40.757  39.940  18.906 0.0000000000
121952  -40.689  43.690  19.385 0.0000000000
121940  -41.924  43.648  19.824 0.0000000000
121232  -44.884  43.246  20.194 0.0000000000
120574  -43.344  42.329  20.067 0.0000000000
120583  -43.824  41.609  19.619 0.0000000000
119919  -43.272  40.705  18.773 0.0000000000
120584  -44.856  41.943  19.819 0.0000000000
120588  -45.046  41.398  18.869 0.0000000000
150719  -45.867  42.269  19.934 0.0000000000
136832  -48.182  43.710  19.218 0.0000000000
121244  -47.680  42.895  19.719 0.0000000000
121246  -48.740  43.537  18.214 0.0000000000
121247  -49.310  43.645  17.683 0.0000000000
121973  -50.080  43.844  17.372 0.0000000000
122667  -47.534  44.639  15.639 0.0000000000
122681  -48.769  44.763  15.304 0.0000000000
136975  -53.365  45.427  15.809 0.0000000000
157362  -51.343  45.216  16.451 0.0000000000
122671  -53.314  45.116  16.672 0.0000000000
122664  -53.238  44.580  17.092 0.0000000000
122672  -54.042  44.610  16.910 0.0000000000
121260  -54.461  43.635  15.562 0.0000000000
122011  -55.078  44.455  15.070 0.0000000000
121298  -56.240  43.854  12.063 0.0000000000
121281  -55.768  44.204  12.883 0.0000000000
120647  -54.997  42.159  10.806 0.0000000000
120648  -56.517  42.601  10.489 0.0000000000
122071  -56.147  44.110  9.910 0.0000000000
122060  -55.555  44.608  10.647 0.0000000000
122072  -56.857  43.637  9.632 0.0000000000
119402  -58.051  40.616  7.375 0.0000000000
120676  -57.695  41.664  8.744 0.0000000000
120026  -57.010  40.381  7.998 0.0000000000
120011  -56.317  40.720  8.608 0.0000000000
119400  -56.632  39.731  7.433 0.0000000000
118751  -55.952  38.461  6.242 0.0000000000
118761  -57.122  37.960  5.649 0.0000000000
117401  -56.014  35.721  3.228 0.0000000000
163632  -55.941  35.656  3.579 0.0000000000
137916  -55.598  35.223  2.731 0.0000000000
115012  -54.650  32.864  2.618 0.0000000000
115816  -54.576  33.884  2.430 0.0000000000
144002  -54.042  34.631  2.202 0.0000000000
118125  -54.905  37.656  1.718 0.0000000000
161753  -53.960  36.269  2.021 0.0000000000
152517  -53.952  37.098  1.965 0.0000000000
141264  -53.335  36.990  2.319 0.0000000000
118115  -53.562  37.722  2.153 0.0000000000
120073  -55.868  39.948  3.086 0.0000000000
108637  -46.409  25.776  29.918 0.0000000000
160331  -49.125  25.421  26.860 0.0000000000
137658  -47.991  25.454  28.314 0.0000000000
108682  -49.613  25.543  27.453 0.0000000000
137656  -50.188  25.775  28.210 0.0000000000
108683  -50.622  25.630  27.395 0.0000000000
109577  -49.744  26.563  22.872 0.0000000000
109560  -49.436  26.236  23.459 0.0000000000
109561  -50.434  26.327  23.269 0.0000000000
109564  -53.288  26.348  23.336 0.0000000000
108757  -52.046  25.830  23.930 0.0000000000
108746  -52.574  25.623  24.604 0.0000000000
108729  -52.400  25.542  25.386 0.0000000000
108730  -53.182  25.554  25.176 0.0000000000
108731  -54.185  25.580  25.593 0.0000000000
108748  -54.543  25.749  24.703 0.0000000000
110332  -55.834  27.583  22.253 0.0000000000
139994  -56.495  26.744  23.553 0.0000000000
109584  -57.046  27.213  23.091 0.0000000000
109585  -57.836  27.282  22.903 0.0000000000
110334  -57.900  27.663  22.058 0.0000000000
159602  -51.845  39.308  24.122 0.0000000000
146764  -52.048  36.377  24.326 0.0000000000
119957  -50.645  40.426  14.083 0.0000000000
119939  -51.431  39.700  15.952 0.0000000000
119946  -50.813  39.590  15.105 0.0000000000
116449  -51.843  35.804  16.056 0.0000000000
117233  -51.197  36.177  16.416 0.0000000000
139969  -51.865  35.387  17.377 0.0000000000
116401  -51.010  35.388  18.267 0.0000000000
116402  -52.298  35.248  18.271 0.0000000000
144183  -55.717  35.584  16.973 0.0000000000
163109  -54.759  35.297  16.644 0.0000000000
116423  -55.742  35.884  17.894 0.0000000000
117942  -55.735  37.742  21.171 0.0000000000
138991  -55.458  36.991  20.310 0.0000000000
117157  -54.528  36.893  20.821 0.0000000000
117174  -53.402  36.530  20.843 0.0000000000
117936  -54.605  38.397  22.460 0.0000000000
117919  -54.027  39.209  23.359 0.0000000000
117920  -55.153  39.260  23.209 0.0000000000
116356  -56.152  35.936  24.041 0.0000000000
117096  -55.806  37.100  24.476 0.0000000000
116337  -55.526  35.900  24.570 0.0000000000
115554  -54.803  35.017  24.479 0.0000000000
115562  -54.723  34.682  24.079 0.0000000000
115567  -53.365  34.487  22.223 0.0000000000
115568  -54.263  34.863  22.108 0.0000000000
138368  -55.412  34.710  20.270 0.0000000000
115583  -54.391  34.217  19.883 0.0000000000
114787  -54.603  33.771  19.063 0.0000000000
114797  -53.541  32.956  18.722 0.0000000000
114798  -54.294  33.109  18.518 0.0000000000
156081  -58.064  33.891  17.455 0.0000000000
115609  -57.653  34.251  18.246 0.0000000000
114820  -57.271  33.233  16.910 0.0000000000
145265  -56.051  30.949  16.281 0.0000000000
114145  -56.077  32.184  16.797 0.0000000000
112676  -55.032  30.701  17.275 0.0000000000
112675  -54.596  31.096  17.800 0.0000000000
111923  -55.229  29.470  18.141 0.0000000000
151077  -55.209  29.512  19.093 0.0000000000
111150  -55.945  28.844  18.103 0.0000000000
110388  -57.363  27.525  16.917 0.0000000000
111165  -57.461  27.696  17.962 0.0000000000
110377  -58.435  27.049  18.366 0.0000000000
110369  -58.943  26.706  19.764 0.0000000000
110378  -59.068  26.359  18.766 0.0000000000
109611  -59.352  25.914  19.189 0.0000000000
110390  -59.141  26.020  17.745 0.0000000000
108879  -57.940  25.539  15.109 0.0000000000
147417  -58.562  25.193  16.328 0.0000000000
108865  -58.087  25.324  15.488 0.0000000000
157927  -56.386  25.735  16.914 0.0000000000
109678  -57.059  25.479  15.240 0.0000000000
109745  -57.662  26.651  10.515 0.0000000000
109728  -57.825  26.012  11.691 0.0000000000
109735  -56.987  26.058  10.439 0.0000000000
109711  -53.923  26.137  12.398 0.0000000000
109712  -55.188  26.023  13.173 0.0000000000
109695  -54.417  26.302  13.908 0.0000000000
109676  -54.793  26.380  15.003 0.0000000000
136320  -53.164  26.990  16.113 0.0000000000
109674  -53.096  26.890  15.185 0.0000000000
109693  -51.368  26.720  14.144 0.0000000000
109673  -51.626  26.966  15.290 0.0000000000
136318  -50.845  26.835  14.873 0.0000000000
139471  -49.865  26.739  16.755 0.0000000000
109654  -49.277  26.711  16.109 0.0000000000
114871  -54.512  33.297  13.266 0.0000000000
114184  -54.822  32.464  13.821 0.0000000000
113456  -52.472  31.366  14.571 0.0000000000
112706  -54.035  30.985  14.238 0.0000000000
112705  -53.359  30.547  14.310 0.0000000000
111972  -53.365  29.088  13.452 0.0000000000
111964  -53.005  29.760  14.079 0.0000000000
113452  -48.958  31.676  14.538 0.0000000000
137651  -49.337  30.954  14.560 0.0000000000
111187  -49.234  28.537  13.174 0.0000000000
111188  -50.033  28.520  13.104 0.0000000000
154763  -50.256  27.765  11.726 0.0000000000
111199  -51.040  27.874  11.831 0.0000000000
111209  -49.703  27.148  10.913 0.0000000000
109722  -50.064  26.840  10.960 0.0000000000
110431  -49.308  26.865  11.004 0.0000000000
109689  -47.655  26.453  13.032 0.0000000000
109690  -48.556  26.440  13.252 0.0000000000
154329  -47.259  26.418  14.355 0.0000000000
109669  -47.825  26.518  15.533 0.0000000000
107921  -58.968  24.806  25.926 0.0000000000
152390  -59.341  23.462  24.711 0.0000000000
107933  -58.887  23.629  22.536 0.0000000000
151131  -54.920  32.359  3.062 0.0000000000
115796  -54.797  33.368  3.473 0.0000000000
113534  -53.970  30.889  2.917 0.0000000000
112771  -52.861  29.729  2.782 0.0000000000
112024  -51.648  29.063  3.216 0.0000000000
157849  -50.068  27.891  3.915 0.0000000000
112027  -50.280  28.190  3.686 0.0000000000
163524  -50.449  32.278  19.684 0.0000000000
114110  -51.041  32.475  19.591 0.0000000000
119931  -48.026  41.139  15.984 0.0000000000
119937  -48.562  40.186  15.754 0.0000000000
119321  -50.299  39.186  16.172 0.0000000000
116488  -56.735  36.178  11.860 0.0000000000
139599  -57.118  36.468  13.462 0.0000000000
117278  -57.665  36.433  13.143 0.0000000000
117264  -58.326  36.411  13.656 0.0000000000
161625  -59.097  35.713  13.759 0.0000000000
115651  -59.231  34.855  13.978 0.0000000000
139493  -59.221  34.126  12.910 0.0000000000
114192  -59.242  33.477  11.786 0.0000000000
113470  -59.037  31.970  10.815 0.0000000000
112729  -58.815  31.440  10.599 0.0000000000
113469  -58.690  32.080  10.849 0.0000000000
140251  -57.350  31.317  11.923 0.0000000000
112715  -56.503  30.852  12.610 0.0000000000
152703  -53.737  42.095  11.495 0.0000000000
120635  -52.360  41.457  11.413 0.0000000000
120660  -53.027  41.062  9.951 0.0000000000
120007  -52.158  40.060  8.888 0.0000000000
119386  -51.535  39.523  8.779 0.0000000000
115760  -51.307  34.308  5.468 0.0000000000
117375  -51.454  36.152  5.987 0.0000000000
155891  -50.839  34.723  6.090 0.0000000000
115748  -50.445  34.512  6.809 0.0000000000
116534  -50.389  35.373  8.229 0.0000000000
116525  -50.761  34.947  8.558 0.0000000000
115740  -50.592  34.474  8.016 0.0000000000
115734  -51.416  33.558  8.367 0.0000000000
114951  -51.974  32.564  8.854 0.0000000000
140316  -52.734  33.016  9.948 0.0000000000
114227  -51.901  32.152  8.964 0.0000000000
114226  -51.402  32.017  8.743 0.0000000000
114225  -50.595  31.864  8.418 0.0000000000
112751  -46.810  29.811  6.536 0.0000000000
155125  -50.446  24.462  31.604 0.0000000000
109493  -51.764  26.217  31.610 0.0000000000
108612  -51.807  26.066  31.828 0.0000000000
108627  -52.863  26.214  31.138 0.0000000000
160448  -54.107  26.137  30.842 0.0000000000
108645  -55.349  25.708  30.144 0.0000000000
108665  -56.187  25.462  29.403 0.0000000000
108664  -54.920  25.870  29.221 0.0000000000
140959  -55.467  25.658  28.398 0.0000000000
136674  -55.326  25.579  26.527 0.0000000000
120570  -39.992  41.243  20.278 0.0000000000
121965  -41.641  43.471  17.724 0.0000000000
121941  -42.664  43.644  19.903 0.0000000000
139517  -43.050  43.553  19.285 0.0000000000
138447  -44.575  43.472  19.993 0.0000000000
121943  -45.524  43.368  20.136 0.0000000000
154676  -46.469  42.960  20.368 0.0000000000
144527  -46.863  43.526  19.618 0.0000000000
121970  -47.326  43.658  18.800 0.0000000000
121986  -47.763  43.945  17.782 0.0000000000
122024  -49.595  43.746  13.639 0.0000000000
122682  -50.185  44.648  14.564 0.0000000000
146845  -51.290  45.031  14.695 0.0000000000
122683  -52.623  45.357  14.724 0.0000000000
137591  -54.127  45.388  15.113 0.0000000000
122012  -55.250  44.910  14.415 0.0000000000
122692  -54.938  45.305  14.326 0.0000000000
122039  -56.044  44.962  12.452 0.0000000000
122050  -56.323  44.514  11.896 0.0000000000
121379  -57.099  42.514  8.026 0.0000000000
121361  -57.383  42.829  8.736 0.0000000000
120691  -57.820  41.703  7.711 0.0000000000
120041  -58.080  40.806  7.251 0.0000000000
118753  -58.285  39.223  6.229 0.0000000000
157689  -58.063  38.566  5.796 0.0000000000
118762  -58.102  38.079  5.158 0.0000000000
117394  -56.876  37.044  3.863 0.0000000000
117408  -55.668  36.217  2.578 0.0000000000
117407  -54.954  35.906  2.115 0.0000000000
118116  -55.826  37.207  2.439 0.0000000000
118126  -55.347  37.708  1.878 0.0000000000
118798  -55.264  38.417  1.676 0.0000000000
147447  -44.345  26.135  24.518 0.0000000000
108720  -43.617  25.714  25.680 0.0000000000
137889  -43.978  25.544  26.249 0.0000000000
108678  -44.888  25.420  27.063 0.0000000000
137659  -46.610  25.428  28.360 0.0000000000
108680  -47.191  25.395  27.705 0.0000000000
136330  -48.405  25.396  26.738 0.0000000000
108711  -49.005  25.394  26.048 0.0000000000
110344  -51.578  27.683  21.649 0.0000000000
110328  -51.276  27.178  22.177 0.0000000000
110329  -52.121  27.242  22.192 0.0000000000
109580  -52.685  26.743  22.703 0.0000000000
109581  -53.575  26.832  22.714 0.0000000000
109565  -54.235  26.459  23.329 0.0000000000
109582  -54.507  26.953  22.721 0.0000000000
155657  -55.217  27.989  21.644 0.0000000000
110348  -56.309  28.059  21.674 0.0000000000
117932  -50.114  38.061  22.812 0.0000000000
118632  -51.132  39.209  24.011 0.0000000000
118633  -52.328  39.456  24.018 0.0000000000
118695  -49.986  38.575  13.701 0.0000000000
152477  -50.364  38.076  14.382 0.0000000000
117990  -50.667  37.407  14.660 0.0000000000
117245  -51.454  36.333  15.532 0.0000000000
116435  -52.345  35.374  16.748 0.0000000000
116406  -56.805  36.713  18.293 0.0000000000
116405  -55.683  36.393  18.847 0.0000000000
117192  -57.254  37.616  19.928 0.0000000000
117175  -56.545  37.700  20.562 0.0000000000
150785  -56.592  38.719  22.156 0.0000000000
117921  -55.978  39.196  22.887 0.0000000000
117922  -57.071  38.194  22.320 0.0000000000
116363  -56.834  36.429  23.247 0.0000000000
116362  -56.219  35.631  23.293 0.0000000000
115569  -55.103  35.169  21.873 0.0000000000
116366  -56.042  35.512  22.212 0.0000000000
115576  -56.490  35.152  20.533 0.0000000000
115584  -56.118  34.697  19.820 0.0000000000
113445  -57.731  31.640  15.211 0.0000000000
113435  -57.186  32.060  15.896 0.0000000000
113444  -56.764  31.110  15.674 0.0000000000
112694  -56.781  30.309  15.270 0.0000000000
111945  -56.017  28.941  15.858 0.0000000000
111171  -56.030  28.610  16.691 0.0000000000
110395  -57.671  27.134  16.060 0.0000000000
110396  -58.396  26.412  16.420 0.0000000000
109643  -58.963  25.640  16.835 0.0000000000
110405  -58.184  26.292  15.598 0.0000000000
109679  -58.215  25.626  15.344 0.0000000000
108897  -57.666  25.771  13.749 0.0000000000
148876  -55.970  26.569  10.252 0.0000000000
109734  -55.480  26.311  10.384 0.0000000000
136768  -54.534  26.051  10.934 0.0000000000
109726  -53.909  26.105  11.147 0.0000000000
139466  -53.398  26.409  13.403 0.0000000000
109694  -52.975  26.658  14.144 0.0000000000
109709  -52.389  26.406  12.723 0.0000000000
109708  -51.386  26.446  12.560 0.0000000000
109692  -50.696  26.555  13.392 0.0000000000
114869  -52.813  33.366  13.303 0.0000000000
114183  -53.872  32.708  13.947 0.0000000000
114181  -52.138  33.041  13.990 0.0000000000
114175  -52.452  32.252  14.439 0.0000000000
113455  -51.834  31.624  14.612 0.0000000000
153707  -47.557  29.491  14.282 0.0000000000
156346  -48.925  30.356  14.441 0.0000000000
111959  -48.198  29.196  14.051 0.0000000000
111186  -48.445  28.540  13.265 0.0000000000
111207  -48.149  27.259  11.305 0.0000000000
109720  -48.587  26.913  11.143 0.0000000000
109719  -47.743  26.991  11.390 0.0000000000
109704  -47.141  26.706  11.946 0.0000000000
137535  -46.681  26.476  12.995 0.0000000000
147227  -46.103  26.362  15.370 0.0000000000
109667  -45.462  26.383  14.441 0.0000000000
137631  -44.555  26.375  14.360 0.0000000000
107067  -55.302  23.439  27.658 0.0000000000
119412  -54.104  39.079  6.788 0.0000000000
143651  -53.464  38.628  6.531 0.0000000000
159701  -53.629  37.273  5.347 0.0000000000
117377  -53.407  36.563  5.014 0.0000000000
116585  -52.981  34.861  4.502 0.0000000000
114983  -53.953  32.889  3.758 0.0000000000
114982  -52.946  33.195  4.104 0.0000000000
115778  -52.688  34.139  4.437 0.0000000000
115777  -51.903  33.623  4.711 0.0000000000
114252  -51.274  31.402  4.968 0.0000000000
113515  -50.471  30.981  6.347 0.0000000000
112754  -50.548  29.994  5.606 0.0000000000
112760  -49.801  29.264  5.444 0.0000000000
112007  -48.503  28.923  5.564 0.0000000000
111248  -49.385  27.666  4.133 0.0000000000
112014  -48.079  27.685  4.753 0.0000000000
107851  -48.849  25.440  34.061 0.0000000000
107837  -49.200  25.577  35.079 0.0000000000
161019  -49.596  26.563  34.265 0.0000000000
108602  -49.834  26.822  33.694 0.0000000000
109484  -49.450  27.127  33.362 0.0000000000
109491  -50.253  26.578  32.376 0.0000000000
108625  -51.249  26.345  30.983 0.0000000000
108642  -51.465  26.256  30.044 0.0000000000
144275  -51.712  26.070  29.131 0.0000000000
121964  -40.782  43.483  17.674 0.0000000000
136284  -42.089  43.485  16.906 0.0000000000
121982  -43.410  43.618  16.428 0.0000000000
122049  -53.970  44.711  11.230 0.0000000000
121359  -55.451  42.886  8.444 0.0000000000
153698  -56.614  42.087  7.438 0.0000000000
120039  -56.337  40.834  5.899 0.0000000000
120051  -56.800  40.314  5.300 0.0000000000
119432  -56.855  39.389  3.768 0.0000000000
120060  -54.852  40.595  4.433 0.0000000000
111107  -50.219  28.103  21.179 0.0000000000
111108  -51.049  28.152  21.138 0.0000000000
111124  -51.358  28.704  20.604 0.0000000000
111897  -52.499  29.323  20.017 0.0000000000
156163  -52.812  29.945  19.510 0.0000000000
116399  -49.325  35.747  18.744 0.0000000000
116371  -50.508  35.600  19.990 0.0000000000
117273  -52.628  36.377  13.173 0.0000000000
116464  -53.739  35.695  14.564 0.0000000000
116465  -54.661  35.779  14.359 0.0000000000
116453  -55.166  35.575  14.947 0.0000000000
116439  -56.767  36.061  16.425 0.0000000000
117247  -57.688  36.582  14.813 0.0000000000
117234  -57.872  36.803  15.900 0.0000000000
117220  -57.882  37.190  17.837 0.0000000000
117958  -58.701  37.391  18.874 0.0000000000
117194  -58.908  36.958  19.226 0.0000000000
116388  -58.815  35.800  19.346 0.0000000000
115600  -59.097  35.538  18.477 0.0000000000
156791  -58.887  34.414  17.480 0.0000000000
114822  -58.777  33.907  16.867 0.0000000000
115636  -59.269  34.539  15.151 0.0000000000
114835  -59.076  33.463  15.270 0.0000000000
114161  -58.774  32.776  15.241 0.0000000000
113459  -58.409  31.343  14.326 0.0000000000
112708  -58.123  30.515  14.026 0.0000000000
111975  -58.336  29.335  12.937 0.0000000000
111216  -58.296  27.830  12.111 0.0000000000
111204  -58.643  29.097  11.991 0.0000000000
111224  -58.188  28.315  10.302 0.0000000000
111227  -57.455  27.640  10.252 0.0000000000
111985  -58.154  30.019  10.417 0.0000000000
111223  -57.670  28.728  10.357 0.0000000000
110443  -56.912  27.405  10.194 0.0000000000
111221  -55.553  27.516  10.445 0.0000000000
110435  -54.358  27.281  10.400 0.0000000000
111213  -53.977  27.847  11.394 0.0000000000
114866  -49.245  33.747  13.458 0.0000000000
114849  -48.607  33.258  14.096 0.0000000000
114171  -48.499  32.443  14.421 0.0000000000
113451  -48.040  31.593  14.557 0.0000000000
112700  -47.550  30.664  14.566 0.0000000000
111958  -46.792  29.870  14.522 0.0000000000
111957  -46.092  29.241  14.489 0.0000000000
147677  -45.883  28.293  13.804 0.0000000000
120604  -52.796  41.910  16.037 0.0000000000
120599  -52.204  41.055  16.126 0.0000000000
120614  -51.655  41.300  14.459 0.0000000000
153382  -50.518  40.658  12.997 0.0000000000
120634  -51.522  41.047  11.474 0.0000000000
119965  -50.819  40.790  12.027 0.0000000000
144437  -50.064  40.118  12.440 0.0000000000
119361  -49.838  39.464  12.027 0.0000000000
137132  -49.899  37.999  11.987 0.0000000000
118015  -50.253  37.482  11.561 0.0000000000
118749  -52.605  38.435  6.690 0.0000000000
118740  -52.119  38.809  7.367 0.0000000000
118739  -51.270  38.444  7.793 0.0000000000
117356  -51.064  36.521  6.600 0.0000000000
118058  -50.975  37.683  7.444 0.0000000000
118729  -50.703  38.271  8.544 0.0000000000
118722  -50.300  37.955  9.385 0.0000000000
118025  -50.271  37.466  10.734 0.0000000000
117302  -50.995  36.857  11.867 0.0000000000
117289  -53.135  36.425  12.245 0.0000000000
117290  -54.086  36.406  11.997 0.0000000000
117291  -54.992  36.317  11.825 0.0000000000
155371  -53.220  35.344  10.556 0.0000000000
116499  -53.820  35.642  10.977 0.0000000000
117292  -55.840  36.259  11.790 0.0000000000
117307  -56.158  35.927  11.516 0.0000000000
115706  -56.070  35.460  11.377 0.0000000000
115685  -57.317  34.597  11.683 0.0000000000
114890  -56.474  33.994  12.314 0.0000000000
115683  -55.399  34.381  11.944 0.0000000000
114889  -54.474  33.901  12.340 0.0000000000
114888  -53.567  33.698  12.532 0.0000000000
114927  -53.075  33.595  10.597 0.0000000000
114907  -52.596  33.576  11.469 0.0000000000
114887  -52.676  33.641  12.441 0.0000000000
114886  -51.785  33.654  12.330 0.0000000000
114885  -50.898  33.780  12.140 0.0000000000
114904  -49.956  33.973  11.863 0.0000000000
155462  -50.418  31.330  7.006 0.0000000000
113506  -49.907  31.287  7.206 0.0000000000
142542  -49.506  32.106  8.418 0.0000000000
113504  -47.525  31.448  7.366 0.0000000000
114235  -48.686  32.158  8.080 0.0000000000
114949  -48.685  32.663  8.745 0.0000000000
107871  -49.391  25.042  32.576 0.0000000000
107026  -51.125  24.629  31.578 0.0000000000
107875  -52.400  25.696  31.615 0.0000000000
107884  -52.352  24.705  31.410 0.0000000000
151790  -54.607  23.539  30.155 0.0000000000
107060  -55.186  23.519  29.339 0.0000000000
136625  -55.927  23.561  28.705 0.0000000000
146279  -57.571  24.008  28.116 0.0000000000
107070  -57.887  24.270  27.739 0.0000000000
108666  -57.147  25.036  29.086 0.0000000000
107907  -58.012  24.741  27.412 0.0000000000
107919  -58.538  24.803  26.583 0.0000000000
108715  -58.677  25.234  26.130 0.0000000000
108751  -59.103  25.693  24.429 0.0000000000
108762  -58.917  26.267  23.537 0.0000000000
120571  -40.686  41.242  20.011 0.0000000000
121223  -42.316  43.260  20.261 0.0000000000
120572  -41.584  41.614  19.972 0.0000000000
119913  -41.176  40.700  19.433 0.0000000000
119918  -41.563  40.199  18.790 0.0000000000
147523  -42.407  40.447  18.764 0.0000000000
119922  -42.770  39.975  17.980 0.0000000000
119924  -44.421  40.550  17.823 0.0000000000
119925  -45.233  40.921  17.733 0.0000000000
120592  -46.168  41.469  17.698 0.0000000000
120585  -46.807  42.500  19.662 0.0000000000
120590  -47.230  42.295  18.265 0.0000000000
120593  -47.666  42.071  16.925 0.0000000000
120594  -48.533  41.927  16.461 0.0000000000
157447  -52.204  42.775  16.699 0.0000000000
121997  -45.360  44.281  15.329 0.0000000000
122657  -46.270  44.371  15.845 0.0000000000
122659  -48.103  44.308  16.789 0.0000000000
122660  -49.016  44.326  17.042 0.0000000000
135606  -49.772  44.965  15.444 0.0000000000
122670  -50.444  45.095  16.316 0.0000000000
122654  -49.941  43.992  17.485 0.0000000000
145680  -51.682  44.349  17.060 0.0000000000
161553  -52.357  43.629  16.901 0.0000000000
121252  -53.003  43.375  16.788 0.0000000000
121259  -53.585  42.756  15.834 0.0000000000
121267  -53.600  42.847  14.759 0.0000000000
121279  -53.629  42.775  13.628 0.0000000000
122027  -55.444  44.538  13.857 0.0000000000
121280  -54.790  43.521  13.337 0.0000000000
161800  -53.653  41.549  10.573 0.0000000000
120661  -54.103  41.360  9.989 0.0000000000
120024  -54.362  40.022  7.918 0.0000000000
122706  -55.127  44.968  11.204 0.0000000000
122061  -56.454  44.401  11.039 0.0000000000
121320  -56.822  43.580  10.601 0.0000000000
121342  -57.433  42.788  9.330 0.0000000000
120663  -57.509  42.162  9.303 0.0000000000
120662  -56.626  41.886  9.768 0.0000000000
120674  -55.838  41.114  9.222 0.0000000000
119399  -55.059  39.511  7.250 0.0000000000
153581  -55.085  38.931  6.631 0.0000000000
118090  -55.366  37.160  5.156 0.0000000000
117392  -55.253  35.965  4.302 0.0000000000
118100  -56.635  36.898  4.415 0.0000000000
117393  -55.983  36.094  4.057 0.0000000000
116604  -55.423  34.629  3.486 0.0000000000
114998  -55.141  32.883  3.037 0.0000000000
114281  -53.525  31.789  2.446 0.0000000000
116620  -54.293  35.389  2.144 0.0000000000
116619  -53.508  35.458  2.298 0.0000000000
119443  -56.143  39.357  2.716 0.0000000000
154826  -56.027  39.111  2.146 0.0000000000
119473  -55.613  39.212  1.751 0.0000000000
141572  -47.252  26.173  30.764 0.0000000000
144399  -46.935  25.511  29.101 0.0000000000
108638  -47.493  25.739  29.856 0.0000000000
108639  -48.440  25.799  29.776 0.0000000000
145621  -49.850  25.883  28.973 0.0000000000
137655  -51.156  25.839  28.275 0.0000000000
108685  -52.410  25.725  27.726 0.0000000000
108742  -48.598  25.799  24.386 0.0000000000
161595  -49.124  25.684  24.603 0.0000000000
108726  -49.603  25.483  25.530 0.0000000000
109562  -51.455  26.285  23.297 0.0000000000
108744  -50.796  25.571  24.738 0.0000000000
108727  -50.508  25.474  25.640 0.0000000000
136675  -51.360  25.522  26.328 0.0000000000
136326  -52.792  25.635  27.037 0.0000000000
108686  -53.285  25.772  27.898 0.0000000000
136325  -53.727  25.626  27.180 0.0000000000
108760  -54.863  26.103  23.976 0.0000000000
108761  -55.895  26.223  24.132 0.0000000000
137487  -56.428  25.836  25.083 0.0000000000
109549  -57.933  26.474  24.342 0.0000000000
109568  -58.240  26.740  23.617 0.0000000000
144814  -58.916  26.684  22.036 0.0000000000
116333  -50.943  35.312  23.962 0.0000000000
114753  -51.462  33.879  23.646 0.0000000000
114754  -52.361  33.799  23.998 0.0000000000
119333  -51.544  39.987  16.086 0.0000000000
118675  -50.481  38.391  16.126 0.0000000000
117984  -50.726  37.439  15.698 0.0000000000
117979  -50.528  37.588  16.179 0.0000000000
117231  -49.676  36.808  17.020 0.0000000000
116418  -50.493  35.685  17.796 0.0000000000
116383  -50.755  35.370  19.075 0.0000000000
116451  -53.466  35.423  15.460 0.0000000000
116436  -53.243  35.234  16.347 0.0000000000
116421  -53.837  35.270  17.746 0.0000000000
148769  -55.225  36.518  19.562 0.0000000000
116386  -54.540  36.004  19.091 0.0000000000
116385  -53.680  35.865  19.432 0.0000000000
116373  -52.990  35.939  19.973 0.0000000000
117173  -52.392  36.260  20.788 0.0000000000
117934  -52.267  37.958  22.620 0.0000000000
118634  -53.493  39.734  24.007 0.0000000000
118616  -53.769  39.422  24.390 0.0000000000
118626  -55.408  39.447  24.003 0.0000000000
117897  -54.505  38.367  24.644 0.0000000000
162753  -54.365  37.137  24.742 0.0000000000
116336  -54.026  35.062  24.539 0.0000000000
115561  -52.947  34.219  24.216 0.0000000000
115560  -52.404  33.924  23.471 0.0000000000
115566  -52.471  34.172  22.228 0.0000000000
114776  -52.347  33.973  20.921 0.0000000000
135592  -52.231  33.467  19.898 0.0000000000
115574  -54.613  34.758  20.959 0.0000000000
140931  -53.262  33.955  20.184 0.0000000000
114786  -52.857  33.147  19.105 0.0000000000
113406  -52.408  31.401  18.941 0.0000000000
112658  -53.141  30.684  19.004 0.0000000000
111912  -53.664  29.895  19.408 0.0000000000
115586  -58.065  35.067  19.492 0.0000000000
115598  -57.358  34.569  18.997 0.0000000000
114800  -56.561  34.030  18.345 0.0000000000
114133  -56.372  32.872  17.138 0.0000000000
114808  -55.886  33.281  17.756 0.0000000000
114122  -54.936  32.837  17.932 0.0000000000
114131  -54.711  31.966  17.782 0.0000000000
112666  -54.265  30.671  18.333 0.0000000000
111913  -54.450  29.787  19.285 0.0000000000
111900  -54.997  29.427  19.739 0.0000000000
149149  -56.057  28.759  20.512 0.0000000000
111128  -56.764  28.587  20.240 0.0000000000
111151  -56.668  28.417  18.508 0.0000000000
111139  -57.542  28.116  19.869 0.0000000000
111129  -57.481  28.184  20.728 0.0000000000
110350  -58.106  27.750  21.206 0.0000000000
110360  -58.788  27.039  20.716 0.0000000000
109591  -59.438  26.020  21.602 0.0000000000
108789  -59.325  25.692  19.739 0.0000000000
108810  -59.054  25.505  19.223 0.0000000000
141242  -59.023  25.422  18.422 0.0000000000
108867  -58.882  25.202  16.542 0.0000000000
108851  -58.990  25.190  17.038 0.0000000000
108831  -57.457  25.391  17.848 0.0000000000
108849  -56.326  25.779  17.637 0.0000000000
110426  -57.930  26.668  12.907 0.0000000000
109713  -57.899  25.985  12.756 0.0000000000
108890  -57.320  25.616  13.922 0.0000000000
108895  -56.056  25.715  12.507 0.0000000000
108889  -56.400  25.726  13.594 0.0000000000
108877  -56.752  25.631  14.468 0.0000000000
109677  -55.896  25.932  15.139 0.0000000000
137258  -54.727  26.504  16.686 0.0000000000
141058  -54.283  26.520  17.692 0.0000000000
109657  -53.659  26.819  16.830 0.0000000000
139469  -52.620  27.009  16.823 0.0000000000
109656  -51.802  27.066  16.347 0.0000000000
114873  -56.894  33.102  12.637 0.0000000000
114185  -55.942  32.245  13.382 0.0000000000
145292  -55.730  31.226  13.408 0.0000000000
113458  -54.033  31.883  14.288 0.0000000000
112713  -54.813  30.466  13.713 0.0000000000
111974  -55.247  29.657  12.984 0.0000000000
111973  -54.291  29.388  13.346 0.0000000000
111202  -53.677  28.476  12.516 0.0000000000
111212  -52.941  27.603  11.255 0.0000000000
163251  -50.024  32.384  14.454 0.0000000000
112702  -49.545  30.169  14.424 0.0000000000
138590  -50.507  29.267  14.098 0.0000000000
111962  -51.319  29.413  14.153 0.0000000000
111970  -51.663  28.653  13.331 0.0000000000
111200  -51.870  28.087  12.136 0.0000000000
111211  -52.035  27.401  11.064 0.0000000000
110432  -50.954  26.784  10.951 0.0000000000
109707  -50.496  26.458  11.613 0.0000000000
109691  -49.906  26.454  12.732 0.0000000000
109721  -49.006  26.617  11.330 0.0000000000
154438  -49.334  26.494  13.705 0.0000000000
109671  -49.399  26.662  15.034 0.0000000000
107038  -52.146  23.739  30.784 0.0000000000
107041  -55.462  23.953  30.666 0.0000000000
107061  -56.303  23.781  29.610 0.0000000000
107068  -56.649  23.624  28.023 0.0000000000
107069  -57.150  23.948  29.035 0.0000000000
107852  -49.381  26.616  34.832 0.0000000000
107862  -48.625  24.889  33.048 0.0000000000
107874  -51.759  25.426  31.774 0.0000000000
107886  -56.002  24.604  30.592 0.0000000000
107903  -57.100  24.541  29.368 0.0000000000
107924  -59.462  24.874  24.035 0.0000000000
107928  -59.550  23.981  24.014 0.0000000000
108588  -49.627  26.895  34.191 0.0000000000
108603  -50.094  26.653  33.117 0.0000000000
108622  -48.299  26.164  30.652 0.0000000000
108640  -49.415  25.948  29.683 0.0000000000
108643  -52.470  26.296  30.108 0.0000000000
108646  -56.234  25.193  30.156 0.0000000000
108647  -56.884  25.021  29.702 0.0000000000
108658  -44.058  25.614  28.830 0.0000000000
108661  -47.773  25.546  29.064 0.0000000000
108677  -43.957  25.443  27.015 0.0000000000
108688  -56.030  25.529  27.683 0.0000000000
108706  -44.507  25.482  26.474 0.0000000000
108708  -46.006  25.462  26.213 0.0000000000
108710  -47.900  25.437  25.906 0.0000000000
108712  -54.211  25.570  26.554 0.0000000000
108733  -57.532  25.650  26.001 0.0000000000
108735  -58.876  25.441  25.468 0.0000000000
108737  -44.002  25.871  25.040 0.0000000000
108739  -45.614  25.790  24.880 0.0000000000
108743  -49.753  25.585  24.806 0.0000000000
108745  -51.744  25.601  24.662 0.0000000000
108747  -53.635  25.671  24.636 0.0000000000
108756  -51.100  25.856  23.948 0.0000000000
108758  -52.990  25.801  24.000 0.0000000000
108767  -59.477  25.392  22.097 0.0000000000
108770  -59.230  25.179  20.880 0.0000000000
108809  -58.628  25.373  18.978 0.0000000000
108811  -59.101  25.555  18.684 0.0000000000
108832  -58.701  25.253  17.924 0.0000000000
108896  -57.137  25.615  13.003 0.0000000000
108900  -55.704  25.850  11.277 0.0000000000
108902  -57.553  25.787  12.364 0.0000000000
108906  -56.514  25.911  10.759 0.0000000000
108907  -57.307  25.823  11.264 0.0000000000
109472  -49.454  27.167  33.997 0.0000000000
109492  -51.074  26.358  31.963 0.0000000000
109494  -52.322  26.079  31.544 0.0000000000
109542  -45.005  26.133  24.343 0.0000000000
109547  -48.820  26.061  23.812 0.0000000000
109550  -58.547  26.294  24.213 0.0000000000
109566  -55.339  26.654  23.309 0.0000000000
109567  -57.459  26.849  23.639 0.0000000000
109576  -49.069  26.616  22.805 0.0000000000
109578  -50.947  26.706  22.689 0.0000000000
109579  -51.813  26.717  22.703 0.0000000000
109583  -56.190  27.174  22.885 0.0000000000
109586  -58.611  26.814  22.875 0.0000000000
109590  -59.169  26.512  21.130 0.0000000000
109600  -59.473  25.888  20.667 0.0000000000
109630  -59.175  25.602  18.202 0.0000000000
109641  -53.168  26.736  17.661 0.0000000000
109644  -59.061  25.325  17.292 0.0000000000
109659  -57.129  25.431  16.134 0.0000000000
109660  -58.655  25.473  16.105 0.0000000000
109672  -50.156  26.846  15.721 0.0000000000
109688  -45.727  26.550  12.963 0.0000000000
109702  -45.159  26.947  11.901 0.0000000000
109710  -52.961  26.233  12.092 0.0000000000
109723  -51.616  26.446  11.148 0.0000000000
109724  -52.249  26.637  10.702 0.0000000000
109733  -54.476  26.560  10.281 0.0000000000
109736  -57.543  26.145  10.829 0.0000000000
109737  -58.056  26.593  11.020 0.0000000000
109742  -55.021  26.692  10.134 0.0000000000
109744  -57.194  26.479  10.293 0.0000000000
110326  -49.576  27.001  22.302 0.0000000000
110330  -52.982  27.267  22.166 0.0000000000
110333  -56.977  27.657  22.384 0.0000000000
110343  -50.740  27.624  21.662 0.0000000000
110345  -52.424  27.722  21.633 0.0000000000
110351  -58.575  27.224  21.610 0.0000000000
110368  -58.354  27.364  19.360 0.0000000000
110414  -45.019  27.577  13.038 0.0000000000
110430  -48.151  27.081  11.162 0.0000000000
110436  -58.089  26.634  11.926 0.0000000000
110441  -53.969  26.782  10.142 0.0000000000
110442  -55.920  26.976  10.117 0.0000000000
110444  -57.950  27.294  10.413 0.0000000000
110447  -56.514  26.780  10.161 0.0000000000
110448  -56.995  26.928  10.095 0.0000000000
110449  -57.434  26.997  10.233 0.0000000000
111110  -52.733  28.262  21.097 0.0000000000
111112  -54.612  28.422  21.056 0.0000000000
111114  -56.641  28.442  21.002 0.0000000000
111125  -52.186  28.744  20.553 0.0000000000
111127  -55.070  28.981  20.404 0.0000000000
111138  -55.891  29.092  19.800 0.0000000000
111152  -57.528  27.909  18.949 0.0000000000
111163  -55.566  28.994  17.333 0.0000000000
111164  -56.478  28.330  17.505 0.0000000000
111195  -46.979  27.694  12.325 0.0000000000
111196  -47.874  27.793  12.119 0.0000000000
111197  -48.646  27.812  11.940 0.0000000000
111203  -58.153  28.489  12.840 0.0000000000
111208  -48.818  27.145  11.035 0.0000000000
111210  -50.506  27.175  10.927 0.0000000000
111217  -58.602  28.760  11.012 0.0000000000
111222  -56.721  27.881  10.357 0.0000000000
111246  -46.952  27.487  4.613 0.0000000000
111247  -48.403  27.491  4.266 0.0000000000
111249  -50.198  27.855  4.000 0.0000000000
111252  -48.855  27.596  4.032 0.0000000000
111253  -49.597  27.717  3.970 0.0000000000
111254  -50.722  28.186  3.835 0.0000000000
111896  -50.065  29.221  20.273 0.0000000000
111899  -54.260  29.383  19.877 0.0000000000
111914  -55.951  29.039  18.888 0.0000000000
111933  -54.695  30.231  17.850 0.0000000000
111934  -55.114  29.792  17.229 0.0000000000
111961  -49.751  29.274  14.093 0.0000000000
111963  -52.182  29.589  14.151 0.0000000000
111971  -52.505  28.834  13.448 0.0000000000
112016  -50.087  28.237  4.536 0.0000000000
112023  -51.308  28.723  3.466 0.0000000000
112028  -51.133  28.574  3.567 0.0000000000
112656  -51.479  30.627  19.393 0.0000000000
112659  -53.984  30.351  18.899 0.0000000000
112687  -55.484  30.378  16.639 0.0000000000
112688  -56.064  30.079  15.869 0.0000000000
112701  -48.282  30.071  14.383 0.0000000000
112703  -50.158  29.980  14.413 0.0000000000
112714  -55.676  30.413  13.122 0.0000000000
112716  -58.655  30.266  13.025 0.0000000000
112723  -58.240  31.426  10.852 0.0000000000
112724  -59.096  30.984  11.012 0.0000000000
112753  -49.206  29.995  6.122 0.0000000000
112762  -51.125  29.431  4.752 0.0000000000
112770  -52.049  29.215  3.078 0.0000000000
112777  -52.404  29.415  2.941 0.0000000000
112778  -53.469  30.300  2.825 0.0000000000
112783  -53.175  29.759  2.753 0.0000000000
113403  -49.787  31.321  19.595 0.0000000000
113404  -50.565  31.759  19.484 0.0000000000
113405  -51.192  31.370  19.327 0.0000000000
113413  -53.230  31.688  18.612 0.0000000000
113423  -55.061  31.494  17.402 0.0000000000
113433  -55.610  31.406  16.845 0.0000000000
113446  -58.604  32.123  14.755 0.0000000000
113457  -53.242  31.334  14.466 0.0000000000
113464  -56.688  31.722  12.798 0.0000000000
113468  -57.735  32.045  11.654 0.0000000000
113528  -53.360  30.593  3.311 0.0000000000
113533  -53.410  30.252  2.880 0.0000000000
113535  -54.330  31.407  2.887 0.0000000000
114098  -50.302  32.715  19.987 0.0000000000
114111  -51.947  32.761  19.326 0.0000000000
114112  -52.498  32.271  18.844 0.0000000000
114119  -53.157  32.516  18.692 0.0000000000
114120  -53.766  32.394  18.467 0.0000000000
114121  -54.349  32.390  18.191 0.0000000000
114146  -56.777  32.492  16.529 0.0000000000
114147  -57.665  32.800  16.284 0.0000000000
114148  -58.599  33.242  16.062 0.0000000000
114160  -58.088  32.443  15.568 0.0000000000
114172  -49.425  32.466  14.413 0.0000000000
114173  -50.607  32.379  14.469 0.0000000000
114182  -53.026  32.902  13.984 0.0000000000
114216  -50.436  32.613  9.762 0.0000000000
114233  -46.709  31.733  7.692 0.0000000000
114236  -49.750  31.740  7.862 0.0000000000
114260  -54.312  31.788  3.267 0.0000000000
114271  -54.696  32.002  2.960 0.0000000000
114282  -54.286  31.830  2.698 0.0000000000
114766  -50.510  33.495  21.252 0.0000000000
114767  -51.687  33.909  21.625 0.0000000000
114775  -51.614  33.584  20.565 0.0000000000
114785  -51.512  33.149  19.838 0.0000000000
114788  -55.325  34.271  19.416 0.0000000000
114850  -49.429  33.160  14.104 0.0000000000
114851  -50.127  32.887  14.239 0.0000000000
114853  -59.235  33.766  14.201 0.0000000000
114865  -48.304  33.804  13.534 0.0000000000
114908  -53.351  33.838  11.528 0.0000000000
114924  -49.675  33.455  10.384 0.0000000000
114939  -49.179  32.933  9.332 0.0000000000
114940  -52.187  32.615  9.373 0.0000000000
114964  -50.697  32.337  6.875 0.0000000000
114972  -51.456  32.540  4.848 0.0000000000
114996  -54.854  32.396  3.159 0.0000000000
114997  -55.162  33.021  3.094 0.0000000000
115011  -53.880  32.566  2.408 0.0000000000
115543  -51.604  34.208  23.936 0.0000000000
115544  -52.604  34.267  24.205 0.0000000000
115545  -53.407  34.398  24.302 0.0000000000
115553  -53.868  34.423  24.261 0.0000000000
115559  -51.765  33.856  22.784 0.0000000000
115572  -53.000  34.283  21.318 0.0000000000
115597  -56.296  34.394  19.145 0.0000000000
115610  -58.638  34.598  18.115 0.0000000000
115611  -59.263  35.312  17.654 0.0000000000
115623  -59.286  34.847  16.893 0.0000000000
115684  -56.329  34.811  11.614 0.0000000000
115686  -58.236  35.193  11.567 0.0000000000
115687  -58.806  35.161  11.940 0.0000000000
115721  -53.339  34.660  10.290 0.0000000000
115728  -51.440  34.397  8.812 0.0000000000
115729  -52.153  33.345  8.976 0.0000000000
115761  -52.069  34.660  4.909 0.0000000000
115797  -55.345  33.845  3.243 0.0000000000
115798  -55.456  33.606  2.996 0.0000000000
115815  -53.689  33.655  2.282 0.0000000000
115817  -55.186  33.656  2.782 0.0000000000
116334  -51.903  35.282  24.138 0.0000000000
116338  -56.008  36.340  24.340 0.0000000000
116355  -55.510  35.195  24.110 0.0000000000
116375  -56.907  35.599  21.461 0.0000000000
116376  -57.586  35.573  20.736 0.0000000000
116381  -49.294  35.720  19.529 0.0000000000
116382  -49.950  35.539  19.313 0.0000000000
116384  -51.687  35.309  18.849 0.0000000000
116387  -58.192  35.606  20.097 0.0000000000
116389  -58.561  36.393  20.006 0.0000000000
116403  -52.982  35.242  18.056 0.0000000000
116407  -59.175  36.486  18.641 0.0000000000
116417  -49.698  35.839  18.006 0.0000000000
116419  -51.255  35.529  17.564 0.0000000000
116422  -54.755  35.397  17.417 0.0000000000
116425  -59.316  36.482  17.822 0.0000000000
116434  -51.556  35.665  16.878 0.0000000000
116437  -54.174  35.195  16.060 0.0000000000
116438  -55.431  35.464  15.857 0.0000000000
116454  -56.705  36.044  15.424 0.0000000000
116455  -59.280  35.903  14.859 0.0000000000
116463  -52.835  35.750  14.822 0.0000000000
116467  -56.509  36.162  14.484 0.0000000000
116468  -58.884  36.406  14.191 0.0000000000
116477  -54.120  36.097  13.656 0.0000000000
116478  -55.071  36.191  13.504 0.0000000000
116479  -58.679  35.856  13.007 0.0000000000
116501  -56.754  35.738  11.542 0.0000000000
116508  -51.606  35.622  9.972 0.0000000000
116509  -52.664  35.037  9.986 0.0000000000
116516  -50.932  35.623  9.388 0.0000000000
116546  -50.347  35.215  7.516 0.0000000000
116565  -51.536  35.347  5.595 0.0000000000
116587  -54.856  35.215  4.063 0.0000000000
116588  -55.613  35.387  3.733 0.0000000000
116622  -55.559  34.283  2.929 0.0000000000
117094  -53.715  36.414  24.611 0.0000000000
117095  -55.134  37.038  24.780 0.0000000000
117115  -56.413  37.052  23.855 0.0000000000
117116  -56.988  37.398  23.060 0.0000000000
117136  -57.618  37.607  21.505 0.0000000000
117156  -53.953  37.333  21.674 0.0000000000
117171  -50.183  36.191  21.009 0.0000000000
117178  -58.580  37.047  19.902 0.0000000000
117190  -54.486  36.400  19.869 0.0000000000
117193  -58.304  37.506  19.125 0.0000000000
117202  -56.917  37.176  19.131 0.0000000000
117203  -57.775  37.369  18.680 0.0000000000
117204  -58.526  37.420  18.365 0.0000000000
117219  -50.069  36.187  17.427 0.0000000000
117232  -50.512  36.525  16.827 0.0000000000
117235  -58.773  37.236  16.488 0.0000000000
117244  -50.909  36.846  16.086 0.0000000000
117246  -52.044  35.936  15.125 0.0000000000
117249  -59.063  36.845  15.181 0.0000000000
117260  -53.170  36.028  13.863 0.0000000000
117262  -57.068  36.417  14.020 0.0000000000
117271  -51.014  36.907  13.998 0.0000000000
117277  -56.921  36.477  12.739 0.0000000000
117288  -51.996  36.508  12.380 0.0000000000
117303  -51.917  36.329  11.357 0.0000000000
117305  -54.453  35.992  11.320 0.0000000000
117306  -55.357  35.839  11.374 0.0000000000
117315  -52.285  35.795  10.578 0.0000000000
117376  -52.339  36.215  5.394 0.0000000000
117409  -56.316  36.589  3.199 0.0000000000
117414  -54.561  36.911  1.911 0.0000000000
117895  -52.159  38.650  24.484 0.0000000000
117896  -53.433  38.176  24.636 0.0000000000
117898  -55.336  38.399  24.471 0.0000000000
117905  -50.065  39.057  24.092 0.0000000000
117906  -56.022  38.396  24.003 0.0000000000
117916  -50.593  38.801  23.622 0.0000000000
117918  -52.820  39.085  23.474 0.0000000000
117935  -53.416  38.083  22.545 0.0000000000
117950  -58.005  37.718  19.934 0.0000000000
117951  -58.500  37.397  19.518 0.0000000000
118005  -50.349  37.510  12.423 0.0000000000
118057  -50.440  37.157  8.028 0.0000000000
118074  -51.377  37.348  6.744 0.0000000000
118099  -55.802  36.612  4.657 0.0000000000
118101  -57.505  37.495  4.490 0.0000000000
118107  -57.368  37.694  3.882 0.0000000000
118124  -54.264  37.681  1.819 0.0000000000
118617  -54.691  39.523  24.279 0.0000000000
118622  -50.654  39.111  24.113 0.0000000000
118623  -53.105  39.597  24.124 0.0000000000
118624  -54.073  39.854  24.074 0.0000000000
118625  -54.784  39.817  24.010 0.0000000000
118627  -55.985  39.202  23.391 0.0000000000
118636  -55.273  39.485  23.663 0.0000000000
118681  -49.621  38.494  16.172 0.0000000000
118689  -50.603  38.094  15.370 0.0000000000
118702  -49.892  38.250  12.747 0.0000000000
118717  -50.087  38.042  10.315 0.0000000000
118730  -51.183  38.886  8.407 0.0000000000
118738  -50.691  37.848  8.065 0.0000000000
118750  -54.487  38.407  6.144 0.0000000000
118752  -57.412  38.741  6.322 0.0000000000
118760  -55.584  37.802  5.644 0.0000000000
118763  -58.362  38.943  5.548 0.0000000000
118779  -57.226  38.190  3.571 0.0000000000
118785  -53.877  38.419  1.894 0.0000000000
118786  -55.866  38.302  2.203 0.0000000000
119304  -37.880  38.894  19.795 0.0000000000
119307  -39.903  39.716  19.136 0.0000000000
119310  -40.435  39.236  18.695 0.0000000000
119323  -51.391  40.054  16.240 0.0000000000
119340  -50.895  38.937  15.834 0.0000000000
119354  -49.763  39.256  12.882 0.0000000000
119367  -50.071  38.852  10.630 0.0000000000
119385  -50.768  38.856  9.061 0.0000000000
119396  -51.779  39.167  8.020 0.0000000000
119397  -52.465  39.345  7.734 0.0000000000
119401  -57.813  40.171  7.416 0.0000000000
119411  -53.074  39.118  7.175 0.0000000000
119413  -56.288  39.106  6.826 0.0000000000
119415  -58.257  40.087  6.816 0.0000000000
119434  -58.302  38.762  4.949 0.0000000000
119904  -39.292  40.817  20.259 0.0000000000
119914  -42.009  40.986  19.449 0.0000000000
119923  -43.593  40.257  17.887 0.0000000000
119930  -46.781  40.416  16.057 0.0000000000
119932  -48.985  40.997  15.923 0.0000000000
119935  -51.724  40.482  16.202 0.0000000000
119940  -51.854  40.304  15.987 0.0000000000
119983  -50.405  39.751  10.814 0.0000000000
119984  -51.164  40.218  10.238 0.0000000000
119985  -52.116  40.730  10.042 0.0000000000
119995  -52.512  40.517  9.361 0.0000000000
119997  -54.650  41.016  9.340 0.0000000000
120010  -55.018  40.572  8.586 0.0000000000
120012  -57.458  41.025  8.478 0.0000000000
120013  -57.937  41.420  8.131 0.0000000000
120027  -57.887  40.765  7.857 0.0000000000
120028  -58.045  41.017  7.650 0.0000000000
120052  -58.085  40.114  5.643 0.0000000000
120573  -42.427  41.951  19.989 0.0000000000
120575  -44.424  42.616  20.182 0.0000000000
120600  -52.633  42.195  16.357 0.0000000000
120603  -52.205  41.011  15.745 0.0000000000
120613  -51.021  41.080  13.481 0.0000000000
120625  -51.796  41.468  12.208 0.0000000000
120646  -52.729  41.311  10.674 0.0000000000
120649  -57.255  42.796  9.956 0.0000000000
120664  -57.757  42.155  8.606 0.0000000000
120690  -57.481  41.927  7.552 0.0000000000
120692  -57.942  41.345  7.663 0.0000000000
120706  -55.301  41.172  6.162 0.0000000000
120708  -57.858  41.276  7.139 0.0000000000
121224  -42.911  43.468  20.104 0.0000000000
121229  -41.997  42.605  20.264 0.0000000000
121230  -42.796  42.881  20.273 0.0000000000
121231  -43.709  43.150  20.236 0.0000000000
121233  -45.939  43.141  20.350 0.0000000000
121240  -47.278  43.140  20.148 0.0000000000
121241  -47.896  43.360  19.696 0.0000000000
121242  -48.506  43.676  18.952 0.0000000000
121249  -48.460  42.751  17.425 0.0000000000
121250  -49.209  42.819  16.948 0.0000000000
121256  -53.367  42.894  16.365 0.0000000000
121257  -54.110  43.549  16.379 0.0000000000
121296  -53.675  42.553  12.597 0.0000000000
121297  -54.954  43.139  12.370 0.0000000000
121299  -56.561  43.999  11.396 0.0000000000
121321  -57.161  43.357  9.898 0.0000000000
121378  -55.977  42.469  7.865 0.0000000000
121380  -57.696  42.182  8.106 0.0000000000
121935  -42.219  43.572  20.058 0.0000000000
121939  -41.204  43.715  19.953 0.0000000000
121953  -42.146  43.557  18.908 0.0000000000
121954  -43.870  43.488  19.277 0.0000000000
121956  -45.935  43.456  19.476 0.0000000000
121966  -43.220  43.429  18.225 0.0000000000
121971  -48.773  44.020  18.300 0.0000000000
121972  -48.805  43.796  18.166 0.0000000000
121974  -50.786  44.148  17.136 0.0000000000
121981  -42.658  43.641  16.188 0.0000000000
121987  -51.412  43.750  16.965 0.0000000000
121988  -52.575  44.192  17.064 0.0000000000
121989  -53.561  44.133  17.018 0.0000000000
121998  -54.626  44.405  16.195 0.0000000000
122028  -55.520  45.032  13.435 0.0000000000
122081  -56.217  43.461  9.118 0.0000000000
122082  -57.237  43.241  9.366 0.0000000000
122658  -47.154  44.341  16.357 0.0000000000
122661  -50.291  44.474  16.922 0.0000000000
122663  -52.254  44.820  16.922 0.0000000000
122666  -46.811  44.563  15.486 0.0000000000
122669  -49.486  44.784  16.267 0.0000000000
122684  -54.896  44.966  15.300 0.0000000000
122689  -51.591  44.799  13.923 0.0000000000
122690  -52.407  44.706  12.987 0.0000000000
122708  -56.195  44.870  11.749 0.0000000000
122714  -55.980  44.965  11.327 0.0000000000
135591  -44.983  43.581  17.070 0.0000000000
135671  -55.403  41.685  10.062 0.0000000000
135746  -57.747  37.743  20.759 0.0000000000
135839  -51.703  33.088  10.713 0.0000000000
135971  -59.295  32.480  11.472 0.0000000000
136083  -52.458  33.147  10.551 0.0000000000
136234  -48.135  26.486  14.402 0.0000000000
136283  -42.900  43.492  17.129 0.0000000000
136322  -51.040  27.002  15.996 0.0000000000
136324  -52.216  25.565  26.254 0.0000000000
136327  -51.949  25.598  26.995 0.0000000000
136328  -50.584  25.508  26.524 0.0000000000
136331  -47.510  25.393  26.793 0.0000000000
136525  -50.681  36.939  11.073 0.0000000000
136573  -53.599  36.179  11.477 0.0000000000
136912  -53.937  35.169  16.895 0.0000000000
136997  -41.307  43.516  18.404 0.0000000000
137139  -53.919  34.501  23.415 0.0000000000
137181  -53.792  33.951  4.036 0.0000000000
137394  -49.910  25.462  26.095 0.0000000000
137534  -49.116  26.427  12.228 0.0000000000
137654  -52.020  25.863  28.373 0.0000000000
137657  -49.035  25.571  28.206 0.0000000000
137813  -56.706  38.286  21.458 0.0000000000
137892  -54.524  31.658  3.049 0.0000000000
138076  -58.495  25.143  17.122 0.0000000000
138095  -52.757  35.429  18.991 0.0000000000
138594  -45.248  43.370  18.204 0.0000000000
138996  -57.890  27.721  13.108 0.0000000000
139052  -48.918  25.553  25.111 0.0000000000
139079  -53.086  35.157  17.226 0.0000000000
139431  -57.571  36.195  12.313 0.0000000000
139553  -50.064  40.055  13.271 0.0000000000
139817  -50.446  36.554  9.396 0.0000000000
140287  -56.681  27.997  16.142 0.0000000000
140337  -51.705  41.598  13.232 0.0000000000
140917  -51.737  35.250  17.982 0.0000000000
140949  -55.329  45.302  12.518 0.0000000000
140972  -41.620  43.581  20.054 0.0000000000
141061  -50.433  38.763  14.744 0.0000000000
141209  -49.765  38.688  12.028 0.0000000000
142032  -51.992  31.382  2.517 0.0000000000
142155  -46.195  40.685  16.588 0.0000000000
142225  -52.655  33.420  9.626 0.0000000000
142620  -44.639  43.984  15.885 0.0000000000
144659  -53.753  25.815  31.226 0.0000000000
144845  -49.318  43.804  17.669 0.0000000000
145620  -50.800  26.032  29.058 0.0000000000
145622  -48.607  25.637  28.973 0.0000000000
145796  -55.281  33.720  12.650 0.0000000000
146107  -58.233  34.659  11.477 0.0000000000
146263  -50.946  31.897  7.706 0.0000000000
147088  -51.241  42.380  16.561 0.0000000000
147202  -49.655  44.293  17.156 0.0000000000
147226  -55.216  26.302  15.855 0.0000000000
147477  -57.253  28.832  10.579 0.0000000000
147638  -51.660  29.313  20.098 0.0000000000
149005  -59.117  24.041  25.515 0.0000000000
149467  -53.720  35.516  18.593 0.0000000000
149748  -49.296  25.847  24.165 0.0000000000
150060  -53.102  33.975  24.179 0.0000000000
151494  -47.864  27.504  4.254 0.0000000000
151898  -59.340  25.527  20.464 0.0000000000
152166  -54.007  24.631  31.282 0.0000000000
152259  -55.386  25.877  24.652 0.0000000000
152759  -59.286  23.764  22.690 0.0000000000
153269  -50.228  26.721  22.640 0.0000000000
153706  -51.252  35.501  19.672 0.0000000000
154803  -52.133  45.504  15.977 0.0000000000
154837  -54.146  44.080  16.831 0.0000000000
154855  -52.770  36.322  11.674 0.0000000000
154983  -58.127  36.188  12.811 0.0000000000
155317  -47.291  25.445  28.493 0.0000000000
156293  -40.466  40.422  19.424 0.0000000000
156404  -51.053  32.094  5.382 0.0000000000
156703  -54.798  27.474  22.178 0.0000000000
156757  -56.344  36.252  3.764 0.0000000000
156772  -50.547  28.654  20.665 0.0000000000
156992  -56.431  38.886  22.712 0.0000000000
157198  -51.874  33.847  23.552 0.0000000000
157218  -44.263  26.949  11.961 0.0000000000
157265  -50.104  33.862  12.840 0.0000000000
157433  -50.102  43.649  13.196 0.0000000000
157441  -53.288  29.899  2.773 0.0000000000
157510  -50.320  37.085  16.595 0.0000000000
157905  -51.239  25.586  26.974 0.0000000000
157996  -53.717  30.969  18.577 0.0000000000
158118  -56.351  26.315  10.367 0.0000000000
158283  -48.849  25.442  27.350 0.0000000000
158516  -53.481  26.237  30.601 0.0000000000
158607  -54.952  37.759  21.652 0.0000000000
158807  -55.560  34.227  3.127 0.0000000000
158872  -53.294  35.684  4.691 0.0000000000
159468  -46.621  43.233  20.221 0.0000000000
159641  -50.312  37.178  9.251 0.0000000000
159725  -56.967  43.348  9.077 0.0000000000
159826  -56.225  36.426  12.433 0.0000000000
160503  -51.104  31.893  19.346 0.0000000000
160673  -47.298  41.063  16.207 0.0000000000
160737  -54.059  35.496  4.376 0.0000000000
160866  -42.716  43.499  18.569 0.0000000000
160932  -54.858  45.231  11.759 0.0000000000
161990  -53.089  25.637  24.583 0.0000000000
162187  -52.854  31.784  14.517 0.0000000000
162292  -56.123  44.514  12.462 0.0000000000
162370  -53.967  34.354  20.515 0.0000000000
162413  -43.888  43.825  15.892 0.0000000000
162535  -50.501  36.106  7.180 0.0000000000
162576  -54.013  33.567  12.912 0.0000000000
162609  -54.422  25.334  31.182 0.0000000000
163196  -49.949  32.509  9.395 0.0000000000
163579  -59.125  31.580  10.762 0.0000000000
163928  -56.179  25.796  15.787 0.0000000000
