#!ascii label  , from subject sub-v1s10x0051149_ses-1 vox2ras=TkReg
292
68090  -28.704  3.779  -35.053 0.0000000000
65060  -25.661  -0.406  -33.638 0.0000000000
65062  -30.880  -0.679  -33.246 0.0000000000
62077  -28.243  -4.636  -34.650 0.0000000000
76171  -27.989  14.332  -31.463 0.0000000000
109208  -30.194  11.019  -31.853 0.0000000000
71179  -26.496  7.690  -34.384 0.0000000000
59777  -27.506  -7.696  -33.998 0.0000000000
63585  -26.908  -2.257  -34.555 0.0000000000
62810  -26.048  -3.969  -34.005 0.0000000000
74739  -29.499  12.376  -31.819 0.0000000000
74064  -26.780  11.386  -33.168 0.0000000000
68077  -25.757  3.608  -33.952 0.0000000000
68803  -24.988  5.012  -33.311 0.0000000000
69534  -28.049  5.460  -35.135 0.0000000000
71170  -28.892  7.456  -33.297 0.0000000000
69523  -30.514  5.547  -33.030 0.0000000000
68080  -31.574  3.192  -32.821 0.0000000000
66572  -24.995  1.529  -33.016 0.0000000000
66584  -26.981  1.830  -35.008 0.0000000000
66586  -29.315  1.805  -34.521 0.0000000000
65085  -28.093  -0.584  -35.478 0.0000000000
63588  -28.994  -2.216  -34.552 0.0000000000
62061  -30.703  -4.578  -33.913 0.0000000000
106325  -25.567  9.138  -33.593 0.0000000000
71896  -27.864  9.650  -33.197 0.0000000000
72549  -31.049  9.083  -31.610 0.0000000000
104357  -25.419  -6.225  -33.216 0.0000000000
60568  -27.630  -6.125  -34.390 0.0000000000
115553  -25.616  -3.438  -33.652 0.0000000000
62058  -24.722  -4.061  -32.747 0.0000000000
74757  -26.280  11.784  -32.949 0.0000000000
74062  -25.977  11.395  -33.215 0.0000000000
68089  -27.460  3.684  -35.243 0.0000000000
68817  -26.949  4.497  -34.993 0.0000000000
68818  -28.355  4.558  -35.117 0.0000000000
114873  -28.559  5.273  -34.730 0.0000000000
68804  -29.587  4.275  -33.876 0.0000000000
68805  -30.410  4.175  -33.347 0.0000000000
68078  -29.947  3.477  -33.751 0.0000000000
114287  -25.271  0.217  -33.248 0.0000000000
66583  -26.255  1.700  -34.313 0.0000000000
65810  -26.675  0.917  -34.635 0.0000000000
65821  -27.970  0.313  -35.579 0.0000000000
65074  -26.958  -0.441  -34.720 0.0000000000
120619  -27.597  -3.391  -34.782 0.0000000000
63603  -28.058  -2.153  -35.239 0.0000000000
104659  -28.517  -3.700  -34.649 0.0000000000
119201  -29.704  -3.263  -34.033 0.0000000000
62078  -28.985  -4.531  -34.398 0.0000000000
76169  -25.933  14.282  -31.450 0.0000000000
76165  -26.224  14.891  -31.100 0.0000000000
76893  -27.613  15.066  -31.221 0.0000000000
76895  -29.416  15.853  -31.267 0.0000000000
115881  -29.962  13.943  -31.470 0.0000000000
74041  -29.700  11.596  -31.982 0.0000000000
70306  -25.430  6.735  -33.909 0.0000000000
71168  -24.921  7.484  -33.377 0.0000000000
71922  -26.073  8.430  -34.087 0.0000000000
71912  -26.371  9.233  -33.905 0.0000000000
71924  -27.230  8.239  -34.131 0.0000000000
70290  -30.785  6.811  -32.399 0.0000000000
71151  -30.523  7.674  -32.194 0.0000000000
71900  -32.075  7.956  -31.463 0.0000000000
122922  -29.995  0.698  -33.647 0.0000000000
117152  -31.011  1.287  -33.050 0.0000000000
59775  -26.023  -7.584  -33.321 0.0000000000
60556  -25.996  -6.793  -33.529 0.0000000000
111591  -26.817  -5.941  -34.222 0.0000000000
59791  -28.017  -6.915  -34.306 0.0000000000
113884  -25.396  -0.981  -33.370 0.0000000000
64349  -26.516  -1.509  -34.361 0.0000000000
63584  -26.090  -2.029  -33.991 0.0000000000
62821  -26.222  -3.060  -34.147 0.0000000000
62075  -26.611  -4.538  -34.324 0.0000000000
75451  -27.318  13.592  -31.916 0.0000000000
75452  -28.337  13.431  -31.739 0.0000000000
74751  -27.077  12.329  -32.655 0.0000000000
74053  -27.904  11.493  -32.632 0.0000000000
106214  -28.048  10.835  -32.725 0.0000000000
67330  -24.789  2.855  -32.811 0.0000000000
113873  -25.397  4.317  -33.629 0.0000000000
68816  -26.458  5.290  -34.673 0.0000000000
70321  -27.617  6.507  -34.857 0.0000000000
71181  -27.681  7.428  -34.371 0.0000000000
70322  -28.180  6.738  -34.517 0.0000000000
70309  -30.211  6.292  -32.949 0.0000000000
69505  -31.060  6.034  -32.568 0.0000000000
104063  -31.726  4.882  -32.585 0.0000000000
58273  -28.812  -9.266  -34.179 0.0000000000
59020  -29.071  -8.461  -34.333 0.0000000000
114285  -25.198  2.220  -33.259 0.0000000000
67343  -26.474  2.517  -34.581 0.0000000000
67354  -27.895  2.935  -35.510 0.0000000000
67346  -28.866  2.440  -35.005 0.0000000000
66593  -28.631  1.588  -35.153 0.0000000000
65822  -28.408  0.702  -35.303 0.0000000000
65077  -29.262  -0.665  -34.467 0.0000000000
64359  -27.923  -1.301  -35.370 0.0000000000
64352  -28.825  -1.410  -34.796 0.0000000000
64333  -29.620  -1.602  -34.043 0.0000000000
119532  -30.212  -2.196  -33.649 0.0000000000
114458  -30.951  -3.815  -33.614 0.0000000000
75454  -30.741  13.602  -31.585 0.0000000000
73294  -26.309  10.744  -33.514 0.0000000000
73296  -27.534  10.391  -33.228 0.0000000000
72570  -29.366  9.934  -32.432 0.0000000000
71915  -28.697  8.347  -33.044 0.0000000000
118045  -29.559  8.972  -32.447 0.0000000000
72548  -30.934  9.894  -31.584 0.0000000000
67333  -30.292  2.670  -33.520 0.0000000000
67320  -31.889  2.400  -32.736 0.0000000000
62050  -24.526  -4.729  -32.324 0.0000000000
61329  -25.533  -5.280  -33.495 0.0000000000
61346  -26.882  -5.221  -34.379 0.0000000000
110317  -27.992  -5.429  -34.575 0.0000000000
60569  -28.921  -6.996  -34.354 0.0000000000
60570  -29.518  -6.372  -34.404 0.0000000000
61349  -29.631  -5.505  -34.364 0.0000000000
73276  -24.852  10.885  -32.631 0.0000000000
68097  -28.125  3.775  -35.371 0.0000000000
68819  -28.944  4.430  -34.603 0.0000000000
68091  -29.297  3.645  -34.462 0.0000000000
65809  -25.981  0.349  -33.989 0.0000000000
113981  -26.633  0.135  -34.535 0.0000000000
65073  -26.274  -0.403  -34.226 0.0000000000
106497  -27.850  -3.942  -34.802 0.0000000000
62823  -28.023  -3.101  -35.019 0.0000000000
76170  -26.878  14.465  -31.441 0.0000000000
76894  -28.588  15.192  -31.217 0.0000000000
110416  -29.678  14.856  -31.342 0.0000000000
76172  -29.024  14.143  -31.373 0.0000000000
74042  -30.685  11.585  -31.566 0.0000000000
73259  -30.878  10.709  -31.558 0.0000000000
70319  -26.209  6.915  -34.461 0.0000000000
71169  -25.747  7.619  -34.104 0.0000000000
71911  -25.461  8.244  -33.745 0.0000000000
71923  -26.732  8.411  -34.171 0.0000000000
70291  -31.656  6.520  -31.974 0.0000000000
71152  -31.395  7.353  -31.794 0.0000000000
65800  -30.424  0.225  -33.383 0.0000000000
59007  -27.507  -8.546  -33.746 0.0000000000
59006  -26.720  -8.223  -33.548 0.0000000000
59776  -26.642  -7.266  -33.755 0.0000000000
60557  -27.166  -6.756  -34.129 0.0000000000
64332  -25.449  -1.680  -33.426 0.0000000000
63570  -25.519  -2.604  -33.545 0.0000000000
116301  -26.598  -3.762  -34.357 0.0000000000
75468  -26.084  13.065  -32.425 0.0000000000
75469  -26.813  13.008  -32.457 0.0000000000
74750  -26.462  12.402  -32.684 0.0000000000
74052  -27.197  11.703  -32.830 0.0000000000
74065  -27.307  11.115  -33.094 0.0000000000
67331  -25.442  2.910  -33.536 0.0000000000
110513  -27.321  5.456  -35.083 0.0000000000
69533  -26.756  6.230  -34.821 0.0000000000
106080  -28.219  6.026  -34.867 0.0000000000
69522  -29.163  5.072  -33.943 0.0000000000
109037  -29.637  5.722  -33.443 0.0000000000
106308  -31.975  5.672  -32.207 0.0000000000
117451  -31.223  5.404  -32.694 0.0000000000
68790  -31.373  4.071  -32.856 0.0000000000
68065  -32.084  3.654  -32.642 0.0000000000
120540  -30.047  -9.778  -34.673 0.0000000000
66561  -24.387  1.459  -32.261 0.0000000000
114291  -24.586  2.149  -32.528 0.0000000000
67344  -27.228  2.761  -35.176 0.0000000000
114153  -27.729  2.039  -35.461 0.0000000000
67355  -28.252  2.237  -35.448 0.0000000000
66592  -28.086  1.321  -35.559 0.0000000000
65812  -28.295  -0.041  -35.385 0.0000000000
65813  -28.854  0.089  -34.893 0.0000000000
65076  -28.555  -0.658  -35.141 0.0000000000
64350  -27.198  -1.254  -34.812 0.0000000000
113090  -27.648  -1.936  -35.072 0.0000000000
62824  -28.421  -2.696  -34.847 0.0000000000
63587  -28.427  -1.962  -35.024 0.0000000000
63571  -29.652  -2.558  -34.030 0.0000000000
62826  -30.129  -3.863  -33.907 0.0000000000
62062  -31.617  -4.554  -33.705 0.0000000000
74738  -28.574  12.632  -32.034 0.0000000000
75453  -29.409  13.220  -31.624 0.0000000000
109469  -30.213  12.899  -31.650 0.0000000000
113874  -24.721  4.261  -32.855 0.0000000000
72569  -24.700  9.257  -32.716 0.0000000000
72583  -25.235  10.089  -33.112 0.0000000000
72584  -25.999  10.076  -33.667 0.0000000000
72586  -27.239  9.696  -33.701 0.0000000000
73277  -28.346  10.102  -32.779 0.0000000000
71182  -28.177  7.428  -34.014 0.0000000000
108805  -28.247  8.019  -33.574 0.0000000000
71898  -30.339  8.567  -32.060 0.0000000000
72571  -30.227  9.457  -31.995 0.0000000000
118898  -31.635  9.570  -31.433 0.0000000000
67332  -29.535  2.739  -34.302 0.0000000000
66574  -29.957  1.910  -33.799 0.0000000000
66576  -31.406  1.772  -32.872 0.0000000000
61318  -24.820  -5.584  -32.683 0.0000000000
62051  -24.951  -4.795  -33.002 0.0000000000
61347  -27.339  -5.502  -34.456 0.0000000000
101967  -29.358  -7.724  -34.421 0.0000000000
120320  -29.130  -5.840  -34.391 0.0000000000
62809  -24.940  -3.231  -33.064 0.0000000000
62059  -25.385  -4.226  -33.438 0.0000000000
74749  -25.639  11.998  -32.769 0.0000000000
74063  -26.456  11.196  -33.307 0.0000000000
68088  -26.573  3.504  -34.703 0.0000000000
68826  -27.758  4.590  -35.261 0.0000000000
104277  -30.015  4.938  -33.434 0.0000000000
69506  -30.884  4.856  -33.015 0.0000000000
68079  -30.754  3.372  -33.194 0.0000000000
114295  -24.637  0.113  -32.556 0.0000000000
65798  -25.451  0.934  -33.460 0.0000000000
66573  -25.621  1.621  -33.661 0.0000000000
114245  -25.987  1.092  -34.028 0.0000000000
66585  -27.579  1.115  -35.333 0.0000000000
65811  -27.321  0.258  -35.062 0.0000000000
65075  -27.720  -0.502  -35.329 0.0000000000
63586  -27.612  -2.678  -34.903 0.0000000000
62825  -29.087  -3.045  -34.393 0.0000000000
111440  -29.349  -3.836  -34.254 0.0000000000
62079  -29.797  -4.649  -34.230 0.0000000000
76173  -30.581  14.563  -31.542 0.0000000000
74740  -30.300  12.229  -31.648 0.0000000000
71149  -24.088  7.017  -32.528 0.0000000000
71910  -24.860  8.410  -33.117 0.0000000000
71913  -26.923  9.106  -33.971 0.0000000000
118713  -27.335  8.798  -33.868 0.0000000000
71171  -29.886  7.125  -32.809 0.0000000000
71899  -31.216  8.231  -31.668 0.0000000000
113853  -29.691  1.135  -33.960 0.0000000000
113577  -30.370  1.133  -33.420 0.0000000000
117236  -30.955  0.721  -33.088 0.0000000000
60543  -25.418  -7.070  -32.963 0.0000000000
112904  -26.083  -6.027  -33.777 0.0000000000
118804  -26.531  -6.558  -33.895 0.0000000000
113588  -26.555  -0.938  -34.427 0.0000000000
64348  -25.976  -1.129  -33.939 0.0000000000
106583  -27.023  -3.199  -34.564 0.0000000000
62822  -27.195  -3.951  -34.599 0.0000000000
75449  -25.615  13.607  -31.866 0.0000000000
75450  -26.409  13.657  -31.937 0.0000000000
75470  -27.641  12.877  -32.321 0.0000000000
74752  -27.817  12.159  -32.504 0.0000000000
74753  -28.740  11.915  -32.274 0.0000000000
74054  -28.827  11.228  -32.438 0.0000000000
74055  -29.562  10.809  -32.258 0.0000000000
113690  -26.129  4.393  -34.377 0.0000000000
68815  -25.682  5.132  -34.031 0.0000000000
69532  -25.921  6.021  -34.361 0.0000000000
70320  -26.896  7.016  -34.704 0.0000000000
71180  -27.149  7.569  -34.469 0.0000000000
70307  -28.615  6.812  -33.828 0.0000000000
69521  -28.741  5.996  -34.056 0.0000000000
70308  -29.311  6.551  -33.383 0.0000000000
58263  -27.970  -9.244  -33.731 0.0000000000
59008  -28.211  -8.473  -34.030 0.0000000000
114244  -25.997  2.972  -34.164 0.0000000000
67342  -25.828  2.311  -33.908 0.0000000000
67345  -28.446  3.064  -35.302 0.0000000000
110330  -28.999  3.144  -34.882 0.0000000000
112229  -29.079  0.940  -34.681 0.0000000000
65799  -29.589  0.258  -34.037 0.0000000000
65061  -30.004  -0.665  -33.668 0.0000000000
64351  -28.224  -1.341  -35.286 0.0000000000
64334  -30.494  -1.484  -33.486 0.0000000000
111672  -31.035  -2.312  -33.411 0.0000000000
62811  -30.386  -3.020  -33.666 0.0000000000
74741  -30.948  12.762  -31.547 0.0000000000
73293  -25.664  10.857  -33.287 0.0000000000
72585  -26.647  9.984  -33.771 0.0000000000
73295  -26.878  10.703  -33.524 0.0000000000
116207  -28.850  10.601  -32.550 0.0000000000
73278  -30.179  10.316  -31.932 0.0000000000
71925  -27.710  8.107  -33.943 0.0000000000
71914  -27.903  8.828  -33.472 0.0000000000
71150  -29.568  8.090  -32.633 0.0000000000
122428  -29.127  8.637  -32.729 0.0000000000
71897  -28.653  9.194  -32.815 0.0000000000
73260  -31.677  10.277  -31.319 0.0000000000
67334  -31.070  2.563  -33.018 0.0000000000
66575  -30.669  1.896  -33.250 0.0000000000
62060  -25.959  -4.680  -33.908 0.0000000000
61330  -26.297  -5.297  -34.067 0.0000000000
62076  -27.443  -4.760  -34.583 0.0000000000
59778  -28.482  -7.708  -34.251 0.0000000000
61348  -28.565  -6.149  -34.407 0.0000000000
107616  -28.824  -5.312  -34.437 0.0000000000
121180  -29.309  -5.004  -34.372 0.0000000000
74758  -26.720  11.878  -32.851 0.0000000000
120748  -30.821  12.185  -31.516 0.0000000000
120755  -30.141  13.381  -31.583 0.0000000000
