#!ascii label  , from subject sub-v1s17x0050268_ses-1 vox2ras=TkReg
1709
39431  27.050  -61.165  -9.559 0.8999999762
39429  28.577  -61.463  -9.846 0.8000000119
135680  28.438  -62.948  -10.477 0.6999999881
38440  29.003  -62.798  -10.859 0.8000000119
40448  25.943  -59.939  -9.926 0.8999999762
40445  28.415  -60.759  -9.471 1.0000000000
40463  29.010  -60.869  -9.809 1.0000000000
39447  29.181  -61.387  -10.294 0.8999999762
38418  29.316  -62.000  -10.856 0.8000000119
38439  29.364  -62.548  -11.459 0.8000000119
39463  29.604  -61.743  -11.602 0.8999999762
37439  29.345  -63.075  -12.096 0.8000000119
38465  29.424  -61.910  -13.101 0.6999999881
38466  29.049  -62.358  -13.869 0.6999999881
41463  25.233  -59.530  -10.514 0.8000000119
148888  26.059  -58.422  -9.414 0.8999999762
42451  24.910  -58.439  -10.406 0.8999999762
43433  22.685  -57.071  -11.033 0.8999999762
41444  28.162  -60.054  -9.079 0.8999999762
40444  29.150  -60.072  -9.495 1.0000000000
39446  29.673  -61.155  -10.938 0.8999999762
40482  30.083  -60.186  -11.092 1.0000000000
40497  29.853  -60.898  -11.807 0.8999999762
39475  29.634  -61.455  -12.447 0.8999999762
39484  29.495  -61.202  -13.128 0.8000000119
39493  28.679  -61.567  -14.464 0.6999999881
41426  26.825  -58.611  -8.871 0.8999999762
42429  25.977  -57.481  -8.989 0.8999999762
43401  24.503  -56.645  -9.592 0.8999999762
43418  23.884  -56.640  -10.032 0.8999999762
43419  23.141  -56.728  -10.167 0.8999999762
41446  26.429  -59.358  -9.455 0.8999999762
41445  27.242  -59.737  -9.100 0.8999999762
152972  29.553  -60.147  -9.926 1.0000000000
40508  29.697  -60.660  -12.707 0.8000000119
40523  28.248  -60.843  -14.928 0.8000000119
39494  28.135  -61.705  -15.167 0.8000000119
40535  27.474  -61.022  -15.582 0.8000000119
44330  24.488  -56.197  -9.049 0.8999999762
42410  23.141  -57.179  -9.475 0.8999999762
42432  22.494  -57.578  -9.969 0.8999999762
42407  26.663  -57.351  -8.244 0.8999999762
41428  23.353  -58.068  -9.260 0.8999999762
41448  22.942  -58.865  -9.739 0.8000000119
145907  21.866  -59.429  -10.604 0.8000000119
42406  27.451  -58.331  -8.427 0.8999999762
40449  23.288  -60.074  -9.725 0.6999999881
40467  22.618  -60.530  -10.308 0.6999999881
39450  22.277  -61.385  -10.640 0.6999999881
41425  27.902  -59.221  -8.704 0.8999999762
39433  22.923  -61.472  -10.195 0.6999999881
37423  22.438  -62.993  -10.409 0.6999999881
42428  29.003  -59.143  -8.949 1.0000000000
37408  23.468  -63.616  -9.287 0.6000000238
126988  29.639  -59.327  -9.580 1.0000000000
42450  30.174  -58.925  -10.074 1.0000000000
41461  30.302  -59.220  -10.848 1.0000000000
41480  30.261  -59.335  -11.723 1.0000000000
41494  29.996  -60.041  -12.157 0.8999999762
146460  30.014  -59.305  -12.470 0.8999999762
41506  29.634  -59.743  -13.098 0.8000000119
40509  29.351  -60.584  -13.502 0.8000000119
40522  28.823  -60.677  -14.222 0.8000000119
41519  28.316  -59.850  -14.669 0.8000000119
131003  27.763  -60.258  -15.245 0.8000000119
41531  26.992  -60.109  -15.633 0.8000000119
41520  27.523  -59.505  -15.222 0.8000000119
41521  26.635  -59.309  -15.554 0.8000000119
43389  25.702  -56.606  -8.493 0.8999999762
44332  23.798  -56.244  -9.211 0.8999999762
44320  24.928  -56.036  -8.365 0.8999999762
44321  24.231  -56.114  -8.768 0.8999999762
150608  23.842  -56.434  -8.740 0.8999999762
42408  24.145  -58.442  -8.600 0.8999999762
39432  23.452  -61.142  -9.758 0.6999999881
42405  28.318  -58.484  -8.402 0.8999999762
143255  24.155  -61.822  -9.185 0.6000000238
141567  23.420  -62.076  -9.781 0.6000000238
42404  29.260  -58.292  -8.658 1.0000000000
36396  22.775  -64.643  -8.220 0.5000000000
42427  29.802  -58.626  -9.355 1.0000000000
36377  22.285  -64.624  -7.600 0.5000000000
42426  30.361  -58.106  -9.884 1.0000000000
42449  30.461  -58.354  -10.690 1.0000000000
42470  30.407  -58.565  -11.480 1.0000000000
42484  30.186  -58.570  -12.270 1.0000000000
42485  29.754  -58.813  -12.984 0.8999999762
41507  29.050  -59.821  -13.941 0.8000000119
42494  29.365  -58.162  -13.397 0.8999999762
42495  28.644  -58.215  -14.085 0.8000000119
139434  28.652  -59.120  -14.229 0.8000000119
43446  28.944  -57.398  -13.621 0.8999999762
43450  28.219  -57.287  -14.147 0.8999999762
142335  27.158  -58.014  -15.020 0.8000000119
42505  26.395  -58.535  -15.407 0.8000000119
43453  25.693  -57.399  -15.237 0.8000000119
42506  25.347  -58.176  -15.549 0.8000000119
133084  24.340  -57.639  -8.177 0.8999999762
43372  25.809  -56.263  -7.794 0.8999999762
138792  25.836  -56.001  -7.089 0.8999999762
41427  24.688  -59.520  -8.332 0.6999999881
39415  24.078  -60.734  -9.243 0.8000000119
43388  27.664  -57.697  -7.942 0.8999999762
43371  26.847  -56.665  -7.352 0.8999999762
37392  23.894  -63.398  -8.590 0.6000000238
36395  23.318  -64.163  -8.587 0.6000000238
38383  24.570  -62.427  -7.803 0.6999999881
37376  23.668  -63.713  -7.909 0.6000000238
36376  23.045  -64.197  -7.785 0.5000000000
43399  30.037  -57.840  -9.115 1.0000000000
37377  22.635  -63.902  -7.190 0.5000000000
37378  21.831  -64.047  -7.025 0.5000000000
43417  30.571  -57.480  -10.519 1.0000000000
43432  30.485  -57.720  -11.437 1.0000000000
151543  30.356  -58.134  -11.890 1.0000000000
43445  29.600  -57.480  -13.020 0.8999999762
44344  30.655  -56.575  -10.294 1.0000000000
44360  30.367  -57.026  -11.895 0.8999999762
43440  30.165  -57.681  -12.302 0.8999999762
44366  29.245  -56.825  -13.232 0.8999999762
44367  28.507  -56.500  -13.660 0.8999999762
43451  27.455  -57.262  -14.556 0.8999999762
43452  26.574  -57.187  -14.890 0.8999999762
44362  29.132  -56.114  -13.058 0.8999999762
44372  27.707  -56.564  -14.207 0.8999999762
44373  27.108  -56.040  -14.334 0.8999999762
44304  25.173  -56.008  -7.516 0.8999999762
43374  24.296  -56.595  -8.202 0.8999999762
133048  24.785  -58.636  -7.915 0.8999999762
128597  24.841  -57.519  -7.441 0.8999999762
41409  25.158  -59.537  -7.703 1.0000000000
40417  25.137  -60.352  -7.827 0.8000000119
44284  25.892  -56.078  -6.448 0.8999999762
152921  24.537  -61.264  -8.712 0.6999999881
43387  28.642  -57.834  -7.997 0.8999999762
43370  28.037  -57.203  -7.332 0.8999999762
151848  24.807  -61.943  -7.827 0.6999999881
38370  24.326  -62.728  -7.142 0.6999999881
37360  23.776  -63.298  -7.257 0.5000000000
43386  29.579  -57.555  -8.368 1.0000000000
37362  22.201  -63.295  -6.623 0.5000000000
37363  21.299  -63.499  -6.752 0.5000000000
43385  30.283  -57.042  -8.862 1.0000000000
43398  30.476  -57.250  -9.678 1.0000000000
44329  30.585  -56.386  -9.426 1.0000000000
44355  30.586  -56.803  -11.173 1.0000000000
45339  30.720  -55.718  -9.981 1.0000000000
44356  30.276  -56.235  -11.807 0.8999999762
45355  29.650  -55.759  -12.398 0.8999999762
45356  28.897  -55.308  -12.846 0.8999999762
150189  26.514  -56.522  -17.151 0.6999999881
45428  25.915  -56.075  -16.868 0.8000000119
45429  24.884  -56.000  -16.581 0.8000000119
44303  26.441  -56.144  -6.718 0.8999999762
145302  25.531  -56.328  -6.661 1.0000000000
42379  25.186  -56.775  -6.885 1.0000000000
42390  25.340  -58.927  -7.202 1.0000000000
40416  25.476  -60.027  -7.108 0.6999999881
39400  25.302  -61.060  -6.988 0.6999999881
43369  29.084  -57.269  -7.582 0.8999999762
44302  27.409  -56.470  -6.606 0.8999999762
39401  24.875  -62.004  -7.167 0.6999999881
38354  22.941  -62.767  -6.311 0.6000000238
44319  29.937  -56.827  -8.080 1.0000000000
44301  28.592  -56.808  -6.883 0.8999999762
38356  21.268  -62.574  -6.472 0.4000000060
44318  30.447  -56.210  -8.612 1.0000000000
145961  30.629  -55.113  -10.399 1.0000000000
45350  30.096  -55.332  -11.696 1.0000000000
46326  30.367  -54.851  -11.019 1.0000000000
45385  23.954  -55.513  -14.884 0.8999999762
44415  28.782  -56.955  -17.135 0.6000000238
45426  27.691  -56.075  -16.965 0.6000000238
45427  26.910  -55.968  -16.990 0.8000000119
45415  25.530  -55.296  -16.573 0.8000000119
45430  24.142  -56.106  -16.284 0.8999999762
44389  23.773  -56.263  -15.890 0.8999999762
44283  27.183  -55.991  -5.817 0.8999999762
149184  26.559  -56.062  -6.228 0.8999999762
40401  25.498  -60.518  -6.410 0.8000000119
39381  25.296  -61.105  -6.138 0.6999999881
39362  24.289  -61.661  -5.623 0.6999999881
39363  23.324  -61.596  -5.448 0.6000000238
40402  21.286  -61.062  -6.042 0.4000000060
44300  29.553  -56.602  -7.306 1.0000000000
44299  30.235  -56.069  -7.807 1.0000000000
45318  30.555  -55.403  -8.313 1.0000000000
45323  30.671  -55.540  -9.147 1.0000000000
128659  30.723  -54.918  -9.693 1.0000000000
46316  30.469  -54.277  -10.306 1.0000000000
143647  24.705  -55.573  -14.719 0.8999999762
46351  24.631  -54.196  -14.096 0.8999999762
45369  24.094  -54.867  -14.560 0.8999999762
46388  23.554  -54.732  -15.483 0.8999999762
45402  23.672  -55.382  -15.575 0.8999999762
44400  30.096  -56.853  -16.127 0.6000000238
43471  29.588  -57.263  -16.796 0.6000000238
44402  28.446  -56.264  -16.837 0.6000000238
45412  28.134  -55.566  -16.577 0.8000000119
45414  26.529  -55.313  -16.711 0.8000000119
45416  24.379  -55.390  -16.279 0.8999999762
44269  26.256  -56.487  -5.246 0.8999999762
43356  25.659  -57.145  -6.072 0.8999999762
41395  25.751  -59.525  -6.292 0.6999999881
43345  26.155  -57.327  -5.266 0.8999999762
132171  26.040  -58.526  -5.540 0.8999999762
39361  24.993  -61.297  -5.673 0.6000000238
44282  28.265  -56.356  -6.137 1.0000000000
44267  27.991  -55.959  -5.379 1.0000000000
40366  24.261  -60.510  -4.467 0.6000000238
40380  23.828  -61.115  -4.928 0.6000000238
39364  22.548  -61.339  -5.500 0.5000000000
45310  29.960  -55.927  -7.041 1.0000000000
44281  29.215  -56.368  -6.537 1.0000000000
45290  29.726  -55.732  -6.278 1.0000000000
45309  30.409  -55.330  -7.486 1.0000000000
46295  30.702  -54.658  -8.817 1.0000000000
46302  30.642  -54.193  -9.486 1.0000000000
47207  30.314  -53.342  -9.684 1.0000000000
47225  29.936  -53.477  -10.605 1.0000000000
47237  29.477  -53.697  -11.322 1.0000000000
47238  28.554  -53.201  -11.672 1.0000000000
47249  28.252  -53.782  -12.365 1.0000000000
47250  27.445  -53.595  -12.688 1.0000000000
148695  26.880  -53.768  -13.152 0.8999999762
46338  27.964  -54.215  -12.847 0.8999999762
134502  25.233  -54.893  -14.343 0.8999999762
45370  23.379  -54.704  -14.886 0.8999999762
46387  24.120  -54.678  -15.916 0.8999999762
44398  32.022  -56.925  -15.567 0.6000000238
44399  30.936  -57.161  -15.818 0.6000000238
45410  29.766  -56.092  -15.880 0.6000000238
45411  28.921  -55.788  -16.319 0.6000000238
46384  27.033  -54.703  -16.490 0.8000000119
46385  26.149  -54.601  -16.459 0.8000000119
127157  26.572  -56.119  -4.809 0.8999999762
42356  26.226  -58.262  -4.626 0.6999999881
40378  25.397  -60.623  -5.552 0.6000000238
41368  24.680  -59.900  -4.031 0.6000000238
45280  27.846  -55.693  -4.760 0.8999999762
41369  23.751  -59.889  -3.935 0.6000000238
40381  22.884  -60.936  -5.046 0.5000000000
44266  28.954  -56.085  -5.754 1.0000000000
45289  30.244  -55.333  -6.776 1.0000000000
45278  29.534  -55.536  -5.439 0.8999999762
46272  30.555  -54.606  -6.984 1.0000000000
46289  30.634  -54.669  -7.927 1.0000000000
148617  30.705  -54.096  -8.279 1.0000000000
47202  30.643  -53.764  -8.869 1.0000000000
47226  29.138  -52.842  -10.865 1.0000000000
47239  27.819  -53.156  -12.146 1.0000000000
130622  26.607  -53.182  -12.790 1.0000000000
47251  25.734  -52.908  -13.000 0.8999999762
47263  25.190  -53.556  -13.538 0.8999999762
46352  23.592  -54.094  -14.394 0.8999999762
47278  23.097  -53.560  -14.715 0.8999999762
44387  31.931  -55.974  -15.165 0.6000000238
44388  30.875  -56.361  -15.457 0.6000000238
45400  29.429  -55.335  -15.667 0.6000000238
45401  28.590  -55.081  -16.055 0.6999999881
46375  27.491  -54.233  -16.055 0.6999999881
47304  26.685  -54.046  -16.165 0.6999999881
47306  24.709  -53.943  -15.878 0.8000000119
47294  24.173  -53.316  -15.497 0.8999999762
44397  33.276  -56.830  -16.074 0.6000000238
47292  26.357  -53.389  -15.743 0.6999999881
47305  25.757  -53.919  -16.113 0.8000000119
47293  25.328  -53.164  -15.652 0.8999999762
41367  25.415  -59.604  -4.347 0.6999999881
41360  24.233  -59.379  -3.419 0.6000000238
44259  27.003  -55.809  -4.253 0.8999999762
44260  26.722  -56.433  -3.920 0.8000000119
43331  26.484  -57.318  -3.405 0.6999999881
45279  28.683  -55.723  -5.008 0.8999999762
45272  28.312  -55.447  -4.240 0.8000000119
46264  30.251  -55.012  -6.030 1.0000000000
45271  29.296  -55.306  -4.615 0.8000000119
146886  30.422  -54.470  -5.478 0.8999999762
46265  30.032  -54.964  -5.071 0.8000000119
47181  30.692  -53.737  -6.823 1.0000000000
47198  30.711  -53.957  -7.601 1.0000000000
135405  30.631  -53.398  -8.141 1.0000000000
48093  30.397  -52.873  -8.772 1.0000000000
48094  29.815  -52.254  -9.350 1.0000000000
48111  28.575  -52.037  -10.526 1.0000000000
48123  28.361  -52.459  -11.156 1.0000000000
48135  27.095  -52.795  -12.243 1.0000000000
48136  26.251  -52.422  -12.378 0.8999999762
47252  24.724  -52.801  -13.259 0.8999999762
47264  24.087  -53.513  -13.787 0.8999999762
142918  22.921  -53.142  -14.329 0.8999999762
45399  30.347  -55.575  -15.295 0.6000000238
47290  27.962  -53.792  -15.561 0.6999999881
47295  23.293  -53.474  -15.151 0.8999999762
44385  33.464  -55.986  -16.053 0.6000000238
44386  32.861  -56.110  -15.516 0.6000000238
47291  27.205  -53.586  -15.703 0.6999999881
48175  26.104  -52.700  -15.350 0.6999999881
41358  25.823  -58.904  -4.040 0.6999999881
42350  24.687  -58.851  -2.942 0.6000000238
44253  27.057  -55.988  -3.483 0.8000000119
44254  26.748  -56.661  -3.023 0.8000000119
43332  25.965  -57.996  -2.869 0.6999999881
42349  25.558  -58.653  -3.243 0.6999999881
45264  29.081  -55.063  -3.819 0.6999999881
45266  27.586  -55.590  -3.708 0.8000000119
46258  29.824  -54.748  -4.261 0.6999999881
46257  30.374  -54.329  -4.762 0.6999999881
140378  30.773  -53.334  -6.056 0.8000000119
48063  30.889  -52.609  -6.297 0.8000000119
153105  30.749  -53.072  -6.725 0.8000000119
48078  30.762  -52.469  -7.040 0.8000000119
141536  30.683  -53.188  -7.379 0.8999999762
48084  30.498  -52.454  -7.913 0.8999999762
48085  30.143  -52.086  -8.599 1.0000000000
48095  29.153  -52.035  -9.965 1.0000000000
48124  27.662  -52.456  -11.623 1.0000000000
49015  27.178  -51.750  -11.313 1.0000000000
48989  28.669  -51.394  -10.076 1.0000000000
48112  27.817  -51.839  -10.995 1.0000000000
48125  26.757  -52.049  -11.777 1.0000000000
48126  25.973  -51.677  -11.936 1.0000000000
48137  25.290  -52.092  -12.557 0.8999999762
48138  24.263  -52.111  -13.010 0.8999999762
47253  23.686  -52.806  -13.551 0.8999999762
48140  22.833  -52.179  -13.781 0.8999999762
45398  31.779  -55.212  -14.853 0.6000000238
144007  31.182  -55.648  -15.078 0.6000000238
46373  29.115  -54.544  -15.385 0.6000000238
47289  28.594  -53.999  -15.349 0.6999999881
48163  22.843  -52.364  -14.298 0.8999999762
48176  24.612  -52.576  -15.315 0.8999999762
133082  27.439  -52.500  -14.682 0.6999999881
48174  26.924  -52.926  -15.301 0.6999999881
49074  24.113  -52.026  -14.918 0.8999999762
44242  27.069  -56.135  -2.621 0.6999999881
44243  26.597  -56.690  -2.099 0.6000000238
43322  25.566  -57.754  -2.078 0.6000000238
42339  24.260  -58.359  -2.344 0.6000000238
46252  28.923  -54.822  -3.049 0.6999999881
44225  26.873  -56.096  -1.657 0.6000000238
46251  29.651  -54.519  -3.429 0.6999999881
46250  30.306  -54.146  -3.925 0.6999999881
47171  30.709  -53.623  -4.543 0.6999999881
48976  30.793  -51.723  -7.408 0.8000000119
48980  30.424  -51.485  -8.257 0.8000000119
48988  29.293  -51.462  -9.560 1.0000000000
48981  29.869  -51.481  -8.966 0.8000000119
49002  27.970  -51.323  -10.502 1.0000000000
49003  27.243  -51.247  -10.929 1.0000000000
49016  26.474  -51.298  -11.349 1.0000000000
127537  27.496  -50.808  -10.680 1.0000000000
49004  26.705  -50.749  -11.038 1.0000000000
49017  25.669  -51.080  -11.613 1.0000000000
49946  24.618  -50.380  -11.844 1.0000000000
49019  24.224  -50.872  -12.292 1.0000000000
49030  23.827  -51.507  -12.839 0.8999999762
46372  30.007  -54.889  -15.036 0.6000000238
141572  22.753  -51.898  -13.833 0.8999999762
45397  32.621  -55.345  -15.158 0.6000000238
46371  30.901  -55.061  -14.812 0.6000000238
47276  29.224  -53.840  -14.821 0.6999999881
49062  23.074  -51.575  -14.227 0.8999999762
47277  28.504  -53.440  -14.937 0.6999999881
48162  26.613  -52.295  -14.842 0.6999999881
49060  24.536  -51.402  -14.608 0.8999999762
43310  25.071  -57.340  -1.447 0.5000000000
45255  28.086  -55.143  -2.153 0.6000000238
45237  26.480  -55.889  -0.839 0.5000000000
46241  29.468  -54.310  -2.534 0.6999999881
46242  28.719  -54.680  -2.224 0.6999999881
46240  30.201  -53.935  -3.003 0.6999999881
47167  30.721  -53.436  -3.647 0.6999999881
48054  31.271  -52.422  -4.895 0.6999999881
48062  31.155  -52.272  -5.659 0.6999999881
48963  31.100  -51.804  -6.521 0.8000000119
48975  31.224  -51.226  -7.082 0.8000000119
49900  30.972  -51.024  -7.747 0.8000000119
49908  30.716  -50.785  -8.483 0.8000000119
49918  30.378  -50.546  -9.196 0.8000000119
49932  28.887  -50.481  -10.194 0.8999999762
49933  28.224  -50.907  -10.183 1.0000000000
50936  29.922  -50.230  -9.923 0.8000000119
128047  27.922  -50.385  -10.606 1.0000000000
49934  26.998  -50.203  -10.950 1.0000000000
49005  25.982  -50.706  -11.322 1.0000000000
50956  24.321  -49.719  -11.853 1.0000000000
49020  23.496  -50.882  -12.767 0.8999999762
49031  23.171  -51.546  -13.411 0.8999999762
49043  23.006  -51.294  -13.626 0.8999999762
49948  23.221  -50.243  -12.877 0.8999999762
49973  23.173  -50.867  -13.695 0.8999999762
45381  32.413  -54.592  -14.821 0.6000000238
46360  30.594  -54.356  -14.569 0.6000000238
48161  28.328  -52.712  -14.447 0.6999999881
49059  25.437  -51.392  -14.479 0.8000000119
49989  24.166  -50.754  -14.278 0.8999999762
46369  33.128  -54.651  -15.342 0.6000000238
49057  27.117  -51.805  -14.255 0.6999999881
141680  24.841  -50.870  -14.278 0.8000000119
51005  23.648  -49.741  -13.641 0.8999999762
49987  26.042  -51.090  -14.031 0.6999999881
50987  24.172  -49.519  -13.679 0.8999999762
45235  27.694  -55.210  -1.433 0.5000000000
45224  25.995  -55.417  -0.301 0.5000000000
46216  29.194  -54.087  -1.538 0.6999999881
46218  27.359  -54.898  -0.437 0.5000000000
47158  29.993  -53.687  -2.006 0.6999999881
48042  31.164  -52.709  -3.469 0.6999999881
47157  30.717  -53.160  -2.612 0.6999999881
48049  31.456  -52.094  -4.174 0.6999999881
48955  31.436  -51.528  -5.799 0.6999999881
49899  31.599  -50.627  -7.308 0.8000000119
49907  31.420  -50.435  -8.135 0.8000000119
50935  30.855  -49.940  -9.697 0.8000000119
50943  29.485  -49.730  -10.651 0.8000000119
50944  28.486  -49.789  -10.857 0.8999999762
50945  27.663  -49.810  -11.015 1.0000000000
50946  26.274  -49.664  -11.264 1.0000000000
49936  25.600  -50.289  -11.380 1.0000000000
50942  30.473  -49.542  -10.435 0.8000000119
51968  29.108  -49.122  -11.336 0.8000000119
135131  27.059  -49.380  -11.334 0.8999999762
51971  25.758  -49.196  -11.457 1.0000000000
50948  24.744  -49.424  -11.643 1.0000000000
51970  26.346  -48.900  -11.530 0.8999999762
50949  24.121  -49.091  -11.877 1.0000000000
50957  23.647  -49.219  -12.210 1.0000000000
135312  22.906  -48.918  -12.888 1.0000000000
52016  23.191  -49.082  -13.346 0.8999999762
48160  29.375  -53.003  -14.206 0.6999999881
51986  22.764  -48.119  -12.945 0.8999999762
141500  31.254  -53.578  -14.270 0.6000000238
48159  30.562  -52.855  -13.959 0.6000000238
50988  23.682  -48.938  -13.531 0.8999999762
49056  28.006  -51.969  -14.010 0.6999999881
49042  26.749  -51.140  -13.833 0.6999999881
49988  25.478  -50.678  -13.932 0.6999999881
49972  24.714  -50.177  -13.813 0.8000000119
49971  26.272  -50.514  -13.646 0.6999999881
149013  24.309  -48.839  -13.595 0.8000000119
52976  23.225  -47.424  -13.522 0.8999999762
129785  25.645  -49.943  -13.548 0.6999999881
46217  28.297  -54.606  -1.152 0.6000000238
138832  30.377  -53.001  -1.610 0.6999999881
48029  31.429  -52.062  -3.348 0.6999999881
48948  31.743  -51.239  -4.449 0.6999999881
48940  31.637  -51.413  -3.597 0.6999999881
49874  31.826  -50.930  -5.347 0.6999999881
144402  32.115  -50.365  -5.926 0.6999999881
49886  31.612  -50.919  -6.388 0.6999999881
49898  32.205  -50.092  -6.751 0.6999999881
50914  32.080  -49.989  -7.713 0.8000000119
49917  31.187  -50.233  -8.938 0.8000000119
50925  31.892  -49.822  -8.565 0.8000000119
50941  31.336  -49.242  -10.130 0.8000000119
51967  30.098  -49.049  -11.133 0.8000000119
51965  31.773  -48.420  -10.444 0.8000000119
51976  30.625  -48.321  -11.427 0.8000000119
51979  27.135  -48.454  -11.790 0.8999999762
52941  25.608  -48.557  -11.701 0.8999999762
52942  24.837  -48.324  -11.892 1.0000000000
51977  29.726  -48.422  -11.696 0.8000000119
135939  28.772  -48.384  -11.859 0.8000000119
51980  23.626  -48.358  -12.277 1.0000000000
52943  24.178  -48.148  -12.109 1.0000000000
52965  22.716  -47.397  -12.870 1.0000000000
48148  28.951  -52.126  -13.772 0.6999999881
49041  27.646  -51.226  -13.660 0.6999999881
127969  22.855  -47.997  -13.187 0.8999999762
52977  22.635  -47.319  -13.043 1.0000000000
49970  27.236  -50.366  -13.450 0.6999999881
50985  26.518  -49.774  -13.443 0.8000000119
51999  24.860  -48.370  -13.626 0.8000000119
49863  31.898  -50.574  -3.827 0.6999999881
137920  31.985  -50.580  -4.622 0.6999999881
49873  32.268  -50.048  -5.119 0.6999999881
49885  32.460  -49.681  -5.952 0.6999999881
50900  32.605  -49.395  -6.579 0.6999999881
50924  32.479  -49.318  -8.125 0.6999999881
51944  32.980  -48.767  -7.657 0.6999999881
50933  32.295  -49.150  -8.953 0.8000000119
51962  32.043  -48.883  -9.716 0.8000000119
51975  31.300  -48.172  -11.073 0.8000000119
52947  30.297  -47.732  -11.970 0.8000000119
52950  27.524  -47.700  -12.267 0.8999999762
52951  26.244  -48.144  -11.929 0.8999999762
52949  28.458  -47.608  -12.340 0.8000000119
53892  26.959  -46.995  -12.516 0.8999999762
52952  25.383  -47.761  -12.154 0.8999999762
53893  26.129  -46.615  -12.574 0.8999999762
147921  25.576  -47.018  -12.430 0.8999999762
53896  23.226  -46.926  -12.563 1.0000000000
130007  31.576  -52.545  -14.152 0.6000000238
147951  22.945  -46.501  -12.771 0.8999999762
49969  28.269  -50.557  -13.420 0.6999999881
54971  22.756  -46.464  -12.973 0.8999999762
51998  25.556  -48.566  -13.582 0.8000000119
52993  24.054  -47.210  -13.920 0.8999999762
53937  23.447  -46.561  -13.844 0.8000000119
49862  32.131  -50.063  -4.330 0.6999999881
51934  32.966  -48.816  -6.812 0.6999999881
51954  32.853  -48.648  -8.499 0.6999999881
51953  33.354  -48.103  -8.023 0.6999999881
51961  32.623  -48.471  -9.289 0.6999999881
52948  29.408  -47.750  -12.193 0.8000000119
52964  27.863  -47.000  -12.602 0.8000000119
52963  28.551  -46.915  -12.654 0.8000000119
53910  28.253  -46.414  -12.964 0.8000000119
53895  23.935  -46.942  -12.425 0.8999999762
49039  29.507  -51.341  -13.497 0.6000000238
53911  27.482  -46.332  -12.906 0.8000000119
53912  26.703  -46.154  -12.870 0.8999999762
54946  24.262  -46.237  -12.617 0.8999999762
54947  23.393  -46.336  -12.684 0.8999999762
49038  30.477  -51.253  -13.646 0.6000000238
49968  29.062  -50.727  -13.412 0.6999999881
54970  23.012  -45.933  -12.985 0.8999999762
50984  27.250  -49.506  -13.468 0.6999999881
55002  23.083  -45.847  -13.638 0.8000000119
52974  25.596  -47.777  -13.838 0.6999999881
53936  24.339  -46.445  -14.316 0.8000000119
50887  32.573  -49.126  -5.234 0.6999999881
51943  33.354  -48.155  -7.150 0.6999999881
52921  33.619  -47.459  -7.500 0.6999999881
52961  30.007  -47.117  -12.447 0.8000000119
132904  29.683  -46.604  -12.760 0.8000000119
53909  29.009  -46.480  -12.908 0.8000000119
54967  27.236  -45.509  -13.286 0.8000000119
151957  25.423  -45.707  -12.904 0.8999999762
54968  24.685  -45.453  -12.974 0.8999999762
49967  29.862  -50.421  -13.592 0.6000000238
54969  23.593  -45.585  -12.968 0.8999999762
50982  28.974  -49.975  -13.472 0.6999999881
51996  27.672  -48.770  -13.746 0.6999999881
133074  23.179  -45.055  -13.471 0.8999999762
52991  26.575  -47.616  -14.177 0.6999999881
135791  22.897  -44.836  -13.935 0.8000000119
142293  25.412  -46.392  -14.564 0.6999999881
55001  23.574  -45.726  -14.237 0.8000000119
55000  24.732  -45.580  -14.651 0.8000000119
145382  32.821  -48.399  -5.428 0.6999999881
51927  33.199  -48.077  -6.172 0.6000000238
49986  30.821  -50.424  -13.986 0.6000000238
148055  24.926  -44.608  -13.288 0.8999999762
56015  23.824  -44.547  -13.367 0.8999999762
50981  29.627  -49.479  -13.883 0.6000000238
57020  23.370  -43.377  -13.578 0.8999999762
52014  27.098  -48.202  -13.957 0.8000000119
56029  22.787  -44.305  -13.917 0.8999999762
56051  23.008  -44.282  -14.342 0.8000000119
53935  26.255  -46.410  -14.725 0.6999999881
56050  23.807  -44.102  -14.653 0.8000000119
141278  22.830  -43.460  -14.359 0.8000000119
51995  28.801  -49.128  -13.819 0.6999999881
138482  26.582  -44.792  -13.408 0.8000000119
52013  28.421  -48.412  -14.218 0.5000000000
134649  27.762  -48.100  -14.213 0.6000000238
53008  27.882  -47.049  -14.920 0.6000000238
52990  27.419  -47.569  -14.453 0.6999999881
147500  22.993  -42.526  -13.735 0.8000000119
53954  26.804  -46.059  -15.042 0.6000000238
55017  26.543  -45.247  -15.214 0.6000000238
56049  24.873  -44.075  -15.095 0.6999999881
57060  23.926  -43.059  -14.827 0.8000000119
152373  22.589  -43.529  -14.209 0.8000000119
56048  26.125  -44.204  -15.356 0.6000000238
152253  25.671  -43.254  -13.495 0.8000000119
57963  24.901  -42.365  -13.535 0.8000000119
57964  23.791  -42.428  -13.565 0.8999999762
53007  28.600  -47.302  -15.185 0.6000000238
58002  23.672  -42.194  -14.670 0.8000000119
57988  22.742  -42.156  -14.149 0.8000000119
141127  23.206  -41.728  -13.840 0.8000000119
57059  25.195  -43.203  -15.309 0.6000000238
139765  26.034  -42.432  -13.587 0.8000000119
58903  24.114  -41.458  -13.751 0.8000000119
53953  27.632  -46.363  -15.168 0.6000000238
55016  27.437  -45.615  -15.338 0.6000000238
57987  23.189  -41.718  -14.323 0.8000000119
58946  24.154  -41.387  -14.660 0.6999999881
58918  23.763  -41.126  -13.972 0.8000000119
57057  27.147  -43.042  -15.541 0.6000000238
58000  25.097  -41.471  -15.238 0.6000000238
58945  24.901  -40.852  -15.073 0.6999999881
56047  27.338  -44.686  -15.464 0.6000000238
134798  26.964  -43.825  -15.510 0.6000000238
57962  28.019  -42.356  -13.626 0.8000000119
53952  28.418  -46.653  -15.431 0.6000000238
140948  27.087  -42.455  -13.640 0.8000000119
53967  29.122  -46.194  -15.908 0.5000000000
59765  25.398  -40.477  -14.541 0.8000000119
58902  25.224  -41.434  -13.764 0.8000000119
55034  28.773  -45.342  -15.768 0.6000000238
131343  28.236  -45.924  -15.534 0.6000000238
59774  25.470  -40.391  -14.834 0.6000000238
55033  29.766  -45.285  -16.220 0.5000000000
56046  28.334  -44.625  -15.618 0.6000000238
137089  27.819  -43.838  -15.562 0.6000000238
57999  26.262  -42.076  -15.484 0.6000000238
57074  28.848  -43.849  -15.730 0.6000000238
57056  28.121  -42.859  -15.620 0.6000000238
147154  27.250  -42.245  -15.538 0.6000000238
141022  26.778  -41.305  -15.452 0.6000000238
58900  27.361  -41.504  -13.700 0.8000000119
58901  26.360  -41.515  -13.750 0.8000000119
58899  28.327  -41.540  -13.641 0.8000000119
59753  28.642  -40.697  -13.721 0.6999999881
59754  27.631  -40.619  -13.864 0.6999999881
56065  29.097  -44.691  -15.859 0.6000000238
59783  25.657  -40.328  -15.048 0.6000000238
59773  26.035  -40.099  -14.847 0.6000000238
59764  26.219  -40.238  -14.556 0.6999999881
56064  29.681  -44.301  -16.092 0.5000000000
129929  26.386  -40.267  -15.193 0.6000000238
57073  29.666  -43.513  -16.023 0.5000000000
57997  28.802  -42.070  -15.719 0.6000000238
57998  27.748  -41.721  -15.569 0.6000000238
133510  30.393  -43.226  -16.370 0.5000000000
59752  29.572  -40.685  -13.547 0.6999999881
59762  27.947  -39.892  -14.183 0.6000000238
60629  27.529  -39.494  -14.719 0.6000000238
59763  27.050  -40.003  -14.398 0.6000000238
60635  27.518  -39.439  -14.929 0.6000000238
60628  28.361  -39.310  -14.521 0.6000000238
58012  30.500  -42.390  -16.397 0.5000000000
58942  28.994  -41.220  -15.773 0.6000000238
58943  28.135  -40.953  -15.622 0.6000000238
129229  26.579  -39.853  -14.943 0.6000000238
60634  28.126  -39.020  -14.901 0.6000000238
58958  29.724  -41.802  -16.049 0.6000000238
59796  29.623  -40.845  -16.047 0.6000000238
58011  31.204  -42.129  -16.707 0.5000000000
58957  30.641  -41.440  -16.447 0.5000000000
58956  31.592  -41.571  -16.956 0.4000000060
59794  31.315  -40.795  -16.768 0.5000000000
60619  28.930  -39.906  -13.944 0.6000000238
60627  29.351  -39.191  -14.186 0.6000000238
127005  29.379  -39.788  -15.903 0.6000000238
60644  28.035  -39.214  -15.190 0.6000000238
61586  28.732  -38.863  -14.726 0.6000000238
60659  30.358  -39.574  -16.302 0.6000000238
60660  29.681  -39.013  -15.955 0.6000000238
127346  31.059  -40.072  -16.611 0.6000000238
59807  31.977  -40.128  -17.042 0.5000000000
59806  32.715  -40.586  -17.393 0.4000000060
132591  33.060  -39.791  -17.423 0.4000000060
150007  29.346  -38.606  -15.483 0.6000000238
61591  29.364  -38.296  -14.960 0.5000000000
61584  30.128  -38.693  -13.957 0.5000000000
60626  30.139  -39.328  -13.610 0.5000000000
60661  28.794  -38.996  -15.409 0.6000000238
62493  29.925  -37.827  -15.101 0.5000000000
60658  31.249  -39.374  -16.583 0.5000000000
61620  33.242  -38.717  -17.241 0.4000000060
149378  30.854  -38.180  -13.617 0.4000000060
61609  29.912  -38.346  -15.817 0.6000000238
140305  30.182  -37.800  -15.577 0.5000000000
61607  31.356  -38.511  -16.502 0.4000000060
61608  30.486  -38.773  -16.254 0.6000000238
62509  30.829  -37.348  -15.891 0.6000000238
62492  30.539  -37.305  -15.309 0.4000000060
61606  32.235  -38.159  -16.766 0.4000000060
62507  32.153  -37.262  -16.609 0.4000000060
63470  30.897  -36.757  -15.041 0.4000000060
62508  31.402  -37.666  -16.376 0.4000000060
63483  31.090  -36.727  -15.665 0.4000000060
62520  33.862  -37.265  -17.232 0.4000000060
63482  31.569  -36.147  -16.161 0.4000000060
63454  32.155  -36.810  -12.964 0.4000000060
63461  31.690  -36.688  -13.723 0.4000000060
142531  31.386  -36.145  -15.446 0.4000000060
64497  33.045  -35.822  -17.004 0.4000000060
127352  32.187  -35.950  -16.625 0.4000000060
153236  31.862  -35.646  -16.360 0.4000000060
64489  31.666  -35.522  -15.946 0.4000000060
64469  31.974  -35.846  -14.176 0.4000000060
63469  31.392  -36.295  -14.674 0.4000000060
64498  32.215  -35.132  -16.640 0.3000000119
64488  31.996  -34.810  -15.774 0.4000000060
64476  31.700  -35.595  -15.160 0.4000000060
64468  32.624  -35.401  -13.651 0.4000000060
64475  32.236  -35.067  -14.637 0.4000000060
44420  24.366  -56.621  -16.461 0.8000000119
144051  23.801  -56.902  -16.062 0.8999999762
149097  23.874  -56.317  -15.654 0.8999999762
43461  23.775  -56.957  -15.974 0.8999999762
43455  23.999  -57.023  -15.764 0.8999999762
46327  29.792  -54.500  -11.570 1.0000000000
46317  30.088  -54.142  -11.007 1.0000000000
135752  27.059  -56.670  -14.540 0.8999999762
131455  28.483  -55.691  -13.363 0.8999999762
45365  28.085  -54.909  -13.273 0.8999999762
46328  29.023  -54.100  -11.984 1.0000000000
45384  26.337  -56.320  -14.658 0.8999999762
44368  27.757  -55.706  -13.835 0.8999999762
45382  27.034  -55.432  -14.116 0.8999999762
46337  28.607  -54.530  -12.614 1.0000000000
44369  25.258  -56.295  -14.919 0.8999999762
46349  26.648  -54.296  -13.568 0.8999999762
62476  30.200  -38.034  -14.362 0.4000000060
62483  30.401  -37.470  -14.774 0.4000000060
149939  30.721  -37.594  -14.174 0.4000000060
147446  31.436  -37.909  -13.120 0.4000000060
130621  26.738  -60.308  -9.478 0.8999999762
40462  29.548  -60.536  -10.215 1.0000000000
39485  29.176  -61.386  -13.742 0.8000000119
42431  24.397  -57.363  -10.262 0.8999999762
151464  28.596  -59.648  -9.009 1.0000000000
145865  29.853  -58.140  -12.819 0.8999999762
129855  29.227  -58.971  -13.665 0.8000000119
42503  27.936  -58.760  -14.733 0.8000000119
42504  27.181  -58.810  -15.240 0.8000000119
143054  27.910  -57.890  -14.538 0.8999999762
149503  26.277  -57.852  -15.254 0.8000000119
134693  25.226  -56.929  -15.191 0.8999999762
43454  24.673  -57.442  -15.530 0.8000000119
44361  29.827  -56.724  -12.559 0.8999999762
45383  26.547  -55.662  -14.374 0.8999999762
44285  25.118  -56.116  -7.299 0.8999999762
42378  25.558  -58.071  -6.582 1.0000000000
39383  23.600  -62.256  -5.986 0.6000000238
39385  21.663  -61.850  -6.138 0.4000000060
38355  22.148  -62.520  -6.260 0.4000000060
45349  30.593  -55.798  -10.939 1.0000000000
46336  29.397  -54.906  -12.228 0.8999999762
130773  25.664  -56.985  -17.064 0.6999999881
46386  25.108  -54.592  -16.298 0.8000000119
127676  26.362  -56.048  -5.647 0.8999999762
148537  24.349  -56.104  -15.131 0.8999999762
44416  28.020  -56.712  -17.322 0.6000000238
45417  23.774  -55.885  -16.035 0.8999999762
41381  25.695  -59.712  -5.161 0.6999999881
39365  21.991  -61.399  -5.784 0.4000000060
45368  25.766  -55.605  -14.536 0.8999999762
147146  23.317  -54.525  -15.108 0.8999999762
47307  23.735  -54.071  -15.528 0.8999999762
46383  27.811  -54.883  -16.334 0.6999999881
43336  26.442  -57.141  -4.426 0.8000000119
44268  27.045  -55.762  -5.001 0.8999999762
47208  29.621  -52.713  -10.159 1.0000000000
46348  27.395  -54.269  -13.225 0.8999999762
47262  26.165  -53.631  -13.336 0.8999999762
46350  25.730  -54.250  -13.839 0.8999999762
45367  26.354  -54.974  -14.124 0.8999999762
46362  23.140  -53.870  -14.631 0.8999999762
41361  23.287  -59.189  -3.460 0.5000000000
47265  23.207  -53.391  -14.115 0.8999999762
47176  30.677  -53.844  -5.365 0.8000000119
133971  30.618  -54.189  -6.133 0.8999999762
48173  27.723  -53.163  -15.145 0.6999999881
49075  23.309  -52.185  -14.645 0.8999999762
49072  25.819  -52.092  -14.906 0.8000000119
43323  24.708  -57.901  -1.892 0.6000000238
138945  27.866  -55.423  -2.927 0.8000000119
48055  30.966  -53.034  -5.235 0.6999999881
152105  30.929  -52.800  -5.805 0.6999999881
49920  28.858  -51.011  -9.803 1.0000000000
49028  25.335  -51.404  -12.057 1.0000000000
49990  23.585  -50.628  -14.058 0.8999999762
44226  26.234  -56.486  -1.223 0.6000000238
43311  24.147  -57.356  -1.477 0.5000000000
48050  31.091  -52.905  -4.332 0.6999999881
49919  29.542  -50.880  -9.410 0.8999999762
45238  25.732  -56.048  -0.648 0.5000000000
148674  31.508  -51.756  -5.061 0.6999999881
50989  23.174  -49.810  -13.261 0.8999999762
47141  28.789  -53.764  -0.559 0.6000000238
47142  27.949  -54.067  0.044 0.5000000000
51969  28.021  -49.053  -11.468 0.8999999762
51966  30.979  -48.840  -10.839 0.8000000119
52994  22.750  -47.187  -13.227 0.8999999762
146517  30.862  -52.554  -2.026 0.6999999881
50913  32.578  -49.413  -7.285 0.6999999881
51964  32.368  -48.285  -9.919 0.8000000119
51978  27.975  -48.264  -11.981 0.8999999762
131671  26.188  -47.398  -12.312 0.8999999762
51997  26.279  -48.357  -13.694 0.8000000119
52975  24.708  -47.686  -13.791 0.8000000119
132076  32.748  -48.905  -6.033 0.6999999881
53891  30.717  -47.076  -12.163 0.8000000119
54985  23.111  -45.655  -13.422 0.8999999762
132041  25.700  -45.193  -13.206 0.8999999762
51911  32.541  -48.339  -4.548 0.6000000238
54999  25.918  -45.781  -14.883 0.6999999881
134614  24.618  -43.546  -13.429 0.8999999762
58001  24.521  -42.192  -15.079 0.6999999881
137891  25.461  -42.417  -15.406 0.6000000238
58931  24.570  -40.925  -14.397 0.8000000119
138749  25.761  -40.868  -15.281 0.6000000238
58916  25.971  -41.073  -13.965 0.6999999881
57055  29.043  -43.020  -15.784 0.6000000238
59782  27.509  -39.858  -15.298 0.6000000238
58013  29.706  -42.695  -16.013 0.6000000238
61596  28.964  -38.591  -15.118 0.6000000238
62475  31.259  -37.452  -13.669 0.4000000060
63462  31.030  -37.009  -14.377 0.4000000060
63460  32.363  -36.174  -13.274 0.4000000060
44374  24.517  -56.696  -15.355 0.8999999762
32725  24.627  -68.955  -11.311 0.4000000060
33613  23.753  -67.793  -11.359 0.4000000060
151162  23.316  -67.466  -11.640 0.4000000060
33611  25.670  -67.818  -11.066 0.4000000060
34526  23.896  -66.224  -11.345 0.4000000060
34539  23.194  -66.211  -11.899 0.4000000060
149393  26.856  -67.204  -11.267 0.3000000119
33593  25.200  -66.990  -10.836 0.4000000060
152605  27.731  -66.735  -11.749 0.4000000060
34538  28.029  -66.829  -12.263 0.4000000060
35510  28.572  -65.387  -13.798 0.4000000060
36474  28.561  -64.784  -14.216 0.4000000060
35481  24.342  -65.503  -11.195 0.5000000000
35491  22.921  -65.382  -12.273 0.4000000060
34505  25.862  -66.391  -10.687 0.4000000060
140670  24.931  -65.699  -10.762 0.4000000060
35479  27.599  -65.828  -11.176 0.5000000000
35490  28.593  -65.325  -12.143 0.4000000060
35498  28.649  -65.577  -12.984 0.4000000060
141375  28.761  -64.899  -13.463 0.5000000000
142885  28.469  -63.994  -14.626 0.5000000000
37475  28.290  -63.222  -15.035 0.6000000238
142887  28.004  -63.890  -15.231 0.5000000000
36484  27.377  -64.188  -15.741 0.6000000238
37486  26.924  -63.284  -16.130 0.4000000060
36447  24.080  -64.532  -11.576 0.5000000000
36457  23.345  -64.594  -12.136 0.5000000000
129786  22.360  -63.767  -12.790 0.5000000000
37464  21.604  -63.773  -13.246 0.5000000000
149642  25.610  -64.905  -10.614 0.6000000238
35460  24.935  -64.915  -10.874 0.6000000238
35457  27.130  -65.390  -10.704 0.5000000000
36426  26.342  -64.940  -10.517 0.6000000238
36446  27.876  -65.084  -10.942 0.5000000000
36445  28.555  -64.676  -11.491 0.5000000000
36456  28.909  -64.613  -12.596 0.4000000060
36464  28.887  -64.064  -13.670 0.6000000238
37474  28.737  -63.214  -14.276 0.6000000238
38479  28.514  -62.429  -14.738 0.6000000238
38480  27.949  -62.505  -15.369 0.6000000238
39503  27.565  -61.879  -15.635 0.6000000238
39504  26.837  -61.667  -16.077 0.6000000238
37485  27.653  -63.269  -15.569 0.6000000238
38491  27.263  -62.506  -15.898 0.6000000238
38492  26.379  -62.435  -16.318 0.6000000238
140652  25.586  -61.485  -16.438 0.6000000238
37442  24.134  -63.454  -11.704 0.5000000000
37453  23.490  -63.193  -12.228 0.5000000000
37454  22.819  -63.015  -12.644 0.5000000000
133967  21.193  -63.059  -13.557 0.5000000000
134941  25.526  -64.167  -10.660 0.6000000238
136513  24.666  -64.067  -11.187 0.6000000238
36424  28.117  -64.348  -10.777 0.6000000238
37421  27.118  -63.509  -10.261 0.6000000238
37420  27.949  -63.653  -10.459 0.6000000238
131189  29.077  -63.866  -11.825 0.6000000238
37452  29.202  -63.629  -12.774 0.6000000238
40536  26.398  -60.750  -16.086 0.6000000238
40537  25.220  -60.434  -16.412 0.6999999881
38455  23.316  -62.316  -12.418 0.6000000238
38456  22.539  -62.097  -12.872 0.5000000000
38468  21.132  -62.165  -13.677 0.5000000000
37440  25.551  -63.306  -10.677 0.6000000238
37441  24.851  -63.349  -11.128 0.6000000238
38443  23.857  -62.625  -11.978 0.6000000238
39486  20.984  -60.939  -13.806 0.5000000000
39487  19.718  -60.187  -14.611 0.5000000000
38422  25.741  -62.632  -10.544 0.6000000238
148144  29.131  -63.222  -11.392 0.6000000238
41532  25.964  -59.855  -15.983 0.6999999881
39466  23.931  -61.593  -11.921 0.6000000238
39476  22.989  -61.297  -12.605 0.6000000238
39477  22.093  -61.096  -13.188 0.6000000238
39465  24.746  -61.864  -11.331 0.6000000238
40498  22.406  -60.180  -12.878 0.6000000238
40510  21.410  -59.938  -13.537 0.6000000238
40511  20.430  -59.749  -14.109 0.6000000238
40512  19.605  -59.201  -14.266 0.6000000238
138912  24.546  -61.113  -11.417 0.6000000238
40526  18.849  -60.140  -14.581 0.5000000000
38421  26.659  -62.578  -10.117 0.6000000238
40514  18.556  -60.197  -14.102 0.6000000238
41533  24.863  -59.519  -16.286 0.6999999881
40483  24.116  -60.563  -11.697 0.6000000238
41496  21.657  -58.836  -13.104 0.6000000238
40466  24.726  -60.231  -11.119 0.6000000238
40484  23.361  -60.280  -12.252 0.6000000238
147287  22.641  -59.384  -12.583 0.6000000238
40499  20.500  -58.858  -13.791 0.6000000238
41498  19.380  -58.772  -13.852 0.6000000238
39464  25.287  -62.048  -10.875 0.6000000238
41484  19.432  -58.835  -13.071 0.6000000238
38402  26.519  -61.650  -9.983 0.6000000238
150758  28.282  -62.513  -10.187 0.6000000238
41523  24.583  -58.740  -15.985 0.6999999881
42514  24.196  -58.253  -16.186 0.6999999881
40465  25.512  -60.516  -10.453 0.6000000238
41495  22.358  -58.288  -12.395 0.6999999881
129090  21.419  -57.797  -12.756 0.6999999881
40464  25.833  -61.242  -10.322 0.6000000238
43460  23.992  -57.578  -15.962 0.6999999881
41482  23.143  -59.193  -12.173 0.6999999881
41464  24.496  -59.037  -10.986 0.6999999881
42473  22.469  -57.520  -11.732 0.6999999881
42474  20.982  -57.220  -11.852 0.6999999881
42488  20.140  -57.668  -13.125 0.6000000238
41483  20.037  -58.241  -12.319 0.6999999881
41465  20.883  -59.153  -11.338 0.6000000238
40485  20.066  -59.595  -12.050 0.5000000000
43473  24.073  -57.123  -16.291 0.8000000119
146512  24.275  -58.068  -10.788 0.6999999881
42472  23.150  -57.587  -11.373 0.6999999881
43421  21.613  -57.156  -11.305 0.6999999881
42454  20.746  -57.721  -11.670 0.6999999881
39467  19.966  -61.439  -11.934 0.5000000000
139047  21.372  -58.192  -10.865 0.6999999881
40469  20.874  -60.504  -11.429 0.6000000238
54965  28.766  -45.748  -13.304 0.6999999881
52939  32.367  -47.736  -10.319 0.6999999881
52940  31.817  -47.657  -10.908 0.6999999881
53908  30.566  -46.250  -12.626 0.6999999881
52929  33.181  -47.974  -8.873 0.6000000238
52935  33.369  -47.223  -9.250 0.6000000238
131461  29.649  -45.999  -13.097 0.6999999881
147281  29.511  -45.332  -13.349 0.6999999881
54966  28.092  -45.141  -13.468 0.6999999881
56014  27.447  -44.545  -13.521 0.6999999881
52928  33.607  -47.371  -8.373 0.6000000238
53882  32.912  -47.006  -10.128 0.6000000238
53886  31.903  -46.934  -11.267 0.6999999881
53871  33.915  -46.708  -7.795 0.6000000238
54984  28.980  -44.755  -13.521 0.6999999881
56013  28.229  -44.304  -13.589 0.6999999881
57019  27.774  -43.182  -13.611 0.6999999881
53881  33.538  -46.436  -9.585 0.6000000238
54933  32.739  -45.555  -11.028 0.6000000238
54943  31.534  -45.748  -12.161 0.6999999881
54964  30.234  -45.384  -13.150 0.6999999881
57033  29.502  -44.149  -13.525 0.6999999881
57034  28.874  -43.877  -13.595 0.6999999881
57018  28.665  -43.053  -13.576 0.6999999881
53877  33.834  -46.605  -8.727 0.6000000238
132897  34.011  -45.841  -9.110 0.6000000238
54932  33.439  -45.264  -10.374 0.5000000000
150506  32.602  -44.984  -11.377 0.6000000238
145341  31.835  -44.151  -12.337 0.5000000000
57032  30.178  -44.041  -13.414 0.6999999881
57960  30.071  -42.600  -13.408 0.6999999881
57961  28.765  -42.271  -13.568 0.6999999881
64495  35.256  -35.277  -16.830 0.3000000119
138846  35.118  -35.861  -17.054 0.3000000119
63495  32.884  -36.693  -16.856 0.3000000119
144777  24.061  -68.509  -11.300 0.4000000060
32727  22.677  -68.662  -11.989 0.3000000119
149120  22.271  -68.367  -12.448 0.4000000060
32724  25.442  -68.643  -11.290 0.3000000119
33634  22.181  -67.240  -12.653 0.4000000060
132277  27.698  -67.703  -12.504 0.4000000060
34540  22.427  -66.263  -12.499 0.4000000060
33622  28.154  -67.175  -12.992 0.4000000060
34548  28.217  -66.934  -13.742 0.4000000060
34559  28.009  -66.448  -14.614 0.4000000060
36475  28.044  -64.747  -15.047 0.5000000000
36485  26.516  -64.073  -16.344 0.4000000060
35499  21.597  -65.303  -13.090 0.4000000060
37487  26.027  -63.229  -16.497 0.5000000000
37465  20.725  -63.771  -13.831 0.5000000000
129365  20.474  -62.633  -14.175 0.5000000000
38469  20.231  -61.474  -14.417 0.5000000000
140960  19.382  -61.013  -14.939 0.5000000000
39495  19.095  -60.328  -14.811 0.5000000000
39488  18.284  -60.973  -14.455 0.4000000060
40487  18.715  -60.662  -13.258 0.5000000000
40486  19.390  -60.268  -12.597 0.5000000000
43487  24.369  -57.794  -16.555 0.8000000119
131759  24.650  -57.183  -16.707 0.6999999881
38445  19.770  -62.349  -11.927 0.5000000000
38444  20.541  -62.242  -11.552 0.6000000238
48925  31.456  -51.606  -2.787 0.6000000238
127082  31.658  -50.804  -2.970 0.6000000238
52914  33.498  -47.509  -6.742 0.6000000238
54928  34.175  -45.922  -8.177 0.5000000000
54930  34.023  -45.027  -9.572 0.5000000000
56989  33.398  -43.800  -10.767 0.5000000000
57003  32.833  -43.769  -11.406 0.5000000000
57948  31.779  -42.667  -12.448 0.5000000000
57959  30.965  -42.649  -13.054 0.5000000000
59751  30.851  -41.188  -12.956 0.5000000000
65493  35.504  -34.557  -16.349 0.3000000119
65502  34.732  -34.533  -17.084 0.3000000119
146914  33.903  -35.741  -17.277 0.3000000119
38401  27.347  -61.964  -9.825 0.6000000238
38420  27.742  -62.783  -10.112 0.6000000238
37419  28.661  -63.676  -10.986 0.6000000238
43404  22.035  -57.166  -10.649 0.8000000119
41522  25.589  -59.044  -15.760 0.6999999881
42507  24.398  -58.079  -15.847 0.6999999881
136458  32.322  -47.164  -10.708 0.6999999881
138926  26.788  -43.619  -13.574 0.6999999881
58898  29.433  -41.708  -13.499 0.6000000238
63504  33.866  -36.417  -17.240 0.3000000119
43472  24.042  -57.541  -16.128 0.8000000119
43486  24.970  -57.768  -17.073 0.6999999881
53890  31.359  -46.627  -11.925 0.6999999881
33612  24.700  -67.974  -11.114 0.4000000060
33592  26.087  -67.128  -10.891 0.4000000060
32722  27.050  -67.958  -11.729 0.3000000119
35480  27.043  -66.051  -10.885 0.5000000000
35492  22.224  -65.330  -12.673 0.5000000000
35519  27.777  -65.675  -15.169 0.3000000119
36467  20.704  -64.677  -13.819 0.5000000000
54983  29.854  -44.723  -13.417 0.6999999881
143217  27.709  -43.868  -13.615 0.6999999881
53885  32.536  -46.481  -10.839 0.6999999881
53884  33.191  -46.101  -10.335 0.6000000238
53889  32.063  -46.112  -11.498 0.6999999881
54963  31.033  -45.234  -12.752 0.6999999881
134644  33.676  -45.747  -9.815 0.6000000238
55985  33.039  -44.617  -11.020 0.5000000000
55998  32.378  -44.454  -11.750 0.6000000238
56012  30.596  -44.638  -13.169 0.6999999881
57017  29.597  -43.381  -13.510 0.6999999881
143720  29.315  -42.610  -13.519 0.6999999881
55984  33.687  -44.442  -10.280 0.5000000000
57015  31.379  -43.527  -12.756 0.5000000000
57016  30.526  -43.361  -13.281 0.5000000000
58896  31.326  -41.891  -12.757 0.5000000000
58897  30.487  -41.881  -13.227 0.6999999881
54923  34.295  -45.128  -7.664 0.5000000000
152309  32.687  -43.222  -11.592 0.5000000000
59750  31.629  -41.129  -12.498 0.5000000000
42525  24.327  -58.431  -16.474 0.6000000238
42541  24.521  -58.632  -17.058 0.6000000238
42539  26.748  -57.949  -17.600 0.5000000000
42540  25.552  -58.332  -17.422 0.6000000238
43485  25.897  -57.635  -17.348 0.6000000238
42537  28.657  -58.153  -17.806 0.5000000000
42538  27.806  -57.999  -17.791 0.5000000000
44418  26.629  -57.134  -17.377 0.6000000238
37424  22.071  -63.899  -10.447 0.5000000000
43481  29.989  -57.968  -17.080 0.5000000000
43483  28.329  -57.430  -17.554 0.5000000000
42524  30.892  -58.290  -16.666 0.5000000000
36427  22.559  -64.509  -9.701 0.4000000060
35442  22.158  -65.367  -8.825 0.4000000060
35415  22.278  -65.117  -8.265 0.4000000060
43482  29.145  -57.660  -17.406 0.5000000000
42523  31.888  -58.434  -16.472 0.5000000000
43470  30.461  -57.571  -16.410 0.5000000000
36378  21.259  -64.697  -7.284 0.4000000060
43469  31.437  -57.738  -16.094 0.5000000000
37379  20.582  -63.853  -6.941 0.4000000060
41370  22.680  -59.567  -4.129 0.4000000060
41382  22.332  -60.154  -4.826 0.4000000060
41371  21.787  -59.380  -4.670 0.4000000060
41383  21.472  -59.821  -5.310 0.3000000119
46220  25.368  -54.683  0.204 0.4000000060
45225  25.129  -55.429  -0.285 0.4000000060
42340  23.330  -58.051  -2.376 0.4000000060
136946  22.896  -58.475  -3.031 0.4000000060
150589  22.903  -57.568  -2.255 0.4000000060
42352  22.460  -58.780  -3.654 0.4000000060
127761  22.322  -56.380  -2.055 0.4000000060
42341  22.482  -57.698  -2.727 0.4000000060
42357  21.975  -58.928  -4.173 0.4000000060
42358  21.296  -58.548  -4.632 0.4000000060
44228  24.486  -56.788  -0.961 0.4000000060
45226  24.217  -55.464  -0.448 0.4000000060
44229  23.493  -56.641  -1.140 0.4000000060
47144  25.774  -53.864  0.497 0.4000000060
46221  24.374  -54.588  -0.120 0.4000000060
45227  23.378  -54.733  -0.533 0.4000000060
45240  23.334  -55.705  -0.769 0.4000000060
46222  22.484  -54.991  -1.027 0.4000000060
45257  22.100  -55.529  -1.887 0.4000000060
144558  22.231  -58.158  -3.330 0.4000000060
46243  21.914  -54.630  -1.854 0.4000000060
44255  21.365  -56.490  -3.338 0.4000000060
42353  21.770  -58.280  -3.900 0.4000000060
47140  29.649  -53.345  -1.020 0.4000000060
48017  25.207  -52.861  0.357 0.4000000060
47145  24.677  -53.698  0.263 0.4000000060
47146  23.520  -53.588  -0.347 0.4000000060
146447  30.085  -52.745  -0.996 0.5000000000
48013  29.055  -53.009  -0.317 0.4000000060
48014  28.287  -53.197  0.142 0.4000000060
48005  26.703  -52.271  0.408 0.4000000060
48018  24.181  -52.677  -0.193 0.4000000060
48019  23.216  -52.465  -0.754 0.4000000060
143680  22.739  -54.089  -0.748 0.4000000060
129135  22.178  -54.004  -1.269 0.4000000060
131956  21.525  -55.116  -2.558 0.4000000060
48926  31.136  -51.858  -2.031 0.5000000000
48012  30.551  -52.176  -1.344 0.5000000000
48907  29.531  -51.501  -0.508 0.5000000000
48003  28.485  -52.321  0.050 0.4000000060
48910  26.944  -51.522  0.173 0.4000000060
141024  26.233  -51.639  0.081 0.4000000060
48007  24.840  -51.932  -0.205 0.4000000060
47147  22.588  -53.238  -0.921 0.4000000060
48906  30.213  -51.429  -0.902 0.5000000000
48909  27.838  -51.455  0.088 0.4000000060
48911  25.535  -51.391  -0.369 0.4000000060
48918  24.691  -51.069  -0.845 0.4000000060
49817  29.825  -50.905  -0.728 0.4000000060
49819  28.104  -50.573  -0.436 0.4000000060
49820  27.115  -50.805  -0.371 0.4000000060
49821  26.265  -51.040  -0.434 0.4000000060
49831  25.514  -50.625  -0.992 0.4000000060
50829  29.331  -49.420  -1.258 0.4000000060
50841  28.940  -48.821  -1.613 0.4000000060
50842  28.317  -48.720  -1.924 0.4000000060
50831  27.395  -49.481  -1.562 0.4000000060
51872  27.130  -48.622  -2.629 0.4000000060
49851  31.811  -50.125  -3.165 0.5000000000
50840  31.347  -49.223  -2.401 0.5000000000
51860  29.820  -48.719  -1.738 0.4000000060
51871  27.908  -48.421  -2.489 0.4000000060
51890  26.770  -48.365  -3.084 0.3000000119
50872  32.334  -49.356  -4.396 0.5000000000
50828  30.336  -49.673  -1.417 0.5000000000
49828  28.767  -49.963  -0.820 0.4000000060
146062  27.948  -49.817  -0.969 0.4000000060
49829  27.228  -50.094  -1.009 0.4000000060
50833  25.673  -49.872  -1.723 0.4000000060
50830  28.313  -49.270  -1.407 0.4000000060
50832  26.576  -49.686  -1.676 0.4000000060
50856  31.657  -48.815  -2.863 0.5000000000
51859  30.743  -48.970  -1.970 0.5000000000
147779  29.747  -48.080  -2.261 0.4000000060
52850  29.210  -47.639  -2.726 0.4000000060
52852  27.394  -48.148  -3.107 0.3000000119
51889  31.669  -48.155  -3.023 0.5000000000
51869  30.493  -48.253  -2.236 0.4000000060
52849  30.172  -47.583  -2.595 0.4000000060
127694  28.601  -47.306  -3.449 0.4000000060
52851  28.247  -47.871  -2.923 0.3000000119
52887  27.169  -47.260  -4.235 0.3000000119
52874  26.766  -47.864  -3.621 0.3000000119
52885  32.522  -47.306  -4.452 0.5000000000
52905  32.949  -47.624  -5.265 0.4000000060
52904  33.412  -47.009  -6.021 0.5000000000
53815  31.110  -46.653  -3.578 0.3000000119
52872  30.653  -47.123  -3.072 0.4000000060
52873  29.625  -47.056  -3.280 0.4000000060
52886  28.028  -47.021  -4.123 0.3000000119
131180  27.679  -47.597  -3.611 0.3000000119
53837  26.697  -46.760  -4.780 0.3000000119
52888  26.309  -47.356  -4.269 0.3000000119
53814  31.917  -46.925  -3.861 0.3000000119
53851  32.877  -46.604  -5.121 0.4000000060
53850  33.331  -46.065  -5.792 0.4000000060
153403  33.664  -46.277  -6.424 0.4000000060
53866  33.719  -46.819  -6.924 0.4000000060
53833  30.496  -46.103  -4.031 0.3000000119
53816  30.221  -46.620  -3.584 0.3000000119
53817  28.968  -46.715  -3.957 0.3000000119
53835  28.346  -46.417  -4.556 0.3000000119
53836  27.526  -46.625  -4.689 0.3000000119
53838  25.841  -46.811  -4.819 0.3000000119
53855  25.345  -46.286  -5.441 0.3000000119
53832  31.534  -46.092  -4.190 0.3000000119
53853  27.085  -46.182  -5.287 0.3000000119
53854  26.248  -46.287  -5.399 0.3000000119
54896  24.892  -45.600  -6.053 0.3000000119
53831  32.310  -46.549  -4.422 0.3000000119
54910  33.704  -45.545  -6.300 0.3000000119
54924  34.048  -45.934  -7.120 0.4000000060
54927  34.283  -45.148  -8.619 0.4000000060
153156  34.333  -44.479  -8.960 0.4000000060
136768  33.848  -43.770  -10.177 0.4000000060
57004  32.233  -43.486  -12.028 0.4000000060
54897  24.135  -45.517  -5.917 0.3000000119
54872  31.555  -45.323  -4.654 0.3000000119
54871  32.308  -45.870  -4.727 0.3000000119
136274  32.826  -45.681  -5.304 0.3000000119
55946  33.645  -44.783  -6.113 0.3000000119
55963  34.325  -44.315  -7.241 0.3000000119
55973  34.422  -44.394  -8.157 0.4000000060
56968  34.455  -43.603  -7.712 0.3000000119
56978  34.425  -43.645  -8.776 0.4000000060
56988  33.718  -43.142  -10.441 0.4000000060
57931  33.577  -42.382  -10.745 0.4000000060
57946  33.094  -42.266  -11.317 0.4000000060
57947  32.541  -42.609  -11.778 0.4000000060
58884  32.099  -41.851  -12.234 0.4000000060
55928  33.240  -45.220  -5.711 0.3000000119
57906  34.522  -42.831  -8.131 0.3000000119
136432  34.415  -42.720  -9.108 0.3000000119
58869  33.956  -41.750  -10.307 0.4000000060
58883  32.720  -41.740  -11.659 0.4000000060
59736  32.673  -40.339  -11.691 0.4000000060
59749  31.938  -40.339  -12.295 0.4000000060
132799  31.133  -40.422  -12.760 0.4000000060
143168  30.369  -40.559  -13.237 0.5000000000
132315  34.461  -42.103  -7.529 0.3000000119
58839  34.574  -41.256  -8.847 0.3000000119
58851  34.368  -41.912  -9.442 0.3000000119
58850  34.287  -41.128  -9.776 0.4000000060
59722  33.780  -40.956  -10.561 0.4000000060
146727  33.666  -40.217  -10.813 0.4000000060
59735  33.284  -40.707  -11.202 0.4000000060
60603  33.478  -39.536  -11.080 0.3000000119
60604  32.903  -39.532  -11.557 0.4000000060
60616  31.437  -39.497  -12.628 0.3000000119
60617  30.609  -39.801  -13.147 0.3000000119
60618  29.825  -39.914  -13.584 0.4000000060
138888  31.386  -38.557  -12.864 0.3000000119
61578  30.748  -39.008  -13.253 0.3000000119
146900  34.569  -41.366  -7.902 0.3000000119
59685  34.663  -40.560  -8.162 0.3000000119
59700  34.568  -40.470  -9.235 0.3000000119
60585  34.491  -39.680  -9.660 0.3000000119
61552  34.341  -38.927  -10.162 0.3000000119
142222  33.777  -39.003  -10.771 0.3000000119
61553  33.915  -38.198  -10.768 0.3000000119
61571  33.296  -37.891  -11.399 0.3000000119
141677  32.589  -38.936  -11.826 0.3000000119
143026  32.022  -38.771  -12.291 0.3000000119
61572  32.576  -38.094  -11.895 0.3000000119
149608  34.510  -40.904  -7.530 0.3000000119
60562  34.738  -39.756  -8.713 0.3000000119
140555  34.581  -38.108  -9.877 0.3000000119
62443  34.324  -37.398  -10.425 0.3000000119
62444  33.737  -37.304  -11.113 0.3000000119
62468  32.352  -37.324  -12.442 0.3000000119
61577  31.890  -37.990  -12.549 0.3000000119
63439  33.086  -37.135  -11.839 0.3000000119
63453  32.686  -36.578  -12.525 0.3000000119
64460  33.035  -35.751  -12.728 0.3000000119
48917  30.802  -51.235  -1.488 0.5000000000
48916  31.331  -50.993  -2.170 0.5000000000
41534  24.296  -59.120  -16.548 0.6000000238
41544  24.312  -59.164  -16.820 0.5000000000
41558  26.318  -58.707  -17.714 0.5000000000
42535  30.395  -58.686  -17.353 0.5000000000
42547  29.018  -58.865  -18.092 0.5000000000
42549  27.259  -58.663  -17.895 0.5000000000
40468  21.692  -60.450  -10.893 0.6000000238
39451  21.522  -61.390  -11.120 0.6000000238
38424  21.995  -62.187  -10.799 0.6000000238
142451  21.656  -62.966  -10.909 0.5000000000
132246  21.524  -64.464  -10.545 0.5000000000
36428  22.027  -64.731  -10.068 0.5000000000
35443  21.710  -65.747  -9.187 0.5000000000
34479  21.129  -66.276  -8.780 0.4000000060
35417  20.787  -66.047  -7.938 0.4000000060
137831  20.550  -65.315  -7.447 0.4000000060
36379  20.325  -64.580  -7.192 0.4000000060
39386  20.793  -61.583  -6.442 0.3000000119
40383  21.004  -60.242  -5.896 0.3000000119
42367  21.156  -59.130  -5.147 0.4000000060
45267  21.135  -55.582  -3.283 0.4000000060
43337  21.165  -57.704  -4.291 0.4000000060
48919  23.925  -51.717  -0.751 0.4000000060
150975  21.803  -53.900  -1.959 0.4000000060
48043  21.378  -52.824  -3.141 0.4000000060
48920  23.216  -51.677  -1.375 0.4000000060
48020  22.567  -52.340  -1.590 0.4000000060
49832  24.807  -50.344  -1.552 0.4000000060
48927  23.044  -51.135  -1.915 0.4000000060
51873  26.453  -48.770  -2.705 0.4000000060
51891  26.185  -48.368  -3.196 0.4000000060
50845  25.509  -49.362  -2.336 0.4000000060
52875  25.878  -47.860  -3.693 0.3000000119
52889  25.457  -47.369  -4.265 0.3000000119
53839  24.949  -46.799  -4.764 0.3000000119
42534  31.345  -58.954  -17.046 0.5000000000
38357  20.267  -62.217  -6.722 0.4000000060
46253  21.007  -54.683  -3.232 0.4000000060
136775  21.039  -53.720  -3.288 0.4000000060
49833  23.896  -50.885  -1.514 0.4000000060
147040  20.622  -63.023  -6.748 0.4000000060
43484  27.502  -57.271  -17.529 0.5000000000
47143  26.925  -54.053  0.507 0.4000000060
49850  32.050  -49.730  -3.699 0.5000000000
48015  27.361  -53.166  0.484 0.4000000060
55977  34.138  -44.122  -9.600 0.4000000060
59737  32.332  -41.078  -11.993 0.4000000060
43324  21.997  -56.871  -2.709 0.4000000060
45258  21.706  -56.004  -2.619 0.4000000060
43333  21.677  -57.463  -3.452 0.4000000060
48001  29.916  -52.161  -0.701 0.5000000000
48004  27.627  -52.327  0.366 0.4000000060
47160  21.585  -53.408  -2.498 0.4000000060
49818  29.133  -50.759  -0.523 0.4000000060
49826  30.343  -50.624  -1.133 0.5000000000
49830  26.378  -50.341  -1.055 0.4000000060
131017  31.782  -49.458  -3.000 0.5000000000
49825  30.973  -50.353  -1.662 0.5000000000
52870  32.133  -47.805  -3.723 0.5000000000
51888  32.087  -48.803  -3.574 0.5000000000
52848  31.026  -47.762  -2.643 0.4000000060
52871  31.469  -47.385  -3.269 0.4000000060
54909  34.064  -44.988  -6.785 0.3000000119
57916  34.107  -42.544  -9.999 0.4000000060
55929  32.796  -44.625  -5.493 0.3000000119
58882  33.364  -41.558  -11.095 0.4000000060
140046  34.530  -42.034  -8.493 0.3000000119
133975  33.227  -38.740  -11.360 0.3000000119
60546  34.674  -39.722  -7.766 0.3000000119
61530  34.774  -38.871  -9.133 0.3000000119
137693  34.940  -37.922  -8.911 0.3000000119
63452  33.220  -36.315  -12.087 0.3000000119
48031  21.935  -52.553  -2.396 0.4000000060
39478  18.309  -61.214  -13.697 0.4000000060
39469  18.561  -61.583  -12.948 0.4000000060
129793  18.414  -62.964  -12.773 0.4000000060
37445  18.921  -63.496  -12.270 0.3000000119
39468  19.170  -61.473  -12.457 0.4000000060
127692  19.454  -64.142  -11.771 0.3000000119
142098  24.486  -61.732  -16.805 0.5000000000
37443  20.376  -63.059  -11.513 0.5000000000
36430  20.029  -64.815  -11.282 0.3000000119
39505  24.455  -60.941  -16.770 0.5000000000
40548  24.081  -60.696  -17.101 0.5000000000
39514  24.078  -61.270  -17.103 0.5000000000
38425  21.275  -62.193  -11.235 0.5000000000
37425  21.115  -63.690  -11.066 0.4000000060
40538  24.344  -60.079  -16.769 0.5000000000
39522  24.022  -61.324  -17.423 0.5000000000
40559  24.225  -60.618  -17.389 0.3000000119
139054  24.208  -59.902  -16.987 0.5000000000
146634  24.398  -59.641  -17.241 0.4000000060
40579  24.468  -60.836  -17.886 0.3000000119
41575  24.776  -60.179  -17.738 0.3000000119
135757  25.850  -60.021  -18.111 0.3000000119
40577  27.077  -60.133  -18.369 0.3000000119
145892  26.263  -60.651  -18.367 0.3000000119
41574  26.599  -59.342  -18.003 0.4000000060
41559  25.330  -59.267  -17.625 0.4000000060
34465  20.107  -66.451  -7.898 0.3000000119
41572  28.534  -59.430  -18.336 0.4000000060
35418  19.933  -65.874  -7.540 0.3000000119
38371  19.765  -62.976  -6.993 0.3000000119
43338  20.697  -57.853  -4.943 0.3000000119
44261  20.976  -56.911  -4.042 0.3000000119
138453  20.647  -57.201  -4.719 0.3000000119
44256  20.790  -56.062  -3.954 0.3000000119
44262  20.489  -56.470  -4.587 0.3000000119
45268  20.572  -55.121  -4.013 0.3000000119
48928  22.401  -51.647  -2.323 0.3000000119
48941  22.157  -51.178  -2.926 0.3000000119
48929  21.727  -51.908  -3.139 0.3000000119
149032  21.380  -51.678  -3.848 0.3000000119
138435  20.961  -51.869  -4.456 0.3000000119
50834  24.929  -49.685  -2.118 0.3000000119
49838  24.197  -50.057  -2.007 0.3000000119
139405  22.681  -50.771  -2.480 0.3000000119
51875  24.989  -49.041  -2.680 0.3000000119
50846  24.399  -49.494  -2.395 0.3000000119
50847  23.728  -49.662  -2.437 0.3000000119
49840  22.937  -49.963  -2.597 0.3000000119
50848  22.498  -49.604  -2.979 0.3000000119
51893  23.787  -48.469  -3.239 0.3000000119
144095  23.033  -48.505  -3.298 0.3000000119
51894  22.412  -48.965  -3.232 0.3000000119
51874  25.437  -48.425  -3.218 0.3000000119
51892  24.632  -48.461  -3.221 0.3000000119
52878  23.342  -47.855  -3.672 0.3000000119
38493  25.308  -62.434  -16.589 0.5000000000
42548  28.169  -58.711  -18.066 0.4000000060
36380  19.564  -64.924  -7.317 0.3000000119
49839  23.428  -50.400  -2.155 0.3000000119
48051  21.153  -52.343  -3.803 0.3000000119
36429  20.846  -64.629  -10.890 0.3000000119
35461  21.508  -65.279  -10.101 0.3000000119
34480  20.455  -66.675  -8.464 0.3000000119
34551  20.696  -66.169  -13.961 0.4000000060
139422  20.146  -65.839  -14.599 0.4000000060
36476  20.197  -64.344  -14.437 0.4000000060
36500  18.924  -64.563  -16.194 0.4000000060
37499  18.503  -64.051  -16.153 0.3000000119
37476  19.865  -63.225  -14.820 0.4000000060
37477  19.216  -63.365  -15.698 0.4000000060
38495  18.763  -62.542  -15.652 0.4000000060
142066  27.453  -65.081  -15.598 0.3000000119
38481  19.634  -62.019  -14.912 0.4000000060
38484  17.821  -62.529  -15.236 0.3000000119
38471  17.608  -62.603  -14.442 0.3000000119
38483  18.348  -61.998  -15.335 0.4000000060
36468  17.946  -64.518  -13.471 0.3000000119
37467  17.591  -63.664  -14.008 0.3000000119
36459  18.356  -64.475  -12.786 0.3000000119
39496  18.585  -61.079  -14.932 0.4000000060
133662  17.870  -61.867  -14.055 0.3000000119
38457  18.233  -62.162  -13.200 0.3000000119
35521  19.677  -65.941  -15.300 0.4000000060
35522  19.264  -65.186  -15.868 0.4000000060
36450  18.814  -64.331  -12.201 0.3000000119
141983  21.857  -65.918  -12.898 0.3000000119
33625  18.517  -66.995  -12.733 0.3000000119
32723  26.272  -68.368  -11.451 0.3000000119
32726  23.425  -68.585  -11.537 0.4000000060
32737  21.971  -68.879  -12.654 0.4000000060
33594  24.626  -66.286  -10.899 0.4000000060
33609  27.495  -67.195  -11.769 0.4000000060
33610  26.401  -67.715  -11.240 0.3000000119
33614  23.083  -67.930  -11.747 0.4000000060
33623  23.537  -66.979  -11.527 0.4000000060
33624  22.887  -67.140  -12.021 0.4000000060
34504  26.610  -66.543  -10.891 0.5000000000
34506  25.242  -66.196  -10.696 0.4000000060
34523  28.361  -66.038  -12.251 0.4000000060
34524  27.932  -66.286  -11.696 0.4000000060
34525  27.341  -66.562  -11.323 0.3000000119
34537  28.402  -66.478  -12.991 0.4000000060
34547  28.409  -66.078  -13.782 0.4000000060
35416  21.791  -65.184  -7.797 0.4000000060
35432  21.622  -65.644  -8.327 0.4000000060
35458  26.457  -65.836  -10.656 0.5000000000
35459  25.627  -65.567  -10.607 0.6000000238
35462  20.626  -65.500  -10.601 0.3000000119
35478  28.204  -65.563  -11.586 0.5000000000
35482  23.611  -65.389  -11.741 0.5000000000
35493  18.707  -65.163  -12.185 0.3000000119
35500  20.992  -65.356  -13.584 0.4000000060
35501  20.416  -65.253  -14.193 0.4000000060
35502  18.330  -65.263  -12.951 0.3000000119
35511  28.268  -65.529  -14.464 0.4000000060
35512  19.770  -65.007  -15.004 0.4000000060
35535  18.795  -65.324  -16.314 0.4000000060
36411  22.709  -64.838  -8.908 0.5000000000
36412  22.177  -65.157  -9.446 0.5000000000
36425  27.321  -64.453  -10.528 0.6000000238
36448  20.230  -63.935  -11.424 0.3000000119
36458  22.657  -64.574  -12.531 0.5000000000
36465  21.946  -64.553  -12.904 0.4000000060
36466  21.268  -64.584  -13.381 0.5000000000
36469  17.582  -64.571  -14.204 0.3000000119
36477  19.678  -64.049  -15.163 0.4000000060
36488  19.289  -64.320  -15.767 0.4000000060
36501  18.537  -64.770  -16.289 0.3000000119
37361  23.134  -63.371  -6.829 0.5000000000
37375  24.192  -63.110  -7.854 0.6000000238
37380  19.672  -63.967  -7.152 0.4000000060
37409  22.892  -63.760  -9.904 0.6000000238
37422  26.260  -63.318  -10.389 0.6000000238
37444  19.607  -63.258  -11.864 0.5000000000
37451  29.350  -62.758  -12.964 0.6999999881
37455  18.366  -63.687  -12.754 0.3000000119
37456  17.907  -62.947  -13.470 0.3000000119
37462  29.085  -63.212  -13.532 0.6999999881
37463  21.953  -62.837  -13.120 0.5000000000
37466  18.002  -63.852  -13.275 0.3000000119
37489  18.671  -63.339  -15.928 0.3000000119
37491  17.831  -63.254  -15.565 0.3000000119
38352  24.347  -62.258  -6.409 0.6999999881
38353  23.738  -62.832  -6.614 0.6000000238
38384  24.302  -62.622  -8.543 0.6999999881
38400  28.105  -62.072  -9.919 0.6000000238
38403  23.836  -62.789  -9.252 0.6000000238
38404  23.178  -62.930  -9.854 0.6999999881
38419  28.734  -62.183  -10.329 0.6000000238
38423  22.722  -62.176  -10.313 0.6999999881
38441  25.070  -62.614  -11.031 0.6000000238
38442  24.432  -62.575  -11.558 0.6000000238
38446  18.918  -62.486  -12.429 0.4000000060
38454  29.515  -62.266  -12.279 0.8000000119
38467  21.801  -61.863  -13.316 0.5000000000
38470  17.932  -61.738  -14.865 0.4000000060
38482  18.925  -61.545  -15.283 0.4000000060
39382  24.937  -61.670  -6.256 0.6000000238
39384  22.609  -61.999  -5.872 0.4000000060
39414  24.619  -61.923  -8.369 0.6999999881
39430  27.853  -61.367  -9.576 0.8000000119
39448  25.831  -61.909  -10.429 0.6000000238
39449  25.171  -61.277  -10.853 0.6000000238
39452  20.760  -61.446  -11.510 0.6000000238
40365  25.089  -60.346  -4.683 0.6000000238
40367  23.302  -60.405  -4.501 0.6000000238
40379  24.668  -61.008  -5.078 0.6000000238
40382  21.923  -60.711  -5.474 0.4000000060
40430  24.622  -60.460  -8.587 0.8000000119
40446  27.577  -60.597  -9.302 0.8999999762
40447  26.256  -60.826  -9.918 0.6000000238
40500  18.934  -59.509  -13.669 0.6000000238
40513  19.047  -59.401  -14.299 0.5000000000
40524  19.256  -59.585  -14.519 0.6000000238
40525  19.216  -59.598  -14.502 0.5000000000
40578  25.284  -60.715  -18.190 0.3000000119
41359  25.121  -59.312  -3.598 0.6999999881
41447  25.660  -58.913  -9.937 0.8999999762
41449  22.148  -58.524  -10.297 0.8999999762
41462  29.863  -59.795  -10.152 1.0000000000
41481  23.880  -59.463  -11.651 0.6000000238
41497  19.815  -58.073  -13.228 0.6000000238
41508  19.744  -58.427  -13.696 0.6000000238
41509  19.309  -59.152  -14.202 0.6000000238
41573  27.637  -59.344  -18.229 0.4000000060
42338  25.156  -58.332  -2.489 0.6999999881
42348  26.243  -58.137  -3.750 0.6999999881
42351  23.763  -58.763  -2.881 0.6000000238
42359  20.649  -58.527  -5.348 0.3000000119
42409  23.705  -57.142  -8.757 0.8999999762
42430  25.255  -57.653  -9.711 0.8999999762
42433  21.805  -57.624  -10.574 0.8000000119
42452  23.576  -57.281  -10.718 0.8999999762
42453  21.364  -57.344  -11.146 0.6999999881
42471  23.812  -58.287  -11.284 0.6999999881
42475  20.359  -57.536  -12.518 0.6999999881
42486  21.680  -57.364  -12.161 0.6999999881
42487  20.851  -57.393  -12.509 0.6999999881
42536  29.501  -58.395  -17.646 0.5000000000
43309  25.931  -57.138  -1.650 0.6000000238
43321  26.291  -57.326  -2.496 0.6999999881
43373  24.762  -56.392  -7.543 0.8999999762
43400  25.145  -56.560  -9.076 0.8999999762
43402  23.567  -56.533  -9.182 0.8999999762
43403  22.843  -56.786  -9.985 0.8999999762
43420  22.351  -57.044  -10.739 0.6999999881
43434  21.939  -57.120  -11.481 0.6999999881
43435  21.352  -57.160  -11.876 0.6999999881
44227  25.429  -56.700  -0.980 0.5000000000
44230  22.697  -56.029  -1.319 0.4000000060
44244  23.290  -57.359  -1.811 0.4000000060
44245  22.620  -57.110  -2.186 0.4000000060
44270  25.904  -56.451  -5.886 0.8999999762
44305  24.577  -56.026  -8.042 0.8999999762
44306  24.004  -56.170  -8.712 0.8999999762
44331  24.113  -56.236  -9.334 0.8999999762
44345  23.737  -56.430  -9.625 0.8999999762
44375  23.707  -55.691  -15.563 0.8999999762
44401  29.244  -56.520  -16.560 0.6000000238
44403  23.863  -56.537  -16.116 0.8999999762
44417  27.247  -56.579  -17.281 0.6999999881
44419  25.086  -56.582  -16.768 0.8000000119
45236  27.132  -55.557  -1.160 0.5000000000
45239  24.869  -56.126  -0.599 0.4000000060
45256  27.462  -55.622  -2.188 0.6000000238
45265  28.342  -55.255  -3.431 0.8000000119
45273  27.486  -55.670  -4.386 0.8999999762
45274  20.357  -55.772  -4.465 0.3000000119
45366  27.238  -54.916  -13.709 0.8999999762
45386  23.524  -55.180  -15.286 0.8999999762
45413  27.367  -55.402  -16.706 0.8000000119
46219  26.398  -54.808  0.172 0.4000000060
46244  21.441  -54.244  -2.545 0.4000000060
46359  31.541  -54.459  -14.567 0.6000000238
46361  29.792  -54.293  -14.774 0.6999999881
46374  28.244  -54.421  -15.819 0.6999999881
46376  23.261  -54.106  -15.193 0.8999999762
47129  29.603  -52.741  -0.630 0.5000000000
47159  22.087  -53.234  -1.751 0.4000000060
47254  22.918  -52.731  -13.887 0.8999999762
47275  30.122  -53.690  -14.341 0.6000000238
47279  22.871  -52.904  -14.366 0.8999999762
48002  29.239  -52.236  -0.324 0.5000000000
48006  25.766  -52.122  0.271 0.4000000060
48016  26.287  -53.005  0.514 0.4000000060
48030  31.201  -52.367  -2.696 0.6000000238
48139  23.388  -52.147  -13.430 0.8999999762
48147  29.990  -52.126  -13.694 0.6000000238
48149  22.711  -52.459  -14.085 0.8999999762
48177  23.639  -52.727  -15.125 0.8999999762
48908  28.735  -51.473  -0.186 0.4000000060
49018  24.981  -50.946  -11.896 1.0000000000
49029  24.661  -51.466  -12.404 1.0000000000
49040  28.580  -51.340  -13.547 0.6999999881
49058  26.299  -51.635  -14.420 0.6999999881
49061  23.725  -51.419  -14.508 0.8999999762
49073  25.001  -51.981  -14.956 0.8999999762
49827  29.662  -50.219  -0.926 0.5000000000
49837  31.494  -50.072  -2.409 0.5000000000
49852  22.189  -50.381  -3.082 0.3000000119
49909  30.124  -51.016  -8.811 0.8000000119
49935  26.161  -50.262  -11.198 1.0000000000
49937  25.009  -50.051  -11.514 1.0000000000
49945  25.329  -50.570  -11.564 1.0000000000
49947  23.783  -50.103  -12.313 0.8999999762
49957  23.170  -50.508  -13.252 0.8999999762
50827  31.056  -49.625  -1.877 0.5000000000
50843  27.611  -48.913  -2.026 0.4000000060
50844  26.850  -49.140  -2.194 0.4000000060
50857  23.214  -49.129  -2.857 0.3000000119
50934  31.637  -49.577  -9.364 0.8000000119
50947  25.505  -49.749  -11.394 1.0000000000
50958  23.204  -49.434  -12.683 1.0000000000
50965  23.004  -49.596  -12.990 0.8999999762
50983  28.064  -49.589  -13.485 0.6999999881
50986  25.015  -49.239  -13.569 0.8000000119
51004  24.055  -50.157  -13.916 0.8999999762
51006  23.399  -49.910  -13.536 0.8999999762
51868  31.186  -48.496  -2.476 0.5000000000
51870  28.881  -48.288  -2.200 0.4000000060
51876  24.137  -49.017  -2.759 0.3000000119
51972  25.127  -49.006  -11.583 1.0000000000
51973  24.413  -48.734  -11.837 1.0000000000
51981  23.101  -48.654  -12.624 1.0000000000
52000  23.969  -48.112  -13.616 0.8999999762
52001  22.890  -48.898  -13.060 0.8999999762
52015  23.273  -48.308  -13.437 0.8999999762
52936  32.831  -47.798  -9.652 0.6999999881
52946  31.181  -47.527  -11.583 0.6999999881
52953  24.450  -47.658  -12.237 1.0000000000
52954  23.707  -47.588  -12.354 1.0000000000
52955  23.105  -47.489  -12.578 1.0000000000
52962  29.181  -47.083  -12.554 0.8000000119
52989  28.170  -47.693  -14.643 0.5000000000
52992  25.023  -47.090  -14.194 0.8000000119
53894  24.819  -46.994  -12.424 0.8999999762
53897  22.791  -46.915  -12.763 0.8999999762
53913  22.596  -46.927  -12.971 1.0000000000
53923  22.733  -46.617  -13.171 0.8999999762
53934  26.960  -46.855  -14.705 0.6999999881
53938  22.958  -46.719  -13.415 0.8999999762
54942  32.201  -45.295  -11.694 0.6000000238
54944  25.962  -45.917  -12.884 0.8999999762
54945  25.284  -46.266  -12.644 0.8999999762
55015  28.036  -45.257  -15.515 0.6000000238
55018  25.511  -44.953  -15.001 0.6999999881
55019  23.680  -44.923  -14.507 0.8000000119
55020  22.964  -44.896  -14.123 0.8000000119
56011  31.266  -44.406  -12.767 0.6999999881
56016  23.039  -44.101  -13.669 0.8999999762
56039  22.662  -43.899  -14.134 0.8000000119
56979  34.164  -43.328  -9.705 0.4000000060
57002  33.139  -43.030  -11.171 0.5000000000
57035  22.660  -43.220  -13.902 0.8000000119
57045  22.552  -42.990  -14.133 0.8000000119
57058  26.227  -43.170  -15.485 0.6000000238
57061  22.918  -42.484  -14.387 0.8000000119
57965  22.674  -42.263  -14.025 0.8000000119
57976  23.071  -41.624  -14.086 0.8000000119
58917  24.656  -40.903  -14.108 0.8000000119
58932  23.608  -41.271  -14.221 0.8000000119
58944  27.272  -40.760  -15.447 0.6000000238
59721  34.188  -40.362  -10.123 0.4000000060
59755  26.689  -40.683  -14.044 0.6999999881
59772  26.724  -39.780  -14.822 0.6000000238
59781  28.638  -40.311  -15.687 0.6000000238
59795  30.393  -40.431  -16.354 0.6000000238
59797  28.400  -39.519  -15.474 0.6000000238
60586  34.020  -39.631  -10.467 0.4000000060
60615  32.266  -39.568  -12.053 0.4000000060
60643  28.290  -38.906  -15.047 0.6000000238
60657  32.201  -39.125  -16.926 0.4000000060
61585  29.439  -38.493  -14.645 0.6000000238
61592  28.754  -38.665  -14.956 0.5000000000
61595  29.572  -38.226  -15.290 0.5000000000
62469  31.774  -37.350  -13.034 0.4000000060
62484  29.811  -37.993  -14.817 0.4000000060
62510  30.620  -38.012  -16.131 0.6000000238
62521  33.061  -37.689  -16.949 0.4000000060
63494  34.610  -36.133  -17.249 0.3000000119
63496  31.998  -36.554  -16.526 0.4000000060
63497  31.461  -36.910  -16.224 0.4000000060
129774  22.735  -51.785  -13.999 0.8999999762
129978  22.518  -67.897  -12.278 0.4000000060
130338  26.807  -47.755  -12.183 0.8999999762
130590  24.053  -56.185  -0.695 0.4000000060
131047  25.951  -59.082  -4.742 0.6999999881
131855  26.799  -48.956  -13.558 0.6999999881
131904  32.141  -41.031  -17.234 0.4000000060
132376  24.269  -67.052  -11.105 0.4000000060
132613  32.878  -41.083  -11.533 0.4000000060
132847  25.997  -47.017  -14.385 0.6999999881
133528  30.827  -43.993  -13.151 0.6999999881
133544  22.589  -59.523  -10.142 0.6999999881
135658  24.950  -61.316  -7.963 0.6999999881
136024  30.160  -41.224  -13.335 0.6000000238
136062  25.402  -52.484  -15.277 0.8999999762
136288  23.909  -55.174  -16.060 0.8999999762
136296  23.952  -59.478  -9.136 0.6999999881
137185  27.947  -45.869  -13.263 0.8000000119
137724  33.218  -40.070  -11.299 0.4000000060
137809  26.711  -55.361  -0.491 0.5000000000
137960  26.458  -64.051  -10.430 0.6000000238
138385  19.235  -62.474  -15.435 0.4000000060
138964  25.855  -56.817  -14.985 0.8999999762
139005  23.939  -57.858  -1.915 0.5000000000
139018  33.500  -35.116  -12.477 0.3000000119
139300  23.174  -58.381  -11.805 0.6999999881
139412  23.447  -56.567  -9.621 0.8999999762
139582  26.131  -49.299  -2.279 0.4000000060
139626  31.748  -44.885  -12.277 0.6999999881
139718  21.243  -65.437  -7.724 0.4000000060
139778  23.074  -63.841  -12.415 0.5000000000
139821  23.182  -50.955  -13.174 0.8999999762
140301  23.628  -63.913  -12.039 0.5000000000
140382  27.421  -55.765  -3.046 0.6999999881
140414  21.351  -66.047  -13.338 0.3000000119
140570  20.625  -57.952  -13.261 0.6999999881
140630  25.968  -49.152  -13.467 0.8000000119
140685  22.977  -47.969  -12.649 1.0000000000
140883  23.075  -64.249  -9.297 0.4000000060
141364  23.269  -63.717  -7.382 0.5000000000
142508  20.202  -60.689  -11.846 0.6000000238
142864  25.758  -44.194  -13.422 0.8999999762
143465  18.966  -63.903  -16.080 0.3000000119
143634  28.257  -43.655  -13.607 0.6999999881
144634  28.035  -59.948  -18.472 0.4000000060
146395  28.384  -55.089  -2.785 0.6999999881
147106  30.962  -52.009  -13.785 0.6000000238
147143  22.846  -56.729  -1.650 0.4000000060
147449  32.798  -45.162  -5.400 0.3000000119
147979  25.955  -63.728  -10.505 0.6000000238
148203  24.556  -44.745  -14.799 0.6999999881
148365  25.785  -48.877  -2.748 0.4000000060
148467  23.040  -52.912  -14.688 0.8999999762
148813  21.003  -62.837  -11.280 0.5000000000
149430  26.038  -40.112  -15.026 0.6000000238
151207  22.784  -51.669  -1.796 0.4000000060
151316  29.611  -46.667  -3.724 0.4000000060
151840  31.528  -51.891  -14.062 0.6000000238
152353  28.244  -48.926  -13.776 0.6999999881
152888  25.443  -56.015  -6.995 0.8999999762
152959  29.134  -52.405  -10.381 1.0000000000
153103  26.442  -45.533  -13.175 0.8999999762
153385  21.248  -64.058  -6.960 0.4000000060
