#!ascii label  , from subject sub-v1s10x0051083_ses-1 vox2ras=TkReg
784
130436  19.687  -56.585  -26.255 0.6000000238
22180  10.774  -53.279  -32.172 0.6999999881
132950  12.268  -54.120  -31.611 0.6999999881
19563  15.320  -56.811  -28.783 0.8999999762
18751  16.247  -56.993  -27.816 0.8000000119
19540  17.272  -56.192  -26.611 0.8000000119
19538  19.400  -55.791  -26.040 0.6000000238
19537  20.075  -55.799  -26.489 0.6999999881
20403  20.599  -55.564  -28.119 0.6999999881
121768  10.201  -52.146  -31.675 0.6999999881
22182  9.321  -53.370  -31.335 0.6999999881
22174  12.240  -53.131  -31.534 0.6999999881
21282  13.690  -53.657  -30.098 0.6000000238
126819  13.587  -54.688  -30.146 0.6999999881
20419  14.127  -55.372  -29.581 0.6999999881
20418  14.631  -55.195  -29.134 0.8000000119
20404  15.721  -55.721  -28.145 0.8000000119
19551  16.373  -56.143  -27.481 0.8000000119
20375  17.792  -55.371  -26.232 0.6000000238
21241  20.334  -54.567  -26.797 0.6000000238
21256  20.523  -55.023  -27.447 0.6999999881
125852  20.643  -55.019  -28.837 0.6999999881
23052  9.946  -52.296  -31.447 0.5000000000
21293  9.129  -53.644  -30.951 0.6000000238
23057  10.540  -51.174  -31.482 0.4000000060
22179  11.314  -52.324  -31.772 0.6000000238
22173  12.865  -52.880  -30.797 0.5000000000
134101  14.447  -53.737  -29.407 0.6000000238
21281  14.244  -54.542  -29.528 0.8000000119
20390  15.547  -54.825  -28.277 0.6999999881
21258  16.711  -54.321  -27.127 0.6999999881
21244  17.434  -54.006  -26.427 0.6999999881
136502  19.744  -54.208  -26.281 0.5000000000
127536  20.579  -54.166  -27.697 0.6000000238
22153  20.637  -53.467  -28.442 0.6000000238
21271  20.641  -54.282  -28.678 0.6000000238
127689  20.464  -54.968  -30.263 0.5000000000
22165  10.654  -52.168  -30.500 0.5000000000
21284  10.126  -53.333  -30.578 0.6000000238
123697  10.894  -54.578  -29.808 0.6000000238
22175  10.093  -51.950  -30.980 0.5000000000
22162  14.057  -52.889  -29.784 0.5000000000
22155  14.684  -53.027  -29.235 0.6000000238
22147  15.702  -53.377  -28.028 0.6000000238
22137  16.899  -53.440  -26.832 0.6000000238
21243  18.158  -53.760  -26.000 0.5000000000
22134  19.696  -53.351  -26.256 0.5000000000
22145  20.547  -53.194  -27.523 0.6000000238
23025  20.625  -52.628  -28.219 0.6000000238
22161  20.605  -53.650  -29.381 0.5000000000
22172  19.970  -53.158  -30.983 0.5000000000
22178  18.914  -53.348  -31.929 0.5000000000
22171  20.378  -53.943  -30.362 0.5000000000
21283  11.412  -53.652  -29.781 0.5000000000
20420  12.093  -54.905  -29.196 0.5000000000
24011  10.152  -50.227  -31.481 0.5000000000
23049  11.797  -50.731  -31.337 0.4000000060
132402  12.704  -49.754  -30.445 0.3000000119
23986  12.690  -50.491  -30.646 0.4000000060
23975  14.322  -51.364  -29.286 0.3000000119
131663  14.412  -50.743  -28.913 0.3000000119
23027  14.862  -52.351  -28.927 0.5000000000
23026  15.430  -52.531  -28.219 0.5000000000
23964  16.368  -52.224  -27.087 0.5000000000
22136  17.617  -53.247  -26.260 0.5000000000
22135  18.644  -53.062  -25.903 0.5000000000
122831  20.309  -52.836  -26.795 0.6000000238
144767  20.609  -51.982  -28.029 0.6000000238
23033  20.615  -52.792  -29.146 0.5000000000
138205  20.118  -52.463  -30.624 0.5000000000
21273  12.449  -53.704  -28.937 0.5000000000
22164  11.580  -52.381  -29.637 0.5000000000
23038  10.589  -50.930  -30.319 0.5000000000
23987  10.851  -50.066  -30.349 0.4000000060
138744  10.854  -49.821  -30.935 0.5000000000
24937  11.789  -49.333  -30.741 0.4000000060
24918  13.455  -49.996  -29.756 0.3000000119
24902  15.009  -50.765  -28.184 0.3000000119
125818  16.267  -51.409  -26.941 0.4000000060
23008  17.064  -52.584  -26.598 0.5000000000
23006  18.583  -52.157  -25.861 0.4000000060
132764  20.614  -52.010  -28.819 0.5000000000
23983  20.493  -51.340  -29.299 0.5000000000
23034  20.443  -52.080  -29.848 0.5000000000
23054  18.223  -52.579  -32.400 0.5000000000
24008  18.355  -51.980  -32.021 0.4000000060
23047  19.288  -52.403  -31.410 0.5000000000
20406  12.850  -54.769  -28.328 0.5000000000
22156  12.375  -52.458  -28.960 0.5000000000
23037  11.537  -51.215  -29.437 0.5000000000
128767  11.160  -49.459  -30.184 0.4000000060
24920  11.628  -48.886  -30.243 0.4000000060
24904  12.975  -48.856  -29.886 0.3000000119
24903  14.007  -49.633  -28.959 0.3000000119
24889  15.675  -50.732  -27.370 0.4000000060
23954  16.922  -51.185  -26.484 0.4000000060
23952  18.494  -51.341  -25.817 0.4000000060
23953  17.605  -51.801  -26.197 0.4000000060
22992  19.314  -51.679  -25.914 0.4000000060
23951  19.959  -51.462  -26.362 0.5000000000
133508  20.543  -50.975  -27.575 0.5000000000
23963  20.540  -51.621  -27.458 0.6000000238
130085  19.516  -50.875  -30.670 0.4000000060
24000  18.997  -51.517  -31.394 0.5000000000
22149  12.834  -53.016  -28.247 0.4000000060
24905  11.628  -49.592  -29.184 0.4000000060
23028  12.389  -51.829  -28.678 0.4000000060
25912  12.175  -48.268  -29.761 0.4000000060
25882  15.763  -49.816  -27.146 0.4000000060
24878  16.984  -50.517  -26.396 0.4000000060
24864  18.513  -50.418  -25.735 0.4000000060
24876  20.068  -50.670  -26.333 0.5000000000
24887  20.541  -50.413  -27.206 0.5000000000
24901  20.560  -50.406  -28.157 0.6000000238
24917  20.213  -50.611  -29.741 0.5000000000
25927  18.902  -49.438  -30.682 0.4000000060
24935  18.788  -50.172  -31.088 0.4000000060
134981  13.547  -52.894  -27.022 0.4000000060
133024  12.307  -50.465  -28.157 0.4000000060
23019  12.980  -52.287  -27.643 0.4000000060
24892  12.178  -49.467  -28.249 0.4000000060
25884  14.073  -48.555  -28.719 0.4000000060
125798  16.575  -49.838  -26.583 0.4000000060
132329  17.485  -50.008  -26.069 0.4000000060
124147  19.581  -50.179  -25.858 0.4000000060
25863  20.511  -49.707  -26.799 0.5000000000
25895  20.514  -49.457  -28.432 0.4000000060
24916  20.455  -50.079  -29.090 0.6000000238
23018  13.457  -52.198  -26.841 0.4000000060
23966  12.846  -51.425  -27.394 0.4000000060
26901  12.186  -47.940  -29.259 0.4000000060
26899  13.272  -47.492  -29.180 0.4000000060
26887  14.139  -47.658  -28.408 0.4000000060
25866  15.950  -48.785  -26.935 0.5000000000
25865  16.956  -49.097  -26.353 0.4000000060
25847  17.851  -49.265  -25.820 0.3000000119
25846  18.895  -49.507  -25.635 0.3000000119
25845  19.904  -49.394  -25.820 0.4000000060
130452  20.582  -49.056  -27.429 0.4000000060
26907  20.407  -48.722  -29.029 0.4000000060
25911  20.255  -49.371  -29.369 0.5000000000
22138  14.341  -53.443  -26.347 0.4000000060
25885  11.988  -48.443  -28.701 0.4000000060
27855  12.881  -46.899  -29.007 0.4000000060
135425  13.357  -46.907  -28.753 0.3000000119
26869  15.736  -47.704  -27.037 0.3000000119
26867  17.394  -48.379  -26.099 0.3000000119
26852  19.479  -48.696  -25.629 0.3000000119
25844  20.342  -49.219  -26.183 0.3000000119
26898  20.492  -48.047  -28.645 0.4000000060
128759  20.115  -48.012  -29.434 0.4000000060
23955  13.395  -51.443  -26.630 0.3000000119
24880  12.751  -49.846  -26.979 0.3000000119
25869  12.382  -48.887  -27.657 0.3000000119
26888  12.539  -47.186  -28.063 0.3000000119
27846  14.044  -46.764  -27.954 0.3000000119
27835  15.101  -46.748  -27.413 0.3000000119
26868  16.503  -48.109  -26.598 0.4000000060
27821  17.856  -47.642  -25.835 0.4000000060
27820  18.974  -47.837  -25.573 0.3000000119
27819  19.924  -47.967  -25.645 0.3000000119
26885  20.631  -48.379  -26.825 0.3000000119
27854  20.432  -47.201  -29.118 0.4000000060
27863  19.607  -47.298  -29.851 0.4000000060
28886  18.027  -46.229  -30.888 0.4000000060
27833  16.877  -47.375  -26.386 0.4000000060
28814  19.424  -47.064  -25.591 0.4000000060
28813  20.254  -47.254  -25.847 0.4000000060
28826  20.592  -46.958  -26.509 0.3000000119
141612  20.598  -46.732  -28.462 0.4000000060
126096  20.133  -45.806  -29.404 0.4000000060
123743  19.355  -45.884  -29.983 0.4000000060
28867  19.852  -46.526  -29.619 0.4000000060
28869  18.606  -45.891  -30.500 0.4000000060
129222  20.612  -45.991  -26.664 0.4000000060
135669  20.678  -45.820  -27.549 0.5000000000
140927  20.546  -45.733  -28.904 0.4000000060
29833  19.638  -45.184  -29.728 0.4000000060
30769  18.079  -44.664  -30.886 0.3000000119
19539  18.491  -56.228  -26.034 0.6999999881
134340  15.370  -56.160  -28.599 0.8000000119
139638  19.129  -54.608  -25.898 0.6000000238
20388  16.881  -55.302  -26.906 0.6999999881
21257  17.345  -54.700  -26.510 0.6999999881
21280  20.603  -54.517  -29.502 0.6000000238
23048  12.669  -51.545  -30.818 0.4000000060
23036  13.535  -51.832  -30.197 0.4000000060
133717  14.954  -53.694  -28.947 0.6999999881
22146  16.316  -53.504  -27.479 0.6999999881
21242  18.976  -53.927  -25.865 0.6999999881
23988  10.261  -50.315  -30.901 0.5000000000
23016  16.525  -52.909  -27.158 0.5000000000
23974  15.015  -51.625  -28.532 0.4000000060
23004  20.344  -51.968  -26.809 0.6000000238
23973  20.575  -51.297  -28.323 0.5000000000
127622  20.528  -50.744  -28.943 0.6000000238
25883  15.011  -48.793  -27.707 0.3000000119
134613  20.522  -48.998  -26.620 0.4000000060
23009  13.935  -52.128  -26.223 0.4000000060
26851  20.183  -48.670  -25.838 0.3000000119
27845  20.709  -47.578  -27.086 0.3000000119
28853  20.613  -46.086  -28.327 0.3000000119
29845  17.925  -45.467  -30.970 0.3000000119
15290  14.823  -61.707  -26.644 0.6000000238
13695  14.835  -63.256  -26.382 0.6000000238
11201  16.147  -65.951  -25.819 0.6000000238
12060  17.567  -65.418  -26.474 0.6000000238
137977  13.618  -63.261  -28.917 0.5000000000
145224  14.164  -62.127  -28.198 0.6000000238
16181  14.487  -60.577  -28.323 0.6999999881
15303  14.688  -61.109  -27.404 0.6999999881
133710  14.300  -63.328  -27.041 0.6000000238
143868  15.366  -61.623  -26.149 0.6000000238
13694  15.457  -63.256  -25.906 0.6000000238
14453  16.618  -62.367  -25.837 0.6000000238
130684  16.744  -63.187  -25.923 0.6000000238
13693  17.000  -63.986  -26.063 0.6000000238
122449  17.756  -64.101  -26.567 0.6000000238
13713  18.585  -64.205  -28.344 0.6999999881
128973  13.533  -61.989  -29.930 0.6000000238
17004  13.694  -59.487  -29.718 0.6999999881
14490  13.591  -62.662  -29.427 0.5000000000
16193  14.074  -60.654  -29.111 0.6999999881
15314  14.309  -61.461  -28.234 0.6999999881
16172  15.059  -60.291  -27.484 0.6999999881
15302  15.301  -60.916  -26.611 0.6999999881
141636  16.463  -61.673  -25.842 0.5000000000
144654  17.459  -63.467  -26.290 0.6000000238
14464  18.668  -62.613  -27.088 0.6000000238
13704  18.444  -63.488  -27.630 0.6999999881
15313  19.028  -62.273  -28.635 0.6999999881
13730  18.673  -63.885  -29.344 0.6999999881
14489  18.328  -63.036  -30.331 0.6999999881
17029  23.639  -59.604  -31.488 0.4000000060
15378  20.569  -61.559  -32.719 0.5000000000
15379  19.269  -62.371  -33.287 0.6000000238
14537  18.861  -63.215  -32.585 0.6000000238
14507  18.272  -63.265  -31.225 0.6999999881
16225  12.388  -60.247  -31.873 0.5000000000
17034  12.783  -59.870  -31.114 0.5000000000
17019  13.111  -59.139  -30.453 0.6000000238
15364  12.808  -61.437  -30.917 0.5000000000
135254  13.667  -58.466  -29.812 0.6999999881
16211  13.302  -60.186  -30.386 0.5000000000
15351  13.325  -61.195  -30.298 0.6000000238
17931  14.347  -58.861  -29.236 0.6999999881
17003  14.320  -59.828  -29.017 0.6999999881
16987  14.871  -59.654  -28.196 0.6999999881
16162  16.048  -60.559  -26.392 0.6999999881
14451  18.295  -62.130  -26.457 0.6000000238
15301  18.996  -61.903  -26.852 0.6000000238
141963  19.505  -61.586  -28.048 0.6999999881
15329  18.694  -62.377  -29.752 0.6999999881
15350  18.375  -62.529  -30.810 0.6999999881
14539  17.893  -63.034  -32.625 0.6000000238
128857  17.993  -62.045  -32.211 0.6000000238
18810  11.429  -57.733  -33.402 0.5000000000
17069  11.715  -59.147  -33.807 0.4000000060
17950  12.073  -58.275  -31.886 0.5000000000
17961  11.501  -58.180  -33.508 0.5000000000
141326  12.305  -59.562  -31.847 0.5000000000
130225  11.982  -56.684  -31.694 0.6000000238
17941  12.715  -58.367  -30.887 0.6000000238
133993  13.592  -56.898  -29.966 0.6999999881
18786  13.159  -57.728  -30.315 0.6000000238
18774  13.918  -57.622  -29.720 0.6999999881
17921  15.030  -58.374  -28.829 0.6999999881
143570  16.168  -60.072  -26.732 0.6999999881
16160  17.611  -60.453  -26.213 0.6999999881
123771  17.967  -61.266  -26.137 0.6999999881
15287  18.921  -61.262  -26.479 0.6999999881
15300  19.524  -61.306  -27.163 0.6999999881
127460  20.140  -60.558  -28.909 0.8000000119
15349  18.976  -61.597  -30.253 0.6999999881
15386  18.875  -61.943  -34.304 0.5000000000
15381  17.897  -62.404  -33.063 0.6000000238
16222  18.620  -60.987  -31.808 0.6000000238
18817  10.295  -57.534  -33.439 0.4000000060
19595  11.172  -55.964  -32.480 0.6000000238
18809  11.515  -57.551  -33.228 0.6000000238
133352  11.631  -55.844  -31.977 0.6000000238
19584  12.379  -55.886  -31.225 0.6000000238
19583  13.180  -56.044  -30.379 0.6000000238
18773  14.537  -57.028  -29.357 0.6999999881
18763  15.217  -57.584  -28.861 0.6999999881
16985  16.004  -58.670  -27.684 0.6999999881
133226  16.295  -59.499  -27.010 0.6999999881
17900  16.794  -58.636  -26.978 0.8000000119
17899  17.807  -58.658  -26.488 0.8000000119
129589  18.230  -60.035  -26.274 0.6000000238
16170  19.939  -60.486  -27.035 0.6000000238
137991  20.294  -60.060  -29.373 0.8000000119
16192  19.727  -60.696  -29.756 0.6999999881
16255  19.480  -60.993  -35.158 0.5000000000
16247  17.890  -61.513  -34.507 0.6000000238
17033  18.541  -60.270  -32.640 0.6999999881
16256  18.616  -60.894  -35.305 0.6000000238
19605  9.845  -56.435  -32.484 0.5000000000
18799  9.162  -57.204  -32.139 0.4000000060
128073  8.924  -58.020  -31.574 0.4000000060
20448  10.755  -55.038  -32.377 0.5000000000
19610  10.302  -56.870  -33.205 0.5000000000
20443  11.402  -55.014  -32.187 0.6000000238
20442  12.053  -54.985  -31.777 0.6000000238
20432  12.842  -55.035  -30.841 0.6000000238
19574  13.973  -56.161  -29.702 0.6999999881
18762  15.824  -57.304  -28.348 0.8000000119
17919  16.384  -57.785  -27.638 0.8000000119
127298  18.263  -57.909  -26.352 0.6000000238
17897  19.282  -58.837  -26.397 0.6000000238
16993  20.580  -59.115  -27.806 0.6999999881
17002  20.530  -59.264  -29.483 0.6999999881
17031  19.861  -58.935  -31.202 0.6999999881
121566  17.822  -61.373  -33.787 0.6000000238
17052  18.407  -59.212  -33.220 0.6000000238
17959  17.975  -58.133  -33.923 0.6000000238
17067  17.676  -60.618  -34.749 0.6000000238
20444  8.797  -54.726  -30.877 0.5000000000
20450  9.391  -55.602  -31.529 0.5000000000
18788  9.021  -57.227  -31.142 0.5000000000
132190  9.257  -57.978  -30.748 0.5000000000
21306  10.220  -53.911  -32.158 0.5000000000
20449  9.595  -54.631  -31.752 0.5000000000
21299  11.583  -54.168  -32.100 0.6000000238
18735  17.793  -57.076  -26.413 0.6999999881
18734  18.863  -57.243  -26.158 0.6000000238
18732  20.290  -58.001  -26.847 0.6000000238
18749  20.537  -57.758  -27.612 0.6000000238
17930  20.660  -58.255  -29.163 0.6999999881
18772  20.613  -57.275  -29.532 0.6000000238
17948  20.306  -58.382  -30.664 0.6000000238
17958  19.062  -58.187  -32.542 0.6999999881
17083  18.792  -59.998  -35.495 0.5000000000
18816  17.453  -57.368  -34.873 0.4000000060
21294  8.781  -54.091  -30.891 0.5000000000
20423  9.454  -55.674  -29.844 0.5000000000
19575  9.956  -56.597  -29.367 0.5000000000
18765  10.388  -57.393  -28.861 0.5000000000
17923  10.564  -58.220  -28.824 0.5000000000
143410  11.274  -59.409  -28.640 0.5000000000
141045  20.347  -56.310  -26.853 0.6000000238
137443  20.619  -56.909  -28.787 0.6000000238
19582  20.515  -56.508  -30.232 0.4000000060
18796  20.363  -57.432  -30.731 0.5000000000
18797  19.632  -57.318  -31.863 0.4000000060
18808  17.720  -57.055  -34.125 0.4000000060
18807  18.726  -57.264  -32.989 0.5000000000
21285  9.260  -54.436  -30.393 0.6000000238
133324  10.241  -56.109  -29.323 0.5000000000
19565  10.665  -56.700  -28.771 0.5000000000
17922  10.876  -57.898  -28.162 0.5000000000
17910  11.279  -58.250  -27.467 0.5000000000
16988  11.435  -59.054  -27.303 0.5000000000
16173  11.707  -59.906  -27.158 0.4000000060
15291  12.241  -61.277  -26.530 0.5000000000
137833  12.309  -62.092  -25.685 0.4000000060
15273  12.137  -62.482  -24.630 0.4000000060
14444  11.833  -63.102  -25.123 0.4000000060
131059  20.579  -55.754  -29.839 0.6000000238
20439  20.345  -55.735  -30.720 0.4000000060
19592  20.123  -56.489  -31.266 0.4000000060
19594  18.086  -56.443  -33.535 0.4000000060
20407  10.953  -56.110  -28.973 0.5000000000
19554  11.502  -56.750  -28.144 0.4000000060
18753  11.354  -57.522  -27.720 0.4000000060
17902  11.583  -58.511  -26.736 0.5000000000
17888  12.299  -58.874  -25.355 0.4000000060
133829  12.247  -60.229  -25.523 0.5000000000
16962  12.422  -59.699  -24.917 0.4000000060
16139  12.625  -60.282  -24.184 0.5000000000
16147  12.408  -61.031  -25.665 0.5000000000
15262  12.349  -61.543  -23.430 0.3000000119
136896  12.274  -62.037  -23.954 0.3000000119
15263  11.957  -62.246  -23.007 0.3000000119
21290  20.101  -54.496  -30.940 0.4000000060
19564  11.853  -55.883  -28.663 0.5000000000
142089  12.071  -56.769  -27.662 0.5000000000
18738  12.258  -57.445  -26.690 0.4000000060
20392  12.593  -55.551  -28.281 0.4000000060
19552  13.071  -56.016  -27.645 0.4000000060
18752  12.586  -56.750  -27.227 0.4000000060
18724  13.581  -57.520  -25.712 0.4000000060
20391  13.181  -55.357  -27.837 0.4000000060
19542  13.545  -56.422  -26.952 0.4000000060
18737  13.124  -57.151  -26.476 0.4000000060
20377  13.830  -55.548  -27.296 0.4000000060
18723  14.490  -57.190  -25.423 0.4000000060
17876  14.102  -57.862  -24.933 0.4000000060
17867  13.941  -58.562  -23.491 0.4000000060
19541  14.388  -56.117  -26.633 0.4000000060
126145  13.625  -54.110  -27.458 0.3000000119
19511  15.187  -56.731  -25.036 0.4000000060
17866  14.504  -58.030  -24.071 0.4000000060
134494  14.599  -57.847  -23.069 0.4000000060
21246  14.076  -54.635  -27.156 0.4000000060
17859  14.094  -58.334  -22.474 0.4000000060
18697  13.874  -58.109  -21.643 0.4000000060
21245  14.562  -54.283  -26.438 0.3000000119
20362  15.092  -55.099  -26.070 0.4000000060
19523  15.413  -55.843  -25.435 0.4000000060
18706  15.343  -56.900  -24.299 0.4000000060
18707  15.109  -57.341  -23.720 0.4000000060
18696  14.496  -57.616  -22.071 0.4000000060
140767  15.115  -56.890  -22.651 0.3000000119
18733  19.791  -57.575  -26.411 0.6000000238
21300  11.038  -54.250  -32.336 0.5000000000
19561  20.601  -56.319  -28.498 0.6000000238
20440  19.564  -55.584  -31.716 0.4000000060
12855  15.821  -64.676  -25.745 0.6000000238
124454  18.500  -63.147  -29.356 0.6999999881
15328  19.510  -61.430  -29.037 0.6999999881
121845  21.476  -60.743  -32.103 0.5000000000
16245  20.313  -60.828  -34.479 0.5000000000
16246  19.999  -61.463  -33.781 0.4000000060
15387  18.273  -62.353  -33.739 0.6000000238
130882  11.880  -58.930  -33.357 0.5000000000
131220  17.404  -59.546  -26.492 0.6999999881
16223  18.126  -61.410  -32.731 0.6000000238
134090  12.760  -56.790  -30.746 0.6000000238
138128  19.104  -60.617  -26.439 0.6999999881
16191  20.509  -59.823  -28.489 0.8000000119
16210  19.252  -60.764  -30.764 0.6999999881
18811  9.545  -57.305  -33.019 0.4000000060
17898  18.640  -58.571  -26.325 0.6000000238
16157  20.031  -59.780  -26.790 0.6000000238
17017  20.216  -59.163  -30.497 0.6999999881
16209  20.005  -59.953  -30.214 0.6999999881
16261  19.472  -60.479  -35.405 0.5000000000
16254  20.464  -60.261  -35.379 0.5000000000
17018  19.460  -59.846  -31.301 0.6999999881
17053  17.861  -60.227  -33.862 0.6000000238
128427  19.161  -58.089  -26.278 0.6999999881
17909  20.452  -58.509  -27.342 0.6999999881
17918  20.644  -58.354  -28.146 0.6999999881
17949  19.809  -58.216  -31.495 0.6000000238
120943  17.644  -59.398  -34.496 0.6000000238
17967  17.495  -58.484  -34.984 0.6000000238
20433  8.988  -55.576  -30.529 0.5000000000
19576  9.315  -56.468  -30.021 0.5000000000
17933  9.661  -57.931  -29.941 0.4000000060
18761  20.593  -56.997  -28.014 0.6000000238
120227  12.140  -62.152  -26.742 0.3000000119
142348  18.943  -55.696  -32.475 0.4000000060
16977  11.700  -59.299  -26.520 0.5000000000
15279  12.442  -61.604  -24.837 0.4000000060
14435  11.734  -62.818  -23.831 0.4000000060
20376  14.557  -55.277  -26.708 0.4000000060
19524  14.820  -56.461  -25.881 0.4000000060
129270  28.708  -70.753  -39.047 0.3000000119
8388  27.663  -70.396  -38.482 0.3000000119
12137  24.203  -65.122  -31.781 0.4000000060
13771  26.015  -64.017  -32.085 0.4000000060
12145  25.095  -64.972  -33.014 0.4000000060
12960  25.804  -64.702  -33.392 0.4000000060
13743  23.813  -63.600  -29.821 0.4000000060
12110  23.390  -65.283  -30.223 0.4000000060
12905  23.077  -64.559  -29.553 0.4000000060
12906  22.246  -64.523  -29.312 0.5000000000
11272  21.767  -66.679  -29.492 0.5000000000
127169  21.421  -65.958  -29.161 0.5000000000
14522  25.924  -62.929  -30.766 0.4000000060
13757  24.878  -63.862  -31.027 0.5000000000
12939  23.884  -64.770  -30.930 0.5000000000
10489  20.632  -67.682  -29.069 0.5000000000
133330  26.362  -63.394  -31.557 0.5000000000
12937  25.267  -64.264  -31.774 0.5000000000
13755  27.005  -63.167  -31.690 0.5000000000
12950  26.329  -64.339  -32.872 0.4000000060
139141  27.005  -64.179  -33.226 0.4000000060
12971  26.027  -64.832  -34.319 0.4000000060
12970  27.087  -64.740  -34.942 0.4000000060
12183  26.764  -65.591  -36.864 0.3000000119
11351  27.003  -66.285  -38.257 0.4000000060
15324  24.400  -61.344  -29.704 0.4000000060
15326  22.928  -61.768  -29.545 0.4000000060
135484  22.254  -62.278  -29.591 0.4000000060
14483  25.038  -61.560  -29.851 0.4000000060
14505  24.683  -62.763  -30.013 0.4000000060
14485  23.515  -62.316  -29.446 0.4000000060
127045  22.646  -63.796  -29.348 0.4000000060
13727  21.761  -63.742  -29.295 0.5000000000
12907  21.365  -64.593  -29.215 0.5000000000
144872  25.574  -61.791  -30.027 0.4000000060
14504  25.303  -62.347  -30.108 0.4000000060
12921  24.210  -64.082  -30.591 0.4000000060
14488  20.876  -63.650  -29.598 0.5000000000
132981  20.904  -64.214  -29.299 0.5000000000
12097  20.521  -65.725  -28.787 0.5000000000
12098  19.711  -65.663  -28.478 0.6000000238
12099  19.148  -65.523  -28.146 0.6000000238
11255  19.472  -66.212  -28.167 0.6000000238
13746  18.617  -63.606  -30.404 0.6000000238
12910  18.925  -64.401  -28.957 0.6000000238
138355  19.024  -66.038  -27.756 0.5000000000
133424  27.493  -64.326  -34.039 0.4000000060
12865  18.073  -64.930  -26.875 0.5000000000
12175  27.117  -65.211  -36.021 0.4000000060
12978  28.150  -65.029  -36.062 0.4000000060
12174  27.977  -65.612  -36.940 0.4000000060
15348  21.967  -61.249  -30.663 0.4000000060
141384  21.463  -61.907  -30.575 0.5000000000
14487  21.426  -62.593  -29.929 0.5000000000
14506  20.183  -63.537  -30.645 0.5000000000
13728  19.935  -64.361  -29.481 0.5000000000
13744  19.120  -63.764  -31.210 0.5000000000
12909  19.504  -64.619  -29.077 0.6000000238
13758  18.624  -63.567  -31.401 0.6000000238
13745  18.930  -63.818  -30.709 0.6000000238
7720  29.032  -71.188  -38.972 0.3000000119
7711  27.059  -70.956  -36.881 0.3000000119
10532  27.521  -67.740  -36.498 0.3000000119
17015  24.663  -60.109  -30.545 0.4000000060
17016  23.888  -59.911  -30.724 0.4000000060
16220  23.065  -59.898  -31.020 0.4000000060
15347  22.701  -61.087  -30.049 0.4000000060
16208  21.854  -60.841  -31.323 0.4000000060
14523  20.647  -62.649  -31.138 0.5000000000
15360  21.123  -61.600  -31.534 0.4000000060
14524  19.530  -63.362  -31.711 0.5000000000
12893  18.829  -64.845  -28.240 0.6000000238
12077  18.630  -65.458  -27.522 0.5000000000
16207  22.525  -60.544  -30.753 0.4000000060
125671  23.288  -63.889  -29.554 0.4000000060
11273  20.294  -67.141  -28.601 0.5000000000
10539  28.128  -66.703  -37.124 0.3000000119
15346  23.383  -61.134  -29.753 0.4000000060
135744  19.531  -63.929  -30.193 0.6000000238
119963  20.604  -48.207  -27.701 0.3000000119
7025  29.339  -71.617  -38.413 0.3000000119
7696  26.517  -70.984  -35.854 0.3000000119
7709  29.331  -71.075  -38.488 0.3000000119
10449  19.109  -66.703  -27.760 0.6000000238
10472  19.884  -67.703  -28.510 0.5000000000
11234  18.618  -66.330  -27.302 0.5000000000
11254  20.118  -66.410  -28.512 0.5000000000
11271  22.241  -66.025  -29.520 0.5000000000
12047  16.126  -65.264  -25.731 0.6000000238
12061  16.806  -65.498  -26.038 0.6000000238
12111  22.733  -65.331  -29.556 0.4000000060
12112  21.863  -65.280  -29.277 0.5000000000
12155  25.242  -65.038  -33.889 0.4000000060
12163  26.263  -65.123  -35.267 0.4000000060
12866  16.489  -64.655  -25.825 0.6000000238
12877  18.494  -64.739  -27.666 0.6999999881
12892  19.273  -64.990  -28.591 0.6000000238
12908  20.426  -64.859  -29.053 0.5000000000
12922  23.649  -64.375  -30.044 0.4000000060
12938  24.545  -64.496  -31.419 0.5000000000
12951  25.573  -64.545  -32.544 0.4000000060
12959  26.590  -64.484  -33.789 0.4000000060
13692  18.081  -63.246  -26.712 0.6000000238
13725  24.026  -62.850  -29.632 0.4000000060
13726  23.189  -63.132  -29.369 0.4000000060
13729  19.060  -64.067  -29.781 0.6000000238
13741  25.165  -63.179  -30.550 0.4000000060
13742  24.473  -63.392  -30.259 0.4000000060
13756  25.617  -63.641  -31.309 0.5000000000
13770  26.855  -63.738  -32.409 0.4000000060
13772  18.623  -63.570  -32.025 0.6000000238
13773  18.185  -63.359  -32.084 0.6000000238
14443  15.958  -62.812  -25.722 0.6000000238
14452  17.466  -62.731  -26.171 0.6000000238
14454  15.179  -62.419  -26.082 0.6000000238
14455  12.006  -62.798  -26.099 0.4000000060
14463  19.130  -62.106  -27.594 0.6999999881
14465  14.540  -62.527  -26.787 0.6000000238
14473  18.672  -62.878  -28.133 0.6999999881
14474  14.208  -62.677  -27.643 0.6000000238
14475  13.918  -62.691  -28.551 0.5000000000
14484  24.413  -62.081  -29.633 0.4000000060
14486  22.706  -62.561  -29.394 0.4000000060
14503  26.165  -62.052  -30.312 0.4000000060
14521  26.692  -62.696  -31.011 0.5000000000
14538  18.169  -63.233  -32.616 0.6000000238
14548  17.989  -62.776  -33.140 0.6000000238
15272  12.464  -61.148  -24.133 0.4000000060
15278  15.858  -61.979  -25.799 0.5000000000
15286  19.445  -60.786  -26.688 0.6000000238
15288  17.315  -61.881  -25.955 0.6999999881
15289  16.817  -61.001  -26.004 0.5000000000
15312  20.082  -60.764  -27.961 0.6999999881
15315  13.928  -61.915  -29.038 0.6999999881
15325  23.789  -61.564  -29.563 0.4000000060
15327  22.108  -61.748  -29.959 0.4000000060
15330  14.115  -61.171  -28.865 0.6999999881
15331  13.774  -61.234  -29.512 0.6000000238
15345  24.765  -60.777  -29.991 0.4000000060
15361  20.031  -62.560  -32.244 0.5000000000
15362  18.438  -61.774  -31.278 0.6999999881
15363  17.962  -62.798  -31.873 0.6999999881
15380  18.306  -62.939  -33.117 0.6000000238
15388  17.974  -62.091  -33.866 0.6000000238
15392  18.638  -61.485  -34.939 0.6000000238
15393  18.096  -61.828  -34.497 0.6000000238
16146  12.472  -60.665  -24.899 0.5000000000
16158  19.524  -60.240  -26.577 0.6999999881
16159  18.511  -60.646  -26.283 0.6999999881
16161  16.719  -60.171  -26.486 0.6999999881
16163  12.033  -60.255  -26.323 0.5000000000
16171  15.693  -60.123  -26.966 0.6999999881
16180  20.371  -59.889  -27.451 0.6999999881
16190  24.000  -60.889  -29.778 0.4000000060
16194  13.719  -60.436  -29.662 0.6000000238
16206  23.385  -60.497  -30.270 0.4000000060
16221  22.296  -60.175  -31.532 0.4000000060
16224  12.840  -60.734  -30.998 0.5000000000
16238  12.148  -60.356  -32.918 0.5000000000
16257  17.979  -61.257  -35.002 0.6000000238
16963  11.999  -59.490  -25.763 0.4000000060
16974  19.887  -59.071  -26.651 0.6000000238
16975  19.399  -59.569  -26.454 0.6000000238
16976  18.549  -59.344  -26.331 0.6000000238
16984  20.310  -59.176  -27.087 0.6999999881
16986  15.501  -59.491  -27.595 0.6999999881
16994  15.312  -58.842  -28.250 0.6999999881
16995  11.099  -58.747  -28.168 0.5000000000
17032  19.258  -59.088  -32.033 0.6999999881
17054  12.077  -59.581  -32.738 0.5000000000
17068  11.784  -59.496  -33.714 0.4000000060
17084  17.909  -59.558  -35.322 0.5000000000
17920  15.698  -58.063  -28.348 0.8000000119
17932  10.081  -57.867  -29.316 0.4000000060
17939  20.559  -58.591  -29.970 0.6999999881
17940  13.167  -58.429  -30.316 0.6000000238
17960  11.795  -58.140  -33.000 0.5000000000
17968  11.543  -58.746  -33.701 0.5000000000
17969  10.456  -58.339  -33.627 0.4000000060
18716  14.852  -57.391  -24.589 0.4000000060
18736  17.271  -57.859  -26.742 0.8000000119
18739  11.637  -57.796  -26.980 0.4000000060
18750  16.795  -57.016  -26.999 0.8000000119
18764  10.954  -57.257  -28.298 0.5000000000
18775  9.729  -57.255  -29.581 0.4000000060
18776  9.260  -57.234  -30.307 0.5000000000
18785  20.581  -57.966  -30.010 0.6999999881
18787  12.389  -57.536  -31.288 0.6000000238
18798  11.769  -57.478  -32.390 0.6000000238
19525  14.043  -56.857  -26.213 0.4000000060
19550  20.535  -56.337  -27.621 0.6000000238
19553  12.300  -56.307  -27.940 0.5000000000
19562  15.820  -56.569  -28.242 0.8999999762
19572  20.610  -56.408  -29.321 0.6000000238
19573  14.717  -56.046  -29.073 0.6999999881
19585  9.001  -56.466  -30.708 0.5000000000
19593  19.160  -56.377  -32.375 0.4000000060
19596  9.195  -56.456  -31.492 0.5000000000
19602  11.498  -56.714  -32.622 0.6000000238
19603  11.285  -56.905  -33.156 0.6000000238
19604  10.792  -56.248  -32.866 0.5000000000
19609  11.002  -57.114  -33.395 0.5000000000
20372  20.315  -55.251  -26.770 0.6999999881
20373  19.732  -55.070  -26.227 0.6000000238
20374  18.817  -55.273  -25.877 0.6000000238
20387  20.471  -55.722  -27.179 0.6999999881
20389  16.193  -55.091  -27.647 0.6999999881
20405  15.160  -55.423  -28.694 0.8000000119
20417  20.635  -55.708  -29.025 0.6000000238
20421  11.320  -55.409  -29.319 0.5000000000
20422  10.096  -55.386  -29.682 0.5000000000
20431  13.564  -55.471  -30.102 0.6999999881
21259  15.961  -54.191  -27.837 0.6999999881
21260  13.484  -54.780  -27.694 0.3000000119
21261  13.164  -54.005  -28.035 0.5000000000
21272  14.916  -54.494  -28.916 0.8000000119
21286  8.955  -54.796  -30.438 0.5000000000
21291  19.710  -53.926  -31.283 0.5000000000
21292  12.935  -53.950  -30.853 0.6000000238
21296  20.072  -55.076  -31.067 0.4000000060
21301  9.427  -53.628  -31.620 0.5000000000
21302  8.848  -53.934  -31.137 0.5000000000
22133  20.337  -53.721  -26.827 0.5000000000
22139  13.923  -53.651  -26.897 0.4000000060
22148  13.401  -53.358  -27.534 0.4000000060
22154  15.214  -53.181  -28.661 0.6000000238
22163  13.450  -52.627  -30.325 0.5000000000
22176  9.746  -52.729  -31.322 0.6000000238
22181  9.813  -53.127  -31.942 0.6999999881
23005  19.657  -52.372  -26.223 0.6000000238
23007  17.854  -52.578  -26.083 0.5000000000
23015  20.525  -52.372  -27.413 0.6000000238
23017  15.982  -52.737  -27.598 0.6000000238
23035  14.239  -52.133  -29.573 0.5000000000
23046  20.445  -52.994  -30.085 0.5000000000
23050  10.055  -50.995  -30.951 0.5000000000
23051  10.060  -51.447  -31.277 0.5000000000
23055  17.651  -51.965  -32.759 0.4000000060
23056  11.381  -51.125  -31.468 0.4000000060
23938  19.414  -50.979  -25.895 0.5000000000
23950  20.416  -51.083  -26.869 0.5000000000
23965  15.658  -51.749  -27.637 0.4000000060
23967  11.659  -51.060  -28.003 0.4000000060
23976  11.507  -50.335  -29.261 0.4000000060
23984  20.203  -51.321  -30.059 0.5000000000
23985  13.550  -50.977  -29.992 0.4000000060
23999  19.872  -51.757  -30.686 0.5000000000
24002  11.649  -50.005  -31.147 0.4000000060
24003  11.052  -50.204  -31.206 0.4000000060
24004  10.182  -50.578  -31.348 0.5000000000
24010  10.795  -50.479  -31.358 0.5000000000
24875  20.375  -50.363  -26.691 0.5000000000
24877  17.640  -50.889  -26.081 0.4000000060
24879  13.401  -50.700  -26.460 0.3000000119
24888  16.344  -50.609  -26.761 0.4000000060
24890  14.941  -49.792  -27.922 0.4000000060
24891  12.754  -50.623  -27.212 0.4000000060
24919  12.271  -48.779  -30.254 0.3000000119
24938  10.304  -50.239  -31.389 0.5000000000
24950  10.429  -50.324  -31.330 0.5000000000
25864  20.194  -49.932  -26.269 0.4000000060
25881  20.561  -49.823  -27.574 0.4000000060
25896  13.157  -48.324  -29.528 0.4000000060
25897  12.519  -48.332  -29.861 0.4000000060
25898  11.834  -48.489  -29.426 0.4000000060
25926  19.641  -49.363  -30.034 0.6000000238
26853  18.442  -48.586  -25.659 0.3000000119
26866  20.444  -48.543  -26.202 0.3000000119
26872  12.599  -48.177  -27.345 0.3000000119
26886  15.038  -47.742  -27.591 0.3000000119
26889  12.260  -47.940  -28.370 0.4000000060
26897  20.516  -48.703  -28.267 0.4000000060
26900  12.568  -47.736  -29.378 0.4000000060
26908  19.842  -48.722  -29.715 0.5000000000
27818  20.313  -48.075  -25.908 0.3000000119
27832  20.532  -47.813  -26.329 0.3000000119
27834  15.956  -47.016  -26.827 0.3000000119
27847  13.233  -46.555  -28.374 0.3000000119
27848  12.862  -46.611  -28.478 0.3000000119
27853  20.612  -47.409  -28.088 0.4000000060
27856  12.510  -47.210  -28.950 0.4000000060
28841  20.686  -46.635  -27.500 0.3000000119
28854  20.495  -46.348  -29.064 0.4000000060
28868  18.958  -46.591  -30.315 0.4000000060
29823  20.411  -45.143  -29.131 0.4000000060
29834  18.806  -45.270  -30.396 0.4000000060
121169  15.901  -61.256  -25.991 0.6000000238
121875  8.923  -55.748  -30.963 0.5000000000
122233  19.674  -66.967  -28.238 0.6000000238
122900  10.167  -55.548  -32.258 0.5000000000
123409  21.133  -65.284  -29.077 0.5000000000
123917  20.914  -66.723  -28.974 0.5000000000
123957  24.153  -60.394  -30.204 0.4000000060
124292  20.413  -57.090  -26.998 0.6000000238
124391  18.280  -64.151  -27.186 0.6999999881
125604  18.204  -54.526  -25.996 0.6999999881
125955  14.529  -57.985  -29.333 0.6999999881
126442  13.926  -63.494  -28.006 0.5000000000
129136  19.561  -50.049  -30.316 0.5000000000
129295  17.311  -64.755  -26.283 0.6000000238
129423  13.943  -52.856  -26.497 0.4000000060
129739  18.927  -60.096  -26.322 0.6000000238
130870  15.403  -53.972  -28.463 0.6999999881
130974  20.663  -58.949  -28.593 0.6999999881
130999  14.944  -55.803  -26.219 0.4000000060
131232  12.525  -59.040  -31.399 0.5000000000
131894  24.143  -59.461  -32.030 0.4000000060
132014  12.034  -58.939  -32.391 0.5000000000
132287  20.606  -55.199  -29.486 0.5000000000
132404  14.423  -61.913  -27.438 0.6000000238
132719  20.635  -57.579  -28.534 0.6000000238
133164  21.940  -62.916  -29.416 0.5000000000
134660  17.931  -60.381  -35.202 0.6000000238
135006  14.778  -59.074  -28.717 0.6999999881
135587  20.090  -49.893  -29.727 0.6000000238
135731  19.837  -46.316  -25.687 0.4000000060
135926  10.090  -51.093  -31.301 0.5000000000
136945  11.663  -53.419  -31.955 0.6999999881
137596  19.843  -65.160  -28.765 0.6000000238
138034  19.829  -58.369  -26.533 0.6000000238
138039  11.900  -57.188  -27.394 0.5000000000
139223  11.459  -59.624  -27.944 0.5000000000
139493  20.615  -54.817  -28.166 0.6000000238
139913  17.864  -62.669  -32.485 0.6000000238
140729  12.128  -51.955  -31.371 0.4000000060
140899  25.686  -61.149  -30.110 0.4000000060
141135  19.460  -61.421  -34.640 0.5000000000
141627  20.375  -46.458  -26.051 0.4000000060
141865  22.420  -63.148  -29.321 0.4000000060
142410  18.165  -49.828  -25.732 0.4000000060
142680  11.780  -62.980  -24.448 0.4000000060
142910  16.821  -51.846  -26.641 0.4000000060
143794  18.546  -63.575  -28.640 0.6999999881
144306  11.114  -57.772  -33.576 0.4000000060
144456  9.239  -55.023  -30.014 0.5000000000
145227  20.191  -58.629  -26.835 0.6999999881
