#!ascii label  , from subject sub-v1s12x0050127_ses-1 vox2ras=TkReg
1862
13044  -15.033  -68.416  -39.380 0.5000000000
11247  -16.451  -71.498  -36.326 0.5000000000
10487  -16.618  -72.278  -35.735 0.5000000000
9012  -16.743  -74.028  -35.063 0.5000000000
15804  -14.672  -66.498  -40.233 0.5000000000
14871  -14.839  -67.272  -39.907 0.5000000000
15813  -15.566  -66.453  -40.621 0.5000000000
14864  -15.336  -67.428  -39.796 0.5000000000
14865  -15.683  -66.971  -39.707 0.6000000238
13923  -15.321  -68.711  -38.832 0.5000000000
9021  -16.856  -74.847  -35.001 0.5000000000
12112  -16.112  -70.204  -37.115 0.5000000000
8309  -17.442  -75.681  -34.085 0.5000000000
12104  -16.409  -70.610  -36.433 0.6000000238
9768  -17.164  -74.034  -34.213 0.6000000238
12092  -16.661  -70.166  -35.783 0.6000000238
9767  -16.959  -73.227  -34.607 0.6000000238
9003  -17.497  -74.783  -33.566 0.6999999881
11237  -17.176  -71.149  -34.726 0.6999999881
114572  -17.372  -73.170  -33.819 0.6999999881
11229  -17.554  -71.798  -33.600 0.6999999881
10474  -17.577  -72.516  -33.398 0.6999999881
9748  -17.519  -73.795  -33.332 0.6999999881
16743  -15.021  -65.685  -40.731 0.5000000000
16751  -16.037  -65.978  -41.008 0.6000000238
17678  -15.947  -64.833  -40.805 0.6000000238
16737  -17.095  -64.972  -40.612 0.6000000238
13012  -16.051  -69.161  -37.133 0.5000000000
7649  -17.710  -76.617  -33.752 0.5000000000
7030  -17.807  -77.529  -33.649 0.5000000000
6420  -18.118  -78.242  -32.506 0.6999999881
117458  -17.952  -76.425  -32.997 0.6999999881
7021  -18.368  -77.485  -32.454 0.6999999881
13004  -16.372  -69.704  -36.407 0.6000000238
115207  -16.365  -68.810  -36.336 0.6999999881
8289  -18.044  -75.800  -32.567 0.6999999881
12996  -16.684  -69.227  -35.683 0.6999999881
12081  -17.282  -70.325  -34.496 0.6999999881
8990  -18.167  -74.902  -32.118 0.6999999881
123927  -17.503  -70.924  -33.797 0.6999999881
127107  -17.757  -71.999  -32.966 0.6999999881
9729  -17.858  -73.476  -32.613 0.6999999881
133276  -18.339  -74.496  -31.603 0.6999999881
11221  -17.788  -71.279  -32.950 0.6999999881
11222  -18.162  -71.771  -32.276 0.6999999881
9730  -18.241  -73.095  -31.935 0.6999999881
10463  -18.564  -72.615  -31.182 0.6999999881
17677  -15.150  -64.973  -40.459 0.5000000000
17668  -15.528  -64.309  -40.137 0.6000000238
18605  -17.204  -63.520  -40.271 0.6000000238
18613  -17.245  -64.200  -40.684 0.6000000238
18606  -17.788  -63.584  -40.175 0.6000000238
15799  -16.060  -66.381  -39.471 0.6000000238
17656  -17.867  -64.147  -39.896 0.6000000238
15788  -16.066  -66.482  -38.344 0.6000000238
6413  -18.068  -78.997  -31.784 0.6999999881
119219  -16.115  -67.786  -36.940 0.6999999881
7014  -18.657  -77.234  -31.885 0.6999999881
120779  -18.426  -78.932  -31.076 0.6999999881
5190  -19.011  -80.196  -30.755 0.6999999881
15777  -16.244  -67.077  -36.755 0.6999999881
7008  -18.809  -77.377  -31.077 0.6999999881
5806  -19.616  -79.629  -30.131 0.6999999881
133250  -16.574  -68.544  -35.840 0.6999999881
13898  -16.419  -67.889  -36.149 0.6999999881
8275  -18.425  -75.809  -31.820 0.6999999881
7634  -18.708  -76.588  -31.483 0.6999999881
6405  -18.784  -78.312  -30.613 0.6999999881
114678  -19.171  -78.772  -30.012 0.6999999881
116295  -17.039  -69.099  -34.997 0.6999999881
13894  -17.250  -68.533  -34.367 0.6999999881
127964  -18.478  -74.975  -31.327 0.6999999881
7009  -19.216  -77.544  -30.180 0.6999999881
12056  -17.836  -70.354  -32.914 0.6999999881
8261  -18.817  -74.854  -30.623 0.6999999881
7624  -19.068  -76.598  -30.621 0.6999999881
12057  -18.268  -70.829  -32.247 0.6999999881
133044  -18.643  -73.752  -30.813 0.6999999881
8262  -19.333  -75.691  -30.193 0.6999999881
11214  -18.609  -71.275  -31.545 0.6999999881
8963  -18.879  -74.059  -30.547 0.6999999881
11215  -19.207  -71.018  -30.981 0.6999999881
17654  -14.395  -64.333  -38.629 0.5000000000
18595  -15.530  -63.371  -38.664 0.6000000238
19526  -16.022  -62.729  -38.284 0.6000000238
19525  -15.013  -62.809  -37.659 0.5000000000
20425  -17.299  -61.917  -38.428 0.6000000238
18583  -13.224  -63.473  -37.156 0.5000000000
18594  -14.635  -63.577  -38.168 0.5000000000
19535  -17.767  -63.011  -39.891 0.6000000238
132759  -17.300  -61.439  -37.540 0.6000000238
18607  -18.338  -62.856  -39.684 0.6000000238
20426  -18.271  -61.797  -38.687 0.6000000238
17655  -17.177  -64.899  -39.952 0.6000000238
133021  -16.292  -65.774  -38.016 0.6999999881
17641  -16.887  -64.847  -38.316 0.6999999881
118854  -16.419  -66.166  -36.585 0.6999999881
16717  -16.432  -65.658  -37.341 0.6999999881
127734  -20.585  -79.916  -30.436 0.6999999881
14837  -16.577  -66.854  -35.943 0.6999999881
16706  -16.886  -65.169  -36.680 0.6999999881
5797  -19.756  -78.880  -29.482 0.6999999881
5799  -21.133  -79.594  -29.833 0.6999999881
15767  -16.834  -65.933  -35.745 0.6999999881
6389  -19.935  -78.231  -28.954 0.6999999881
6397  -21.178  -79.094  -29.040 0.6999999881
5818  -21.212  -79.791  -31.391 0.6999999881
13885  -17.644  -67.965  -33.598 0.6000000238
7001  -19.719  -77.480  -29.302 0.6999999881
6390  -20.660  -78.307  -28.502 0.6999999881
5800  -21.892  -79.368  -29.780 0.6999999881
5807  -21.552  -79.608  -30.618 0.6999999881
5819  -22.040  -79.320  -31.647 0.6999999881
12960  -17.941  -69.395  -32.869 0.6999999881
122026  -19.858  -76.036  -29.623 0.6999999881
8249  -20.529  -75.706  -29.415 0.6000000238
6990  -21.041  -77.522  -28.173 0.6999999881
6391  -21.575  -78.275  -28.421 0.6999999881
12946  -19.132  -69.465  -31.637 0.6000000238
10455  -19.138  -72.423  -30.564 0.6999999881
119181  -19.467  -72.993  -30.303 0.6999999881
8964  -19.425  -74.627  -30.120 0.6999999881
8952  -20.041  -74.816  -29.734 0.6000000238
7609  -20.863  -76.394  -28.757 0.6000000238
12047  -19.539  -70.269  -31.167 0.6000000238
11207  -19.541  -71.645  -30.545 0.6000000238
9696  -20.144  -73.282  -30.110 0.6000000238
8965  -20.657  -74.205  -30.129 0.5000000000
8953  -20.732  -74.952  -29.749 0.5000000000
8250  -21.369  -75.317  -29.639 0.5000000000
12048  -20.332  -70.307  -31.082 0.6000000238
11209  -21.117  -71.715  -30.761 0.5000000000
10457  -20.718  -72.470  -30.410 0.5000000000
19513  -15.624  -62.154  -37.444 0.6000000238
117195  -14.798  -62.108  -36.999 0.6000000238
20409  -17.162  -61.181  -36.565 0.5000000000
20400  -17.399  -61.266  -35.610 0.6999999881
19512  -14.030  -62.958  -37.304 0.5000000000
111688  -14.122  -62.299  -36.634 0.6000000238
19500  -14.789  -61.851  -36.356 0.6000000238
18572  -11.958  -63.897  -36.197 0.6000000238
18573  -12.625  -63.352  -36.477 0.6000000238
21259  -18.480  -60.532  -36.814 0.4000000060
19490  -12.900  -62.703  -35.974 0.6000000238
20417  -19.112  -61.637  -38.653 0.5000000000
19529  -18.883  -62.267  -39.280 0.6000000238
18597  -18.623  -63.071  -39.027 0.6000000238
17642  -17.428  -64.182  -37.398 0.6999999881
18584  -18.074  -63.501  -37.974 0.6000000238
16707  -17.323  -65.115  -35.576 0.6999999881
15745  -17.557  -66.462  -34.305 0.6000000238
16688  -17.848  -65.074  -34.851 0.6000000238
13886  -18.078  -68.471  -32.898 0.6000000238
6991  -21.835  -77.557  -28.240 0.6000000238
6392  -22.492  -78.034  -28.558 0.6000000238
5801  -22.790  -79.080  -29.810 0.6999999881
5808  -22.413  -79.281  -30.804 0.6999999881
5820  -22.835  -79.188  -31.747 0.6999999881
13868  -19.028  -68.720  -31.906 0.6000000238
7610  -21.466  -75.970  -28.985 0.6000000238
5210  -23.071  -79.619  -33.235 0.6999999881
12948  -20.621  -69.826  -31.530 0.6000000238
114850  -21.359  -74.713  -30.198 0.4000000060
8263  -21.977  -75.125  -30.255 0.4000000060
7611  -22.361  -76.254  -28.755 0.5000000000
7596  -23.128  -76.644  -28.777 0.6000000238
6399  -23.133  -78.467  -29.168 0.6000000238
5821  -23.513  -79.301  -31.555 0.6000000238
12049  -21.098  -70.468  -31.493 0.5000000000
11216  -21.557  -71.136  -31.888 0.5000000000
119773  -21.477  -71.788  -31.459 0.5000000000
9697  -21.040  -73.370  -30.527 0.5000000000
8251  -23.181  -75.893  -29.388 0.4000000060
7612  -23.827  -76.654  -29.241 0.6000000238
20399  -16.632  -61.553  -35.557 0.6000000238
20408  -16.357  -61.347  -36.256 0.6000000238
21241  -18.962  -60.702  -35.030 0.6000000238
19491  -13.581  -62.497  -35.874 0.6000000238
19492  -15.043  -61.852  -35.761 0.5000000000
19486  -15.605  -62.422  -35.058 0.6000000238
18549  -14.282  -63.345  -34.740 0.6000000238
21253  -18.793  -60.321  -36.058 0.6000000238
18546  -11.830  -63.372  -34.974 0.6999999881
18548  -13.243  -63.386  -34.747 0.6000000238
17592  -13.026  -63.958  -33.842 0.6000000238
21268  -20.148  -60.460  -37.882 0.5000000000
21260  -19.801  -59.827  -36.713 0.6000000238
18559  -11.076  -63.755  -34.674 0.6000000238
18532  -11.878  -63.561  -33.780 0.6999999881
20418  -19.811  -61.291  -38.390 0.5000000000
18530  -10.346  -63.190  -33.423 0.6999999881
19515  -19.100  -62.233  -39.084 0.6000000238
125591  -9.926  -62.809  -33.101 0.6000000238
18574  -17.988  -63.613  -36.912 0.6000000238
18585  -18.664  -62.907  -37.965 0.6000000238
18575  -18.711  -63.107  -36.642 0.6000000238
17611  -17.873  -64.449  -35.404 0.6000000238
15746  -17.993  -65.703  -34.289 0.6000000238
15733  -19.087  -66.282  -33.450 0.6000000238
120788  -20.765  -67.177  -33.782 0.6000000238
13877  -19.447  -68.386  -32.122 0.6000000238
14813  -21.023  -67.891  -33.723 0.6000000238
12963  -21.094  -69.731  -32.048 0.6000000238
7002  -24.309  -77.462  -29.475 0.6000000238
118136  -24.078  -78.266  -29.617 0.6000000238
5809  -23.902  -79.016  -30.804 0.6000000238
111310  -21.488  -69.760  -32.818 0.5000000000
117216  -21.694  -71.763  -32.210 0.5000000000
10464  -21.654  -72.499  -32.034 0.5000000000
5192  -25.046  -79.853  -31.009 0.6000000238
7626  -23.985  -76.013  -29.764 0.4000000060
7003  -24.924  -77.250  -29.885 0.6000000238
6408  -24.891  -78.608  -30.287 0.6000000238
20390  -16.630  -62.205  -34.776 0.6000000238
19475  -16.981  -62.865  -33.945 0.5000000000
131583  -18.266  -61.867  -33.781 0.6000000238
19477  -18.875  -61.695  -33.480 0.5000000000
19493  -15.913  -61.827  -35.433 0.6000000238
18535  -16.454  -63.545  -33.596 0.6000000238
110776  -17.455  -61.625  -34.941 0.5000000000
113051  -19.307  -61.107  -34.204 0.5000000000
128327  -19.718  -60.551  -34.804 0.5000000000
18534  -15.595  -63.788  -33.857 0.5000000000
19474  -16.089  -62.996  -34.302 0.6000000238
17594  -15.072  -64.394  -33.368 0.5000000000
21254  -19.697  -60.061  -35.603 0.6000000238
113157  -10.357  -62.970  -33.071 0.6999999881
18517  -12.318  -63.997  -33.075 0.6000000238
17582  -11.873  -64.010  -32.300 0.6000000238
19516  -19.697  -61.487  -38.414 0.5000000000
17581  -8.694  -64.205  -32.698 0.5000000000
18515  -9.879  -62.808  -32.623 0.6999999881
19502  -19.370  -62.257  -37.780 0.5000000000
18562  -18.855  -63.456  -35.701 0.5000000000
16689  -18.462  -64.509  -34.894 0.6000000238
16673  -20.394  -65.613  -34.293 0.6000000238
16656  -19.603  -65.852  -33.803 0.5000000000
127746  -20.899  -66.590  -34.380 0.6000000238
117196  -20.272  -66.746  -33.588 0.6000000238
130408  -21.732  -69.904  -33.555 0.5000000000
8280  -24.887  -75.883  -31.073 0.5000000000
7627  -25.107  -76.325  -30.560 0.5000000000
6410  -26.083  -78.119  -30.557 0.6000000238
5812  -25.975  -79.496  -30.797 0.6000000238
19476  -17.653  -62.745  -33.340 0.6000000238
128192  -18.247  -62.219  -33.333 0.6000000238
18519  -16.854  -63.953  -32.898 0.6000000238
20379  -19.798  -61.349  -33.454 0.5000000000
18518  -15.956  -64.281  -33.154 0.6000000238
17585  -15.355  -64.784  -32.607 0.6999999881
21242  -20.473  -60.118  -35.114 0.6000000238
131881  -12.663  -64.220  -32.498 0.6000000238
17583  -13.376  -64.366  -32.825 0.6000000238
21255  -20.616  -59.507  -36.207 0.6000000238
17570  -11.152  -63.721  -31.655 0.6000000238
17571  -12.171  -64.326  -31.268 0.6000000238
20419  -20.635  -60.851  -38.447 0.5000000000
18576  -19.505  -62.792  -36.409 0.5000000000
17567  -8.474  -64.420  -31.305 0.5000000000
18497  -9.754  -62.971  -31.835 0.6000000238
17601  -19.286  -64.578  -34.610 0.5000000000
128728  -20.852  -65.109  -34.878 0.6000000238
17602  -20.180  -64.817  -34.599 0.5000000000
15758  -21.411  -66.718  -35.608 0.5000000000
14820  -21.092  -67.429  -34.339 0.5000000000
7635  -25.670  -76.217  -31.264 0.6000000238
7010  -26.297  -77.358  -30.784 0.6000000238
18500  -17.907  -63.592  -31.718 0.6000000238
19445  -18.378  -62.890  -32.111 0.5000000000
19461  -18.817  -62.226  -32.614 0.5000000000
18499  -17.252  -64.190  -32.121 0.6999999881
20368  -20.132  -61.669  -32.805 0.5000000000
17574  -15.522  -65.153  -31.830 0.6999999881
17586  -16.324  -64.677  -32.289 0.6000000238
20369  -20.942  -61.692  -32.906 0.5000000000
115995  -13.937  -64.741  -32.152 0.6000000238
20380  -20.666  -61.153  -33.494 0.5000000000
127712  -21.308  -59.730  -35.637 0.6000000238
17554  -13.083  -64.894  -30.873 0.6999999881
120478  -21.478  -59.362  -36.935 0.6000000238
17552  -11.430  -64.114  -30.688 0.6000000238
21262  -21.836  -59.712  -38.089 0.6000000238
18484  -9.580  -63.475  -30.289 0.6999999881
17569  -10.364  -63.481  -31.079 0.6999999881
19503  -20.328  -61.730  -37.667 0.5000000000
20410  -21.430  -60.956  -38.300 0.5000000000
130317  -8.616  -63.924  -30.714 0.6000000238
19494  -20.360  -62.763  -36.199 0.5000000000
18482  -8.543  -64.394  -30.138 0.5000000000
18564  -21.153  -63.119  -36.182 0.6000000238
18563  -19.661  -63.394  -35.509 0.5000000000
15684  -8.628  -65.984  -29.594 0.6000000238
17613  -19.957  -64.096  -34.970 0.5000000000
16674  -21.184  -65.807  -35.020 0.6000000238
18485  -18.049  -63.725  -30.879 0.6999999881
18501  -18.573  -63.103  -31.286 0.5000000000
19446  -19.051  -62.476  -31.695 0.5000000000
17555  -16.771  -64.994  -30.747 0.8000000119
17556  -17.582  -64.343  -30.450 0.6999999881
19447  -19.761  -62.438  -31.454 0.5000000000
19449  -21.030  -62.857  -31.751 0.5000000000
124985  -15.201  -65.537  -30.198 0.6999999881
16632  -15.620  -65.389  -30.951 0.6999999881
127801  -16.247  -65.095  -31.527 0.8000000119
16631  -14.915  -65.316  -31.405 0.6999999881
19464  -21.293  -62.465  -32.478 0.5000000000
16616  -13.076  -65.130  -29.954 0.6999999881
16617  -13.870  -65.265  -30.402 0.6999999881
20381  -21.418  -61.242  -33.683 0.6000000238
112094  -21.575  -61.827  -33.060 0.5000000000
17537  -11.496  -64.593  -29.027 0.6000000238
122890  -11.676  -64.505  -29.873 0.6000000238
129787  -22.745  -60.036  -37.270 0.6000000238
18475  -9.873  -63.761  -29.204 0.6999999881
121838  -10.747  -64.032  -29.886 0.6999999881
20420  -22.215  -60.262  -38.235 0.6000000238
18474  -9.150  -63.552  -29.629 0.6000000238
118689  -22.027  -62.814  -36.838 0.6000000238
18565  -21.561  -63.837  -35.950 0.6000000238
16587  -8.754  -65.734  -28.251 0.6000000238
16690  -21.634  -64.859  -35.513 0.6000000238
16691  -21.799  -65.861  -35.988 0.5000000000
17539  -17.646  -64.474  -29.606 0.6000000238
18476  -18.142  -63.875  -30.112 0.5000000000
18486  -18.725  -63.371  -30.517 0.5000000000
18502  -20.830  -62.934  -30.868 0.5000000000
16619  -15.959  -65.409  -30.027 0.8000000119
18503  -21.363  -63.404  -31.347 0.5000000000
125106  -14.383  -65.540  -29.146 0.6999999881
19487  -22.006  -61.317  -34.189 0.6000000238
17482  -7.508  -64.759  -23.029 0.6000000238
16588  -12.829  -65.160  -28.441 0.8000000119
18420  -7.868  -64.017  -24.268 0.6000000238
17523  -10.517  -64.062  -28.229 0.6999999881
122228  -12.437  -64.698  -27.830 0.8000000119
20402  -22.128  -60.063  -36.120 0.6000000238
16550  -8.408  -65.506  -24.325 0.6000000238
18463  -9.739  -63.542  -28.387 0.6000000238
19505  -22.390  -61.492  -37.647 0.6000000238
19518  -23.342  -62.150  -37.587 0.6000000238
17509  -8.681  -64.442  -27.287 0.6000000238
17522  -8.769  -64.605  -28.099 0.6000000238
18461  -8.942  -64.025  -28.571 0.6000000238
17629  -22.526  -63.385  -36.941 0.6000000238
117943  -8.638  -64.793  -28.841 0.5000000000
17630  -22.269  -64.235  -36.460 0.5000000000
16708  -22.286  -65.120  -36.639 0.5000000000
17643  -22.890  -64.566  -37.437 0.5000000000
17540  -18.284  -64.228  -29.235 0.5000000000
18477  -18.693  -63.761  -29.780 0.5000000000
17538  -16.953  -65.072  -28.898 0.6000000238
17527  -17.719  -64.537  -28.628 0.5000000000
16603  -15.199  -65.580  -29.323 0.8000000119
16592  -16.303  -65.269  -28.426 0.6999999881
16590  -14.657  -65.502  -28.451 0.8000000119
16589  -13.725  -65.387  -28.589 0.8000000119
19478  -21.858  -61.724  -33.467 0.6000000238
17587  -21.898  -64.092  -31.927 0.5000000000
19354  -7.527  -62.549  -22.050 0.6000000238
16575  -13.276  -65.146  -27.950 0.8000000119
18538  -22.407  -63.343  -33.624 0.5000000000
19371  -7.863  -62.974  -24.506 0.6999999881
18419  -7.481  -63.639  -23.373 0.6000000238
113366  -11.587  -64.151  -27.519 0.8000000119
20403  -22.940  -60.697  -36.536 0.6000000238
19488  -22.951  -62.355  -35.202 0.6000000238
19479  -22.288  -62.278  -34.062 0.6000000238
18426  -8.002  -63.370  -25.333 0.6000000238
127581  -24.043  -61.700  -37.821 0.6000000238
20411  -23.247  -60.690  -37.458 0.6000000238
19495  -23.845  -62.031  -36.389 0.6000000238
17498  -8.598  -64.423  -26.372 0.6000000238
18448  -9.094  -63.285  -28.103 0.6000000238
17510  -10.680  -63.945  -27.758 0.5000000000
18587  -24.388  -62.341  -37.874 0.6000000238
18447  -8.761  -63.604  -27.629 0.6000000238
133501  -22.956  -63.842  -37.225 0.6000000238
122374  -24.660  -63.344  -38.008 0.6000000238
115809  -23.758  -64.018  -37.979 0.5000000000
16729  -23.473  -65.432  -38.362 0.5000000000
15779  -22.607  -65.476  -38.033 0.5000000000
15791  -23.361  -66.126  -38.515 0.5000000000
17513  -17.718  -64.442  -27.655 0.6000000238
16578  -15.961  -65.177  -27.787 0.6999999881
20268  -8.250  -61.303  -21.571 0.6000000238
115952  -7.742  -61.899  -21.714 0.6000000238
16576  -14.103  -65.199  -27.853 0.8000000119
121363  -22.321  -64.406  -32.616 0.5000000000
20278  -7.648  -61.232  -23.271 0.6000000238
18452  -14.078  -64.210  -27.019 0.8000000119
16657  -22.706  -65.047  -32.967 0.5000000000
117520  -7.719  -61.847  -23.777 0.6999999881
114951  -11.914  -63.422  -27.228 0.8000000119
18551  -22.875  -63.191  -34.560 0.6000000238
17603  -22.912  -64.039  -34.139 0.6000000238
112866  -7.982  -61.631  -26.119 0.8000000119
18450  -10.942  -63.420  -27.410 0.6999999881
20404  -23.862  -61.120  -37.051 0.6000000238
133510  -23.421  -63.759  -34.867 0.6000000238
19395  -8.085  -62.209  -26.513 0.6999999881
112167  -8.351  -62.911  -26.957 0.6999999881
18449  -9.941  -63.120  -27.880 0.6000000238
19507  -24.617  -62.462  -37.687 0.6000000238
17615  -24.315  -63.840  -35.703 0.6000000238
117396  -8.386  -63.756  -26.942 0.6000000238
18566  -25.152  -63.572  -36.938 0.5000000000
17644  -25.052  -63.967  -38.016 0.5000000000
132896  -17.101  -64.617  -27.404 0.6000000238
115574  -17.967  -64.259  -26.765 0.5000000000
21116  -9.963  -59.915  -22.248 0.6000000238
17500  -16.262  -64.252  -26.622 0.6999999881
119193  -9.000  -60.661  -21.812 0.6000000238
127245  -15.494  -64.695  -27.097 0.6999999881
127677  -15.493  -63.950  -26.391 0.6000000238
21120  -7.614  -60.299  -21.966 0.6000000238
126308  -7.934  -60.171  -21.649 0.6000000238
17499  -14.746  -64.169  -26.695 0.6000000238
18437  -14.249  -63.536  -26.703 0.6999999881
21137  -7.875  -60.244  -24.847 0.8000000119
18451  -13.424  -63.665  -26.934 0.6999999881
19414  -14.045  -62.184  -27.082 0.6000000238
20297  -7.944  -61.225  -25.373 0.8000000119
19412  -12.352  -62.562  -27.283 0.8000000119
20334  -12.878  -61.686  -27.788 0.6999999881
20330  -8.820  -61.284  -27.328 0.6999999881
132180  -8.937  -61.812  -27.601 0.6999999881
20331  -9.973  -61.395  -27.889 0.6000000238
20333  -11.919  -61.763  -27.705 0.8000000119
22017  -10.969  -59.228  -22.374 0.6000000238
22920  -8.786  -59.172  -22.009 0.6000000238
22026  -7.798  -58.924  -23.265 0.6999999881
20318  -14.734  -61.934  -26.643 0.6000000238
21136  -7.744  -60.330  -23.881 0.6999999881
22057  -8.805  -59.694  -25.594 0.6999999881
20335  -13.691  -61.587  -27.797 0.6999999881
21201  -14.089  -60.951  -28.482 0.6000000238
21170  -8.736  -60.133  -26.303 0.8000000119
22075  -9.583  -59.541  -27.297 0.6000000238
21184  -9.286  -60.386  -27.558 0.5000000000
20342  -12.416  -61.056  -28.519 0.6999999881
111316  -13.739  -60.491  -29.259 0.6999999881
117588  -14.809  -60.712  -28.211 0.6000000238
21183  -8.700  -60.692  -26.886 0.8000000119
21198  -11.070  -60.126  -28.983 0.6000000238
20341  -11.462  -60.925  -28.377 0.6000000238
22923  -12.058  -58.265  -22.003 0.6000000238
23840  -10.069  -57.601  -22.489 0.6000000238
22929  -8.640  -58.551  -22.494 0.6999999881
22921  -9.379  -58.490  -22.325 0.6000000238
22928  -7.970  -58.914  -22.556 0.6999999881
22950  -8.233  -58.719  -23.771 0.6999999881
22041  -8.625  -59.235  -24.666 0.6999999881
22058  -9.352  -59.504  -25.559 0.6000000238
21185  -14.381  -61.432  -27.576 0.6000000238
22074  -9.313  -59.610  -26.429 0.6000000238
21210  -11.045  -59.433  -29.158 0.6000000238
21186  -15.406  -60.595  -27.400 0.5000000000
21215  -14.722  -59.953  -29.890 0.6000000238
22096  -15.508  -60.085  -28.356 0.5000000000
22113  -16.073  -59.521  -29.121 0.5000000000
22121  -14.496  -59.616  -30.498 0.6000000238
22112  -15.289  -59.809  -29.631 0.5000000000
24780  -11.550  -56.321  -21.477 0.6000000238
23842  -11.614  -57.260  -22.063 0.6000000238
127343  -9.265  -57.994  -22.612 0.6999999881
23853  -9.713  -57.241  -22.823 0.6999999881
23868  -9.423  -57.441  -23.070 0.6999999881
116280  -8.730  -58.311  -23.444 0.6999999881
22043  -10.779  -59.146  -24.578 0.6000000238
22059  -10.283  -59.437  -25.362 0.5000000000
22077  -11.465  -59.295  -26.508 0.6999999881
22078  -12.488  -59.237  -26.390 0.6000000238
22076  -10.547  -59.039  -27.315 0.6000000238
124084  -11.271  -58.647  -28.698 0.6000000238
23002  -12.178  -58.505  -29.428 0.6000000238
22120  -12.790  -59.123  -30.410 0.6000000238
22130  -13.624  -58.939  -30.818 0.5000000000
23024  -15.239  -58.390  -31.325 0.5000000000
23025  -16.075  -58.481  -31.060 0.5000000000
26637  -9.742  -53.652  -19.804 0.6999999881
26646  -9.986  -53.476  -20.727 0.6999999881
27559  -9.604  -52.445  -20.220 0.6999999881
110919  -10.969  -55.764  -22.025 0.6000000238
112822  -10.421  -54.421  -21.071 0.6999999881
28524  -10.189  -51.553  -20.720 0.6999999881
29534  -12.113  -50.937  -20.716 0.6999999881
28526  -12.782  -51.261  -20.440 0.6000000238
23841  -10.742  -56.625  -22.433 0.6999999881
111382  -10.866  -55.166  -21.897 0.6999999881
26677  -10.835  -54.419  -21.755 0.6999999881
27588  -11.298  -52.179  -21.839 0.6999999881
24797  -10.435  -56.390  -22.764 0.6999999881
112871  -10.694  -55.892  -22.683 0.6999999881
27606  -11.853  -52.852  -22.306 0.6999999881
22952  -10.360  -58.174  -23.975 0.6999999881
22044  -11.681  -59.222  -24.830 0.6000000238
22060  -11.252  -59.463  -25.346 0.6000000238
22974  -13.780  -58.709  -26.786 0.6000000238
22990  -14.351  -58.359  -27.372 0.6000000238
22988  -11.879  -58.902  -27.543 0.6000000238
112027  -12.381  -58.556  -28.403 0.6000000238
23004  -14.059  -58.265  -28.499 0.6000000238
23015  -13.745  -57.992  -29.753 0.5000000000
23930  -14.608  -57.700  -30.159 0.6000000238
23931  -15.538  -57.321  -29.774 0.6000000238
23022  -13.537  -58.645  -30.664 0.5000000000
23943  -14.772  -57.972  -31.136 0.5000000000
125069  -15.282  -57.626  -30.785 0.5000000000
28498  -9.695  -52.485  -19.199 0.6999999881
28500  -10.656  -50.987  -20.213 0.6999999881
29516  -12.322  -50.888  -20.029 0.6000000238
28502  -13.171  -52.135  -19.968 0.6000000238
27571  -13.522  -52.898  -20.426 0.6000000238
122803  -13.604  -53.508  -21.616 0.4000000060
28562  -12.322  -51.958  -22.008 0.6000000238
114080  -12.814  -51.591  -21.654 0.5000000000
28550  -13.250  -52.063  -21.838 0.5000000000
26680  -14.334  -53.582  -22.789 0.4000000060
25736  -14.530  -54.943  -23.244 0.5000000000
25733  -10.617  -55.942  -23.054 0.8000000119
26678  -11.484  -54.019  -22.534 0.6999999881
28570  -13.586  -52.431  -22.649 0.5000000000
28571  -14.377  -52.528  -23.062 0.4000000060
27620  -14.908  -52.583  -23.181 0.4000000060
118804  -15.052  -53.367  -23.339 0.4000000060
26691  -15.855  -53.252  -23.803 0.4000000060
24812  -10.406  -56.471  -23.244 0.8000000119
114165  -11.067  -56.110  -23.594 0.8000000119
25734  -11.288  -55.429  -23.409 0.8000000119
25735  -11.957  -54.805  -23.778 0.8000000119
26690  -12.749  -54.006  -23.792 0.6000000238
27619  -13.980  -52.464  -23.276 0.5000000000
130108  -14.652  -52.373  -23.536 0.4000000060
27621  -15.495  -52.413  -23.677 0.4000000060
23869  -10.020  -57.135  -23.400 0.6999999881
123752  -12.370  -58.180  -24.509 0.8000000119
23882  -12.762  -57.437  -24.562 0.6999999881
23894  -13.486  -57.423  -25.121 0.5000000000
114876  -14.699  -52.839  -24.445 0.5000000000
28582  -15.646  -52.132  -24.059 0.4000000060
27622  -16.066  -52.377  -23.956 0.4000000060
22954  -13.009  -58.280  -24.917 0.6000000238
22963  -13.687  -58.349  -25.709 0.5000000000
22964  -14.436  -58.109  -26.380 0.5000000000
23914  -15.523  -57.380  -27.591 0.6000000238
130657  -15.151  -57.547  -28.800 0.6000000238
23920  -15.867  -57.128  -28.608 0.6000000238
29489  -10.732  -51.209  -18.789 0.6000000238
28485  -11.415  -51.434  -18.177 0.5000000000
28487  -13.064  -52.274  -18.928 0.5000000000
27560  -13.579  -53.086  -19.426 0.4000000060
26647  -14.041  -53.830  -19.908 0.5000000000
113050  -13.723  -53.760  -20.909 0.5000000000
25700  -14.061  -55.005  -22.516 0.5000000000
24813  -14.579  -55.905  -23.127 0.5000000000
24826  -15.589  -55.956  -24.013 0.5000000000
24815  -16.035  -56.897  -23.757 0.5000000000
25737  -15.307  -54.735  -23.769 0.5000000000
24828  -17.420  -56.625  -24.606 0.5000000000
25744  -11.897  -55.669  -24.100 0.6999999881
25745  -12.669  -54.848  -24.324 0.6000000238
25746  -13.530  -54.907  -24.903 0.5000000000
26697  -13.425  -53.928  -24.285 0.5000000000
25747  -16.198  -54.890  -24.383 0.5000000000
110590  -17.072  -54.459  -24.834 0.5000000000
23881  -11.775  -57.333  -24.182 0.8000000119
24824  -12.334  -56.501  -24.379 0.6999999881
24825  -13.142  -56.554  -24.771 0.6000000238
26698  -14.181  -53.775  -24.703 0.5000000000
26699  -14.911  -53.427  -25.046 0.4000000060
28591  -16.067  -52.283  -24.626 0.5000000000
27633  -16.443  -52.544  -24.467 0.4000000060
26700  -17.102  -53.108  -24.779 0.5000000000
24839  -14.453  -56.433  -25.766 0.5000000000
25761  -14.749  -55.589  -25.865 0.5000000000
26709  -14.491  -54.630  -25.427 0.6000000238
26710  -15.327  -54.057  -25.627 0.5000000000
27654  -15.936  -53.543  -25.830 0.5000000000
27655  -16.467  -52.754  -25.488 0.5000000000
23906  -15.343  -57.163  -26.702 0.5000000000
24845  -15.731  -56.578  -26.875 0.5000000000
26719  -15.153  -54.925  -25.915 0.5000000000
26720  -15.842  -54.609  -26.353 0.5000000000
24851  -16.178  -56.700  -27.695 0.6000000238
24852  -16.809  -56.119  -28.005 0.6000000238
28472  -11.215  -52.186  -17.608 0.5000000000
27536  -12.423  -53.177  -17.430 0.5000000000
27548  -12.787  -52.506  -18.003 0.5000000000
27549  -13.445  -53.247  -18.485 0.4000000060
26638  -14.045  -53.951  -18.970 0.4000000060
27535  -11.566  -53.099  -17.153 0.5000000000
27537  -13.124  -53.668  -17.772 0.4000000060
26648  -14.275  -54.693  -20.585 0.5000000000
25701  -14.340  -55.305  -21.530 0.6000000238
25702  -15.111  -55.918  -21.238 0.5000000000
24798  -15.156  -56.703  -22.745 0.5000000000
23871  -16.406  -57.331  -23.440 0.4000000060
23883  -16.936  -57.242  -24.009 0.4000000060
23885  -18.977  -57.329  -24.160 0.4000000060
26613  -13.362  -54.883  -17.456 0.4000000060
26627  -13.773  -54.277  -18.183 0.4000000060
26628  -14.372  -54.839  -18.560 0.4000000060
25687  -14.961  -55.205  -19.944 0.5000000000
115716  -14.815  -55.404  -20.710 0.5000000000
24770  -15.820  -56.396  -20.891 0.5000000000
25677  -14.977  -55.206  -19.009 0.4000000060
25678  -15.491  -55.665  -19.499 0.4000000060
24758  -16.095  -56.148  -19.997 0.5000000000
24783  -16.216  -57.049  -21.459 0.4000000060
23845  -16.750  -57.479  -22.055 0.4000000060
23872  -17.491  -57.476  -23.641 0.4000000060
23874  -19.013  -57.454  -23.187 0.4000000060
130035  -13.044  -55.369  -16.719 0.4000000060
26614  -14.058  -55.258  -17.721 0.4000000060
25635  -14.154  -55.773  -16.217 0.4000000060
122943  -14.877  -55.887  -16.673 0.4000000060
25667  -15.489  -55.666  -18.588 0.4000000060
24747  -16.130  -56.058  -19.034 0.4000000060
24759  -16.845  -56.680  -19.516 0.5000000000
24771  -16.566  -56.802  -20.550 0.5000000000
23830  -17.041  -57.308  -21.150 0.4000000060
118537  -18.168  -57.574  -22.178 0.4000000060
24748  -16.761  -56.490  -18.500 0.4000000060
23818  -18.080  -57.577  -20.021 0.4000000060
23832  -18.596  -57.513  -20.613 0.4000000060
23847  -18.394  -57.529  -21.461 0.4000000060
23858  -18.938  -57.432  -22.209 0.4000000060
133598  -14.122  -55.176  -15.016 0.4000000060
26585  -15.435  -54.976  -15.445 0.3000000119
25654  -16.182  -56.122  -17.148 0.3000000119
24734  -16.013  -56.049  -18.016 0.4000000060
26561  -16.831  -54.385  -14.703 0.4000000060
25614  -15.951  -55.455  -15.938 0.3000000119
25637  -16.467  -55.824  -16.442 0.3000000119
24719  -17.142  -56.190  -16.945 0.4000000060
25655  -18.892  -56.238  -16.857 0.5000000000
23811  -18.111  -57.290  -18.733 0.4000000060
23819  -18.813  -57.509  -19.801 0.4000000060
23833  -19.287  -57.269  -20.397 0.4000000060
24785  -20.369  -56.417  -21.704 0.3000000119
25638  -19.246  -55.712  -16.327 0.5000000000
25656  -19.751  -56.041  -17.053 0.5000000000
24751  -19.621  -56.797  -18.332 0.4000000060
23820  -19.407  -57.228  -19.652 0.4000000060
24762  -19.903  -56.630  -20.162 0.3000000119
26560  -15.865  -54.277  -14.868 0.4000000060
26562  -17.817  -54.518  -14.592 0.4000000060
26587  -17.302  -54.980  -15.190 0.4000000060
25616  -17.708  -55.481  -15.750 0.5000000000
24720  -18.099  -55.981  -16.413 0.5000000000
26563  -18.850  -54.539  -14.536 0.4000000060
25617  -19.180  -55.298  -15.654 0.5000000000
25639  -20.151  -55.052  -16.068 0.5000000000
124974  -20.156  -55.496  -16.744 0.4000000060
25668  -20.431  -55.611  -18.264 0.4000000060
25680  -20.275  -56.090  -19.504 0.3000000119
27507  -21.240  -53.639  -15.658 0.3000000119
26604  -21.011  -54.310  -16.334 0.3000000119
113044  -21.017  -54.231  -17.053 0.3000000119
27483  -16.375  -53.699  -14.278 0.4000000060
27486  -19.482  -54.022  -14.054 0.3000000119
27487  -21.221  -53.218  -14.720 0.4000000060
26629  -20.318  -54.758  -19.053 0.3000000119
27463  -19.831  -53.278  -13.509 0.3000000119
28412  -21.522  -51.905  -13.534 0.3000000119
19501  -15.343  -61.766  -36.807 0.6000000238
115216  -15.802  -61.507  -35.832 0.5000000000
21213  -13.310  -59.875  -29.915 0.6000000238
21211  -11.570  -59.719  -29.451 0.6000000238
9794  -16.321  -73.088  -36.290 0.5000000000
10488  -17.016  -71.905  -34.904 0.6000000238
13924  -15.630  -68.049  -38.241 0.5000000000
10479  -17.293  -72.403  -34.224 0.6999999881
117896  -17.806  -75.081  -32.832 0.6999999881
8989  -17.794  -74.312  -32.713 0.6999999881
12986  -17.288  -69.450  -34.374 0.6999999881
120919  -18.192  -73.981  -31.895 0.6999999881
10469  -17.904  -72.625  -32.617 0.6999999881
123327  -18.275  -63.204  -39.679 0.5000000000
127727  -17.235  -67.466  -34.493 0.6999999881
114512  -17.555  -68.937  -33.582 0.6999999881
7625  -19.566  -76.669  -29.824 0.6999999881
12961  -18.385  -69.867  -32.177 0.6999999881
132610  -16.709  -61.335  -36.796 0.6000000238
6989  -20.320  -77.512  -28.598 0.6999999881
14809  -17.857  -67.067  -33.648 0.6000000238
127704  -19.652  -68.935  -31.749 0.6000000238
11208  -20.354  -71.620  -30.436 0.5000000000
19483  -13.043  -62.944  -35.492 0.6999999881
128172  -18.942  -67.378  -32.729 0.6000000238
6393  -23.396  -77.631  -28.890 0.6000000238
113764  -23.195  -79.040  -30.886 0.6000000238
13878  -20.145  -68.495  -32.183 0.5000000000
12068  -21.818  -70.477  -33.172 0.5000000000
7613  -24.601  -76.573  -29.852 0.5000000000
19484  -13.831  -62.873  -35.394 0.6000000238
18547  -12.414  -63.270  -34.972 0.6999999881
21261  -20.839  -59.636  -37.440 0.6000000238
16671  -18.567  -65.105  -34.410 0.5000000000
14811  -19.504  -66.950  -33.138 0.5000000000
111470  -20.578  -68.106  -32.827 0.6000000238
14812  -20.339  -67.380  -33.171 0.5000000000
13887  -21.140  -68.537  -33.303 0.5000000000
5810  -24.622  -79.128  -30.687 0.6000000238
6401  -25.515  -77.472  -30.286 0.6000000238
116397  -25.025  -75.749  -31.826 0.5000000000
17572  -13.039  -64.543  -31.869 0.6000000238
18537  -21.939  -62.525  -32.985 0.5000000000
17483  -8.017  -64.891  -23.998 0.6000000238
16574  -9.038  -65.733  -27.404 0.6000000238
17490  -8.244  -64.478  -25.202 0.6000000238
125396  -12.544  -64.131  -27.265 0.8000000119
18435  -8.163  -63.660  -26.197 0.6000000238
18577  -24.658  -62.756  -36.919 0.6000000238
19408  -8.876  -62.547  -27.619 0.6000000238
18578  -25.005  -63.196  -37.731 0.6000000238
19413  -13.280  -62.506  -27.154 0.8000000119
17604  -23.617  -64.476  -34.612 0.6000000238
19410  -10.283  -62.411  -27.692 0.6000000238
19409  -9.392  -61.974  -27.803 0.6999999881
20340  -10.551  -60.671  -28.266 0.6000000238
131112  -10.826  -58.801  -28.694 0.6000000238
21199  -11.910  -60.371  -29.196 0.6999999881
22119  -11.777  -59.111  -29.717 0.6000000238
22132  -15.248  -58.973  -31.107 0.5000000000
22962  -12.886  -58.925  -25.527 0.5000000000
23013  -12.359  -58.791  -30.050 0.6000000238
23032  -16.137  -58.040  -31.379 0.5000000000
129836  -10.101  -54.232  -20.296 0.6999999881
25699  -10.803  -55.070  -21.234 0.6000000238
27570  -10.308  -52.577  -21.239 0.6999999881
25720  -10.997  -55.180  -22.602 0.8000000119
27617  -12.229  -53.285  -22.803 0.6000000238
29490  -11.462  -50.968  -18.986 0.6000000238
27608  -13.552  -52.607  -22.078 0.5000000000
28563  -13.142  -52.039  -22.120 0.5000000000
28583  -16.108  -52.308  -24.325 0.5000000000
28486  -12.246  -51.503  -18.509 0.5000000000
24827  -16.481  -56.380  -24.333 0.5000000000
117124  -12.849  -55.695  -24.580 0.6000000238
25760  -14.003  -55.624  -25.462 0.6000000238
25773  -16.269  -55.781  -27.040 0.5000000000
23844  -15.878  -57.251  -22.371 0.5000000000
25688  -15.404  -55.792  -20.370 0.6000000238
25612  -13.558  -55.527  -15.334 0.4000000060
25652  -14.490  -55.774  -17.067 0.4000000060
25666  -14.896  -55.455  -18.005 0.4000000060
25636  -15.597  -55.897  -16.608 0.3000000119
132013  -15.446  -55.748  -17.956 0.4000000060
23831  -17.836  -57.552  -20.856 0.4000000060
24735  -16.802  -56.386  -17.669 0.4000000060
125262  -17.360  -56.944  -18.819 0.4000000060
23848  -19.122  -57.333  -21.259 0.4000000060
24799  -19.711  -57.069  -21.960 0.4000000060
25615  -16.825  -55.415  -15.786 0.3000000119
123807  -17.231  -55.777  -16.254 0.5000000000
133100  -17.360  -56.468  -17.483 0.4000000060
24737  -19.238  -56.545  -17.523 0.5000000000
24749  -17.540  -56.760  -18.064 0.4000000060
24784  -19.713  -56.831  -21.061 0.4000000060
25657  -20.407  -55.541  -17.445 0.5000000000
24738  -20.121  -56.230  -17.826 0.4000000060
25679  -20.215  -56.255  -18.640 0.4000000060
26588  -18.406  -55.088  -15.180 0.5000000000
131522  -19.580  -54.390  -14.601 0.5000000000
26589  -19.604  -54.752  -15.157 0.4000000060
26615  -20.612  -54.808  -17.865 0.4000000060
27464  -21.040  -52.825  -13.729 0.3000000119
28426  -21.534  -52.341  -14.498 0.3000000119
29461  -21.676  -51.993  -15.038 0.3000000119
3676  -23.087  -84.233  -34.900 0.5000000000
3665  -23.443  -83.878  -33.788 0.5000000000
3148  -24.548  -85.153  -34.193 0.5000000000
3147  -24.089  -84.533  -33.743 0.5000000000
2658  -25.358  -85.006  -32.944 0.5000000000
3138  -25.040  -84.319  -32.299 0.5000000000
2659  -26.060  -85.218  -32.899 0.6000000238
127263  -22.480  -82.330  -34.805 0.5000000000
4161  -23.222  -82.703  -33.459 0.5000000000
127385  -23.650  -83.291  -32.912 0.5000000000
122499  -24.545  -83.984  -32.383 0.5000000000
131652  -27.566  -85.081  -33.236 0.6000000238
3125  -25.443  -83.860  -31.917 0.6000000238
133219  -25.680  -84.539  -32.438 0.6000000238
4177  -22.102  -82.238  -35.693 0.4000000060
4678  -19.615  -81.136  -34.727 0.4000000060
5229  -20.492  -80.369  -34.825 0.4000000060
5241  -20.257  -80.657  -35.785 0.5000000000
5242  -21.109  -80.448  -35.637 0.5000000000
4700  -21.246  -81.100  -37.190 0.5000000000
4692  -21.652  -80.635  -35.705 0.5000000000
5231  -21.768  -80.117  -35.001 0.5000000000
4701  -21.613  -81.573  -36.507 0.5000000000
4679  -22.357  -81.269  -34.974 0.5000000000
3149  -28.519  -85.341  -33.494 0.6000000238
110926  -29.553  -85.452  -33.447 0.6000000238
4668  -22.822  -81.684  -34.084 0.5000000000
114482  -23.339  -81.706  -33.262 0.5000000000
3666  -27.694  -84.286  -33.183 0.6000000238
4153  -23.700  -82.470  -32.637 0.5000000000
3651  -25.254  -83.325  -31.566 0.6000000238
3658  -26.445  -83.681  -32.308 0.6000000238
3667  -28.777  -84.292  -33.388 0.6000000238
4155  -26.927  -82.729  -32.902 0.6000000238
113182  -28.952  -83.237  -33.429 0.6000000238
130563  -27.924  -82.665  -33.570 0.6000000238
4163  -28.520  -82.364  -33.784 0.6999999881
4647  -18.774  -81.249  -31.937 0.6000000238
5208  -19.426  -81.085  -32.177 0.6000000238
5191  -19.799  -80.279  -30.754 0.6000000238
5219  -19.762  -80.918  -33.040 0.5000000000
120501  -19.951  -80.711  -34.006 0.5000000000
5830  -20.953  -79.926  -32.090 0.6000000238
5230  -21.217  -80.021  -34.739 0.5000000000
5220  -20.708  -80.146  -33.819 0.5000000000
5221  -21.733  -79.721  -34.145 0.5000000000
110697  -22.212  -79.991  -34.576 0.5000000000
5222  -22.575  -79.825  -33.956 0.5000000000
5223  -23.199  -80.514  -33.519 0.5000000000
3128  -30.624  -84.591  -32.679 0.6999999881
3142  -30.904  -84.624  -32.992 0.6000000238
3660  -31.030  -83.660  -32.568 0.8000000119
4658  -23.791  -81.332  -32.483 0.5000000000
4154  -24.276  -82.353  -31.907 0.5000000000
4145  -25.424  -82.713  -31.419 0.6000000238
3668  -30.067  -84.434  -33.370 0.6999999881
3669  -31.326  -83.717  -32.970 0.6999999881
121689  -26.470  -83.043  -32.195 0.6000000238
4164  -29.873  -82.686  -33.536 0.6999999881
4162  -27.307  -82.371  -33.439 0.6000000238
4680  -27.371  -81.487  -34.629 0.6999999881
4172  -29.198  -82.015  -34.190 0.6999999881
4682  -29.392  -81.461  -34.994 0.6000000238
4646  -17.944  -81.275  -31.906 0.5000000000
5198  -19.459  -80.747  -31.430 0.6000000238
5199  -20.354  -80.361  -31.268 0.6000000238
5841  -21.257  -79.651  -33.108 0.6000000238
5842  -22.174  -79.445  -33.320 0.6000000238
5833  -23.294  -79.482  -32.407 0.6000000238
3654  -30.317  -83.983  -31.930 0.6999999881
5211  -23.606  -80.095  -32.685 0.5000000000
5200  -23.920  -79.828  -31.896 0.5000000000
4149  -31.077  -82.729  -32.231 0.5000000000
4651  -30.689  -82.094  -31.589 0.6000000238
4659  -24.203  -80.710  -31.876 0.6000000238
4649  -25.609  -81.721  -31.311 0.5000000000
3661  -31.449  -83.086  -32.804 0.6000000238
4650  -26.237  -81.531  -31.545 0.5000000000
4165  -31.322  -82.877  -33.382 0.6000000238
4660  -26.554  -82.246  -32.136 0.5000000000
4173  -30.517  -81.857  -34.176 0.6000000238
4683  -31.584  -81.312  -34.836 0.6000000238
112523  -27.017  -81.098  -33.380 0.5000000000
124622  -27.042  -81.229  -34.301 0.6000000238
4702  -27.716  -81.121  -36.323 0.5000000000
4704  -30.487  -81.122  -37.266 0.5000000000
5196  -17.854  -80.478  -31.629 0.6000000238
5197  -18.493  -80.683  -31.369 0.6000000238
5816  -17.607  -79.836  -31.890 0.4000000060
5822  -24.281  -79.483  -31.233 0.5000000000
4652  -31.600  -82.014  -32.352 0.6000000238
5201  -24.667  -80.314  -31.411 0.5000000000
4662  -32.359  -82.002  -32.960 0.5000000000
5202  -26.501  -80.461  -31.513 0.5000000000
4672  -32.705  -81.699  -33.558 0.5000000000
4663  -32.783  -81.241  -33.281 0.5000000000
122664  -32.249  -81.102  -32.519 0.5000000000
5203  -27.056  -80.313  -32.326 0.5000000000
4671  -31.916  -81.918  -33.845 0.5000000000
4696  -32.090  -80.933  -35.249 0.5000000000
114769  -27.215  -79.990  -33.221 0.6000000238
5843  -27.146  -79.577  -33.923 0.6000000238
4695  -29.905  -81.188  -36.069 0.5000000000
130763  -31.194  -81.098  -36.203 0.6000000238
5849  -26.967  -80.021  -34.841 0.6000000238
5249  -27.435  -80.618  -36.387 0.5000000000
7020  -18.066  -77.706  -33.013 0.4000000060
5193  -25.693  -80.076  -31.032 0.5000000000
5213  -32.312  -80.119  -32.532 0.5000000000
5194  -26.134  -80.109  -31.104 0.5000000000
5834  -27.330  -79.320  -32.435 0.5000000000
5234  -32.533  -80.475  -34.741 0.5000000000
6423  -31.970  -79.178  -32.731 0.5000000000
6417  -31.784  -78.955  -32.085 0.5000000000
7017  -30.937  -77.731  -30.935 0.5000000000
7630  -29.916  -76.266  -30.637 0.5000000000
6421  -27.402  -78.379  -32.622 0.6000000238
6427  -27.275  -78.683  -33.599 0.6000000238
5244  -31.813  -80.506  -35.505 0.5000000000
6439  -26.882  -79.365  -35.463 0.6000000238
5864  -30.711  -79.945  -36.831 0.5000000000
6438  -26.724  -78.452  -36.164 0.5000000000
6446  -26.973  -79.008  -36.891 0.5000000000
123815  -26.449  -76.525  -31.729 0.5000000000
6429  -31.749  -79.251  -33.576 0.5000000000
129979  -31.229  -78.593  -32.920 0.5000000000
7025  -30.793  -77.662  -31.659 0.5000000000
7638  -30.362  -77.026  -31.116 0.5000000000
7636  -27.076  -76.962  -32.090 0.5000000000
7650  -26.472  -76.395  -33.418 0.6000000238
6435  -31.426  -79.394  -34.315 0.5000000000
6428  -30.808  -78.789  -33.876 0.5000000000
7024  -29.930  -77.313  -32.555 0.5000000000
7637  -29.732  -76.130  -31.479 0.5000000000
124444  -29.588  -75.412  -31.210 0.5000000000
119189  -26.716  -78.393  -35.140 0.5000000000
5858  -30.756  -79.586  -35.818 0.5000000000
6441  -29.876  -78.670  -35.265 0.5000000000
7642  -25.885  -75.928  -32.178 0.5000000000
7036  -29.514  -77.493  -34.155 0.5000000000
7644  -29.475  -76.346  -32.726 0.5000000000
116002  -29.728  -74.208  -32.001 0.4000000060
7651  -29.398  -76.790  -33.567 0.4000000060
17653  -13.724  -64.797  -38.221 0.4000000060
18405  -7.750  -63.560  -22.091 0.5000000000
20273  -9.869  -61.181  -22.596 0.5000000000
19351  -8.326  -62.286  -21.800 0.5000000000
127247  -11.230  -59.970  -22.496 0.5000000000
117088  -10.736  -60.542  -22.711 0.5000000000
19355  -8.199  -63.236  -21.889 0.5000000000
120726  -9.972  -54.553  -19.463 0.5000000000
26636  -9.542  -53.992  -18.889 0.5000000000
28484  -10.194  -52.133  -18.674 0.5000000000
6415  -26.890  -78.052  -31.137 0.5000000000
120081  -26.853  -78.877  -31.304 0.5000000000
3140  -26.853  -84.375  -32.708 0.6000000238
3657  -24.220  -83.273  -32.205 0.6000000238
3659  -26.981  -83.541  -32.778 0.6000000238
4146  -26.061  -82.470  -31.569 0.6000000238
4670  -27.601  -82.038  -34.011 0.6999999881
5209  -20.296  -80.505  -32.358 0.6000000238
4648  -24.861  -81.276  -31.413 0.5000000000
4669  -27.168  -81.728  -33.893 0.6000000238
4681  -28.117  -81.765  -34.795 0.6000000238
4693  -27.576  -81.300  -35.468 0.6000000238
4148  -30.539  -83.062  -31.781 0.6999999881
4641  -26.019  -80.815  -31.227 0.5000000000
5212  -26.762  -81.333  -32.222 0.5000000000
5224  -27.013  -80.544  -34.181 0.6000000238
5233  -27.071  -80.928  -35.022 0.6000000238
4694  -28.509  -81.310  -35.979 0.5000000000
5865  -31.333  -80.248  -36.234 0.5000000000
4673  -33.267  -81.095  -33.913 0.5000000000
5836  -32.997  -80.124  -33.617 0.5000000000
129255  -27.403  -79.173  -33.150 0.5000000000
5855  -27.149  -79.668  -36.400 0.5000000000
7016  -27.327  -77.685  -31.862 0.5000000000
6431  -26.970  -78.123  -34.192 0.5000000000
7023  -27.264  -77.528  -32.488 0.5000000000
6422  -30.796  -77.992  -32.445 0.5000000000
6434  -30.676  -79.130  -34.779 0.5000000000
7032  -30.097  -77.953  -33.374 0.5000000000
8281  -29.469  -75.105  -31.986 0.5000000000
6433  -29.943  -78.325  -34.368 0.4000000060
120787  -29.396  -75.431  -32.791 0.4000000060
5795  -32.055  -79.839  -27.958 0.5000000000
5182  -31.619  -80.070  -28.593 0.6000000238
5802  -31.310  -79.170  -29.839 0.6000000238
5188  -31.115  -80.494  -29.293 0.6000000238
4637  -31.120  -81.329  -29.018 0.4000000060
113185  -31.259  -78.488  -29.857 0.4000000060
5825  -31.642  -79.386  -31.673 0.4000000060
111905  -31.318  -78.817  -30.747 0.5000000000
119011  -31.163  -79.850  -29.886 0.6000000238
5813  -31.270  -79.551  -30.735 0.5000000000
4636  -30.671  -81.285  -29.769 0.5000000000
4643  -31.158  -81.142  -31.582 0.5000000000
4642  -30.541  -81.568  -30.717 0.6000000238
4147  -29.979  -83.295  -31.215 0.6000000238
3127  -29.880  -84.862  -32.113 0.6000000238
2656  -29.666  -85.930  -32.786 0.6000000238
2662  -29.774  -85.958  -33.244 0.6000000238
2661  -29.116  -86.608  -33.165 0.6000000238
2669  -29.036  -86.243  -33.526 0.5000000000
2668  -28.028  -86.211  -33.792 0.5000000000
120302  -27.122  -86.082  -33.547 0.4000000060
2666  -25.915  -85.777  -33.777 0.5000000000
8978  -29.580  -74.533  -31.289 0.3000000119
3158  -23.994  -85.036  -34.813 0.4000000060
17596  -23.133  -64.836  -33.773 0.4000000060
15735  -23.948  -66.468  -33.518 0.4000000060
16675  -23.834  -65.292  -34.273 0.5000000000
23945  -16.786  -57.465  -31.085 0.5000000000
24866  -16.238  -56.872  -29.615 0.5000000000
121797  -18.344  -56.590  -30.726 0.5000000000
130183  -18.125  -55.990  -29.954 0.4000000060
25782  -17.232  -55.385  -27.746 0.4000000060
25798  -21.108  -55.731  -29.778 0.4000000060
25774  -16.736  -54.797  -26.975 0.4000000060
26727  -17.539  -54.603  -27.381 0.4000000060
26736  -17.959  -55.118  -28.219 0.4000000060
26721  -16.469  -53.693  -26.295 0.4000000060
26722  -17.206  -53.823  -26.700 0.4000000060
26739  -20.993  -54.180  -29.293 0.4000000060
28599  -17.152  -52.641  -25.693 0.4000000060
27656  -17.672  -52.928  -26.368 0.4000000060
28619  -20.990  -52.801  -28.162 0.4000000060
28584  -17.464  -52.576  -25.463 0.4000000060
111217  -17.917  -52.350  -25.956 0.4000000060
27634  -16.963  -52.542  -24.939 0.4000000060
27644  -17.706  -52.604  -25.469 0.4000000060
24829  -18.414  -56.756  -24.742 0.3000000119
25748  -17.885  -55.609  -25.107 0.4000000060
123412  -19.614  -57.277  -22.744 0.3000000119
24830  -19.984  -57.006  -24.410 0.3000000119
25764  -19.505  -55.435  -25.291 0.3000000119
122683  -19.301  -56.759  -24.760 0.3000000119
25811  -20.090  -55.956  -30.447 0.4000000060
129570  -19.122  -55.252  -29.559 0.4000000060
25788  -18.364  -55.414  -29.295 0.4000000060
25795  -18.909  -55.878  -30.430 0.4000000060
26737  -18.793  -54.698  -28.661 0.4000000060
26728  -18.942  -53.941  -27.754 0.4000000060
26740  -21.257  -54.339  -29.127 0.4000000060
114108  -19.527  -54.229  -28.602 0.4000000060
26729  -19.933  -53.616  -28.284 0.4000000060
27663  -18.002  -53.837  -27.113 0.4000000060
4542  -35.250  -81.400  -19.166 0.3000000119
5712  -34.576  -79.534  -20.249 0.3000000119
4035  -35.201  -82.448  -19.175 0.4000000060
5105  -34.372  -80.407  -20.240 0.3000000119
5104  -33.933  -79.813  -20.726 0.4000000060
4565  -34.157  -82.108  -21.300 0.3000000119
5118  -33.931  -80.889  -20.951 0.3000000119
122247  -33.361  -79.803  -22.007 0.4000000060
4058  -34.481  -83.271  -21.610 0.3000000119
4564  -33.765  -81.386  -21.910 0.3000000119
5739  -33.099  -79.791  -22.691 0.3000000119
4057  -34.131  -82.601  -22.237 0.3000000119
4577  -33.791  -81.742  -22.947 0.3000000119
5137  -33.252  -80.638  -23.451 0.3000000119
128319  -34.202  -82.424  -23.630 0.3000000119
4586  -33.782  -81.591  -23.919 0.3000000119
111057  -33.288  -80.920  -24.427 0.3000000119
4085  -34.344  -82.428  -24.323 0.3000000119
4598  -33.851  -81.640  -24.759 0.3000000119
5148  -32.929  -80.422  -25.154 0.3000000119
3064  -34.471  -84.261  -24.772 0.3000000119
4086  -34.783  -83.208  -24.633 0.3000000119
117284  -34.360  -82.387  -25.157 0.3000000119
4608  -33.885  -81.655  -25.631 0.3000000119
5168  -33.215  -80.893  -26.573 0.3000000119
127358  -34.685  -83.561  -25.800 0.4000000060
5726  -33.580  -79.308  -21.351 0.3000000119
3525  -35.302  -83.550  -19.452 0.4000000060
5738  -32.788  -78.913  -22.797 0.4000000060
115547  -35.163  -83.947  -20.236 0.3000000119
114460  -32.492  -78.861  -23.475 0.4000000060
4064  -34.501  -83.620  -22.532 0.3000000119
5770  -32.421  -79.310  -24.135 0.4000000060
118548  -32.519  -79.714  -24.788 0.4000000060
3565  -34.515  -83.931  -22.661 0.3000000119
5158  -32.925  -80.317  -26.114 0.4000000060
3049  -34.330  -84.026  -23.702 0.3000000119
119759  -34.141  -84.118  -22.735 0.4000000060
5167  -32.773  -80.437  -26.926 0.4000000060
5177  -33.140  -81.154  -27.174 0.3000000119
3047  -33.024  -84.395  -23.323 0.3000000119
5711  -34.008  -78.949  -20.800 0.3000000119
6898  -33.563  -77.572  -22.147 0.3000000119
131685  -34.050  -77.823  -21.545 0.3000000119
6326  -33.040  -78.222  -22.315 0.3000000119
6922  -32.385  -77.104  -23.075 0.3000000119
2968  -35.563  -85.502  -17.876 0.4000000060
118277  -32.480  -78.043  -23.106 0.3000000119
6921  -31.788  -77.429  -23.819 0.3000000119
3010  -34.898  -84.531  -20.508 0.3000000119
118259  -35.277  -84.418  -19.793 0.4000000060
6338  -32.085  -78.457  -23.971 0.4000000060
6352  -31.563  -78.059  -24.638 0.3000000119
6364  -32.037  -78.994  -24.950 0.4000000060
6363  -31.500  -78.387  -25.668 0.4000000060
3555  -34.585  -84.017  -21.867 0.3000000119
2551  -33.614  -85.609  -20.638 0.3000000119
6375  -32.134  -79.069  -26.068 0.4000000060
6374  -31.800  -78.692  -26.593 0.4000000060
3036  -34.115  -84.533  -21.876 0.3000000119
2550  -32.920  -85.541  -20.673 0.3000000119
6382  -31.742  -78.631  -27.430 0.4000000060
6394  -31.534  -78.519  -28.301 0.5000000000
3023  -33.342  -85.232  -21.402 0.3000000119
5791  -32.321  -79.821  -27.342 0.4000000060
5790  -31.914  -79.131  -27.813 0.4000000060
5794  -31.520  -79.028  -28.785 0.5000000000
3062  -32.822  -84.322  -24.333 0.3000000119
7526  -33.100  -76.915  -22.718 0.3000000119
7527  -33.926  -77.024  -22.649 0.3000000119
2505  -34.880  -86.185  -17.783 0.4000000060
6948  -30.702  -77.146  -25.337 0.4000000060
7572  -30.105  -76.974  -27.149 0.4000000060
2518  -34.252  -86.242  -18.598 0.4000000060
6977  -31.284  -78.112  -27.739 0.4000000060
6976  -30.710  -77.594  -27.956 0.5000000000
111260  -31.160  -78.096  -29.934 0.4000000060
2532  -32.815  -85.853  -19.190 0.3000000119
6402  -31.246  -78.309  -29.157 0.4000000060
119386  -32.598  -85.539  -19.965 0.3000000119
6411  -31.226  -78.342  -30.666 0.4000000060
7018  -31.305  -78.288  -31.302 0.4000000060
114840  -32.925  -84.835  -21.920 0.3000000119
3033  -32.695  -84.344  -22.677 0.3000000119
3061  -32.202  -84.060  -24.346 0.3000000119
8174  -31.663  -76.119  -24.098 0.3000000119
7550  -30.840  -76.575  -24.892 0.3000000119
6960  -30.391  -77.146  -26.221 0.3000000119
2517  -33.562  -86.130  -18.031 0.4000000060
7582  -30.116  -76.921  -28.103 0.5000000000
7616  -30.577  -77.284  -29.547 0.4000000060
2978  -32.728  -85.267  -18.486 0.4000000060
7011  -31.076  -77.980  -30.519 0.4000000060
3539  -31.768  -83.340  -21.087 0.3000000119
3523  -32.082  -83.934  -19.365 0.3000000119
3554  -32.187  -84.383  -21.231 0.3000000119
3564  -32.155  -83.861  -22.639 0.3000000119
3599  -31.655  -83.908  -25.066 0.3000000119
132667  -31.754  -83.440  -23.802 0.3000000119
8186  -30.694  -75.990  -25.171 0.3000000119
7581  -29.743  -76.052  -27.423 0.4000000060
7598  -30.197  -76.908  -28.838 0.4000000060
4056  -31.427  -82.723  -21.709 0.3000000119
4576  -31.055  -82.024  -22.333 0.3000000119
128599  -31.568  -83.002  -22.532 0.3000000119
4071  -31.145  -82.330  -23.323 0.3000000119
113851  -31.396  -82.929  -23.993 0.3000000119
4575  -30.731  -81.364  -22.987 0.3000000119
4596  -30.317  -81.530  -24.647 0.3000000119
4585  -30.569  -81.526  -23.828 0.3000000119
4083  -30.437  -82.173  -25.067 0.3000000119
4597  -30.842  -82.215  -24.274 0.3000000119
8927  -29.813  -74.658  -28.055 0.3000000119
116612  -29.612  -75.525  -28.892 0.4000000060
132565  -29.860  -80.985  -24.962 0.3000000119
4096  -28.930  -81.985  -26.243 0.3000000119
8929  -30.860  -74.254  -27.040 0.3000000119
8928  -30.223  -74.438  -27.517 0.3000000119
8954  -29.608  -74.701  -29.217 0.3000000119
9651  -30.753  -73.852  -27.886 0.3000000119
8940  -30.197  -74.119  -28.177 0.3000000119
9679  -29.874  -73.927  -29.421 0.3000000119
24857  -16.380  -56.632  -28.595 0.5000000000
25762  -17.847  -54.143  -25.207 0.5000000000
26711  -17.780  -53.041  -25.193 0.4000000060
25787  -17.514  -55.805  -28.927 0.4000000060
4140  -30.157  -82.531  -30.825 0.6000000238
5187  -30.978  -80.513  -30.489 0.5000000000
125384  -31.893  -79.371  -32.216 0.4000000060
7631  -30.663  -77.352  -30.380 0.4000000060
123766  -30.100  -76.711  -29.959 0.4000000060
8252  -29.677  -75.634  -29.805 0.4000000060
8967  -29.655  -74.492  -29.989 0.3000000119
23947  -18.325  -57.020  -30.906 0.5000000000
24875  -18.919  -56.526  -30.743 0.4000000060
26748  -21.065  -54.876  -29.710 0.4000000060
4034  -34.719  -81.997  -19.789 0.3000000119
4074  -34.752  -83.223  -23.881 0.3000000119
3584  -34.833  -83.751  -24.079 0.3000000119
3511  -35.591  -84.158  -18.748 0.4000000060
6383  -32.142  -79.149  -27.016 0.4000000060
2519  -35.118  -85.694  -18.626 0.4000000060
2994  -34.880  -85.180  -19.963 0.3000000119
3009  -34.381  -85.192  -20.597 0.3000000119
129859  -30.722  -77.688  -26.419 0.4000000060
3021  -32.449  -84.547  -21.936 0.3000000119
6992  -30.695  -77.507  -28.796 0.4000000060
7597  -29.776  -76.231  -28.432 0.4000000060
3582  -30.986  -83.389  -25.409 0.3000000119
8228  -29.779  -75.136  -27.377 0.3000000119
112784  -29.872  -81.556  -25.321 0.3000000119
2212  -28.567  -86.915  -33.674 0.5000000000
2204  -28.455  -87.083  -32.970 0.5000000000
2655  -28.695  -86.314  -32.130 0.5000000000
3117  -29.150  -84.534  -31.021 0.5000000000
129232  -29.963  -82.727  -29.994 0.4000000060
8294  -26.031  -75.801  -33.125 0.4000000060
4628  -31.638  -80.991  -28.524 0.5000000000
4629  -32.493  -81.600  -28.128 0.3000000119
4116  -33.849  -82.744  -27.435 0.3000000119
5176  -32.600  -80.567  -27.560 0.4000000060
119241  -34.303  -82.357  -26.067 0.3000000119
4623  -33.554  -81.912  -27.305 0.3000000119
3510  -32.801  -84.513  -17.885 0.3000000119
3500  -33.363  -84.692  -17.254 0.3000000119
2979  -33.153  -85.614  -17.658 0.3000000119
4022  -35.614  -82.894  -18.511 0.3000000119
4000  -33.969  -83.472  -16.990 0.3000000119
2956  -34.342  -85.400  -16.140 0.3000000119
2066  -34.240  -86.133  -16.869 0.3000000119
2506  -35.363  -85.962  -17.003 0.3000000119
2969  -36.091  -85.224  -16.982 0.3000000119
2507  -35.710  -85.751  -16.249 0.3000000119
3487  -33.925  -84.733  -16.648 0.3000000119
2484  -34.797  -85.666  -15.850 0.3000000119
2496  -34.976  -85.927  -16.135 0.3000000119
2475  -36.048  -85.371  -14.804 0.3000000119
2981  -35.953  -84.647  -17.913 0.3000000119
3512  -36.110  -83.408  -17.800 0.3000000119
2943  -35.077  -85.011  -15.352 0.3000000119
3501  -36.457  -84.088  -17.210 0.3000000119
3489  -36.818  -84.467  -16.446 0.3000000119
2673  -25.492  -86.228  -34.804 0.3000000119
111276  -30.281  -82.071  -29.964 0.5000000000
4139  -29.716  -83.266  -30.429 0.4000000060
3126  -29.004  -85.363  -31.549 0.5000000000
4115  -33.206  -82.195  -27.757 0.3000000119
27668  -21.884  -53.594  -27.440 0.3000000119
27675  -21.056  -53.602  -28.749 0.3000000119
28593  -18.260  -52.277  -25.887 0.3000000119
2211  -27.654  -86.891  -33.871 0.4000000060
2203  -27.623  -87.376  -32.464 0.4000000060
1119  -28.194  -89.563  -28.718 0.4000000060
1462  -27.616  -88.431  -29.927 0.4000000060
2189  -28.073  -86.620  -29.882 0.4000000060
2647  -28.417  -85.620  -29.766 0.4000000060
3635  -29.139  -84.017  -30.085 0.4000000060
2193  -27.631  -86.882  -30.565 0.4000000060
2654  -27.892  -86.399  -31.103 0.4000000060
3116  -28.641  -84.881  -30.311 0.4000000060
786  -28.973  -90.578  -26.016 0.3000000119
1120  -29.356  -89.180  -28.349 0.4000000060
112140  -29.677  -87.375  -29.009 0.4000000060
2196  -27.444  -87.185  -31.429 0.4000000060
1126  -28.583  -88.910  -29.098 0.4000000060
1789  -27.586  -87.550  -30.111 0.4000000060
799  -28.860  -89.915  -27.831 0.3000000119
1464  -29.256  -88.414  -29.021 0.4000000060
1790  -28.483  -87.586  -29.457 0.4000000060
2650  -28.067  -86.188  -30.369 0.4000000060
2190  -28.779  -86.445  -29.237 0.4000000060
3112  -28.821  -84.749  -29.498 0.4000000060
788  -30.075  -89.738  -26.412 0.3000000119
1113  -29.805  -89.612  -27.319 0.3000000119
1451  -30.049  -88.258  -28.856 0.3000000119
1121  -30.236  -88.655  -28.400 0.3000000119
3106  -30.060  -84.687  -28.711 0.3000000119
3629  -30.522  -83.423  -28.797 0.3000000119
2648  -29.001  -85.504  -29.053 0.3000000119
113916  -31.096  -82.769  -28.698 0.3000000119
4121  -31.722  -82.013  -28.580 0.3000000119
4131  -30.319  -82.681  -29.309 0.3000000119
3113  -29.373  -84.164  -29.221 0.3000000119
3636  -29.762  -83.389  -29.494 0.3000000119
5132  -23.416  -80.598  -23.520 0.3000000119
5124  -24.646  -80.239  -23.027 0.3000000119
5116  -31.058  -80.682  -21.146 0.3000000119
5722  -26.389  -79.042  -21.885 0.3000000119
6310  -27.006  -78.484  -21.808 0.3000000119
6324  -28.277  -78.218  -22.008 0.3000000119
6325  -29.114  -78.532  -21.846 0.3000000119
5724  -29.821  -78.935  -21.753 0.3000000119
5710  -31.045  -79.340  -19.929 0.3000000119
5089  -31.608  -79.857  -19.469 0.3000000119
5708  -27.635  -78.896  -20.604 0.3000000119
6299  -28.329  -78.584  -20.546 0.3000000119
6300  -28.973  -78.534  -20.451 0.3000000119
6291  -29.638  -78.675  -19.874 0.3000000119
5695  -30.457  -78.845  -19.457 0.3000000119
2181  -29.834  -86.430  -28.801 0.3000000119
5134  -24.809  -79.645  -23.556 0.3000000119
6335  -27.284  -77.976  -23.239 0.3000000119
6321  -25.842  -78.686  -23.127 0.3000000119
5736  -25.341  -79.534  -22.905 0.3000000119
6334  -26.470  -78.267  -23.410 0.3000000119
6323  -27.488  -78.164  -22.277 0.3000000119
5693  -28.649  -79.088  -19.342 0.3000000119
787  -29.421  -90.144  -26.760 0.3000000119
798  -28.393  -90.402  -27.227 0.3000000119
1463  -28.577  -88.531  -29.353 0.4000000060
1779  -30.484  -87.885  -28.836 0.3000000119
1791  -29.535  -88.161  -29.114 0.4000000060
2067  -34.455  -86.048  -16.586 0.3000000119
2075  -34.199  -86.236  -17.518 0.4000000060
2076  -34.636  -86.188  -16.946 0.4000000060
2197  -28.048  -86.883  -32.049 0.5000000000
2494  -33.818  -86.055  -17.146 0.3000000119
2495  -34.284  -85.948  -16.434 0.3000000119
2497  -35.807  -85.596  -15.483 0.3000000119
2516  -32.993  -86.009  -18.452 0.3000000119
2533  -33.390  -86.140  -18.987 0.3000000119
2534  -34.078  -85.925  -19.798 0.3000000119
2535  -34.775  -85.691  -19.314 0.3000000119
2641  -29.995  -85.546  -28.694 0.3000000119
2651  -28.332  -85.707  -30.778 0.4000000060
2660  -26.878  -85.326  -33.077 0.6000000238
2665  -25.138  -85.480  -33.919 0.3000000119
2667  -26.554  -85.811  -33.454 0.4000000060
2955  -33.798  -85.545  -16.855 0.3000000119
2957  -36.419  -85.341  -15.967 0.3000000119
2980  -35.271  -85.055  -19.254 0.4000000060
2993  -32.413  -84.969  -19.249 0.3000000119
3008  -32.405  -85.059  -20.628 0.3000000119
3022  -32.689  -85.102  -21.305 0.3000000119
3024  -34.010  -85.110  -21.189 0.3000000119
3046  -32.649  -84.143  -23.539 0.3000000119
3048  -33.505  -84.313  -23.055 0.3000000119
3063  -33.635  -84.448  -24.225 0.3000000119
3124  -24.861  -83.672  -31.825 0.5000000000
3136  -24.049  -83.942  -32.935 0.5000000000
3137  -24.641  -84.653  -33.072 0.5000000000
3139  -26.116  -84.076  -32.223 0.6000000238
3141  -30.373  -85.375  -32.974 0.6000000238
3150  -30.245  -85.342  -33.178 0.6000000238
3509  -32.410  -84.199  -18.596 0.3000000119
3524  -34.985  -83.133  -20.062 0.4000000060
3540  -31.964  -83.885  -20.305 0.3000000119
3541  -34.756  -83.788  -20.909 0.3000000119
3553  -31.941  -83.699  -21.879 0.3000000119
3571  -32.169  -83.846  -23.505 0.3000000119
3572  -34.670  -83.699  -23.388 0.3000000119
3583  -31.633  -83.515  -24.415 0.3000000119
3628  -30.007  -83.926  -28.841 0.3000000119
3652  -25.909  -83.326  -31.736 0.6000000238
3653  -29.559  -83.895  -31.135 0.6000000238
4043  -34.555  -82.657  -20.681 0.3000000119
4072  -31.715  -83.289  -23.305 0.3000000119
4073  -34.373  -82.991  -23.117 0.3000000119
4084  -31.035  -82.792  -24.793 0.3000000119
4097  -29.764  -82.297  -25.752 0.3000000119
4098  -34.689  -83.061  -25.509 0.4000000060
4110  -34.171  -82.459  -26.896 0.3000000119
4111  -34.548  -83.037  -26.379 0.3000000119
4120  -30.768  -81.985  -29.159 0.3000000119
4123  -33.427  -83.092  -27.820 0.3000000119
4144  -24.787  -83.006  -31.509 0.6000000238
4156  -31.638  -82.732  -32.726 0.5000000000
4166  -32.038  -82.466  -33.095 0.6000000238
4171  -22.841  -83.072  -34.310 0.5000000000
4541  -34.747  -80.954  -19.726 0.3000000119
4550  -34.372  -81.485  -20.429 0.3000000119
4607  -29.308  -80.952  -25.445 0.3000000119
4617  -33.718  -81.612  -26.559 0.3000000119
4622  -32.957  -81.344  -27.703 0.3000000119
4640  -25.364  -80.723  -31.225 0.5000000000
4661  -26.974  -81.981  -33.067 0.6000000238
4684  -32.766  -81.348  -34.361 0.5000000000
4685  -33.226  -80.780  -34.326 0.5000000000
4705  -30.991  -80.952  -37.093 0.5000000000
4706  -31.317  -80.728  -36.267 0.5000000000
5091  -34.827  -80.164  -19.784 0.3000000119
5102  -30.872  -79.704  -20.800 0.3000000119
5103  -31.325  -80.290  -20.326 0.3000000119
5117  -33.605  -80.283  -21.530 0.4000000060
5128  -33.450  -80.623  -22.449 0.3000000119
5133  -24.111  -80.030  -23.802 0.3000000119
5147  -32.789  -80.132  -24.217 0.3000000119
5159  -33.415  -80.966  -25.910 0.3000000119
5183  -32.299  -80.685  -28.040 0.4000000060
5204  -31.558  -80.196  -31.685 0.5000000000
5214  -32.886  -80.503  -33.376 0.5000000000
5225  -33.292  -80.541  -33.961 0.5000000000
5232  -22.120  -80.438  -35.089 0.5000000000
5235  -33.113  -80.193  -34.103 0.5000000000
5243  -27.318  -80.906  -35.761 0.5000000000
5248  -21.194  -80.826  -36.593 0.5000000000
5251  -31.009  -80.578  -37.097 0.5000000000
5677  -29.136  -79.247  -18.711 0.3000000119
5709  -30.344  -78.937  -20.376 0.3000000119
5725  -30.317  -79.266  -21.280 0.3000000119
5753  -32.755  -79.629  -23.450 0.4000000060
5781  -32.493  -79.705  -25.585 0.4000000060
5786  -32.477  -79.741  -26.509 0.4000000060
5798  -20.441  -79.419  -29.603 0.6999999881
5805  -18.797  -79.311  -30.539 0.6999999881
5811  -25.341  -79.310  -30.730 0.6000000238
5817  -18.259  -79.820  -31.193 0.6000000238
5823  -26.458  -79.562  -31.156 0.5000000000
5824  -26.975  -79.529  -31.657 0.5000000000
5831  -21.690  -79.482  -32.391 0.6000000238
5832  -22.566  -79.303  -32.549 0.6000000238
5835  -32.438  -79.719  -32.857 0.5000000000
5844  -32.599  -79.749  -33.507 0.5000000000
5850  -31.646  -79.954  -35.140 0.5000000000
5851  -32.298  -79.735  -34.210 0.5000000000
5856  -27.087  -80.334  -35.641 0.5000000000
6290  -28.843  -78.672  -19.885 0.3000000119
6298  -27.753  -78.414  -21.343 0.3000000119
6311  -28.651  -78.430  -21.176 0.3000000119
6312  -29.528  -78.671  -20.934 0.3000000119
6322  -26.585  -78.388  -22.556 0.3000000119
6333  -25.961  -78.490  -24.014 0.3000000119
6350  -26.800  -78.240  -24.111 0.3000000119
6396  -20.354  -78.820  -29.051 0.6999999881
6398  -22.197  -78.793  -29.011 0.6000000238
6400  -24.856  -77.946  -29.919 0.6000000238
6406  -19.445  -78.201  -29.627 0.6999999881
6407  -24.274  -78.737  -30.228 0.6000000238
6409  -25.401  -78.186  -30.282 0.6000000238
6414  -18.493  -78.070  -31.654 0.6999999881
6416  -27.278  -78.607  -31.777 0.5000000000
6432  -27.010  -79.039  -34.533 0.6000000238
6897  -33.619  -78.371  -21.510 0.3000000119
6909  -32.869  -77.547  -22.602 0.3000000119
6910  -34.349  -77.503  -22.055 0.3000000119
6936  -31.178  -77.253  -24.647 0.3000000119
6949  -31.096  -77.729  -25.168 0.4000000060
6961  -31.216  -78.172  -26.672 0.4000000060
6993  -31.164  -78.017  -28.616 0.4000000060
7004  -31.031  -77.875  -29.376 0.4000000060
7015  -26.844  -77.173  -31.416 0.6000000238
7022  -26.924  -77.023  -32.899 0.6000000238
7026  -31.526  -78.412  -32.093 0.5000000000
7031  -27.185  -77.814  -33.259 0.5000000000
7537  -31.937  -76.567  -23.625 0.3000000119
7551  -31.394  -76.668  -24.256 0.3000000119
7562  -30.456  -76.439  -25.627 0.3000000119
7593  -20.741  -76.940  -28.407 0.6999999881
7594  -21.508  -76.768  -28.342 0.6999999881
7595  -22.513  -77.135  -28.404 0.6000000238
7608  -20.195  -76.670  -29.072 0.6999999881
7614  -25.198  -76.835  -30.212 0.5000000000
7615  -29.893  -76.446  -29.253 0.4000000060
7617  -30.994  -77.765  -29.968 0.4000000060
7628  -25.734  -76.770  -30.651 0.6000000238
7629  -26.280  -76.754  -31.123 0.6000000238
7640  -18.111  -77.097  -33.065 0.6999999881
7641  -18.411  -76.681  -32.366 0.6999999881
7643  -26.498  -76.385  -32.525 0.5000000000
7645  -29.880  -76.814  -31.883 0.5000000000
8238  -29.654  -75.367  -28.095 0.3000000119
8248  -19.816  -75.343  -29.755 0.6999999881
8265  -23.592  -75.647  -30.363 0.4000000060
8266  -24.416  -75.907  -30.458 0.5000000000
8267  -29.555  -75.076  -30.604 0.5000000000
8288  -17.699  -75.749  -33.291 0.5000000000
8320  -17.119  -75.586  -34.801 0.5000000000
8966  -21.387  -74.143  -30.695 0.4000000060
8976  -18.495  -74.208  -31.066 0.6999999881
9013  -17.190  -74.881  -34.396 0.5000000000
9666  -29.843  -74.226  -28.687 0.3000000119
9678  -19.865  -74.109  -29.963 0.6000000238
9694  -18.855  -73.282  -30.629 0.6999999881
9695  -19.409  -73.714  -30.241 0.6999999881
9712  -18.472  -73.483  -31.197 0.6999999881
9782  -16.599  -73.169  -35.413 0.5000000000
10456  -19.892  -72.351  -30.199 0.5000000000
10458  -21.439  -72.649  -31.028 0.5000000000
10470  -18.283  -72.413  -31.933 0.6999999881
10478  -16.836  -72.584  -34.959 0.6000000238
11206  -18.858  -71.793  -30.973 0.6999999881
11248  -16.808  -71.395  -35.465 0.6000000238
11259  -16.124  -71.169  -37.138 0.5000000000
12036  -19.946  -70.900  -30.656 0.6000000238
12037  -20.730  -70.994  -30.825 0.5000000000
12046  -18.822  -70.417  -31.549 0.6999999881
12058  -21.546  -70.445  -32.348 0.5000000000
12067  -17.529  -69.897  -33.650 0.6999999881
12093  -16.936  -70.638  -35.250 0.6999999881
12947  -19.925  -69.614  -31.364 0.6000000238
12962  -20.431  -69.203  -31.827 0.5000000000
12975  -21.484  -69.214  -33.435 0.5000000000
12997  -17.008  -69.840  -35.123 0.6999999881
13876  -18.810  -68.100  -32.363 0.6000000238
13879  -20.963  -68.953  -32.565 0.6000000238
13899  -16.834  -68.309  -35.259 0.6999999881
13908  -16.162  -68.370  -36.795 0.6999999881
13915  -15.901  -68.264  -37.435 0.5000000000
13936  -15.193  -68.250  -39.422 0.5000000000
13946  -14.862  -67.822  -39.706 0.5000000000
13947  -15.124  -67.663  -39.738 0.5000000000
13954  -15.014  -67.169  -40.102 0.5000000000
14798  -19.648  -67.758  -32.539 0.6000000238
14810  -18.622  -66.889  -33.222 0.6000000238
14827  -16.790  -67.433  -35.393 0.6999999881
14846  -15.985  -67.347  -37.656 0.6000000238
14854  -15.465  -67.933  -38.900 0.5000000000
14855  -15.750  -67.191  -38.724 0.5000000000
14870  -14.454  -67.179  -39.825 0.5000000000
14872  -15.305  -67.028  -40.104 0.5000000000
14873  -15.622  -66.872  -40.067 0.5000000000
14877  -14.905  -66.787  -40.175 0.5000000000
14878  -15.200  -66.803  -40.201 0.5000000000
15685  -8.796  -66.080  -28.821 0.6000000238
15732  -18.271  -66.314  -33.739 0.6000000238
15734  -19.734  -66.380  -33.541 0.5000000000
15747  -20.222  -66.191  -33.845 0.6000000238
15757  -17.052  -66.656  -35.129 0.6999999881
15798  -14.041  -66.902  -39.677 0.5000000000
15805  -14.936  -66.051  -40.705 0.5000000000
15806  -16.115  -66.171  -40.373 0.6000000238
15812  -15.161  -66.461  -40.618 0.5000000000
16532  -7.800  -65.441  -22.770 0.6000000238
16543  -7.785  -65.629  -23.186 0.6000000238
16566  -8.981  -65.169  -26.807 0.6000000238
16573  -8.798  -65.260  -27.740 0.6000000238
16577  -15.031  -65.324  -27.733 0.8000000119
16586  -8.564  -65.610  -28.875 0.6000000238
16591  -15.534  -65.467  -28.428 0.8000000119
16600  -12.361  -64.960  -29.324 0.8000000119
16601  -13.785  -65.395  -29.532 0.6999999881
16602  -14.534  -65.505  -29.896 0.6999999881
16604  -16.137  -65.399  -29.141 0.6999999881
16618  -14.702  -65.435  -30.726 0.6999999881
16628  -8.501  -65.349  -31.097 0.5000000000
16630  -14.043  -65.096  -31.361 0.6999999881
16641  -8.488  -64.962  -31.893 0.5000000000
16644  -22.321  -65.009  -32.189 0.5000000000
16655  -18.795  -65.697  -33.889 0.5000000000
16658  -23.342  -65.736  -33.426 0.4000000060
16672  -19.460  -65.233  -34.201 0.5000000000
16718  -23.457  -64.832  -38.176 0.5000000000
16728  -16.383  -65.610  -38.984 0.6000000238
16736  -16.534  -65.536  -40.126 0.6000000238
16744  -15.626  -65.463  -40.976 0.5000000000
16745  -16.538  -65.335  -40.800 0.6000000238
16750  -15.573  -66.051  -41.048 0.5000000000
17470  -7.886  -64.640  -22.371 0.5000000000
17511  -13.462  -64.671  -27.452 0.8000000119
17512  -16.507  -64.699  -27.299 0.6000000238
17524  -11.315  -64.470  -28.030 0.6999999881
17525  -12.111  -64.794  -28.478 0.8000000119
17526  -16.913  -64.923  -27.983 0.6000000238
17535  -8.505  -65.055  -29.519 0.5000000000
17536  -10.778  -64.283  -28.772 0.6999999881
17553  -12.297  -64.694  -30.345 0.6999999881
17568  -8.546  -63.965  -31.902 0.5000000000
17573  -14.704  -65.016  -32.032 0.6000000238
17575  -16.846  -64.720  -31.625 0.8000000119
17576  -17.440  -64.304  -31.285 0.6999999881
17584  -14.454  -64.662  -32.765 0.6999999881
17593  -14.137  -64.279  -33.526 0.5000000000
17595  -22.578  -64.238  -33.302 0.5000000000
17600  -10.455  -64.240  -34.595 0.6000000238
17612  -19.068  -63.978  -35.096 0.5000000000
17614  -20.837  -64.408  -35.159 0.6000000238
17627  -17.515  -64.350  -36.233 0.6999999881
17628  -18.147  -63.796  -35.938 0.6000000238
17640  -13.225  -64.293  -37.482 0.5000000000
17667  -14.753  -64.606  -39.605 0.5000000000
17669  -17.409  -64.384  -40.502 0.6000000238
17679  -16.686  -64.757  -40.867 0.6000000238
17680  -17.062  -64.676  -40.791 0.6000000238
17686  -16.131  -65.482  -40.989 0.6000000238
18406  -7.965  -63.865  -21.929 0.5000000000
18410  -7.568  -63.976  -22.637 0.6000000238
18436  -13.851  -62.923  -26.812 0.6000000238
18462  -9.152  -63.634  -28.947 0.6000000238
18464  -18.833  -64.102  -29.113 0.5000000000
18473  -8.766  -64.078  -29.468 0.6000000238
18478  -19.283  -63.803  -29.639 0.5000000000
18483  -8.813  -63.653  -30.145 0.5000000000
18495  -8.730  -63.548  -31.340 0.6000000238
18496  -9.080  -63.118  -32.119 0.6000000238
18498  -10.351  -63.117  -31.974 0.6000000238
18514  -9.387  -63.125  -32.975 0.6000000238
18516  -10.750  -63.193  -32.510 0.6000000238
18520  -17.647  -63.334  -32.617 0.6000000238
18521  -21.623  -63.155  -32.180 0.5000000000
18522  -22.126  -63.609  -32.737 0.5000000000
18529  -9.797  -63.412  -33.535 0.6000000238
18531  -10.988  -63.310  -33.601 0.6999999881
18533  -14.738  -63.899  -34.056 0.5000000000
18536  -17.150  -63.310  -33.308 0.6000000238
18545  -10.361  -63.649  -34.052 0.6000000238
18550  -15.211  -63.284  -34.595 0.6000000238
18552  -23.653  -63.019  -35.561 0.6000000238
18561  -12.247  -63.290  -35.742 0.6999999881
18586  -23.726  -63.136  -37.699 0.6000000238
18588  -24.570  -62.620  -37.818 0.6000000238
18593  -13.870  -63.919  -37.802 0.5000000000
18596  -16.488  -63.152  -39.275 0.6000000238
18598  -18.591  -62.596  -39.456 0.6000000238
18603  -15.077  -63.953  -39.197 0.5000000000
18604  -16.034  -63.711  -39.744 0.6000000238
18612  -16.538  -64.174  -40.584 0.6000000238
19350  -7.871  -62.950  -21.835 0.5000000000
19360  -7.433  -63.133  -22.647 0.6000000238
19370  -7.620  -62.620  -23.658 0.6000000238
19380  -7.874  -62.034  -24.575 0.6999999881
19381  -7.937  -62.336  -25.533 0.8000000119
19411  -11.389  -62.599  -27.365 0.6000000238
19448  -20.460  -62.634  -31.287 0.5000000000
19460  -18.160  -62.672  -32.792 0.5000000000
19462  -19.532  -62.152  -32.262 0.5000000000
19463  -20.404  -62.339  -32.174 0.5000000000
19485  -14.717  -62.689  -35.298 0.6000000238
19499  -13.356  -62.749  -36.599 0.6000000238
19504  -21.333  -62.182  -37.077 0.6000000238
19506  -24.284  -61.903  -37.394 0.6000000238
19514  -16.487  -62.082  -37.982 0.6000000238
19517  -23.300  -60.875  -37.622 0.6000000238
19519  -24.277  -62.076  -37.855 0.6000000238
19527  -17.047  -62.572  -39.015 0.6000000238
19528  -17.964  -62.367  -39.220 0.6000000238
19530  -19.318  -61.837  -38.842 0.5000000000
20267  -7.770  -60.890  -21.584 0.6000000238
20269  -8.794  -61.496  -21.879 0.5000000000
20272  -7.407  -61.357  -22.065 0.6000000238
20288  -7.839  -61.173  -24.336 0.8000000119
20298  -8.209  -60.865  -26.236 0.8000000119
20317  -8.303  -61.459  -26.770 0.6999999881
20332  -10.938  -61.641  -27.701 0.6000000238
20343  -13.313  -61.041  -28.553 0.6000000238
20367  -19.440  -61.813  -32.898 0.5000000000
20378  -17.651  -62.135  -34.061 0.6000000238
20391  -20.199  -60.832  -34.228 0.5000000000
20392  -21.017  -60.534  -34.416 0.6000000238
20393  -21.619  -60.619  -34.808 0.6000000238
20394  -22.328  -60.991  -35.331 0.6000000238
20401  -18.125  -61.054  -35.354 0.6000000238
20407  -15.508  -61.507  -36.269 0.6000000238
20412  -23.929  -61.379  -37.684 0.6000000238
20415  -16.197  -61.564  -37.100 0.6000000238
20416  -17.940  -60.917  -37.121 0.5000000000
21114  -7.919  -59.595  -22.019 0.6000000238
21115  -8.321  -60.456  -21.581 0.6000000238
21125  -7.592  -60.384  -22.808 0.6000000238
21150  -8.240  -60.237  -25.628 0.8000000119
21171  -9.102  -60.001  -26.947 0.6000000238
21196  -9.845  -60.500  -28.081 0.6000000238
21197  -10.416  -59.886  -28.614 0.6000000238
21200  -12.852  -60.475  -29.281 0.6999999881
21202  -14.438  -60.416  -29.192 0.6000000238
21212  -12.331  -59.730  -29.755 0.6000000238
21214  -14.153  -60.006  -29.949 0.6000000238
21220  -13.823  -59.427  -30.570 0.6000000238
21252  -17.798  -60.831  -36.184 0.6999999881
21256  -22.175  -59.559  -37.317 0.6000000238
21263  -22.661  -60.008  -37.922 0.6000000238
21267  -19.022  -60.919  -37.760 0.4000000060
21269  -21.115  -60.196  -38.222 0.6000000238
22009  -8.900  -59.864  -21.764 0.6000000238
22010  -9.604  -59.139  -22.143 0.6000000238
22016  -8.267  -59.173  -22.123 0.6000000238
22025  -7.680  -59.530  -22.624 0.6999999881
22039  -7.654  -59.621  -23.411 0.6999999881
22040  -7.862  -59.374  -24.205 0.6999999881
22042  -9.712  -59.184  -24.657 0.5000000000
22061  -12.076  -59.337  -25.463 0.6000000238
22094  -9.847  -59.693  -28.122 0.6000000238
22095  -10.171  -59.141  -27.736 0.6000000238
22111  -10.525  -59.194  -28.594 0.6000000238
22114  -16.764  -59.002  -28.609 0.5000000000
22122  -14.998  -59.550  -30.608 0.5000000000
22129  -13.027  -58.817  -30.506 0.6000000238
22131  -14.530  -59.086  -31.077 0.5000000000
22922  -10.795  -58.273  -22.349 0.6000000238
22938  -8.371  -58.413  -23.046 0.6999999881
22939  -9.347  -57.946  -23.521 0.6999999881
22951  -8.967  -58.634  -24.008 0.6999999881
22953  -11.526  -58.508  -24.381 0.8000000119
22973  -13.010  -59.095  -27.192 0.6000000238
22986  -10.703  -58.835  -28.160 0.6000000238
22987  -11.027  -58.801  -27.740 0.6000000238
22989  -13.524  -58.637  -27.871 0.6000000238
23001  -11.065  -58.912  -29.144 0.6000000238
23003  -13.084  -58.336  -29.122 0.5000000000
23012  -11.664  -58.792  -29.481 0.6000000238
23014  -12.986  -58.364  -30.192 0.5000000000
23023  -14.302  -58.614  -30.974 0.5000000000
23812  -19.043  -57.402  -18.951 0.4000000060
23846  -17.612  -57.553  -21.740 0.4000000060
23852  -9.023  -57.957  -22.909 0.6999999881
23854  -15.762  -57.222  -23.133 0.5000000000
23855  -16.468  -57.516  -22.877 0.4000000060
23856  -17.494  -57.595  -22.775 0.4000000060
23857  -18.369  -57.543  -22.768 0.4000000060
23870  -10.896  -56.776  -23.733 0.8000000119
23873  -18.203  -57.515  -23.528 0.4000000060
23880  -10.876  -57.536  -23.929 0.6999999881
23884  -17.894  -57.305  -24.211 0.4000000060
23895  -14.195  -57.389  -25.682 0.5000000000
23905  -14.829  -57.250  -26.219 0.5000000000
23913  -15.015  -57.845  -26.976 0.6000000238
23919  -14.828  -57.982  -27.999 0.6000000238
23929  -13.931  -58.192  -30.586 0.5000000000
23932  -16.097  -57.399  -30.747 0.5000000000
23944  -15.632  -57.914  -31.334 0.5000000000
24736  -18.101  -56.485  -17.309 0.4000000060
24750  -18.613  -56.991  -18.098 0.5000000000
24760  -17.666  -57.293  -19.420 0.4000000060
24761  -19.843  -56.841  -19.160 0.4000000060
24772  -17.342  -57.248  -20.250 0.4000000060
24781  -14.641  -56.006  -22.234 0.5000000000
24782  -15.437  -56.626  -21.813 0.5000000000
24811  -10.109  -56.637  -23.015 0.6999999881
24814  -15.263  -56.501  -23.413 0.5000000000
24816  -19.862  -57.311  -23.584 0.3000000119
24838  -13.752  -56.486  -25.356 0.6000000238
24844  -15.096  -56.411  -26.279 0.5000000000
24858  -16.878  -56.405  -29.303 0.5000000000
24867  -16.856  -56.865  -30.510 0.5000000000
24868  -17.569  -56.436  -30.144 0.5000000000
24874  -17.561  -57.007  -31.010 0.5000000000
25613  -15.052  -55.672  -16.080 0.3000000119
25634  -13.218  -55.630  -16.083 0.4000000060
25640  -20.730  -54.915  -16.947 0.4000000060
25651  -13.705  -55.573  -16.878 0.4000000060
25653  -15.335  -55.932  -17.306 0.4000000060
25686  -10.595  -54.981  -20.207 0.6000000238
25749  -18.988  -56.058  -25.206 0.3000000119
25750  -20.002  -56.237  -25.060 0.3000000119
25772  -15.449  -55.631  -26.394 0.5000000000
25781  -16.748  -55.540  -27.410 0.4000000060
25796  -19.839  -55.521  -30.106 0.4000000060
25797  -20.567  -55.540  -30.017 0.4000000060
25810  -19.484  -56.164  -30.615 0.4000000060
26564  -20.424  -54.071  -14.806 0.5000000000
26584  -14.519  -55.378  -15.476 0.4000000060
26586  -16.361  -54.876  -15.324 0.3000000119
26590  -20.607  -54.422  -15.584 0.4000000060
26612  -12.707  -54.438  -17.052 0.4000000060
26639  -14.465  -54.644  -19.493 0.5000000000
26661  -10.418  -53.718  -21.308 0.6999999881
26662  -13.836  -54.435  -21.590 0.5000000000
26679  -13.761  -53.697  -22.225 0.4000000060
26689  -12.094  -53.989  -23.274 0.6000000238
26730  -21.525  -53.946  -28.262 0.4000000060
26738  -20.360  -54.153  -29.065 0.4000000060
26746  -19.703  -54.732  -29.342 0.4000000060
26747  -20.563  -54.821  -29.680 0.4000000060
27488  -21.446  -52.780  -15.337 0.3000000119
27522  -21.217  -53.615  -16.469 0.3000000119
27558  -9.609  -53.130  -19.274 0.6999999881
27589  -13.414  -52.715  -21.329 0.5000000000
27605  -11.080  -53.380  -21.774 0.6999999881
27607  -12.744  -52.505  -22.527 0.6000000238
27609  -14.036  -52.531  -22.715 0.5000000000
27618  -13.000  -53.002  -23.166 0.5000000000
27630  -13.476  -53.210  -23.694 0.5000000000
27631  -14.119  -52.907  -24.060 0.5000000000
27632  -15.337  -52.503  -24.520 0.4000000060
27643  -15.669  -52.882  -25.240 0.5000000000
27657  -18.282  -52.465  -26.306 0.4000000060
27664  -18.550  -53.138  -26.880 0.4000000060
27674  -20.834  -53.528  -28.681 0.4000000060
28473  -11.998  -52.097  -17.739 0.5000000000
28483  -9.621  -52.802  -18.290 0.5000000000
28499  -10.025  -51.453  -19.677 0.6000000238
28501  -12.668  -51.431  -19.530 0.6000000238
28525  -11.153  -51.083  -20.850 0.6999999881
28527  -13.135  -51.877  -21.021 0.6000000238
28547  -10.861  -51.641  -21.367 0.6999999881
28548  -11.883  -51.346  -21.513 0.6999999881
28549  -12.646  -51.261  -21.146 0.6000000238
28564  -13.553  -52.406  -22.460 0.5000000000
28572  -15.218  -52.383  -23.673 0.4000000060
28573  -15.737  -52.197  -23.919 0.4000000060
28581  -15.018  -52.219  -23.928 0.4000000060
28592  -16.718  -52.430  -24.981 0.5000000000
29443  -21.655  -51.559  -14.222 0.3000000119
29478  -10.802  -51.936  -18.075 0.5000000000
29491  -12.092  -50.978  -19.382 0.6000000238
29514  -10.811  -50.904  -19.515 0.6999999881
29515  -11.544  -50.756  -19.968 0.6999999881
110601  -29.308  -81.569  -25.798 0.3000000119
110932  -11.271  -63.442  -33.096 0.6999999881
111034  -22.554  -80.502  -34.398 0.5000000000
111419  -30.576  -81.293  -35.247 0.5000000000
111590  -11.698  -63.444  -34.349 0.6999999881
111711  -33.187  -79.031  -22.048 0.4000000060
111800  -14.198  -62.160  -36.076 0.6000000238
112117  -8.926  -57.972  -23.121 0.6999999881
112718  -17.035  -61.223  -36.002 0.6000000238
112890  -8.006  -62.885  -26.150 0.6000000238
113082  -14.938  -55.707  -23.563 0.5000000000
113444  -34.845  -83.733  -25.018 0.3000000119
113681  -16.953  -53.041  -26.123 0.4000000060
113836  -11.025  -63.447  -34.094 0.6999999881
114144  -16.075  -63.704  -26.139 0.6000000238
114652  -7.389  -62.147  -22.790 0.6000000238
114874  -34.493  -84.569  -21.201 0.3000000119
115083  -18.527  -68.938  -32.198 0.6999999881
115259  -18.485  -71.957  -31.547 0.6999999881
115496  -9.381  -63.138  -31.193 0.6000000238
115703  -18.322  -67.592  -33.016 0.6000000238
115979  -20.472  -53.531  -14.149 0.3000000119
116117  -17.362  -65.791  -34.924 0.6000000238
116704  -33.170  -85.882  -19.896 0.3000000119
116747  -16.797  -65.138  -29.752 0.6000000238
116827  -24.869  -82.181  -31.413 0.5000000000
117339  -22.169  -75.604  -29.488 0.4000000060
117400  -13.423  -55.821  -25.071 0.6000000238
117816  -20.610  -63.598  -35.503 0.6000000238
118194  -14.489  -64.787  -27.307 0.8000000119
118683  -31.501  -78.782  -31.498 0.4000000060
118718  -30.057  -76.277  -26.479 0.4000000060
118857  -18.723  -75.723  -30.918 0.6999999881
118929  -29.666  -74.254  -30.665 0.3000000119
119010  -17.205  -63.020  -39.754 0.6000000238
119021  -25.671  -78.780  -30.550 0.6000000238
119175  -30.778  -83.719  -33.319 0.6999999881
119374  -11.975  -59.689  -22.368 0.5000000000
119707  -9.893  -59.281  -26.695 0.6000000238
119963  -14.254  -62.355  -35.770 0.6000000238
120013  -30.625  -77.672  -27.001 0.4000000060
120052  -10.613  -59.352  -26.254 0.6999999881
120163  -29.491  -88.567  -28.831 0.4000000060
121122  -29.289  -75.747  -33.478 0.4000000060
121169  -12.524  -63.137  -35.449 0.6999999881
121291  -18.356  -61.460  -34.376 0.5000000000
121364  -9.177  -61.979  -22.304 0.5000000000
122052  -30.851  -77.723  -25.856 0.4000000060
122143  -29.635  -74.835  -28.571 0.3000000119
122436  -10.058  -52.615  -18.023 0.5000000000
122454  -21.759  -51.227  -13.563 0.3000000119
122510  -16.946  -57.505  -23.374 0.4000000060
122790  -27.672  -83.287  -33.294 0.6000000238
123125  -17.871  -63.789  -38.769 0.6000000238
123145  -16.664  -70.871  -35.850 0.6000000238
123304  -21.975  -81.010  -35.766 0.5000000000
123823  -21.471  -60.337  -38.366 0.6000000238
123860  -9.830  -58.663  -24.157 0.6000000238
124155  -26.353  -78.833  -30.840 0.6000000238
124223  -17.633  -73.107  -33.157 0.6999999881
124238  -12.394  -63.495  -34.404 0.6999999881
124451  -35.477  -85.479  -15.209 0.3000000119
124513  -8.641  -65.288  -28.383 0.6000000238
124704  -13.885  -63.814  -34.196 0.6000000238
125260  -12.336  -58.875  -24.838 0.6000000238
125438  -26.308  -84.699  -32.611 0.6000000238
125522  -18.507  -55.536  -15.836 0.5000000000
126349  -8.323  -59.744  -21.769 0.6000000238
126450  -16.287  -57.808  -31.291 0.5000000000
126780  -23.640  -78.829  -29.905 0.6000000238
127132  -33.422  -81.120  -25.162 0.3000000119
128043  -18.432  -64.037  -35.354 0.5000000000
128120  -9.385  -61.236  -27.731 0.6000000238
128386  -14.923  -60.241  -29.133 0.5000000000
128768  -16.958  -55.696  -24.795 0.5000000000
128773  -11.571  -56.451  -24.017 0.8000000119
128988  -12.694  -63.300  -27.063 0.8000000119
128995  -23.085  -61.468  -35.887 0.6000000238
129084  -29.293  -84.839  -28.936 0.3000000119
129195  -8.502  -62.017  -27.228 0.6999999881
129196  -18.249  -54.497  -27.775 0.4000000060
129241  -16.204  -66.429  -37.407 0.6999999881
129633  -25.946  -79.028  -22.475 0.3000000119
129695  -21.767  -59.501  -36.456 0.6000000238
129739  -35.577  -85.052  -18.557 0.4000000060
129875  -14.474  -57.847  -29.050 0.6000000238
129880  -16.451  -53.276  -24.347 0.4000000060
130151  -14.420  -62.445  -37.148 0.6000000238
130269  -18.317  -61.361  -37.913 0.6000000238
130311  -21.532  -80.992  -36.350 0.5000000000
130443  -31.345  -79.694  -29.251 0.6000000238
130590  -11.493  -54.719  -23.188 0.6999999881
130645  -19.174  -60.275  -37.073 0.6000000238
130650  -17.356  -71.645  -34.257 0.6999999881
130772  -13.126  -65.312  -29.152 0.6999999881
130777  -24.401  -81.606  -31.757 0.5000000000
130861  -18.344  -57.480  -19.353 0.4000000060
131107  -29.976  -83.478  -33.386 0.6999999881
131188  -34.600  -83.777  -23.344 0.3000000119
131597  -16.180  -71.769  -36.917 0.5000000000
131644  -13.597  -62.434  -36.183 0.6000000238
131745  -18.206  -64.042  -29.695 0.5000000000
132233  -19.126  -78.202  -30.107 0.6999999881
132391  -22.452  -61.717  -34.897 0.6000000238
132907  -8.238  -59.669  -25.009 0.6999999881
132938  -21.252  -71.177  -31.196 0.5000000000
132957  -32.797  -80.933  -34.739 0.5000000000
133080  -16.993  -74.430  -34.669 0.5000000000
133142  -17.231  -64.773  -30.147 0.8000000119
133297  -29.538  -75.955  -32.169 0.5000000000
133308  -32.640  -80.737  -32.935 0.5000000000
133398  -13.236  -58.980  -26.329 0.5000000000
133560  -8.954  -63.415  -30.731 0.6000000238
133606  -9.852  -60.543  -22.348 0.5000000000
134155  -28.666  -86.854  -32.745 0.5000000000
134165  -16.795  -61.718  -37.748 0.6000000238
134338  -36.596  -83.378  -17.308 0.3000000119
134437  -32.227  -84.725  -19.916 0.3000000119
134459  -9.389  -62.607  -27.843 0.6000000238
