#!ascii label  , from subject sub-v1s20x0050283_ses-1 vox2ras=TkReg
891
35340  32.610  -15.923  54.267 0.0000000000
45484  47.765  -3.582  40.010 0.0000000000
40193  37.988  -10.962  46.848 0.0000000000
30819  14.963  -21.613  64.305 0.0000000000
36124  25.716  -15.566  57.678 0.0000000000
43892  39.321  -5.615  45.610 0.0000000000
32710  20.392  -19.760  60.652 0.0000000000
28922  18.544  -24.076  63.261 0.0000000000
32717  23.018  -19.836  58.732 0.0000000000
93158  51.191  -5.174  39.333 0.0000000000
36897  36.064  -14.171  55.733 0.0000000000
87380  36.641  -12.643  53.528 0.0000000000
76119  36.579  -16.844  54.684 0.0000000000
47013  52.825  -1.444  38.043 0.0000000000
44761  55.312  -4.079  36.545 0.0000000000
46970  44.915  -1.732  41.896 0.0000000000
43079  45.888  -6.415  43.155 0.0000000000
43082  42.372  -5.985  43.770 0.0000000000
40902  41.843  -9.773  46.523 0.0000000000
31810  30.662  -20.038  57.996 0.0000000000
84888  13.783  -22.821  67.626 0.0000000000
27927  10.862  -24.153  67.718 0.0000000000
28799  9.086  -23.686  71.077 0.0000000000
36157  29.446  -15.406  54.940 0.0000000000
82289  26.848  -20.539  57.711 0.0000000000
40866  34.847  -9.213  50.439 0.0000000000
38597  39.461  -12.505  51.255 0.0000000000
46263  59.877  -2.809  35.347 0.0000000000
44740  49.288  -4.352  39.329 0.0000000000
43106  48.304  -5.896  41.041 0.0000000000
36906  34.977  -15.028  55.248 0.0000000000
36916  35.467  -14.582  53.971 0.0000000000
34468  34.091  -16.917  54.524 0.0000000000
46993  48.997  -1.830  39.917 0.0000000000
47706  51.826  -0.954  39.966 0.0000000000
46235  49.703  -2.617  39.007 0.0000000000
45491  51.584  -3.244  37.667 0.0000000000
24430  8.481  -28.495  71.507 0.0000000000
45468  42.706  -3.841  42.675 0.0000000000
87271  41.694  -3.067  43.870 0.0000000000
42318  38.058  -7.649  45.608 0.0000000000
42316  39.913  -7.709  45.006 0.0000000000
40904  40.003  -9.793  46.152 0.0000000000
39421  40.473  -11.094  48.516 0.0000000000
29967  16.064  -22.606  63.368 0.0000000000
28891  17.835  -23.365  65.501 0.0000000000
28893  15.344  -23.355  64.995 0.0000000000
29882  15.076  -22.879  67.401 0.0000000000
29927  13.663  -22.174  65.545 0.0000000000
30780  11.107  -21.579  67.155 0.0000000000
28811  9.370  -23.702  69.335 0.0000000000
36133  28.158  -15.615  56.114 0.0000000000
81754  27.823  -17.541  55.110 0.0000000000
34461  25.300  -16.589  55.697 0.0000000000
29997  22.994  -22.252  60.796 0.0000000000
85953  25.256  -21.033  61.078 0.0000000000
36180  38.392  -15.926  52.141 0.0000000000
81771  37.799  -13.200  51.447 0.0000000000
45450  41.476  -3.510  46.355 0.0000000000
43862  38.653  -6.246  47.974 0.0000000000
42292  36.577  -7.892  47.418 0.0000000000
29991  21.554  -23.138  61.055 0.0000000000
81995  21.037  -23.825  62.777 0.0000000000
30875  19.130  -21.821  61.550 0.0000000000
31734  18.035  -20.707  62.307 0.0000000000
32691  16.622  -19.844  63.742 0.0000000000
34450  23.942  -16.766  57.136 0.0000000000
93476  22.710  -17.271  59.422 0.0000000000
31779  21.780  -20.079  59.488 0.0000000000
38544  34.660  -12.438  56.304 0.0000000000
39354  33.747  -11.922  54.160 0.0000000000
37729  36.046  -13.486  54.480 0.0000000000
83070  36.473  -15.256  52.504 0.0000000000
93893  56.555  -2.141  37.053 0.0000000000
46242  53.811  -2.125  37.126 0.0000000000
44750  53.486  -4.557  37.841 0.0000000000
82407  46.035  -2.703  40.559 0.0000000000
43953  46.733  -5.426  41.415 0.0000000000
44729  44.538  -4.335  41.692 0.0000000000
85115  43.674  -6.112  43.461 0.0000000000
42313  43.455  -7.534  45.279 0.0000000000
43905  40.491  -5.548  44.722 0.0000000000
83446  41.772  -8.117  45.279 0.0000000000
33638  31.255  -18.448  55.361 0.0000000000
33627  33.435  -18.116  56.315 0.0000000000
46967  47.667  -1.560  42.221 0.0000000000
94282  14.195  -20.111  65.658 0.0000000000
29907  12.190  -22.117  66.201 0.0000000000
28849  12.386  -23.650  67.261 0.0000000000
27073  12.054  -25.289  69.262 0.0000000000
26236  10.603  -26.337  69.930 0.0000000000
26251  8.854  -26.504  70.152 0.0000000000
27049  7.409  -25.732  71.281 0.0000000000
27862  6.169  -24.868  73.564 0.0000000000
35342  30.896  -15.904  54.035 0.0000000000
33640  29.382  -18.389  55.203 0.0000000000
31812  28.462  -20.159  57.386 0.0000000000
32741  24.606  -19.881  57.299 0.0000000000
40179  35.909  -10.493  48.436 0.0000000000
40134  35.286  -11.459  51.703 0.0000000000
39392  36.820  -12.400  50.339 0.0000000000
80435  37.647  -12.161  48.603 0.0000000000
34448  35.643  -17.866  56.933 0.0000000000
45522  60.987  -3.616  34.169 0.0000000000
45493  57.025  -3.200  36.027 0.0000000000
79764  58.629  -5.096  34.626 0.0000000000
44741  48.518  -4.031  39.663 0.0000000000
43966  49.371  -5.460  40.371 0.0000000000
43967  47.966  -4.667  40.410 0.0000000000
36165  33.058  -15.698  54.470 0.0000000000
36164  34.106  -15.649  54.348 0.0000000000
34479  33.603  -16.410  54.259 0.0000000000
46231  48.532  -2.463  39.707 0.0000000000
95209  49.209  -2.340  39.447 0.0000000000
46236  49.066  -2.921  39.245 0.0000000000
44747  49.715  -4.032  38.777 0.0000000000
24445  7.491  -28.181  71.137 0.0000000000
46198  42.117  -2.179  44.242 0.0000000000
46192  42.677  -2.360  45.325 0.0000000000
93756  37.540  -9.093  45.920 0.0000000000
40915  38.909  -8.925  45.572 0.0000000000
40199  38.623  -10.420  46.483 0.0000000000
82848  39.823  -10.651  47.242 0.0000000000
40192  38.999  -10.874  47.181 0.0000000000
30835  15.635  -21.673  63.788 0.0000000000
28926  15.750  -23.341  63.719 0.0000000000
28894  14.869  -22.950  64.651 0.0000000000
29925  14.780  -22.984  65.477 0.0000000000
29951  14.110  -21.975  65.097 0.0000000000
83156  26.558  -15.427  56.491 0.0000000000
35329  25.756  -15.835  55.544 0.0000000000
36149  25.190  -15.430  56.005 0.0000000000
29979  23.308  -22.559  62.270 0.0000000000
40836  32.362  -10.071  54.457 0.0000000000
36933  39.538  -14.490  52.300 0.0000000000
89510  37.409  -7.079  47.443 0.0000000000
43023  37.555  -7.103  48.347 0.0000000000
30891  20.674  -21.546  60.674 0.0000000000
29992  20.657  -22.590  60.987 0.0000000000
31745  20.070  -20.643  60.978 0.0000000000
32698  18.263  -19.828  62.577 0.0000000000
95732  17.817  -19.773  63.021 0.0000000000
32690  17.379  -19.805  63.367 0.0000000000
35314  23.787  -16.264  58.935 0.0000000000
33580  20.947  -18.357  60.871 0.0000000000
88329  21.212  -18.736  60.054 0.0000000000
32709  21.049  -19.729  59.964 0.0000000000
30890  21.357  -21.301  60.242 0.0000000000
38553  35.341  -12.858  55.738 0.0000000000
37720  36.053  -13.781  55.403 0.0000000000
35337  35.308  -16.067  53.878 0.0000000000
36183  35.820  -15.065  52.845 0.0000000000
35347  36.385  -16.271  53.139 0.0000000000
92137  37.245  -16.573  53.157 0.0000000000
76097  37.465  -16.853  54.686 0.0000000000
46990  52.080  -1.186  39.202 0.0000000000
47011  54.434  -1.555  37.530 0.0000000000
46243  52.784  -2.181  37.351 0.0000000000
44745  51.236  -4.398  38.277 0.0000000000
44752  51.773  -3.909  37.714 0.0000000000
43994  52.518  -4.984  38.895 0.0000000000
46223  45.497  -2.462  40.860 0.0000000000
45471  45.109  -3.773  41.149 0.0000000000
92240  44.544  -3.478  41.427 0.0000000000
43923  42.296  -5.192  43.346 0.0000000000
43938  43.593  -5.238  42.603 0.0000000000
43081  43.110  -6.183  43.721 0.0000000000
43065  43.744  -6.489  44.251 0.0000000000
43066  42.835  -6.542  44.253 0.0000000000
44694  40.335  -4.519  46.489 0.0000000000
44698  40.863  -4.220  45.140 0.0000000000
43891  40.002  -5.221  45.312 0.0000000000
40913  40.583  -9.260  45.766 0.0000000000
42315  40.853  -7.930  45.048 0.0000000000
41598  41.973  -8.755  45.771 0.0000000000
95963  42.483  -8.304  45.590 0.0000000000
33629  31.269  -18.953  56.380 0.0000000000
32752  31.780  -19.177  57.203 0.0000000000
46209  46.277  -2.057  42.815 0.0000000000
84433  46.087  -1.665  41.668 0.0000000000
46977  46.421  -1.715  41.234 0.0000000000
88186  19.168  -24.010  62.813 0.0000000000
28907  18.883  -23.852  64.266 0.0000000000
29865  14.379  -22.757  68.031 0.0000000000
29852  14.509  -23.038  69.064 0.0000000000
29866  13.915  -22.730  68.605 0.0000000000
28809  13.728  -22.991  69.013 0.0000000000
32648  13.815  -19.672  66.697 0.0000000000
30805  12.965  -21.015  65.669 0.0000000000
31701  12.028  -20.539  66.364 0.0000000000
28851  10.546  -23.186  67.648 0.0000000000
29885  10.982  -22.556  67.109 0.0000000000
28850  11.341  -23.529  67.242 0.0000000000
27091  11.990  -25.022  68.374 0.0000000000
27913  11.249  -24.962  68.148 0.0000000000
27074  11.413  -25.849  69.774 0.0000000000
27093  10.647  -25.308  68.629 0.0000000000
28812  9.121  -23.918  70.077 0.0000000000
27899  9.215  -24.454  69.548 0.0000000000
27900  8.696  -24.563  70.461 0.0000000000
27061  8.369  -25.341  70.388 0.0000000000
27869  8.437  -24.086  71.561 0.0000000000
36131  30.883  -15.738  56.450 0.0000000000
36144  31.469  -15.496  55.641 0.0000000000
36168  30.540  -15.585  54.333 0.0000000000
34483  30.374  -16.687  54.125 0.0000000000
34484  29.430  -16.490  54.159 0.0000000000
32757  26.767  -19.099  56.241 0.0000000000
33631  28.257  -19.184  55.901 0.0000000000
31813  27.646  -20.361  57.528 0.0000000000
33609  23.228  -18.475  58.010 0.0000000000
32742  23.962  -18.922  57.450 0.0000000000
31796  23.787  -20.182  58.475 0.0000000000
30886  25.786  -21.021  60.579 0.0000000000
88268  45.808  -6.130  42.435 0.0000000000
81985  47.224  -6.457  42.029 0.0000000000
43078  46.676  -6.447  43.432 0.0000000000
41558  35.202  -8.499  49.888 0.0000000000
41564  35.393  -8.701  49.029 0.0000000000
83458  35.349  -10.168  49.264 0.0000000000
38574  36.166  -12.323  53.986 0.0000000000
39363  34.514  -11.615  53.403 0.0000000000
39361  36.461  -12.196  53.380 0.0000000000
38580  38.807  -13.073  51.515 0.0000000000
38591  37.149  -12.648  51.091 0.0000000000
38599  37.534  -12.596  50.435 0.0000000000
39406  37.358  -12.477  49.531 0.0000000000
38598  38.196  -12.536  50.147 0.0000000000
39404  39.614  -11.737  49.756 0.0000000000
33626  34.226  -17.845  56.469 0.0000000000
46278  60.471  -3.211  34.631 0.0000000000
46255  55.752  -2.853  36.450 0.0000000000
46254  56.514  -2.647  36.502 0.0000000000
45494  56.156  -3.295  36.151 0.0000000000
44783  57.173  -5.163  35.254 0.0000000000
89862  58.016  -5.972  34.677 0.0000000000
33581  20.239  -18.852  61.236 0.0000000000
32704  19.892  -19.670  61.193 0.0000000000
43983  50.481  -5.089  39.530 0.0000000000
43982  51.107  -5.356  40.110 0.0000000000
84150  50.230  -5.403  40.286 0.0000000000
36905  35.539  -14.485  54.925 0.0000000000
36904  35.917  -14.019  54.712 0.0000000000
36917  34.949  -15.071  54.412 0.0000000000
36163  35.172  -15.371  53.850 0.0000000000
34467  35.014  -16.741  54.632 0.0000000000
47691  50.736  -0.843  40.992 0.0000000000
46992  49.719  -1.379  40.232 0.0000000000
46229  50.694  -1.831  39.133 0.0000000000
46234  50.895  -2.291  38.566 0.0000000000
46244  51.890  -2.584  37.692 0.0000000000
45486  50.353  -2.936  38.492 0.0000000000
44746  50.426  -4.250  38.499 0.0000000000
24429  9.109  -28.146  71.909 0.0000000000
46210  44.091  -1.687  42.315 0.0000000000
46211  43.729  -2.433  41.879 0.0000000000
45464  42.471  -2.744  42.738 0.0000000000
45465  42.118  -3.422  43.209 0.0000000000
44716  41.705  -4.615  43.751 0.0000000000
43054  38.323  -6.823  45.645 0.0000000000
43053  39.067  -6.447  45.249 0.0000000000
42317  38.955  -7.452  45.216 0.0000000000
40914  39.674  -9.122  45.648 0.0000000000
40903  40.948  -9.836  46.360 0.0000000000
40191  41.395  -10.352  47.175 0.0000000000
39420  41.487  -10.892  48.166 0.0000000000
31771  30.275  -20.812  59.372 0.0000000000
28924  17.000  -23.787  62.887 0.0000000000
28908  17.876  -24.122  63.841 0.0000000000
94483  17.010  -24.027  63.543 0.0000000000
93512  16.427  -23.707  64.795 0.0000000000
28871  16.443  -22.992  66.319 0.0000000000
29904  14.883  -22.889  66.458 0.0000000000
29884  13.480  -22.823  66.676 0.0000000000
31702  11.518  -20.659  66.918 0.0000000000
30773  11.038  -21.599  68.276 0.0000000000
29868  10.099  -22.928  68.417 0.0000000000
28828  10.046  -23.768  68.097 0.0000000000
29854  10.109  -22.492  69.176 0.0000000000
30766  9.915  -22.418  69.983 0.0000000000
29841  9.651  -22.268  70.969 0.0000000000
36158  28.564  -15.518  55.022 0.0000000000
34485  28.026  -16.510  54.625 0.0000000000
35332  27.517  -16.025  54.805 0.0000000000
33643  26.283  -16.580  55.322 0.0000000000
32758  25.755  -18.927  56.484 0.0000000000
30904  23.067  -20.909  59.828 0.0000000000
30903  24.039  -20.625  60.069 0.0000000000
30887  24.429  -21.055  60.819 0.0000000000
43063  45.517  -6.542  44.493 0.0000000000
40857  33.566  -9.825  51.778 0.0000000000
37749  37.467  -13.882  51.852 0.0000000000
38582  36.755  -12.530  52.848 0.0000000000
86608  38.555  -14.232  51.890 0.0000000000
37748  39.184  -13.597  51.928 0.0000000000
47019  59.322  -1.696  36.919 0.0000000000
25348  5.976  -27.322  71.932 0.0000000000
45444  41.003  -4.104  46.873 0.0000000000
44690  39.839  -5.090  46.984 0.0000000000
43871  38.640  -6.056  46.917 0.0000000000
43043  38.072  -6.529  46.358 0.0000000000
42304  37.047  -7.618  46.664 0.0000000000
40907  37.030  -9.352  46.406 0.0000000000
28932  22.099  -23.252  61.778 0.0000000000
28920  21.568  -23.423  63.385 0.0000000000
28933  21.284  -23.640  61.907 0.0000000000
96076  20.087  -23.596  61.692 0.0000000000
29981  18.811  -22.836  61.805 0.0000000000
32705  19.413  -20.064  61.519 0.0000000000
30855  18.220  -21.770  62.032 0.0000000000
91708  18.018  -22.886  62.057 0.0000000000
30856  16.810  -21.902  62.930 0.0000000000
30834  16.302  -21.508  63.398 0.0000000000
32692  15.946  -19.984  64.193 0.0000000000
36137  24.374  -15.676  57.186 0.0000000000
36126  23.957  -15.829  58.079 0.0000000000
85105  23.115  -17.633  58.102 0.0000000000
33610  22.720  -18.107  58.526 0.0000000000
85319  22.193  -17.545  59.886 0.0000000000
33596  22.165  -18.643  58.943 0.0000000000
32718  22.262  -19.508  59.001 0.0000000000
30905  22.070  -20.995  59.813 0.0000000000
29998  22.185  -22.454  60.598 0.0000000000
39342  33.336  -11.641  56.310 0.0000000000
38556  32.795  -11.832  55.146 0.0000000000
38554  34.179  -12.604  55.772 0.0000000000
38564  35.662  -12.688  54.802 0.0000000000
87731  36.543  -13.267  53.515 0.0000000000
36915  35.918  -14.073  53.634 0.0000000000
36924  36.184  -14.336  52.772 0.0000000000
91457  36.685  -13.709  52.445 0.0000000000
36181  37.374  -15.618  52.231 0.0000000000
79211  38.766  -16.706  52.657 0.0000000000
47010  55.345  -1.674  37.516 0.0000000000
46241  54.749  -2.179  37.076 0.0000000000
45496  54.702  -3.442  36.737 0.0000000000
45490  52.361  -3.245  37.184 0.0000000000
45498  53.110  -3.625  36.989 0.0000000000
45476  47.101  -3.195  40.215 0.0000000000
44733  47.040  -4.696  40.866 0.0000000000
95528  46.502  -4.124  40.675 0.0000000000
43954  45.796  -5.437  41.757 0.0000000000
43936  44.990  -5.724  42.288 0.0000000000
44722  43.599  -4.342  42.264 0.0000000000
43937  44.287  -5.175  42.196 0.0000000000
43088  45.085  -6.150  43.007 0.0000000000
43064  44.700  -6.573  44.421 0.0000000000
42312  44.801  -7.448  45.602 0.0000000000
45455  41.252  -3.427  45.400 0.0000000000
43904  41.089  -4.909  44.430 0.0000000000
94834  41.690  -6.103  44.147 0.0000000000
43068  39.738  -6.886  44.791 0.0000000000
87931  41.226  -6.589  44.414 0.0000000000
82626  42.008  -6.586  44.292 0.0000000000
42314  42.607  -7.650  45.119 0.0000000000
34471  31.742  -17.600  54.639 0.0000000000
34460  33.037  -17.850  55.406 0.0000000000
33637  32.188  -18.183  55.521 0.0000000000
32736  33.012  -18.977  57.704 0.0000000000
85826  47.908  -1.512  41.279 0.0000000000
46984  47.098  -1.991  40.704 0.0000000000
95939  15.370  -20.150  64.543 0.0000000000
32664  14.777  -19.611  65.740 0.0000000000
31707  14.247  -20.657  65.203 0.0000000000
30804  13.660  -21.350  65.362 0.0000000000
29928  12.956  -21.715  65.775 0.0000000000
28873  12.641  -22.889  66.635 0.0000000000
30791  11.605  -21.334  66.391 0.0000000000
28874  11.754  -22.866  66.712 0.0000000000
28848  13.122  -23.222  67.149 0.0000000000
28827  12.594  -24.332  68.131 0.0000000000
27883  12.670  -24.583  69.914 0.0000000000
25356  10.462  -26.827  70.632 0.0000000000
27094  10.015  -25.034  68.675 0.0000000000
26249  10.007  -26.222  69.557 0.0000000000
25357  9.659  -27.346  70.746 0.0000000000
25358  8.748  -27.538  70.583 0.0000000000
25359  7.910  -27.490  70.662 0.0000000000
25360  7.048  -27.536  71.176 0.0000000000
27870  7.772  -24.344  72.293 0.0000000000
27039  7.234  -25.271  72.059 0.0000000000
26225  6.733  -26.143  71.848 0.0000000000
87662  32.756  -15.435  54.875 0.0000000000
36154  31.894  -15.381  54.872 0.0000000000
35341  31.786  -15.948  54.236 0.0000000000
34482  31.306  -16.709  54.195 0.0000000000
33639  30.313  -18.423  55.168 0.0000000000
32772  29.888  -19.038  55.786 0.0000000000
33641  28.465  -18.435  55.383 0.0000000000
32773  29.017  -19.140  55.828 0.0000000000
95446  29.808  -20.060  57.811 0.0000000000
34462  24.550  -16.673  56.366 0.0000000000
33620  24.810  -18.928  56.827 0.0000000000
31793  26.085  -20.709  58.060 0.0000000000
31776  24.508  -20.478  59.201 0.0000000000
31774  26.111  -20.789  59.007 0.0000000000
31773  26.837  -20.805  58.589 0.0000000000
43968  47.602  -5.485  41.098 0.0000000000
88656  36.116  -7.715  48.904 0.0000000000
41574  36.125  -8.607  47.761 0.0000000000
40178  36.511  -10.384  47.592 0.0000000000
39365  32.604  -10.951  53.318 0.0000000000
40136  33.368  -10.697  52.033 0.0000000000
92404  34.864  -10.855  51.275 0.0000000000
39371  36.660  -12.548  51.838 0.0000000000
39384  35.969  -11.988  51.405 0.0000000000
40163  35.404  -10.635  50.019 0.0000000000
40162  35.804  -11.041  49.284 0.0000000000
39424  37.052  -11.769  48.105 0.0000000000
39445  37.938  -11.617  47.738 0.0000000000
39422  39.521  -11.495  48.748 0.0000000000
34459  33.813  -17.582  55.478 0.0000000000
34458  34.596  -17.368  55.611 0.0000000000
34457  35.394  -17.342  55.909 0.0000000000
34447  36.590  -17.855  57.107 0.0000000000
82047  36.802  -17.114  55.601 0.0000000000
45521  61.703  -3.339  33.996 0.0000000000
46253  57.509  -2.537  36.498 0.0000000000
46264  58.882  -2.819  35.675 0.0000000000
44774  56.685  -4.850  35.717 0.0000000000
45525  57.952  -4.441  34.922 0.0000000000
45506  59.126  -3.445  35.002 0.0000000000
45523  59.324  -4.212  34.519 0.0000000000
44040  60.596  -4.923  34.193 0.0000000000
35339  33.368  -15.941  54.156 0.0000000000
34480  32.960  -16.488  54.336 0.0000000000
45483  48.389  -3.171  39.573 0.0000000000
45488  49.094  -3.635  39.211 0.0000000000
23584  7.023  -28.848  71.640 0.0000000000
40906  37.875  -9.934  46.184 0.0000000000
29949  15.171  -22.690  63.974 0.0000000000
29950  14.583  -22.280  64.630 0.0000000000
36123  26.618  -15.589  57.397 0.0000000000
36148  26.053  -15.444  55.848 0.0000000000
36135  25.824  -15.380  56.675 0.0000000000
88816  23.177  -22.591  63.032 0.0000000000
40106  32.680  -10.417  55.355 0.0000000000
31760  20.784  -20.606  60.364 0.0000000000
33587  20.709  -19.061  60.507 0.0000000000
37716  35.920  -13.455  55.854 0.0000000000
34478  35.755  -16.628  54.351 0.0000000000
35336  36.038  -16.402  53.765 0.0000000000
35335  36.873  -16.662  53.886 0.0000000000
85373  52.289  -1.431  38.553 0.0000000000
47001  52.926  -0.900  38.806 0.0000000000
47012  53.566  -1.520  37.658 0.0000000000
43995  51.629  -4.941  38.806 0.0000000000
25337  10.099  -27.270  72.083 0.0000000000
46215  44.896  -2.256  41.339 0.0000000000
45472  44.914  -2.957  41.040 0.0000000000
46216  44.346  -2.746  41.486 0.0000000000
43922  43.120  -5.668  43.149 0.0000000000
44695  39.766  -5.011  46.069 0.0000000000
40912  41.454  -9.316  45.951 0.0000000000
41599  41.141  -8.669  45.508 0.0000000000
40911  42.158  -9.264  46.170 0.0000000000
80929  30.956  -19.449  57.226 0.0000000000
46969  45.741  -1.700  42.066 0.0000000000
46978  45.623  -1.835  41.318 0.0000000000
94021  19.310  -23.975  63.504 0.0000000000
28826  13.365  -23.400  68.069 0.0000000000
32649  12.754  -19.972  66.632 0.0000000000
27914  10.380  -24.638  68.229 0.0000000000
36145  30.105  -15.545  55.686 0.0000000000
36156  30.263  -15.401  54.841 0.0000000000
36169  29.706  -15.578  54.387 0.0000000000
35344  29.164  -15.850  54.209 0.0000000000
31828  27.005  -20.118  56.808 0.0000000000
92515  27.449  -20.613  58.228 0.0000000000
32726  23.420  -19.440  58.103 0.0000000000
43087  46.586  -6.456  42.574 0.0000000000
95491  34.714  -9.005  51.037 0.0000000000
41552  35.086  -8.389  50.992 0.0000000000
40873  35.138  -9.309  49.511 0.0000000000
82301  35.123  -9.876  50.003 0.0000000000
38590  38.169  -12.726  51.065 0.0000000000
95274  38.891  -12.339  50.669 0.0000000000
46250  60.564  -2.229  36.095 0.0000000000
87149  60.912  -2.619  35.344 0.0000000000
45495  55.463  -3.371  36.435 0.0000000000
45510  55.908  -3.820  36.180 0.0000000000
33568  20.740  -18.111  61.826 0.0000000000
33569  20.078  -18.450  62.249 0.0000000000
34394  20.591  -17.961  62.801 0.0000000000
44739  50.000  -4.636  38.987 0.0000000000
43984  49.688  -4.941  39.742 0.0000000000
86918  48.623  -5.452  40.553 0.0000000000
43105  49.000  -6.047  40.887 0.0000000000
35338  34.318  -16.059  54.090 0.0000000000
46974  48.931  -1.273  40.966 0.0000000000
46230  49.831  -1.920  39.439 0.0000000000
86807  50.273  -2.306  38.890 0.0000000000
24415  8.499  -28.715  72.197 0.0000000000
46207  43.906  -1.665  43.506 0.0000000000
87358  43.131  -1.998  42.479 0.0000000000
46208  42.626  -1.811  43.405 0.0000000000
96784  42.021  -2.555  43.403 0.0000000000
45466  41.804  -3.876  43.633 0.0000000000
40905  38.940  -9.710  45.956 0.0000000000
40197  40.363  -10.285  46.867 0.0000000000
39443  39.710  -11.040  47.875 0.0000000000
85375  40.555  -10.764  47.634 0.0000000000
39402  41.235  -11.096  49.124 0.0000000000
46963  45.116  -1.808  42.917 0.0000000000
29983  16.810  -23.010  62.792 0.0000000000
28925  16.400  -23.571  63.314 0.0000000000
85267  15.845  -23.635  64.642 0.0000000000
28892  16.071  -23.442  65.376 0.0000000000
29903  15.806  -22.849  66.886 0.0000000000
28872  15.524  -23.131  65.916 0.0000000000
29926  14.358  -22.518  65.232 0.0000000000
29905  14.039  -22.689  66.023 0.0000000000
29867  10.709  -22.365  67.829 0.0000000000
30774  10.558  -22.157  68.754 0.0000000000
35322  28.313  -16.186  57.524 0.0000000000
36146  29.242  -15.552  55.844 0.0000000000
36159  27.479  -15.719  55.120 0.0000000000
33633  26.166  -17.854  55.945 0.0000000000
30888  23.514  -21.386  60.502 0.0000000000
88755  33.232  -9.184  52.209 0.0000000000
36934  37.918  -14.916  51.933 0.0000000000
83448  38.796  -15.082  52.083 0.0000000000
25349  5.036  -27.094  72.406 0.0000000000
44689  40.485  -4.642  47.417 0.0000000000
43870  39.278  -5.643  47.474 0.0000000000
43033  38.032  -6.548  47.210 0.0000000000
96577  36.934  -7.481  47.342 0.0000000000
41591  37.135  -8.464  46.157 0.0000000000
41582  36.601  -8.517  46.859 0.0000000000
28919  21.835  -23.382  62.634 0.0000000000
30874  19.944  -21.767  61.140 0.0000000000
29993  19.782  -22.923  61.408 0.0000000000
28946  19.498  -23.779  62.020 0.0000000000
32696  19.606  -19.147  61.793 0.0000000000
32697  18.981  -19.473  62.172 0.0000000000
31733  18.765  -20.640  61.889 0.0000000000
29982  17.442  -22.373  62.405 0.0000000000
88338  17.504  -21.261  62.606 0.0000000000
31724  16.922  -20.703  63.246 0.0000000000
31725  16.139  -20.682  63.743 0.0000000000
36125  24.722  -15.635  57.851 0.0000000000
35313  24.519  -16.057  58.784 0.0000000000
34430  23.217  -16.738  59.341 0.0000000000
35315  23.535  -16.443  58.377 0.0000000000
34441  23.002  -17.227  58.674 0.0000000000
32719  21.647  -19.186  59.426 0.0000000000
33597  21.816  -18.313  59.592 0.0000000000
31778  22.592  -20.293  59.314 0.0000000000
29999  21.376  -22.191  60.583 0.0000000000
89348  21.916  -21.777  60.252 0.0000000000
29990  22.490  -22.872  61.155 0.0000000000
39341  34.171  -11.883  56.608 0.0000000000
38545  33.643  -12.258  56.177 0.0000000000
38552  35.894  -13.282  55.109 0.0000000000
38563  36.285  -12.908  54.243 0.0000000000
36925  35.556  -14.860  53.312 0.0000000000
96398  35.771  -14.607  53.052 0.0000000000
36935  36.905  -14.598  52.141 0.0000000000
35351  36.872  -16.069  52.666 0.0000000000
96179  37.579  -16.725  53.863 0.0000000000
76136  38.066  -16.726  53.275 0.0000000000
47689  52.413  -0.782  40.493 0.0000000000
46998  55.964  -1.293  38.178 0.0000000000
46999  55.037  -1.119  38.126 0.0000000000
46257  54.225  -2.779  36.845 0.0000000000
44751  52.701  -4.161  37.485 0.0000000000
44763  53.592  -4.104  37.208 0.0000000000
46222  46.717  -2.635  40.423 0.0000000000
45477  46.381  -3.359  40.451 0.0000000000
44728  45.388  -4.598  41.354 0.0000000000
43955  44.959  -5.128  41.780 0.0000000000
45467  43.208  -3.159  42.233 0.0000000000
44730  43.969  -3.452  41.812 0.0000000000
43921  44.139  -5.852  42.834 0.0000000000
43080  44.427  -6.248  43.632 0.0000000000
42329  44.154  -7.079  45.058 0.0000000000
45454  42.075  -3.036  45.842 0.0000000000
85255  40.540  -4.866  45.040 0.0000000000
80825  41.119  -5.872  44.328 0.0000000000
42333  40.576  -7.153  44.650 0.0000000000
42332  41.618  -7.326  44.701 0.0000000000
42331  42.464  -7.028  44.620 0.0000000000
95172  31.711  -18.588  55.964 0.0000000000
85893  32.318  -19.409  57.784 0.0000000000
32751  32.435  -18.913  57.278 0.0000000000
46975  48.558  -0.967  42.026 0.0000000000
46985  46.180  -2.167  40.770 0.0000000000
46221  47.642  -2.664  40.091 0.0000000000
85792  21.650  -23.224  64.080 0.0000000000
82209  20.848  -23.586  63.847 0.0000000000
83261  18.109  -23.766  64.693 0.0000000000
83377  15.219  -23.264  68.212 0.0000000000
32680  15.702  -19.687  64.710 0.0000000000
85463  14.203  -19.776  66.137 0.0000000000
32647  14.706  -19.254  66.534 0.0000000000
32681  14.910  -19.975  65.045 0.0000000000
31708  13.490  -20.554  65.662 0.0000000000
30790  12.296  -21.182  65.911 0.0000000000
29906  13.128  -22.434  66.089 0.0000000000
29908  11.424  -22.075  66.629 0.0000000000
27898  12.502  -24.695  68.910 0.0000000000
93664  10.674  -25.815  69.240 0.0000000000
26235  11.168  -26.363  70.559 0.0000000000
28829  9.684  -23.523  68.682 0.0000000000
27915  9.642  -24.305  68.711 0.0000000000
26250  9.382  -25.877  69.681 0.0000000000
93706  9.463  -26.491  69.919 0.0000000000
25371  9.189  -26.983  70.255 0.0000000000
27062  7.885  -25.848  70.623 0.0000000000
26237  8.055  -26.646  70.457 0.0000000000
26238  7.371  -26.377  71.014 0.0000000000
92170  7.418  -27.006  70.853 0.0000000000
28790  8.231  -23.548  72.443 0.0000000000
27861  7.108  -24.614  73.156 0.0000000000
27040  6.479  -25.581  72.786 0.0000000000
26212  5.929  -26.332  72.715 0.0000000000
36153  33.835  -15.299  54.821 0.0000000000
36155  31.070  -15.387  54.807 0.0000000000
36167  31.408  -15.623  54.423 0.0000000000
36166  32.251  -15.688  54.516 0.0000000000
34473  29.838  -17.561  54.520 0.0000000000
32755  28.580  -19.693  56.536 0.0000000000
32739  29.274  -19.919  57.233 0.0000000000
84712  29.865  -20.455  58.539 0.0000000000
31811  29.128  -20.306  57.973 0.0000000000
35325  23.899  -16.120  57.567 0.0000000000
35324  24.358  -15.990  56.697 0.0000000000
32740  25.421  -19.834  56.887 0.0000000000
31815  25.325  -20.423  57.602 0.0000000000
30902  25.062  -20.640  60.242 0.0000000000
30885  26.521  -21.365  60.422 0.0000000000
30901  25.973  -20.923  59.883 0.0000000000
43952  47.166  -6.052  41.582 0.0000000000
42281  36.866  -7.414  48.859 0.0000000000
42270  36.313  -7.612  49.596 0.0000000000
40888  35.462  -9.517  48.710 0.0000000000
91874  35.679  -8.902  48.384 0.0000000000
40887  35.957  -9.561  47.969 0.0000000000
40897  36.477  -9.484  47.168 0.0000000000
38566  33.225  -12.138  54.790 0.0000000000
39355  32.799  -11.572  54.159 0.0000000000
39373  35.008  -11.453  52.559 0.0000000000
39374  33.809  -11.371  52.506 0.0000000000
39385  34.301  -11.173  51.780 0.0000000000
40135  34.170  -10.392  51.413 0.0000000000
38581  36.927  -13.134  51.971 0.0000000000
94178  36.515  -12.350  51.041 0.0000000000
39393  36.125  -11.938  50.514 0.0000000000
39394  35.428  -11.244  50.803 0.0000000000
39408  35.829  -11.361  50.028 0.0000000000
39407  36.399  -11.929  49.555 0.0000000000
92819  36.907  -12.145  48.794 0.0000000000
39444  38.876  -11.435  47.862 0.0000000000
39423  38.556  -11.919  48.532 0.0000000000
34469  33.361  -17.159  54.622 0.0000000000
33618  34.753  -18.119  57.216 0.0000000000
34449  34.916  -17.641  56.505 0.0000000000
34455  37.252  -17.344  56.480 0.0000000000
46277  61.301  -2.968  34.631 0.0000000000
93396  60.909  -4.177  33.987 0.0000000000
46239  56.262  -1.760  37.533 0.0000000000
46265  57.930  -2.939  35.818 0.0000000000
44782  57.688  -5.434  34.871 0.0000000000
45507  58.311  -3.512  35.201 0.0000000000
45524  58.653  -4.134  34.771 0.0000000000
43985  48.885  -4.828  39.970 0.0000000000
45487  49.650  -3.306  38.816 0.0000000000
23591  7.831  -28.596  71.316 0.0000000000
46197  43.175  -1.770  44.481 0.0000000000
45457  41.747  -2.885  44.840 0.0000000000
41603  37.761  -8.418  45.715 0.0000000000
41602  38.506  -8.311  45.481 0.0000000000
40916  38.199  -9.104  45.681 0.0000000000
40198  39.459  -10.305  46.621 0.0000000000
28911  15.392  -23.440  64.211 0.0000000000
30764  10.996  -21.514  69.321 0.0000000000
36147  26.971  -15.461  55.845 0.0000000000
36160  26.547  -15.707  55.436 0.0000000000
35330  24.839  -15.847  55.927 0.0000000000
29989  23.218  -22.475  61.480 0.0000000000
30873  23.799  -21.860  61.179 0.0000000000
40843  32.331  -9.678  53.671 0.0000000000
36179  39.431  -15.769  52.456 0.0000000000
94677  37.980  -6.723  47.935 0.0000000000
42291  36.932  -7.441  47.941 0.0000000000
32688  18.860  -19.172  63.039 0.0000000000
31723  17.645  -20.295  62.829 0.0000000000
34418  21.594  -17.933  60.406 0.0000000000
31759  21.378  -20.567  59.920 0.0000000000
35348  35.721  -15.632  53.273 0.0000000000
36182  36.173  -15.693  52.834 0.0000000000
46991  51.250  -1.337  39.478 0.0000000000
47704  53.540  -0.634  39.558 0.0000000000
47000  54.192  -1.076  38.163 0.0000000000
44744  52.127  -4.510  38.218 0.0000000000
44743  52.926  -4.663  38.308 0.0000000000
45478  45.574  -3.173  40.694 0.0000000000
43939  42.901  -4.819  42.818 0.0000000000
42330  43.231  -7.030  44.791 0.0000000000
45451  40.754  -3.918  45.981 0.0000000000
44699  40.338  -4.571  45.674 0.0000000000
41600  40.246  -8.519  45.365 0.0000000000
46968  46.598  -1.608  42.029 0.0000000000
46976  47.128  -1.597  41.468 0.0000000000
28921  20.045  -23.961  63.023 0.0000000000
85340  19.878  -23.720  64.091 0.0000000000
29853  13.980  -22.795  69.496 0.0000000000
28810  13.170  -23.839  69.123 0.0000000000
32665  13.437  -20.042  66.065 0.0000000000
31709  12.725  -20.475  65.971 0.0000000000
27926  11.800  -24.426  67.712 0.0000000000
27092  11.373  -25.428  68.829 0.0000000000
27077  8.927  -25.232  69.830 0.0000000000
89177  8.574  -25.944  70.155 0.0000000000
92337  7.910  -25.023  71.155 0.0000000000
35343  29.988  -15.883  54.062 0.0000000000
33632  27.557  -18.613  55.737 0.0000000000
32756  27.672  -19.544  56.305 0.0000000000
31827  27.860  -20.047  56.846 0.0000000000
82690  28.269  -20.525  58.275 0.0000000000
33622  23.558  -17.699  57.545 0.0000000000
94204  24.010  -19.913  57.784 0.0000000000
31795  24.539  -20.386  58.054 0.0000000000
83474  25.502  -21.453  61.759 0.0000000000
43097  46.537  -6.127  41.924 0.0000000000
42260  35.742  -7.881  50.242 0.0000000000
42271  35.666  -8.002  49.349 0.0000000000
39353  35.132  -11.973  54.383 0.0000000000
39362  35.722  -11.774  53.448 0.0000000000
39372  36.130  -11.903  52.549 0.0000000000
82488  37.324  -12.914  51.494 0.0000000000
39405  38.288  -12.338  49.288 0.0000000000
93333  38.992  -11.966  49.240 0.0000000000
39391  38.907  -12.072  50.013 0.0000000000
33608  33.799  -18.445  57.338 0.0000000000
33617  35.390  -18.369  57.793 0.0000000000
46240  55.736  -2.299  36.937 0.0000000000
76434  57.409  -5.947  34.918 0.0000000000
89722  59.066  -6.014  35.703 0.0000000000
34406  21.423  -17.667  61.359 0.0000000000
43104  49.810  -5.881  40.887 0.0000000000
95485  50.362  -1.125  40.452 0.0000000000
47707  51.017  -1.052  40.225 0.0000000000
46982  50.448  -1.400  39.779 0.0000000000
47003  51.523  -1.722  38.710 0.0000000000
47002  52.114  -1.913  38.037 0.0000000000
46233  51.497  -2.241  38.196 0.0000000000
46245  51.167  -2.811  38.088 0.0000000000
44753  50.918  -3.621  38.106 0.0000000000
93564  50.175  -3.652  38.486 0.0000000000
43996  50.775  -4.828  38.795 0.0000000000
25338  9.591  -27.611  72.395 0.0000000000
44715  42.253  -4.329  43.209 0.0000000000
43083  41.697  -5.473  43.899 0.0000000000
43881  38.631  -6.029  45.956 0.0000000000
41601  39.349  -8.343  45.329 0.0000000000
31790  30.723  -20.500  58.733 0.0000000000
82064  31.169  -20.678  59.300 0.0000000000
28923  17.681  -24.033  62.984 0.0000000000
28909  17.166  -23.878  64.519 0.0000000000
28910  16.182  -23.858  64.025 0.0000000000
88707  16.921  -23.388  65.525 0.0000000000
29883  14.259  -22.735  67.063 0.0000000000
31694  11.474  -20.857  67.829 0.0000000000
30765  10.426  -21.924  69.650 0.0000000000
29855  9.667  -23.014  69.235 0.0000000000
28798  9.455  -23.141  70.326 0.0000000000
36170  29.030  -15.599  54.525 0.0000000000
92266  28.362  -15.894  54.597 0.0000000000
34475  27.200  -16.617  54.990 0.0000000000
35333  26.751  -15.985  55.112 0.0000000000
33642  26.979  -17.616  55.465 0.0000000000
94928  26.881  -18.351  55.855 0.0000000000
31829  26.213  -19.764  56.672 0.0000000000
31777  23.494  -20.409  59.261 0.0000000000
30872  24.645  -21.492  61.568 0.0000000000
83245  45.926  -6.383  43.892 0.0000000000
92010  33.865  -9.181  51.765 0.0000000000
96413  34.414  -9.526  51.282 0.0000000000
37739  36.861  -13.102  52.663 0.0000000000
95590  37.360  -13.449  51.767 0.0000000000
89445  38.232  -13.566  51.650 0.0000000000
46251  59.572  -2.287  36.261 0.0000000000
43880  39.186  -5.508  46.476 0.0000000000
43044  37.675  -7.178  46.077 0.0000000000
43034  37.606  -6.967  46.702 0.0000000000
42319  37.439  -7.824  45.951 0.0000000000
29980  22.619  -22.973  62.512 0.0000000000
28945  20.636  -23.442  61.438 0.0000000000
28934  20.453  -23.878  62.096 0.0000000000
28935  18.401  -23.773  62.303 0.0000000000
31746  19.440  -20.980  61.384 0.0000000000
28936  17.482  -23.424  62.414 0.0000000000
31716  15.477  -20.759  64.201 0.0000000000
36136  24.970  -15.409  56.869 0.0000000000
34451  23.419  -16.870  57.891 0.0000000000
32727  22.752  -19.007  58.496 0.0000000000
34431  22.417  -17.850  59.158 0.0000000000
30889  22.623  -21.666  60.263 0.0000000000
86324  22.761  -22.878  61.803 0.0000000000
39343  32.765  -11.329  55.672 0.0000000000
38546  33.025  -12.006  55.880 0.0000000000
38555  33.369  -12.317  55.510 0.0000000000
38565  33.978  -12.413  54.991 0.0000000000
83812  34.889  -12.499  55.212 0.0000000000
80509  37.790  -16.437  52.547 0.0000000000
46256  55.082  -2.805  36.707 0.0000000000
46258  53.301  -2.869  36.880 0.0000000000
45497  53.860  -3.507  36.859 0.0000000000
44762  54.403  -4.075  36.924 0.0000000000
81345  47.117  -3.924  40.396 0.0000000000
44727  46.217  -4.701  41.156 0.0000000000
44734  45.820  -3.964  40.804 0.0000000000
86931  45.255  -6.359  43.789 0.0000000000
42328  45.069  -6.891  45.066 0.0000000000
45458  41.319  -3.823  44.347 0.0000000000
43906  39.804  -6.012  44.944 0.0000000000
43067  40.480  -6.382  44.598 0.0000000000
41597  43.210  -8.114  45.682 0.0000000000
34481  32.174  -16.605  54.324 0.0000000000
34470  32.597  -17.385  54.687 0.0000000000
93462  32.757  -18.311  56.151 0.0000000000
33628  32.155  -18.679  56.520 0.0000000000
33619  32.924  -18.532  56.944 0.0000000000
46220  48.144  -1.940  40.351 0.0000000000
28905  21.216  -23.134  64.853 0.0000000000
31717  14.864  -20.722  64.661 0.0000000000
30803  14.389  -21.449  64.866 0.0000000000
32650  12.042  -20.143  66.917 0.0000000000
25346  10.287  -27.145  71.391 0.0000000000
27075  10.030  -25.622  69.048 0.0000000000
27076  9.504  -25.107  69.168 0.0000000000
25370  9.909  -26.761  70.115 0.0000000000
25347  9.664  -27.595  71.605 0.0000000000
24443  9.046  -27.959  71.149 0.0000000000
24444  8.231  -28.134  70.886 0.0000000000
89112  8.526  -27.039  70.396 0.0000000000
26239  6.760  -26.859  71.454 0.0000000000
29842  9.347  -22.917  71.557 0.0000000000
26226  5.987  -26.828  72.334 0.0000000000
34472  30.817  -17.700  54.502 0.0000000000
33630  30.629  -18.887  55.818 0.0000000000
32753  30.398  -19.288  56.483 0.0000000000
32738  30.105  -19.703  57.221 0.0000000000
96544  28.709  -16.277  54.289 0.0000000000
34474  28.779  -17.325  54.662 0.0000000000
32754  29.539  -19.495  56.498 0.0000000000
36150  24.709  -15.598  56.436 0.0000000000
33621  24.286  -17.780  56.934 0.0000000000
33634  25.127  -17.781  56.378 0.0000000000
31814  26.137  -20.332  57.224 0.0000000000
31775  25.397  -20.622  59.421 0.0000000000
31794  25.328  -20.589  58.524 0.0000000000
95688  48.132  -5.393  40.772 0.0000000000
88106  47.803  -6.204  41.548 0.0000000000
43013  37.781  -7.206  49.213 0.0000000000
42282  36.351  -7.820  48.222 0.0000000000
41575  35.808  -8.235  48.585 0.0000000000
40194  37.159  -10.346  46.792 0.0000000000
40109  32.458  -10.987  54.669 0.0000000000
40113  32.351  -10.463  53.844 0.0000000000
40124  32.402  -10.134  53.055 0.0000000000
39364  33.309  -11.503  53.291 0.0000000000
39375  33.049  -11.113  52.661 0.0000000000
40849  32.829  -9.934  52.331 0.0000000000
40150  34.914  -10.195  50.749 0.0000000000
39425  36.392  -11.470  48.650 0.0000000000
85692  36.570  -11.099  47.994 0.0000000000
83825  37.199  -11.118  47.438 0.0000000000
94879  38.414  -11.258  47.362 0.0000000000
39403  40.381  -11.360  49.461 0.0000000000
34466  35.968  -17.065  55.216 0.0000000000
91540  36.094  -18.196  57.604 0.0000000000
34456  36.282  -17.432  56.243 0.0000000000
95776  37.108  -16.940  55.183 0.0000000000
34465  37.511  -16.959  55.606 0.0000000000
46238  57.122  -2.204  36.925 0.0000000000
47020  58.628  -1.647  37.122 0.0000000000
46252  58.537  -2.278  36.517 0.0000000000
45509  56.606  -3.992  35.784 0.0000000000
44773  57.233  -4.667  35.305 0.0000000000
45508  57.460  -3.735  35.412 0.0000000000
46279  59.766  -3.491  34.633 0.0000000000
45535  60.189  -4.051  34.197 0.0000000000
76437  59.633  -4.995  34.412 0.0000000000
23583  7.807  -29.017  71.798 0.0000000000
25326  10.144  -27.094  72.860 0.0000000000
40123  32.771  -10.587  52.630 0.0000000000
82931  30.772  -15.486  55.475 0.0000000000
85978  44.339  -2.066  41.709 0.0000000000
95248  32.470  -10.994  53.988 0.0000000000
