#!ascii label  , from subject sub-v1s20x0050331_ses-1 vox2ras=TkReg
1701
58467  51.683  -9.523  20.051 0.0000000000
131641  38.234  -27.028  37.797 0.0000000000
36547  22.076  -33.495  39.425 0.0000000000
38265  17.083  -31.621  43.919 0.0000000000
36481  33.190  -33.309  42.929 0.0000000000
39239  28.560  -30.131  34.640 0.0000000000
55679  42.494  -12.258  20.541 0.0000000000
63687  52.909  -3.386  18.756 0.0000000000
56400  43.630  -12.098  30.400 0.0000000000
46542  38.709  -22.344  29.890 0.0000000000
43565  31.542  -25.273  30.554 0.0000000000
113219  24.944  -34.559  44.222 0.0000000000
126205  19.577  -32.936  42.077 0.0000000000
36447  21.616  -33.454  47.095 0.0000000000
35673  28.188  -34.271  41.213 0.0000000000
56396  49.112  -10.647  30.581 0.0000000000
43393  40.480  -25.632  42.082 0.0000000000
44466  43.929  -23.868  38.332 0.0000000000
48397  43.788  -20.006  33.371 0.0000000000
44512  39.358  -24.425  34.460 0.0000000000
44557  35.878  -24.016  31.234 0.0000000000
43507  34.745  -25.427  34.542 0.0000000000
40129  22.723  -29.634  32.428 0.0000000000
41800  25.919  -27.846  29.779 0.0000000000
61104  50.726  -6.491  20.495 0.0000000000
61131  48.657  -6.433  16.273 0.0000000000
38357  20.580  -32.014  35.592 0.0000000000
37457  17.486  -32.442  36.395 0.0000000000
39189  36.531  -30.595  41.247 0.0000000000
40939  32.946  -29.156  37.185 0.0000000000
37420  31.020  -32.084  38.500 0.0000000000
38337  25.557  -31.408  37.568 0.0000000000
58471  46.910  -9.767  20.315 0.0000000000
37280  18.965  -31.748  50.181 0.0000000000
38215  13.899  -31.964  46.927 0.0000000000
61908  53.271  -5.202  24.728 0.0000000000
58405  52.111  -9.118  25.243 0.0000000000
56457  47.769  -11.853  25.845 0.0000000000
54738  43.734  -12.930  25.259 0.0000000000
53058  39.065  -15.266  25.927 0.0000000000
54642  45.780  -13.852  35.000 0.0000000000
51330  42.461  -17.726  28.882 0.0000000000
48496  36.866  -20.392  25.404 0.0000000000
45591  34.122  -23.949  27.221 0.0000000000
41756  30.335  -27.675  32.901 0.0000000000
35580  25.688  -34.152  46.889 0.0000000000
35599  22.512  -34.026  45.528 0.0000000000
36431  23.819  -33.414  48.049 0.0000000000
128470  27.472  -34.832  45.607 0.0000000000
40882  40.674  -27.379  40.171 0.0000000000
42533  41.749  -25.757  38.494 0.0000000000
44499  41.254  -24.281  35.962 0.0000000000
43474  39.419  -25.564  36.483 0.0000000000
43504  37.613  -25.189  34.546 0.0000000000
42556  36.496  -26.392  36.622 0.0000000000
39283  20.039  -30.729  31.773 0.0000000000
40154  21.526  -29.492  30.160 0.0000000000
60225  53.139  -8.026  20.013 0.0000000000
60247  52.251  -8.109  18.597 0.0000000000
58490  53.228  -9.049  18.215 0.0000000000
37443  21.651  -32.476  37.412 0.0000000000
37465  19.149  -32.446  35.570 0.0000000000
118784  19.753  -32.821  38.225 0.0000000000
37375  18.580  -32.338  42.924 0.0000000000
130584  16.578  -31.455  40.504 0.0000000000
38292  15.368  -31.605  41.427 0.0000000000
37377  14.021  -32.681  42.787 0.0000000000
129956  37.240  -28.851  43.000 0.0000000000
37383  35.043  -32.327  41.963 0.0000000000
38310  33.856  -32.132  39.256 0.0000000000
36519  32.794  -33.498  40.826 0.0000000000
36527  24.854  -34.066  40.431 0.0000000000
37407  26.722  -32.875  39.464 0.0000000000
37428  23.602  -32.665  38.304 0.0000000000
38350  22.736  -31.623  36.438 0.0000000000
119073  44.915  -10.462  20.138 0.0000000000
119250  45.497  -10.045  17.395 0.0000000000
56534  43.021  -11.343  17.149 0.0000000000
37308  12.763  -33.028  48.925 0.0000000000
57389  49.628  -10.441  24.862 0.0000000000
56444  50.425  -11.116  27.782 0.0000000000
133923  46.039  -11.482  30.192 0.0000000000
55591  46.519  -12.442  27.933 0.0000000000
55607  43.756  -12.752  27.488 0.0000000000
131128  41.432  -13.473  25.828 0.0000000000
54704  41.223  -13.728  28.298 0.0000000000
47463  40.935  -20.998  31.805 0.0000000000
49406  43.653  -19.057  31.093 0.0000000000
48455  41.222  -19.975  28.743 0.0000000000
49467  40.019  -19.508  27.291 0.0000000000
47521  38.799  -21.323  27.624 0.0000000000
46573  35.313  -22.431  26.513 0.0000000000
46548  36.984  -23.208  28.155 0.0000000000
43562  34.329  -24.830  30.441 0.0000000000
39223  31.171  -30.279  35.685 0.0000000000
40948  31.665  -28.598  35.278 0.0000000000
40103  29.560  -29.570  33.252 0.0000000000
41830  27.629  -27.678  27.905 0.0000000000
115891  55.681  -3.776  15.404 0.0000000000
135756  52.607  -3.531  16.091 0.0000000000
35666  23.030  -34.304  41.865 0.0000000000
112816  20.926  -33.832  40.951 0.0000000000
35650  21.304  -33.950  42.549 0.0000000000
36472  20.435  -33.334  44.568 0.0000000000
36462  19.320  -32.670  45.823 0.0000000000
132867  31.397  -33.657  44.457 0.0000000000
112628  31.335  -34.411  42.309 0.0000000000
35622  29.481  -35.094  43.713 0.0000000000
35645  25.857  -34.706  42.661 0.0000000000
56395  50.531  -10.900  29.989 0.0000000000
57301  45.549  -9.854  32.630 0.0000000000
46454  44.402  -21.939  36.110 0.0000000000
46495  41.040  -22.326  33.748 0.0000000000
46511  39.341  -23.064  32.133 0.0000000000
133981  37.599  -23.912  30.417 0.0000000000
44541  38.037  -24.224  32.467 0.0000000000
44528  35.338  -24.660  33.342 0.0000000000
44531  32.947  -24.920  32.888 0.0000000000
40095  25.867  -29.670  34.461 0.0000000000
118090  27.012  -29.043  32.470 0.0000000000
40988  23.817  -28.698  31.287 0.0000000000
62784  51.323  -4.167  19.811 0.0000000000
62802  50.392  -4.620  17.481 0.0000000000
61961  49.620  -6.142  18.361 0.0000000000
37411  18.554  -32.426  39.202 0.0000000000
40017  38.947  -29.037  42.115 0.0000000000
40907  37.374  -28.567  39.522 0.0000000000
41700  35.198  -27.873  38.243 0.0000000000
40075  34.380  -30.010  38.762 0.0000000000
125271  32.173  -31.121  37.945 0.0000000000
38344  30.047  -31.076  36.474 0.0000000000
36540  29.137  -32.929  40.274 0.0000000000
38322  28.496  -31.602  38.298 0.0000000000
122209  26.380  -30.339  36.039 0.0000000000
39231  23.767  -30.506  35.140 0.0000000000
120261  21.053  -30.742  33.549 0.0000000000
58469  49.483  -9.582  20.190 0.0000000000
57462  49.405  -10.054  18.143 0.0000000000
58500  47.636  -9.951  17.887 0.0000000000
36422  20.119  -32.815  48.561 0.0000000000
37316  17.984  -32.205  47.394 0.0000000000
38188  16.632  -31.728  49.271 0.0000000000
38237  15.397  -31.457  45.300 0.0000000000
63655  52.559  -3.354  21.872 0.0000000000
61086  51.958  -6.230  22.749 0.0000000000
60215  53.950  -7.986  21.747 0.0000000000
58439  51.714  -8.887  22.483 0.0000000000
114179  49.837  -9.361  22.416 0.0000000000
57420  47.322  -10.466  22.622 0.0000000000
56506  44.935  -11.863  22.622 0.0000000000
55602  48.491  -11.816  27.777 0.0000000000
135011  45.716  -12.536  25.709 0.0000000000
54763  42.868  -13.165  22.959 0.0000000000
114030  41.345  -13.630  23.135 0.0000000000
125329  38.713  -14.322  23.209 0.0000000000
56370  43.859  -12.143  33.050 0.0000000000
51272  45.552  -17.250  33.439 0.0000000000
53009  44.908  -16.050  31.633 0.0000000000
53876  42.086  -14.863  30.048 0.0000000000
52181  40.674  -16.693  28.097 0.0000000000
51353  38.284  -17.892  25.227 0.0000000000
44591  36.114  -24.574  28.832 0.0000000000
42558  33.820  -26.855  36.347 0.0000000000
42593  31.641  -26.492  34.355 0.0000000000
42621  30.302  -26.260  31.568 0.0000000000
40983  28.673  -28.716  31.102 0.0000000000
131387  29.244  -27.547  30.048 0.0000000000
35570  25.140  -33.666  47.610 0.0000000000
36416  25.238  -32.854  48.134 0.0000000000
41695  40.164  -27.404  38.850 0.0000000000
42514  41.455  -26.234  39.437 0.0000000000
42535  40.228  -26.396  37.918 0.0000000000
42552  40.450  -25.864  37.513 0.0000000000
118592  39.108  -26.038  37.018 0.0000000000
42573  38.052  -25.756  36.135 0.0000000000
42538  37.841  -26.669  37.290 0.0000000000
58465  53.261  -8.736  20.236 0.0000000000
60237  53.134  -8.521  19.350 0.0000000000
58479  53.204  -9.079  18.871 0.0000000000
37430  21.477  -32.870  38.162 0.0000000000
116612  19.999  -32.754  37.516 0.0000000000
36556  21.374  -33.240  38.947 0.0000000000
37365  17.882  -31.970  43.414 0.0000000000
38290  16.712  -31.527  42.106 0.0000000000
38281  15.961  -31.396  42.658 0.0000000000
38283  14.766  -31.928  41.824 0.0000000000
38267  15.293  -31.534  42.956 0.0000000000
38244  32.783  -32.353  43.854 0.0000000000
39152  33.968  -31.262  43.080 0.0000000000
38259  35.375  -31.675  42.198 0.0000000000
37374  34.497  -32.734  42.138 0.0000000000
36517  34.102  -33.151  41.373 0.0000000000
36494  33.370  -33.515  42.365 0.0000000000
36528  23.418  -33.762  39.886 0.0000000000
132327  24.433  -33.392  39.330 0.0000000000
36554  23.268  -33.085  38.778 0.0000000000
37429  22.325  -32.669  37.924 0.0000000000
118260  43.499  -11.061  19.781 0.0000000000
57458  43.807  -10.549  19.061 0.0000000000
125890  42.367  -11.350  18.759 0.0000000000
58362  52.115  -9.680  28.162 0.0000000000
121586  50.960  -10.708  27.571 0.0000000000
57335  51.682  -10.198  28.504 0.0000000000
56398  45.119  -11.468  30.400 0.0000000000
132043  45.151  -12.164  29.095 0.0000000000
55579  43.610  -12.276  29.574 0.0000000000
54703  41.901  -13.203  28.013 0.0000000000
55580  42.189  -12.989  29.644 0.0000000000
47481  40.187  -21.250  30.504 0.0000000000
48434  40.859  -20.654  29.952 0.0000000000
47493  40.140  -21.042  29.545 0.0000000000
48457  39.994  -20.685  27.999 0.0000000000
47507  39.074  -21.494  28.272 0.0000000000
46559  37.385  -22.359  27.875 0.0000000000
46543  38.126  -22.655  29.189 0.0000000000
39225  29.946  -30.519  35.248 0.0000000000
39237  30.300  -30.158  34.670 0.0000000000
40093  29.112  -29.933  33.855 0.0000000000
63712  54.261  -3.367  16.755 0.0000000000
63701  52.964  -3.420  17.893 0.0000000000
35627  24.458  -34.525  43.391 0.0000000000
35649  22.151  -34.205  42.191 0.0000000000
133416  22.777  -34.325  43.383 0.0000000000
35583  22.064  -33.748  46.326 0.0000000000
113388  21.841  -33.996  44.984 0.0000000000
36460  20.544  -33.365  45.330 0.0000000000
36473  19.866  -32.954  45.165 0.0000000000
118514  20.296  -33.228  46.038 0.0000000000
36458  30.601  -33.637  45.227 0.0000000000
35609  30.633  -34.452  44.524 0.0000000000
113087  29.763  -34.797  44.796 0.0000000000
113223  26.119  -34.720  45.138 0.0000000000
35625  26.331  -34.831  43.568 0.0000000000
35626  25.390  -34.669  43.448 0.0000000000
35664  24.693  -34.458  41.792 0.0000000000
44446  43.609  -24.331  39.114 0.0000000000
122108  44.432  -22.356  38.946 0.0000000000
47396  44.939  -21.901  38.241 0.0000000000
47402  44.664  -20.975  36.973 0.0000000000
45490  44.418  -22.984  37.282 0.0000000000
44511  40.016  -24.217  34.872 0.0000000000
45525  41.111  -23.386  34.842 0.0000000000
45535  39.910  -23.504  33.659 0.0000000000
46496  40.298  -22.827  33.318 0.0000000000
45536  39.222  -23.831  33.225 0.0000000000
45545  38.446  -23.754  32.183 0.0000000000
44525  38.433  -24.408  33.172 0.0000000000
43506  35.720  -25.401  34.595 0.0000000000
44515  36.207  -24.935  33.812 0.0000000000
43520  35.281  -25.097  34.007 0.0000000000
44530  33.788  -24.789  33.059 0.0000000000
43522  33.770  -25.429  34.290 0.0000000000
40109  23.885  -29.617  33.321 0.0000000000
122922  25.094  -29.148  32.824 0.0000000000
40139  23.243  -29.192  31.811 0.0000000000
62778  50.640  -5.030  20.187 0.0000000000
62785  50.550  -4.836  19.283 0.0000000000
61110  50.407  -6.499  19.740 0.0000000000
60256  50.816  -7.824  17.666 0.0000000000
38364  19.837  -31.743  34.228 0.0000000000
37479  19.019  -32.245  34.529 0.0000000000
115210  20.156  -33.449  40.896 0.0000000000
37410  19.199  -32.844  39.755 0.0000000000
124618  18.670  -32.549  40.098 0.0000000000
37413  15.412  -31.703  39.602 0.0000000000
38312  16.113  -31.493  39.219 0.0000000000
39176  37.294  -30.062  42.010 0.0000000000
40018  38.222  -29.198  42.256 0.0000000000
39187  37.894  -29.642  41.779 0.0000000000
40064  38.540  -29.148  40.846 0.0000000000
40052  37.110  -29.992  40.811 0.0000000000
40908  35.716  -28.947  39.194 0.0000000000
39196  35.581  -30.746  40.002 0.0000000000
130015  32.431  -32.222  38.857 0.0000000000
38317  33.349  -31.619  38.671 0.0000000000
37419  31.788  -31.900  38.432 0.0000000000
38331  31.263  -31.104  37.194 0.0000000000
38320  30.409  -31.664  37.917 0.0000000000
36508  29.086  -34.238  41.385 0.0000000000
36521  30.522  -33.772  41.146 0.0000000000
36523  28.634  -33.623  40.759 0.0000000000
38324  25.922  -31.845  38.155 0.0000000000
37424  27.195  -32.196  38.914 0.0000000000
38336  26.442  -31.249  37.639 0.0000000000
39208  27.281  -30.941  37.283 0.0000000000
38347  25.891  -30.977  37.141 0.0000000000
39229  25.521  -30.306  35.765 0.0000000000
39218  24.961  -30.703  36.264 0.0000000000
38356  21.286  -31.535  35.315 0.0000000000
39233  22.067  -31.144  35.122 0.0000000000
38363  20.499  -31.195  33.966 0.0000000000
112970  48.458  -9.522  20.042 0.0000000000
58483  48.309  -9.632  19.155 0.0000000000
58495  46.636  -9.725  18.898 0.0000000000
57495  45.787  -10.934  15.947 0.0000000000
37303  19.695  -32.592  49.153 0.0000000000
37304  19.123  -32.604  48.402 0.0000000000
37305  18.362  -32.393  48.774 0.0000000000
130872  14.352  -31.692  48.373 0.0000000000
122752  14.869  -31.594  47.980 0.0000000000
130326  15.584  -31.549  46.873 0.0000000000
37331  14.241  -31.734  46.232 0.0000000000
37356  13.996  -32.241  44.520 0.0000000000
113625  13.394  -32.698  45.682 0.0000000000
63666  53.371  -2.911  21.382 0.0000000000
62759  52.242  -4.185  23.202 0.0000000000
112788  52.618  -6.233  23.544 0.0000000000
61093  52.716  -7.208  22.101 0.0000000000
61067  53.330  -6.617  23.953 0.0000000000
59326  53.570  -8.234  24.910 0.0000000000
59352  53.611  -8.320  22.585 0.0000000000
58422  51.500  -8.902  23.460 0.0000000000
58440  50.705  -9.076  22.875 0.0000000000
58423  50.611  -9.341  23.742 0.0000000000
57373  48.953  -11.139  25.567 0.0000000000
57390  48.747  -10.779  24.547 0.0000000000
56487  47.225  -11.350  24.024 0.0000000000
56505  45.784  -11.426  22.795 0.0000000000
56473  46.727  -11.850  24.631 0.0000000000
114020  49.611  -11.132  30.113 0.0000000000
55588  49.654  -11.521  28.869 0.0000000000
55575  48.265  -11.816  28.691 0.0000000000
54713  45.210  -12.655  26.669 0.0000000000
55620  46.118  -12.553  26.690 0.0000000000
54737  44.427  -12.746  25.596 0.0000000000
55645  44.585  -12.647  24.622 0.0000000000
114270  42.944  -13.296  24.025 0.0000000000
114985  41.936  -13.519  23.031 0.0000000000
114500  42.346  -13.484  23.944 0.0000000000
53902  40.054  -14.156  26.266 0.0000000000
53907  39.858  -14.159  24.919 0.0000000000
53914  38.641  -14.875  24.650 0.0000000000
52206  37.734  -16.111  24.461 0.0000000000
54643  45.169  -13.255  34.617 0.0000000000
48388  45.242  -19.824  34.705 0.0000000000
50341  45.420  -18.231  34.986 0.0000000000
49388  45.120  -18.582  33.272 0.0000000000
50413  43.443  -18.032  29.852 0.0000000000
51314  44.538  -17.318  30.885 0.0000000000
52166  43.737  -16.916  30.088 0.0000000000
53010  43.892  -15.729  31.274 0.0000000000
52173  42.568  -16.637  29.340 0.0000000000
53035  41.253  -15.616  28.963 0.0000000000
121427  41.393  -17.435  28.299 0.0000000000
48494  38.345  -19.999  26.245 0.0000000000
50459  39.284  -18.571  26.261 0.0000000000
49478  37.271  -19.541  25.111 0.0000000000
50469  37.128  -18.637  24.592 0.0000000000
48506  36.510  -19.971  24.845 0.0000000000
47556  34.897  -21.201  24.669 0.0000000000
45602  34.764  -23.126  26.916 0.0000000000
46575  33.628  -23.239  25.821 0.0000000000
44568  37.412  -24.012  30.751 0.0000000000
127954  36.765  -24.407  29.153 0.0000000000
44582  36.279  -24.571  29.657 0.0000000000
43585  34.837  -25.498  29.345 0.0000000000
40937  34.393  -28.204  38.042 0.0000000000
41724  34.692  -27.428  37.521 0.0000000000
119139  32.777  -28.017  36.482 0.0000000000
41754  30.809  -27.696  33.802 0.0000000000
41753  31.413  -27.237  34.522 0.0000000000
42594  31.107  -26.815  33.966 0.0000000000
42602  31.324  -26.207  33.632 0.0000000000
121618  30.303  -26.932  32.363 0.0000000000
40985  26.331  -28.371  31.203 0.0000000000
123010  28.065  -29.003  31.807 0.0000000000
131673  27.014  -28.367  30.935 0.0000000000
41813  28.221  -27.658  28.509 0.0000000000
42645  29.964  -26.375  28.867 0.0000000000
118368  49.663  -5.163  17.069 0.0000000000
62828  50.441  -4.364  15.672 0.0000000000
125188  50.968  -10.400  17.347 0.0000000000
35597  24.912  -34.390  45.854 0.0000000000
35598  24.063  -34.313  45.310 0.0000000000
135446  24.163  -34.216  46.106 0.0000000000
36445  23.414  -33.656  47.427 0.0000000000
36446  22.543  -33.562  47.315 0.0000000000
35579  26.606  -34.384  46.609 0.0000000000
41643  40.871  -26.847  41.332 0.0000000000
44412  41.713  -24.832  41.095 0.0000000000
42504  41.434  -26.321  40.348 0.0000000000
42512  42.558  -25.395  39.019 0.0000000000
43459  43.081  -24.788  38.579 0.0000000000
44490  43.318  -24.027  37.369 0.0000000000
130626  41.450  -25.055  37.072 0.0000000000
43486  40.288  -24.971  36.194 0.0000000000
43503  39.109  -24.756  35.036 0.0000000000
44513  38.791  -24.649  34.066 0.0000000000
120100  37.841  -25.430  35.320 0.0000000000
42574  37.019  -25.917  35.844 0.0000000000
43491  35.190  -25.883  35.371 0.0000000000
40130  21.875  -29.907  32.326 0.0000000000
40140  22.303  -29.445  31.530 0.0000000000
40155  20.906  -29.954  30.752 0.0000000000
60226  52.308  -7.560  20.415 0.0000000000
60239  51.149  -7.441  19.239 0.0000000000
60238  52.467  -7.892  19.439 0.0000000000
59387  52.942  -8.654  18.079 0.0000000000
37454  20.602  -32.311  36.291 0.0000000000
113854  20.249  -32.565  36.841 0.0000000000
37455  19.425  -32.571  36.636 0.0000000000
134880  18.695  -32.446  37.365 0.0000000000
36497  19.125  -32.677  42.450 0.0000000000
121675  18.354  -32.341  40.963 0.0000000000
37386  17.602  -31.851  41.613 0.0000000000
38303  15.950  -31.417  40.865 0.0000000000
114006  14.296  -33.419  41.090 0.0000000000
38275  35.900  -31.083  42.149 0.0000000000
38299  35.931  -31.175  41.550 0.0000000000
38308  35.261  -31.490  40.312 0.0000000000
38301  34.917  -32.183  40.587 0.0000000000
37394  33.932  -33.025  40.479 0.0000000000
36537  32.376  -33.102  40.019 0.0000000000
35675  26.430  -34.347  41.072 0.0000000000
36542  27.289  -33.235  40.008 0.0000000000
36543  26.153  -33.492  39.822 0.0000000000
37409  24.893  -33.033  38.962 0.0000000000
134274  24.458  -31.973  37.739 0.0000000000
114781  23.663  -31.347  36.598 0.0000000000
38339  23.310  -31.898  37.203 0.0000000000
37452  21.860  -32.073  36.645 0.0000000000
57456  45.736  -10.114  19.929 0.0000000000
58496  45.853  -9.887  19.129 0.0000000000
57463  45.139  -10.033  18.698 0.0000000000
57475  44.170  -10.403  17.597 0.0000000000
38191  14.097  -32.018  50.018 0.0000000000
37318  13.568  -32.280  47.548 0.0000000000
119723  13.111  -33.062  46.374 0.0000000000
36451  12.901  -33.767  47.024 0.0000000000
58393  51.946  -9.561  26.357 0.0000000000
58407  50.508  -9.782  24.660 0.0000000000
57371  51.184  -10.144  26.244 0.0000000000
57356  49.795  -11.135  26.829 0.0000000000
56446  48.666  -11.677  26.898 0.0000000000
122639  47.070  -11.152  30.415 0.0000000000
55576  47.183  -12.100  28.663 0.0000000000
55577  46.067  -12.176  28.824 0.0000000000
55606  44.797  -12.676  27.353 0.0000000000
54714  44.264  -12.738  26.685 0.0000000000
119200  42.242  -13.323  25.486 0.0000000000
54716  42.282  -13.033  27.049 0.0000000000
54733  40.789  -13.668  26.658 0.0000000000
53892  40.050  -14.419  27.188 0.0000000000
48398  42.798  -20.403  33.072 0.0000000000
117130  43.808  -19.295  32.319 0.0000000000
48417  42.290  -19.914  30.945 0.0000000000
48432  42.107  -19.715  29.984 0.0000000000
49439  41.869  -18.982  28.581 0.0000000000
50433  40.907  -18.740  27.876 0.0000000000
48471  40.260  -20.141  27.848 0.0000000000
48485  39.474  -20.331  27.262 0.0000000000
47533  37.622  -21.198  26.749 0.0000000000
47535  35.902  -21.786  26.046 0.0000000000
47523  37.125  -21.937  27.092 0.0000000000
46560  36.610  -22.656  27.520 0.0000000000
45590  35.253  -23.684  27.550 0.0000000000
44558  34.934  -24.053  31.237 0.0000000000
114617  35.473  -24.441  30.407 0.0000000000
124142  34.520  -24.416  30.726 0.0000000000
43563  33.806  -25.094  30.542 0.0000000000
116705  33.846  -26.282  30.581 0.0000000000
123167  31.881  -29.806  36.213 0.0000000000
40944  31.963  -28.963  35.867 0.0000000000
40086  31.444  -29.525  35.441 0.0000000000
40102  30.173  -29.435  33.503 0.0000000000
40957  29.808  -29.155  32.784 0.0000000000
41815  26.239  -27.648  28.767 0.0000000000
130772  26.220  -27.869  27.640 0.0000000000
63711  55.357  -3.478  16.611 0.0000000000
130833  53.680  -3.513  15.164 0.0000000000
62843  52.026  -3.746  14.852 0.0000000000
129306  23.052  -33.970  40.393 0.0000000000
36548  21.333  -33.588  39.699 0.0000000000
35667  22.235  -34.175  41.374 0.0000000000
35668  21.346  -33.999  41.665 0.0000000000
35651  20.607  -33.590  42.369 0.0000000000
35628  22.240  -34.161  43.800 0.0000000000
35630  20.780  -33.616  43.160 0.0000000000
36495  20.188  -33.229  42.902 0.0000000000
36485  19.216  -32.627  43.247 0.0000000000
37364  18.667  -32.329  43.763 0.0000000000
124461  17.984  -31.995  45.020 0.0000000000
121026  32.329  -33.695  43.527 0.0000000000
35639  32.188  -34.188  42.798 0.0000000000
35620  31.591  -34.370  43.382 0.0000000000
35642  30.151  -34.912  43.050 0.0000000000
114581  28.250  -34.939  42.435 0.0000000000
113222  27.976  -34.987  44.850 0.0000000000
35644  27.763  -35.049  43.004 0.0000000000
35662  27.041  -34.643  41.710 0.0000000000
130169  25.426  -34.338  41.212 0.0000000000
127166  24.548  -34.267  41.085 0.0000000000
55680  41.680  -12.461  20.285 0.0000000000
55690  41.249  -12.284  18.438 0.0000000000
55687  40.658  -12.625  18.897 0.0000000000
57328  51.033  -10.614  29.595 0.0000000000
56384  48.573  -10.227  31.141 0.0000000000
56385  46.961  -10.513  31.187 0.0000000000
57313  46.320  -10.153  31.832 0.0000000000
56387  44.124  -11.303  31.596 0.0000000000
48378  44.929  -20.136  35.890 0.0000000000
47424  44.533  -20.813  35.058 0.0000000000
45509  43.352  -23.134  36.093 0.0000000000
46476  42.304  -22.241  34.849 0.0000000000
47435  42.304  -21.066  33.671 0.0000000000
47449  41.154  -21.287  32.574 0.0000000000
46522  39.799  -22.324  31.783 0.0000000000
46536  39.090  -22.432  30.686 0.0000000000
45561  38.072  -23.266  29.943 0.0000000000
45552  38.233  -23.647  31.443 0.0000000000
123430  37.837  -23.820  31.134 0.0000000000
44556  36.929  -24.056  31.414 0.0000000000
44526  37.779  -24.667  33.130 0.0000000000
114485  36.210  -24.393  32.957 0.0000000000
127889  35.367  -23.956  31.823 0.0000000000
44544  34.683  -24.090  32.016 0.0000000000
44545  33.388  -24.569  32.204 0.0000000000
44547  32.027  -24.919  31.537 0.0000000000
39240  26.694  -29.767  34.690 0.0000000000
40105  27.403  -29.405  33.368 0.0000000000
129033  26.500  -29.257  33.220 0.0000000000
40969  25.354  -28.854  32.116 0.0000000000
125007  25.048  -28.237  30.928 0.0000000000
40989  22.999  -28.882  30.970 0.0000000000
41026  23.599  -28.197  29.480 0.0000000000
63678  52.103  -3.658  19.160 0.0000000000
63688  52.059  -3.686  18.283 0.0000000000
62791  51.230  -4.161  18.784 0.0000000000
61977  49.790  -5.363  17.974 0.0000000000
61978  49.253  -5.914  17.497 0.0000000000
61118  50.204  -6.808  18.881 0.0000000000
60257  49.650  -7.304  17.443 0.0000000000
131536  20.083  -33.038  38.952 0.0000000000
37432  19.444  -32.828  39.015 0.0000000000
37446  18.066  -32.128  37.674 0.0000000000
37395  17.915  -32.029  39.948 0.0000000000
38340  16.638  -31.788  38.018 0.0000000000
127799  40.270  -27.381  42.034 0.0000000000
40865  40.050  -28.025  41.231 0.0000000000
121468  39.321  -28.385  39.767 0.0000000000
40927  38.031  -28.170  39.095 0.0000000000
41722  36.542  -27.234  37.915 0.0000000000
40928  36.420  -28.423  39.079 0.0000000000
121478  35.019  -28.591  38.620 0.0000000000
40076  33.738  -29.732  38.147 0.0000000000
39200  34.515  -30.936  39.063 0.0000000000
39201  33.720  -30.746  38.490 0.0000000000
40080  32.718  -29.957  37.337 0.0000000000
39211  31.381  -30.638  36.488 0.0000000000
39213  30.359  -30.783  35.865 0.0000000000
39214  29.551  -30.744  35.948 0.0000000000
35672  31.490  -34.023  41.528 0.0000000000
121749  31.119  -33.469  40.748 0.0000000000
37403  30.695  -32.504  39.370 0.0000000000
37406  27.668  -32.586  39.551 0.0000000000
37422  29.040  -32.055  38.857 0.0000000000
37421  30.043  -32.105  38.676 0.0000000000
38334  28.855  -31.239  37.545 0.0000000000
38346  28.198  -30.845  37.002 0.0000000000
39228  27.001  -30.090  35.444 0.0000000000
40088  26.112  -29.984  35.249 0.0000000000
39242  24.464  -30.093  34.700 0.0000000000
39254  23.482  -30.011  33.858 0.0000000000
38354  23.285  -31.032  35.824 0.0000000000
39244  22.331  -30.665  34.435 0.0000000000
40111  22.295  -30.078  33.068 0.0000000000
39270  20.763  -30.628  32.839 0.0000000000
58468  50.504  -9.607  20.203 0.0000000000
58481  50.987  -9.658  19.393 0.0000000000
129109  50.026  -9.654  19.615 0.0000000000
112696  46.235  -9.926  17.307 0.0000000000
57484  46.546  -10.285  16.588 0.0000000000
55693  42.101  -12.411  16.980 0.0000000000
133915  23.914  -32.182  48.857 0.0000000000
36419  22.814  -32.908  48.798 0.0000000000
36433  22.088  -33.178  48.208 0.0000000000
36413  21.425  -32.621  49.280 0.0000000000
36434  20.477  -32.994  47.750 0.0000000000
36450  19.420  -32.740  46.637 0.0000000000
37328  18.917  -32.482  46.376 0.0000000000
37344  17.782  -31.927  45.864 0.0000000000
37306  17.555  -32.072  49.074 0.0000000000
37317  17.074  -32.001  47.488 0.0000000000
123664  16.479  -31.699  46.798 0.0000000000
38236  16.292  -31.489  45.442 0.0000000000
132549  14.539  -31.826  44.180 0.0000000000
63676  54.334  -2.791  19.950 0.0000000000
114372  53.368  -3.134  20.284 0.0000000000
132041  51.757  -3.833  20.548 0.0000000000
62768  51.380  -4.688  21.631 0.0000000000
63645  52.656  -3.377  22.864 0.0000000000
123057  51.686  -4.966  22.561 0.0000000000
61937  51.289  -5.645  21.801 0.0000000000
60217  52.366  -7.346  21.259 0.0000000000
60224  53.629  -8.053  20.920 0.0000000000
58451  53.379  -8.619  21.012 0.0000000000
59336  53.960  -8.031  23.217 0.0000000000
59363  53.538  -8.433  21.639 0.0000000000
122155  52.321  -9.299  20.680 0.0000000000
114905  51.066  -9.481  20.985 0.0000000000
58455  49.289  -9.476  21.640 0.0000000000
130590  48.449  -9.668  21.563 0.0000000000
58424  49.862  -9.814  23.924 0.0000000000
57419  48.014  -10.214  22.755 0.0000000000
113712  46.875  -10.254  21.750 0.0000000000
57422  45.950  -10.871  21.973 0.0000000000
57435  45.252  -11.249  21.815 0.0000000000
56515  43.743  -12.026  21.376 0.0000000000
56421  50.550  -11.234  29.181 0.0000000000
56434  48.932  -11.646  27.525 0.0000000000
55630  47.992  -11.897  26.583 0.0000000000
129170  47.515  -12.235  27.817 0.0000000000
55619  46.871  -12.384  26.774 0.0000000000
55642  47.023  -12.107  25.575 0.0000000000
55655  45.084  -12.333  24.172 0.0000000000
55666  44.210  -12.507  23.080 0.0000000000
55672  43.323  -12.650  21.974 0.0000000000
54771  41.777  -13.209  21.822 0.0000000000
54772  40.800  -13.420  21.756 0.0000000000
54761  41.155  -13.705  23.803 0.0000000000
53922  39.583  -13.991  23.492 0.0000000000
56378  44.299  -10.797  33.425 0.0000000000
131901  43.611  -11.869  32.172 0.0000000000
53833  45.783  -15.221  34.679 0.0000000000
50372  44.893  -18.128  32.274 0.0000000000
52151  45.461  -16.549  32.156 0.0000000000
53844  45.241  -15.438  33.250 0.0000000000
53846  43.851  -14.354  32.377 0.0000000000
54677  43.185  -13.588  31.867 0.0000000000
55567  42.574  -12.967  30.563 0.0000000000
54694  41.706  -13.874  29.575 0.0000000000
53886  40.222  -14.897  27.941 0.0000000000
53042  39.676  -15.816  27.156 0.0000000000
51337  40.556  -18.250  27.494 0.0000000000
51351  39.441  -17.714  26.373 0.0000000000
52198  38.850  -16.279  25.844 0.0000000000
52207  37.357  -17.069  24.334 0.0000000000
46587  33.942  -22.476  25.223 0.0000000000
115014  33.313  -23.279  24.993 0.0000000000
45569  37.666  -23.484  29.254 0.0000000000
45577  36.704  -24.033  28.500 0.0000000000
44604  34.936  -24.463  27.914 0.0000000000
128897  35.464  -24.859  29.421 0.0000000000
44593  34.911  -25.073  28.704 0.0000000000
122124  36.087  -26.839  37.262 0.0000000000
42541  34.721  -26.812  36.685 0.0000000000
42576  34.409  -26.350  35.896 0.0000000000
126861  32.770  -27.547  36.151 0.0000000000
42578  32.718  -26.560  35.378 0.0000000000
43493  33.176  -25.944  34.958 0.0000000000
43509  31.997  -25.877  33.985 0.0000000000
43534  31.678  -25.284  32.238 0.0000000000
43548  31.463  -25.171  31.306 0.0000000000
40104  28.608  -29.513  33.105 0.0000000000
40123  29.263  -29.250  32.516 0.0000000000
40982  29.194  -28.582  31.348 0.0000000000
41798  27.849  -28.025  29.404 0.0000000000
41002  28.982  -28.229  30.492 0.0000000000
41784  29.501  -27.756  30.865 0.0000000000
42622  29.862  -26.740  30.974 0.0000000000
42634  30.156  -26.016  30.547 0.0000000000
63714  51.974  -3.674  16.511 0.0000000000
113953  51.232  -3.998  15.230 0.0000000000
115761  50.560  -4.395  13.832 0.0000000000
113770  51.560  -9.660  18.444 0.0000000000
41696  39.358  -27.611  38.611 0.0000000000
41719  39.801  -26.972  38.246 0.0000000000
41720  38.973  -27.064  38.010 0.0000000000
42536  39.474  -26.504  37.625 0.0000000000
42537  38.649  -26.594  37.415 0.0000000000
58466  52.900  -9.178  19.816 0.0000000000
58478  53.264  -8.819  19.434 0.0000000000
38280  16.908  -31.534  43.044 0.0000000000
38266  15.935  -31.404  43.589 0.0000000000
37363  33.449  -32.804  43.060 0.0000000000
38261  33.741  -32.086  43.076 0.0000000000
129638  34.219  -32.422  42.605 0.0000000000
37362  34.047  -32.748  42.513 0.0000000000
36493  33.870  -33.082  42.374 0.0000000000
124440  23.734  -33.421  39.339 0.0000000000
36546  22.912  -33.448  39.333 0.0000000000
36555  22.336  -33.099  38.679 0.0000000000
56523  43.279  -11.767  20.529 0.0000000000
56524  42.656  -11.558  19.661 0.0000000000
57327  51.535  -10.094  29.159 0.0000000000
56399  44.237  -11.617  30.770 0.0000000000
56413  44.491  -11.957  29.845 0.0000000000
119267  42.890  -12.525  29.212 0.0000000000
121953  42.904  -12.485  30.075 0.0000000000
47482  39.475  -21.713  30.148 0.0000000000
47494  39.385  -21.462  29.088 0.0000000000
121582  38.673  -21.964  28.963 0.0000000000
39238  29.531  -30.218  34.572 0.0000000000
129294  53.810  -3.270  18.494 0.0000000000
114726  53.981  -3.351  17.648 0.0000000000
128761  23.526  -34.419  43.372 0.0000000000
35611  23.992  -34.403  44.300 0.0000000000
36459  21.134  -33.557  46.006 0.0000000000
36448  20.755  -33.258  46.904 0.0000000000
35591  30.280  -34.157  45.229 0.0000000000
35592  29.453  -34.241  45.655 0.0000000000
113220  25.819  -34.726  44.334 0.0000000000
44445  43.773  -24.140  38.793 0.0000000000
45435  44.015  -23.823  38.892 0.0000000000
45450  44.357  -23.415  38.425 0.0000000000
130311  44.733  -22.772  38.479 0.0000000000
46411  45.001  -22.643  38.018 0.0000000000
46422  44.864  -22.399  37.529 0.0000000000
45471  44.628  -23.233  37.935 0.0000000000
45526  40.310  -23.718  34.461 0.0000000000
44523  39.589  -24.022  34.025 0.0000000000
44524  39.004  -24.288  33.575 0.0000000000
44539  38.654  -23.985  32.868 0.0000000000
132850  33.829  -25.098  33.681 0.0000000000
40128  23.551  -29.423  32.600 0.0000000000
61945  50.500  -5.824  20.399 0.0000000000
61951  50.262  -5.606  19.606 0.0000000000
38358  19.854  -32.112  35.098 0.0000000000
36511  19.735  -33.141  41.486 0.0000000000
36532  19.316  -32.951  40.658 0.0000000000
129760  15.174  -32.023  39.050 0.0000000000
39177  36.554  -30.589  41.792 0.0000000000
39188  37.226  -30.123  41.524 0.0000000000
40051  37.888  -29.673  41.225 0.0000000000
39195  36.252  -30.301  40.456 0.0000000000
38319  31.167  -31.548  37.853 0.0000000000
38348  25.237  -31.055  36.956 0.0000000000
117362  20.564  -31.590  34.765 0.0000000000
131388  47.665  -9.666  20.895 0.0000000000
58484  47.397  -9.616  19.671 0.0000000000
37279  19.772  -31.803  49.851 0.0000000000
37290  19.327  -32.217  49.673 0.0000000000
123640  18.965  -32.462  49.163 0.0000000000
37291  18.416  -32.135  49.706 0.0000000000
116710  14.160  -31.840  47.691 0.0000000000
38202  14.933  -31.411  48.845 0.0000000000
38214  14.691  -31.623  47.054 0.0000000000
37332  13.590  -32.264  46.237 0.0000000000
64521  54.212  -1.815  22.251 0.0000000000
62739  53.183  -4.136  24.582 0.0000000000
62750  52.845  -4.626  24.011 0.0000000000
61918  52.906  -5.710  24.113 0.0000000000
61917  53.366  -6.170  24.554 0.0000000000
58404  52.968  -8.592  25.044 0.0000000000
114957  52.325  -8.723  24.194 0.0000000000
125849  51.354  -9.234  24.434 0.0000000000
56471  48.231  -11.432  25.225 0.0000000000
56472  47.504  -11.667  24.947 0.0000000000
56409  49.257  -11.525  29.228 0.0000000000
113075  48.790  -11.387  29.809 0.0000000000
54729  44.623  -12.701  26.161 0.0000000000
114348  44.106  -12.846  24.938 0.0000000000
54748  43.344  -13.120  24.688 0.0000000000
54749  42.519  -13.404  24.636 0.0000000000
121110  39.551  -14.517  25.781 0.0000000000
53908  39.126  -14.710  25.180 0.0000000000
53067  38.246  -15.556  24.781 0.0000000000
53059  38.644  -15.465  25.290 0.0000000000
48396  44.652  -19.905  34.096 0.0000000000
48395  45.077  -19.305  34.072 0.0000000000
49371  44.529  -19.352  33.289 0.0000000000
50414  42.746  -18.192  29.196 0.0000000000
51323  43.466  -17.370  29.822 0.0000000000
51324  42.990  -17.588  29.362 0.0000000000
52172  43.153  -17.051  29.566 0.0000000000
123674  42.681  -17.286  29.121 0.0000000000
52179  42.172  -17.206  28.742 0.0000000000
51331  41.944  -17.914  28.456 0.0000000000
48495  37.659  -20.135  25.839 0.0000000000
49477  38.136  -19.448  25.702 0.0000000000
48497  35.924  -20.677  24.901 0.0000000000
130038  34.025  -23.354  26.529 0.0000000000
116938  33.314  -24.690  26.885 0.0000000000
44569  36.569  -24.270  30.479 0.0000000000
40938  33.638  -28.797  37.718 0.0000000000
41725  33.824  -27.860  37.384 0.0000000000
40942  33.149  -28.314  37.020 0.0000000000
42603  30.733  -26.724  33.185 0.0000000000
41767  30.011  -27.698  32.249 0.0000000000
41006  25.705  -28.139  30.667 0.0000000000
41005  26.527  -28.143  30.427 0.0000000000
61991  48.990  -5.770  16.557 0.0000000000
61992  48.608  -6.007  15.881 0.0000000000
130699  24.657  -34.029  46.818 0.0000000000
36417  24.574  -33.240  48.156 0.0000000000
35571  24.239  -33.688  47.539 0.0000000000
36432  23.097  -33.313  48.142 0.0000000000
127011  26.481  -33.969  47.227 0.0000000000
35596  25.893  -34.565  45.894 0.0000000000
40864  40.549  -27.402  40.699 0.0000000000
41667  41.026  -26.867  40.289 0.0000000000
42521  41.365  -26.189  38.828 0.0000000000
42513  41.934  -25.634  39.356 0.0000000000
42520  41.870  -25.779  38.812 0.0000000000
43452  42.926  -25.084  38.932 0.0000000000
43460  42.474  -25.306  38.500 0.0000000000
43471  42.149  -24.959  37.454 0.0000000000
43461  41.662  -25.491  37.741 0.0000000000
43473  40.098  -25.458  36.726 0.0000000000
43487  39.620  -25.108  35.885 0.0000000000
44501  39.788  -24.631  35.357 0.0000000000
43488  38.806  -25.321  35.679 0.0000000000
42555  37.425  -26.254  36.673 0.0000000000
43490  36.277  -25.727  35.229 0.0000000000
42575  35.959  -26.154  35.966 0.0000000000
39282  20.677  -30.282  31.615 0.0000000000
40141  21.407  -29.865  31.591 0.0000000000
118707  20.160  -30.482  30.988 0.0000000000
59386  53.225  -8.915  18.585 0.0000000000
59392  53.045  -8.975  17.640 0.0000000000
37453  21.050  -32.381  36.819 0.0000000000
37431  20.562  -32.957  38.400 0.0000000000
37445  19.337  -32.650  37.427 0.0000000000
128278  18.850  -32.551  36.843 0.0000000000
37385  18.444  -32.366  42.035 0.0000000000
37376  17.739  -31.904  42.539 0.0000000000
38291  15.829  -31.457  41.994 0.0000000000
132567  16.081  -31.425  41.532 0.0000000000
38304  15.284  -31.664  40.494 0.0000000000
38293  14.839  -31.863  41.096 0.0000000000
37396  14.712  -32.139  40.472 0.0000000000
38268  14.626  -31.962  42.735 0.0000000000
125306  14.365  -32.419  42.145 0.0000000000
36513  14.107  -33.248  42.035 0.0000000000
40001  35.114  -29.880  42.987 0.0000000000
38276  35.401  -31.753  42.108 0.0000000000
38288  35.912  -31.153  42.012 0.0000000000
38289  35.439  -31.802  41.788 0.0000000000
38300  35.436  -31.755  41.156 0.0000000000
37392  35.035  -32.314  41.432 0.0000000000
36518  33.502  -33.376  41.040 0.0000000000
36536  33.226  -33.130  40.164 0.0000000000
36526  25.794  -33.978  40.424 0.0000000000
36544  25.176  -33.613  39.665 0.0000000000
36553  24.071  -33.013  38.839 0.0000000000
37427  24.474  -32.468  38.313 0.0000000000
37440  23.828  -32.181  37.785 0.0000000000
37442  22.491  -32.192  37.246 0.0000000000
38351  21.236  -32.021  36.079 0.0000000000
131669  45.253  -10.134  19.435 0.0000000000
57457  44.606  -10.317  19.248 0.0000000000
57465  43.401  -10.566  18.175 0.0000000000
57476  43.488  -10.831  17.356 0.0000000000
57487  43.554  -11.308  16.742 0.0000000000
37293  13.404  -32.337  49.235 0.0000000000
38203  13.765  -32.040  48.343 0.0000000000
37307  13.195  -32.641  48.216 0.0000000000
36436  13.110  -32.928  47.325 0.0000000000
36423  12.806  -33.549  47.996 0.0000000000
57354  51.456  -10.208  27.100 0.0000000000
119702  50.542  -10.669  26.720 0.0000000000
57355  50.242  -11.062  27.286 0.0000000000
56455  49.140  -11.373  26.503 0.0000000000
56445  49.541  -11.393  27.259 0.0000000000
56411  46.617  -11.800  29.552 0.0000000000
56412  45.567  -11.868  29.653 0.0000000000
119001  44.179  -12.592  28.175 0.0000000000
55592  45.293  -12.472  28.201 0.0000000000
54715  43.284  -12.871  26.772 0.0000000000
55608  42.782  -12.901  27.701 0.0000000000
54717  41.371  -13.409  27.384 0.0000000000
54705  40.641  -14.034  27.743 0.0000000000
48407  41.569  -20.684  32.155 0.0000000000
48406  42.323  -20.177  32.069 0.0000000000
48418  41.589  -20.400  31.386 0.0000000000
48444  41.444  -20.119  29.494 0.0000000000
49429  41.940  -19.541  29.059 0.0000000000
49440  41.452  -19.454  28.527 0.0000000000
49441  40.864  -19.737  28.224 0.0000000000
47520  39.453  -21.022  27.775 0.0000000000
48472  39.731  -20.502  27.590 0.0000000000
48473  39.189  -20.771  27.324 0.0000000000
47532  38.464  -20.972  27.053 0.0000000000
47522  37.953  -21.609  27.429 0.0000000000
46561  35.722  -22.898  27.218 0.0000000000
45589  36.212  -23.474  27.823 0.0000000000
44559  34.011  -24.258  31.454 0.0000000000
44570  33.689  -24.590  30.885 0.0000000000
42632  34.076  -25.582  30.426 0.0000000000
40087  30.861  -29.952  34.982 0.0000000000
40092  29.955  -29.964  33.913 0.0000000000
40091  30.520  -29.686  34.243 0.0000000000
63713  53.026  -3.432  16.890 0.0000000000
63732  53.476  -3.417  16.015 0.0000000000
63733  52.741  -3.557  15.394 0.0000000000
35677  23.057  -34.175  41.033 0.0000000000
36529  22.273  -34.015  40.573 0.0000000000
117835  22.136  -34.196  43.014 0.0000000000
131654  20.915  -33.814  42.044 0.0000000000
116523  23.244  -34.213  44.930 0.0000000000
35612  22.408  -34.132  44.597 0.0000000000
35601  21.146  -33.734  44.959 0.0000000000
35614  20.943  -33.685  44.036 0.0000000000
36483  20.310  -33.287  43.720 0.0000000000
36484  19.771  -32.927  43.481 0.0000000000
115600  19.201  -32.561  45.084 0.0000000000
36474  19.351  -32.654  44.206 0.0000000000
37354  18.679  -32.314  44.636 0.0000000000
37339  31.259  -33.275  44.837 0.0000000000
118733  31.427  -32.599  44.841 0.0000000000
37338  31.970  -32.932  44.425 0.0000000000
35607  31.640  -33.878  44.068 0.0000000000
35619  31.961  -34.087  43.422 0.0000000000
35608  31.306  -34.189  44.125 0.0000000000
128636  30.238  -34.895  44.007 0.0000000000
122956  29.129  -34.991  42.713 0.0000000000
35643  28.595  -35.123  43.318 0.0000000000
35594  28.292  -34.542  46.071 0.0000000000
35610  28.929  -34.755  45.410 0.0000000000
35624  27.293  -34.993  43.749 0.0000000000
122520  26.860  -34.838  42.649 0.0000000000
130976  27.547  -34.844  42.267 0.0000000000
35663  26.188  -34.586  41.841 0.0000000000
35665  23.858  -34.331  41.459 0.0000000000
35676  23.871  -34.092  40.570 0.0000000000
55681  40.847  -12.658  19.962 0.0000000000
57312  47.726  -9.993  31.731 0.0000000000
57314  44.934  -10.531  31.836 0.0000000000
44411  42.254  -24.894  40.381 0.0000000000
47408  44.670  -21.477  36.481 0.0000000000
47407  44.666  -20.898  36.189 0.0000000000
47414  44.618  -21.101  35.806 0.0000000000
47415  44.068  -21.534  35.433 0.0000000000
44498  42.080  -24.007  36.250 0.0000000000
45492  42.934  -23.743  36.536 0.0000000000
45510  42.473  -23.429  35.825 0.0000000000
46477  41.463  -22.661  34.491 0.0000000000
45524  41.926  -23.013  35.214 0.0000000000
47426  42.741  -21.438  34.454 0.0000000000
46494  41.825  -21.823  34.151 0.0000000000
47436  41.461  -21.536  33.350 0.0000000000
46510  40.023  -22.591  32.539 0.0000000000
46523  39.161  -22.798  31.392 0.0000000000
45560  38.537  -23.145  30.857 0.0000000000
45551  38.750  -23.412  31.754 0.0000000000
44540  38.293  -24.016  32.544 0.0000000000
44554  38.071  -23.864  31.930 0.0000000000
44555  37.709  -23.972  31.671 0.0000000000
44514  38.166  -24.883  33.852 0.0000000000
43519  37.289  -24.983  33.845 0.0000000000
44527  36.985  -24.681  33.252 0.0000000000
44543  36.167  -23.992  32.111 0.0000000000
129643  35.366  -24.200  32.544 0.0000000000
44529  34.599  -24.499  32.850 0.0000000000
44546  32.538  -24.813  32.052 0.0000000000
40106  26.538  -29.507  33.924 0.0000000000
40107  25.655  -29.377  33.557 0.0000000000
40970  24.697  -29.008  32.257 0.0000000000
40987  24.685  -28.622  31.563 0.0000000000
40986  25.537  -28.453  31.426 0.0000000000
41007  24.392  -28.311  30.744 0.0000000000
132527  21.670  -29.569  30.932 0.0000000000
117889  22.248  -29.169  30.563 0.0000000000
41027  22.790  -28.609  29.116 0.0000000000
41025  24.203  -28.092  30.045 0.0000000000
61960  50.048  -5.480  18.801 0.0000000000
61125  49.357  -6.549  17.717 0.0000000000
60248  51.002  -7.636  18.428 0.0000000000
37466  18.278  -32.561  35.091 0.0000000000
36530  21.442  -33.852  40.392 0.0000000000
36557  20.639  -33.306  39.327 0.0000000000
36531  20.706  -33.581  40.180 0.0000000000
112453  18.881  -32.518  38.170 0.0000000000
37433  18.114  -32.116  38.432 0.0000000000
126763  17.379  -31.717  40.673 0.0000000000
38311  16.901  -31.521  39.726 0.0000000000
38341  15.947  -31.918  38.113 0.0000000000
38325  16.783  -31.600  38.758 0.0000000000
40843  36.918  -28.522  43.047 0.0000000000
40842  37.400  -28.512  42.953 0.0000000000
40853  38.510  -28.790  42.448 0.0000000000
127134  39.314  -28.547  42.201 0.0000000000
40852  40.044  -28.124  41.899 0.0000000000
40866  39.521  -28.577  41.743 0.0000000000
40065  37.677  -29.226  40.418 0.0000000000
40884  39.234  -28.677  40.516 0.0000000000
40906  38.474  -28.643  39.880 0.0000000000
40926  38.926  -28.158  39.115 0.0000000000
41698  37.144  -27.789  38.667 0.0000000000
40074  35.011  -29.426  39.022 0.0000000000
40929  34.344  -29.081  38.393 0.0000000000
38309  34.597  -31.763  39.625 0.0000000000
128665  35.042  -31.104  39.623 0.0000000000
39202  32.833  -31.035  38.194 0.0000000000
39205  33.106  -30.285  37.905 0.0000000000
39206  32.420  -30.623  37.616 0.0000000000
39210  32.095  -30.322  36.939 0.0000000000
39207  31.782  -30.873  37.346 0.0000000000
130766  30.382  -31.184  36.832 0.0000000000
38343  30.771  -31.006  36.504 0.0000000000
35640  31.755  -34.373  42.800 0.0000000000
125240  32.044  -34.226  42.255 0.0000000000
36522  29.588  -33.607  40.919 0.0000000000
36539  30.278  -33.006  40.340 0.0000000000
36538  31.375  -33.007  40.055 0.0000000000
37404  29.620  -32.464  39.536 0.0000000000
38323  27.619  -31.643  38.395 0.0000000000
37423  28.095  -32.048  38.959 0.0000000000
38321  29.457  -31.651  38.100 0.0000000000
38335  27.942  -31.226  37.769 0.0000000000
39216  26.518  -30.710  36.860 0.0000000000
39215  27.411  -30.465  36.354 0.0000000000
114827  28.567  -30.562  36.163 0.0000000000
39230  24.676  -30.358  35.490 0.0000000000
39241  25.267  -29.982  34.991 0.0000000000
128385  23.824  -30.183  34.416 0.0000000000
38355  22.578  -31.225  35.668 0.0000000000
39245  21.371  -31.029  34.413 0.0000000000
39255  22.704  -30.240  33.786 0.0000000000
39256  21.866  -30.499  33.710 0.0000000000
117707  21.493  -30.348  32.967 0.0000000000
58482  49.212  -9.650  19.438 0.0000000000
58494  47.500  -9.714  18.671 0.0000000000
58493  48.393  -9.936  18.294 0.0000000000
57474  45.857  -9.834  18.180 0.0000000000
129160  46.151  -10.597  16.239 0.0000000000
57493  47.549  -11.076  15.770 0.0000000000
55691  40.857  -12.777  17.926 0.0000000000
56536  41.687  -12.147  17.734 0.0000000000
54791  41.405  -12.844  17.275 0.0000000000
38198  24.334  -31.922  48.684 0.0000000000
37300  23.359  -32.446  48.929 0.0000000000
37301  22.521  -32.488  49.216 0.0000000000
36420  22.009  -32.781  49.065 0.0000000000
37288  20.627  -32.599  49.275 0.0000000000
36421  21.146  -32.892  48.664 0.0000000000
36435  19.660  -32.785  47.585 0.0000000000
124488  18.395  -32.408  48.032 0.0000000000
132437  18.819  -32.509  47.280 0.0000000000
37329  18.306  -32.231  46.553 0.0000000000
37330  17.431  -31.933  46.709 0.0000000000
38189  15.725  -31.540  49.476 0.0000000000
113833  16.522  -31.640  50.230 0.0000000000
37292  17.458  -31.866  50.045 0.0000000000
38200  16.786  -31.908  48.321 0.0000000000
38223  15.926  -31.382  46.104 0.0000000000
38253  15.253  -31.519  44.350 0.0000000000
38238  14.576  -31.720  44.883 0.0000000000
36463  13.173  -33.461  45.488 0.0000000000
63667  52.509  -3.410  20.893 0.0000000000
63656  51.768  -3.872  21.346 0.0000000000
63644  53.296  -2.715  23.358 0.0000000000
61929  52.252  -5.313  23.426 0.0000000000
61094  51.603  -6.597  21.703 0.0000000000
60205  53.726  -7.689  22.165 0.0000000000
60216  53.492  -7.738  21.438 0.0000000000
59370  53.456  -8.414  20.731 0.0000000000
59362  53.711  -8.222  21.348 0.0000000000
60190  53.869  -7.757  23.892 0.0000000000
58421  52.619  -8.652  23.099 0.0000000000
58438  52.823  -8.760  22.044 0.0000000000
58452  52.930  -8.926  21.197 0.0000000000
58453  51.974  -9.141  21.533 0.0000000000
133550  50.160  -9.348  21.568 0.0000000000
58441  48.733  -9.751  22.430 0.0000000000
57404  47.682  -10.730  23.391 0.0000000000
57403  48.522  -10.343  23.509 0.0000000000
58456  47.832  -9.959  21.979 0.0000000000
57421  46.539  -10.895  22.680 0.0000000000
132933  45.472  -11.359  22.297 0.0000000000
56514  44.532  -11.624  21.627 0.0000000000
55589  48.832  -11.702  28.401 0.0000000000
55601  49.225  -11.607  28.165 0.0000000000
55617  48.211  -11.883  27.198 0.0000000000
112840  46.773  -12.447  27.244 0.0000000000
123434  46.265  -12.480  26.234 0.0000000000
55632  46.944  -12.309  26.278 0.0000000000
118301  46.328  -12.397  25.696 0.0000000000
55643  46.330  -12.260  25.079 0.0000000000
55644  45.574  -12.498  25.025 0.0000000000
55657  43.755  -12.850  23.482 0.0000000000
55656  44.321  -12.605  23.850 0.0000000000
55667  43.467  -12.847  22.825 0.0000000000
55668  42.904  -13.017  22.466 0.0000000000
55673  42.576  -12.904  21.804 0.0000000000
54764  42.312  -13.301  22.587 0.0000000000
54765  41.524  -13.489  22.526 0.0000000000
54766  40.771  -13.648  22.650 0.0000000000
53931  40.008  -13.702  22.229 0.0000000000
54740  41.653  -13.596  25.035 0.0000000000
54751  40.848  -13.802  24.695 0.0000000000
53913  39.336  -14.280  24.375 0.0000000000
53912  40.247  -13.889  24.073 0.0000000000
53932  38.492  -14.260  22.465 0.0000000000
56369  44.190  -11.670  33.745 0.0000000000
131754  43.982  -11.483  32.942 0.0000000000
55552  43.585  -12.564  32.574 0.0000000000
127043  45.528  -17.480  34.079 0.0000000000
51255  45.396  -16.503  35.019 0.0000000000
124045  45.437  -16.466  34.634 0.0000000000
52982  45.840  -15.444  34.980 0.0000000000
52139  45.486  -16.316  33.813 0.0000000000
49389  44.531  -18.802  32.578 0.0000000000
49405  44.270  -18.551  31.712 0.0000000000
52159  44.824  -16.777  31.211 0.0000000000
51302  45.069  -17.166  31.450 0.0000000000
52158  45.108  -16.469  31.600 0.0000000000
52999  45.398  -16.076  32.801 0.0000000000
53000  45.119  -15.760  32.322 0.0000000000
53845  44.693  -15.000  32.790 0.0000000000
53855  44.360  -15.325  32.008 0.0000000000
53019  43.011  -15.614  30.539 0.0000000000
53856  43.416  -14.675  31.699 0.0000000000
53857  42.774  -13.828  31.071 0.0000000000
55559  42.950  -12.895  31.316 0.0000000000
54687  42.214  -13.734  30.274 0.0000000000
53036  40.642  -15.699  28.407 0.0000000000
53041  40.104  -15.811  27.784 0.0000000000
52187  40.110  -16.689  27.449 0.0000000000
50434  40.320  -18.944  27.330 0.0000000000
50460  38.602  -18.682  25.688 0.0000000000
51352  38.895  -17.861  25.777 0.0000000000
127064  39.055  -17.150  25.936 0.0000000000
124257  38.570  -17.082  25.442 0.0000000000
52200  37.992  -17.059  24.871 0.0000000000
51360  37.618  -17.877  24.708 0.0000000000
49489  35.761  -19.108  23.859 0.0000000000
46586  34.941  -22.066  25.740 0.0000000000
45612  33.147  -23.871  25.591 0.0000000000
117011  33.127  -23.910  24.986 0.0000000000
45562  37.633  -23.860  29.854 0.0000000000
45578  35.829  -24.231  28.111 0.0000000000
44592  35.456  -24.683  28.527 0.0000000000
131597  34.946  -24.754  30.151 0.0000000000
44583  34.966  -25.077  29.725 0.0000000000
41699  36.075  -27.764  38.447 0.0000000000
41723  35.632  -27.317  37.796 0.0000000000
41737  34.040  -27.252  36.967 0.0000000000
41739  32.269  -28.089  35.891 0.0000000000
42579  31.993  -26.837  35.035 0.0000000000
42592  32.335  -26.180  34.711 0.0000000000
43508  32.821  -25.638  34.210 0.0000000000
42611  30.645  -26.262  32.398 0.0000000000
42610  31.080  -25.906  32.816 0.0000000000
43535  30.910  -25.671  31.902 0.0000000000
40125  27.948  -29.261  32.611 0.0000000000
40984  27.791  -28.621  30.987 0.0000000000
40967  28.987  -29.039  31.796 0.0000000000
41814  27.234  -27.736  28.591 0.0000000000
41799  26.863  -27.948  29.538 0.0000000000
41797  28.781  -27.752  29.463 0.0000000000
41783  29.903  -27.252  31.649 0.0000000000
42635  29.645  -26.739  30.220 0.0000000000
125649  30.051  -26.104  29.639 0.0000000000
43566  30.738  -25.631  30.041 0.0000000000
62801  51.196  -4.122  17.869 0.0000000000
63702  52.047  -3.678  17.387 0.0000000000
62811  51.177  -4.046  16.978 0.0000000000
62844  50.503  -4.329  14.762 0.0000000000
122824  51.310  -4.055  14.329 0.0000000000
58492  50.065  -9.776  18.824 0.0000000000
57461  50.502  -9.995  17.971 0.0000000000
35569  25.978  -33.639  47.562 0.0000000000
126005  25.434  -33.302  47.869 0.0000000000
40924  40.407  -27.609  39.525 0.0000000000
41680  41.058  -26.879  39.834 0.0000000000
41694  40.827  -26.898  39.191 0.0000000000
41718  40.392  -26.844  38.505 0.0000000000
122183  40.633  -26.160  37.964 0.0000000000
42534  41.079  -25.933  38.011 0.0000000000
42553  39.830  -25.929  37.236 0.0000000000
43475  38.780  -25.733  36.426 0.0000000000
42554  38.298  -26.165  36.836 0.0000000000
60236  53.268  -8.475  20.094 0.0000000000
58491  52.832  -9.301  18.430 0.0000000000
37444  20.781  -32.676  37.557 0.0000000000
38282  15.251  -31.616  42.259 0.0000000000
39151  34.554  -30.615  42.994 0.0000000000
38260  34.717  -31.743  42.605 0.0000000000
38277  34.843  -32.253  42.266 0.0000000000
37384  34.617  -32.774  41.691 0.0000000000
36505  34.081  -33.193  41.980 0.0000000000
36506  33.554  -33.553  41.805 0.0000000000
129563  33.072  -33.712  41.538 0.0000000000
36545  24.261  -33.780  39.838 0.0000000000
37441  23.078  -32.414  37.800 0.0000000000
130305  22.936  -32.830  38.267 0.0000000000
56522  44.162  -11.195  20.622 0.0000000000
129042  44.190  -10.677  19.778 0.0000000000
56527  43.030  -10.929  18.945 0.0000000000
129047  42.726  -10.982  18.283 0.0000000000
57342  51.642  -10.214  27.919 0.0000000000
57343  51.187  -10.731  28.209 0.0000000000
55578  44.368  -12.290  28.955 0.0000000000
129617  43.610  -12.424  28.859 0.0000000000
55593  43.215  -12.660  28.353 0.0000000000
55594  42.349  -12.872  28.653 0.0000000000
55581  41.698  -13.374  28.886 0.0000000000
47464  40.283  -21.504  31.387 0.0000000000
47480  40.846  -20.749  30.926 0.0000000000
48445  40.776  -20.515  29.067 0.0000000000
48456  40.546  -20.318  28.371 0.0000000000
47505  40.099  -20.841  28.661 0.0000000000
46546  38.202  -21.998  28.305 0.0000000000
46547  37.568  -22.870  28.623 0.0000000000
39224  30.619  -30.421  35.372 0.0000000000
63700  54.993  -3.384  17.510 0.0000000000
35647  23.925  -34.469  42.450 0.0000000000
35648  22.928  -34.368  42.708 0.0000000000
35600  21.713  -33.837  45.536 0.0000000000
126522  19.934  -33.015  44.216 0.0000000000
36461  19.772  -32.947  46.078 0.0000000000
119542  30.837  -33.097  45.340 0.0000000000
36471  30.850  -34.024  44.787 0.0000000000
35595  26.731  -34.764  45.770 0.0000000000
113221  26.816  -34.875  44.711 0.0000000000
123792  25.427  -34.557  42.003 0.0000000000
35646  24.959  -34.575  42.614 0.0000000000
43431  42.971  -24.861  39.254 0.0000000000
45436  43.714  -23.616  39.354 0.0000000000
46398  43.854  -22.772  39.402 0.0000000000
116392  44.769  -21.210  37.646 0.0000000000
48355  44.572  -20.733  37.117 0.0000000000
46410  44.864  -21.618  37.551 0.0000000000
46435  44.779  -21.530  37.056 0.0000000000
46436  44.664  -22.217  36.839 0.0000000000
44510  40.755  -23.959  35.253 0.0000000000
45511  41.586  -23.700  35.563 0.0000000000
45534  40.654  -23.075  34.103 0.0000000000
45543  39.592  -23.293  32.881 0.0000000000
45544  38.964  -23.631  32.485 0.0000000000
43505  36.700  -25.310  34.527 0.0000000000
43521  34.471  -24.997  33.698 0.0000000000
123138  33.280  -25.197  33.615 0.0000000000
40108  24.685  -29.466  33.458 0.0000000000
40127  24.317  -29.273  32.761 0.0000000000
40971  24.044  -29.023  32.055 0.0000000000
61111  49.982  -6.080  19.108 0.0000000000
60255  52.094  -8.298  17.834 0.0000000000
37456  18.420  -32.529  36.109 0.0000000000
36549  19.932  -33.201  39.820 0.0000000000
119212  15.995  -31.413  40.049 0.0000000000
38327  15.680  -31.770  38.806 0.0000000000
39998  37.452  -29.455  42.602 0.0000000000
39997  37.799  -29.036  42.615 0.0000000000
40019  37.739  -29.407  42.427 0.0000000000
39162  37.977  -29.657  41.938 0.0000000000
40035  38.469  -29.336  41.956 0.0000000000
40049  39.082  -29.024  41.674 0.0000000000
40050  38.513  -29.336  41.548 0.0000000000
40066  36.603  -29.318  39.883 0.0000000000
40067  35.701  -29.832  39.656 0.0000000000
39197  35.037  -30.327  39.356 0.0000000000
37418  33.118  -32.235  38.988 0.0000000000
38318  32.471  -31.678  38.427 0.0000000000
38330  31.719  -31.332  37.916 0.0000000000
38332  30.705  -31.307  37.221 0.0000000000
38333  29.881  -31.311  37.249 0.0000000000
114327  30.498  -34.606  42.303 0.0000000000
133994  30.773  -34.283  41.794 0.0000000000
35659  29.987  -34.249  41.591 0.0000000000
37425  26.292  -32.338  38.783 0.0000000000
128717  26.775  -31.739  38.327 0.0000000000
134778  27.208  -31.347  37.902 0.0000000000
39217  25.751  -30.644  36.519 0.0000000000
39219  24.126  -30.807  36.020 0.0000000000
112392  21.956  -31.587  35.879 0.0000000000
39257  20.430  -30.964  33.300 0.0000000000
38374  19.873  -31.374  33.445 0.0000000000
113659  44.858  -10.337  17.061 0.0000000000
57485  45.686  -10.375  16.644 0.0000000000
56541  44.898  -10.924  16.316 0.0000000000
37289  20.034  -32.294  49.559 0.0000000000
38190  14.902  -31.636  49.764 0.0000000000
38201  15.771  -31.589  48.419 0.0000000000
38212  16.160  -31.745  47.561 0.0000000000
38213  15.402  -31.603  47.564 0.0000000000
38224  15.039  -31.426  46.190 0.0000000000
112921  14.594  -31.604  45.594 0.0000000000
37346  13.928  -32.085  45.433 0.0000000000
64542  54.178  -2.557  20.925 0.0000000000
64532  54.035  -2.372  21.906 0.0000000000
63654  53.346  -2.808  22.398 0.0000000000
63629  53.006  -3.495  23.888 0.0000000000
61085  53.211  -7.181  23.081 0.0000000000
60204  53.959  -7.858  22.795 0.0000000000
59325  53.897  -8.003  24.320 0.0000000000
59337  53.470  -8.295  23.891 0.0000000000
129670  50.038  -9.429  23.218 0.0000000000
57391  47.979  -11.090  24.277 0.0000000000
128102  47.031  -10.986  23.260 0.0000000000
56488  46.387  -11.540  23.616 0.0000000000
56489  45.470  -11.916  23.513 0.0000000000
130934  50.117  -10.880  30.251 0.0000000000
56408  50.036  -11.281  29.656 0.0000000000
55590  48.195  -11.964  27.972 0.0000000000
55605  45.846  -12.603  27.282 0.0000000000
54728  45.365  -12.617  26.055 0.0000000000
55633  44.961  -12.657  25.344 0.0000000000
54747  43.713  -12.950  24.154 0.0000000000
54758  43.194  -13.114  23.474 0.0000000000
54759  42.500  -13.376  23.366 0.0000000000
54760  41.870  -13.569  23.566 0.0000000000
54741  40.795  -13.735  25.647 0.0000000000
113475  38.716  -14.481  23.937 0.0000000000
53923  38.156  -14.741  23.611 0.0000000000
53077  38.097  -15.121  24.217 0.0000000000
55539  44.766  -12.167  34.839 0.0000000000
55545  44.362  -12.621  33.870 0.0000000000
49348  45.322  -19.126  35.363 0.0000000000
50328  45.158  -18.290  35.413 0.0000000000
49359  45.509  -18.892  34.851 0.0000000000
49370  45.398  -18.716  34.213 0.0000000000
50354  45.515  -17.978  33.708 0.0000000000
50399  43.424  -18.718  30.343 0.0000000000
50398  44.087  -18.176  30.708 0.0000000000
51315  43.967  -17.397  30.288 0.0000000000
53017  44.567  -16.477  31.160 0.0000000000
53018  43.880  -16.439  30.584 0.0000000000
53026  42.551  -15.898  29.897 0.0000000000
53027  41.884  -15.701  29.482 0.0000000000
52174  41.875  -16.397  29.007 0.0000000000
52180  41.341  -16.556  28.606 0.0000000000
49468  39.522  -19.841  27.008 0.0000000000
50447  39.701  -19.157  26.845 0.0000000000
49469  38.955  -19.468  26.339 0.0000000000
50461  37.862  -18.702  25.140 0.0000000000
49488  36.520  -19.289  24.450 0.0000000000
48507  35.813  -19.871  24.344 0.0000000000
47557  33.999  -21.807  24.472 0.0000000000
46574  34.392  -22.739  26.155 0.0000000000
45603  33.429  -23.876  26.388 0.0000000000
45563  37.151  -24.257  29.865 0.0000000000
43575  34.581  -25.337  30.082 0.0000000000
41738  33.340  -27.523  36.644 0.0000000000
40951  31.283  -28.200  34.572 0.0000000000
41750  31.837  -27.665  35.176 0.0000000000
40968  26.200  -28.726  31.934 0.0000000000
117829  27.061  -28.657  31.581 0.0000000000
41812  29.169  -27.226  28.511 0.0000000000
121709  29.452  -26.868  29.319 0.0000000000
62812  50.397  -4.478  16.575 0.0000000000
57470  49.803  -10.423  17.456 0.0000000000
114546  24.647  -34.482  44.926 0.0000000000
125600  23.446  -34.147  45.853 0.0000000000
35581  23.803  -33.959  46.719 0.0000000000
35582  22.957  -33.878  46.532 0.0000000000
115778  27.460  -34.510  46.404 0.0000000000
113407  25.373  -34.611  45.043 0.0000000000
118230  41.113  -26.109  41.482 0.0000000000
42495  41.479  -26.266  40.851 0.0000000000
43411  41.907  -25.590  40.581 0.0000000000
43432  42.267  -25.134  40.107 0.0000000000
41666  41.462  -26.293  39.868 0.0000000000
42503  41.867  -25.743  39.853 0.0000000000
43444  42.450  -25.321  39.261 0.0000000000
43443  42.957  -25.033  39.008 0.0000000000
44467  43.381  -24.583  38.781 0.0000000000
44480  43.519  -24.298  38.160 0.0000000000
45472  44.005  -23.640  37.732 0.0000000000
44481  42.900  -24.664  37.863 0.0000000000
44491  42.529  -24.335  36.996 0.0000000000
128894  41.723  -24.581  36.679 0.0000000000
43472  40.847  -25.381  37.092 0.0000000000
43485  40.974  -24.789  36.447 0.0000000000
44500  40.489  -24.496  35.676 0.0000000000
123262  38.421  -24.961  34.731 0.0000000000
43489  37.104  -25.536  35.083 0.0000000000
40172  20.849  -29.914  29.756 0.0000000000
39294  20.256  -30.372  30.144 0.0000000000
61103  51.343  -6.923  20.912 0.0000000000
60227  51.256  -7.190  20.092 0.0000000000
60246  52.967  -8.493  18.762 0.0000000000
37464  19.968  -32.419  36.011 0.0000000000
117263  18.094  -32.340  36.890 0.0000000000
36512  19.110  -32.786  41.635 0.0000000000
38302  16.736  -31.496  41.233 0.0000000000
134038  14.995  -31.828  40.042 0.0000000000
37387  14.456  -32.478  41.327 0.0000000000
39150  35.563  -30.833  42.488 0.0000000000
112759  36.485  -30.280  42.420 0.0000000000
39149  37.076  -29.909  42.497 0.0000000000
39164  36.651  -30.424  42.200 0.0000000000
39190  35.883  -31.086  40.835 0.0000000000
37399  34.278  -32.522  40.021 0.0000000000
37393  34.526  -32.732  40.967 0.0000000000
37400  33.579  -32.678  39.656 0.0000000000
37401  32.810  -32.664  39.437 0.0000000000
37402  31.820  -32.497  39.198 0.0000000000
35674  27.317  -34.331  41.081 0.0000000000
36524  27.707  -33.733  40.609 0.0000000000
36525  26.754  -33.807  40.425 0.0000000000
37408  25.783  -33.040  39.160 0.0000000000
37426  25.398  -32.434  38.576 0.0000000000
37439  25.115  -31.993  37.918 0.0000000000
116022  24.807  -31.518  37.398 0.0000000000
38338  24.081  -31.661  37.271 0.0000000000
57448  46.278  -10.057  20.450 0.0000000000
58485  46.477  -9.824  19.711 0.0000000000
112652  44.953  -10.062  17.871 0.0000000000
57464  44.330  -10.266  18.425 0.0000000000
57486  44.152  -10.764  16.859 0.0000000000
38179  14.836  -31.645  50.647 0.0000000000
114449  14.155  -31.688  49.086 0.0000000000
127739  13.423  -32.468  46.871 0.0000000000
127770  12.818  -34.334  47.535 0.0000000000
58406  51.263  -9.691  25.424 0.0000000000
57388  50.470  -10.285  25.656 0.0000000000
57372  49.689  -10.828  26.072 0.0000000000
56456  48.435  -11.631  26.148 0.0000000000
56397  48.251  -10.931  30.451 0.0000000000
56410  47.742  -11.631  29.598 0.0000000000
54730  43.749  -12.856  25.936 0.0000000000
54739  43.082  -13.138  25.299 0.0000000000
54731  42.757  -13.027  26.085 0.0000000000
54732  41.775  -13.254  26.405 0.0000000000
53903  39.484  -14.961  26.690 0.0000000000
54641  45.875  -14.175  35.548 0.0000000000
48405  43.141  -19.875  32.476 0.0000000000
49407  43.060  -19.659  31.519 0.0000000000
48433  41.531  -20.214  30.430 0.0000000000
49420  42.913  -19.379  30.428 0.0000000000
128889  42.466  -19.267  29.632 0.0000000000
120612  42.386  -18.857  29.089 0.0000000000
50424  42.204  -18.327  28.697 0.0000000000
50425  41.594  -18.526  28.334 0.0000000000
49452  41.215  -19.139  28.213 0.0000000000
49453  40.508  -19.471  27.728 0.0000000000
49454  39.938  -20.010  27.457 0.0000000000
48486  38.886  -20.316  26.823 0.0000000000
48487  38.051  -20.555  26.489 0.0000000000
47544  37.245  -20.796  26.082 0.0000000000
47545  36.414  -21.109  25.661 0.0000000000
47534  36.776  -21.487  26.391 0.0000000000
46572  36.250  -22.187  26.805 0.0000000000
40083  32.443  -29.639  36.819 0.0000000000
40943  32.512  -28.841  36.491 0.0000000000
40090  31.108  -29.202  34.711 0.0000000000
40952  30.724  -28.867  33.977 0.0000000000
40956  30.315  -28.629  33.202 0.0000000000
40965  29.917  -28.490  32.462 0.0000000000
41816  25.297  -27.664  29.064 0.0000000000
41831  26.661  -27.600  27.967 0.0000000000
41843  27.138  -27.944  27.621 0.0000000000
134664  55.536  -3.651  15.978 0.0000000000
63731  54.688  -3.504  15.825 0.0000000000
63753  52.894  -3.626  14.566 0.0000000000
62842  52.181  -3.883  13.944 0.0000000000
61133  48.326  -6.609  15.549 0.0000000000
117061  22.614  -33.760  39.925 0.0000000000
134742  21.937  -33.771  39.994 0.0000000000
36509  21.618  -34.052  40.978 0.0000000000
36510  20.549  -33.639  41.640 0.0000000000
133199  20.107  -33.375  41.530 0.0000000000
113464  20.051  -33.260  42.092 0.0000000000
113083  23.037  -34.289  44.054 0.0000000000
35613  21.643  -33.970  44.313 0.0000000000
35629  21.473  -33.958  43.476 0.0000000000
36496  19.669  -32.910  42.699 0.0000000000
37355  17.975  -32.025  44.215 0.0000000000
132019  17.316  -31.749  44.598 0.0000000000
36468  32.609  -33.239  43.673 0.0000000000
36482  32.678  -33.855  42.918 0.0000000000
133419  31.892  -34.288  43.117 0.0000000000
35641  31.080  -34.611  42.920 0.0000000000
35621  30.894  -34.621  43.721 0.0000000000
35660  29.580  -34.707  42.118 0.0000000000
35661  28.664  -34.692  41.880 0.0000000000
124005  27.827  -34.647  41.720 0.0000000000
35623  28.829  -35.118  44.352 0.0000000000
114489  28.087  -35.123  43.840 0.0000000000
55685  42.049  -12.037  19.802 0.0000000000
55686  41.446  -12.205  19.304 0.0000000000
57321  50.192  -10.443  30.465 0.0000000000
57322  49.723  -10.478  30.608 0.0000000000
125714  49.158  -10.107  31.060 0.0000000000
125872  47.782  -10.481  30.972 0.0000000000
57300  46.895  -9.359  32.527 0.0000000000
56386  45.847  -10.897  30.970 0.0000000000
113688  44.797  -11.135  31.099 0.0000000000
48367  44.968  -19.716  35.852 0.0000000000
48377  45.223  -19.767  35.531 0.0000000000
130578  44.882  -20.304  34.708 0.0000000000
48389  44.185  -20.491  34.324 0.0000000000
45491  43.732  -23.406  36.906 0.0000000000
46437  44.092  -22.717  36.486 0.0000000000
46455  43.715  -22.371  35.743 0.0000000000
46456  42.836  -22.704  35.469 0.0000000000
46475  43.202  -21.863  35.161 0.0000000000
47425  43.693  -21.140  34.730 0.0000000000
47434  43.252  -20.716  33.963 0.0000000000
47448  41.897  -20.780  32.852 0.0000000000
46509  40.707  -22.052  32.973 0.0000000000
47450  40.469  -21.800  32.188 0.0000000000
46535  39.610  -21.987  31.020 0.0000000000
45553  37.940  -23.677  30.625 0.0000000000
44542  37.214  -24.282  32.443 0.0000000000
119718  34.066  -24.395  32.324 0.0000000000
44560  33.141  -24.624  31.425 0.0000000000
128658  27.560  -29.950  34.739 0.0000000000
40094  28.072  -29.751  33.985 0.0000000000
113330  27.231  -29.647  34.164 0.0000000000
40126  25.960  -29.050  32.702 0.0000000000
41801  24.987  -27.929  30.112 0.0000000000
41009  22.880  -28.680  30.051 0.0000000000
41008  23.639  -28.450  30.444 0.0000000000
62792  50.445  -4.745  18.383 0.0000000000
60249  49.904  -7.065  18.170 0.0000000000
132987  18.390  -32.484  34.415 0.0000000000
37447  17.219  -32.034  37.276 0.0000000000
37412  17.607  -31.858  39.028 0.0000000000
37434  17.399  -31.809  38.161 0.0000000000
40841  37.941  -28.417  42.862 0.0000000000
42486  39.814  -26.218  42.529 0.0000000000
121625  40.593  -26.508  41.897 0.0000000000
41656  40.439  -27.490  41.287 0.0000000000
120411  40.209  -27.868  40.543 0.0000000000
40883  39.626  -28.507  41.080 0.0000000000
40905  39.927  -28.177  40.174 0.0000000000
40925  39.814  -27.976  39.357 0.0000000000
41697  38.294  -27.584  38.441 0.0000000000
41721  37.483  -27.155  37.906 0.0000000000
123565  35.675  -28.294  38.719 0.0000000000
38316  34.047  -31.492  38.946 0.0000000000
40079  33.235  -29.576  37.657 0.0000000000
39212  30.871  -30.669  35.928 0.0000000000
39226  29.038  -30.423  35.327 0.0000000000
35658  32.810  -33.953  42.218 0.0000000000
36507  32.408  -33.905  41.551 0.0000000000
36520  31.959  -33.557  40.756 0.0000000000
36541  28.163  -33.026  40.170 0.0000000000
37405  28.605  -32.457  39.592 0.0000000000
38345  29.184  -30.962  36.734 0.0000000000
39227  28.004  -30.239  35.463 0.0000000000
40096  25.015  -29.694  34.211 0.0000000000
40097  24.222  -29.832  33.996 0.0000000000
40110  23.102  -29.821  33.184 0.0000000000
38349  24.475  -31.165  36.763 0.0000000000
39232  22.862  -30.813  35.102 0.0000000000
39243  23.160  -30.398  34.452 0.0000000000
39269  21.111  -30.242  32.278 0.0000000000
123017  20.514  -30.559  32.240 0.0000000000
39271  20.013  -30.980  32.639 0.0000000000
112578  49.060  -9.793  18.770 0.0000000000
58501  46.809  -9.770  18.021 0.0000000000
57473  47.110  -9.948  17.207 0.0000000000
57483  47.513  -10.458  16.475 0.0000000000
56529  41.789  -11.816  18.552 0.0000000000
56531  42.229  -11.419  18.008 0.0000000000
56535  42.423  -11.695  17.340 0.0000000000
38197  25.033  -32.243  48.311 0.0000000000
37299  24.287  -32.563  48.536 0.0000000000
36418  23.677  -33.012  48.499 0.0000000000
37302  21.900  -32.455  49.411 0.0000000000
124560  21.205  -33.173  47.762 0.0000000000
36449  20.035  -33.022  46.811 0.0000000000
37343  18.644  -32.310  45.622 0.0000000000
38235  17.097  -31.692  45.244 0.0000000000
116603  17.706  -32.204  48.181 0.0000000000
37345  16.846  -31.588  46.026 0.0000000000
38252  16.315  -31.514  44.621 0.0000000000
38254  14.904  -31.638  43.563 0.0000000000
37366  14.124  -32.269  43.603 0.0000000000
63686  54.482  -2.970  19.043 0.0000000000
63677  53.661  -3.164  19.336 0.0000000000
133532  52.882  -3.367  19.491 0.0000000000
63668  52.321  -3.564  20.005 0.0000000000
62777  51.203  -4.478  20.769 0.0000000000
61944  50.876  -5.316  20.998 0.0000000000
64522  53.774  -2.228  22.832 0.0000000000
62760  51.882  -3.962  22.290 0.0000000000
61095  50.848  -6.129  21.114 0.0000000000
132125  53.179  -7.779  20.756 0.0000000000
129869  52.999  -9.044  20.509 0.0000000000
61084  53.717  -7.398  23.690 0.0000000000
59351  53.947  -8.080  22.142 0.0000000000
113195  49.899  -9.566  20.914 0.0000000000
58454  50.865  -9.104  21.949 0.0000000000
58470  48.852  -9.572  20.883 0.0000000000
58425  49.346  -9.765  23.233 0.0000000000
131773  49.218  -10.240  23.981 0.0000000000
57433  46.765  -9.962  20.916 0.0000000000
57434  46.169  -10.339  21.185 0.0000000000
125953  45.594  -10.722  21.341 0.0000000000
57436  45.014  -10.929  21.040 0.0000000000
57336  51.227  -10.752  28.850 0.0000000000
56432  50.611  -11.185  28.416 0.0000000000
56422  49.967  -11.426  28.520 0.0000000000
56433  49.769  -11.408  27.930 0.0000000000
55603  47.862  -12.060  27.480 0.0000000000
55604  47.344  -12.265  27.231 0.0000000000
55618  47.537  -12.145  26.859 0.0000000000
55631  47.464  -12.090  26.276 0.0000000000
55654  45.923  -12.091  24.362 0.0000000000
55665  44.788  -12.266  23.456 0.0000000000
55671  44.051  -12.318  22.258 0.0000000000
55678  43.016  -12.401  21.238 0.0000000000
55674  42.058  -12.737  21.118 0.0000000000
54778  41.245  -12.941  20.959 0.0000000000
54750  41.777  -13.609  24.240 0.0000000000
53921  40.576  -13.753  23.316 0.0000000000
129451  39.345  -13.947  22.707 0.0000000000
57302  44.648  -10.390  32.750 0.0000000000
119002  44.162  -11.036  32.457 0.0000000000
56388  43.605  -11.916  31.228 0.0000000000
53826  45.949  -14.813  35.277 0.0000000000
53827  45.949  -14.582  34.962 0.0000000000
50371  45.433  -17.606  32.728 0.0000000000
50386  44.704  -17.803  31.426 0.0000000000
50385  45.193  -17.505  31.922 0.0000000000
51289  45.580  -16.927  32.703 0.0000000000
52998  45.466  -16.096  33.550 0.0000000000
53834  45.527  -14.929  34.122 0.0000000000
54651  45.544  -14.186  34.405 0.0000000000
53835  45.089  -14.586  33.594 0.0000000000
54652  44.730  -13.625  33.799 0.0000000000
54653  43.987  -13.024  33.150 0.0000000000
55558  43.266  -12.694  32.001 0.0000000000
126877  43.287  -12.335  31.503 0.0000000000
55566  43.107  -12.418  30.858 0.0000000000
54695  41.325  -14.028  28.963 0.0000000000
53877  41.440  -14.736  29.307 0.0000000000
53885  40.871  -14.622  28.572 0.0000000000
126690  39.822  -15.122  27.399 0.0000000000
51336  41.218  -18.121  28.070 0.0000000000
52186  40.677  -17.552  27.748 0.0000000000
51344  39.899  -18.378  26.906 0.0000000000
51338  39.982  -17.453  27.049 0.0000000000
52188  39.681  -16.550  26.929 0.0000000000
53051  39.289  -15.929  26.532 0.0000000000
52199  38.306  -16.265  25.141 0.0000000000
51361  36.938  -17.811  24.211 0.0000000000
47546  35.509  -21.440  25.332 0.0000000000
47547  34.663  -21.781  25.086 0.0000000000
45576  37.271  -23.602  28.726 0.0000000000
45570  37.278  -24.066  29.166 0.0000000000
42539  36.960  -26.728  37.290 0.0000000000
42540  35.343  -26.988  37.187 0.0000000000
42557  35.627  -26.573  36.644 0.0000000000
123178  35.177  -26.343  36.118 0.0000000000
43492  34.111  -25.861  35.157 0.0000000000
41749  32.422  -27.246  35.640 0.0000000000
42559  33.081  -26.997  35.996 0.0000000000
42577  33.527  -26.412  35.648 0.0000000000
43523  32.509  -25.383  33.464 0.0000000000
43524  31.746  -25.614  33.197 0.0000000000
43533  32.277  -25.176  32.779 0.0000000000
40124  28.621  -29.234  32.345 0.0000000000
40966  29.450  -28.866  32.105 0.0000000000
41004  27.415  -28.252  30.275 0.0000000000
41003  28.341  -28.322  30.276 0.0000000000
41768  29.632  -28.198  31.761 0.0000000000
43549  30.744  -25.495  30.950 0.0000000000
62827  51.181  -3.988  16.100 0.0000000000
63734  51.938  -3.692  15.688 0.0000000000
62854  51.409  -4.252  13.419 0.0000000000
62002  48.458  -5.827  15.178 0.0000000000
58480  52.272  -9.451  19.154 0.0000000000
57469  51.576  -9.859  17.709 0.0000000000
36469  31.828  -33.519  44.168 0.0000000000
36470  31.153  -33.802  44.616 0.0000000000
38326  16.205  -31.672  38.564 0.0000000000
39163  37.364  -29.801  42.377 0.0000000000
39977  35.272  -28.926  43.290 0.0000000000
41655  40.978  -26.872  40.780 0.0000000000
41681  40.711  -27.361  39.797 0.0000000000
42494  41.774  -25.861  40.302 0.0000000000
42522  40.774  -26.422  38.408 0.0000000000
43412  41.577  -25.689  41.141 0.0000000000
44427  43.184  -24.264  39.580 0.0000000000
46397  44.267  -23.189  38.900 0.0000000000
47506  39.631  -21.121  28.277 0.0000000000
48338  44.513  -20.563  37.450 0.0000000000
48368  44.630  -20.323  36.451 0.0000000000
48379  45.059  -20.258  35.398 0.0000000000
49360  45.401  -19.548  35.131 0.0000000000
50353  45.493  -18.112  34.446 0.0000000000
50400  42.908  -18.756  29.740 0.0000000000
51271  45.487  -16.787  34.072 0.0000000000
51288  45.533  -16.739  33.405 0.0000000000
51301  45.534  -17.051  31.997 0.0000000000
52132  45.625  -15.877  34.913 0.0000000000
52133  45.525  -16.076  34.492 0.0000000000
52150  45.516  -16.456  33.027 0.0000000000
52165  44.302  -16.843  30.661 0.0000000000
52194  39.384  -16.846  26.446 0.0000000000
52988  45.546  -15.799  34.277 0.0000000000
52989  45.455  -15.662  33.826 0.0000000000
53008  45.303  -16.214  32.000 0.0000000000
53025  43.223  -16.485  29.974 0.0000000000
53867  43.041  -14.931  31.126 0.0000000000
53868  42.558  -14.570  30.651 0.0000000000
54635  45.692  -13.300  35.708 0.0000000000
54665  44.322  -13.996  33.044 0.0000000000
54666  43.614  -13.340  32.520 0.0000000000
56528  42.034  -11.760  19.213 0.0000000000
57449  45.613  -10.407  20.688 0.0000000000
57466  42.829  -11.047  17.716 0.0000000000
58499  48.177  -10.113  17.773 0.0000000000
113828  45.397  -19.296  34.663 0.0000000000
123889  45.412  -17.290  34.623 0.0000000000
127165  26.723  -33.372  39.918 0.0000000000
130612  40.446  -27.777  40.003 0.0000000000
131629  40.195  -14.054  25.465 0.0000000000
131782  43.381  -24.646  39.009 0.0000000000
132616  45.252  -16.748  31.637 0.0000000000
132944  43.455  -23.059  39.657 0.0000000000
134124  39.032  -29.037  41.159 0.0000000000
134757  40.095  -13.776  22.880 0.0000000000
134962  42.547  -12.586  21.191 0.0000000000
135885  40.230  -27.926  39.777 0.0000000000
