#!ascii label  , from subject sub-v1s10x0051073_ses-1 vox2ras=TkReg
333
22823  -37.848  -44.793  -34.197 0.6999999881
22808  -38.002  -44.843  -33.181 0.6000000238
21883  -39.010  -45.586  -31.507 0.4000000060
20995  -31.725  -46.971  -34.524 0.6999999881
20996  -33.193  -46.875  -33.963 0.6999999881
21019  -32.982  -46.297  -34.757 0.6000000238
21020  -34.159  -46.244  -34.401 0.6000000238
21918  -33.847  -45.638  -34.949 0.6000000238
113192  -35.062  -46.302  -34.339 0.6000000238
115875  -34.433  -45.125  -34.952 0.5000000000
115283  -35.887  -44.903  -34.571 0.5000000000
116471  -35.096  -44.691  -34.568 0.5000000000
116531  -35.861  -44.219  -34.116 0.6000000238
22821  -36.789  -44.226  -33.941 0.6000000238
23746  -36.936  -43.884  -33.066 0.6000000238
22822  -37.436  -44.431  -33.615 0.6000000238
21017  -30.463  -46.824  -34.783 0.6000000238
21030  -30.800  -46.153  -35.312 0.6000000238
21018  -31.715  -46.289  -35.170 0.6000000238
21917  -32.781  -45.702  -35.491 0.6000000238
21934  -32.584  -45.175  -35.997 0.6000000238
22833  -33.571  -45.047  -35.490 0.6000000238
22834  -34.316  -44.502  -34.882 0.6000000238
23771  -34.902  -43.967  -34.295 0.6999999881
23759  -35.421  -43.436  -33.697 0.6000000238
23760  -36.202  -43.664  -33.385 0.6000000238
22807  -37.552  -44.256  -32.468 0.5000000000
102336  -38.240  -44.941  -32.028 0.5000000000
20994  -30.508  -47.099  -34.342 0.6000000238
21016  -30.262  -46.296  -35.003 0.6000000238
21932  -30.737  -45.617  -35.563 0.6000000238
21933  -31.697  -45.592  -35.926 0.6000000238
22849  -31.972  -44.883  -36.485 0.6000000238
22850  -32.950  -44.392  -36.075 0.6000000238
118421  -33.697  -44.219  -35.340 0.6000000238
107145  -34.110  -43.699  -34.726 0.6999999881
23745  -36.454  -43.295  -32.611 0.6000000238
117863  -37.036  -43.609  -32.294 0.6000000238
22795  -38.528  -44.809  -31.047 0.4000000060
21903  -30.461  -46.324  -33.907 0.6000000238
20993  -30.273  -46.604  -34.654 0.6000000238
21931  -30.338  -45.552  -35.092 0.6000000238
22848  -31.241  -45.140  -36.170 0.6000000238
22856  -31.160  -44.459  -36.334 0.5000000000
117705  -32.092  -43.811  -36.696 0.6000000238
23769  -33.407  -43.472  -35.477 0.6999999881
107982  -35.183  -42.625  -33.501 0.6000000238
23758  -34.639  -43.129  -34.090 0.6000000238
23744  -35.774  -42.990  -32.981 0.6000000238
23734  -38.131  -44.053  -30.795 0.4000000060
22794  -37.959  -44.355  -31.560 0.5000000000
22819  -30.421  -45.470  -34.561 0.6000000238
22832  -30.227  -44.524  -35.073 0.6000000238
22847  -30.490  -44.799  -35.646 0.5000000000
115136  -30.164  -44.062  -35.295 0.5000000000
22855  -30.429  -44.092  -35.792 0.5000000000
24749  -32.243  -42.705  -36.679 0.6000000238
23779  -32.946  -43.085  -36.433 0.6999999881
24739  -33.917  -42.089  -34.574 0.6999999881
23770  -33.879  -42.818  -34.596 0.6999999881
25760  -34.435  -41.404  -34.397 0.6000000238
24731  -34.498  -42.282  -34.045 0.6000000238
24717  -36.221  -42.588  -32.365 0.6000000238
23733  -37.488  -43.612  -31.543 0.5000000000
23723  -37.843  -43.209  -30.654 0.4000000060
107965  -30.965  -45.100  -33.530 0.6000000238
22820  -30.813  -44.489  -34.333 0.6000000238
23767  -30.002  -43.743  -35.106 0.6000000238
23789  -30.104  -43.338  -35.412 0.5000000000
114205  -30.360  -42.688  -36.039 0.6000000238
24759  -30.159  -41.843  -35.897 0.5000000000
112481  -31.342  -43.015  -36.526 0.6000000238
24760  -31.126  -42.067  -36.425 0.5000000000
122245  -33.101  -41.413  -36.352 0.5000000000
24750  -32.998  -42.171  -36.369 0.6000000238
26729  -33.676  -40.658  -36.231 0.5000000000
25773  -33.510  -41.471  -35.858 0.5000000000
25759  -33.776  -41.613  -34.976 0.6000000238
121013  -34.608  -40.244  -35.355 0.4000000060
26721  -34.750  -40.493  -34.752 0.4000000060
118957  -35.002  -40.885  -33.986 0.5000000000
112543  -35.110  -41.680  -33.511 0.6000000238
26714  -35.399  -40.798  -33.298 0.5000000000
25733  -35.629  -41.444  -32.830 0.6000000238
26706  -36.037  -40.626  -32.479 0.5000000000
25734  -36.114  -41.737  -32.292 0.6000000238
25723  -36.660  -42.158  -31.716 0.6000000238
24703  -37.289  -42.643  -31.212 0.6000000238
23742  -31.527  -44.056  -33.249 0.5000000000
23768  -30.273  -43.765  -34.875 0.5000000000
117430  -30.027  -43.029  -35.083 0.5000000000
24748  -29.907  -42.120  -35.383 0.4000000060
25784  -30.271  -41.125  -36.060 0.4000000060
25785  -31.382  -41.077  -36.505 0.5000000000
24761  -32.340  -41.760  -36.614 0.5000000000
25786  -32.613  -40.883  -36.556 0.5000000000
27703  -35.110  -38.768  -35.646 0.4000000060
26730  -34.423  -40.065  -35.859 0.4000000060
111476  -34.913  -39.711  -35.274 0.4000000060
27694  -35.302  -39.115  -34.613 0.5000000000
26722  -35.209  -40.044  -34.099 0.5000000000
27686  -35.569  -39.330  -33.577 0.5000000000
114761  -35.592  -40.052  -33.207 0.5000000000
27679  -35.972  -39.579  -32.784 0.5000000000
25724  -37.136  -41.624  -30.956 0.5000000000
24688  -37.667  -42.327  -30.418 0.5000000000
110409  -36.554  -41.223  -31.691 0.6000000238
26738  -31.573  -40.153  -36.493 0.4000000060
26739  -32.895  -40.005  -36.585 0.5000000000
27711  -34.049  -38.814  -36.429 0.5000000000
120553  -37.294  -40.732  -30.288 0.5000000000
25713  -37.590  -41.575  -30.159 0.3000000119
28637  -35.968  -38.758  -33.035 0.5000000000
107972  -36.342  -39.804  -32.186 0.5000000000
26698  -36.858  -40.787  -31.088 0.5000000000
27710  -32.977  -39.097  -36.510 0.4000000060
27702  -34.642  -39.250  -36.063 0.4000000060
28667  -34.045  -37.979  -36.406 0.4000000060
29678  -35.404  -37.347  -35.231 0.4000000060
28661  -35.208  -37.874  -35.916 0.4000000060
28645  -35.550  -38.501  -33.885 0.4000000060
29671  -35.559  -37.652  -34.148 0.4000000060
28646  -35.944  -37.941  -33.253 0.5000000000
26689  -36.871  -39.995  -30.892 0.5000000000
27680  -36.324  -39.042  -32.321 0.5000000000
27661  -36.566  -39.442  -31.587 0.5000000000
26697  -36.553  -40.324  -31.662 0.5000000000
111350  -35.581  -36.797  -34.423 0.4000000060
29672  -35.877  -37.085  -33.449 0.4000000060
27662  -37.192  -39.707  -30.007 0.4000000060
28638  -36.295  -38.225  -32.497 0.5000000000
28628  -36.519  -38.522  -31.697 0.5000000000
30604  -35.758  -36.185  -33.710 0.4000000060
120073  -36.821  -38.916  -30.693 0.4000000060
108686  -37.256  -38.895  -29.768 0.3000000119
29666  -36.252  -37.410  -32.660 0.5000000000
29660  -36.476  -37.681  -31.924 0.5000000000
28619  -37.078  -37.973  -29.944 0.3000000119
30599  -36.209  -36.456  -32.734 0.4000000060
29651  -36.671  -37.869  -31.035 0.5000000000
114433  -36.440  -36.998  -32.126 0.4000000060
108457  -36.585  -37.049  -31.409 0.5000000000
31523  -36.068  -35.496  -33.165 0.4000000060
29640  -37.635  -37.501  -29.103 0.3000000119
29652  -36.800  -37.087  -30.476 0.4000000060
31516  -36.399  -35.579  -32.317 0.4000000060
107438  -35.994  -34.618  -33.587 0.5000000000
118771  -37.208  -37.089  -29.662 0.3000000119
30571  -37.603  -36.621  -29.109 0.4000000060
30555  -38.167  -36.093  -28.678 0.4000000060
105929  -38.315  -37.013  -28.627 0.4000000060
30582  -36.681  -36.289  -30.961 0.5000000000
30583  -37.013  -36.241  -29.935 0.4000000060
110686  -36.548  -34.801  -31.985 0.5000000000
30591  -36.503  -36.330  -31.846 0.5000000000
31509  -36.611  -35.537  -31.492 0.5000000000
31504  -36.819  -35.471  -30.633 0.4000000060
121638  -37.141  -35.387  -29.864 0.4000000060
31475  -38.040  -35.354  -28.752 0.4000000060
30556  -38.953  -36.312  -28.432 0.3000000119
112924  -36.304  -34.777  -32.742 0.5000000000
33317  -37.794  -34.076  -29.052 0.4000000060
33318  -38.298  -33.705  -28.757 0.3000000119
34219  -36.328  -32.389  -33.031 0.5000000000
105767  -37.284  -33.809  -29.914 0.4000000060
32414  -37.008  -34.668  -30.324 0.4000000060
32406  -37.540  -34.807  -29.306 0.4000000060
117733  -38.369  -34.610  -28.647 0.4000000060
113839  -39.366  -34.813  -28.449 0.3000000119
32428  -36.228  -33.941  -33.107 0.5000000000
32413  -36.728  -34.718  -31.197 0.5000000000
123268  -36.449  -34.157  -32.406 0.5000000000
104117  -37.408  -32.871  -29.821 0.4000000060
33331  -37.740  -33.452  -29.245 0.4000000060
35103  -36.087  -31.850  -33.350 0.5000000000
32387  -39.053  -34.023  -28.464 0.3000000119
33353  -36.489  -33.259  -32.512 0.5000000000
33354  -36.744  -33.054  -31.563 0.5000000000
33344  -37.014  -32.964  -30.683 0.5000000000
32422  -36.857  -33.858  -30.921 0.5000000000
32421  -36.617  -33.974  -31.758 0.5000000000
33332  -38.063  -32.784  -29.001 0.4000000060
35091  -35.836  -31.362  -33.036 0.5000000000
35963  -36.868  -31.112  -31.129 0.5000000000
34170  -38.835  -32.380  -28.592 0.3000000119
117530  -38.870  -33.235  -28.543 0.3000000119
35972  -36.195  -31.012  -32.320 0.5000000000
35079  -36.614  -31.455  -31.876 0.5000000000
34210  -36.620  -32.296  -32.170 0.5000000000
22836  -37.396  -44.641  -34.564 0.6000000238
21893  -38.622  -45.540  -32.639 0.5000000000
21919  -34.983  -45.562  -34.670 0.6000000238
123285  -32.919  -43.728  -36.338 0.6999999881
24738  -33.411  -42.383  -35.357 0.6999999881
24718  -36.816  -43.002  -31.918 0.6000000238
24716  -35.633  -42.215  -32.850 0.6000000238
26740  -33.926  -39.690  -36.366 0.5000000000
111285  -34.208  -40.806  -35.380 0.4000000060
28653  -35.362  -38.223  -34.944 0.4000000060
28660  -34.767  -38.371  -36.258 0.4000000060
31492  -37.563  -35.754  -29.199 0.4000000060
31476  -38.735  -35.481  -28.490 0.3000000119
35092  -36.336  -31.704  -32.655 0.5000000000
35080  -36.929  -32.054  -31.255 0.5000000000
107078  -36.811  -49.377  -38.487 0.5000000000
19268  -37.992  -48.665  -40.120 0.5000000000
19265  -37.813  -48.813  -38.604 0.5000000000
20156  -39.824  -46.774  -39.713 0.5000000000
20159  -39.888  -46.775  -40.401 0.5000000000
19272  -38.944  -47.880  -40.399 0.4000000060
18313  -37.202  -49.191  -37.460 0.5000000000
20158  -39.646  -46.784  -39.999 0.5000000000
19269  -38.870  -47.743  -39.345 0.5000000000
20148  -41.218  -47.892  -37.329 0.4000000060
17363  -35.412  -49.951  -35.417 0.6999999881
18294  -36.196  -49.554  -35.754 0.6999999881
18303  -37.375  -48.976  -36.726 0.6999999881
109318  -37.851  -48.584  -37.430 0.5000000000
20153  -39.875  -47.178  -38.462 0.5000000000
20155  -39.569  -47.099  -38.958 0.5000000000
19266  -38.710  -47.896  -38.149 0.5000000000
108383  -41.243  -47.686  -36.684 0.5000000000
20154  -40.562  -47.633  -38.094 0.5000000000
16420  -33.749  -51.148  -34.875 0.5000000000
16421  -34.395  -50.662  -34.995 0.6999999881
17349  -34.897  -50.131  -34.699 0.6999999881
17362  -34.870  -50.428  -35.548 0.6999999881
17350  -35.678  -49.515  -34.830 0.6999999881
18302  -36.785  -49.347  -36.576 0.6000000238
19259  -38.436  -47.793  -37.192 0.6999999881
19258  -37.785  -48.368  -36.622 0.6000000238
108667  -39.604  -47.348  -37.267 0.5000000000
20152  -39.212  -47.390  -37.630 0.6000000238
117970  -40.528  -47.550  -37.439 0.5000000000
20138  -40.777  -47.464  -36.020 0.5000000000
119245  -33.554  -50.954  -34.238 0.5000000000
17348  -34.138  -50.592  -34.388 0.6999999881
18281  -36.513  -48.965  -34.973 0.6999999881
18280  -35.811  -48.858  -34.262 0.6999999881
18279  -35.145  -49.482  -34.079 0.6999999881
18295  -37.199  -48.916  -35.874 0.8000000119
19253  -37.132  -48.179  -35.252 0.6999999881
20145  -38.590  -47.188  -36.765 0.6000000238
20144  -38.092  -46.880  -36.419 0.6999999881
20146  -39.082  -46.925  -36.511 0.6999999881
109167  -38.938  -47.108  -36.861 0.6000000238
102453  -39.774  -47.334  -36.012 0.6000000238
20137  -40.032  -47.461  -35.166 0.6000000238
104153  -31.996  -51.038  -33.886 0.5000000000
103475  -32.751  -50.193  -33.630 0.6000000238
16406  -32.835  -50.924  -33.880 0.5000000000
18265  -33.666  -49.739  -33.589 0.6000000238
17335  -34.426  -50.035  -33.905 0.6000000238
19240  -35.713  -48.204  -33.899 0.6999999881
18267  -35.200  -48.777  -33.716 0.6000000238
19241  -36.415  -48.206  -34.492 0.6999999881
19254  -37.734  -47.964  -36.011 0.6999999881
21034  -39.088  -46.641  -35.812 0.6999999881
17333  -31.958  -50.446  -33.707 0.5000000000
104619  -33.809  -48.953  -33.434 0.6000000238
110965  -34.624  -48.662  -33.483 0.6000000238
20135  -36.809  -47.284  -35.019 0.8000000119
115549  -36.364  -46.514  -34.837 0.5000000000
20120  -35.450  -47.702  -33.783 0.6000000238
20136  -37.557  -47.068  -35.781 0.6999999881
21031  -37.224  -46.084  -35.670 0.6999999881
21022  -38.524  -45.873  -35.571 0.6999999881
21937  -38.053  -45.581  -35.937 0.6999999881
20122  -39.925  -47.466  -34.096 0.5000000000
21023  -39.247  -46.859  -34.756 0.6999999881
20977  -39.579  -46.784  -32.869 0.5000000000
18263  -31.467  -49.965  -33.325 0.5000000000
18264  -31.862  -49.788  -33.599 0.5000000000
19223  -31.558  -48.471  -33.747 0.6000000238
103764  -32.433  -49.296  -33.600 0.6000000238
19224  -32.880  -48.420  -33.553 0.6000000238
20103  -33.627  -47.534  -33.562 0.6000000238
19225  -34.222  -48.192  -33.392 0.6000000238
21935  -36.859  -45.500  -35.308 0.6000000238
20997  -34.442  -46.860  -33.824 0.5000000000
21936  -37.601  -45.444  -35.707 0.6000000238
21904  -38.369  -45.331  -33.855 0.6000000238
21922  -38.004  -45.106  -35.156 0.6000000238
110954  -31.466  -49.099  -33.432 0.5000000000
20102  -31.785  -47.856  -34.068 0.6000000238
20998  -35.459  -46.944  -34.153 0.5000000000
21920  -36.565  -45.060  -34.922 0.4000000060
21021  -35.885  -45.802  -34.718 0.5000000000
18249  -31.244  -49.673  -33.015 0.5000000000
19222  -31.288  -48.313  -33.602 0.6000000238
118094  -31.030  -48.051  -34.022 0.6000000238
22835  -36.722  -44.646  -34.614 0.5000000000
19209  -31.258  -48.902  -33.129 0.5000000000
20101  -30.788  -47.550  -34.300 0.6000000238
18240  -31.363  -49.466  -32.161 0.5000000000
116418  -31.205  -48.389  -33.248 0.6000000238
18239  -31.133  -49.803  -31.126 0.5000000000
19199  -31.517  -48.646  -32.057 0.5000000000
20087  -31.281  -47.947  -32.661 0.5000000000
20975  -30.916  -47.185  -33.314 0.6000000238
20100  -30.943  -47.845  -33.866 0.6000000238
18230  -31.417  -49.124  -31.213 0.5000000000
19186  -31.489  -48.471  -30.821 0.5000000000
20069  -31.651  -47.798  -31.358 0.5000000000
19185  -31.023  -48.359  -30.025 0.5000000000
20068  -31.378  -47.687  -30.378 0.5000000000
20964  -31.587  -47.093  -31.862 0.5000000000
112612  -31.336  -46.324  -32.366 0.4000000060
20955  -31.643  -46.984  -30.795 0.4000000060
107072  -31.652  -46.258  -31.166 0.4000000060
21892  -31.287  -45.469  -32.573 0.4000000060
21921  -37.250  -44.951  -35.202 0.6000000238
20965  -39.269  -46.172  -32.285 0.4000000060
21033  -38.370  -46.191  -36.140 0.6999999881
21032  -37.920  -46.044  -36.223 0.6999999881
20121  -36.060  -47.517  -34.272 0.6000000238
19226  -35.080  -48.166  -33.503 0.6000000238
20999  -38.771  -46.044  -34.389 0.6000000238
20976  -38.977  -46.186  -33.246 0.6000000238
17334  -33.622  -50.459  -33.833 0.5000000000
18266  -34.524  -49.283  -33.613 0.6000000238
20104  -34.783  -47.551  -33.563 0.5000000000
20147  -40.182  -47.443  -36.671 0.5000000000
20161  -39.732  -47.114  -40.675 0.5000000000
20162  -39.962  -47.112  -40.869 0.5000000000
21000  -39.401  -46.951  -33.719 0.5000000000
21039  -38.450  -46.664  -36.437 0.6999999881
23790  -30.819  -43.613  -36.229 0.5000000000
104530  -41.200  -47.515  -35.503 0.5000000000
107595  -40.333  -47.378  -39.079 0.5000000000
111724  -38.135  -47.563  -36.644 0.6999999881
117659  -30.682  -48.800  -29.855 0.5000000000
119870  -30.232  -46.231  -34.743 0.6000000238
