#!ascii label  , from subject sub-v1s18x0051272_ses-1 vox2ras=TkReg
479
48961  18.256  -18.043  0.008 0.1428571492
47948  17.099  -19.131  -0.034 0.1428571492
49958  17.495  -17.680  -1.732 0.1428571492
49957  18.190  -17.304  -1.324 0.2857142985
48979  17.135  -18.294  -1.348 0.1428571492
49943  19.233  -17.138  -0.189 0.1428571492
50850  18.269  -16.569  -2.589 0.5714285970
50836  18.560  -16.692  -1.691 0.1428571492
51759  20.583  -15.326  -1.292 0.2857142985
114178  19.769  -15.645  -1.564 0.2857142985
52699  21.115  -14.248  -2.139 0.1428571492
51772  20.868  -14.729  -1.736 0.2857142985
54534  21.619  -12.863  -3.556 0.2857142985
53639  21.396  -13.443  -3.051 0.2857142985
55364  22.760  -10.794  -4.485 0.2857142985
55355  22.744  -11.796  -3.667 0.2857142985
56204  22.484  -10.280  -5.184 0.2857142985
57935  22.603  -8.650  -5.799 0.2857142985
59707  22.820  -6.589  -6.735 0.8571428657
58818  22.678  -7.841  -5.996 0.4285714328
57934  23.239  -8.959  -5.167 0.2857142985
61340  23.516  -4.960  -7.002 0.7142857313
60540  23.321  -5.850  -6.479 0.7142857313
58832  22.430  -7.473  -6.860 0.7142857313
61351  23.442  -4.329  -7.876 0.8571428657
60554  23.018  -5.117  -7.959 0.8571428657
59722  22.812  -5.868  -7.443 0.7142857313
102983  22.355  -6.757  -7.522 0.7142857313
63073  24.106  -2.130  -8.229 0.4285714328
62221  23.856  -3.453  -7.628 0.7142857313
107603  24.630  -0.521  -8.495 0.2857142985
63855  24.033  -1.028  -9.232 0.5714285970
62230  23.753  -2.971  -8.266 0.8571428657
62231  23.455  -3.745  -8.455 0.8571428657
112835  24.574  0.033  -9.233 0.1428571492
63846  23.757  -1.877  -9.159 0.5714285970
63074  23.531  -2.671  -9.107 0.8571428657
115777  24.819  1.152  -10.774 0.1428571492
65320  24.906  1.017  -9.672 0.1428571492
101189  24.303  0.159  -10.456 0.1428571492
104330  23.436  -2.530  -10.117 0.8571428657
66786  25.840  2.426  -11.836 0.1428571492
102568  25.329  1.785  -11.390 0.1428571492
65335  24.402  0.102  -11.569 0.4285714328
64589  23.841  -0.879  -10.298 0.5714285970
66032  25.310  1.697  -12.419 0.1428571492
66793  25.803  2.399  -12.894 0.1428571492
66033  24.753  0.984  -11.913 0.1428571492
64601  24.118  -0.875  -11.390 0.8571428657
63856  23.657  -1.708  -10.101 0.8571428657
113192  23.755  -1.698  -10.719 0.8571428657
66806  25.677  2.277  -14.100 0.2857142985
66041  25.124  0.599  -13.052 0.8571428657
64608  24.618  -1.304  -12.542 0.8571428657
67698  25.864  3.027  -14.287 0.1428571492
68528  25.975  4.026  -14.267 0.1428571492
66053  25.440  0.103  -14.386 0.8571428657
115304  24.972  -1.139  -13.088 0.8571428657
66814  25.832  1.997  -15.224 0.4285714328
65356  25.828  -1.515  -15.199 0.8571428657
101664  25.196  -0.918  -13.839 0.8571428657
64632  25.516  -2.590  -15.212 0.8571428657
67705  25.791  2.914  -15.189 0.1428571492
68533  25.655  3.749  -15.385 0.2857142985
66820  25.466  1.888  -15.688 0.8571428657
65355  25.695  -0.484  -15.452 0.8571428657
110272  25.538  -0.737  -15.897 0.8571428657
67713  25.137  2.869  -15.873 0.7142857313
66063  25.236  -0.096  -16.262 0.8571428657
65367  24.679  -0.545  -16.404 0.8571428657
65362  25.797  -1.936  -15.793 0.8571428657
66821  24.785  2.146  -16.195 0.8571428657
110070  25.074  1.074  -16.097 0.8571428657
66822  23.942  1.376  -16.389 0.7142857313
66064  24.635  0.586  -16.440 0.7142857313
67714  24.240  3.140  -16.623 0.8571428657
66826  24.007  2.747  -16.569 0.8571428657
114594  24.400  1.591  -16.315 0.8571428657
67715  23.503  3.169  -16.672 0.8571428657
67721  23.211  3.673  -17.369 0.8571428657
109866  23.633  2.312  -16.199 0.7142857313
69311  23.243  4.657  -18.267 0.7142857313
68545  22.678  4.247  -18.304 0.8571428657
68546  22.258  4.149  -18.087 0.8571428657
69317  21.876  4.772  -18.406 0.7142857313
118799  23.862  2.203  -16.333 0.8571428657
68539  22.866  3.731  -17.149 0.8571428657
71721  23.897  7.377  -18.194 0.1428571492
68552  22.103  4.687  -18.643 0.8571428657
69321  21.949  5.042  -19.158 0.7142857313
70124  21.832  5.504  -18.945 0.7142857313
69312  22.491  4.272  -17.315 0.8571428657
72451  22.968  7.019  -20.250 0.1428571492
70129  22.147  5.775  -19.481 0.5714285970
70908  21.846  6.314  -19.202 0.5714285970
71722  21.831  6.930  -19.015 0.5714285970
70914  22.113  6.284  -19.739 0.1428571492
101901  22.526  7.078  -20.835 0.1428571492
114452  22.014  7.486  -18.657 0.5714285970
114830  21.867  7.312  -20.505 0.1428571492
72480  22.165  8.640  -21.378 0.1428571492
72441  21.869  7.419  -19.297 0.1428571492
72467  21.863  8.455  -20.695 0.1428571492
72453  21.702  8.454  -19.968 0.1428571492
114630  22.074  10.168  -20.639 0.1428571492
73177  21.871  10.156  -19.858 0.1428571492
48946  17.905  -18.700  0.424 0.1428571492
49956  18.872  -16.846  -0.821 0.2857142985
50821  20.310  -15.996  -0.705 0.2857142985
50835  19.331  -16.255  -1.158 0.2857142985
53638  22.120  -13.132  -2.812 0.2857142985
52698  21.696  -13.760  -2.248 0.1428571492
57008  22.554  -9.450  -5.557 0.2857142985
58831  22.878  -7.146  -6.201 0.4285714328
57949  22.280  -8.380  -6.591 0.5714285970
98142  23.376  -3.347  -9.020 0.8571428657
66792  26.275  3.007  -12.249 0.1428571492
65342  24.794  -0.186  -12.572 0.8571428657
64609  24.252  -1.982  -12.312 0.8571428657
64616  24.827  -1.997  -13.785 0.8571428657
68537  24.717  3.732  -16.283 0.8571428657
68538  23.677  4.019  -17.333 0.8571428657
113135  22.422  4.761  -18.835 0.8571428657
71728  21.956  6.503  -19.620 0.1428571492
72452  22.224  6.783  -20.671 0.1428571492
73887  23.086  9.487  -22.203 0.1428571492
47936  16.664  -19.821  0.387 0.1428571492
50849  18.976  -16.071  -2.062 0.4285714328
51773  20.149  -15.060  -2.030 0.2857142985
51775  18.676  -15.902  -2.937 0.2857142985
53628  20.953  -13.945  -2.720 0.1428571492
54532  23.221  -12.125  -3.172 0.2857142985
115150  22.947  -11.215  -3.962 0.2857142985
54543  22.028  -12.110  -3.936 0.2857142985
55365  22.378  -11.445  -4.279 0.2857142985
66026  25.661  1.904  -10.590 0.1428571492
67685  26.072  3.028  -13.257 0.1428571492
67697  26.117  3.605  -13.474 0.1428571492
64602  23.887  -1.871  -11.475 0.8571428657
63867  23.605  -2.531  -11.307 1.0000000000
117926  25.802  4.439  -14.850 0.1428571492
69303  25.268  4.758  -15.501 0.2857142985
66065  23.951  0.340  -16.346 0.8571428657
109972  23.862  5.295  -17.765 0.5714285970
70123  23.286  5.836  -18.765 0.2857142985
70907  22.848  6.242  -19.629 0.2857142985
71727  22.533  6.425  -19.867 0.1428571492
71733  22.272  6.671  -20.215 0.1428571492
72442  21.882  8.491  -19.218 0.1428571492
72466  22.293  7.401  -21.031 0.1428571492
101771  21.956  10.585  -20.138 0.1428571492
69310  24.409  4.546  -17.048 0.4285714328
110088  24.761  5.519  -16.109 0.4285714328
69316  22.608  5.130  -19.066 0.5714285970
49944  18.578  -17.460  -0.443 0.1428571492
49945  17.816  -17.859  -0.878 0.1428571492
48962  17.461  -18.478  -0.450 0.1428571492
47949  16.269  -19.405  -0.394 0.1428571492
49975  17.875  -17.150  -2.170 0.4285714328
51774  19.418  -15.481  -2.468 0.1428571492
107147  20.524  -14.496  -2.429 0.1428571492
59723  22.220  -6.252  -8.233 0.7142857313
61365  23.195  -4.291  -8.643 0.8571428657
63845  24.363  -1.278  -8.321 0.5714285970
66040  25.389  1.463  -13.633 0.5714285970
66052  25.654  1.047  -14.981 0.8571428657
66059  25.487  0.636  -15.678 0.8571428657
65366  25.377  -1.229  -16.187 0.8571428657
72440  23.362  7.331  -19.195 0.1428571492
72465  22.690  7.822  -21.472 0.1428571492
109716  21.820  7.206  -20.172 0.1428571492
72492  22.498  9.021  -21.905 0.1428571492
72479  22.768  8.136  -21.708 0.1428571492
73182  21.984  9.654  -20.747 0.1428571492
54523  22.848  -12.816  -2.569 0.1428571492
55366  21.692  -11.739  -4.653 0.5714285970
73169  22.261  9.341  -18.018 0.1428571492
54553  21.024  -12.070  -5.114 0.5714285970
53668  19.748  -13.183  -5.545 0.5714285970
52744  18.359  -13.772  -5.950 0.2857142985
55376  20.807  -11.740  -5.713 0.5714285970
98799  19.654  -12.563  -6.363 0.5714285970
52736  18.311  -14.381  -5.471 0.4285714328
52745  17.811  -13.750  -5.982 0.2857142985
54565  19.086  -12.612  -6.876 0.4285714328
57009  21.888  -9.925  -5.890 0.4285714328
56216  21.276  -10.444  -6.343 0.5714285970
55398  19.908  -11.406  -7.314 0.5714285970
57022  21.530  -9.695  -6.722 0.5714285970
56226  20.927  -10.239  -7.139 0.5714285970
56217  20.629  -10.982  -6.825 0.4285714328
57032  21.117  -9.541  -7.531 0.7142857313
57950  21.732  -8.879  -7.219 0.4285714328
54566  18.508  -12.730  -6.907 0.2857142985
53681  18.149  -13.279  -6.481 0.2857142985
57021  22.113  -9.168  -6.292 0.7142857313
57964  21.495  -8.171  -7.902 0.7142857313
57974  21.073  -8.352  -8.778 0.4285714328
111170  21.444  -7.491  -8.630 0.7142857313
58853  20.997  -7.834  -9.368 0.5714285970
58864  21.178  -7.126  -9.599 0.7142857313
58844  21.932  -7.475  -7.713 0.5714285970
59735  22.081  -5.761  -9.116 0.7142857313
59744  21.434  -6.261  -9.888 0.7142857313
60585  21.810  -5.298  -10.379 0.7142857313
59756  21.119  -6.004  -10.783 0.7142857313
60595  21.203  -5.266  -11.188 0.4285714328
60572  22.611  -5.149  -8.695 0.5714285970
60584  22.335  -5.087  -9.434 0.5714285970
61384  22.403  -4.550  -9.892 0.7142857313
61395  22.152  -4.539  -10.760 0.7142857313
63101  22.832  -3.566  -11.040 0.7142857313
61396  21.719  -4.660  -11.155 0.7142857313
62263  22.369  -3.392  -11.714 0.5714285970
61383  23.032  -3.980  -9.358 0.5714285970
62245  22.605  -3.975  -10.422 0.7142857313
103042  23.217  -3.116  -11.192 0.8571428657
60605  21.213  -4.690  -11.380 0.4285714328
63100  23.522  -3.019  -12.410 0.7142857313
101045  22.874  -3.212  -11.828 0.7142857313
63109  23.153  -2.991  -12.413 0.7142857313
63089  23.101  -3.298  -10.022 0.5714285970
63108  23.747  -3.142  -13.140 0.7142857313
63887  23.638  -3.099  -13.478 0.2857142985
63877  24.017  -3.065  -12.758 0.7142857313
63904  24.823  -2.811  -15.069 0.7142857313
63876  24.395  -2.677  -13.373 0.8571428657
63886  24.008  -3.181  -13.707 0.8571428657
64639  25.529  -2.242  -15.721 0.8571428657
63900  24.026  -3.076  -14.265 0.5714285970
64640  24.480  -1.909  -15.700 0.8571428657
64633  23.820  -2.434  -14.977 0.7142857313
64642  25.004  -1.543  -16.155 0.8571428657
65363  24.094  -0.819  -16.250 0.8571428657
65357  23.644  -0.883  -15.197 0.7142857313
67706  23.325  3.149  -16.153 0.7142857313
112327  23.294  3.153  -13.368 0.7142857313
69304  23.290  5.050  -15.405 0.7142857313
105163  23.342  4.441  -14.266 0.7142857313
69296  23.346  5.384  -13.623 0.7142857313
70103  23.351  6.089  -14.243 0.7142857313
69286  23.265  5.553  -12.449 0.5714285970
117609  22.534  5.053  -16.981 0.7142857313
107413  23.235  5.938  -15.817 0.7142857313
70096  23.390  6.216  -12.978 0.5714285970
70109  23.375  6.825  -14.726 0.4285714328
110152  23.407  6.898  -13.397 0.5714285970
70097  23.171  6.302  -12.143 0.5714285970
70888  23.412  7.640  -13.782 0.5714285970
70881  23.293  7.578  -12.606 0.5714285970
110622  23.313  6.829  -12.555 0.4285714328
110930  22.998  7.054  -11.948 0.5714285970
70086  22.481  6.487  -11.651 0.4285714328
70882  22.817  7.754  -11.913 0.5714285970
70894  23.334  7.559  -15.243 0.5714285970
70870  22.157  7.430  -11.636 0.4285714328
109368  20.717  6.036  -11.507 0.4285714328
72402  21.974  9.216  -11.719 0.4285714328
59692  23.274  -6.556  -5.980 0.2857142985
61366  22.772  -4.614  -9.068 0.5714285970
111112  22.602  8.912  -11.947 0.2857142985
71682  21.236  8.657  -11.587 0.4285714328
53653  20.132  -13.400  -4.699 0.5714285970
52735  18.905  -14.341  -5.111 0.5714285970
56205  21.688  -10.715  -5.616 0.2857142985
55375  21.390  -11.412  -5.347 0.4285714328
117967  18.029  -14.133  -5.797 0.2857142985
54576  18.823  -12.230  -7.353 0.4285714328
56227  20.268  -10.703  -7.597 0.4285714328
57033  20.547  -10.034  -7.899 0.5714285970
54577  18.204  -12.243  -7.280 0.2857142985
55399  19.176  -11.654  -7.689 0.2857142985
57046  21.094  -8.901  -8.063 0.5714285970
60539  23.851  -5.198  -5.936 0.2857142985
57985  19.917  -8.363  -9.967 0.2857142985
66815  23.591  1.397  -15.851 0.7142857313
66807  23.368  1.525  -14.580 0.7142857313
69287  22.856  5.673  -11.732 0.5714285970
113354  22.153  5.636  -17.655 0.5714285970
70117  23.053  6.627  -16.374 0.5714285970
114468  22.001  6.220  -18.091 0.5714285970
71693  23.354  8.395  -13.035 0.2857142985
56239  19.883  -10.378  -8.323 0.4285714328
55374  22.087  -11.073  -4.953 0.2857142985
60571  23.035  -4.715  -8.443 0.7142857313
63899  24.539  -2.976  -14.463 0.7142857313
57963  22.020  -8.102  -7.268 0.5714285970
66060  23.563  0.343  -15.541 0.7142857313
60555  22.530  -5.621  -8.266 0.5714285970
54554  20.352  -12.362  -5.700 0.5714285970
54545  20.582  -12.778  -4.921 0.4285714328
53680  18.951  -13.239  -6.367 0.5714285970
53669  18.966  -13.854  -5.621 0.5714285970
55387  21.004  -11.164  -6.027 0.5714285970
55388  20.281  -11.786  -6.458 0.5714285970
54564  19.481  -12.072  -7.056 0.4285714328
52721  18.534  -14.826  -4.813 0.5714285970
118919  20.716  -9.471  -8.190 0.4285714328
57975  20.551  -8.386  -9.491 0.4285714328
118544  20.115  -8.892  -9.545 0.4285714328
102510  20.596  -9.092  -8.938 0.4285714328
59724  21.886  -6.900  -8.180 0.7142857313
59736  21.672  -6.617  -8.924 0.7142857313
58865  20.515  -7.641  -10.100 0.2857142985
62257  22.299  -3.917  -11.306 0.7142857313
99847  21.561  -3.635  -11.618 0.2857142985
104548  23.200  3.960  -15.917 0.7142857313
71694  23.022  8.355  -12.194 0.5714285970
116738  21.698  8.011  -11.639 0.4285714328
55410  18.788  -11.076  -8.158 0.1428571492
56240  19.187  -10.550  -8.620 0.4285714328
49976  17.267  -17.436  -2.373 0.4285714328
108887  23.730  -9.991  -4.142 0.1428571492
56203  23.187  -10.156  -4.585 0.1428571492
99317  23.101  -8.200  -5.484 0.1428571492
58817  23.327  -7.374  -5.523 0.1428571492
56992  23.546  -9.526  -4.598 0.1428571492
57918  23.921  -8.833  -4.512 0.1428571492
61339  24.211  -4.380  -6.222 0.2857142985
61350  23.920  -3.960  -6.975 0.1428571492
74498  21.267  11.939  -19.191 0.1428571492
74499  20.396  12.466  -18.975 0.1428571492
73170  21.732  10.093  -18.917 0.1428571492
117106  23.261  2.315  -13.746 0.4285714328
106901  23.433  2.505  -14.940 0.5714285970
73153  22.481  10.799  -16.375 0.2857142985
72423  23.319  9.204  -14.577 0.2857142985
71709  23.293  8.395  -15.642 0.2857142985
72429  23.222  9.364  -15.959 0.2857142985
67688  22.210  2.982  -11.489 0.1428571492
118787  23.202  3.691  -12.675 0.5714285970
73137  23.040  9.886  -13.785 0.2857142985
67672  22.702  4.269  -11.644 0.4285714328
68518  23.138  4.907  -11.927 0.5714285970
72414  23.262  9.159  -13.395 0.2857142985
68507  20.588  4.572  -11.527 0.4285714328
69275  21.277  5.195  -11.435 0.2857142985
72415  22.940  9.794  -12.773 0.1428571492
69276  20.005  5.400  -11.659 0.1428571492
105188  21.894  5.836  -11.473 0.4285714328
72410  22.469  9.564  -12.095 0.1428571492
109037  22.643  10.494  -13.202 0.1428571492
72404  19.449  10.515  -11.156 0.1428571492
73127  22.331  10.335  -12.388 0.1428571492
73128  21.536  10.272  -11.879 0.1428571492
73133  21.621  10.953  -12.180 0.1428571492
49989  17.476  -16.903  -2.926 0.4285714328
50865  16.633  -16.132  -3.678 0.2857142985
56194  23.474  -10.658  -3.906 0.1428571492
58803  23.617  -8.104  -4.931 0.1428571492
114508  23.644  -5.923  -5.706 0.1428571492
71716  22.665  8.119  -17.240 0.2857142985
73144  22.661  10.625  -14.384 0.2857142985
73161  22.888  9.980  -16.737 0.2857142985
73823  22.234  11.245  -13.654 0.2857142985
50866  15.892  -16.015  -3.436 0.2857142985
55354  23.399  -11.441  -3.492 0.1428571492
66054  23.189  0.529  -14.204 0.4285714328
67674  21.180  3.644  -11.380 0.2857142985
70902  22.658  7.247  -17.199 0.4285714328
104967  22.473  10.987  -15.348 0.2857142985
73152  23.059  10.317  -15.631 0.2857142985
73834  21.183  11.430  -17.327 0.1428571492
73835  19.956  12.109  -18.272 0.1428571492
73171  21.097  11.469  -19.236 0.1428571492
73846  20.760  11.437  -18.580 0.1428571492
103335  24.362  -3.228  -6.930 0.2857142985
73830  21.848  11.552  -15.975 0.2857142985
73162  22.073  10.541  -17.594 0.1428571492
50863  18.016  -16.309  -3.369 0.4285714328
72434  22.498  8.741  -17.524 0.2857142985
67686  23.083  2.498  -12.669 0.4285714328
67699  23.364  3.511  -14.650 0.5714285970
101198  23.306  3.967  -13.300 0.5714285970
71681  22.263  8.335  -11.743 0.4285714328
71683  19.936  9.336  -11.455 0.2857142985
72409  23.031  9.054  -12.501 0.2857142985
68517  23.291  4.758  -12.861 0.5714285970
71702  23.393  8.415  -14.206 0.2857142985
56991  24.158  -9.488  -4.063 0.1428571492
59691  23.766  -6.513  -5.243 0.1428571492
73143  23.141  9.907  -14.804 0.2857142985
67673  22.225  3.732  -11.445 0.2857142985
113556  23.164  4.175  -12.305 0.4285714328
68506  21.799  4.398  -11.365 0.4285714328
69274  22.376  5.034  -11.474 0.5714285970
50851  16.155  -16.629  -3.146 0.2857142985
60527  24.296  -5.622  -5.069 0.1428571492
66042  22.931  0.810  -12.850 0.2857142985
62264  21.622  -4.126  -11.463 0.4285714328
63878  23.120  -2.959  -12.660 0.2857142985
74468  21.705  12.459  -14.521 0.1428571492
116671  21.200  12.894  -15.219 0.1428571492
73820  21.260  11.973  -12.321 0.1428571492
74469  21.373  13.330  -14.436 0.1428571492
74472  21.363  12.227  -15.545 0.1428571492
73824  21.746  11.921  -13.175 0.1428571492
113532  21.344  12.702  -12.722 0.1428571492
74465  21.934  11.984  -13.900 0.1428571492
74466  21.567  12.865  -13.531 0.1428571492
75027  20.420  13.651  -15.593 0.1428571492
75018  21.475  14.034  -12.240 0.1428571492
75023  21.151  14.054  -14.498 0.1428571492
63110  22.291  -3.082  -11.984 0.2857142985
103980  21.327  13.450  -12.673 0.1428571492
102025  21.423  14.561  -14.025 0.1428571492
73827  22.109  11.570  -14.718 0.1428571492
73831  20.491  12.133  -16.943 0.1428571492
74473  20.271  12.840  -16.372 0.1428571492
75020  21.400  14.008  -13.365 0.1428571492
52720  19.225  -14.502  -4.477 0.4285714328
52709  20.002  -13.908  -4.033 0.2857142985
53640  20.765  -13.658  -3.413 0.1428571492
53652  20.801  -13.184  -4.065 0.2857142985
51786  19.125  -15.317  -3.324 0.2857142985
51801  18.845  -15.142  -4.137 0.4285714328
52700  20.292  -14.267  -3.187 0.1428571492
54544  21.299  -12.455  -4.371 0.2857142985
53654  19.504  -13.890  -4.932 0.4285714328
67687  22.928  3.385  -12.067 0.2857142985
52710  19.549  -14.678  -3.673 0.2857142985
51788  17.809  -15.893  -3.976 0.2857142985
50864  17.346  -16.346  -3.567 0.2857142985
51803  17.539  -15.456  -4.489 0.2857142985
51802  18.179  -15.418  -4.449 0.2857142985
57047  20.225  -9.767  -8.624 0.2857142985
57058  19.884  -9.426  -9.271 0.2857142985
98928  20.856  -6.778  -10.450 0.1428571492
114223  20.614  -6.431  -10.952 0.1428571492
63879  21.672  -2.559  -12.032 0.1428571492
63888  22.501  -2.273  -12.448 0.1428571492
64617  23.171  -1.760  -13.563 0.1428571492
64618  23.204  -2.545  -13.372 0.1428571492
65344  22.613  -0.001  -12.422 0.1428571492
66796  22.298  1.972  -11.624 0.1428571492
102585  22.702  2.546  -11.917 0.1428571492
111366  21.251  2.638  -11.379 0.1428571492
70087  21.435  6.720  -11.495 0.1428571492
70088  20.132  6.947  -11.583 0.1428571492
109869  19.364  6.326  -11.668 0.1428571492
70871  20.964  7.691  -11.569 0.1428571492
70872  19.504  7.903  -11.601 0.1428571492
117114  20.202  8.432  -11.555 0.1428571492
49977  16.612  -17.283  -2.702 0.2857142985
51787  18.423  -15.702  -3.750 0.1428571492
56228  19.525  -10.973  -7.976 0.2857142985
57048  19.530  -9.978  -8.927 0.2857142985
59763  20.541  -5.798  -11.247 0.1428571492
118189  21.187  -4.051  -11.531 0.1428571492
62265  20.623  -3.904  -11.630 0.1428571492
116784  20.763  -2.491  -11.885 0.1428571492
115856  21.286  -1.770  -11.892 0.1428571492
64619  21.550  -0.967  -11.783 0.1428571492
56244  18.992  -10.075  -9.084 0.2857142985
65343  23.103  -0.656  -13.859 0.1428571492
66794  23.152  1.629  -13.313 0.1428571492
50877  17.234  -15.873  -4.016 0.2857142985
109631  19.512  -8.963  -9.710 0.1428571492
110039  22.509  -1.198  -12.414 0.1428571492
63889  20.520  -1.985  -11.895 0.1428571492
49978  15.648  -17.043  -2.549 0.1428571492
49979  14.753  -16.529  -2.153 0.1428571492
50852  15.263  -16.092  -2.811 0.1428571492
51814  17.915  -15.000  -5.052 0.1428571492
63060  24.433  -2.482  -7.292 0.1428571492
49960  16.018  -17.792  -2.112 0.1428571492
51789  16.113  -15.573  -3.776 0.1428571492
51804  16.729  -15.397  -4.265 0.1428571492
70116  24.593  6.199  -16.912 0.1428571492
53682  17.445  -13.124  -6.228 0.1428571492
49959  16.841  -17.888  -2.030 0.1428571492
52737  17.631  -14.347  -5.518 0.1428571492
52722  17.193  -14.884  -4.923 0.1428571492
49990  16.843  -16.734  -3.271 0.2857142985
50822  19.686  -16.651  -0.409 0.1428571492
64638  25.618  -1.951  -16.046 0.8571428657
66795  22.816  1.802  -12.294 0.1428571492
73188  22.734  10.066  -21.683 0.1428571492
117768  21.157  -13.286  -3.516 0.1428571492
