#!ascii label  , from subject sub-v1s20x0050276_ses-1 vox2ras=TkReg
1715
17295  -20.053  -54.125  21.049 0.5000000000
17999  -19.767  -53.023  20.796 0.4000000060
17998  -19.565  -53.085  21.113 0.6000000238
18754  -19.621  -52.028  20.648 0.6000000238
18766  -21.912  -51.624  19.735 0.6000000238
18755  -20.769  -52.740  20.457 0.5000000000
129038  -22.633  -51.264  19.243 0.6000000238
18753  -19.213  -52.218  20.959 0.6999999881
17991  -19.638  -53.058  21.373 0.6999999881
18765  -20.648  -51.697  20.308 0.6999999881
19564  -21.464  -50.593  19.538 0.6999999881
20395  -23.478  -50.569  18.523 0.5000000000
20385  -22.525  -50.602  18.977 0.6999999881
19576  -23.507  -51.328  18.815 0.5000000000
122808  -20.791  -59.985  29.071 0.5000000000
120799  -19.223  -51.747  21.189 0.6999999881
127712  -19.274  -51.236  20.878 0.6999999881
19563  -20.414  -50.606  20.208 0.6999999881
20372  -20.215  -50.129  20.570 0.6999999881
20384  -21.287  -49.812  19.295 0.6999999881
19551  -19.552  -51.031  20.727 0.6999999881
20383  -20.278  -49.683  19.923 0.6999999881
108969  -23.501  -49.808  18.230 0.6000000238
126718  -20.613  -52.737  25.605 0.6999999881
121501  -21.191  -52.466  24.983 0.6999999881
19526  -19.682  -51.468  21.577 0.6999999881
19527  -20.556  -51.823  22.312 0.6999999881
13807  -21.352  -60.160  29.873 0.6000000238
12584  -20.082  -61.486  29.767 0.4000000060
19539  -19.267  -51.288  21.103 0.6999999881
20394  -22.275  -49.804  18.714 0.6999999881
21840  -21.473  -48.330  18.591 0.6999999881
21841  -24.247  -48.844  17.707 0.6000000238
17932  -21.650  -53.417  26.546 0.6999999881
17948  -21.278  -52.865  26.089 0.6999999881
110522  -21.882  -52.302  25.125 0.6999999881
18695  -22.517  -52.439  25.618 0.6999999881
14504  -22.164  -59.005  29.459 0.6000000238
19515  -21.799  -51.902  23.579 0.6999999881
19541  -20.634  -51.148  21.864 0.6999999881
19514  -21.512  -51.713  22.689 0.6999999881
19504  -22.643  -51.771  24.165 0.6999999881
18703  -22.631  -52.084  24.940 0.6999999881
13153  -21.376  -60.424  31.332 0.5000000000
13157  -21.181  -60.701  30.598 0.5000000000
120113  -20.376  -49.182  20.069 0.6999999881
19540  -19.639  -50.943  21.313 0.6999999881
12037  -20.453  -61.690  31.164 0.4000000060
21122  -21.183  -48.991  18.919 0.6999999881
20358  -20.111  -50.304  21.078 0.6999999881
19528  -21.997  -51.337  22.266 0.6999999881
19516  -22.649  -51.500  23.175 0.6999999881
12565  -20.483  -61.728  31.874 0.4000000060
20373  -20.352  -49.579  20.391 0.6999999881
20344  -23.042  -50.959  22.318 0.6999999881
122562  -21.193  -49.366  19.125 0.6999999881
21113  -20.477  -49.032  19.639 0.6999999881
21103  -21.925  -49.017  20.302 0.6999999881
20359  -22.798  -50.366  21.494 0.6999999881
21133  -22.673  -48.588  17.980 0.6999999881
127305  -21.089  -49.374  20.530 0.6999999881
22678  -24.264  -47.575  17.294 0.6000000238
22677  -23.205  -47.363  17.370 0.6999999881
123609  -22.151  -47.177  17.714 0.6999999881
25222  -25.119  -44.642  16.430 0.5000000000
24387  -25.176  -45.427  16.663 0.5000000000
24369  -26.458  -45.342  17.622 0.4000000060
18704  -23.516  -52.107  25.551 0.6999999881
14481  -22.658  -58.696  30.621 0.6000000238
13793  -21.662  -60.054  30.673 0.5000000000
121569  -23.551  -51.340  23.965 0.6999999881
125217  -20.536  -48.692  19.815 0.6999999881
21830  -20.967  -47.970  19.367 0.6999999881
121717  -24.228  -44.507  16.135 0.6999999881
21854  -23.540  -48.289  17.554 0.6999999881
109426  -23.938  -46.127  16.532 0.6999999881
22691  -23.540  -46.679  16.978 0.6999999881
24386  -24.355  -45.337  16.366 0.6999999881
15911  -23.975  -55.786  28.457 0.6999999881
16565  -24.207  -55.049  28.155 0.6999999881
17229  -24.044  -54.405  27.733 0.8000000119
17934  -24.382  -53.604  27.613 0.8000000119
15211  -23.544  -57.139  29.179 0.6000000238
15903  -24.349  -55.852  29.189 0.6000000238
16556  -24.581  -55.154  28.827 0.6000000238
109382  -23.562  -53.796  27.329 0.8000000119
15888  -23.846  -56.959  29.799 0.6000000238
15878  -23.864  -56.724  30.318 0.6000000238
116577  -23.221  -52.605  26.146 0.6999999881
15198  -23.380  -57.645  29.792 0.6000000238
14473  -22.794  -58.307  31.065 0.6000000238
19505  -23.487  -51.682  24.748 0.6999999881
128304  -21.721  -59.925  31.106 0.5000000000
13788  -21.960  -59.154  31.521 0.6000000238
20329  -23.594  -51.024  23.251 0.6999999881
21839  -20.847  -47.989  18.962 0.6999999881
21102  -20.388  -48.805  20.024 0.6999999881
23552  -22.882  -45.895  16.930 0.8000000119
23537  -22.535  -46.630  17.413 0.6999999881
21816  -20.649  -48.526  19.704 0.6999999881
21091  -22.518  -49.692  20.876 0.6999999881
122486  -23.510  -44.723  16.305 0.8000000119
22675  -21.574  -47.250  18.208 0.6999999881
22649  -21.206  -47.574  18.980 0.6999999881
25223  -26.062  -44.312  16.689 0.5000000000
25201  -26.701  -44.611  17.257 0.5000000000
25224  -26.938  -43.873  16.911 0.5000000000
25202  -27.520  -44.272  17.378 0.4000000060
17230  -24.579  -54.519  28.283 0.6999999881
17917  -24.939  -53.922  28.214 0.8000000119
127731  -24.525  -54.143  27.928 0.8999999762
15879  -24.246  -56.227  29.860 0.6000000238
18685  -24.613  -52.742  27.277 0.8000000119
18697  -24.644  -51.703  26.339 0.8000000119
15192  -23.495  -57.326  30.494 0.6000000238
14474  -23.116  -57.750  30.984 0.6000000238
19491  -24.245  -51.782  25.878 0.8000000119
112696  -21.652  -59.797  31.467 0.6000000238
13789  -22.441  -58.848  31.126 0.6000000238
112623  -22.582  -57.703  31.453 0.6000000238
19499  -24.176  -51.519  25.284 0.6999999881
13148  -21.275  -60.307  31.938 0.5000000000
20330  -24.382  -50.694  23.814 0.6999999881
21072  -24.992  -50.089  24.108 0.6999999881
13147  -20.876  -60.725  32.234 0.5000000000
20345  -24.085  -50.510  22.859 0.6999999881
20360  -23.740  -50.428  22.029 0.6999999881
25220  -22.546  -44.060  16.588 0.8000000119
109335  -21.546  -46.638  17.878 0.8000000119
22660  -21.321  -47.569  18.761 0.6999999881
113479  -21.683  -46.970  18.882 0.6999999881
21818  -22.651  -48.573  20.211 0.6999999881
113611  -24.761  -54.785  29.395 0.6999999881
17203  -24.891  -54.271  29.530 0.6999999881
17220  -25.040  -54.311  28.896 0.6999999881
17918  -25.385  -53.490  28.698 0.8000000119
17935  -25.150  -53.155  27.980 0.8000000119
16539  -24.294  -55.528  30.312 0.6999999881
110299  -25.614  -53.039  29.114 0.8000000119
19480  -25.675  -51.599  27.367 0.8000000119
118995  -23.915  -56.211  30.619 0.6000000238
18698  -24.996  -52.039  26.916 0.8000000119
121718  -23.593  -56.770  30.799 0.6000000238
19492  -24.743  -51.137  25.874 0.6999999881
112639  -21.912  -57.929  31.875 0.6000000238
20317  -24.790  -50.514  24.651 0.8000000119
20310  -25.134  -50.341  25.460 0.6999999881
13781  -21.464  -59.603  32.015 0.6000000238
21060  -25.272  -49.821  24.738 0.8000000119
13780  -20.941  -60.152  32.440 0.4000000060
21092  -23.762  -49.882  21.440 0.6999999881
21082  -24.471  -49.918  22.314 0.6999999881
114468  -24.870  -49.877  23.312 0.6999999881
12555  -20.167  -61.486  32.865 0.4000000060
21806  -24.436  -48.376  20.960 0.6999999881
23536  -21.737  -45.954  17.609 0.8000000119
117487  -21.418  -46.641  18.277 0.8000000119
21104  -23.498  -49.084  20.770 0.6999999881
22650  -21.930  -47.473  19.328 0.6999999881
25221  -23.472  -43.757  16.074 0.8000000119
26076  -24.577  -43.837  16.098 0.6999999881
116204  -25.488  -43.801  16.384 0.5000000000
27725  -27.986  -41.781  16.203 0.5000000000
26078  -26.722  -43.177  16.571 0.5000000000
108419  -28.336  -42.955  16.842 0.4000000060
17902  -24.786  -53.883  30.031 0.6000000238
118619  -25.419  -52.925  29.565 0.6999999881
18672  -25.714  -52.632  28.524 0.8000000119
19467  -26.006  -51.848  28.161 0.8000000119
17189  -24.167  -54.927  30.667 0.6999999881
16538  -23.764  -55.497  30.991 0.6999999881
20290  -25.864  -50.839  27.034 0.8000000119
15871  -23.226  -56.264  31.253 0.6000000238
15870  -22.495  -56.837  31.560 0.6000000238
125069  -25.539  -49.928  26.053 0.8000000119
20301  -25.367  -50.577  26.297 0.8000000119
14465  -21.503  -58.644  32.137 0.6000000238
15184  -21.955  -57.322  31.814 0.6000000238
115284  -25.654  -49.064  24.754 0.8000000119
127263  -25.022  -49.344  22.647 0.8000000119
21798  -25.345  -48.668  22.556 0.8000000119
108013  -21.090  -59.381  32.385 0.5000000000
23497  -24.420  -46.885  20.383 0.8000000119
21797  -24.676  -49.126  21.713 0.6999999881
113559  -20.381  -59.537  32.686 0.4000000060
26075  -22.314  -43.130  16.489 0.8000000119
24367  -21.022  -45.341  17.850 0.8000000119
24353  -20.809  -45.161  17.989 0.8000000119
23505  -21.737  -46.243  18.572 0.8000000119
22639  -24.011  -47.757  20.314 0.6999999881
23504  -21.473  -46.894  18.474 0.8000000119
119798  -22.702  -47.981  19.838 0.6999999881
24354  -21.140  -45.492  18.211 0.8000000119
26903  -23.649  -42.180  15.598 0.8000000119
25187  -20.734  -44.376  18.000 0.8000000119
26889  -25.545  -42.517  16.159 0.6000000238
26097  -25.042  -43.102  16.129 0.6000000238
26891  -27.421  -42.529  16.502 0.5000000000
17887  -24.453  -53.268  30.563 0.6000000238
120095  -23.631  -54.673  31.173 0.6000000238
19468  -26.363  -51.241  28.679 0.6999999881
19481  -26.311  -51.086  27.851 0.6999999881
16531  -23.002  -55.278  31.488 0.6000000238
119308  -24.199  -54.118  30.719 0.6000000238
18646  -24.698  -52.630  30.422 0.6000000238
17180  -22.757  -54.248  31.523 0.6000000238
20302  -25.907  -50.045  26.700 0.8000000119
20291  -26.467  -50.273  27.489 0.6999999881
15174  -21.179  -57.594  32.196 0.5000000000
21053  -25.558  -49.518  25.460 0.8000000119
126376  -20.899  -58.246  32.400 0.3000000119
21786  -25.641  -48.402  23.241 0.8000000119
21772  -25.697  -48.558  24.017 0.8000000119
21807  -25.243  -48.184  21.765 0.8000000119
22625  -25.737  -47.878  22.671 0.8000000119
24340  -24.247  -45.515  19.835 0.8000000119
25200  -20.889  -44.505  17.804 0.8000000119
115292  -22.514  -46.698  19.239 0.8000000119
23506  -23.722  -46.259  19.701 0.8000000119
24338  -22.126  -45.334  18.656 0.8000000119
25188  -20.997  -44.647  18.190 0.8000000119
26904  -24.706  -42.271  15.762 0.6999999881
27736  -26.381  -41.014  15.613 0.6000000238
27738  -28.892  -41.489  15.898 0.3000000119
19437  -25.476  -51.482  30.012 0.6999999881
19454  -26.039  -51.406  29.310 0.6999999881
20264  -26.430  -50.594  29.228 0.6999999881
17875  -20.340  -53.631  31.348 0.5000000000
128649  -23.515  -53.941  31.234 0.6000000238
17886  -23.805  -53.307  31.119 0.6000000238
21017  -27.027  -49.639  27.886 0.6999999881
15869  -21.527  -56.589  31.852 0.5000000000
16530  -22.087  -55.003  31.719 0.5000000000
17878  -23.021  -53.348  31.398 0.6000000238
21042  -26.525  -49.493  27.051 0.6999999881
15858  -20.674  -56.822  32.010 0.3000000119
22600  -26.295  -47.608  24.836 0.8000000119
21761  -25.905  -48.773  25.502 0.8000000119
109155  -25.677  -47.320  21.875 0.8999999762
23470  -26.181  -47.400  23.090 0.8999999762
22611  -25.939  -47.919  23.566 0.8000000119
21773  -25.941  -48.291  24.843 0.8000000119
14464  -20.641  -58.766  32.508 0.4000000060
24329  -24.855  -45.934  20.464 0.8999999762
22633  -24.934  -47.537  21.055 0.8999999762
128169  -25.961  -47.362  22.534 0.8999999762
26901  -22.188  -42.235  16.422 0.8000000119
115156  -21.691  -43.413  16.940 0.8000000119
113926  -22.729  -46.013  19.093 0.8000000119
22638  -23.324  -47.212  19.723 0.8000000119
26095  -23.010  -42.704  15.913 0.8000000119
27735  -24.647  -41.439  15.468 0.6999999881
26905  -25.725  -41.745  15.867 0.6000000238
28574  -27.866  -40.488  15.325 0.6000000238
119038  -28.188  -41.133  15.709 0.6000000238
19436  -24.601  -51.794  30.513 0.6000000238
20263  -25.865  -50.721  29.764 0.6999999881
18645  -24.030  -52.492  30.933 0.6000000238
21002  -26.808  -49.772  29.185 0.6999999881
18633  -23.331  -52.748  31.243 0.6000000238
129254  -27.115  -49.581  28.652 0.8000000119
17178  -21.142  -54.747  31.604 0.6000000238
17179  -21.699  -54.136  31.586 0.5000000000
20277  -26.772  -50.359  28.460 0.6999999881
126209  -26.862  -48.487  26.859 0.8000000119
15868  -20.451  -56.029  31.744 0.4000000060
21747  -26.535  -48.823  26.651 0.6999999881
129122  -26.206  -48.605  26.089 0.8000000119
23486  -26.221  -46.884  22.440 0.8000000119
22612  -26.368  -47.360  24.001 0.8000000119
25174  -24.090  -44.863  19.564 0.8999999762
23492  -25.858  -46.615  21.708 0.8000000119
25158  -24.855  -45.016  20.165 0.8000000119
26054  -21.376  -43.299  17.369 0.8000000119
115408  -22.203  -43.340  18.198 0.8000000119
24339  -23.380  -45.459  19.344 0.6999999881
26888  -21.555  -42.771  16.989 0.8000000119
25173  -23.126  -44.756  18.962 0.8000000119
128233  -22.067  -44.543  18.536 0.8000000119
111987  -22.045  -42.093  16.755 0.8000000119
28572  -26.000  -40.312  15.078 0.6999999881
29522  -27.886  -39.417  13.463 0.6000000238
117432  -28.658  -39.134  12.881 0.6000000238
29523  -29.554  -39.268  13.724 0.6000000238
19417  -23.199  -52.052  31.125 0.6000000238
126448  -25.928  -49.260  29.939 0.8000000119
21001  -26.120  -49.890  29.717 0.6999999881
18643  -20.117  -52.294  30.777 0.5000000000
126053  -22.485  -52.574  31.311 0.5000000000
21018  -27.326  -48.968  28.362 0.8000000119
21031  -27.069  -48.835  27.395 0.6999999881
17876  -21.199  -53.461  31.426 0.5000000000
17877  -22.117  -53.394  31.492 0.5000000000
21721  -27.358  -48.288  28.857 0.8000000119
21734  -27.417  -48.220  28.012 0.8000000119
21748  -27.156  -48.038  27.081 0.8000000119
22562  -26.972  -47.617  26.307 0.8000000119
23436  -27.296  -46.361  25.802 0.8000000119
21762  -26.350  -48.025  25.621 0.8000000119
126587  -26.638  -47.053  24.695 0.8000000119
22579  -26.824  -47.141  25.500 0.8000000119
24330  -25.568  -45.221  20.749 0.8000000119
23471  -26.625  -46.853  23.327 0.8000000119
26875  -21.859  -42.365  17.044 0.8000000119
26028  -23.925  -44.148  19.118 0.8000000119
26040  -23.670  -43.264  18.692 0.8999999762
26902  -22.751  -41.765  15.767 0.8000000119
27732  -22.288  -41.390  16.255 0.8000000119
114358  -25.360  -40.899  15.374 0.6999999881
28571  -24.169  -40.635  15.174 0.6999999881
121233  -27.439  -39.470  14.034 0.6999999881
28582  -24.940  -40.142  14.817 0.6999999881
121259  -25.717  -39.594  14.339 0.6999999881
29521  -27.012  -39.318  13.376 0.6999999881
21689  -24.206  -48.822  30.356 0.8000000119
113936  -24.276  -50.218  30.558 0.6000000238
20986  -24.601  -49.513  30.407 0.6000000238
21706  -25.657  -48.666  30.053 0.8000000119
20999  -19.959  -49.695  29.391 0.6000000238
20244  -20.357  -50.725  30.159 0.5000000000
107949  -23.089  -51.175  30.898 0.6000000238
111807  -23.426  -50.335  30.664 0.6000000238
119083  -26.487  -49.037  29.610 0.8000000119
21015  -18.650  -49.331  28.661 0.6000000238
21016  -19.503  -49.194  28.844 0.6000000238
21703  -20.289  -49.002  29.067 0.6000000238
107374  -20.969  -50.910  30.460 0.5000000000
126465  -22.227  -51.094  30.787 0.5000000000
22561  -18.816  -47.001  26.550 0.5000000000
21733  -19.156  -47.972  27.587 0.5000000000
22533  -19.951  -48.024  27.885 0.6000000238
18644  -20.991  -52.152  30.973 0.5000000000
20245  -21.653  -50.660  30.543 0.5000000000
22537  -27.443  -47.650  28.513 0.8000000119
22563  -27.364  -47.355  26.971 0.8000000119
120458  -19.541  -47.315  27.124 0.5000000000
19416  -21.772  -52.114  31.136 0.5000000000
23415  -18.197  -46.643  26.032 0.4000000060
18632  -21.528  -52.741  31.314 0.5000000000
23420  -27.298  -46.887  26.427 0.6999999881
126329  -27.187  -45.795  22.833 0.8000000119
129243  -27.152  -46.125  24.451 0.8000000119
120342  -27.001  -46.503  24.969 0.6999999881
26030  -25.311  -43.612  19.871 0.8000000119
23498  -25.712  -46.002  21.209 0.8000000119
124770  -27.094  -46.151  23.585 0.8000000119
24314  -26.805  -45.592  22.188 0.8000000119
25149  -26.478  -44.557  21.302 0.8000000119
27733  -22.492  -40.797  15.767 0.8999999762
27723  -22.198  -41.627  16.676 0.8999999762
26866  -22.936  -42.592  18.057 0.8000000119
25175  -24.747  -44.257  19.774 0.8000000119
26876  -22.450  -42.055  17.442 1.0000000000
27734  -23.457  -41.245  15.462 0.8000000119
29506  -24.525  -39.315  14.293 0.6999999881
21690  -24.937  -48.904  30.312 0.8000000119
22519  -25.689  -47.744  29.870 0.8000000119
21719  -20.546  -48.354  28.593 0.6000000238
21688  -23.225  -48.830  30.305 0.6000000238
120393  -23.766  -49.554  30.501 0.6000000238
21707  -26.264  -48.250  29.697 0.8000000119
126857  -26.531  -47.570  29.528 0.8000000119
113666  -19.877  -48.630  28.531 0.6000000238
21704  -21.068  -48.705  29.232 0.6000000238
20985  -22.860  -49.683  30.483 0.6000000238
21708  -26.973  -48.287  29.359 0.8000000119
22520  -27.246  -47.438  29.131 0.8000000119
126963  -27.595  -46.351  28.063 0.6999999881
22547  -20.424  -47.242  27.438 0.5000000000
21686  -21.715  -49.020  29.815 0.6000000238
20246  -22.511  -50.450  30.649 0.6000000238
23416  -18.920  -46.485  25.989 0.4000000060
120217  -20.311  -46.350  26.438 0.4000000060
23400  -20.158  -46.820  26.848 0.4000000060
114231  -27.528  -46.158  26.701 0.6999999881
23417  -19.600  -46.579  26.340 0.4000000060
22535  -21.531  -47.386  28.402 0.4000000060
24270  -27.464  -45.745  25.209 0.6999999881
23418  -20.843  -45.803  26.234 0.4000000060
23402  -21.554  -46.357  27.506 0.5000000000
23457  -27.464  -45.548  24.256 0.6999999881
24268  -20.375  -45.415  25.540 0.3000000119
23419  -21.404  -45.919  26.898 0.5000000000
25159  -25.549  -44.337  20.406 0.8000000119
25148  -26.038  -44.701  20.939 0.8000000119
25132  -26.906  -44.803  21.819 0.8000000119
24296  -27.511  -45.432  23.374 0.8000000119
24315  -27.443  -45.076  22.561 0.8000000119
119362  -22.296  -40.608  16.032 0.8000000119
27710  -22.376  -41.474  16.987 1.0000000000
123038  -23.380  -41.917  17.901 0.8000000119
26867  -24.204  -42.258  18.527 0.8000000119
26861  -24.647  -42.923  19.016 0.8000000119
26855  -25.694  -42.908  19.823 0.8000000119
26011  -25.972  -43.473  20.374 0.8000000119
28564  -22.455  -40.052  16.211 1.0000000000
26862  -25.281  -42.357  19.198 0.8000000119
28570  -22.992  -40.105  15.330 0.8000000119
27712  -23.714  -40.792  17.598 0.8000000119
27698  -25.120  -41.413  18.663 0.8000000119
28581  -23.811  -39.726  14.806 0.8999999762
29519  -25.049  -38.908  13.674 0.6999999881
29520  -26.063  -39.143  13.491 0.6999999881
29531  -26.498  -38.967  12.651 0.6999999881
30427  -26.990  -38.807  11.886 0.6999999881
29540  -27.989  -38.908  11.867 0.6999999881
29541  -29.181  -38.771  11.938 0.6000000238
30437  -28.430  -38.683  11.084 0.6999999881
30438  -29.540  -38.684  11.019 0.6000000238
30451  -28.925  -38.520  10.372 0.6000000238
22498  -24.819  -48.104  30.190 0.8000000119
21720  -21.296  -48.051  28.757 0.5000000000
22496  -23.029  -47.999  30.003 0.8000000119
22517  -23.628  -47.371  29.854 0.8000000119
22518  -24.353  -47.472  30.048 0.8000000119
23365  -25.977  -46.814  29.643 0.8000000119
22534  -20.825  -47.693  28.117 0.5000000000
22515  -21.940  -47.668  29.081 0.5000000000
22497  -23.881  -48.087  30.202 0.8000000119
23367  -27.242  -46.538  29.087 0.6999999881
23401  -20.840  -46.495  27.013 0.4000000060
23384  -21.789  -46.744  28.138 0.5000000000
22516  -22.739  -47.339  29.449 0.6999999881
21687  -22.401  -48.547  29.948 0.6999999881
128819  -26.822  -46.912  29.370 0.6999999881
113384  -27.456  -46.009  28.535 0.6999999881
109184  -27.624  -45.859  27.681 0.6999999881
23404  -27.546  -46.704  27.433 0.6999999881
25085  -28.007  -45.065  25.957 0.6999999881
25065  -22.310  -44.345  26.797 0.5000000000
25102  -27.947  -45.003  24.887 0.6999999881
129193  -21.408  -44.749  25.916 0.4000000060
24257  -21.638  -45.107  26.512 0.4000000060
25150  -26.956  -43.953  21.422 0.8000000119
112791  -27.890  -44.927  23.955 0.6999999881
25160  -26.312  -44.069  20.844 0.8000000119
26856  -26.333  -42.738  20.223 0.8000000119
26858  -27.576  -42.130  20.609 0.6999999881
27697  -24.078  -41.381  18.036 0.8000000119
26863  -26.032  -42.208  19.721 0.8000000119
29497  -22.815  -39.303  15.404 0.8999999762
29504  -23.112  -39.279  14.974 0.8999999762
29489  -22.645  -39.306  15.825 0.8999999762
29490  -22.928  -39.264  16.349 0.8000000119
29476  -23.122  -39.854  16.761 0.8000000119
28558  -24.545  -39.837  17.575 0.8000000119
29505  -23.552  -38.770  14.473 0.8999999762
30407  -23.548  -38.048  14.028 0.8000000119
30417  -25.303  -38.536  12.763 0.8000000119
29533  -30.011  -38.899  12.818 0.4000000060
30426  -26.005  -38.482  11.960 0.8000000119
116727  -26.503  -38.427  11.364 0.6999999881
107726  -27.336  -38.578  11.062 0.6999999881
31347  -29.998  -37.961  9.094 0.5000000000
113110  -25.054  -47.144  30.005 0.8000000119
24208  -23.815  -45.965  29.296 0.6999999881
24210  -25.929  -45.894  29.509 0.6999999881
24229  -23.338  -45.458  28.653 0.6000000238
24209  -24.629  -45.752  29.549 0.6999999881
24212  -27.158  -45.862  29.092 0.6999999881
127106  -27.542  -45.494  28.220 0.6999999881
25078  -27.845  -44.586  26.928 0.6999999881
113855  -27.676  -45.403  26.838 0.6999999881
25066  -22.888  -44.416  27.483 0.5000000000
25103  -28.427  -44.355  24.457 0.6999999881
25941  -22.028  -43.230  25.857 0.3000000119
25077  -21.754  -44.170  26.059 0.3000000119
25919  -22.891  -43.847  27.047 0.5000000000
26012  -26.772  -43.283  20.779 0.6999999881
25979  -28.133  -43.833  22.262 0.6999999881
25953  -28.851  -43.729  23.958 0.6999999881
126534  -27.221  -43.367  21.245 0.6999999881
25134  -28.021  -44.401  22.718 0.6999999881
25999  -27.719  -43.450  21.678 0.6999999881
27683  -27.198  -41.739  20.061 0.6999999881
29477  -23.823  -39.349  16.997 0.8000000119
28541  -24.642  -40.574  17.998 0.8000000119
27693  -25.774  -41.654  19.326 0.8000000119
29459  -25.484  -39.939  18.052 0.8000000119
30398  -23.272  -38.170  15.355 0.8000000119
30416  -23.828  -37.710  13.519 0.8000000119
30415  -23.576  -37.558  13.926 0.8000000119
117463  -23.188  -38.298  14.912 0.8999999762
123628  -24.455  -38.266  13.270 0.8999999762
30425  -24.934  -37.960  11.903 0.8000000119
30448  -26.383  -38.011  10.709 0.8000000119
30459  -29.479  -38.303  9.734 0.6000000238
30449  -27.180  -38.225  10.420 0.6999999881
32271  -26.469  -36.155  9.324 0.6999999881
112778  -25.191  -46.282  29.762 0.6999999881
25049  -24.583  -44.341  28.900 0.6000000238
25037  -24.978  -45.000  29.371 0.6999999881
25038  -25.799  -45.083  29.350 0.6999999881
24211  -26.626  -45.424  29.248 0.6999999881
24231  -27.246  -45.175  28.709 0.6999999881
24249  -22.764  -45.119  27.913 0.5000000000
23386  -23.049  -46.186  28.884 0.6000000238
25051  -26.494  -44.403  29.005 0.6999999881
25052  -27.244  -44.249  28.362 0.6999999881
25940  -21.437  -43.690  25.322 0.3000000119
25920  -23.518  -43.750  27.615 0.5000000000
25048  -23.630  -44.537  28.322 0.5000000000
25909  -25.044  -43.579  28.725 0.6000000238
25079  -28.304  -44.152  26.289 0.6999999881
25933  -23.305  -43.126  26.893 0.4000000060
110845  -24.156  -42.938  27.622 0.6000000238
113588  -28.754  -43.635  25.739 0.6999999881
25981  -29.184  -43.032  22.797 0.6999999881
25980  -28.643  -43.697  22.947 0.6999999881
27625  -23.421  -41.627  26.100 0.3000000119
110461  -28.152  -42.769  21.504 0.6999999881
128865  -25.516  -40.638  18.542 0.8000000119
28542  -26.219  -40.355  18.755 0.8000000119
28530  -26.794  -40.786  19.389 0.6999999881
27695  -27.578  -41.094  19.752 0.6999999881
26847  -28.131  -42.188  21.036 0.6999999881
30368  -24.331  -38.677  16.752 0.8000000119
29460  -26.484  -39.728  18.315 0.8000000119
31302  -23.487  -37.734  14.557 0.8000000119
30385  -23.722  -38.106  16.089 0.8000000119
29491  -23.482  -38.755  16.446 0.8000000119
112809  -24.920  -39.275  17.365 0.8000000119
31321  -24.105  -36.825  12.493 0.8000000119
31304  -25.388  -36.858  14.508 0.8000000119
31275  -25.350  -37.657  15.931 0.8000000119
31305  -26.649  -36.866  14.759 0.8000000119
32214  -27.042  -36.503  14.072 0.8000000119
31353  -29.316  -37.269  8.616 0.6000000238
31346  -28.859  -37.748  9.289 0.6999999881
31343  -26.260  -36.846  9.924 0.8000000119
31337  -27.476  -37.968  9.950 0.6000000238
32278  -25.980  -35.138  8.955 0.6999999881
32279  -26.686  -35.977  8.440 0.6000000238
31352  -27.958  -36.834  8.925 0.6000000238
25050  -25.469  -44.278  29.129 0.6000000238
25921  -24.741  -43.053  28.285 0.6000000238
25912  -27.369  -43.500  27.976 0.6999999881
115470  -27.622  -44.169  27.669 0.6999999881
26760  -25.408  -42.890  28.409 0.6000000238
25922  -28.147  -42.910  27.162 0.6999999881
25934  -27.925  -43.654  27.198 0.6999999881
26770  -23.862  -42.487  26.963 0.4000000060
26772  -25.724  -42.151  28.043 0.5000000000
115545  -27.618  -42.867  27.634 0.6999999881
114915  -24.917  -42.412  27.952 0.5000000000
27599  -25.166  -41.688  27.539 0.5000000000
115061  -29.158  -43.213  25.380 0.6999999881
25942  -29.021  -43.688  24.914 0.6999999881
26787  -23.388  -42.357  26.453 0.3000000119
26788  -24.000  -41.861  26.631 0.3000000119
27614  -24.634  -41.342  26.961 0.4000000060
118872  -29.516  -43.141  24.296 0.6999999881
27626  -24.101  -41.062  26.298 0.3000000119
28470  -24.361  -40.236  25.913 0.3000000119
26827  -29.853  -42.679  23.211 0.6999999881
27668  -28.848  -41.750  20.911 0.6999999881
27660  -30.191  -41.875  22.030 0.6999999881
29478  -25.933  -39.250  17.645 0.8000000119
28531  -28.315  -40.668  19.513 0.6999999881
27684  -28.030  -41.534  20.418 0.6999999881
27670  -30.306  -41.415  21.470 0.6999999881
127168  -28.205  -41.125  19.948 0.6999999881
111297  -29.944  -40.793  20.264 0.6999999881
30369  -25.386  -38.687  16.999 0.8000000119
111109  -27.487  -40.542  19.321 0.6999999881
28532  -29.359  -40.524  19.562 0.6999999881
29446  -29.750  -39.983  18.984 0.6999999881
124457  -23.805  -37.289  14.545 0.8000000119
30386  -24.811  -38.105  16.410 0.8000000119
30387  -25.889  -38.141  16.566 0.8000000119
30370  -26.408  -38.702  17.160 0.8000000119
29479  -26.911  -39.233  17.763 0.8000000119
29481  -28.773  -39.190  17.877 0.8000000119
29463  -30.141  -39.399  18.429 0.6999999881
115378  -24.177  -36.840  14.157 0.8000000119
31277  -27.414  -37.724  16.049 0.8000000119
30372  -28.360  -38.753  17.248 0.8000000119
32211  -23.980  -36.743  13.346 0.8000000119
32228  -24.673  -36.366  12.797 0.8000000119
111789  -26.953  -37.289  15.476 0.8000000119
31278  -28.366  -37.753  16.060 0.8000000119
31327  -24.492  -36.888  11.793 0.8000000119
32229  -25.611  -36.226  13.175 0.8000000119
127199  -27.312  -37.065  15.091 0.8000000119
31292  -27.874  -37.282  15.411 0.8000000119
32198  -29.230  -36.920  14.953 0.8000000119
32253  -25.236  -35.887  11.463 0.8000000119
109931  -27.861  -36.576  13.971 0.8000000119
32262  -25.388  -36.338  10.758 0.8000000119
32280  -29.852  -36.772  7.915 0.5000000000
112854  -28.369  -36.482  8.093 0.6000000238
117789  -25.972  -35.297  10.547 0.8000000119
32263  -25.812  -36.036  10.251 0.8000000119
32296  -28.926  -35.912  7.392 0.6000000238
32295  -27.197  -35.645  7.545 0.6000000238
125333  -27.862  -35.191  6.820 0.6000000238
25910  -25.899  -43.538  28.744 0.6999999881
25911  -26.709  -43.505  28.483 0.6999999881
26774  -27.301  -42.154  27.744 0.6999999881
26775  -27.962  -42.276  27.382 0.6999999881
26773  -26.551  -42.077  27.968 0.5000000000
28454  -25.679  -40.325  26.710 0.4000000060
28441  -26.051  -40.683  27.197 0.5000000000
26800  -28.890  -42.877  25.957 0.6999999881
25943  -29.495  -43.102  24.955 0.6999999881
28471  -25.225  -39.866  26.187 0.3000000119
29365  -26.089  -39.672  26.344 0.3000000119
28455  -26.487  -40.208  26.855 0.5000000000
26802  -29.952  -41.916  25.098 0.6999999881
115015  -30.041  -42.617  23.982 0.6999999881
30269  -26.168  -38.567  25.282 0.3000000119
26828  -30.471  -42.122  23.504 0.6999999881
28510  -30.876  -40.828  21.419 0.6999999881
29461  -27.398  -39.652  18.401 0.8000000119
29445  -28.812  -40.143  18.922 0.6999999881
27686  -30.343  -40.938  20.920 0.6999999881
28544  -27.877  -40.135  18.913 0.6999999881
115233  -29.228  -39.608  18.420 0.6999999881
29447  -30.520  -39.735  19.094 0.6999999881
31290  -24.645  -37.281  15.109 0.8000000119
30388  -26.916  -38.223  16.598 0.8000000119
29480  -27.856  -39.203  17.826 0.6999999881
29482  -29.521  -39.173  17.993 0.8000000119
30391  -29.803  -38.074  16.795 0.8000000119
32212  -24.908  -36.518  13.653 0.8000000119
31294  -29.737  -37.218  15.552 0.8000000119
32241  -25.390  -35.962  12.322 0.8000000119
113906  -26.497  -36.320  13.474 0.8000000119
32196  -27.711  -36.837  14.677 0.8000000119
32232  -29.418  -36.560  13.653 0.8000000119
109801  -30.065  -36.642  14.110 0.8000000119
33237  -25.723  -35.544  10.968 0.8000000119
33217  -26.188  -35.679  11.851 0.8000000119
32230  -27.346  -36.339  13.262 0.8000000119
32243  -27.955  -36.212  12.588 0.8000000119
32233  -30.337  -36.485  13.410 0.8000000119
33249  -25.923  -34.980  9.643 0.8000000119
26761  -26.218  -42.773  28.356 0.6000000238
28453  -24.871  -40.607  26.564 0.3000000119
27602  -27.684  -41.589  27.445 0.6000000238
28442  -26.726  -40.791  27.348 0.5000000000
28444  -28.164  -40.952  27.163 0.6999999881
27616  -28.696  -41.509  26.694 0.6999999881
26790  -29.009  -42.084  26.036 0.6999999881
28456  -27.441  -40.304  26.987 0.6000000238
28457  -28.788  -40.741  26.477 0.6999999881
27617  -29.214  -41.330  26.029 0.6999999881
27628  -30.254  -41.189  24.868 0.6999999881
30268  -25.253  -38.710  25.154 0.3000000119
29382  -26.565  -39.066  25.897 0.3000000119
28472  -29.403  -40.593  25.853 0.6999999881
30294  -27.622  -37.981  24.887 0.3000000119
27633  -30.667  -41.059  24.199 0.6999999881
112902  -26.013  -36.363  22.625 0.3000000119
31209  -26.196  -36.862  23.279 0.3000000119
31210  -26.994  -37.051  23.456 0.3000000119
31211  -27.876  -37.129  23.605 0.3000000119
33121  -25.712  -35.778  21.997 0.3000000119
28519  -30.870  -40.372  20.531 0.6999999881
30374  -30.296  -38.432  17.451 0.8000000119
31280  -30.227  -37.512  16.231 0.8000000119
32199  -30.169  -36.833  14.855 0.8000000119
109661  -26.349  -36.079  12.760 0.8000000119
32242  -27.045  -36.004  12.469 0.8000000119
32254  -27.240  -35.743  11.852 0.8000000119
32255  -28.304  -36.015  11.849 0.8000000119
32256  -29.361  -36.183  11.813 0.8000000119
32244  -29.072  -36.390  12.706 0.8000000119
126817  -29.741  -36.482  13.089 0.8000000119
33238  -26.426  -35.006  10.441 0.8000000119
33262  -25.601  -34.187  8.975 0.6999999881
33274  -25.270  -33.676  7.837 0.6000000238
28443  -27.413  -40.998  27.391 0.6000000238
29368  -28.820  -39.931  26.106 0.6000000238
27627  -29.764  -41.232  25.473 0.6999999881
30271  -28.008  -38.540  25.448 0.4000000060
120900  -29.135  -39.368  25.632 0.6000000238
28473  -30.003  -40.530  25.266 0.6999999881
28481  -30.482  -40.454  24.629 0.6999999881
30296  -29.496  -38.377  24.832 0.4000000060
28482  -30.918  -40.301  24.007 0.6999999881
112566  -30.920  -41.569  23.056 0.6999999881
32074  -28.496  -36.626  23.057 0.3000000119
31199  -30.065  -37.924  24.385 0.4000000060
29400  -31.137  -39.465  23.860 0.6000000238
28505  -31.468  -39.891  22.430 0.6999999881
28504  -31.215  -40.644  22.029 0.6999999881
28520  -31.428  -39.653  20.583 0.6999999881
29431  -31.738  -39.179  21.149 0.6999999881
29448  -31.183  -39.627  19.706 0.6999999881
29465  -31.716  -38.820  19.238 0.6999999881
30390  -28.855  -38.245  16.672 0.8000000119
32216  -29.513  -36.723  14.393 0.8000000119
32200  -31.165  -36.713  15.085 0.8000000119
32231  -28.419  -36.481  13.428 0.8000000119
32246  -30.883  -36.237  12.691 0.8000000119
33239  -27.424  -35.035  10.485 0.8000000119
33228  -28.518  -35.685  11.114 0.8000000119
33229  -29.643  -35.890  11.027 0.8000000119
33240  -28.690  -35.273  10.420 0.8000000119
33275  -26.414  -34.585  7.012 0.6000000238
120787  -26.343  -34.428  9.894 0.8000000119
34180  -25.409  -33.168  8.684 0.6999999881
34194  -25.311  -32.542  7.834 0.6999999881
120437  -28.255  -40.274  26.684 0.6000000238
29385  -29.612  -39.888  25.553 0.6000000238
31198  -29.178  -37.711  24.424 0.3000000119
29399  -30.687  -39.733  24.413 0.6000000238
31212  -28.825  -37.179  23.810 0.3000000119
31213  -29.747  -37.348  23.947 0.3000000119
31200  -30.757  -38.211  24.107 0.5000000000
32076  -30.229  -37.061  23.562 0.3000000119
31214  -30.527  -37.563  23.848 0.5000000000
29423  -31.705  -38.923  22.420 0.6999999881
33124  -28.531  -35.530  21.758 0.3000000119
33125  -29.287  -35.672  22.093 0.3000000119
31228  -31.967  -37.598  22.425 0.4000000060
114559  -31.641  -39.348  21.834 0.6999999881
33164  -27.740  -34.967  20.848 0.3000000119
109128  -32.437  -38.065  20.381 0.6000000238
30356  -32.151  -38.148  18.789 0.6000000238
30346  -32.299  -38.238  19.592 0.6000000238
30375  -31.110  -38.208  17.656 0.8000000119
31250  -31.829  -37.840  18.016 0.6999999881
31251  -32.465  -37.447  18.411 0.6000000238
31262  -30.701  -37.849  16.931 0.8000000119
31282  -31.991  -36.976  16.702 0.6999999881
31264  -32.265  -37.205  17.581 0.6999999881
31295  -30.616  -37.075  15.621 0.8000000119
31281  -31.163  -37.261  16.293 0.8000000119
128096  -31.776  -36.719  15.791 0.6999999881
32184  -32.702  -36.610  17.140 0.6999999881
32217  -30.789  -36.578  14.223 0.8000000119
128474  -31.186  -36.932  15.699 0.8000000119
32219  -31.902  -36.420  15.055 0.6999999881
32201  -32.439  -36.211  15.477 0.6999999881
32234  -31.254  -36.292  13.546 0.8000000119
33211  -32.744  -35.417  13.897 0.6999999881
33204  -33.190  -35.366  14.632 0.6999999881
33227  -27.392  -35.419  11.163 0.8000000119
32257  -30.360  -36.116  11.833 0.8000000119
33218  -31.701  -35.838  12.917 0.8000000119
33241  -29.937  -35.365  10.351 0.8000000119
33230  -31.370  -35.738  11.946 0.8000000119
33226  -26.480  -35.348  11.131 0.8000000119
33250  -27.407  -34.341  10.020 0.8000000119
33242  -31.044  -35.287  10.443 0.8000000119
34169  -27.506  -33.625  9.416 0.8000000119
116194  -27.777  -33.013  8.630 0.6999999881
34195  -25.768  -33.395  6.264 0.6000000238
35113  -27.437  -32.365  5.596 0.6000000238
34168  -26.195  -33.613  9.394 0.8000000119
35083  -26.492  -32.088  8.035 0.6999999881
35097  -27.304  -31.978  6.914 0.6999999881
30314  -31.328  -38.610  23.612 0.5000000000
30328  -31.669  -38.604  22.995 0.5000000000
32075  -29.502  -36.813  23.397 0.3000000119
31227  -31.591  -37.231  22.994 0.4000000060
30315  -31.673  -37.959  23.107 0.5000000000
127236  -31.861  -38.464  22.121 0.6000000238
33126  -30.200  -35.928  22.404 0.3000000119
30340  -32.137  -38.075  21.827 0.5000000000
110315  -32.469  -37.690  21.090 0.6000000238
121333  -30.524  -35.037  21.349 0.3000000119
33152  -31.022  -35.572  21.897 0.3000000119
31238  -32.668  -37.307  20.383 0.6000000238
34090  -28.499  -34.629  20.523 0.3000000119
117539  -29.726  -34.473  20.616 0.3000000119
34074  -32.061  -35.017  21.106 0.3000000119
34091  -29.176  -34.303  20.274 0.3000000119
31252  -32.834  -37.065  18.828 0.6000000238
34106  -28.477  -34.132  19.806 0.3000000119
32172  -32.943  -36.727  18.077 0.6999999881
113940  -32.524  -36.423  16.292 0.6999999881
33231  -32.039  -35.155  11.586 0.8000000119
34138  -32.835  -34.911  12.686 0.6999999881
125386  -32.991  -35.051  13.323 0.6999999881
33219  -32.192  -35.325  12.379 0.6999999881
33243  -31.879  -34.959  10.820 0.8000000119
34162  -32.385  -34.413  10.447 0.6999999881
33251  -28.884  -34.649  9.769 0.8000000119
125262  -30.360  -34.257  8.744 0.6999999881
33252  -30.357  -34.760  9.559 0.8000000119
34172  -32.209  -34.255  9.468 0.6000000238
36039  -29.380  -31.924  5.597 0.6000000238
35084  -28.270  -32.572  7.850 0.6999999881
34182  -29.531  -33.598  8.308 0.6999999881
36006  -27.419  -31.847  6.054 0.6999999881
36005  -26.630  -32.067  5.960 0.6999999881
40032  -29.897  -28.978  7.169 0.5000000000
41064  -28.220  -27.511  6.068 0.5000000000
31242  -32.862  -36.987  19.575 0.6000000238
32152  -33.128  -36.156  19.608 0.6000000238
110662  -33.522  -35.892  18.222 0.6000000238
32185  -33.187  -36.075  16.765 0.6999999881
33182  -33.708  -35.501  16.460 0.6999999881
33192  -32.945  -35.751  15.229 0.6999999881
35013  -26.699  -33.188  18.180 0.3000000119
34132  -33.466  -34.833  13.871 0.6999999881
32202  -33.059  -35.875  15.951 0.6999999881
34171  -31.284  -34.443  8.981 0.6999999881
34154  -33.005  -34.301  11.587 0.6999999881
34146  -33.311  -34.321  12.250 0.6000000238
34153  -32.493  -34.590  11.243 0.6999999881
34170  -29.160  -34.054  9.021 0.6999999881
34184  -31.872  -33.883  8.645 0.6000000238
34196  -30.024  -33.120  7.853 0.6999999881
36021  -28.542  -32.131  5.518 0.5000000000
116438  -28.110  -31.698  6.730 0.6999999881
37001  -29.397  -30.953  6.766 0.6999999881
38040  -28.407  -30.498  6.293 0.6999999881
32139  -32.855  -36.529  20.313 0.5000000000
33170  -33.296  -35.360  19.554 0.4000000060
113838  -33.410  -35.809  19.011 0.5000000000
111049  -33.705  -35.073  18.774 0.5000000000
33173  -34.020  -35.123  17.907 0.6000000238
33177  -34.193  -35.027  17.056 0.6000000238
108673  -26.823  -32.650  17.390 0.3000000119
35936  -27.753  -32.660  17.418 0.3000000119
33193  -33.639  -35.307  15.504 0.6999999881
34124  -33.893  -34.818  14.726 0.6000000238
34139  -33.394  -34.584  13.050 0.6000000238
123681  -32.744  -33.608  9.196 0.6000000238
35059  -33.566  -33.798  11.514 0.6000000238
34183  -30.842  -33.888  8.349 0.6999999881
35066  -32.932  -33.873  10.071 0.6000000238
35085  -31.298  -33.274  8.100 0.6999999881
35995  -31.712  -32.484  7.998 0.6000000238
36007  -29.375  -31.493  7.150 0.6999999881
37000  -28.520  -30.971  6.195 0.6999999881
36020  -27.752  -31.683  5.589 0.6000000238
38076  -28.433  -30.552  5.354 0.5000000000
38057  -27.962  -30.634  5.595 0.6000000238
39079  -27.175  -30.035  4.997 0.6000000238
38041  -29.550  -30.377  6.935 0.6000000238
39056  -26.557  -29.512  5.404 0.5000000000
39038  -29.077  -29.833  6.753 0.5000000000
40045  -26.308  -28.816  5.587 0.5000000000
39055  -25.639  -29.147  4.849 0.5000000000
40046  -27.637  -28.391  6.269 0.5000000000
34112  -33.871  -34.145  18.900 0.4000000060
35911  -32.025  -32.830  19.109 0.4000000060
35946  -29.023  -32.079  17.154 0.3000000119
35922  -30.571  -32.296  18.198 0.3000000119
33194  -34.226  -34.701  15.435 0.6000000238
36948  -28.469  -31.244  15.584 0.3000000119
34133  -34.195  -34.283  14.100 0.6000000238
35060  -34.224  -33.416  11.840 0.5000000000
34140  -33.881  -34.313  13.426 0.6000000238
123782  -33.447  -33.252  9.776 0.6000000238
35067  -33.534  -33.516  10.630 0.6000000238
35087  -33.160  -32.863  9.049 0.6000000238
35068  -34.106  -33.203  11.127 0.6000000238
35996  -32.647  -32.286  8.552 0.6000000238
35997  -33.404  -32.011  8.999 0.6000000238
35099  -30.463  -32.441  7.688 0.6999999881
36992  -32.115  -31.521  8.128 0.6000000238
37002  -30.406  -31.054  7.288 0.6999999881
40031  -28.502  -29.125  6.619 0.5000000000
112301  -29.510  -27.195  6.361 0.5000000000
35018  -32.952  -32.974  19.100 0.4000000060
124902  -34.099  -34.498  18.308 0.4000000060
35019  -33.709  -33.300  18.789 0.4000000060
34113  -34.320  -34.371  17.618 0.5000000000
35925  -33.429  -32.588  18.519 0.4000000060
34116  -34.502  -34.285  16.768 0.4000000060
34119  -34.688  -34.119  15.871 0.5000000000
112994  -28.766  -31.580  16.396 0.3000000119
36938  -30.393  -31.157  16.592 0.3000000119
36920  -30.455  -31.652  17.281 0.4000000060
35029  -35.077  -33.558  15.218 0.4000000060
37950  -30.003  -30.793  15.998 0.3000000119
36939  -31.066  -31.184  16.917 0.4000000060
35054  -34.953  -33.244  12.907 0.5000000000
35036  -34.859  -33.670  14.324 0.6000000238
35053  -34.357  -33.564  12.541 0.5000000000
35978  -34.539  -32.539  10.955 0.5000000000
35984  -33.827  -32.507  9.580 0.6000000238
36975  -34.952  -31.774  10.810 0.5000000000
36993  -32.855  -31.495  8.660 0.6000000238
36983  -33.397  -31.070  9.001 0.6000000238
38030  -31.526  -29.973  7.736 0.6000000238
38031  -32.197  -29.865  8.261 0.6000000238
115563  -30.788  -30.018  7.401 0.5000000000
39039  -30.362  -29.651  7.306 0.5000000000
41050  -30.753  -28.267  7.278 0.5000000000
42111  -30.163  -26.678  6.175 0.5000000000
42124  -29.569  -26.383  5.236 0.5000000000
35024  -34.540  -33.512  17.324 0.4000000060
114384  -34.395  -33.021  17.845 0.4000000060
35026  -34.905  -32.903  16.708 0.4000000060
113224  -34.783  -33.647  16.552 0.4000000060
35939  -34.294  -32.449  17.711 0.4000000060
35027  -35.322  -32.691  16.069 0.4000000060
35030  -35.443  -32.857  15.450 0.4000000060
113550  -29.653  -30.584  15.217 0.3000000119
35964  -35.438  -32.560  12.815 0.4000000060
35037  -35.431  -33.050  14.639 0.5000000000
37990  -29.191  -30.331  14.671 0.3000000119
117405  -35.167  -32.320  11.711 0.4000000060
36974  -34.582  -31.216  10.055 0.5000000000
36967  -35.505  -31.366  11.486 0.4000000060
36984  -34.030  -31.620  9.448 0.6000000238
38013  -35.205  -30.871  10.674 0.5000000000
120573  -32.572  -30.571  8.535 0.6000000238
38021  -33.234  -30.035  9.086 0.5000000000
38022  -34.030  -30.649  9.427 0.5000000000
39040  -31.393  -29.566  7.662 0.5000000000
39028  -32.070  -29.422  8.097 0.6000000238
39029  -32.526  -29.240  8.553 0.6000000238
115562  -32.661  -29.711  8.713 0.6000000238
41065  -30.708  -27.380  6.781 0.5000000000
40034  -31.658  -28.511  7.703 0.5000000000
40999  -28.164  -27.939  13.730 0.3000000119
40984  -29.875  -27.961  14.212 0.4000000060
41001  -30.256  -27.150  13.830 0.4000000060
40025  -32.922  -28.617  8.703 0.5000000000
42048  -27.679  -26.289  12.723 0.4000000060
40024  -32.315  -28.770  8.200 0.5000000000
41037  -34.339  -27.837  9.295 0.5000000000
40019  -34.740  -28.054  10.008 0.5000000000
126953  -32.435  -27.367  7.359 0.5000000000
41045  -33.990  -27.605  8.577 0.5000000000
41051  -31.469  -27.817  7.366 0.5000000000
42097  -31.879  -27.184  7.053 0.6000000238
42135  -30.295  -25.993  4.681 0.5000000000
42125  -30.877  -26.363  5.583 0.6000000238
109266  -31.865  -26.196  5.887 0.5000000000
42136  -31.533  -26.029  5.045 0.6000000238
106886  -31.042  -25.594  4.205 0.4000000060
42037  -29.869  -26.520  13.424 0.4000000060
42026  -31.949  -26.830  14.159 0.4000000060
41043  -32.723  -28.241  8.161 0.5000000000
41052  -32.940  -27.505  7.627 0.5000000000
42098  -32.670  -26.908  7.011 0.5000000000
42114  -32.978  -26.394  6.457 0.5000000000
42099  -33.476  -26.708  7.074 0.5000000000
42112  -31.323  -26.663  6.380 0.5000000000
42113  -32.231  -26.522  6.491 0.5000000000
43199  -32.163  -25.589  4.575 0.4000000060
42126  -32.446  -25.961  5.374 0.5000000000
42039  -31.475  -26.274  13.671 0.4000000060
43111  -29.004  -25.594  12.397 0.4000000060
41044  -33.258  -27.917  8.372 0.5000000000
124755  -32.572  -26.172  6.016 0.4000000060
43200  -33.106  -25.680  4.800 0.4000000060
121457  -32.766  -25.318  4.115 0.3000000119
42088  -34.547  -27.067  7.972 0.4000000060
43189  -33.288  -26.003  5.739 0.4000000060
121474  -33.697  -25.174  3.973 0.4000000060
43201  -34.165  -25.712  4.992 0.4000000060
43180  -34.180  -25.896  6.018 0.4000000060
44324  -34.211  -24.167  2.522 0.4000000060
43220  -34.788  -25.173  4.090 0.4000000060
121021  -35.615  -25.561  5.635 0.4000000060
44310  -35.372  -24.573  3.412 0.4000000060
44325  -35.044  -24.051  2.719 0.4000000060
45251  -34.641  -23.305  2.213 0.4000000060
43202  -35.227  -25.543  4.864 0.4000000060
43221  -35.706  -24.933  4.213 0.4000000060
43203  -36.104  -25.227  4.936 0.4000000060
43191  -36.466  -25.306  5.649 0.4000000060
44311  -36.133  -24.247  3.700 0.3000000119
45252  -35.373  -23.159  2.574 0.4000000060
44312  -36.836  -23.884  4.003 0.4000000060
45235  -35.753  -23.803  3.068 0.5000000000
44295  -36.516  -24.598  4.398 0.4000000060
17950  -23.583  -53.122  26.838 0.6999999881
13794  -22.143  -59.424  30.862 0.6000000238
17888  -25.058  -53.154  30.027 0.6000000238
18660  -25.738  -52.291  29.368 0.6999999881
16528  -19.819  -55.294  31.579 0.4000000060
26074  -21.293  -43.452  17.406 0.8000000119
117071  -25.023  -50.157  30.337 0.6000000238
19432  -20.459  -51.470  30.541 0.5000000000
23456  -26.821  -46.690  24.180 0.8000000119
23366  -26.696  -46.232  29.355 0.6999999881
27694  -26.491  -41.529  19.624 0.6999999881
32197  -28.466  -36.996  14.978 0.8000000119
26789  -28.527  -42.383  26.770 0.6999999881
29464  -31.026  -39.245  18.777 0.6999999881
30355  -31.449  -38.533  18.423 0.6999999881
30298  -30.827  -38.965  24.273 0.6000000238
29384  -28.392  -39.171  25.871 0.6000000238
33166  -32.977  -35.705  20.258 0.4000000060
35052  -33.855  -33.833  12.183 0.6000000238
35926  -34.074  -32.833  18.264 0.4000000060
35948  -35.124  -32.110  16.413 0.4000000060
123857  -33.622  -26.229  6.408 0.4000000060
127839  -21.751  -52.439  20.094 0.5000000000
17980  -20.291  -53.117  22.105 0.6999999881
122488  -24.469  -49.522  18.103 0.5000000000
107503  -20.860  -59.326  28.768 0.5000000000
21134  -23.538  -49.095  17.873 0.6999999881
17949  -22.333  -52.957  26.257 0.6999999881
20343  -21.704  -50.711  21.664 0.6999999881
21817  -21.238  -48.339  19.779 0.6999999881
117639  -21.273  -49.942  21.017 0.6999999881
23553  -24.332  -46.773  16.961 0.6999999881
24368  -25.599  -45.766  17.174 0.5000000000
23554  -24.817  -46.125  16.764 0.6000000238
26077  -25.904  -43.133  16.386 0.5000000000
14482  -23.081  -58.034  30.473 0.6000000238
24385  -23.532  -45.452  16.484 0.6999999881
18696  -24.124  -52.313  26.426 0.8000000119
20316  -24.237  -51.176  24.584 0.6999999881
26079  -27.465  -43.251  16.804 0.4000000060
15185  -23.171  -57.149  31.150 0.6000000238
25219  -21.698  -44.270  17.227 0.8000000119
17190  -24.606  -54.728  30.063 0.6999999881
19493  -25.225  -51.313  26.620 0.6999999881
26890  -26.360  -42.433  16.328 0.5000000000
18673  -26.067  -51.927  28.838 0.6999999881
115855  -22.302  -55.935  31.642 0.6000000238
21746  -25.944  -49.275  26.240 0.8000000119
27737  -27.358  -41.083  15.719 0.6000000238
25189  -21.412  -43.939  18.284 0.8000000119
28573  -26.937  -40.388  15.256 0.6000000238
28586  -29.427  -40.250  14.989 0.4000000060
118686  -19.379  -54.693  31.485 0.3000000119
16529  -21.390  -55.605  31.720 0.5000000000
15857  -19.863  -56.700  31.865 0.4000000060
23491  -25.313  -46.718  21.088 0.8999999762
20248  -24.817  -50.882  30.438 0.6000000238
19435  -23.797  -51.683  30.899 0.6000000238
118225  -25.574  -50.188  30.075 0.6000000238
21003  -27.170  -49.032  29.101 0.8000000119
119661  -20.584  -55.228  31.616 0.4000000060
120921  -20.908  -54.081  31.494 0.5000000000
24313  -26.282  -46.148  21.919 0.8000000119
28583  -26.567  -39.899  14.739 0.6999999881
20247  -24.018  -50.987  30.765 0.6000000238
18631  -20.645  -52.877  31.180 0.5000000000
19434  -22.381  -51.732  31.049 0.5000000000
20262  -20.360  -50.152  29.806 0.5000000000
20984  -20.986  -50.283  30.202 0.6000000238
21000  -20.875  -49.523  29.694 0.6000000238
21718  -19.106  -48.589  28.205 0.6000000238
125389  -21.827  -49.797  30.325 0.6000000238
19433  -21.488  -51.449  30.781 0.5000000000
24258  -27.617  -45.764  26.103 0.6999999881
111421  -25.164  -43.094  19.425 0.8000000119
27711  -23.124  -41.349  17.477 0.8999999762
116064  -21.775  -48.328  29.412 0.6000000238
116235  -22.403  -49.174  30.228 0.6000000238
21705  -22.369  -47.980  29.595 0.6000000238
22548  -21.188  -47.022  27.725 0.4000000060
22536  -22.160  -47.044  28.777 0.5000000000
24248  -22.005  -45.630  27.474 0.5000000000
23403  -22.057  -46.216  27.955 0.5000000000
25133  -27.547  -44.286  22.050 0.6999999881
28556  -22.890  -40.619  16.960 0.8000000119
30450  -27.939  -38.427  10.445 0.6999999881
23364  -24.307  -46.660  29.752 0.6999999881
23363  -23.391  -46.700  29.420 0.6000000238
25086  -28.453  -44.351  25.379 0.6999999881
24247  -22.294  -44.917  27.234 0.5000000000
25115  -28.303  -44.357  23.526 0.6999999881
30436  -25.666  -37.992  11.322 0.8000000119
24230  -24.158  -45.144  29.116 0.6000000238
128041  -25.283  -45.588  29.549 0.6999999881
24228  -22.588  -45.838  28.243 0.5000000000
26786  -22.741  -42.817  26.224 0.3000000119
25967  -29.295  -43.210  23.498 0.6999999881
30424  -24.244  -37.638  12.680 0.8999999762
31328  -24.878  -37.360  11.453 0.8000000119
31336  -26.693  -37.654  10.109 0.6000000238
32270  -26.209  -36.280  9.775 0.8000000119
25908  -24.268  -43.675  28.291 0.6000000238
26771  -24.445  -42.113  27.287 0.4000000060
26835  -28.653  -43.150  22.082 0.6999999881
28543  -27.015  -40.149  18.921 0.8000000119
28518  -28.925  -41.153  20.167 0.6999999881
32240  -24.667  -36.315  11.970 0.8000000119
31335  -25.904  -37.080  10.297 0.8000000119
25935  -28.451  -43.288  26.529 0.6999999881
27600  -26.068  -41.369  27.581 0.5000000000
26801  -29.458  -42.560  25.383 0.6999999881
127336  -29.697  -42.929  23.757 0.6999999881
29380  -24.774  -39.445  25.540 0.3000000119
27669  -29.568  -41.876  21.504 0.6999999881
26837  -30.430  -42.077  22.714 0.6999999881
27685  -29.666  -41.336  20.858 0.6999999881
28533  -30.312  -40.216  19.670 0.6999999881
30371  -27.396  -38.740  17.205 0.8000000119
30389  -27.894  -38.271  16.613 0.8000000119
26811  -30.348  -41.887  24.326 0.6999999881
29381  -25.679  -39.210  25.746 0.3000000119
29366  -26.987  -39.613  26.453 0.5000000000
119008  -30.722  -41.525  23.729 0.6999999881
27661  -30.842  -41.385  22.213 0.6999999881
28511  -31.378  -40.029  21.408 0.6999999881
30295  -28.567  -38.126  24.907 0.3000000119
31197  -28.212  -37.588  24.321 0.3000000119
27648  -31.028  -40.935  23.521 0.6999999881
32073  -27.564  -36.653  22.990 0.3000000119
30272  -28.933  -38.755  25.362 0.6000000238
30297  -30.262  -38.642  24.597 0.6000000238
120531  -30.385  -39.286  24.694 0.6000000238
29408  -31.521  -39.278  23.154 0.6999999881
28493  -31.293  -40.131  23.328 0.6999999881
27649  -31.227  -40.829  22.756 0.6999999881
29435  -31.924  -38.893  20.253 0.6000000238
32218  -31.611  -36.341  14.369 0.8000000119
108254  -30.689  -35.766  11.075 0.8000000119
35096  -26.018  -32.313  6.695 0.6000000238
35112  -26.411  -32.694  5.773 0.6000000238
31215  -31.180  -37.743  23.556 0.5000000000
30329  -31.840  -38.256  22.492 0.5000000000
33149  -28.512  -35.104  21.126 0.3000000119
33151  -29.999  -35.373  21.706 0.3000000119
115566  -32.329  -37.264  21.732 0.5000000000
123519  -32.595  -37.655  19.825 0.6000000238
31263  -31.515  -37.567  17.187 0.8000000119
33210  -32.032  -35.899  13.750 0.6999999881
112599  -28.227  -31.421  6.185 0.6999999881
34072  -29.839  -34.869  21.123 0.3000000119
33153  -31.863  -35.994  22.010 0.3000000119
34980  -29.977  -33.931  20.111 0.3000000119
32163  -33.155  -36.452  18.894 0.6000000238
32173  -33.261  -36.218  17.499 0.6000000238
35098  -28.925  -32.155  7.423 0.6999999881
33176  -33.708  -35.666  17.324 0.6000000238
33183  -34.225  -34.874  16.181 0.6999999881
36038  -28.413  -31.503  5.690 0.5000000000
34109  -33.365  -34.549  19.469 0.4000000060
36008  -30.996  -31.669  7.572 0.6000000238
36991  -31.567  -30.695  7.762 0.6000000238
39078  -26.245  -29.673  4.911 0.6000000238
41072  -26.172  -27.949  4.897 0.4000000060
35003  -33.240  -33.745  19.334 0.4000000060
35923  -31.615  -32.304  18.441 0.4000000060
35938  -29.763  -32.125  17.570 0.3000000119
36949  -29.231  -31.016  15.819 0.3000000119
35044  -35.328  -33.092  13.689 0.5000000000
35985  -34.378  -32.122  10.165 0.5000000000
121155  -35.183  -33.338  16.014 0.4000000060
37951  -30.795  -30.693  16.168 0.4000000060
36961  -35.712  -31.663  12.400 0.4000000060
119036  -32.199  -27.909  7.709 0.6000000238
41000  -29.021  -28.152  13.952 0.3000000119
41002  -31.069  -27.009  13.980 0.4000000060
43190  -34.838  -25.716  5.602 0.4000000060
43204  -36.879  -24.874  5.063 0.4000000060
46271  -35.671  -22.321  2.653 0.3000000119
125133  -17.176  -54.883  25.405 0.5000000000
115891  -19.702  -55.605  25.530 0.5000000000
122490  -15.423  -55.483  25.980 0.4000000060
15915  -15.849  -54.908  26.012 0.5000000000
16571  -16.154  -54.740  25.846 0.5000000000
16580  -16.872  -54.336  25.634 0.5000000000
16581  -17.868  -54.397  25.525 0.6000000238
118073  -19.502  -53.536  25.385 0.6000000238
126359  -16.574  -55.060  26.498 0.5000000000
15905  -17.023  -56.249  27.042 0.5000000000
15916  -17.227  -54.339  26.449 0.5000000000
16573  -17.236  -53.691  26.046 0.5000000000
15215  -18.071  -56.792  27.398 0.5000000000
17946  -17.757  -53.556  26.047 0.6000000238
17247  -19.383  -53.087  25.674 0.6000000238
17246  -18.442  -53.573  25.767 0.6000000238
127542  -19.956  -53.051  25.278 0.6000000238
17248  -20.490  -53.024  24.827 0.6000000238
17955  -20.073  -52.864  25.377 0.6000000238
17254  -21.178  -53.273  24.261 0.6000000238
17970  -21.176  -52.785  23.083 0.6000000238
17961  -21.152  -52.563  24.035 0.6000000238
15216  -18.710  -56.170  27.362 0.5000000000
16574  -18.024  -53.860  26.401 0.5000000000
17239  -18.036  -53.487  26.113 0.6000000238
124593  -19.072  -57.337  27.696 0.5000000000
17947  -18.639  -53.285  25.981 0.6000000238
14511  -19.715  -58.120  28.070 0.5000000000
127885  -19.938  -57.435  27.863 0.5000000000
17956  -20.777  -52.721  24.864 0.6000000238
18728  -19.725  -52.240  21.676 0.6000000238
16559  -18.321  -54.986  26.845 0.5000000000
16560  -18.890  -54.398  26.808 0.5000000000
108781  -19.686  -56.584  27.609 0.5000000000
15908  -20.301  -55.859  27.539 0.5000000000
15907  -19.314  -55.438  27.276 0.5000000000
16561  -19.859  -54.546  27.067 0.5000000000
17240  -18.933  -53.488  26.375 0.6000000238
15208  -20.567  -57.978  28.199 0.5000000000
15217  -20.710  -57.047  27.787 0.5000000000
107289  -19.643  -52.905  25.977 0.6000000238
14502  -20.354  -58.761  28.401 0.5000000000
18729  -20.918  -52.335  22.698 0.6000000238
127430  -21.194  -52.281  23.611 0.6000000238
16562  -20.934  -55.216  27.433 0.5000000000
17227  -21.064  -53.821  26.829 0.6000000238
17226  -20.063  -53.521  26.612 0.6000000238
13819  -21.489  -59.528  29.281 0.5000000000
112707  -21.297  -52.188  23.674 0.6000000238
126276  -21.289  -52.062  22.977 0.6000000238
15909  -21.338  -56.270  27.706 0.5000000000
116350  -21.534  -54.689  27.284 0.5000000000
15209  -21.499  -57.792  28.301 0.5000000000
14503  -21.377  -58.727  28.694 0.5000000000
107995  -22.324  -58.293  28.886 0.6000000238
15910  -23.075  -55.861  27.871 0.6000000238
111954  -22.002  -55.638  27.608 0.5000000000
16563  -22.573  -54.981  27.491 0.5000000000
17933  -22.707  -53.653  26.897 0.6000000238
110556  -22.378  -57.487  28.464 0.6000000238
124962  -22.462  -56.635  28.036 0.6000000238
14491  -22.827  -58.415  29.776 0.5000000000
15210  -23.025  -57.760  29.091 0.5000000000
13808  -21.942  -59.576  30.076 0.4000000060
110020  -23.425  -56.561  28.529 0.6000000238
16564  -23.564  -55.122  27.783 0.6000000238
17228  -23.098  -54.344  27.391 0.6000000238
29508  -28.166  -39.577  14.275 0.5000000000
27601  -26.961  -41.476  27.630 0.5000000000
30354  -30.694  -38.807  18.091 0.6000000238
33263  -25.793  -34.875  8.147 0.5000000000
34207  -27.436  -33.584  5.483 0.5000000000
46272  -36.437  -22.373  3.342 0.4000000060
47440  -36.209  -21.243  3.430 0.3000000119
47424  -36.608  -20.786  3.937 0.3000000119
109147  -15.075  -55.989  25.760 0.4000000060
116773  -15.557  -55.790  25.363 0.5000000000
15925  -16.451  -55.046  25.458 0.5000000000
16584  -21.445  -55.020  25.256 0.5000000000
16583  -20.196  -54.695  25.350 0.6000000238
116509  -20.438  -53.767  25.050 0.6000000238
17249  -21.324  -54.057  24.666 0.5000000000
17266  -21.526  -53.629  23.557 0.5000000000
15214  -16.501  -56.851  26.936 0.4000000060
129251  -18.340  -57.704  27.610 0.5000000000
14510  -18.914  -58.302  27.880 0.5000000000
14501  -19.522  -58.909  28.242 0.3000000119
13806  -20.142  -59.496  28.561 0.4000000060
13156  -20.598  -60.757  29.641 0.4000000060
28585  -28.467  -40.009  14.922 0.4000000060
29509  -29.073  -39.610  14.429 0.4000000060
120741  -28.662  -39.333  13.809 0.4000000060
29367  -27.912  -39.645  26.422 0.5000000000
123118  -27.285  -34.484  5.931 0.5000000000
32138  -32.642  -36.881  21.047 0.4000000060
47441  -36.879  -21.666  3.895 0.3000000119
49700  -37.115  -19.437  4.824 0.3000000119
15222  -15.514  -56.234  26.336 0.4000000060
17241  -20.621  -53.069  26.298 0.6000000238
123135  -22.412  -59.046  30.196 0.5000000000
16582  -19.033  -54.396  25.431 0.6000000238
15914  -15.633  -55.430  25.765 0.4000000060
17237  -16.424  -54.384  25.867 0.5000000000
17945  -17.252  -53.724  25.912 0.6000000238
15906  -17.648  -55.617  26.960 0.5000000000
109164  -17.501  -57.391  27.374 0.5000000000
15901  -21.672  -57.082  27.977 0.5000000000
17255  -21.843  -54.400  24.191 0.4000000060
128193  -21.111  -53.569  22.702 0.4000000060
108444  -17.975  -58.492  27.643 0.4000000060
18642  -19.273  -52.441  30.655 0.4000000060
18630  -19.776  -53.054  31.033 0.3000000119
17177  -20.207  -54.500  31.493 0.4000000060
20242  -19.148  -51.157  29.987 0.4000000060
19431  -19.590  -51.707  30.415 0.4000000060
21014  -17.750  -49.484  28.512 0.4000000060
20997  -18.243  -50.007  29.054 0.4000000060
20260  -18.721  -50.565  29.543 0.4000000060
20261  -19.639  -50.468  29.727 0.4000000060
21029  -16.370  -49.132  27.783 0.3000000119
21030  -17.243  -48.968  27.993 0.3000000119
113159  -16.768  -48.501  27.416 0.4000000060
21717  -18.136  -48.820  28.109 0.5000000000
22545  -17.964  -47.867  27.220 0.4000000060
22560  -17.913  -47.328  26.644 0.4000000060
30270  -27.079  -38.500  25.392 0.3000000119
33128  -31.946  -36.770  22.313 0.3000000119
33127  -31.202  -36.422  22.657 0.3000000119
32117  -32.360  -36.430  21.610 0.3000000119
122896  -32.262  -35.704  21.356 0.3000000119
32118  -32.702  -36.074  20.942 0.3000000119
39030  -33.023  -29.223  9.021 0.4000000060
34108  -32.770  -34.162  19.905 0.3000000119
35002  -32.434  -33.470  19.567 0.3000000119
39020  -33.591  -29.114  9.416 0.4000000060
40017  -33.372  -28.688  9.152 0.4000000060
36921  -31.303  -31.755  17.690 0.3000000119
38012  -34.631  -30.156  10.049 0.4000000060
40012  -34.609  -28.678  10.098 0.3000000119
40018  -34.036  -28.511  9.545 0.4000000060
41053  -33.745  -27.293  7.812 0.4000000060
42100  -34.196  -26.707  7.399 0.3000000119
35924  -32.565  -32.398  18.566 0.3000000119
36907  -33.106  -31.941  18.111 0.3000000119
36908  -33.848  -32.175  18.000 0.3000000119
36906  -32.208  -31.845  17.942 0.3000000119
36923  -33.616  -31.583  17.600 0.3000000119
37933  -34.025  -31.158  17.101 0.3000000119
37932  -33.320  -31.055  17.203 0.3000000119
37954  -34.349  -30.685  16.506 0.3000000119
36942  -35.327  -31.431  16.012 0.3000000119
35951  -35.492  -32.119  15.698 0.3000000119
35954  -35.659  -32.291  14.937 0.3000000119
37952  -31.608  -30.697  16.506 0.3000000119
37931  -32.551  -30.738  16.813 0.3000000119
35958  -35.689  -32.356  13.670 0.3000000119
37971  -31.354  -30.238  15.671 0.3000000119
38944  -31.588  -29.693  15.193 0.3000000119
36958  -35.877  -31.750  13.320 0.3000000119
38943  -30.860  -29.918  15.052 0.3000000119
38962  -31.187  -29.357  14.798 0.3000000119
38004  -35.980  -30.841  12.134 0.3000000119
38006  -35.666  -30.520  11.352 0.3000000119
119063  -35.775  -29.866  11.275 0.3000000119
42036  -28.723  -27.190  13.533 0.3000000119
117796  -29.482  -27.269  13.703 0.3000000119
117014  -35.369  -30.024  10.700 0.3000000119
39009  -34.947  -29.297  10.369 0.3000000119
42050  -29.420  -26.039  12.955 0.3000000119
43110  -28.160  -25.722  12.303 0.3000000119
42115  -34.237  -26.256  6.769 0.3000000119
36941  -34.671  -31.416  16.701 0.3000000119
37953  -33.498  -30.627  16.689 0.3000000119
118776  -35.501  -30.880  15.641 0.3000000119
36955  -35.891  -31.754  14.265 0.3000000119
123821  -32.080  -30.348  16.128 0.3000000119
118873  -32.816  -30.218  16.153 0.3000000119
37973  -33.744  -30.118  16.101 0.3000000119
37974  -34.635  -30.120  15.910 0.3000000119
37976  -35.797  -30.547  15.134 0.3000000119
36956  -36.073  -30.856  14.518 0.3000000119
36959  -36.206  -31.044  13.784 0.3000000119
37972  -32.159  -29.941  15.616 0.3000000119
112892  -32.993  -29.677  15.649 0.3000000119
38946  -33.982  -29.508  15.606 0.3000000119
36962  -36.188  -31.041  12.959 0.3000000119
39962  -29.987  -28.861  14.412 0.3000000119
38963  -31.783  -29.220  14.908 0.3000000119
38945  -32.295  -29.391  15.229 0.3000000119
38007  -36.129  -30.076  11.884 0.3000000119
40985  -30.685  -27.705  14.235 0.3000000119
40013  -35.339  -28.500  10.586 0.3000000119
42038  -30.656  -26.407  13.522 0.3000000119
43098  -30.216  -25.860  13.074 0.3000000119
118967  -31.854  -25.556  13.436 0.3000000119
43112  -30.664  -25.265  12.664 0.3000000119
41038  -35.180  -27.373  9.616 0.3000000119
41046  -34.794  -27.284  8.764 0.3000000119
42089  -35.332  -26.767  8.169 0.3000000119
43181  -35.050  -25.831  6.409 0.3000000119
42101  -34.981  -26.357  7.342 0.3000000119
37955  -35.046  -30.780  16.119 0.3000000119
38947  -34.996  -29.414  15.486 0.3000000119
37975  -35.303  -30.224  15.592 0.3000000119
37992  -36.121  -30.090  14.603 0.3000000119
126404  -36.355  -29.755  14.295 0.3000000119
39951  -33.178  -28.929  15.198 0.3000000119
39952  -34.299  -28.800  15.279 0.3000000119
39953  -35.069  -28.690  15.225 0.3000000119
38964  -35.521  -29.060  15.070 0.3000000119
117731  -36.399  -30.235  14.033 0.3000000119
39964  -31.561  -28.632  14.635 0.3000000119
39966  -32.877  -28.133  14.776 0.3000000119
38998  -36.547  -29.462  12.312 0.3000000119
117683  -36.873  -27.708  11.971 0.3000000119
40006  -36.623  -28.625  11.924 0.3000000119
42040  -32.280  -26.093  13.860 0.3000000119
40014  -36.154  -27.940  11.177 0.3000000119
43100  -32.520  -25.464  13.661 0.3000000119
41030  -35.519  -27.670  10.396 0.3000000119
43099  -31.469  -25.055  12.925 0.3000000119
44181  -32.357  -24.848  13.265 0.3000000119
41039  -35.759  -27.063  10.150 0.3000000119
42079  -35.441  -26.895  8.955 0.3000000119
42090  -36.080  -26.316  8.636 0.3000000119
43165  -35.658  -25.908  6.971 0.3000000119
38965  -36.120  -29.252  14.590 0.3000000119
40988  -34.319  -27.336  14.786 0.3000000119
40989  -35.225  -27.378  14.743 0.3000000119
40990  -36.048  -27.521  14.270 0.3000000119
38980  -36.590  -29.392  13.926 0.3000000119
122513  -36.594  -29.976  13.476 0.3000000119
40986  -32.475  -27.439  14.492 0.3000000119
39968  -36.428  -28.451  14.153 0.3000000119
118854  -36.851  -28.874  12.722 0.3000000119
42027  -32.924  -26.557  14.363 0.3000000119
42028  -33.891  -26.623  14.548 0.3000000119
43079  -33.011  -25.751  14.067 0.3000000119
44182  -33.121  -24.492  13.392 0.3000000119
45096  -33.566  -23.916  13.188 0.3000000119
42062  -36.842  -26.609  11.133 0.3000000119
41031  -36.191  -27.179  10.747 0.3000000119
44204  -32.712  -24.131  12.825 0.3000000119
42070  -36.371  -26.608  10.272 0.3000000119
42080  -35.881  -26.698  9.554 0.3000000119
43166  -35.851  -26.145  7.673 0.3000000119
43182  -36.011  -25.617  6.344 0.3000000119
42029  -34.780  -26.618  14.592 0.3000000119
41003  -36.657  -27.640  13.523 0.3000000119
43080  -33.580  -26.043  14.332 0.3000000119
43082  -35.153  -25.899  14.376 0.3000000119
42030  -35.594  -26.677  14.345 0.3000000119
39996  -36.926  -28.126  12.748 0.3000000119
43101  -33.766  -25.423  14.127 0.3000000119
44184  -34.975  -24.442  13.866 0.3000000119
41023  -36.998  -26.931  11.940 0.3000000119
45122  -33.165  -23.453  12.491 0.3000000119
44183  -33.952  -24.607  13.748 0.3000000119
45121  -32.231  -23.658  12.164 0.3000000119
45097  -34.484  -23.774  13.469 0.3000000119
45098  -35.355  -23.714  13.453 0.3000000119
43133  -37.079  -26.101  10.491 0.3000000119
43143  -36.712  -26.088  9.542 0.3000000119
112360  -36.556  -25.692  8.002 0.3000000119
115772  -36.458  -25.616  7.089 0.3000000119
129087  -37.161  -25.232  6.865 0.3000000119
42041  -36.688  -26.697  13.167 0.3000000119
41013  -36.911  -27.263  12.674 0.3000000119
43083  -35.879  -25.989  13.950 0.3000000119
118387  -36.402  -26.134  13.478 0.3000000119
117663  -36.780  -25.874  12.958 0.3000000119
43103  -35.483  -25.187  14.021 0.3000000119
43104  -36.297  -25.306  13.493 0.3000000119
118184  -37.163  -25.616  12.224 0.3000000119
44185  -35.812  -24.490  13.563 0.3000000119
43134  -37.578  -25.445  10.804 0.3000000119
45123  -34.047  -23.240  12.836 0.3000000119
45124  -34.916  -23.016  13.151 0.3000000119
44186  -36.470  -24.533  13.206 0.3000000119
43144  -37.498  -25.618  9.972 0.3000000119
115743  -37.366  -25.482  9.159 0.3000000119
43155  -37.281  -25.325  8.349 0.3000000119
43167  -37.175  -25.282  7.534 0.3000000119
44296  -37.229  -24.229  4.671 0.3000000119
44288  -37.803  -24.449  5.840 0.3000000119
44275  -37.497  -24.892  6.386 0.3000000119
46132  -33.649  -22.791  12.169 0.3000000119
43113  -36.882  -25.026  12.860 0.3000000119
43114  -37.244  -24.798  12.263 0.3000000119
43125  -37.492  -25.091  11.617 0.3000000119
46133  -34.488  -22.548  12.506 0.3000000119
46134  -35.315  -22.432  12.585 0.3000000119
45125  -35.776  -23.076  13.005 0.3000000119
44205  -36.943  -24.133  12.647 0.3000000119
44206  -37.593  -24.208  11.810 0.3000000119
43135  -38.055  -25.072  10.272 0.3000000119
44228  -38.334  -24.321  10.425 0.3000000119
122650  -37.927  -25.192  9.580 0.3000000119
113397  -38.626  -24.142  9.037 0.3000000119
44236  -38.036  -24.893  8.823 0.3000000119
45172  -38.669  -23.766  7.639 0.3000000119
44257  -38.285  -24.393  7.336 0.3000000119
44256  -37.715  -24.862  7.076 0.3000000119
44289  -38.322  -23.885  6.041 0.3000000119
44276  -38.113  -24.433  6.557 0.3000000119
46155  -33.342  -22.279  11.491 0.3000000119
46156  -34.066  -22.222  11.918 0.3000000119
47315  -34.765  -21.721  12.090 0.3000000119
46136  -36.927  -22.810  12.143 0.3000000119
46158  -37.501  -22.820  11.605 0.3000000119
44216  -38.114  -23.891  11.092 0.3000000119
45147  -38.447  -23.622  10.490 0.3000000119
46176  -39.115  -22.544  9.260 0.3000000119
45156  -38.973  -23.358  9.233 0.3000000119
107446  -38.705  -23.874  9.856 0.3000000119
45173  -39.025  -23.219  7.914 0.3000000119
45163  -38.829  -23.614  8.426 0.3000000119
45208  -37.862  -23.850  5.221 0.3000000119
45192  -38.942  -23.195  7.210 0.3000000119
45219  -37.419  -23.342  4.440 0.3000000119
45220  -37.974  -23.098  4.966 0.3000000119
45237  -36.882  -23.114  3.820 0.3000000119
47334  -34.032  -21.665  11.441 0.3000000119
47316  -35.754  -21.806  12.041 0.3000000119
47336  -36.178  -21.249  11.484 0.3000000119
110576  -37.786  -22.086  11.034 0.3000000119
46159  -38.195  -23.036  10.953 0.3000000119
46175  -38.798  -22.996  10.081 0.3000000119
45191  -38.670  -23.192  6.414 0.3000000119
46237  -37.691  -22.519  4.601 0.3000000119
46254  -37.136  -22.490  4.054 0.3000000119
47335  -35.264  -21.087  11.698 0.3000000119
127277  -19.943  -53.589  21.533 0.4000000060
21013  -16.850  -49.608  28.387 0.3000000119
20998  -19.107  -49.848  29.241 0.4000000060
20243  -19.825  -51.099  30.166 0.4000000060
22546  -18.647  -47.616  27.143 0.4000000060
21732  -18.448  -48.219  27.638 0.4000000060
29383  -27.477  -39.047  25.963 0.3000000119
33165  -32.633  -35.316  20.762 0.3000000119
36940  -31.911  -31.249  17.266 0.3000000119
115834  -34.558  -32.795  17.371 0.3000000119
39021  -34.250  -29.233  9.845 0.4000000060
121574  -30.473  -28.308  14.389 0.3000000119
42049  -28.566  -26.308  12.958 0.3000000119
120576  -31.572  -27.692  14.380 0.3000000119
116643  -29.845  -25.432  12.495 0.3000000119
117361  -35.745  -31.413  15.209 0.3000000119
20276  -17.355  -50.138  28.917 0.4000000060
21731  -17.625  -48.370  27.573 0.4000000060
36922  -32.787  -31.384  17.526 0.3000000119
117093  -31.050  -28.221  14.431 0.3000000119
40005  -35.949  -28.736  11.235 0.3000000119
125873  -36.402  -30.517  13.407 0.3000000119
39965  -32.300  -28.775  14.864 0.3000000119
43124  -29.460  -24.994  11.926 0.3000000119
39967  -35.646  -28.309  14.808 0.3000000119
40972  -33.790  -28.108  14.963 0.3000000119
40973  -34.751  -28.054  15.099 0.3000000119
40987  -33.381  -27.354  14.652 0.3000000119
118782  -36.625  -27.257  11.404 0.3000000119
113252  -33.111  -25.081  13.738 0.3000000119
39982  -36.790  -28.644  13.440 0.3000000119
42031  -36.266  -26.775  13.813 0.3000000119
43081  -34.324  -25.952  14.411 0.3000000119
121354  -37.288  -25.874  11.356 0.3000000119
44215  -31.492  -24.082  12.100 0.3000000119
43102  -34.634  -25.218  14.194 0.3000000119
42051  -36.966  -26.440  12.479 0.3000000119
44227  -37.927  -24.693  11.049 0.3000000119
45099  -36.203  -23.828  13.175 0.3000000119
44247  -37.838  -24.847  7.873 0.3000000119
46135  -36.219  -22.563  12.392 0.3000000119
45126  -36.588  -23.280  12.630 0.3000000119
45127  -37.243  -23.445  12.085 0.3000000119
46157  -36.822  -22.084  11.715 0.3000000119
45140  -37.761  -23.480  11.527 0.3000000119
45209  -38.338  -23.190  5.605 0.3000000119
128626  -38.398  -22.379  10.471 0.3000000119
47354  -38.281  -21.654  10.358 0.3000000119
20275  -16.468  -50.281  28.774 0.4000000060
28575  -28.772  -40.709  15.429 0.4000000060
13136  -20.522  -60.853  32.632 0.3000000119
13770  -20.195  -60.324  32.857 0.3000000119
12562  -20.935  -60.939  31.867 0.3000000119
21745  -17.193  -47.821  26.993 0.3000000119
127801  -17.256  -47.378  26.521 0.3000000119
19453  -18.324  -51.254  29.880 0.3000000119
20259  -17.849  -50.681  29.428 0.3000000119
19430  -18.783  -51.831  30.310 0.3000000119
20258  -16.974  -50.813  29.314 0.3000000119
128148  -28.182  -42.393  16.502 0.3000000119
12561  -20.556  -61.306  32.335 0.3000000119
12566  -20.883  -61.140  31.294 0.4000000060
12570  -20.615  -61.321  30.526 0.4000000060
13135  -20.011  -60.957  33.016 0.3000000119
14472  -22.248  -58.452  31.543 0.6000000238
14509  -16.941  -57.983  27.326 0.4000000060
15223  -16.023  -55.713  26.471 0.4000000060
15902  -24.033  -56.486  29.175 0.6000000238
15924  -16.006  -55.147  25.622 0.5000000000
16544  -24.529  -55.404  29.617 0.6999999881
16572  -16.485  -54.206  26.046 0.5000000000
16579  -16.349  -54.555  25.769 0.5000000000
17238  -16.749  -54.014  25.904 0.6000000238
17245  -17.398  -53.822  25.799 0.6000000238
17903  -25.251  -53.617  29.396 0.6999999881
18647  -25.243  -52.409  30.019 0.6000000238
18686  -25.421  -52.367  27.682 0.8000000119
18694  -21.576  -52.574  25.628 0.6999999881
18709  -21.229  -52.412  24.262 0.6000000238
18710  -21.727  -52.135  24.411 0.6999999881
18743  -19.096  -51.677  21.030 0.6999999881
18744  -19.255  -52.268  21.142 0.6999999881
19538  -19.202  -51.288  20.965 0.6999999881
19550  -19.190  -51.516  20.902 0.6999999881
20249  -25.389  -50.688  30.181 0.6000000238
20309  -24.609  -50.931  25.182 0.6999999881
20357  -19.476  -50.893  20.944 0.6999999881
20987  -25.416  -49.498  30.189 0.6000000238
21073  -25.379  -49.048  23.311 0.8000000119
21121  -20.679  -48.459  19.431 0.6999999881
21123  -22.474  -49.145  18.346 0.6999999881
21819  -23.555  -48.374  20.408 0.6999999881
21829  -20.825  -48.261  19.189 0.6999999881
21853  -21.349  -47.797  18.585 0.6999999881
21855  -24.470  -48.282  17.601 0.6000000238
22549  -27.482  -47.475  27.743 0.8000000119
22599  -26.037  -47.942  24.266 0.8000000119
22676  -22.210  -47.848  17.918 0.6999999881
23362  -22.736  -46.729  29.048 0.6000000238
23385  -22.383  -46.458  28.506 0.5000000000
23387  -27.481  -46.865  28.443 0.6999999881
23435  -20.047  -45.988  25.856 0.4000000060
23487  -26.746  -46.302  22.686 0.8000000119
23519  -21.144  -46.032  18.131 0.8000000119
23535  -21.055  -45.945  18.041 0.8000000119
24269  -21.037  -45.096  25.770 0.4000000060
24322  -26.245  -45.288  21.441 0.8000000119
24384  -21.813  -45.150  17.403 0.8000000119
24388  -25.857  -45.046  16.922 0.5000000000
25067  -27.636  -44.967  27.811 0.6999999881
25114  -27.872  -44.887  23.197 0.8000000119
25218  -21.111  -43.796  17.539 0.8000000119
25932  -22.476  -43.585  26.491 0.3000000119
26013  -27.486  -42.785  21.072 0.6999999881
26029  -24.610  -43.556  19.339 0.8000000119
26038  -20.766  -44.027  18.036 0.8000000119
26039  -21.137  -43.669  18.041 0.8000000119
26053  -20.917  -43.859  17.810 0.8000000119
26096  -24.067  -43.040  15.759 0.6999999881
26762  -26.987  -42.759  28.139 0.6999999881
26810  -29.872  -42.583  24.694 0.6999999881
26836  -29.552  -42.456  22.263 0.6999999881
26848  -28.819  -42.366  21.546 0.6999999881
26857  -27.001  -42.472  20.452 0.6999999881
26865  -21.805  -42.896  17.565 0.8000000119
27603  -28.259  -41.721  27.192 0.6999999881
27615  -25.378  -40.940  27.169 0.4000000060
27682  -26.627  -42.149  19.996 0.6999999881
27724  -26.861  -41.716  16.147 0.6000000238
28529  -25.972  -41.003  19.132 0.8000000119
28555  -22.332  -40.952  16.428 0.8999999762
28557  -23.764  -40.123  17.382 0.8000000119
28569  -22.469  -40.004  15.804 0.8000000119
28584  -27.450  -39.844  14.720 0.6999999881
29386  -30.203  -39.842  24.979 0.6999999881
29432  -31.862  -38.723  21.740 0.6999999881
29462  -28.314  -39.638  18.409 0.6999999881
29507  -26.714  -39.489  14.153 0.6999999881
29518  -24.110  -38.477  13.877 0.8999999762
29532  -27.494  -39.187  12.630 0.6999999881
30273  -29.780  -39.144  25.158 0.6000000238
30343  -32.177  -38.461  21.086 0.6000000238
30353  -30.024  -38.925  17.858 0.6999999881
30373  -29.379  -38.705  17.395 0.8000000119
30383  -22.956  -38.740  15.383 0.8999999762
30384  -23.010  -38.651  15.928 0.8000000119
30406  -23.387  -38.121  14.468 0.8000000119
30458  -28.406  -38.191  9.875 0.6999999881
31241  -32.593  -37.628  19.162 0.6000000238
31274  -24.380  -37.686  15.834 0.8000000119
31276  -26.424  -37.658  16.049 0.8000000119
31279  -29.303  -37.678  16.138 0.8000000119
31289  -23.754  -37.622  15.287 0.8000000119
31291  -25.926  -37.269  15.327 0.8000000119
31293  -28.832  -37.318  15.505 0.8000000119
31303  -23.647  -37.162  13.892 0.8000000119
31314  -23.728  -37.144  13.295 0.8000000119
31322  -24.437  -37.321  12.012 0.8999999762
31329  -25.414  -37.286  10.837 0.8000000119
31344  -26.821  -37.077  9.674 0.6000000238
31345  -27.722  -37.355  9.450 0.6000000238
32094  -29.368  -36.262  22.732 0.3000000119
32213  -26.032  -36.469  13.983 0.8000000119
32215  -28.668  -36.701  14.316 0.8000000119
32245  -30.001  -36.370  12.585 0.8000000119
32252  -24.906  -36.647  11.292 0.8000000119
32264  -25.997  -35.502  9.985 0.8000000119
33203  -32.410  -35.932  14.624 0.6999999881
34125  -34.514  -34.213  14.936 0.6000000238
34145  -32.641  -34.748  11.965 0.6999999881
34147  -33.872  -34.067  12.793 0.6000000238
34161  -31.574  -34.742  9.953 0.8000000119
34163  -32.983  -34.061  10.939 0.6999999881
34181  -26.168  -32.783  8.789 0.6999999881
35020  -34.246  -33.666  18.215 0.4000000060
35043  -34.471  -33.739  13.390 0.5000000000
35086  -32.326  -33.153  8.494 0.6000000238
35947  -34.637  -32.212  17.095 0.3000000119
35971  -34.834  -33.050  12.198 0.5000000000
35977  -34.031  -32.895  10.345 0.5000000000
36924  -34.227  -31.806  17.425 0.3000000119
38042  -30.587  -30.508  7.341 0.6999999881
38056  -27.087  -29.906  5.242 0.6000000238
38948  -35.716  -29.760  15.107 0.3000000119
38961  -30.447  -29.517  14.665 0.3000000119
38989  -36.766  -29.446  13.130 0.3000000119
38997  -36.116  -29.359  11.584 0.3000000119
39010  -35.582  -29.295  10.942 0.3000000119
39057  -27.667  -29.988  6.033 0.6000000238
39088  -25.971  -29.413  4.627 0.5000000000
39963  -30.798  -28.831  14.550 0.3000000119
40023  -31.802  -29.105  7.890 0.5000000000
40026  -33.569  -28.164  9.006 0.4000000060
40033  -31.067  -29.040  7.538 0.5000000000
40047  -29.367  -28.046  6.731 0.5000000000
40065  -25.682  -28.661  4.733 0.5000000000
41063  -26.645  -27.961  5.627 0.5000000000
42110  -28.841  -26.825  5.758 0.5000000000
43154  -36.768  -25.746  8.735 0.3000000119
43183  -36.819  -25.302  6.327 0.3000000119
43192  -37.194  -24.942  5.727 0.4000000060
44237  -38.359  -24.624  9.671 0.3000000119
44248  -38.413  -24.302  8.177 0.3000000119
45164  -39.202  -22.925  8.540 0.3000000119
45236  -36.373  -23.437  3.438 0.5000000000
45253  -35.973  -23.057  2.954 0.4000000060
48612  -37.027  -20.225  4.484 0.3000000119
111960  -38.547  -23.848  6.842 0.3000000119
113007  -34.579  -32.916  11.558 0.5000000000
113385  -31.447  -35.424  11.169 0.8000000119
113713  -22.705  -44.959  16.749 0.8000000119
115047  -32.425  -35.423  13.160 0.6999999881
115255  -22.098  -54.168  27.062 0.6000000238
115605  -31.046  -25.714  13.226 0.4000000060
116819  -26.228  -43.691  16.569 0.5000000000
117281  -26.671  -48.264  26.406 0.6999999881
117600  -25.330  -49.399  24.045 0.8000000119
118222  -29.491  -41.831  25.590 0.6999999881
119084  -33.874  -29.767  9.474 0.4000000060
119701  -37.424  -24.491  5.282 0.4000000060
120235  -35.648  -32.522  14.245 0.3000000119
121091  -37.154  -26.292  11.851 0.3000000119
121881  -23.036  -57.165  28.629 0.6000000238
122667  -36.437  -30.226  12.743 0.3000000119
123176  -27.951  -43.683  17.196 0.4000000060
124020  -22.783  -44.000  18.636 0.8000000119
124555  -20.667  -54.326  27.081 0.6000000238
124896  -27.229  -29.246  6.063 0.5000000000
125462  -23.061  -38.705  14.938 0.8999999762
125641  -31.733  -35.461  21.536 0.3000000119
126694  -24.146  -41.806  15.486 0.6999999881
127195  -29.192  -26.636  13.342 0.3000000119
127265  -27.018  -41.279  19.702 0.6999999881
128107  -21.592  -47.944  19.565 0.6999999881
128381  -32.169  -28.138  14.611 0.3000000119
128399  -33.388  -29.497  9.247 0.4000000060
128476  -25.799  -28.504  5.121 0.5000000000
128588  -23.890  -47.121  17.079 0.6999999881
