#!ascii label  , from subject sub-v1s20x0050299_ses-1 vox2ras=TkReg
1128
41148  -27.244  -6.893  40.197 0.0000000000
49286  -40.678  3.211  25.380 0.0000000000
45269  -32.619  -2.453  30.304 0.0000000000
34173  0.472  -15.745  42.097 0.0000000000
39085  -15.894  -10.303  40.278 0.0000000000
39065  -6.813  -11.014  42.468 0.0000000000
39036  -4.828  -10.028  48.762 0.0000000000
93051  -36.193  -0.940  27.148 0.0000000000
40478  -9.574  -8.369  36.237 0.0000000000
32495  0.039  -18.197  49.881 0.0000000000
39799  -29.176  -9.423  34.470 0.0000000000
39773  -22.648  -9.807  38.867 0.0000000000
40457  -21.491  -8.763  41.342 0.0000000000
49916  -43.758  4.896  22.966 0.0000000000
46035  -33.484  -2.494  28.104 0.0000000000
80472  -10.954  -12.804  38.066 0.0000000000
42667  -6.299  -5.559  38.363 0.0000000000
38319  -1.545  -11.696  41.942 0.0000000000
38359  -3.912  -12.439  39.114 0.0000000000
93700  -0.344  -14.999  38.529 0.0000000000
35755  -5.497  -14.243  48.274 0.0000000000
35745  -3.950  -14.607  51.974 0.0000000000
44429  -31.259  -3.046  33.613 0.0000000000
40432  -19.647  -8.151  44.495 0.0000000000
37563  -18.048  -11.574  38.933 0.0000000000
39734  -5.901  -10.436  45.088 0.0000000000
38285  -0.254  -11.476  45.888 0.0000000000
47489  -38.274  0.534  26.761 0.0000000000
35772  -7.132  -13.736  44.976 0.0000000000
89704  -8.879  -13.643  41.250 0.0000000000
39768  -7.705  -9.734  39.711 0.0000000000
38382  -5.405  -12.150  36.333 0.0000000000
39705  -4.285  -9.054  54.015 0.0000000000
37509  -0.264  -12.765  49.894 0.0000000000
34125  -0.014  -16.866  46.360 0.0000000000
41149  -28.682  -7.443  39.882 0.0000000000
41163  -25.699  -7.361  37.741 0.0000000000
41166  -28.311  -7.587  37.643 0.0000000000
41153  -24.628  -7.271  38.824 0.0000000000
40474  -23.391  -8.440  37.775 0.0000000000
41135  -23.716  -7.662  40.740 0.0000000000
49288  -42.298  3.627  24.465 0.0000000000
48135  -38.303  1.584  23.775 0.0000000000
87016  -40.164  3.285  22.350 0.0000000000
49322  -41.878  3.817  21.757 0.0000000000
46026  -32.937  -2.052  29.048 0.0000000000
90695  -30.928  -4.543  30.044 0.0000000000
80988  -31.565  -4.041  29.251 0.0000000000
80697  -32.654  -4.035  28.262 0.0000000000
37537  0.865  -12.743  41.893 0.0000000000
36714  0.225  -13.036  40.261 0.0000000000
34981  0.180  -15.235  40.233 0.0000000000
32587  -2.237  -18.171  38.756 0.0000000000
33370  -1.233  -18.101  40.911 0.0000000000
34941  -4.438  -15.433  46.160 0.0000000000
34935  -3.773  -15.683  48.666 0.0000000000
43515  -32.300  -3.885  34.944 0.0000000000
41903  -30.595  -7.022  36.065 0.0000000000
39800  -30.628  -9.582  33.874 0.0000000000
41910  -30.488  -6.486  34.712 0.0000000000
42746  -30.380  -5.385  33.568 0.0000000000
41808  -21.831  -5.771  47.136 0.0000000000
36712  -22.105  -14.787  41.811 0.0000000000
37548  -20.157  -12.649  42.335 0.0000000000
79436  -43.229  5.544  19.171 0.0000000000
50505  -43.900  5.428  17.767 0.0000000000
39725  -5.492  -10.070  46.927 0.0000000000
38288  -2.986  -10.985  45.421 0.0000000000
38275  -3.143  -10.787  47.961 0.0000000000
46787  -37.155  -0.119  26.932 0.0000000000
45312  -35.005  -3.421  25.921 0.0000000000
46068  -35.785  -1.502  25.765 0.0000000000
46796  -35.791  -0.403  25.129 0.0000000000
36691  -8.152  -13.054  45.997 0.0000000000
37531  -9.267  -12.401  44.816 0.0000000000
40444  -7.783  -7.841  42.282 0.0000000000
41134  -8.298  -7.631  40.579 0.0000000000
39070  -7.264  -10.411  41.270 0.0000000000
37576  -2.445  -13.606  37.566 0.0000000000
80514  -4.482  -12.550  37.774 0.0000000000
37601  -4.316  -13.573  35.643 0.0000000000
39707  -7.157  -9.485  53.243 0.0000000000
91594  -1.729  -16.119  50.677 0.0000000000
36673  -1.558  -13.083  51.504 0.0000000000
34930  -0.622  -15.537  49.254 0.0000000000
35758  0.828  -14.262  47.412 0.0000000000
33302  0.522  -17.824  48.067 0.0000000000
89943  -29.212  -7.893  36.480 0.0000000000
41828  -23.902  -6.101  45.467 0.0000000000
41126  -23.475  -7.098  42.571 0.0000000000
86869  -22.630  -9.972  40.618 0.0000000000
50992  -44.594  6.443  21.231 0.0000000000
49939  -42.063  4.926  20.424 0.0000000000
46776  -34.405  -1.095  27.346 0.0000000000
44496  -33.999  -4.510  27.667 0.0000000000
38373  -13.980  -11.354  37.651 0.0000000000
38362  -12.604  -11.583  39.102 0.0000000000
41893  -9.085  -5.852  38.181 0.0000000000
38312  -4.103  -11.930  42.735 0.0000000000
38335  -5.428  -12.175  40.829 0.0000000000
91007  -2.548  -11.907  40.964 0.0000000000
37567  -1.078  -12.999  38.480 0.0000000000
35831  -1.786  -15.176  37.275 0.0000000000
37511  -6.755  -12.864  49.764 0.0000000000
37501  -5.829  -13.371  52.770 0.0000000000
35749  -4.889  -14.283  50.630 0.0000000000
34116  -2.721  -16.090  50.378 0.0000000000
45250  -32.048  -2.377  31.921 0.0000000000
42763  -30.003  -5.399  31.781 0.0000000000
39757  -17.530  -9.767  41.728 0.0000000000
40441  -20.935  -8.529  43.222 0.0000000000
86267  -19.101  -10.172  41.369 0.0000000000
85573  -17.034  -10.762  39.525 0.0000000000
40433  -7.491  -7.967  43.668 0.0000000000
84406  -7.294  -7.845  45.122 0.0000000000
39055  -6.331  -10.377  44.370 0.0000000000
38296  -3.813  -12.129  44.490 0.0000000000
38301  -1.285  -11.526  43.549 0.0000000000
36697  1.631  -13.265  43.168 0.0000000000
48710  -39.620  1.995  26.742 0.0000000000
47499  -37.245  0.807  24.067 0.0000000000
37517  -6.975  -12.873  47.944 0.0000000000
35766  -6.290  -14.142  46.158 0.0000000000
34953  -5.053  -15.541  44.403 0.0000000000
89272  -11.560  -11.534  40.107 0.0000000000
37547  -10.950  -11.455  41.468 0.0000000000
37536  -10.358  -12.089  43.170 0.0000000000
36705  -8.387  -13.470  42.784 0.0000000000
34969  -5.833  -15.303  42.592 0.0000000000
42638  -6.973  -6.083  40.303 0.0000000000
41876  -8.597  -6.788  39.474 0.0000000000
90110  -8.878  -8.987  37.975 0.0000000000
38349  -6.308  -10.958  39.405 0.0000000000
39095  -7.064  -10.312  37.912 0.0000000000
39104  -7.268  -10.229  36.565 0.0000000000
39713  -3.103  -8.703  50.018 0.0000000000
37496  -4.409  -13.139  53.971 0.0000000000
38248  -2.455  -11.333  52.282 0.0000000000
38261  -3.001  -11.056  49.952 0.0000000000
38272  -0.202  -11.374  47.702 0.0000000000
36692  2.281  -13.557  45.778 0.0000000000
80544  0.871  -15.699  44.069 0.0000000000
31738  1.480  -20.235  48.314 0.0000000000
31027  1.042  -20.238  45.694 0.0000000000
32544  -0.894  -18.710  42.791 0.0000000000
41139  -28.056  -7.332  40.708 0.0000000000
41869  -27.536  -6.955  41.449 0.0000000000
78411  -26.807  -7.151  39.164 0.0000000000
41156  -27.084  -7.370  38.411 0.0000000000
41146  -25.462  -6.950  39.435 0.0000000000
41154  -25.491  -7.187  38.573 0.0000000000
41868  -26.718  -6.482  40.812 0.0000000000
41137  -25.222  -6.799  40.337 0.0000000000
49287  -41.427  3.441  24.908 0.0000000000
48714  -39.549  2.492  25.071 0.0000000000
91306  -39.259  2.605  23.373 0.0000000000
49298  -40.588  3.302  23.761 0.0000000000
49299  -41.485  3.408  23.755 0.0000000000
82208  -32.817  -2.078  29.788 0.0000000000
84272  -32.798  -1.494  29.596 0.0000000000
46019  -33.004  -1.709  30.487 0.0000000000
44471  -31.191  -4.250  29.668 0.0000000000
44473  -32.291  -3.136  29.833 0.0000000000
44484  -32.265  -3.615  29.123 0.0000000000
35786  1.041  -14.199  42.015 0.0000000000
35794  0.817  -14.172  41.237 0.0000000000
34974  0.214  -15.523  41.246 0.0000000000
34180  -0.479  -16.147  40.726 0.0000000000
34174  -0.213  -16.374  41.665 0.0000000000
34136  -3.734  -16.421  44.765 0.0000000000
33310  -3.356  -17.074  46.760 0.0000000000
41908  -31.204  -6.439  35.949 0.0000000000
41907  -30.594  -6.777  35.446 0.0000000000
42722  -31.639  -5.699  35.734 0.0000000000
42736  -31.231  -5.141  35.068 0.0000000000
50488  -44.155  5.939  19.478 0.0000000000
50500  -44.040  5.668  18.683 0.0000000000
50502  -45.389  6.499  17.926 0.0000000000
84562  -5.041  -10.358  47.665 0.0000000000
39042  -4.527  -10.651  47.476 0.0000000000
39034  -4.087  -10.935  48.273 0.0000000000
46778  -36.511  -0.905  26.699 0.0000000000
47477  -36.967  0.543  27.650 0.0000000000
46054  -35.385  -2.616  26.887 0.0000000000
46060  -35.340  -2.476  25.894 0.0000000000
46055  -36.050  -2.117  26.667 0.0000000000
46786  -36.410  -1.423  26.430 0.0000000000
37528  -9.168  -12.172  45.557 0.0000000000
37532  -9.946  -12.046  44.094 0.0000000000
39755  -15.683  -9.901  41.504 0.0000000000
39084  -14.950  -10.441  40.387 0.0000000000
41170  -9.582  -7.448  36.312 0.0000000000
40454  -7.521  -8.901  42.254 0.0000000000
40455  -7.930  -8.427  41.516 0.0000000000
93944  -7.075  -10.716  41.926 0.0000000000
36759  -2.294  -14.547  36.128 0.0000000000
37589  -3.662  -13.551  36.298 0.0000000000
37599  -2.887  -14.344  35.340 0.0000000000
40397  -8.079  -8.656  52.991 0.0000000000
39710  -7.447  -9.732  52.305 0.0000000000
34113  -0.996  -17.000  50.360 0.0000000000
90200  -0.861  -15.348  50.053 0.0000000000
34117  -0.616  -16.656  49.518 0.0000000000
34121  -0.135  -16.371  48.798 0.0000000000
83013  0.604  -17.976  49.039 0.0000000000
80558  -29.067  -7.364  38.110 0.0000000000
41174  -28.529  -8.014  36.736 0.0000000000
41167  -29.838  -7.565  37.997 0.0000000000
41168  -30.668  -7.538  37.737 0.0000000000
40466  -23.227  -8.291  39.461 0.0000000000
40462  -23.042  -8.065  40.156 0.0000000000
39770  -22.755  -9.710  39.856 0.0000000000
85576  -22.705  -12.473  40.235 0.0000000000
50455  -43.939  5.602  22.508 0.0000000000
49311  -42.665  3.865  22.309 0.0000000000
49938  -41.719  4.385  21.011 0.0000000000
49925  -42.876  4.395  21.829 0.0000000000
50464  -42.888  5.265  21.439 0.0000000000
46047  -34.038  -2.042  27.653 0.0000000000
47474  -33.658  0.006  27.103 0.0000000000
46775  -33.336  -0.730  27.482 0.0000000000
45286  -33.383  -3.556  28.216 0.0000000000
89743  -33.213  -4.386  27.908 0.0000000000
45296  -34.143  -3.298  27.864 0.0000000000
82502  -34.992  -3.066  27.329 0.0000000000
80808  -6.957  -5.236  37.864 0.0000000000
90244  -7.694  -4.906  37.469 0.0000000000
42669  -8.355  -5.630  38.436 0.0000000000
38311  -3.302  -11.842  42.255 0.0000000000
38321  -3.350  -11.945  41.388 0.0000000000
38320  -2.484  -11.809  41.713 0.0000000000
35812  0.412  -13.857  39.109 0.0000000000
82955  -0.539  -12.480  39.677 0.0000000000
80291  0.153  -13.613  38.577 0.0000000000
36735  -1.079  -14.250  37.974 0.0000000000
88542  -0.884  -14.527  38.153 0.0000000000
79665  -1.808  -15.807  37.894 0.0000000000
86273  -6.467  -13.472  49.327 0.0000000000
36682  -6.136  -13.339  50.321 0.0000000000
35754  -4.973  -14.362  48.859 0.0000000000
33303  -3.027  -17.574  48.632 0.0000000000
34932  -3.388  -15.957  49.562 0.0000000000
33301  -2.917  -17.287  49.457 0.0000000000
33297  -1.912  -17.370  50.699 0.0000000000
45242  -32.290  -2.487  32.956 0.0000000000
43530  -30.724  -4.156  33.560 0.0000000000
43544  -30.522  -4.744  32.575 0.0000000000
44428  -30.758  -3.517  32.944 0.0000000000
44437  -31.207  -2.879  31.846 0.0000000000
40439  -19.106  -8.531  43.840 0.0000000000
39750  -17.949  -9.454  42.651 0.0000000000
40449  -18.589  -9.058  43.289 0.0000000000
41125  -22.575  -7.778  42.673 0.0000000000
41119  -22.088  -7.278  44.537 0.0000000000
40452  -21.166  -8.656  42.157 0.0000000000
37555  -19.102  -12.032  40.271 0.0000000000
39077  -19.805  -10.460  41.936 0.0000000000
38341  -18.846  -11.162  40.419 0.0000000000
39088  -18.425  -10.465  40.613 0.0000000000
38355  -17.743  -11.058  39.346 0.0000000000
38367  -17.046  -11.420  38.914 0.0000000000
92957  -6.090  -9.496  46.005 0.0000000000
39730  -6.243  -9.530  45.457 0.0000000000
39735  -6.584  -9.456  44.584 0.0000000000
39059  -5.103  -11.898  43.740 0.0000000000
78144  -5.140  -11.365  45.024 0.0000000000
89725  -1.588  -10.825  45.730 0.0000000000
38294  -2.021  -11.265  44.266 0.0000000000
38293  -1.024  -11.340  44.305 0.0000000000
37534  0.493  -11.975  43.187 0.0000000000
37530  0.450  -12.101  44.213 0.0000000000
48128  -38.834  1.223  26.545 0.0000000000
48124  -39.323  1.539  27.871 0.0000000000
48123  -38.783  1.185  27.842 0.0000000000
46798  -37.384  -0.393  25.917 0.0000000000
46797  -36.779  -0.169  25.349 0.0000000000
47495  -38.155  0.586  25.664 0.0000000000
48131  -38.539  1.385  24.939 0.0000000000
38276  -7.969  -11.810  47.967 0.0000000000
36695  -7.620  -13.508  45.719 0.0000000000
88949  -7.506  -13.367  46.383 0.0000000000
35771  -6.387  -14.292  45.299 0.0000000000
35770  -5.593  -14.568  45.565 0.0000000000
35775  -5.693  -14.841  44.781 0.0000000000
37570  -12.097  -11.948  38.674 0.0000000000
38350  -12.363  -11.309  39.825 0.0000000000
36723  -11.338  -12.264  39.448 0.0000000000
36715  -9.465  -13.359  40.762 0.0000000000
36716  -10.158  -12.754  40.711 0.0000000000
36709  -9.893  -12.813  41.257 0.0000000000
37540  -10.541  -12.007  42.228 0.0000000000
36706  -9.262  -13.037  42.361 0.0000000000
36704  -9.175  -12.873  43.178 0.0000000000
35789  -8.003  -13.888  42.108 0.0000000000
34975  -6.394  -15.051  41.663 0.0000000000
80347  -6.589  -5.943  41.030 0.0000000000
40463  -8.640  -8.232  40.170 0.0000000000
41142  -8.718  -7.469  39.798 0.0000000000
40464  -9.162  -7.949  39.376 0.0000000000
91601  -9.430  -7.685  38.706 0.0000000000
39772  -8.392  -9.239  39.158 0.0000000000
38346  -4.024  -12.299  39.871 0.0000000000
38336  -6.091  -11.766  40.228 0.0000000000
38347  -4.778  -12.156  39.181 0.0000000000
38370  -4.885  -12.339  37.031 0.0000000000
38360  -5.574  -11.632  38.008 0.0000000000
39098  -6.025  -11.259  37.330 0.0000000000
39100  -7.319  -10.135  37.247 0.0000000000
39103  -6.749  -10.689  36.312 0.0000000000
39108  -6.509  -10.973  35.629 0.0000000000
93371  -3.995  -9.088  51.925 0.0000000000
36677  -5.247  -13.791  52.158 0.0000000000
37497  -5.562  -13.224  53.772 0.0000000000
36671  -3.985  -13.443  53.128 0.0000000000
37504  -0.873  -12.837  51.040 0.0000000000
37499  -2.024  -12.550  52.058 0.0000000000
38252  -1.416  -11.866  50.791 0.0000000000
38254  -2.563  -11.112  51.029 0.0000000000
78923  -1.612  -11.421  49.888 0.0000000000
79536  -1.768  -10.997  48.928 0.0000000000
38259  -0.475  -12.146  49.072 0.0000000000
78579  0.811  -15.545  46.581 0.0000000000
35757  1.328  -13.447  47.004 0.0000000000
34940  1.740  -15.161  46.225 0.0000000000
35768  1.918  -14.258  45.173 0.0000000000
34134  -0.060  -16.401  45.414 0.0000000000
30340  1.957  -21.319  47.112 0.0000000000
31744  1.258  -19.882  47.243 0.0000000000
41151  -30.136  -7.552  39.898 0.0000000000
41171  -26.012  -7.598  36.893 0.0000000000
41172  -26.925  -7.869  36.885 0.0000000000
41164  -26.565  -7.494  37.650 0.0000000000
41157  -28.520  -7.323  38.691 0.0000000000
40470  -23.330  -8.398  38.686 0.0000000000
40471  -23.930  -7.712  38.252 0.0000000000
40475  -24.106  -7.815  37.325 0.0000000000
41145  -23.805  -7.761  39.954 0.0000000000
49904  -43.047  4.020  24.044 0.0000000000
48724  -38.687  2.107  21.987 0.0000000000
92578  -39.831  2.955  21.770 0.0000000000
49337  -40.419  3.421  20.703 0.0000000000
49321  -40.971  3.606  22.080 0.0000000000
49310  -41.755  3.539  22.669 0.0000000000
89573  -33.145  -1.980  28.392 0.0000000000
46765  -32.632  -0.382  28.072 0.0000000000
79522  -32.825  -1.345  28.614 0.0000000000
46750  -31.984  -0.105  30.079 0.0000000000
42779  -29.589  -5.325  30.135 0.0000000000
43577  -29.986  -4.992  29.551 0.0000000000
44482  -30.960  -4.464  28.931 0.0000000000
44493  -31.361  -4.514  28.228 0.0000000000
44494  -31.926  -4.349  27.812 0.0000000000
44483  -31.794  -4.223  28.655 0.0000000000
89729  -32.766  -3.282  28.618 0.0000000000
37538  -0.518  -11.697  42.110 0.0000000000
37544  -0.497  -11.854  41.208 0.0000000000
37543  0.277  -12.607  40.901 0.0000000000
35802  0.628  -14.290  40.492 0.0000000000
34987  -0.061  -15.120  39.085 0.0000000000
34988  -1.134  -15.700  38.673 0.0000000000
34186  -0.681  -15.941  39.688 0.0000000000
33391  -1.738  -17.582  39.544 0.0000000000
35764  -4.888  -14.798  46.796 0.0000000000
35759  -4.831  -14.796  47.892 0.0000000000
34939  -4.253  -15.444  47.112 0.0000000000
44422  -31.866  -3.443  34.357 0.0000000000
40494  -30.037  -8.461  35.233 0.0000000000
83994  -30.038  -9.876  34.169 0.0000000000
40499  -30.465  -8.863  34.432 0.0000000000
41178  -30.561  -8.223  34.188 0.0000000000
41913  -30.304  -7.238  33.987 0.0000000000
79543  -30.308  -6.198  34.033 0.0000000000
43513  -30.862  -4.687  34.316 0.0000000000
41109  -20.617  -7.041  45.692 0.0000000000
38330  -21.316  -12.033  42.374 0.0000000000
38318  -20.925  -11.702  42.613 0.0000000000
37549  -20.946  -13.223  42.557 0.0000000000
36717  -20.173  -13.583  40.721 0.0000000000
50503  -42.221  5.193  17.938 0.0000000000
50509  -43.241  5.126  17.008 0.0000000000
50510  -44.147  5.338  16.875 0.0000000000
50516  -44.244  5.349  16.013 0.0000000000
39729  -5.697  -10.048  46.064 0.0000000000
39049  -4.474  -11.454  45.647 0.0000000000
39045  -4.559  -11.054  46.527 0.0000000000
38282  -2.660  -10.715  45.926 0.0000000000
38280  -1.034  -10.980  46.308 0.0000000000
46792  -37.729  0.069  26.623 0.0000000000
48115  -37.510  1.142  28.052 0.0000000000
45318  -34.811  -3.122  24.924 0.0000000000
46067  -34.939  -2.025  24.811 0.0000000000
46795  -35.150  -0.958  24.508 0.0000000000
46791  -37.009  -0.667  26.263 0.0000000000
37519  -8.357  -12.063  47.201 0.0000000000
37523  -8.672  -12.301  46.278 0.0000000000
37527  -8.667  -12.691  45.408 0.0000000000
36698  -7.815  -13.431  44.335 0.0000000000
35806  -9.179  -13.707  39.835 0.0000000000
35797  -8.213  -14.011  41.405 0.0000000000
89064  -7.447  -6.591  41.745 0.0000000000
41848  -7.789  -7.008  41.034 0.0000000000
41129  -8.003  -7.674  41.392 0.0000000000
39763  -8.172  -8.803  40.807 0.0000000000
39762  -7.726  -9.602  40.596 0.0000000000
92755  -2.739  -13.098  38.475 0.0000000000
92863  -4.034  -12.693  38.534 0.0000000000
38369  -3.708  -12.987  38.008 0.0000000000
78431  -4.327  -13.138  36.402 0.0000000000
38388  -4.993  -13.166  35.644 0.0000000000
86412  -8.285  -6.933  52.906 0.0000000000
81775  -6.663  -7.574  53.563 0.0000000000
39706  -5.278  -9.319  54.284 0.0000000000
34927  -2.151  -14.904  51.092 0.0000000000
36674  -2.470  -13.510  52.020 0.0000000000
35747  -1.306  -14.379  50.913 0.0000000000
35746  -0.664  -13.904  50.560 0.0000000000
36684  -0.315  -13.536  49.986 0.0000000000
36683  -0.274  -13.265  49.088 0.0000000000
82421  -0.302  -14.678  48.943 0.0000000000
34123  0.106  -16.086  47.956 0.0000000000
33304  0.333  -17.485  47.125 0.0000000000
84805  -28.019  -8.900  34.637 0.0000000000
40483  -27.292  -8.260  36.175 0.0000000000
40484  -28.164  -8.386  36.119 0.0000000000
40492  -28.810  -8.811  35.355 0.0000000000
84170  -29.902  -7.627  36.062 0.0000000000
41904  -31.366  -6.848  36.673 0.0000000000
41130  -22.778  -7.878  41.736 0.0000000000
41131  -23.650  -7.493  41.600 0.0000000000
40459  -22.860  -7.921  40.864 0.0000000000
39761  -22.012  -9.624  41.101 0.0000000000
38343  -21.827  -12.281  41.253 0.0000000000
49347  -40.930  4.047  19.497 0.0000000000
49951  -42.521  5.350  19.787 0.0000000000
84410  -43.278  5.811  19.976 0.0000000000
46777  -35.662  -1.232  27.362 0.0000000000
86446  -35.272  0.524  27.411 0.0000000000
47475  -34.725  -0.206  27.231 0.0000000000
44495  -32.701  -4.606  27.378 0.0000000000
44503  -34.624  -4.802  26.774 0.0000000000
46048  -35.474  -2.207  27.458 0.0000000000
39091  -15.586  -10.652  39.659 0.0000000000
38352  -14.700  -10.831  39.501 0.0000000000
38363  -13.423  -11.291  38.573 0.0000000000
38372  -12.662  -11.557  38.243 0.0000000000
42686  -9.211  -5.579  36.834 0.0000000000
41161  -9.512  -7.139  37.260 0.0000000000
93764  -5.591  -11.847  43.038 0.0000000000
38314  -6.105  -11.931  42.381 0.0000000000
38323  -5.220  -12.050  41.683 0.0000000000
38334  -4.357  -12.196  40.894 0.0000000000
38345  -2.988  -12.324  39.713 0.0000000000
92432  -0.789  -11.853  40.617 0.0000000000
37552  -1.075  -11.962  40.041 0.0000000000
37568  -1.880  -12.803  38.894 0.0000000000
79613  -2.027  -13.208  38.215 0.0000000000
38251  -7.829  -11.372  51.891 0.0000000000
37507  -6.501  -12.595  50.833 0.0000000000
36681  -5.408  -13.819  50.989 0.0000000000
35748  -4.265  -14.703  51.038 0.0000000000
34936  -4.354  -14.979  48.776 0.0000000000
34929  -3.777  -15.106  50.556 0.0000000000
34928  -2.947  -15.297  50.964 0.0000000000
34115  -2.075  -16.558  50.734 0.0000000000
33296  -1.197  -17.615  50.760 0.0000000000
32491  -0.474  -18.649  50.503 0.0000000000
45261  -32.427  -2.513  31.062 0.0000000000
46012  -33.673  -1.939  31.117 0.0000000000
46000  -34.000  -2.304  31.844 0.0000000000
39819  -29.269  -9.834  32.712 0.0000000000
42771  -29.387  -5.640  31.059 0.0000000000
44449  -31.655  -3.025  31.152 0.0000000000
39756  -16.512  -9.727  41.765 0.0000000000
39764  -16.244  -10.026  40.934 0.0000000000
41816  -22.401  -6.301  46.201 0.0000000000
41118  -21.153  -7.619  44.859 0.0000000000
40440  -20.028  -8.617  43.523 0.0000000000
39760  -20.272  -9.682  42.003 0.0000000000
39752  -19.945  -9.408  42.295 0.0000000000
39751  -19.023  -9.574  42.434 0.0000000000
39758  -18.553  -9.874  41.589 0.0000000000
90247  -17.629  -10.187  40.528 0.0000000000
39092  -16.314  -10.544  39.747 0.0000000000
38354  -16.251  -10.971  39.228 0.0000000000
50517  -45.058  5.627  15.801 0.0000000000
50524  -46.116  5.611  14.781 0.0000000000
50525  -47.273  5.562  14.724 0.0000000000
84537  -7.660  -7.658  43.040 0.0000000000
84627  -7.184  -9.442  43.079 0.0000000000
39736  -7.160  -8.380  44.425 0.0000000000
39740  -7.039  -8.908  43.757 0.0000000000
39061  -6.368  -10.857  43.802 0.0000000000
39060  -5.715  -11.615  43.577 0.0000000000
38304  -4.142  -12.177  43.591 0.0000000000
38303  -3.228  -12.053  43.073 0.0000000000
38295  -2.967  -11.574  44.724 0.0000000000
88479  -3.078  -12.026  43.910 0.0000000000
38309  -1.511  -11.680  42.758 0.0000000000
80806  0.425  -11.995  42.325 0.0000000000
37533  1.104  -12.561  42.676 0.0000000000
35780  1.642  -14.238  42.932 0.0000000000
48711  -40.119  2.746  25.984 0.0000000000
46801  -35.217  0.045  24.098 0.0000000000
47492  -35.920  0.390  24.504 0.0000000000
47498  -36.437  0.830  23.735 0.0000000000
48130  -37.878  0.955  24.478 0.0000000000
48709  -39.109  1.867  25.427 0.0000000000
37512  -7.120  -13.111  48.914 0.0000000000
83532  -6.531  -13.444  48.405 0.0000000000
36688  -7.922  -12.711  46.759 0.0000000000
36687  -6.598  -13.475  47.524 0.0000000000
35761  -6.161  -14.022  47.047 0.0000000000
34952  -4.389  -15.790  44.788 0.0000000000
38340  -13.866  -10.771  40.165 0.0000000000
38339  -12.916  -10.925  40.338 0.0000000000
93697  -12.699  -10.682  40.939 0.0000000000
37554  -10.764  -12.264  40.215 0.0000000000
78169  -10.986  -11.558  40.746 0.0000000000
38325  -11.366  -11.032  41.695 0.0000000000
38316  -11.254  -11.109  42.419 0.0000000000
38315  -10.835  -11.597  42.786 0.0000000000
38306  -10.624  -11.520  43.577 0.0000000000
36700  -9.232  -12.675  43.993 0.0000000000
36703  -8.491  -13.185  43.729 0.0000000000
35777  -7.016  -13.933  44.059 0.0000000000
35796  -7.347  -14.431  41.735 0.0000000000
35787  -6.430  -14.608  43.040 0.0000000000
35781  -6.348  -14.546  43.747 0.0000000000
34961  -5.019  -15.858  43.783 0.0000000000
80313  -6.604  -5.748  39.113 0.0000000000
41860  -7.628  -6.523  40.295 0.0000000000
41875  -8.015  -6.522  39.714 0.0000000000
42654  -8.096  -6.164  39.113 0.0000000000
41884  -8.891  -6.341  38.846 0.0000000000
40469  -9.584  -7.899  37.949 0.0000000000
40472  -9.231  -8.655  37.628 0.0000000000
39069  -6.790  -11.289  40.799 0.0000000000
39081  -6.719  -10.933  40.033 0.0000000000
39090  -7.050  -10.388  39.460 0.0000000000
84572  -5.327  -11.776  38.726 0.0000000000
38361  -5.891  -11.182  38.686 0.0000000000
39096  -7.545  -9.869  38.706 0.0000000000
39775  -7.767  -9.758  37.738 0.0000000000
39776  -8.593  -9.275  37.389 0.0000000000
39780  -8.562  -9.359  36.395 0.0000000000
89961  -7.684  -9.972  35.183 0.0000000000
38246  -6.630  -11.683  53.374 0.0000000000
38243  -5.637  -11.578  54.188 0.0000000000
37492  -4.404  -11.172  54.360 0.0000000000
36670  -2.915  -12.952  52.654 0.0000000000
38244  -2.759  -11.629  53.128 0.0000000000
39024  -3.426  -10.229  52.864 0.0000000000
39025  -3.246  -10.053  51.610 0.0000000000
38255  -3.057  -10.573  50.263 0.0000000000
38262  -3.775  -11.112  49.437 0.0000000000
78796  -2.841  -11.113  48.777 0.0000000000
38274  -2.162  -10.863  47.945 0.0000000000
38279  -0.103  -11.300  46.878 0.0000000000
85225  0.758  -12.928  47.589 0.0000000000
91396  0.790  -12.037  46.943 0.0000000000
37526  0.652  -12.113  45.455 0.0000000000
36693  1.741  -13.438  44.892 0.0000000000
92253  1.609  -14.550  43.619 0.0000000000
34163  0.796  -16.031  42.843 0.0000000000
31730  0.098  -19.148  49.914 0.0000000000
89912  1.493  -20.896  49.440 0.0000000000
32494  0.806  -18.877  49.386 0.0000000000
32498  0.935  -18.643  48.486 0.0000000000
32500  0.748  -18.487  47.263 0.0000000000
33309  0.390  -17.977  46.430 0.0000000000
31028  0.155  -20.177  45.067 0.0000000000
32511  -0.398  -18.248  45.004 0.0000000000
32517  -0.381  -18.008  44.122 0.0000000000
33344  -0.136  -17.033  43.237 0.0000000000
33357  -0.315  -17.132  42.868 0.0000000000
33369  -1.080  -17.949  41.611 0.0000000000
31811  -1.786  -19.469  40.689 0.0000000000
41147  -26.401  -6.789  39.752 0.0000000000
82110  -26.077  -7.139  39.046 0.0000000000
41138  -25.993  -6.519  40.251 0.0000000000
86959  -41.226  3.433  25.938 0.0000000000
49276  -41.444  3.492  26.928 0.0000000000
48715  -40.128  3.011  24.504 0.0000000000
87004  -40.820  3.310  24.410 0.0000000000
44459  -32.053  -3.130  30.448 0.0000000000
34973  0.765  -14.926  41.629 0.0000000000
33321  -3.608  -17.747  45.157 0.0000000000
39035  -4.542  -10.699  48.480 0.0000000000
46779  -36.498  -0.199  27.244 0.0000000000
47476  -35.790  -0.267  27.353 0.0000000000
46049  -36.125  -1.831  27.002 0.0000000000
38298  -10.376  -11.202  44.368 0.0000000000
38297  -9.689  -11.589  45.110 0.0000000000
39074  -15.549  -10.170  40.880 0.0000000000
79573  -9.763  -7.937  35.873 0.0000000000
39066  -7.210  -10.025  42.232 0.0000000000
88483  -7.864  -10.846  52.077 0.0000000000
33299  -0.474  -17.476  49.976 0.0000000000
33298  0.041  -17.309  49.305 0.0000000000
41159  -30.467  -7.635  38.715 0.0000000000
41160  -31.311  -7.472  38.318 0.0000000000
39771  -22.830  -9.004  39.163 0.0000000000
40465  -22.716  -8.753  39.863 0.0000000000
93705  -43.179  4.369  22.409 0.0000000000
49926  -43.348  4.964  22.141 0.0000000000
46034  -33.173  -1.435  27.918 0.0000000000
42684  -7.856  -5.135  38.059 0.0000000000
42668  -7.330  -5.646  38.652 0.0000000000
38310  -2.443  -11.873  42.568 0.0000000000
34992  0.031  -14.390  38.493 0.0000000000
88781  -0.184  -14.009  38.143 0.0000000000
34993  -1.116  -15.001  38.057 0.0000000000
90860  -5.966  -13.866  48.744 0.0000000000
93333  -5.488  -14.092  48.866 0.0000000000
45243  -33.370  -2.616  33.223 0.0000000000
39798  -28.125  -9.379  33.950 0.0000000000
45241  -31.138  -2.700  32.604 0.0000000000
40453  -21.888  -8.260  41.817 0.0000000000
40442  -21.795  -8.256  42.955 0.0000000000
38356  -18.485  -11.315  39.629 0.0000000000
38286  -1.191  -11.070  45.210 0.0000000000
38292  -0.327  -11.632  44.809 0.0000000000
47488  -37.873  -0.030  26.047 0.0000000000
36694  -7.070  -13.925  45.912 0.0000000000
35776  -6.389  -14.417  44.487 0.0000000000
82488  -11.674  -12.290  38.939 0.0000000000
36731  -11.175  -12.658  38.779 0.0000000000
36708  -9.375  -13.182  41.588 0.0000000000
37545  -9.906  -12.577  41.909 0.0000000000
36707  -8.697  -13.543  41.918 0.0000000000
39769  -8.331  -9.064  40.025 0.0000000000
80607  -8.800  -8.611  39.486 0.0000000000
38371  -5.477  -11.792  37.136 0.0000000000
39102  -6.079  -11.343  36.477 0.0000000000
39107  -5.989  -11.943  35.560 0.0000000000
41083  -4.145  -7.223  54.138 0.0000000000
89687  -3.934  -8.571  53.367 0.0000000000
36676  -4.450  -14.075  52.534 0.0000000000
36675  -3.497  -13.926  52.435 0.0000000000
37503  -0.530  -12.645  50.584 0.0000000000
37505  -1.400  -12.406  51.353 0.0000000000
91142  -0.900  -12.359  50.841 0.0000000000
37510  -0.760  -12.075  50.112 0.0000000000
78307  0.917  -15.790  46.064 0.0000000000
34944  1.760  -15.083  45.652 0.0000000000
29599  2.365  -22.350  46.040 0.0000000000
83307  2.237  -22.072  47.039 0.0000000000
41150  -29.374  -7.563  40.250 0.0000000000
80371  -27.752  -7.201  39.325 0.0000000000
80374  -27.807  -7.377  38.310 0.0000000000
41158  -29.475  -7.549  39.077 0.0000000000
40467  -23.872  -7.766  39.154 0.0000000000
41162  -24.788  -7.393  37.943 0.0000000000
40476  -25.060  -7.613  37.054 0.0000000000
81522  -24.546  -7.322  39.704 0.0000000000
49892  -43.618  4.517  24.693 0.0000000000
49891  -42.947  4.030  25.168 0.0000000000
48134  -37.708  1.330  23.338 0.0000000000
93350  -37.570  1.394  22.635 0.0000000000
91178  -38.155  1.655  23.108 0.0000000000
48722  -39.381  2.702  22.460 0.0000000000
48725  -39.292  2.532  21.482 0.0000000000
49300  -42.472  3.650  23.345 0.0000000000
46751  -32.670  -0.919  30.231 0.0000000000
43567  -30.352  -4.850  30.066 0.0000000000
45277  -32.656  -2.725  29.333 0.0000000000
45285  -33.020  -2.652  28.538 0.0000000000
85123  0.315  -12.214  41.568 0.0000000000
88648  0.690  -12.917  41.299 0.0000000000
34980  0.618  -14.831  40.971 0.0000000000
35803  0.413  -14.477  39.520 0.0000000000
33380  -0.899  -17.209  41.110 0.0000000000
34181  -1.139  -16.867  40.146 0.0000000000
33381  -1.401  -17.862  40.353 0.0000000000
32586  -2.033  -18.506  39.569 0.0000000000
32572  -1.748  -18.739  40.356 0.0000000000
34126  -3.893  -16.192  46.432 0.0000000000
91295  -30.314  -7.791  35.193 0.0000000000
83420  -30.410  -7.344  34.767 0.0000000000
41182  -31.097  -8.212  33.242 0.0000000000
41807  -20.795  -5.570  47.512 0.0000000000
79052  -21.062  -6.215  46.459 0.0000000000
37550  -21.393  -13.188  42.382 0.0000000000
37542  -21.025  -12.511  42.734 0.0000000000
85288  -21.513  -13.996  42.242 0.0000000000
50498  -42.247  5.222  18.895 0.0000000000
50499  -43.073  5.400  18.333 0.0000000000
50504  -42.918  5.258  17.637 0.0000000000
50506  -44.860  5.800  17.459 0.0000000000
39046  -5.154  -10.642  46.753 0.0000000000
39041  -3.707  -10.649  47.155 0.0000000000
39040  -2.658  -10.624  46.868 0.0000000000
38281  -1.956  -10.731  46.175 0.0000000000
47478  -37.727  0.630  27.518 0.0000000000
37524  -9.268  -11.620  46.044 0.0000000000
36696  -8.007  -13.213  45.177 0.0000000000
36699  -8.612  -12.960  44.588 0.0000000000
35805  -8.557  -14.068  40.530 0.0000000000
35813  -7.859  -14.746  39.999 0.0000000000
41128  -7.723  -7.065  41.975 0.0000000000
39753  -7.645  -9.350  41.443 0.0000000000
37577  -3.006  -13.310  37.769 0.0000000000
38381  -4.878  -12.750  36.371 0.0000000000
41087  -7.993  -7.988  53.292 0.0000000000
40395  -7.108  -8.591  53.417 0.0000000000
40394  -5.809  -8.431  54.047 0.0000000000
89162  -6.352  -9.192  53.768 0.0000000000
34926  -1.585  -15.319  50.738 0.0000000000
83632  -1.023  -14.829  50.456 0.0000000000
34931  -0.564  -14.492  49.827 0.0000000000
35750  -0.242  -13.953  49.136 0.0000000000
90280  0.236  -17.133  48.556 0.0000000000
91310  0.166  -17.005  47.747 0.0000000000
40497  -27.053  -8.867  34.814 0.0000000000
40491  -27.695  -8.523  35.412 0.0000000000
41173  -27.774  -8.039  36.870 0.0000000000
85764  -29.124  -7.612  37.321 0.0000000000
40485  -28.772  -8.355  36.054 0.0000000000
40493  -29.384  -8.404  35.645 0.0000000000
41175  -30.627  -7.253  36.863 0.0000000000
39778  -22.993  -9.174  37.425 0.0000000000
41838  -23.733  -6.425  43.639 0.0000000000
41124  -22.987  -7.136  43.314 0.0000000000
41132  -24.446  -7.038  41.369 0.0000000000
39767  -22.469  -9.182  40.417 0.0000000000
40461  -22.531  -8.445  40.487 0.0000000000
39766  -22.071  -8.766  40.781 0.0000000000
39080  -22.404  -10.606  41.059 0.0000000000
37558  -23.095  -13.834  40.176 0.0000000000
83941  -41.031  3.835  21.239 0.0000000000
49950  -41.468  4.581  20.058 0.0000000000
90950  -41.946  4.991  19.706 0.0000000000
50465  -43.578  5.975  21.796 0.0000000000
50480  -43.277  6.128  20.896 0.0000000000
51007  -44.247  6.276  20.291 0.0000000000
47473  -32.948  0.286  27.464 0.0000000000
43600  -33.608  -5.125  26.780 0.0000000000
38364  -14.511  -11.155  38.540 0.0000000000
90991  -13.142  -11.437  37.626 0.0000000000
42700  -7.904  -4.770  36.755 0.0000000000
42685  -8.653  -5.150  37.521 0.0000000000
41894  -9.361  -6.026  37.482 0.0000000000
41900  -9.476  -6.360  36.608 0.0000000000
38313  -4.979  -11.927  42.533 0.0000000000
38333  -3.212  -12.126  40.506 0.0000000000
37553  -2.146  -12.016  40.260 0.0000000000
37551  -0.302  -12.305  40.350 0.0000000000
37559  -0.234  -12.900  38.952 0.0000000000
37560  -1.035  -12.513  39.265 0.0000000000
37561  -1.935  -12.377  39.581 0.0000000000
35823  -1.581  -14.758  37.685 0.0000000000
36745  -1.877  -14.515  37.328 0.0000000000
33399  -1.997  -17.366  38.810 0.0000000000
34193  -2.096  -16.701  38.246 0.0000000000
33400  -2.240  -17.664  38.237 0.0000000000
38257  -7.162  -11.910  51.420 0.0000000000
35752  -5.516  -13.979  49.686 0.0000000000
36680  -4.729  -14.319  51.647 0.0000000000
34120  -3.040  -16.564  49.709 0.0000000000
90651  -3.357  -15.573  50.242 0.0000000000
32493  -1.817  -18.306  50.602 0.0000000000
32492  -0.941  -18.281  50.768 0.0000000000
45262  -33.198  -2.331  31.514 0.0000000000
39809  -30.421  -9.935  33.398 0.0000000000
42756  -29.814  -5.869  32.625 0.0000000000
39765  -17.114  -9.963  41.013 0.0000000000
41122  -21.525  -8.017  43.952 0.0000000000
41121  -20.625  -8.229  44.257 0.0000000000
40451  -20.373  -8.904  42.561 0.0000000000
37541  -20.603  -12.233  42.652 0.0000000000
39078  -20.717  -10.619  42.246 0.0000000000
38329  -20.375  -11.379  42.551 0.0000000000
38327  -19.156  -10.867  41.228 0.0000000000
39759  -19.414  -9.821  41.859 0.0000000000
39076  -18.659  -10.283  41.061 0.0000000000
39087  -17.893  -10.621  39.948 0.0000000000
39086  -16.856  -10.222  40.211 0.0000000000
37571  -16.519  -12.026  38.186 0.0000000000
38375  -15.569  -11.710  37.877 0.0000000000
50511  -44.941  5.732  16.631 0.0000000000
41120  -7.664  -7.208  43.467 0.0000000000
40443  -7.474  -8.443  43.011 0.0000000000
39739  -6.802  -9.904  43.852 0.0000000000
39053  -4.754  -11.896  44.309 0.0000000000
38289  -3.696  -11.617  45.234 0.0000000000
38302  -2.318  -11.819  43.340 0.0000000000
38308  -0.421  -11.610  42.918 0.0000000000
37529  1.146  -12.585  43.587 0.0000000000
36701  1.312  -13.386  42.291 0.0000000000
48705  -40.226  2.346  27.587 0.0000000000
46742  -33.456  -1.007  30.910 0.0000000000
47494  -37.472  0.235  25.237 0.0000000000
47493  -36.842  0.393  24.636 0.0000000000
37513  -7.314  -12.328  48.370 0.0000000000
36690  -6.814  -13.671  46.707 0.0000000000
35765  -5.526  -14.394  46.456 0.0000000000
91682  -5.076  -15.186  45.106 0.0000000000
34145  -4.264  -16.507  44.149 0.0000000000
86112  -13.906  -11.008  39.268 0.0000000000
38351  -13.156  -11.178  39.573 0.0000000000
38338  -12.148  -10.905  40.521 0.0000000000
36722  -10.631  -12.851  39.333 0.0000000000
37546  -10.480  -12.200  41.236 0.0000000000
38337  -11.452  -11.026  40.919 0.0000000000
93072  -10.987  -11.442  42.111 0.0000000000
37539  -9.888  -12.513  42.734 0.0000000000
37535  -9.751  -12.459  43.451 0.0000000000
36702  -7.667  -13.695  43.493 0.0000000000
34976  -6.961  -14.862  41.036 0.0000000000
35795  -6.642  -14.658  42.354 0.0000000000
34962  -5.687  -15.140  43.425 0.0000000000
42637  -6.160  -5.781  40.178 0.0000000000
42652  -6.166  -5.753  39.493 0.0000000000
93744  -6.654  -5.901  39.715 0.0000000000
40468  -9.134  -8.586  38.603 0.0000000000
38324  -6.199  -12.007  41.310 0.0000000000
81017  -6.796  -11.310  41.702 0.0000000000
38348  -5.573  -11.663  39.317 0.0000000000
91431  -4.752  -12.210  38.423 0.0000000000
39094  -6.336  -10.875  37.956 0.0000000000
89053  -6.686  -10.547  38.690 0.0000000000
39779  -7.853  -9.730  36.893 0.0000000000
39785  -7.807  -9.796  36.027 0.0000000000
38250  -7.086  -12.014  52.381 0.0000000000
38247  -7.368  -11.317  52.533 0.0000000000
37498  -6.335  -12.691  53.120 0.0000000000
37493  -5.018  -12.424  54.347 0.0000000000
37494  -5.967  -12.480  53.907 0.0000000000
39020  -5.029  -10.601  54.459 0.0000000000
37500  -2.319  -12.049  52.744 0.0000000000
39023  -2.904  -10.785  52.815 0.0000000000
85611  -3.541  -10.741  53.646 0.0000000000
38249  -2.877  -10.588  51.384 0.0000000000
38256  -3.464  -10.183  49.849 0.0000000000
38267  -3.512  -11.232  48.968 0.0000000000
81258  -0.478  -11.597  48.416 0.0000000000
38273  -1.066  -11.124  48.064 0.0000000000
86572  -0.729  -11.109  47.214 0.0000000000
80296  0.127  -13.595  48.584 0.0000000000
36685  0.295  -12.933  48.314 0.0000000000
36686  0.583  -13.560  47.917 0.0000000000
36689  2.150  -13.765  46.323 0.0000000000
37514  1.150  -12.572  46.994 0.0000000000
37520  1.948  -12.915  46.349 0.0000000000
37521  1.281  -12.257  46.328 0.0000000000
37525  1.796  -12.716  45.634 0.0000000000
34951  1.415  -14.859  44.415 0.0000000000
81440  1.267  -15.285  43.352 0.0000000000
34153  0.480  -16.299  43.420 0.0000000000
31006  0.711  -20.768  49.617 0.0000000000
31012  1.849  -21.111  48.227 0.0000000000
30332  1.980  -21.654  49.195 0.0000000000
31010  1.839  -20.961  49.205 0.0000000000
31734  1.522  -20.292  49.212 0.0000000000
31735  1.320  -19.492  48.941 0.0000000000
31016  1.262  -20.003  46.391 0.0000000000
31745  1.030  -19.271  46.741 0.0000000000
32503  0.726  -18.718  46.367 0.0000000000
31752  0.698  -19.406  45.834 0.0000000000
31753  -0.200  -19.221  45.132 0.0000000000
33320  -0.363  -17.235  44.767 0.0000000000
31762  -0.430  -18.898  44.327 0.0000000000
79027  -0.412  -17.701  43.461 0.0000000000
80562  -0.575  -17.806  43.100 0.0000000000
85491  -0.897  -17.882  42.488 0.0000000000
85627  -0.585  -17.164  42.093 0.0000000000
41140  -28.812  -7.533  41.017 0.0000000000
41870  -28.196  -7.222  41.663 0.0000000000
41155  -26.279  -7.292  38.444 0.0000000000
41867  -26.058  -6.215  41.208 0.0000000000
41854  -27.001  -6.395  42.037 0.0000000000
49277  -42.056  3.725  25.890 0.0000000000
48717  -38.966  2.152  24.170 0.0000000000
48721  -38.628  2.125  23.022 0.0000000000
48718  -39.537  2.715  24.036 0.0000000000
48719  -39.939  3.072  23.326 0.0000000000
49309  -40.777  3.441  22.974 0.0000000000
44458  -31.355  -3.846  30.442 0.0000000000
44472  -31.808  -3.688  29.822 0.0000000000
86700  0.910  -13.485  41.566 0.0000000000
82552  -3.999  -16.017  45.448 0.0000000000
34127  -3.547  -16.877  45.520 0.0000000000
33311  -3.900  -17.644  46.101 0.0000000000
42721  -30.912  -5.978  35.285 0.0000000000
81772  -22.391  -5.049  47.450 0.0000000000
35807  -21.917  -15.313  41.520 0.0000000000
50490  -45.499  6.513  18.714 0.0000000000
85916  -36.110  0.580  27.646 0.0000000000
42702  -9.272  -5.721  36.082 0.0000000000
41906  -9.470  -6.583  35.751 0.0000000000
81977  -2.428  -14.088  37.039 0.0000000000
79511  -3.022  -13.575  36.967 0.0000000000
81415  -2.990  -14.048  36.212 0.0000000000
37600  -3.578  -13.985  35.519 0.0000000000
86251  -7.117  -10.570  53.103 0.0000000000
34925  -1.315  -15.950  50.390 0.0000000000
34118  -0.938  -16.093  49.933 0.0000000000
81753  -29.868  -7.533  37.067 0.0000000000
40479  -23.591  -8.511  36.884 0.0000000000
39089  -22.870  -10.653  40.347 0.0000000000
50466  -44.731  6.184  22.311 0.0000000000
49323  -42.407  4.151  21.620 0.0000000000
80348  -42.369  4.720  21.221 0.0000000000
50479  -42.531  5.445  20.630 0.0000000000
45297  -34.682  -3.979  27.354 0.0000000000
38322  -4.182  -11.768  41.930 0.0000000000
36720  0.203  -13.274  39.439 0.0000000000
89246  -0.112  -12.799  39.753 0.0000000000
36727  -0.464  -13.543  38.273 0.0000000000
34995  -1.791  -15.589  37.071 0.0000000000
34122  -3.243  -16.568  48.767 0.0000000000
34119  -2.482  -16.955  50.219 0.0000000000
33300  -2.527  -17.807  50.122 0.0000000000
45251  -33.386  -2.514  32.315 0.0000000000
39810  -31.428  -9.554  32.937 0.0000000000
44436  -30.841  -3.692  32.125 0.0000000000
41837  -22.913  -6.861  44.147 0.0000000000
80256  -22.895  -6.559  45.230 0.0000000000
41123  -22.325  -7.599  43.616 0.0000000000
38328  -19.871  -11.643  42.269 0.0000000000
38342  -19.524  -11.844  41.289 0.0000000000
49962  -42.476  5.022  16.359 0.0000000000
40425  -6.747  -8.750  45.211 0.0000000000
39054  -5.700  -11.260  44.286 0.0000000000
38287  -2.178  -10.891  45.322 0.0000000000
38300  -0.310  -11.608  43.791 0.0000000000
48703  -39.220  1.891  28.239 0.0000000000
37518  -7.628  -12.461  47.565 0.0000000000
37562  -11.962  -11.878  39.376 0.0000000000
78300  -10.041  -13.127  40.011 0.0000000000
34165  -5.149  -16.159  42.692 0.0000000000
34968  -5.213  -15.763  43.225 0.0000000000
41143  -9.189  -7.172  39.137 0.0000000000
84229  -5.066  -12.177  40.027 0.0000000000
90443  -5.018  -12.074  37.665 0.0000000000
39099  -6.689  -10.663  37.108 0.0000000000
39109  -7.197  -10.384  35.797 0.0000000000
36672  -5.039  -13.814  53.300 0.0000000000
38253  -1.928  -11.810  51.693 0.0000000000
38260  -2.223  -11.323  50.527 0.0000000000
90989  -2.636  -11.167  49.567 0.0000000000
38266  -0.972  -11.496  49.101 0.0000000000
38265  0.056  -11.987  48.190 0.0000000000
35763  0.923  -14.965  46.891 0.0000000000
35762  1.696  -14.399  46.621 0.0000000000
35767  2.282  -14.494  45.992 0.0000000000
78145  0.657  -15.572  45.044 0.0000000000
34135  0.122  -16.316  44.407 0.0000000000
30334  2.099  -21.888  48.138 0.0000000000
31015  1.543  -20.570  47.186 0.0000000000
31026  1.717  -20.819  46.059 0.0000000000
31772  -0.450  -19.384  43.723 0.0000000000
40481  -25.429  -8.042  36.252 0.0000000000
40482  -26.375  -8.088  36.174 0.0000000000
41165  -27.408  -7.641  37.618 0.0000000000
40480  -24.445  -8.113  36.457 0.0000000000
91244  -25.192  -6.576  41.173 0.0000000000
41136  -24.488  -7.301  40.544 0.0000000000
49905  -43.698  4.591  23.802 0.0000000000
49906  -44.313  5.142  23.713 0.0000000000
49893  -44.284  5.042  24.448 0.0000000000
48144  -38.139  1.677  21.533 0.0000000000
48734  -38.698  2.040  21.080 0.0000000000
48726  -39.888  2.892  21.046 0.0000000000
86834  -40.363  3.379  21.531 0.0000000000
49915  -43.191  4.094  23.088 0.0000000000
46760  -32.492  -0.670  29.280 0.0000000000
44470  -30.549  -4.702  29.489 0.0000000000
43583  -30.818  -4.977  28.142 0.0000000000
42666  -5.821  -5.644  38.931 0.0000000000
85535  0.633  -13.471  40.825 0.0000000000
35811  0.457  -13.707  40.003 0.0000000000
34187  -1.501  -16.658  39.196 0.0000000000
35760  -5.517  -14.369  47.417 0.0000000000
84890  -4.090  -15.345  47.970 0.0000000000
34938  -3.463  -16.136  47.578 0.0000000000
34124  -2.833  -16.935  47.777 0.0000000000
44423  -32.379  -2.795  33.852 0.0000000000
90277  -32.444  -3.137  34.517 0.0000000000
40498  -29.887  -9.253  34.776 0.0000000000
40501  -31.195  -9.006  33.514 0.0000000000
41181  -30.090  -7.365  32.998 0.0000000000
42735  -30.639  -5.598  34.523 0.0000000000
43531  -31.181  -3.859  34.169 0.0000000000
41117  -20.156  -7.703  45.131 0.0000000000
39079  -21.531  -10.814  41.901 0.0000000000
80317  -21.105  -9.626  41.665 0.0000000000
36711  -21.282  -14.327  42.166 0.0000000000
36710  -20.478  -13.662  42.081 0.0000000000
37556  -19.805  -12.765  41.147 0.0000000000
37565  -19.360  -12.853  39.919 0.0000000000
37564  -18.785  -12.089  39.293 0.0000000000
49959  -42.329  5.049  17.150 0.0000000000
49963  -43.398  5.159  16.198 0.0000000000
39050  -5.261  -11.033  45.890 0.0000000000
39044  -3.538  -10.933  46.078 0.0000000000
91355  -38.222  0.762  27.434 0.0000000000
46790  -36.743  -0.925  25.868 0.0000000000
38283  -8.918  -11.548  46.823 0.0000000000
36730  -10.430  -13.076  38.458 0.0000000000
36721  -9.695  -13.426  39.021 0.0000000000
35804  -7.696  -14.531  40.838 0.0000000000
83403  -7.262  -6.368  41.070 0.0000000000
40460  -8.292  -8.141  40.914 0.0000000000
38358  -3.035  -12.767  39.035 0.0000000000
38380  -3.696  -13.176  37.077 0.0000000000
80109  -4.329  -12.819  37.091 0.0000000000
38389  -5.464  -12.679  35.552 0.0000000000
41085  -7.951  -7.242  53.231 0.0000000000
84628  -6.888  -6.626  53.391 0.0000000000
85292  -5.633  -6.447  54.063 0.0000000000
41084  -5.108  -7.391  54.222 0.0000000000
40393  -4.673  -8.248  54.243 0.0000000000
35743  -2.964  -14.562  51.733 0.0000000000
35742  -1.907  -13.987  51.402 0.0000000000
36679  -1.007  -13.506  51.033 0.0000000000
36678  -0.455  -13.164  50.624 0.0000000000
35753  0.263  -14.308  48.381 0.0000000000
34934  -0.016  -15.304  48.507 0.0000000000
34937  0.371  -15.046  47.732 0.0000000000
93079  0.365  -15.548  47.168 0.0000000000
84404  0.110  -16.279  46.919 0.0000000000
82062  -27.335  -9.281  34.315 0.0000000000
79979  -23.632  -6.390  44.676 0.0000000000
41127  -24.331  -6.575  42.179 0.0000000000
40458  -22.142  -8.250  41.041 0.0000000000
38331  -21.889  -11.370  41.441 0.0000000000
36719  -21.950  -14.234  41.922 0.0000000000
38344  -22.594  -11.390  40.666 0.0000000000
37557  -22.224  -13.496  41.177 0.0000000000
49338  -40.962  4.006  20.384 0.0000000000
45305  -35.034  -3.774  26.751 0.0000000000
37569  -11.556  -12.372  38.178 0.0000000000
40473  -9.610  -8.156  37.046 0.0000000000
39064  -6.269  -11.337  43.145 0.0000000000
38332  -1.535  -11.758  40.946 0.0000000000
36728  -1.634  -13.806  37.825 0.0000000000
37502  -6.383  -12.555  51.972 0.0000000000
37506  -5.852  -13.161  51.491 0.0000000000
35751  -4.495  -14.612  49.837 0.0000000000
34933  -3.895  -15.314  49.584 0.0000000000
35744  -3.575  -14.920  51.376 0.0000000000
81284  -2.184  -15.752  50.826 0.0000000000
34114  -1.512  -16.815  50.675 0.0000000000
33295  -0.626  -17.916  50.540 0.0000000000
80044  -32.985  -2.129  30.951 0.0000000000
39808  -29.300  -9.789  33.712 0.0000000000
43557  -30.182  -5.031  30.873 0.0000000000
43568  -30.852  -4.502  30.708 0.0000000000
44448  -31.094  -3.771  31.300 0.0000000000
40448  -17.782  -8.880  43.482 0.0000000000
39749  -16.976  -9.430  42.517 0.0000000000
41827  -21.724  -6.862  45.453 0.0000000000
40456  -20.734  -9.097  41.955 0.0000000000
40450  -19.529  -9.071  42.951 0.0000000000
39075  -17.967  -10.089  41.058 0.0000000000
38353  -15.411  -11.074  38.982 0.0000000000
38365  -15.279  -11.328  38.302 0.0000000000
38366  -16.018  -11.419  38.597 0.0000000000
49968  -44.327  5.354  15.122 0.0000000000
50523  -45.157  5.539  14.910 0.0000000000
50530  -47.417  5.386  13.652 0.0000000000
85829  -7.717  -7.039  42.815 0.0000000000
39744  -6.870  -10.442  43.161 0.0000000000
38305  -4.940  -12.019  43.174 0.0000000000
93655  -4.378  -11.847  44.962 0.0000000000
34967  1.151  -15.093  42.488 0.0000000000
49275  -40.788  2.996  26.979 0.0000000000
47497  -35.586  0.589  23.458 0.0000000000
48138  -36.111  0.992  22.649 0.0000000000
47504  -37.029  1.150  22.898 0.0000000000
38269  -7.049  -12.322  49.224 0.0000000000
35756  -6.065  -13.925  47.913 0.0000000000
89165  -7.233  -13.082  47.154 0.0000000000
35769  -4.892  -14.812  45.854 0.0000000000
34945  -4.568  -15.423  45.439 0.0000000000
89447  -3.485  -17.062  44.595 0.0000000000
78346  -14.184  -10.416  41.050 0.0000000000
39083  -13.367  -10.610  40.958 0.0000000000
38326  -12.063  -10.627  41.392 0.0000000000
38317  -11.717  -10.736  42.113 0.0000000000
38307  -11.122  -11.048  43.196 0.0000000000
35788  -7.369  -14.138  42.710 0.0000000000
34954  -5.647  -15.025  44.087 0.0000000000
91878  -4.538  -16.541  43.708 0.0000000000
41861  -8.220  -7.009  40.154 0.0000000000
42653  -7.335  -6.081  39.545 0.0000000000
41885  -9.391  -6.842  38.262 0.0000000000
40477  -9.218  -8.877  36.778 0.0000000000
39082  -7.231  -10.388  40.303 0.0000000000
85264  -8.416  -9.324  38.270 0.0000000000
88469  -8.560  -9.433  35.342 0.0000000000
39032  -3.797  -9.512  49.593 0.0000000000
39021  -6.138  -10.785  53.982 0.0000000000
83108  -5.499  -10.135  54.240 0.0000000000
81365  -4.699  -9.866  54.337 0.0000000000
39019  -4.015  -10.081  53.769 0.0000000000
37495  -3.296  -12.508  53.315 0.0000000000
38245  -3.587  -11.775  53.905 0.0000000000
39708  -3.712  -9.538  52.075 0.0000000000
39026  -3.158  -9.294  50.584 0.0000000000
39028  -3.168  -9.859  50.443 0.0000000000
39029  -3.061  -9.178  49.851 0.0000000000
39031  -4.404  -10.748  49.380 0.0000000000
38268  -4.123  -11.185  48.818 0.0000000000
79998  -1.595  -10.882  47.088 0.0000000000
37508  -0.206  -12.646  48.764 0.0000000000
92730  0.202  -12.454  48.223 0.0000000000
37515  0.536  -12.310  47.653 0.0000000000
37516  0.331  -11.724  47.316 0.0000000000
37522  0.529  -11.749  46.537 0.0000000000
79909  1.177  -12.747  44.640 0.0000000000
91034  1.585  -13.191  43.994 0.0000000000
35774  1.829  -13.942  43.960 0.0000000000
93365  1.763  -21.495  49.484 0.0000000000
30328  1.368  -21.564  49.598 0.0000000000
31729  1.005  -19.876  49.544 0.0000000000
31739  1.091  -19.339  47.827 0.0000000000
32510  0.181  -18.512  45.776 0.0000000000
33319  -0.186  -17.513  45.653 0.0000000000
33331  -0.177  -17.105  43.820 0.0000000000
32530  -0.565  -18.593  43.468 0.0000000000
34154  0.229  -16.582  43.065 0.0000000000
34164  0.056  -16.509  42.539 0.0000000000
39022  -6.302  -9.961  53.834 0.0000000000
39709  -4.049  -8.617  51.893 0.0000000000
90607  -3.897  -9.237  52.951 0.0000000000
93652  -12.656  -11.587  37.660 0.0000000000
