#!ascii label  , from subject sub-v1s18x0051240_ses-1 vox2ras=TkReg
1037
97554  47.067  33.244  15.618 0.0000000000
128049  49.041  35.001  12.151 0.0000000000
94901  54.861  29.675  23.107 0.0000000000
96845  42.984  32.154  18.858 0.0000000000
94913  45.677  29.523  21.281 0.0000000000
96296  48.154  31.627  8.637 0.0000000000
103424  48.560  42.376  14.429 0.0000000000
103995  54.769  43.430  16.304 0.0000000000
93581  54.091  26.949  27.671 0.0000000000
92050  50.516  25.045  20.525 0.0000000000
95576  51.907  30.098  12.300 0.0000000000
138299  50.754  32.883  19.905 0.0000000000
98184  54.399  33.385  17.013 0.0000000000
128977  53.280  34.119  22.735 0.0000000000
103438  51.821  42.736  13.263 0.0000000000
98917  54.389  34.617  9.781 0.0000000000
92860  51.052  26.632  19.573 0.0000000000
97536  44.887  33.032  17.700 0.0000000000
134894  44.386  31.167  20.312 0.0000000000
96843  46.604  32.687  19.237 0.0000000000
96264  46.526  31.896  11.933 0.0000000000
96930  44.208  32.642  14.261 0.0000000000
105817  50.244  46.626  18.830 0.0000000000
92798  51.951  26.982  28.752 0.0000000000
92833  50.598  26.323  25.923 0.0000000000
92005  48.727  25.226  27.924 0.0000000000
135493  53.725  43.041  9.438 0.0000000000
127936  51.530  31.637  11.793 0.0000000000
96246  53.322  31.485  14.911 0.0000000000
97553  51.561  33.416  15.041 0.0000000000
99523  49.410  37.679  19.456 0.0000000000
98848  52.053  36.802  19.406 0.0000000000
98152  50.179  34.554  21.580 0.0000000000
96797  51.395  32.578  24.267 0.0000000000
101736  50.797  39.411  12.489 0.0000000000
101733  53.716  39.509  12.894 0.0000000000
98910  50.710  35.233  10.433 0.0000000000
96972  51.823  31.111  8.883 0.0000000000
96815  51.968  32.136  22.183 0.0000000000
94908  49.865  29.767  22.224 0.0000000000
93613  52.879  27.999  22.171 0.0000000000
94281  44.239  28.330  21.144 0.0000000000
92887  45.763  26.267  19.402 0.0000000000
98934  51.800  34.975  6.888 0.0000000000
98237  48.238  34.759  9.284 0.0000000000
132064  48.667  39.172  13.131 0.0000000000
98876  48.705  35.401  15.249 0.0000000000
121032  46.876  47.707  18.581 0.0000000000
105828  51.553  46.966  16.356 0.0000000000
103407  50.909  42.939  14.948 0.0000000000
93593  55.729  28.079  25.196 0.0000000000
92032  54.817  26.087  20.974 0.0000000000
92848  51.996  26.156  23.698 0.0000000000
92037  48.601  25.237  22.460 0.0000000000
96926  48.438  32.455  14.454 0.0000000000
96883  48.508  33.088  17.724 0.0000000000
96898  50.672  32.353  16.313 0.0000000000
96860  53.147  32.926  18.116 0.0000000000
97504  55.786  33.940  21.065 0.0000000000
120006  52.398  35.797  17.617 0.0000000000
98158  54.901  35.178  20.599 0.0000000000
96793  56.032  32.266  23.773 0.0000000000
95518  53.602  30.961  24.829 0.0000000000
127000  51.565  28.677  25.983 0.0000000000
135366  49.984  43.720  10.705 0.0000000000
102904  54.729  40.641  11.131 0.0000000000
102365  56.936  39.963  13.888 0.0000000000
120846  54.817  36.192  9.600 0.0000000000
96993  52.877  31.602  6.843 0.0000000000
95589  50.030  29.923  9.814 0.0000000000
96190  48.170  31.222  21.283 0.0000000000
93621  47.851  27.997  21.372 0.0000000000
92071  47.987  25.848  17.865 0.0000000000
92057  53.159  25.586  18.312 0.0000000000
97544  45.693  33.391  16.380 0.0000000000
96867  45.298  32.784  18.529 0.0000000000
96885  46.495  33.288  17.606 0.0000000000
136625  46.957  32.577  13.797 0.0000000000
96940  45.348  32.228  13.075 0.0000000000
96928  45.908  33.011  14.771 0.0000000000
97557  45.014  33.297  15.857 0.0000000000
92771  51.046  26.419  29.321 0.0000000000
92819  50.941  26.144  28.433 0.0000000000
91983  50.626  25.823  29.704 0.0000000000
92092  44.670  25.575  17.034 0.0000000000
97579  49.825  33.639  12.339 0.0000000000
96924  51.113  32.895  13.675 0.0000000000
118965  50.160  33.613  13.556 0.0000000000
119833  48.095  36.541  20.157 0.0000000000
98840  49.253  35.660  20.481 0.0000000000
100275  49.869  37.060  11.653 0.0000000000
100274  50.710  37.348  11.386 0.0000000000
98911  49.918  34.786  11.017 0.0000000000
97590  50.075  33.819  11.026 0.0000000000
96184  53.935  31.544  23.008 0.0000000000
94905  52.418  29.838  22.865 0.0000000000
125813  53.315  29.048  22.694 0.0000000000
96223  42.138  31.494  19.739 0.0000000000
96206  42.884  31.239  20.103 0.0000000000
94925  45.018  29.968  21.000 0.0000000000
137544  44.380  29.670  20.970 0.0000000000
94274  45.042  28.098  21.242 0.0000000000
127159  45.254  27.327  20.738 0.0000000000
93624  45.741  27.813  21.198 0.0000000000
97613  49.793  33.346  7.439 0.0000000000
98244  49.390  34.633  8.283 0.0000000000
97598  48.023  33.758  9.093 0.0000000000
96888  42.544  32.516  17.482 0.0000000000
96869  42.413  32.308  18.283 0.0000000000
134447  48.377  40.477  13.596 0.0000000000
101012  47.764  38.197  13.495 0.0000000000
102343  47.019  40.487  14.201 0.0000000000
103999  49.213  44.149  15.849 0.0000000000
104643  50.613  44.586  16.374 0.0000000000
103408  49.946  43.061  14.864 0.0000000000
102891  49.593  41.265  13.680 0.0000000000
94237  55.072  27.858  26.537 0.0000000000
92838  54.478  26.758  24.717 0.0000000000
92830  53.542  26.572  25.543 0.0000000000
92014  48.286  25.517  25.287 0.0000000000
92019  49.226  25.760  24.341 0.0000000000
92029  47.848  25.268  23.923 0.0000000000
137895  50.024  31.226  13.488 0.0000000000
96250  50.402  31.709  14.867 0.0000000000
96249  51.803  31.097  14.572 0.0000000000
96896  53.843  32.040  15.865 0.0000000000
96897  53.779  31.928  16.111 0.0000000000
96859  54.290  32.900  17.570 0.0000000000
97514  53.704  33.494  19.698 0.0000000000
97512  55.218  33.975  18.678 0.0000000000
98868  48.618  35.832  16.051 0.0000000000
98874  50.263  34.945  16.043 0.0000000000
98861  50.728  36.510  17.448 0.0000000000
140259  52.567  34.889  21.213 0.0000000000
98837  53.339  35.999  19.770 0.0000000000
121974  54.585  34.853  21.361 0.0000000000
98149  55.635  34.442  21.813 0.0000000000
97497  54.374  33.965  22.980 0.0000000000
96172  54.580  31.715  24.600 0.0000000000
96796  53.155  32.660  24.176 0.0000000000
126080  50.040  31.765  24.646 0.0000000000
135587  51.308  30.791  24.802 0.0000000000
103449  50.842  42.923  11.884 0.0000000000
118649  52.123  42.157  11.253 0.0000000000
102897  52.941  41.585  12.483 0.0000000000
105826  53.712  46.593  16.751 0.0000000000
105272  53.270  46.265  15.916 0.0000000000
104658  55.508  44.151  16.030 0.0000000000
100271  54.539  37.355  11.439 0.0000000000
101720  55.970  39.740  14.084 0.0000000000
100270  55.517  37.570  11.465 0.0000000000
100282  55.583  37.145  11.114 0.0000000000
99593  54.986  35.484  10.300 0.0000000000
98247  53.568  34.097  8.084 0.0000000000
97604  53.609  32.709  8.392 0.0000000000
95587  51.974  30.181  10.649 0.0000000000
95598  51.021  29.723  9.244 0.0000000000
95583  50.742  29.973  11.014 0.0000000000
137509  49.219  31.092  11.991 0.0000000000
118395  49.975  32.972  18.772 0.0000000000
96827  48.287  32.701  19.587 0.0000000000
96200  49.005  32.291  20.644 0.0000000000
93619  50.018  27.568  21.259 0.0000000000
129194  48.822  29.031  21.732 0.0000000000
93633  49.224  27.287  20.804 0.0000000000
92884  48.479  26.523  19.477 0.0000000000
92901  49.449  26.336  18.630 0.0000000000
129995  52.834  25.593  21.222 0.0000000000
92047  54.798  26.020  19.144 0.0000000000
92058  52.253  25.037  18.892 0.0000000000
118675  44.062  32.761  17.753 0.0000000000
96205  43.675  31.489  19.956 0.0000000000
117916  44.960  32.291  19.322 0.0000000000
96204  45.238  31.670  20.157 0.0000000000
95544  45.971  31.136  20.660 0.0000000000
139843  47.018  31.503  10.108 0.0000000000
96903  43.463  32.858  16.416 0.0000000000
123353  52.909  26.842  28.379 0.0000000000
120115  52.367  26.536  26.952 0.0000000000
132689  50.711  26.300  27.111 0.0000000000
132361  48.950  25.735  26.017 0.0000000000
96261  52.168  30.387  12.351 0.0000000000
117964  52.522  30.746  13.792 0.0000000000
96936  52.903  30.977  13.611 0.0000000000
97564  52.474  32.437  14.620 0.0000000000
97542  53.304  33.178  15.989 0.0000000000
100215  49.950  38.300  18.982 0.0000000000
99527  50.967  37.710  18.679 0.0000000000
99522  50.513  37.303  19.460 0.0000000000
98839  51.144  35.611  20.477 0.0000000000
98140  51.129  34.116  22.512 0.0000000000
96807  51.842  33.149  23.801 0.0000000000
97498  50.492  33.776  23.085 0.0000000000
97478  49.808  33.084  24.068 0.0000000000
96176  48.798  32.367  24.776 0.0000000000
104683  50.321  44.364  13.722 0.0000000000
102341  52.176  41.268  13.825 0.0000000000
140040  53.984  41.862  15.047 0.0000000000
101723  52.103  40.123  12.992 0.0000000000
101037  52.053  38.289  11.599 0.0000000000
98918  52.769  34.692  9.510 0.0000000000
97596  52.064  32.339  8.751 0.0000000000
97597  51.293  33.132  9.548 0.0000000000
96965  51.153  31.867  10.327 0.0000000000
96824  51.255  32.851  20.441 0.0000000000
96189  50.442  31.773  21.706 0.0000000000
95528  51.030  30.979  22.481 0.0000000000
94264  50.896  28.888  22.242 0.0000000000
93631  52.511  26.958  20.463 0.0000000000
91291  48.435  24.589  20.731 0.0000000000
91301  50.161  24.638  19.349 0.0000000000
94283  42.617  28.493  20.794 0.0000000000
132744  43.504  30.714  20.425 0.0000000000
94282  43.443  28.423  20.962 0.0000000000
92867  43.380  27.138  20.500 0.0000000000
128135  43.738  26.587  20.107 0.0000000000
92888  44.926  26.179  19.371 0.0000000000
92073  46.060  25.728  17.844 0.0000000000
99610  51.178  36.383  7.350 0.0000000000
99602  49.833  36.466  8.590 0.0000000000
99567  49.130  36.650  12.091 0.0000000000
98208  48.796  34.915  13.439 0.0000000000
99563  48.090  36.671  13.250 0.0000000000
99558  47.452  36.734  14.609 0.0000000000
99551  47.359  36.730  15.649 0.0000000000
100223  47.638  37.770  17.740 0.0000000000
100967  47.676  39.075  18.958 0.0000000000
106360  48.866  47.666  17.720 0.0000000000
106358  52.008  47.948  17.597 0.0000000000
105260  53.613  46.283  17.343 0.0000000000
103996  52.374  43.986  16.151 0.0000000000
102889  51.203  41.285  13.650 0.0000000000
101737  49.924  39.185  12.594 0.0000000000
94900  56.001  29.919  23.859 0.0000000000
94260  55.118  28.085  22.778 0.0000000000
92845  55.209  27.137  22.883 0.0000000000
92853  54.176  26.257  22.199 0.0000000000
92034  52.114  25.680  22.077 0.0000000000
92840  51.575  26.334  24.689 0.0000000000
92026  50.328  25.741  23.253 0.0000000000
92045  49.206  25.195  21.837 0.0000000000
96913  47.687  32.907  15.066 0.0000000000
96900  48.126  33.105  16.774 0.0000000000
118571  48.719  32.808  15.959 0.0000000000
134891  49.849  32.711  16.727 0.0000000000
119907  50.914  32.896  18.123 0.0000000000
96237  52.869  31.609  15.719 0.0000000000
96880  52.267  32.722  17.637 0.0000000000
96840  51.519  33.031  19.612 0.0000000000
96823  52.287  33.199  20.210 0.0000000000
119234  53.031  32.761  21.824 0.0000000000
96813  54.329  32.348  22.699 0.0000000000
98194  49.813  34.402  14.795 0.0000000000
98187  51.205  34.690  16.212 0.0000000000
98179  52.858  34.821  17.121 0.0000000000
99525  52.585  36.762  18.833 0.0000000000
98852  53.384  35.974  18.735 0.0000000000
98168  55.196  34.146  18.590 0.0000000000
97507  55.988  34.059  21.217 0.0000000000
96811  55.725  33.673  22.665 0.0000000000
96179  56.216  31.740  23.768 0.0000000000
95515  56.296  30.628  24.085 0.0000000000
95496  55.224  29.872  25.116 0.0000000000
94238  54.536  28.359  26.429 0.0000000000
96174  52.275  32.177  24.451 0.0000000000
95498  52.841  30.157  25.164 0.0000000000
94239  52.696  28.383  26.453 0.0000000000
124288  52.139  27.707  27.297 0.0000000000
104075  52.188  42.845  10.100 0.0000000000
102922  54.312  41.795  9.805 0.0000000000
102386  54.566  40.701  9.833 0.0000000000
102855  55.398  42.147  15.159 0.0000000000
102887  54.077  41.315  13.224 0.0000000000
102374  55.667  39.827  11.954 0.0000000000
140517  55.086  38.756  10.443 0.0000000000
100299  54.084  37.438  8.786 0.0000000000
98932  53.360  35.268  7.839 0.0000000000
97611  52.441  32.998  6.926 0.0000000000
96988  50.809  31.355  6.765 0.0000000000
139193  52.691  30.145  7.395 0.0000000000
95618  50.815  29.770  7.494 0.0000000000
96286  48.383  30.861  8.812 0.0000000000
126978  48.009  31.248  10.282 0.0000000000
128279  48.044  32.098  12.856 0.0000000000
96842  47.582  32.902  19.006 0.0000000000
140551  47.206  32.125  20.298 0.0000000000
95534  46.887  30.403  21.281 0.0000000000
129819  49.053  31.146  21.663 0.0000000000
94911  48.226  29.670  21.703 0.0000000000
94272  46.724  28.614  21.445 0.0000000000
92864  46.857  26.798  20.211 0.0000000000
92903  47.261  26.126  18.652 0.0000000000
93615  54.905  26.870  21.294 0.0000000000
92858  54.094  26.360  19.380 0.0000000000
92883  52.335  26.318  18.394 0.0000000000
91313  51.481  24.713  17.363 0.0000000000
92069  50.806  26.065  17.767 0.0000000000
91246  48.755  24.564  29.431 0.0000000000
91263  47.409  24.138  27.624 0.0000000000
97543  46.409  33.414  16.053 0.0000000000
97534  46.290  33.373  16.790 0.0000000000
97533  47.126  33.323  16.625 0.0000000000
96914  46.826  32.957  14.704 0.0000000000
96939  46.103  32.657  13.949 0.0000000000
97555  46.409  33.236  15.348 0.0000000000
97556  45.765  33.309  15.565 0.0000000000
92003  51.050  26.094  29.273 0.0000000000
97572  49.711  33.761  12.999 0.0000000000
122357  49.195  34.470  12.673 0.0000000000
99577  49.598  36.197  11.564 0.0000000000
98900  49.435  35.291  11.594 0.0000000000
98218  49.549  34.377  11.768 0.0000000000
95525  54.381  30.561  23.261 0.0000000000
94904  53.639  29.835  23.038 0.0000000000
96846  42.271  32.009  19.008 0.0000000000
96222  42.986  31.728  19.466 0.0000000000
94273  45.821  28.588  21.371 0.0000000000
97605  49.137  32.626  7.739 0.0000000000
127859  49.207  33.754  8.045 0.0000000000
96983  47.883  32.657  8.870 0.0000000000
119368  43.382  32.476  18.216 0.0000000000
134658  48.469  41.105  13.823 0.0000000000
102342  47.815  40.842  13.924 0.0000000000
102875  48.154  41.603  14.153 0.0000000000
138449  48.851  43.728  15.443 0.0000000000
104011  49.580  43.639  15.359 0.0000000000
103409  48.948  43.136  14.903 0.0000000000
102874  49.024  41.634  14.030 0.0000000000
94227  54.633  27.199  27.014 0.0000000000
92814  54.457  26.802  26.377 0.0000000000
92815  53.793  26.665  27.037 0.0000000000
92021  47.650  25.218  24.719 0.0000000000
96256  50.943  30.529  12.868 0.0000000000
118477  51.174  30.895  13.836 0.0000000000
97541  54.129  32.763  16.508 0.0000000000
96878  54.219  32.737  16.747 0.0000000000
96858  54.635  33.231  17.386 0.0000000000
97523  54.760  33.512  18.054 0.0000000000
97522  54.835  33.611  17.939 0.0000000000
120125  49.050  36.176  16.685 0.0000000000
99543  49.888  36.324  17.098 0.0000000000
99536  50.328  37.287  17.942 0.0000000000
98150  53.163  34.625  21.792 0.0000000000
98139  54.441  34.460  22.269 0.0000000000
96805  54.124  33.251  23.636 0.0000000000
125563  53.351  33.649  23.279 0.0000000000
95521  49.832  30.839  24.778 0.0000000000
104042  50.865  43.174  12.860 0.0000000000
104043  50.170  43.468  12.150 0.0000000000
103448  51.522  42.559  12.412 0.0000000000
103458  52.116  42.014  11.993 0.0000000000
102888  52.292  42.122  12.837 0.0000000000
104639  54.599  45.269  16.631 0.0000000000
105270  54.958  45.174  16.220 0.0000000000
103994  55.454  43.684  16.169 0.0000000000
100284  54.384  36.578  11.002 0.0000000000
99584  55.115  35.871  10.654 0.0000000000
100283  55.386  36.597  11.080 0.0000000000
98907  54.810  35.265  10.280 0.0000000000
98233  54.289  34.100  9.245 0.0000000000
95582  51.870  29.873  11.475 0.0000000000
95577  50.882  30.277  12.046 0.0000000000
96841  49.972  32.814  19.728 0.0000000000
117896  49.112  32.637  19.978 0.0000000000
96826  49.706  32.496  20.515 0.0000000000
133859  50.169  26.979  20.447 0.0000000000
92861  49.804  26.693  19.890 0.0000000000
121033  49.369  26.557  19.393 0.0000000000
132717  50.692  26.430  18.701 0.0000000000
92042  52.454  25.416  20.582 0.0000000000
92049  51.725  25.147  20.015 0.0000000000
96868  44.406  32.591  18.476 0.0000000000
119692  45.756  32.609  19.093 0.0000000000
96844  45.857  32.255  19.720 0.0000000000
96830  46.072  31.821  20.244 0.0000000000
96278  46.292  31.827  10.634 0.0000000000
96957  45.787  31.854  11.354 0.0000000000
96929  45.187  32.646  14.056 0.0000000000
140159  45.156  32.022  12.323 0.0000000000
97545  44.954  33.252  16.744 0.0000000000
96902  44.254  33.141  16.167 0.0000000000
96887  44.179  32.998  17.026 0.0000000000
92817  52.695  26.868  28.382 0.0000000000
92818  51.638  26.591  28.502 0.0000000000
92004  49.996  25.678  28.364 0.0000000000
92009  49.834  25.923  27.073 0.0000000000
92010  48.694  25.454  26.947 0.0000000000
137069  48.207  25.404  25.984 0.0000000000
104093  52.805  43.246  9.532 0.0000000000
104092  53.828  43.844  9.093 0.0000000000
96955  52.273  30.592  12.098 0.0000000000
96946  52.530  30.762  12.894 0.0000000000
96947  51.727  31.702  12.473 0.0000000000
97565  51.382  33.070  14.359 0.0000000000
96923  52.278  32.066  13.931 0.0000000000
97552  52.726  32.788  15.323 0.0000000000
100959  49.369  38.559  18.996 0.0000000000
100208  50.209  38.155  19.062 0.0000000000
98827  49.349  34.790  21.277 0.0000000000
98826  50.166  35.171  20.798 0.0000000000
98161  50.979  34.831  21.144 0.0000000000
135633  50.850  34.417  21.858 0.0000000000
98141  50.314  34.150  22.377 0.0000000000
119567  49.934  33.508  23.519 0.0000000000
122084  49.025  32.974  24.456 0.0000000000
102355  51.632  40.686  13.337 0.0000000000
101735  51.722  39.545  12.485 0.0000000000
99587  51.007  36.096  10.525 0.0000000000
100273  51.732  37.550  11.215 0.0000000000
99575  51.372  36.861  10.798 0.0000000000
99586  52.245  36.205  10.317 0.0000000000
98909  51.812  35.486  9.955 0.0000000000
98226  51.408  34.646  9.794 0.0000000000
98236  51.058  33.851  9.818 0.0000000000
97584  50.663  32.550  11.119 0.0000000000
96956  51.890  30.837  11.136 0.0000000000
118679  51.882  32.768  21.241 0.0000000000
96820  51.058  32.219  21.598 0.0000000000
125338  51.646  31.444  22.487 0.0000000000
94262  52.437  28.876  22.532 0.0000000000
94906  51.521  29.455  22.569 0.0000000000
94263  51.795  28.476  22.248 0.0000000000
94267  51.231  28.172  21.917 0.0000000000
93617  52.404  27.568  21.546 0.0000000000
94284  41.763  28.548  20.720 0.0000000000
134388  44.417  31.749  19.799 0.0000000000
94926  43.952  29.079  21.065 0.0000000000
93638  43.788  27.717  20.864 0.0000000000
133217  44.295  27.074  20.503 0.0000000000
92866  45.110  26.612  20.103 0.0000000000
92905  45.501  25.885  18.613 0.0000000000
99608  52.635  36.016  6.948 0.0000000000
133346  51.187  35.609  7.208 0.0000000000
98928  48.918  35.169  8.860 0.0000000000
98927  49.629  35.502  8.415 0.0000000000
98919  49.138  36.088  9.065 0.0000000000
98920  48.418  35.714  9.451 0.0000000000
101026  48.900  37.997  12.616 0.0000000000
100261  48.676  37.102  12.614 0.0000000000
100251  48.207  37.616  13.094 0.0000000000
100252  47.607  37.288  13.799 0.0000000000
137800  46.928  37.438  16.801 0.0000000000
100971  48.297  38.731  18.734 0.0000000000
106361  47.912  47.492  17.647 0.0000000000
135887  47.532  47.686  18.256 0.0000000000
106960  51.035  48.408  18.315 0.0000000000
106940  52.496  48.180  18.070 0.0000000000
106355  53.306  47.077  17.283 0.0000000000
104642  51.779  44.611  16.526 0.0000000000
104009  51.608  43.464  15.462 0.0000000000
103406  52.042  42.763  15.076 0.0000000000
132952  49.319  39.696  13.106 0.0000000000
102357  49.736  40.605  13.346 0.0000000000
101010  49.131  38.839  12.758 0.0000000000
100260  49.395  37.518  12.173 0.0000000000
94254  55.792  28.646  24.340 0.0000000000
94256  55.674  28.441  23.546 0.0000000000
93607  55.703  27.986  24.155 0.0000000000
132680  53.607  26.531  24.260 0.0000000000
92846  54.546  26.681  23.280 0.0000000000
92847  53.221  26.337  23.425 0.0000000000
92025  51.422  25.815  23.002 0.0000000000
92832  51.440  26.426  25.808 0.0000000000
92841  50.667  26.267  24.870 0.0000000000
129982  48.840  25.480  23.100 0.0000000000
92027  49.423  25.661  23.536 0.0000000000
92036  49.559  25.493  22.622 0.0000000000
91284  48.434  24.831  21.683 0.0000000000
91279  47.681  24.782  22.394 0.0000000000
140566  48.363  32.736  15.315 0.0000000000
96912  49.195  32.354  15.121 0.0000000000
96911  49.808  32.417  15.882 0.0000000000
96881  50.498  32.736  17.215 0.0000000000
96254  53.071  30.967  14.116 0.0000000000
96248  52.861  30.921  14.371 0.0000000000
96241  53.211  31.304  14.743 0.0000000000
96879  53.679  32.416  17.047 0.0000000000
137537  52.665  32.113  16.646 0.0000000000
96861  51.806  32.995  18.665 0.0000000000
96839  52.662  33.253  19.162 0.0000000000
97509  54.980  33.749  20.280 0.0000000000
97510  53.256  33.333  20.879 0.0000000000
97505  54.380  33.405  21.474 0.0000000000
96819  54.187  32.869  22.252 0.0000000000
96818  55.458  33.576  21.980 0.0000000000
98201  48.608  35.201  14.256 0.0000000000
98200  49.222  34.603  14.151 0.0000000000
98881  49.135  34.855  14.793 0.0000000000
98866  50.668  35.634  16.744 0.0000000000
98860  51.800  35.282  16.878 0.0000000000
98186  52.398  34.281  16.411 0.0000000000
99521  51.527  37.528  19.087 0.0000000000
99526  51.741  37.388  18.890 0.0000000000
99520  52.321  37.061  19.050 0.0000000000
98836  54.301  35.594  20.041 0.0000000000
98847  53.063  36.411  19.142 0.0000000000
98846  54.125  35.595  19.322 0.0000000000
98851  54.376  34.946  18.511 0.0000000000
98845  54.957  34.780  19.145 0.0000000000
98163  55.370  34.314  19.429 0.0000000000
98157  55.581  34.427  20.466 0.0000000000
97486  56.058  33.920  22.536 0.0000000000
97496  56.118  34.028  22.157 0.0000000000
96803  55.904  33.193  23.068 0.0000000000
96182  55.876  32.700  23.352 0.0000000000
129861  56.054  32.223  23.734 0.0000000000
95514  56.429  31.333  23.992 0.0000000000
139406  56.236  31.863  24.093 0.0000000000
95517  54.933  30.820  24.843 0.0000000000
95497  54.066  30.045  25.218 0.0000000000
94880  54.579  29.220  25.633 0.0000000000
125114  51.398  31.748  24.585 0.0000000000
95499  51.147  29.809  25.269 0.0000000000
136548  51.904  30.268  25.074 0.0000000000
94882  52.196  29.387  25.548 0.0000000000
104060  49.695  43.771  11.425 0.0000000000
104718  48.679  44.575  10.705 0.0000000000
104717  49.410  44.144  10.703 0.0000000000
104076  51.427  43.069  10.335 0.0000000000
102906  52.918  41.559  11.445 0.0000000000
102913  53.725  41.838  10.345 0.0000000000
133537  54.284  41.272  10.446 0.0000000000
102912  54.481  41.073  10.258 0.0000000000
102379  54.959  40.218  10.827 0.0000000000
102353  53.560  40.644  13.738 0.0000000000
102870  54.487  41.615  14.749 0.0000000000
102339  54.695  40.832  14.341 0.0000000000
101719  56.815  39.895  14.104 0.0000000000
101708  56.359  40.174  14.242 0.0000000000
102352  56.460  40.379  13.936 0.0000000000
102895  55.131  40.678  13.167 0.0000000000
102366  56.196  40.100  13.181 0.0000000000
100292  55.135  36.901  10.142 0.0000000000
101045  55.669  38.106  11.208 0.0000000000
101052  55.143  37.876  10.364 0.0000000000
101053  54.449  37.948  9.386 0.0000000000
99600  53.787  36.237  8.442 0.0000000000
138283  53.846  35.544  8.502 0.0000000000
97610  53.243  32.161  7.240 0.0000000000
127272  53.382  33.061  7.594 0.0000000000
118530  51.698  32.185  6.676 0.0000000000
96987  52.307  30.778  6.759 0.0000000000
96980  52.901  30.866  7.939 0.0000000000
96293  52.210  30.034  8.207 0.0000000000
95610  51.010  29.588  8.169 0.0000000000
95599  50.061  29.771  8.658 0.0000000000
95612  49.289  30.163  8.213 0.0000000000
95600  49.202  30.225  8.964 0.0000000000
96277  48.675  30.682  9.622 0.0000000000
96270  49.268  30.603  10.649 0.0000000000
96925  48.879  31.830  13.463 0.0000000000
96262  48.793  31.490  12.453 0.0000000000
96938  47.848  32.421  13.618 0.0000000000
96884  47.521  33.242  17.585 0.0000000000
96865  47.815  33.137  18.297 0.0000000000
138296  48.514  32.431  20.249 0.0000000000
127446  47.857  32.305  20.259 0.0000000000
96202  47.581  31.705  20.706 0.0000000000
96191  47.259  31.060  21.092 0.0000000000
96187  50.220  31.176  22.102 0.0000000000
139975  49.599  31.127  21.881 0.0000000000
95530  49.512  30.573  22.033 0.0000000000
93620  48.656  27.962  21.425 0.0000000000
94270  48.114  28.743  21.582 0.0000000000
94271  47.403  28.562  21.487 0.0000000000
93622  47.161  27.976  21.332 0.0000000000
93635  47.603  27.478  21.002 0.0000000000
92902  48.296  26.227  18.664 0.0000000000
92885  47.523  26.470  19.490 0.0000000000
92072  46.962  25.784  17.870 0.0000000000
92089  47.591  25.727  17.108 0.0000000000
92851  55.128  27.001  22.086 0.0000000000
93611  54.897  27.383  22.298 0.0000000000
92855  54.791  26.454  20.905 0.0000000000
130969  54.076  26.011  18.557 0.0000000000
134196  54.712  26.037  19.267 0.0000000000
92056  54.496  26.029  18.866 0.0000000000
92882  53.718  26.085  18.403 0.0000000000
92067  53.498  25.897  18.138 0.0000000000
130275  49.496  24.492  18.865 0.0000000000
119394  50.844  24.630  18.378 0.0000000000
91314  50.070  24.526  17.932 0.0000000000
97535  45.667  33.282  17.217 0.0000000000
96886  45.686  33.154  17.947 0.0000000000
96866  46.137  32.965  18.492 0.0000000000
96948  47.031  32.179  12.837 0.0000000000
96949  45.845  32.012  12.333 0.0000000000
135718  46.274  32.330  13.223 0.0000000000
96915  45.077  33.066  14.972 0.0000000000
92770  51.370  26.794  28.967 0.0000000000
92799  51.233  26.555  29.009 0.0000000000
97578  50.632  32.724  12.040 0.0000000000
97571  50.637  32.935  12.901 0.0000000000
141851  50.579  33.522  14.096 0.0000000000
99524  48.380  37.352  19.691 0.0000000000
99514  48.824  36.556  19.986 0.0000000000
98841  48.255  35.818  20.517 0.0000000000
101024  50.473  38.637  12.170 0.0000000000
101038  51.019  38.126  11.668 0.0000000000
99576  50.403  36.567  11.167 0.0000000000
98227  50.514  34.277  10.426 0.0000000000
97585  50.025  33.490  11.644 0.0000000000
96185  52.520  31.502  22.706 0.0000000000
95527  53.010  30.707  23.095 0.0000000000
138976  53.254  28.355  22.421 0.0000000000
95545  45.125  30.792  20.621 0.0000000000
95546  44.369  30.376  20.671 0.0000000000
94914  44.854  29.032  21.254 0.0000000000
138486  44.503  27.695  20.960 0.0000000000
92865  45.980  26.703  20.177 0.0000000000
98250  50.503  33.986  7.285 0.0000000000
98935  50.846  34.931  7.279 0.0000000000
138483  49.750  34.162  7.750 0.0000000000
98245  48.703  34.259  8.650 0.0000000000
96889  41.685  32.415  17.619 0.0000000000
96870  41.602  32.231  18.407 0.0000000000
96847  41.459  31.912  19.119 0.0000000000
101726  48.479  39.761  13.386 0.0000000000
101011  48.445  38.477  13.071 0.0000000000
101727  48.013  39.049  13.393 0.0000000000
102358  47.626  39.858  13.705 0.0000000000
105263  49.816  45.562  17.489 0.0000000000
105253  50.516  46.145  18.164 0.0000000000
104644  49.673  44.608  16.327 0.0000000000
103998  50.075  44.100  15.846 0.0000000000
104010  50.494  43.561  15.365 0.0000000000
103422  50.373  42.445  14.432 0.0000000000
103423  49.461  42.449  14.413 0.0000000000
127137  49.024  40.908  13.627 0.0000000000
136190  55.538  28.151  25.843 0.0000000000
93605  55.524  27.504  24.881 0.0000000000
92829  55.060  27.045  25.610 0.0000000000
140186  54.430  26.751  25.569 0.0000000000
92839  52.608  26.407  24.506 0.0000000000
92013  49.071  25.805  25.157 0.0000000000
92842  49.841  26.115  25.028 0.0000000000
92020  48.433  25.552  24.514 0.0000000000
92028  48.634  25.530  23.751 0.0000000000
92038  48.112  25.288  23.141 0.0000000000
137275  49.636  31.745  14.228 0.0000000000
96243  51.083  31.733  15.479 0.0000000000
96909  53.382  31.717  15.179 0.0000000000
96236  53.407  31.713  15.298 0.0000000000
97524  54.052  33.282  18.568 0.0000000000
97513  54.979  33.724  19.056 0.0000000000
97508  55.433  34.176  20.017 0.0000000000
98875  49.635  34.875  15.440 0.0000000000
98867  49.486  35.508  16.226 0.0000000000
136400  51.487  36.193  17.465 0.0000000000
98838  52.298  36.054  20.067 0.0000000000
127328  52.657  36.507  19.404 0.0000000000
98159  53.454  35.361  20.678 0.0000000000
123151  55.402  34.735  21.107 0.0000000000
98138  55.441  34.156  22.513 0.0000000000
97487  55.494  33.614  23.052 0.0000000000
96794  55.553  32.226  24.239 0.0000000000
96795  54.391  32.520  24.249 0.0000000000
96173  53.338  31.912  24.562 0.0000000000
96175  50.611  32.177  24.513 0.0000000000
95520  50.627  31.331  24.668 0.0000000000
139988  50.600  30.534  24.876 0.0000000000
104044  49.443  43.990  12.247 0.0000000000
104059  50.358  43.340  11.228 0.0000000000
104058  51.028  42.917  10.988 0.0000000000
103459  51.513  42.504  11.546 0.0000000000
102905  54.083  41.067  11.222 0.0000000000
105827  52.760  46.951  16.526 0.0000000000
105836  51.890  46.405  15.847 0.0000000000
104659  54.907  45.104  15.906 0.0000000000
101021  53.449  38.929  12.271 0.0000000000
101721  54.419  40.119  13.659 0.0000000000
101035  54.861  38.073  12.108 0.0000000000
101020  55.702  38.644  12.679 0.0000000000
101019  56.177  38.821  12.748 0.0000000000
101034  56.089  38.577  12.068 0.0000000000
100269  55.833  38.023  11.671 0.0000000000
99583  55.270  36.176  10.674 0.0000000000
130671  54.632  35.342  9.478 0.0000000000
98925  54.414  34.468  9.073 0.0000000000
98241  53.882  33.104  8.521 0.0000000000
96978  53.580  32.255  7.808 0.0000000000
96284  51.794  30.189  9.432 0.0000000000
95597  51.612  30.000  9.711 0.0000000000
95588  51.335  29.793  10.377 0.0000000000
126641  49.770  30.607  11.611 0.0000000000
96257  49.672  31.178  12.950 0.0000000000
96863  49.232  32.982  18.325 0.0000000000
96864  48.430  32.994  18.696 0.0000000000
118236  49.160  32.891  19.189 0.0000000000
94265  50.212  29.157  22.202 0.0000000000
94269  49.567  29.073  21.969 0.0000000000
132899  49.322  28.318  21.620 0.0000000000
141546  49.273  27.772  21.355 0.0000000000
93634  48.285  27.376  20.882 0.0000000000
92863  47.772  26.893  20.329 0.0000000000
92862  48.772  26.801  20.165 0.0000000000
92040  54.929  26.094  19.934 0.0000000000
92041  54.359  25.713  20.264 0.0000000000
92048  53.501  25.507  19.245 0.0000000000
96221  43.833  32.099  19.181 0.0000000000
95536  45.735  30.332  21.001 0.0000000000
95535  46.305  30.562  21.044 0.0000000000
96287  47.634  31.523  9.250 0.0000000000
96974  47.287  32.052  9.343 0.0000000000
96967  46.079  32.142  10.495 0.0000000000
96916  44.288  32.999  15.282 0.0000000000
132437  43.539  32.850  15.566 0.0000000000
119287  43.386  32.723  17.271 0.0000000000
122875  49.496  45.938  18.219 0.0000000000
104625  49.289  45.057  16.884 0.0000000000
104000  48.311  44.126  15.864 0.0000000000
93566  53.676  26.928  28.082 0.0000000000
92816  53.240  26.686  27.745 0.0000000000
124937  51.594  26.467  27.224 0.0000000000
92834  49.782  26.103  25.977 0.0000000000
92015  47.583  25.100  25.506 0.0000000000
95571  52.140  30.394  13.027 0.0000000000
96255  52.654  30.891  13.258 0.0000000000
128503  53.062  31.325  14.354 0.0000000000
96937  51.988  31.820  13.203 0.0000000000
96910  53.327  31.800  14.961 0.0000000000
97551  53.639  32.217  15.631 0.0000000000
100221  49.691  37.981  18.429 0.0000000000
100214  50.626  38.052  18.991 0.0000000000
100207  50.872  37.908  19.060 0.0000000000
98849  51.307  36.579  19.753 0.0000000000
137169  49.645  36.605  19.830 0.0000000000
99513  50.319  36.130  20.138 0.0000000000
98160  52.010  35.142  20.839 0.0000000000
98151  51.793  34.573  21.687 0.0000000000
125736  52.136  34.132  22.581 0.0000000000
97488  52.421  33.646  23.251 0.0000000000
97489  51.348  33.616  23.280 0.0000000000
96808  51.106  33.097  23.894 0.0000000000
96798  50.520  32.773  24.197 0.0000000000
96799  49.735  32.455  24.510 0.0000000000
96154  49.339  31.696  24.757 0.0000000000
125590  50.732  43.795  13.460 0.0000000000
103405  53.414  42.399  15.145 0.0000000000
103404  54.833  42.670  15.933 0.0000000000
102871  52.976  41.801  14.493 0.0000000000
102354  52.589  40.696  13.493 0.0000000000
101734  52.670  39.576  12.605 0.0000000000
101023  51.368  38.850  12.077 0.0000000000
101022  52.380  38.960  12.102 0.0000000000
101036  53.283  38.269  11.715 0.0000000000
100272  53.015  37.562  11.222 0.0000000000
99585  53.893  35.998  10.496 0.0000000000
98908  53.485  35.339  10.048 0.0000000000
98234  54.031  33.760  9.308 0.0000000000
98235  52.224  33.702  9.200 0.0000000000
96973  51.276  32.228  9.601 0.0000000000
97589  50.719  33.169  10.315 0.0000000000
96285  51.560  31.193  9.688 0.0000000000
96276  52.035  30.188  10.558 0.0000000000
96269  52.125  30.202  11.449 0.0000000000
96825  50.453  32.663  20.482 0.0000000000
118145  50.939  32.581  21.025 0.0000000000
95529  50.382  30.416  22.383 0.0000000000
130454  51.878  30.707  22.772 0.0000000000
133657  51.161  30.243  22.622 0.0000000000
94907  50.639  29.652  22.430 0.0000000000
94268  50.299  28.386  21.833 0.0000000000
93618  51.178  27.565  21.371 0.0000000000
93632  51.155  26.984  20.486 0.0000000000
91290  49.646  24.787  20.379 0.0000000000
91289  50.896  24.846  19.685 0.0000000000
125281  48.976  24.545  19.762 0.0000000000
93640  42.112  27.832  20.667 0.0000000000
95547  42.851  29.962  20.628 0.0000000000
128929  43.716  29.839  20.775 0.0000000000
94927  43.148  29.171  20.833 0.0000000000
93639  42.968  27.776  20.747 0.0000000000
92868  42.520  27.075  20.426 0.0000000000
136806  43.056  26.632  20.165 0.0000000000
142672  44.415  26.499  19.977 0.0000000000
92906  44.602  25.816  18.656 0.0000000000
98926  50.457  35.818  7.842 0.0000000000
97599  47.185  33.159  9.520 0.0000000000
98891  48.966  35.731  12.116 0.0000000000
98892  48.740  35.317  12.761 0.0000000000
99568  48.548  36.164  12.703 0.0000000000
98887  48.289  35.770  13.522 0.0000000000
99557  48.037  35.900  14.451 0.0000000000
99564  47.821  36.452  13.918 0.0000000000
99550  47.950  36.075  15.424 0.0000000000
99544  48.197  36.451  16.525 0.0000000000
100232  48.218  37.178  17.344 0.0000000000
100222  48.750  37.975  18.167 0.0000000000
100966  48.566  38.872  19.001 0.0000000000
100209  48.656  38.523  19.251 0.0000000000
106373  49.504  47.517  17.169 0.0000000000
130853  49.947  48.040  17.949 0.0000000000
106359  50.810  47.861  17.535 0.0000000000
106372  51.211  47.459  16.866 0.0000000000
106370  53.044  47.338  17.240 0.0000000000
105821  53.804  46.424  17.129 0.0000000000
104640  54.611  44.430  16.529 0.0000000000
105262  50.841  45.663  17.547 0.0000000000
127100  53.144  45.952  17.541 0.0000000000
104641  53.216  44.646  16.722 0.0000000000
139034  53.750  43.961  16.400 0.0000000000
103420  52.234  42.291  14.590 0.0000000000
119088  51.731  41.780  14.219 0.0000000000
102890  50.304  41.270  13.611 0.0000000000
101725  50.265  39.961  12.938 0.0000000000
101025  49.662  38.347  12.342 0.0000000000
95524  55.640  30.134  23.553 0.0000000000
94257  55.522  28.996  23.305 0.0000000000
92844  55.347  27.521  22.912 0.0000000000
92852  54.915  26.636  21.897 0.0000000000
92837  55.178  27.113  24.144 0.0000000000
92033  53.642  25.833  21.545 0.0000000000
141447  51.716  25.507  21.511 0.0000000000
92043  50.907  25.324  21.174 0.0000000000
92831  52.326  26.472  25.605 0.0000000000
92849  50.937  26.087  23.921 0.0000000000
92018  50.039  25.923  24.139 0.0000000000
92035  50.793  25.559  22.247 0.0000000000
127161  49.994  25.362  21.843 0.0000000000
92044  49.824  25.130  21.183 0.0000000000
91283  49.076  24.890  21.179 0.0000000000
96901  47.855  33.082  15.895 0.0000000000
96899  49.051  32.875  16.765 0.0000000000
96882  49.474  32.921  17.483 0.0000000000
140487  49.974  32.950  18.004 0.0000000000
96862  50.774  32.963  19.157 0.0000000000
96242  52.356  31.290  15.120 0.0000000000
96238  51.731  31.793  15.959 0.0000000000
139929  52.177  31.878  16.267 0.0000000000
137331  51.488  32.312  16.609 0.0000000000
142162  51.517  32.606  17.250 0.0000000000
96814  53.187  32.223  22.513 0.0000000000
96183  55.430  31.974  23.129 0.0000000000
98207  49.427  34.248  13.484 0.0000000000
138973  49.913  34.039  14.149 0.0000000000
98199  50.598  33.818  14.674 0.0000000000
98193  50.670  34.309  15.424 0.0000000000
119344  51.922  33.803  15.725 0.0000000000
98185  53.558  33.758  16.701 0.0000000000
119880  53.852  34.296  17.338 0.0000000000
119840  51.268  37.045  18.125 0.0000000000
99535  52.078  36.656  18.236 0.0000000000
98859  53.440  35.317  17.904 0.0000000000
120695  54.274  34.534  17.851 0.0000000000
98169  54.858  34.151  18.052 0.0000000000
121393  55.886  34.318  21.251 0.0000000000
97503  56.172  34.004  21.685 0.0000000000
96812  55.415  32.926  22.635 0.0000000000
96180  55.507  31.187  23.475 0.0000000000
95523  56.328  30.876  23.911 0.0000000000
94898  55.922  29.509  24.269 0.0000000000
96171  55.733  31.501  24.415 0.0000000000
95516  55.934  30.665  24.443 0.0000000000
94878  55.695  28.779  25.047 0.0000000000
94879  55.321  28.735  25.643 0.0000000000
94228  54.196  27.447  27.298 0.0000000000
96806  52.809  33.192  23.734 0.0000000000
95519  52.325  31.134  24.730 0.0000000000
94881  53.453  29.053  25.760 0.0000000000
139871  53.667  28.141  26.812 0.0000000000
94229  53.317  27.476  27.615 0.0000000000
93567  51.999  27.098  28.650 0.0000000000
103467  52.584  42.212  10.616 0.0000000000
103481  53.178  42.557  9.890 0.0000000000
103480  54.068  42.456  9.563 0.0000000000
102921  54.439  41.603  9.460 0.0000000000
101762  54.411  40.064  9.068 0.0000000000
104672  51.242  44.313  14.116 0.0000000000
104028  51.502  43.510  13.645 0.0000000000
103399  55.525  43.060  16.167 0.0000000000
104007  55.697  43.274  16.044 0.0000000000
101709  55.496  40.342  14.181 0.0000000000
103437  52.917  42.455  13.602 0.0000000000
140004  53.169  41.811  13.260 0.0000000000
102896  53.832  40.990  12.307 0.0000000000
102367  54.882  40.534  12.181 0.0000000000
101743  56.184  39.027  12.124 0.0000000000
134086  55.535  39.088  11.279 0.0000000000
121876  54.802  39.674  10.132 0.0000000000
101755  54.505  38.932  9.386 0.0000000000
101059  53.849  38.458  8.322 0.0000000000
99619  53.245  36.944  7.089 0.0000000000
98933  52.654  35.073  7.094 0.0000000000
98248  52.585  34.104  7.157 0.0000000000
98249  51.544  34.105  6.928 0.0000000000
126181  51.294  33.301  6.807 0.0000000000
118885  49.895  32.377  7.106 0.0000000000
96982  48.848  31.548  7.846 0.0000000000
97595  53.611  32.986  8.817 0.0000000000
96979  53.367  31.605  7.757 0.0000000000
96292  53.109  30.621  7.235 0.0000000000
95617  51.994  29.772  7.579 0.0000000000
96301  51.657  29.960  6.976 0.0000000000
96302  50.273  30.394  7.117 0.0000000000
96303  49.380  30.793  7.507 0.0000000000
96295  48.837  30.771  7.999 0.0000000000
123239  47.698  31.335  9.560 0.0000000000
135229  47.183  31.520  10.818 0.0000000000
96271  48.528  31.280  11.404 0.0000000000
96263  47.536  31.819  11.930 0.0000000000
96927  47.558  32.700  14.345 0.0000000000
135144  47.024  33.116  18.398 0.0000000000
96828  47.345  32.516  19.756 0.0000000000
96829  46.612  32.234  20.029 0.0000000000
96203  46.750  31.593  20.567 0.0000000000
96192  46.622  30.965  20.936 0.0000000000
94912  46.343  29.936  21.328 0.0000000000
135009  49.502  32.125  21.041 0.0000000000
120405  48.937  31.746  21.192 0.0000000000
94910  49.073  29.769  21.915 0.0000000000
95532  48.594  30.478  21.712 0.0000000000
95533  47.698  30.393  21.483 0.0000000000
123473  47.198  29.470  21.523 0.0000000000
126053  46.344  29.244  21.424 0.0000000000
93623  46.438  27.909  21.281 0.0000000000
93637  46.222  27.312  20.763 0.0000000000
92886  46.623  26.383  19.443 0.0000000000
92904  46.368  25.995  18.624 0.0000000000
94903  54.492  28.977  22.822 0.0000000000
93612  54.001  27.638  22.101 0.0000000000
93616  54.015  27.253  21.229 0.0000000000
93629  54.760  26.368  20.199 0.0000000000
93630  53.722  26.857  20.508 0.0000000000
92859  52.524  26.582  19.364 0.0000000000
91300  51.329  24.768  18.820 0.0000000000
91299  52.220  24.970  17.912 0.0000000000
91323  50.659  24.554  16.947 0.0000000000
91312  52.252  25.092  16.838 0.0000000000
92068  52.538  25.486  17.762 0.0000000000
92900  52.115  26.005  17.763 0.0000000000
92070  49.434  25.916  17.674 0.0000000000
91984  49.322  25.247  29.002 0.0000000000
91262  48.207  24.664  28.254 0.0000000000
91265  47.864  24.821  27.286 0.0000000000
92024  52.732  25.971  22.666 0.0000000000
92795  54.367  26.951  27.314 0.0000000000
92796  53.787  26.893  27.983 0.0000000000
92797  53.336  26.862  28.145 0.0000000000
92899  53.110  25.972  17.989 0.0000000000
93594  55.291  27.556  26.103 0.0000000000
93608  55.451  27.525  23.668 0.0000000000
93610  55.211  27.483  22.690 0.0000000000
93636  47.008  27.373  20.840 0.0000000000
94259  55.525  28.027  22.992 0.0000000000
94261  54.156  28.213  22.545 0.0000000000
95495  55.777  29.699  24.709 0.0000000000
95609  51.672  29.886  8.664 0.0000000000
95611  50.143  29.741  7.936 0.0000000000
96169  56.347  31.723  23.948 0.0000000000
96170  56.389  31.356  24.081 0.0000000000
96186  51.051  31.623  22.115 0.0000000000
96201  48.323  31.972  20.749 0.0000000000
96247  53.199  31.340  14.724 0.0000000000
96272  46.548  31.710  11.263 0.0000000000
96294  49.703  30.148  7.615 0.0000000000
96300  52.697  30.067  7.009 0.0000000000
96306  53.061  30.638  6.948 0.0000000000
96804  55.309  32.980  23.684 0.0000000000
96821  50.236  32.268  21.159 0.0000000000
96981  49.608  31.475  7.227 0.0000000000
96986  53.314  31.341  7.277 0.0000000000
97490  50.529  33.309  23.700 0.0000000000
97532  54.623  33.126  17.203 0.0000000000
97606  48.563  33.264  8.455 0.0000000000
97612  50.577  32.829  6.900 0.0000000000
98137  56.103  34.094  22.100 0.0000000000
98148  56.176  34.069  21.708 0.0000000000
98178  54.587  33.800  17.570 0.0000000000
98242  54.184  33.373  8.974 0.0000000000
98243  50.070  34.865  7.816 0.0000000000
98835  55.079  35.030  19.836 0.0000000000
98899  50.102  35.732  11.015 0.0000000000
98916  54.662  34.834  9.918 0.0000000000
99534  52.790  36.208  18.298 0.0000000000
100216  49.167  38.590  18.911 0.0000000000
100220  50.359  37.954  18.675 0.0000000000
100233  46.370  37.755  16.331 0.0000000000
100258  55.889  38.201  12.109 0.0000000000
100259  50.158  37.874  11.839 0.0000000000
100285  52.636  36.917  10.678 0.0000000000
101009  56.170  39.354  13.411 0.0000000000
101044  56.023  38.462  11.805 0.0000000000
101722  53.085  40.121  13.208 0.0000000000
101724  51.197  40.082  12.904 0.0000000000
101731  56.513  39.632  13.434 0.0000000000
101732  55.031  39.328  13.241 0.0000000000
102338  55.726  40.557  14.235 0.0000000000
102340  53.355  41.171  14.173 0.0000000000
102351  56.755  40.064  14.134 0.0000000000
102356  50.707  40.662  13.277 0.0000000000
102373  56.482  39.642  13.010 0.0000000000
102856  54.875  42.056  15.449 0.0000000000
102868  56.179  40.525  14.124 0.0000000000
102872  50.785  41.800  14.107 0.0000000000
102873  49.914  41.800  14.045 0.0000000000
102886  55.574  41.161  14.010 0.0000000000
103403  55.438  42.706  15.870 0.0000000000
103421  51.318  42.383  14.495 0.0000000000
103468  51.747  42.567  10.767 0.0000000000
103997  51.076  44.042  15.926 0.0000000000
104008  53.213  43.269  15.729 0.0000000000
104077  50.677  43.486  10.292 0.0000000000
104621  53.919  45.474  17.137 0.0000000000
104624  50.189  45.067  16.912 0.0000000000
104645  48.840  44.622  16.340 0.0000000000
104660  53.935  45.597  15.706 0.0000000000
105259  54.225  45.897  17.039 0.0000000000
105268  54.381  45.878  16.659 0.0000000000
105271  54.401  45.854  16.204 0.0000000000
105829  50.111  47.258  16.632 0.0000000000
106344  48.332  47.857  18.302 0.0000000000
106356  52.866  47.700  17.767 0.0000000000
106357  52.662  47.799  17.644 0.0000000000
106371  52.280  47.490  17.045 0.0000000000
120192  49.880  30.773  12.361 0.0000000000
120464  51.905  35.820  6.824 0.0000000000
122820  54.862  27.056  26.624 0.0000000000
123181  52.994  26.547  26.547 0.0000000000
125299  49.704  31.612  21.545 0.0000000000
125457  55.819  29.118  23.801 0.0000000000
126038  48.477  32.343  8.302 0.0000000000
128975  52.234  32.764  24.115 0.0000000000
130500  48.986  40.295  13.412 0.0000000000
131657  55.182  44.537  16.252 0.0000000000
134250  55.575  27.904  23.346 0.0000000000
135155  49.243  48.099  18.307 0.0000000000
135800  51.127  37.800  19.020 0.0000000000
137512  53.730  36.978  8.209 0.0000000000
137556  50.609  46.921  16.278 0.0000000000
137834  54.430  38.918  12.561 0.0000000000
138148  54.322  33.645  8.981 0.0000000000
139155  53.311  32.085  8.259 0.0000000000
139277  48.723  28.520  21.591 0.0000000000
140665  56.146  33.921  22.024 0.0000000000
141502  51.698  30.077  22.769 0.0000000000
142689  56.101  39.428  12.379 0.0000000000
