#!ascii label  , from subject sub-v1s18x0051240_ses-1 vox2ras=TkReg
1325
18502  33.950  -53.597  -18.689 0.3000000119
22129  28.958  -50.161  -21.510 0.6000000238
126765  30.428  -44.400  -18.292 0.6999999881
26855  30.374  -44.462  -17.323 0.6999999881
19430  34.033  -52.898  -18.037 0.4000000060
22887  31.502  -48.616  -15.598 0.4000000060
20332  34.968  -51.589  -18.010 0.5000000000
20331  35.826  -51.314  -18.349 0.5000000000
22961  29.620  -49.601  -21.037 0.6999999881
23830  28.562  -48.602  -21.422 0.6999999881
23837  28.884  -48.502  -21.964 0.5000000000
25824  29.671  -45.712  -20.322 0.6000000238
25809  30.238  -44.762  -19.435 0.6000000238
26869  30.510  -43.961  -18.852 0.6999999881
127567  30.595  -42.600  -18.064 0.6999999881
19415  33.531  -52.558  -17.382 0.5000000000
22063  31.952  -49.197  -15.529 0.4000000060
19414  34.158  -51.917  -17.633 0.6000000238
22912  30.551  -48.509  -16.284 0.4000000060
23797  30.787  -47.662  -17.761 0.5000000000
22095  34.874  -50.063  -17.100 0.6000000238
22928  29.834  -49.092  -17.838 0.6000000238
22939  30.361  -48.496  -18.672 0.6000000238
134615  35.176  -50.729  -17.587 0.6000000238
23819  30.592  -48.325  -19.902 0.6000000238
23829  29.040  -47.755  -21.783 0.6000000238
127493  29.601  -46.075  -21.369 0.6000000238
27927  30.144  -43.451  -20.722 0.6999999881
128575  30.010  -44.184  -20.649 0.6999999881
28963  30.472  -42.917  -19.995 0.6999999881
28947  30.485  -42.101  -19.293 0.6999999881
30056  30.611  -41.225  -17.600 0.6999999881
122532  30.407  -41.729  -20.300 0.6999999881
30082  30.469  -41.158  -19.770 0.6999999881
31158  30.500  -40.377  -19.240 0.6999999881
31167  30.384  -40.150  -20.998 0.6999999881
20311  33.418  -51.785  -16.958 0.5000000000
139174  33.157  -50.393  -16.273 0.5000000000
21212  32.598  -49.864  -15.792 0.5000000000
22911  31.210  -48.151  -15.860 0.4000000060
21222  34.412  -50.536  -17.142 0.5000000000
23796  31.304  -47.139  -17.028 0.5000000000
23807  30.934  -47.688  -18.997 0.6000000238
22926  36.739  -48.981  -16.797 0.6000000238
22079  35.849  -49.195  -16.756 0.5000000000
23778  36.291  -47.421  -15.998 0.5000000000
23828  30.629  -48.276  -21.072 0.6999999881
22969  29.822  -48.089  -22.424 0.6000000238
22966  29.779  -48.710  -22.199 0.6999999881
141085  30.266  -44.913  -21.420 0.6000000238
25848  29.866  -46.437  -22.057 0.6000000238
26908  30.252  -44.144  -21.372 0.6000000238
26898  29.872  -44.515  -21.059 0.6000000238
30113  30.853  -42.181  -22.281 0.6000000238
28983  30.216  -41.979  -20.996 0.6999999881
32206  30.557  -39.561  -18.765 0.6999999881
134518  30.832  -41.405  -22.261 0.6000000238
134724  30.467  -40.472  -20.182 0.6999999881
33254  30.485  -38.655  -20.282 0.6999999881
31174  30.573  -40.720  -21.803 0.6999999881
23762  31.954  -47.880  -15.653 0.4000000060
21211  33.762  -50.447  -16.687 0.5000000000
22062  32.851  -49.085  -15.646 0.4000000060
24715  32.742  -46.547  -16.321 0.5000000000
23806  31.325  -47.104  -18.171 0.6000000238
22910  33.724  -49.067  -15.863 0.4000000060
24766  31.531  -47.109  -19.283 0.6000000238
22908  35.289  -48.583  -16.174 0.4000000060
23759  34.596  -47.831  -15.657 0.4000000060
128117  35.528  -47.665  -15.829 0.4000000060
24712  35.467  -46.379  -16.014 0.4000000060
24778  31.730  -47.052  -20.562 0.6999999881
141880  30.701  -47.463  -21.897 0.6000000238
23838  30.354  -46.945  -22.245 0.6000000238
126052  30.899  -43.950  -22.014 0.6000000238
25847  30.771  -45.636  -21.838 0.6000000238
28992  31.217  -42.738  -22.371 0.6000000238
33245  30.555  -38.792  -19.286 0.6999999881
33260  30.516  -38.401  -21.120 0.6999999881
137391  30.959  -39.648  -22.186 0.6000000238
33266  30.742  -38.978  -21.808 0.6000000238
23760  33.644  -47.621  -15.548 0.4000000060
24698  33.315  -46.939  -15.725 0.4000000060
24748  32.156  -46.630  -19.429 0.6999999881
24713  34.665  -46.377  -15.951 0.4000000060
24765  32.587  -46.552  -20.406 0.8000000119
24711  36.298  -46.519  -16.105 0.5000000000
131045  31.343  -47.036  -21.504 0.6999999881
24786  31.709  -46.370  -21.545 0.6000000238
27936  31.650  -43.916  -22.093 0.5000000000
25844  31.547  -45.666  -21.746 0.6000000238
120364  30.597  -38.055  -18.863 0.6999999881
30110  32.808  -41.246  -22.342 0.6000000238
30112  31.443  -41.632  -22.503 0.6000000238
34265  30.492  -37.763  -20.418 0.8000000119
34257  30.543  -37.510  -19.487 0.8000000119
125863  32.740  -40.566  -22.542 0.6000000238
32240  31.476  -40.061  -22.464 0.6000000238
25795  33.608  -45.750  -17.071 0.5000000000
24734  32.365  -46.283  -17.367 0.6000000238
25772  34.181  -45.924  -16.441 0.5000000000
26852  37.491  -44.522  -17.700 0.6999999881
25793  35.993  -45.071  -17.114 0.4000000060
130696  32.256  -46.520  -21.182 0.6999999881
24785  33.045  -46.044  -21.497 0.6999999881
27934  32.434  -44.103  -21.738 0.6000000238
25843  32.595  -45.745  -21.615 0.6000000238
28989  32.604  -43.133  -21.724 0.6000000238
35303  30.552  -36.809  -19.132 0.6000000238
30111  32.169  -41.922  -22.498 0.6000000238
34268  31.121  -37.647  -21.652 0.6999999881
35324  30.869  -36.894  -21.368 0.6999999881
32238  33.374  -39.879  -22.621 0.6999999881
33264  32.583  -39.241  -22.639 0.6999999881
139353  31.665  -37.783  -22.002 0.6999999881
129530  35.200  -45.247  -17.770 0.5000000000
25808  33.760  -45.608  -18.072 0.6000000238
133577  32.545  -46.198  -18.527 0.6000000238
26867  37.405  -44.627  -19.143 0.6999999881
26853  36.701  -44.664  -17.962 0.6000000238
141326  32.769  -46.331  -19.489 0.6999999881
26866  38.109  -44.255  -18.356 0.6999999881
26851  38.250  -44.483  -17.429 0.6999999881
24776  34.243  -46.205  -21.380 0.6999999881
24784  34.146  -46.152  -21.929 0.6999999881
26906  33.398  -44.793  -21.532 0.5000000000
126806  34.188  -45.806  -22.064 0.6000000238
36332  30.497  -35.289  -19.094 0.5000000000
30098  33.244  -41.944  -20.451 0.6000000238
27933  33.041  -43.843  -21.335 0.6000000238
36343  30.549  -35.359  -20.946 0.6000000238
37315  30.497  -34.550  -20.612 0.5000000000
31173  33.345  -40.851  -22.036 0.6000000238
122249  32.881  -42.463  -21.292 0.6000000238
35330  32.803  -36.338  -22.120 0.6000000238
37319  32.124  -34.915  -21.808 0.5000000000
37325  32.691  -34.479  -22.140 0.5000000000
32235  34.216  -39.685  -22.239 0.6999999881
32237  34.042  -39.694  -22.520 0.6999999881
34272  34.620  -38.772  -22.995 0.6999999881
34273  33.634  -38.011  -22.708 0.6999999881
126565  34.439  -36.530  -22.829 0.5000000000
124627  34.921  -39.163  -22.770 0.6999999881
128380  35.191  -37.240  -23.309 0.6000000238
25823  33.964  -45.737  -19.280 0.6000000238
26868  36.654  -44.898  -19.126 0.6999999881
25806  35.402  -45.351  -19.163 0.6000000238
142491  38.624  -44.478  -20.647 0.6999999881
24775  35.127  -46.299  -21.471 0.6999999881
26905  35.135  -45.992  -22.506 0.6999999881
24774  35.439  -46.426  -22.098 0.6999999881
27925  34.765  -44.296  -20.832 0.6000000238
37311  30.455  -34.488  -19.643 0.4000000060
27905  34.215  -43.321  -20.157 0.5000000000
38311  32.586  -33.559  -22.197 0.4000000060
32229  33.568  -39.830  -20.428 0.6000000238
122266  33.174  -41.098  -20.999 0.6000000238
36348  33.652  -35.797  -22.429 0.5000000000
134820  33.413  -34.901  -22.385 0.5000000000
36353  35.282  -35.318  -23.357 0.4000000060
33258  34.844  -39.175  -22.035 0.6000000238
33261  36.191  -38.291  -23.178 0.6999999881
33271  36.397  -37.793  -23.482 0.6000000238
34279  37.338  -37.207  -23.909 0.5000000000
26879  37.682  -45.049  -20.754 0.6000000238
26880  36.971  -45.362  -20.426 0.6999999881
25821  35.730  -45.851  -20.700 0.6999999881
26891  39.647  -43.943  -21.652 0.6999999881
26901  39.287  -44.002  -21.550 0.6999999881
25833  36.261  -46.016  -21.878 0.6000000238
131259  36.020  -45.467  -21.843 0.6000000238
28961  34.676  -42.777  -19.412 0.6000000238
27904  35.183  -43.564  -20.126 0.5000000000
28962  33.832  -42.425  -19.768 0.6000000238
31157  33.497  -40.293  -19.497 0.6000000238
138494  33.696  -41.592  -19.475 0.6000000238
37330  34.783  -34.484  -23.130 0.4000000060
37323  34.044  -34.584  -22.668 0.5000000000
38309  34.210  -33.540  -22.898 0.4000000060
33253  34.371  -38.700  -20.917 0.6000000238
123535  35.922  -33.913  -23.736 0.4000000060
34267  35.826  -38.054  -22.054 0.6000000238
34270  37.070  -37.384  -23.141 0.5000000000
26903  38.792  -44.198  -21.322 0.6999999881
25819  36.823  -45.501  -21.321 0.6000000238
28979  39.854  -42.855  -21.439 0.6999999881
27922  38.088  -44.337  -21.225 0.6000000238
27923  36.916  -44.895  -21.424 0.6000000238
30106  41.182  -42.503  -22.190 0.6999999881
27903  36.208  -43.783  -20.422 0.5000000000
30068  34.660  -41.623  -18.338 0.6000000238
28945  35.975  -42.400  -18.727 0.6000000238
30069  33.942  -41.308  -18.703 0.6000000238
31144  33.692  -40.601  -18.579 0.5000000000
135540  33.870  -39.165  -20.389 0.6000000238
33252  35.159  -38.460  -21.612 0.6000000238
34266  36.470  -37.587  -22.487 0.5000000000
30079  39.577  -41.751  -20.186 0.6999999881
28957  38.624  -42.711  -20.470 0.6999999881
28944  36.842  -42.365  -18.929 0.6000000238
30066  36.384  -41.788  -18.231 0.5000000000
31134  34.647  -40.584  -17.372 0.6000000238
30053  35.909  -41.318  -17.614 0.6000000238
138641  33.649  -39.173  -18.249 0.6000000238
34255  34.230  -37.656  -19.855 0.6000000238
35318  35.978  -37.193  -21.565 0.5000000000
140275  39.129  -47.120  -16.655 0.5000000000
25766  38.791  -45.662  -16.684 0.5000000000
25788  41.140  -45.003  -17.444 0.5000000000
25789  40.279  -45.280  -17.196 0.5000000000
128590  38.982  -44.484  -17.320 0.6999999881
27884  42.155  -42.711  -19.118 0.6999999881
26850  39.742  -44.402  -17.421 0.5000000000
26848  41.528  -44.226  -17.747 0.5000000000
27887  39.439  -43.637  -18.733 0.6999999881
27885  41.188  -42.834  -19.279 0.6999999881
27900  39.546  -43.664  -19.979 0.6999999881
19442  35.115  -52.710  -19.250 0.3000000119
27876  30.533  -43.609  -17.839 0.6999999881
24779  29.272  -46.817  -20.925 0.6000000238
130621  30.590  -41.817  -18.163 0.6999999881
134064  30.628  -39.534  -17.845 0.6999999881
25769  36.590  -45.620  -16.481 0.6000000238
28990  31.923  -42.912  -22.283 0.6000000238
34274  32.442  -38.180  -22.398 0.6999999881
35325  30.675  -36.139  -21.128 0.6000000238
118199  32.877  -37.261  -22.332 0.6999999881
36341  31.888  -35.745  -21.678 0.6000000238
37321  30.733  -34.679  -21.179 0.5000000000
38306  30.664  -33.794  -21.027 0.5000000000
36351  36.602  -36.433  -23.945 0.5000000000
27924  35.845  -44.596  -21.103 0.5000000000
28980  38.814  -43.588  -21.217 0.6999999881
28959  36.463  -43.008  -19.569 0.5000000000
130370  33.671  -38.770  -18.831 0.6000000238
124684  34.667  -37.897  -20.696 0.6000000238
28958  37.234  -42.933  -19.857 0.6000000238
31135  33.918  -40.273  -17.797 0.6000000238
28943  37.825  -42.281  -19.453 0.5000000000
28953  44.238  -42.478  -20.153 0.6000000238
30061  45.316  -41.437  -19.037 0.6000000238
30050  43.585  -41.520  -17.800 0.4000000060
30091  46.418  -41.318  -21.014 0.5000000000
28954  43.130  -42.471  -19.788 0.6000000238
21238  28.652  -50.949  -18.927 0.5000000000
28935  43.022  -41.986  -17.213 0.4000000060
142309  29.573  -49.858  -20.046 0.5000000000
21255  27.917  -50.302  -20.832 0.5000000000
30076  46.700  -41.684  -20.446 0.5000000000
30042  42.270  -41.502  -16.800 0.4000000060
22121  29.088  -50.429  -20.626 0.5000000000
22954  27.829  -49.382  -20.084 0.5000000000
30077  46.177  -41.026  -20.043 0.6000000238
22962  28.057  -49.429  -21.040 0.5000000000
30092  45.726  -40.995  -21.582 0.5000000000
28955  41.984  -42.482  -20.249 0.6000000238
120672  40.081  -41.835  -15.421 0.4000000060
28917  39.690  -42.540  -15.255 0.4000000060
31140  45.002  -40.512  -19.360 0.4000000060
23782  27.384  -47.593  -17.007 0.5000000000
31152  46.463  -40.663  -20.906 0.5000000000
23808  28.107  -48.524  -19.282 0.5000000000
24737  28.716  -46.795  -17.195 0.5000000000
28976  43.854  -41.795  -20.763 0.6000000238
28977  42.490  -42.260  -21.656 0.6000000238
27898  41.020  -43.189  -21.408 0.6000000238
24767  29.411  -46.486  -19.578 0.5000000000
25773  29.364  -45.758  -16.606 0.5000000000
25774  28.599  -45.943  -16.078 0.4000000060
31169  45.142  -40.219  -21.853 0.5000000000
134878  46.200  -40.433  -21.397 0.5000000000
125484  43.430  -41.169  -22.102 0.6000000238
30104  42.626  -41.736  -22.193 0.6000000238
28978  41.524  -42.910  -22.038 0.6000000238
30105  41.818  -42.265  -22.335 0.6000000238
27918  40.913  -43.341  -22.050 0.6000000238
30051  42.830  -41.111  -17.440 0.4000000060
30032  40.717  -41.442  -15.791 0.4000000060
26837  30.111  -44.528  -16.362 0.5000000000
25754  29.089  -45.275  -15.756 0.5000000000
26830  27.937  -44.741  -15.294 0.4000000060
25797  29.728  -45.770  -17.763 0.6000000238
25755  28.321  -45.364  -15.595 0.4000000060
32214  46.103  -39.586  -21.131 0.6000000238
32233  44.719  -39.633  -21.711 0.6000000238
32234  43.814  -40.066  -21.740 0.6000000238
32227  42.541  -40.241  -21.248 0.6000000238
30021  39.217  -41.152  -14.928 0.4000000060
27864  30.031  -43.886  -15.769 0.5000000000
133175  28.166  -44.001  -14.935 0.4000000060
27857  26.820  -43.916  -15.528 0.4000000060
32201  44.118  -38.810  -19.089 0.6000000238
31128  43.377  -40.609  -18.033 0.4000000060
33239  45.145  -37.960  -20.422 0.6000000238
127579  44.887  -39.448  -19.642 0.6000000238
32232  45.494  -39.509  -21.571 0.5000000000
32225  44.186  -38.801  -21.285 0.6000000238
33250  44.476  -37.691  -20.619 0.5000000000
31154  41.725  -40.526  -20.765 0.6000000238
28904  38.361  -42.264  -14.488 0.4000000060
31119  41.758  -40.706  -16.708 0.4000000060
27855  30.363  -42.993  -15.898 0.6000000238
28907  28.981  -42.438  -14.499 0.5000000000
28920  27.005  -42.579  -15.243 0.5000000000
28928  25.826  -42.769  -16.183 0.5000000000
32191  42.552  -39.226  -17.618 0.4000000060
32177  42.015  -39.924  -17.126 0.4000000060
33225  43.995  -37.828  -19.038 0.5000000000
34260  44.794  -37.302  -20.149 0.5000000000
34262  43.781  -36.722  -20.325 0.5000000000
32216  42.405  -39.355  -20.376 0.6000000238
32217  41.462  -39.585  -19.648 0.6000000238
30078  40.170  -41.452  -20.331 0.6000000238
32153  39.178  -39.575  -14.914 0.4000000060
30033  39.888  -41.019  -15.384 0.4000000060
31099  38.728  -40.448  -14.628 0.4000000060
31100  38.147  -40.925  -14.303 0.4000000060
31136  30.632  -40.651  -17.063 0.6000000238
32166  39.824  -39.080  -15.382 0.4000000060
31110  40.475  -40.446  -15.800 0.4000000060
30025  29.509  -41.710  -14.600 0.6000000238
30027  27.747  -41.636  -14.581 0.5000000000
28927  26.360  -42.122  -15.719 0.4000000060
32192  42.032  -38.722  -17.263 0.4000000060
33224  44.742  -37.652  -19.753 0.5000000000
33240  42.744  -38.119  -20.229 0.5000000000
33241  41.812  -38.485  -19.471 0.6000000238
125427  41.025  -40.326  -19.830 0.6000000238
31156  39.596  -41.163  -19.461 0.6000000238
32154  38.516  -39.638  -14.488 0.4000000060
32198  30.652  -39.916  -17.086 0.6000000238
30034  30.407  -41.158  -15.549 0.6000000238
131074  28.685  -40.662  -14.252 0.5000000000
31125  25.666  -40.602  -16.304 0.5000000000
33199  40.908  -38.207  -16.261 0.4000000060
33212  42.689  -38.185  -17.779 0.4000000060
33226  43.459  -37.476  -18.552 0.5000000000
35317  43.464  -36.033  -19.777 0.5000000000
33242  41.061  -38.995  -18.842 0.5000000000
32143  37.951  -40.140  -14.153 0.4000000060
32185  30.611  -39.451  -16.313 0.6000000238
32156  29.764  -39.555  -14.552 0.5000000000
32158  27.956  -39.112  -14.414 0.5000000000
35297  43.814  -36.162  -19.328 0.5000000000
35311  43.040  -36.170  -20.001 0.4000000060
33227  41.179  -38.181  -18.755 0.4000000060
32202  40.073  -39.942  -18.624 0.4000000060
32203  39.290  -40.082  -18.137 0.6000000238
30065  37.265  -41.671  -18.426 0.4000000060
33163  37.392  -38.659  -13.675 0.4000000060
33169  39.280  -38.594  -14.920 0.4000000060
33217  30.692  -38.421  -17.257 0.6000000238
33183  39.861  -38.090  -15.378 0.4000000060
34232  30.646  -37.747  -17.883 0.5000000000
33187  30.504  -38.902  -15.610 0.5000000000
32157  28.971  -39.234  -14.270 0.5000000000
32168  26.996  -39.187  -14.806 0.4000000060
34185  30.405  -38.224  -14.979 0.4000000060
37295  43.249  -34.756  -19.171 0.5000000000
36330  42.537  -34.846  -19.422 0.5000000000
130321  41.758  -35.362  -19.179 0.6000000238
33228  40.424  -38.428  -18.275 0.4000000060
32193  39.182  -39.230  -17.617 0.4000000060
31130  37.863  -40.334  -17.456 0.4000000060
34229  40.022  -37.555  -17.746 0.5000000000
35276  30.614  -36.982  -17.281 0.5000000000
134073  30.598  -36.996  -16.425 0.6000000238
121981  30.576  -36.324  -16.737 0.4000000060
32194  37.994  -39.602  -17.086 0.5000000000
30052  36.763  -41.244  -17.714 0.5000000000
35286  39.795  -35.948  -17.529 0.5000000000
34242  40.871  -37.249  -18.447 0.5000000000
34230  39.353  -37.791  -17.334 0.5000000000
120918  38.585  -39.167  -17.251 0.5000000000
128142  39.312  -37.871  -14.885 0.4000000060
125172  33.693  -38.007  -18.436 0.5000000000
31122  35.869  -40.274  -16.671 0.4000000060
31121  36.684  -40.216  -16.775 0.5000000000
34217  38.710  -37.636  -16.814 0.5000000000
34216  39.420  -36.829  -17.264 0.5000000000
37301  30.572  -34.423  -18.484 0.4000000060
33216  33.658  -38.033  -17.410 0.4000000060
33204  34.436  -38.718  -16.240 0.4000000060
32196  34.276  -39.872  -17.121 0.5000000000
32183  34.702  -39.433  -16.522 0.5000000000
119564  36.648  -39.074  -16.161 0.5000000000
32181  36.293  -39.660  -16.384 0.5000000000
33200  38.157  -38.700  -16.748 0.5000000000
137401  37.330  -37.982  -15.984 0.5000000000
33185  35.587  -38.401  -15.615 0.4000000060
25810  29.827  -45.705  -18.941 0.5000000000
27863  30.401  -43.759  -16.619 0.6000000238
24768  28.661  -47.792  -19.656 0.6000000238
28926  30.540  -42.256  -16.425 0.6000000238
22940  29.725  -49.484  -19.044 0.5000000000
35287  30.525  -36.102  -18.630 0.5000000000
30063  38.862  -41.774  -19.602 0.6000000238
31142  38.428  -40.637  -18.019 0.4000000060
24751  28.872  -46.958  -18.040 0.5000000000
133831  29.069  -47.109  -19.037 0.5000000000
24736  29.220  -46.385  -17.437 0.5000000000
26829  28.751  -44.560  -15.227 0.4000000060
123546  27.523  -44.171  -15.234 0.4000000060
122134  45.065  -38.387  -19.927 0.6000000238
135327  29.770  -43.326  -15.310 0.6000000238
27856  27.437  -43.361  -15.059 0.4000000060
32179  41.009  -39.156  -16.328 0.4000000060
30044  30.595  -41.384  -16.508 0.6000000238
30035  30.116  -41.699  -15.094 0.6000000238
28908  28.279  -42.247  -14.518 0.5000000000
30046  25.634  -41.939  -16.395 0.5000000000
27866  25.313  -43.382  -16.581 0.5000000000
30045  25.998  -41.319  -16.021 0.5000000000
32155  30.208  -39.815  -14.895 0.5000000000
132525  27.063  -40.884  -14.918 0.5000000000
31103  28.359  -39.986  -14.281 0.5000000000
34241  41.647  -37.446  -19.171 0.5000000000
130248  26.610  -39.937  -15.086 0.5000000000
35298  43.540  -35.462  -18.893 0.5000000000
34221  30.640  -37.780  -16.674 0.6000000238
32204  38.579  -39.875  -17.556 0.3000000119
33203  35.163  -38.943  -16.042 0.4000000060
9895  29.171  -63.157  -15.949 0.3000000119
11722  28.938  -61.678  -17.862 0.3000000119
140410  29.239  -62.449  -16.574 0.3000000119
10831  30.662  -62.064  -20.010 0.3000000119
11742  29.472  -61.672  -18.473 0.3000000119
10816  30.898  -62.219  -19.012 0.3000000119
10869  31.131  -62.855  -21.780 0.3000000119
138276  31.124  -62.465  -20.727 0.3000000119
9150  33.802  -64.447  -19.508 0.3000000119
9958  32.242  -63.390  -20.136 0.3000000119
10846  31.860  -62.974  -20.988 0.3000000119
9972  32.129  -63.364  -22.051 0.3000000119
139081  32.792  -63.765  -20.256 0.3000000119
10845  34.818  -63.053  -20.456 0.3000000119
9956  33.769  -63.834  -21.105 0.3000000119
9970  33.731  -63.431  -21.651 0.4000000060
9991  33.282  -63.277  -22.158 0.4000000060
11801  33.350  -62.380  -22.250 0.4000000060
123655  32.752  -61.489  -22.478 0.3000000119
13366  33.817  -59.312  -18.618 0.3000000119
12584  34.099  -60.798  -19.717 0.4000000060
11778  33.952  -61.261  -20.614 0.4000000060
11791  33.701  -61.776  -21.427 0.4000000060
12574  34.477  -60.392  -18.659 0.3000000119
139197  33.094  -60.324  -21.574 0.4000000060
134734  35.471  -57.366  -17.005 0.4000000060
13352  34.287  -58.717  -18.051 0.4000000060
12598  32.785  -60.428  -22.106 0.4000000060
14237  33.044  -58.564  -22.117 0.3000000119
12585  33.538  -59.826  -19.370 0.3000000119
13386  33.243  -59.493  -20.034 0.4000000060
127331  35.289  -56.963  -17.810 0.4000000060
14216  33.303  -58.832  -20.476 0.5000000000
13390  33.219  -59.695  -20.998 0.4000000060
21221  36.067  -50.500  -17.772 0.5000000000
138874  36.190  -55.985  -17.503 0.4000000060
14230  33.273  -58.703  -21.449 0.4000000060
18511  34.855  -53.338  -19.902 0.3000000119
20344  36.842  -52.023  -19.634 0.4000000060
16739  34.948  -55.004  -22.349 0.3000000119
22083  29.609  -49.755  -17.115 0.4000000060
21224  28.843  -51.076  -17.563 0.4000000060
24709  38.090  -46.272  -16.462 0.4000000060
23775  38.997  -46.533  -16.624 0.4000000060
121909  37.073  -47.980  -16.331 0.4000000060
15017  34.897  -57.299  -18.441 0.4000000060
14201  33.812  -58.308  -19.325 0.3000000119
15040  34.356  -57.619  -19.824 0.5000000000
22906  38.032  -47.939  -16.546 0.4000000060
22925  37.678  -48.754  -16.888 0.4000000060
15838  35.838  -56.239  -18.164 0.4000000060
20330  36.549  -51.571  -18.895 0.4000000060
14229  33.719  -58.014  -21.076 0.4000000060
21236  37.506  -50.688  -18.359 0.5000000000
15066  34.164  -57.258  -21.497 0.5000000000
134919  37.562  -52.008  -19.972 0.4000000060
19455  35.498  -52.900  -20.168 0.4000000060
15875  34.811  -55.833  -22.128 0.3000000119
19454  35.876  -52.872  -21.102 0.4000000060
21239  28.021  -51.130  -19.287 0.4000000060
124910  37.421  -45.514  -16.555 0.4000000060
15847  35.525  -56.661  -18.875 0.4000000060
15039  34.990  -57.115  -19.423 0.4000000060
23795  39.174  -47.710  -16.801 0.4000000060
22092  37.301  -49.639  -17.428 0.5000000000
15852  35.875  -56.494  -19.974 0.4000000060
22090  39.162  -49.215  -17.610 0.5000000000
16705  37.404  -55.199  -19.723 0.4000000060
16715  37.978  -55.370  -20.446 0.4000000060
15861  36.986  -56.096  -20.545 0.4000000060
15862  36.046  -56.459  -20.873 0.5000000000
118053  36.271  -56.168  -21.287 0.5000000000
22923  39.560  -48.412  -17.300 0.4000000060
22107  38.763  -49.971  -18.058 0.5000000000
18499  38.548  -53.794  -19.519 0.4000000060
16734  36.761  -55.605  -21.476 0.5000000000
135859  38.094  -51.182  -19.061 0.4000000060
16738  35.820  -54.814  -22.043 0.4000000060
19464  37.135  -53.010  -21.752 0.4000000060
19465  36.297  -53.030  -21.648 0.4000000060
20353  38.034  -52.208  -20.671 0.4000000060
24731  40.321  -46.379  -17.164 0.4000000060
25787  42.102  -45.324  -17.706 0.3000000119
16714  38.770  -55.129  -20.684 0.4000000060
16726  38.963  -55.130  -20.905 0.4000000060
22922  40.446  -48.179  -17.553 0.4000000060
26839  25.479  -44.314  -16.402 0.4000000060
19439  40.621  -53.892  -19.797 0.4000000060
17624  39.286  -54.499  -20.348 0.4000000060
16733  38.664  -55.289  -21.070 0.5000000000
128678  38.202  -54.297  -21.561 0.5000000000
22938  40.938  -48.859  -18.278 0.5000000000
21235  39.259  -50.580  -18.799 0.4000000060
18497  41.718  -54.028  -19.605 0.4000000060
18527  37.241  -53.823  -21.875 0.4000000060
21248  38.870  -51.187  -19.389 0.4000000060
19452  37.649  -52.632  -21.261 0.4000000060
20342  39.325  -51.631  -20.306 0.4000000060
26864  42.529  -44.298  -18.153 0.4000000060
129187  40.880  -46.826  -17.393 0.3000000119
17623  40.025  -54.315  -20.577 0.4000000060
17634  39.854  -54.503  -20.798 0.4000000060
23791  42.364  -47.054  -18.182 0.3000000119
142381  40.875  -54.036  -20.357 0.4000000060
18518  40.695  -53.777  -20.718 0.4000000060
18525  39.466  -53.880  -21.360 0.4000000060
19462  38.987  -52.956  -21.497 0.5000000000
135840  42.783  -54.022  -19.079 0.4000000060
19437  42.520  -53.715  -19.492 0.4000000060
20350  40.598  -52.113  -20.664 0.4000000060
20341  40.159  -51.485  -20.377 0.4000000060
21234  40.108  -50.511  -19.086 0.4000000060
26865  41.853  -43.328  -18.386 0.4000000060
19449  40.308  -52.743  -20.992 0.4000000060
11820  28.006  -62.147  -24.513 0.3000000119
9940  35.024  -63.979  -19.945 0.3000000119
11740  35.492  -61.355  -18.444 0.3000000119
13351  35.316  -58.929  -17.065 0.4000000060
17605  36.936  -54.280  -18.060 0.4000000060
17613  37.250  -54.758  -19.050 0.4000000060
18490  38.079  -53.143  -18.594 0.4000000060
19426  39.702  -52.908  -19.163 0.4000000060
24729  42.036  -46.322  -17.743 0.3000000119
18489  42.611  -54.043  -19.027 0.4000000060
124321  43.478  -44.403  -18.607 0.4000000060
24746  42.824  -46.230  -18.259 0.4000000060
23805  42.490  -47.860  -18.901 0.4000000060
20327  43.459  -52.826  -18.526 0.4000000060
20338  42.088  -52.657  -19.959 0.4000000060
132540  41.492  -51.528  -20.033 0.4000000060
20340  40.854  -51.475  -20.311 0.4000000060
22951  42.177  -49.087  -19.283 0.3000000119
22937  41.804  -48.514  -18.694 0.4000000060
21232  42.876  -51.551  -18.899 0.4000000060
21237  36.675  -50.960  -18.375 0.4000000060
27897  44.211  -43.174  -19.619 0.4000000060
11723  28.226  -61.633  -17.779 0.3000000119
10817  30.361  -61.997  -18.196 0.3000000119
10832  29.852  -61.789  -20.192 0.3000000119
10924  27.532  -63.146  -24.590 0.3000000119
10923  28.583  -63.000  -24.441 0.3000000119
10830  31.491  -62.640  -19.849 0.3000000119
9156  34.394  -63.997  -20.594 0.3000000119
118090  32.581  -63.524  -21.033 0.4000000060
9992  32.670  -63.233  -22.422 0.4000000060
10867  34.226  -63.193  -21.326 0.3000000119
11761  34.817  -61.437  -19.282 0.3000000119
127593  33.899  -62.675  -21.682 0.4000000060
12594  33.453  -60.752  -21.132 0.4000000060
130803  35.745  -60.722  -17.719 0.3000000119
120601  36.460  -56.136  -16.455 0.4000000060
15055  34.352  -57.467  -20.721 0.4000000060
15870  35.406  -56.284  -21.467 0.5000000000
17648  35.822  -54.082  -22.233 0.3000000119
15065  34.927  -56.790  -21.102 0.5000000000
19427  38.891  -53.073  -19.115 0.4000000060
19463  38.103  -52.897  -21.620 0.4000000060
125208  40.498  -50.999  -19.867 0.4000000060
28940  47.466  -43.350  -19.951 0.4000000060
27916  47.308  -43.427  -20.283 0.4000000060
27871  45.329  -43.478  -18.030 0.4000000060
30049  44.492  -41.905  -18.226 0.3000000119
30060  46.550  -41.938  -19.723 0.5000000000
27917  46.606  -42.769  -20.481 0.4000000060
128158  45.191  -42.102  -20.636 0.4000000060
20229  45.567  -52.148  -12.685 0.3000000119
21152  45.157  -51.525  -13.600 0.3000000119
23757  40.587  -46.967  -14.806 0.3000000119
26826  40.739  -44.508  -15.426 0.3000000119
27853  40.384  -43.396  -15.444 0.3000000119
30031  41.266  -42.248  -15.974 0.3000000119
22022  42.624  -49.684  -13.720 0.3000000119
22041  42.064  -49.237  -14.181 0.3000000119
23745  40.228  -47.642  -14.211 0.3000000119
19311  45.445  -52.394  -12.274 0.3000000119
21136  45.357  -51.559  -12.517 0.3000000119
26827  39.808  -44.194  -15.241 0.3000000119
27854  39.462  -43.483  -15.129 0.3000000119
22023  42.051  -49.282  -13.428 0.3000000119
23738  39.515  -47.228  -13.802 0.3000000119
25744  39.244  -45.647  -14.577 0.3000000119
21992  43.224  -49.101  -11.955 0.3000000119
22848  41.825  -48.905  -12.733 0.3000000119
24676  38.559  -46.309  -13.057 0.3000000119
22840  41.425  -48.084  -12.225 0.3000000119
24675  40.097  -47.105  -12.347 0.3000000119
22005  44.760  -50.457  -11.994 0.3000000119
25745  38.494  -45.351  -14.274 0.3000000119
27835  37.358  -43.406  -13.757 0.3000000119
30010  37.186  -41.815  -13.681 0.3000000119
22839  42.691  -48.192  -11.748 0.3000000119
25737  38.182  -45.837  -13.597 0.3000000119
26806  36.735  -43.506  -13.144 0.3000000119
23724  41.078  -47.254  -11.858 0.3000000119
25721  38.456  -45.496  -11.866 0.3000000119
26796  37.112  -44.568  -12.589 0.3000000119
26786  37.336  -44.417  -11.811 0.3000000119
31087  36.726  -41.029  -13.304 0.3000000119
28895  36.903  -42.701  -13.457 0.3000000119
124181  36.098  -41.453  -12.629 0.3000000119
134174  36.666  -39.104  -13.181 0.3000000119
125217  38.101  -38.291  -14.129 0.3000000119
33164  36.751  -38.156  -13.098 0.3000000119
34173  37.507  -37.694  -13.568 0.3000000119
34172  38.287  -37.272  -14.065 0.3000000119
28934  43.335  -42.819  -16.907 0.3000000119
138059  45.759  -42.941  -18.537 0.4000000060
28915  41.114  -42.958  -15.704 0.3000000119
27843  38.095  -43.167  -14.364 0.3000000119
27882  46.632  -43.610  -18.997 0.5000000000
21137  44.397  -50.758  -12.936 0.3000000119
24681  39.285  -46.508  -14.285 0.3000000119
141140  40.594  -45.422  -15.290 0.3000000119
27852  41.362  -43.727  -15.675 0.3000000119
28925  41.848  -42.994  -16.196 0.3000000119
23737  40.214  -47.858  -13.607 0.3000000119
22006  43.649  -50.017  -12.391 0.3000000119
27842  38.714  -43.838  -14.677 0.3000000119
23731  39.805  -47.451  -13.163 0.3000000119
25720  39.400  -45.664  -11.511 0.3000000119
26785  38.162  -44.741  -11.477 0.3000000119
126883  37.214  -44.305  -13.367 0.3000000119
23723  42.283  -47.121  -11.473 0.3000000119
26797  36.710  -43.951  -12.169 0.3000000119
22936  42.488  -48.484  -19.201 0.3000000119
22950  42.784  -48.798  -19.336 0.4000000060
22921  45.086  -48.658  -17.733 0.4000000060
23804  45.174  -47.493  -18.800 0.4000000060
24762  43.294  -47.188  -19.022 0.3000000119
24727  46.153  -46.688  -17.865 0.4000000060
24706  45.607  -47.296  -17.277 0.3000000119
24761  44.312  -46.802  -19.259 0.4000000060
24743  46.228  -46.533  -18.779 0.4000000060
24728  45.446  -46.449  -17.304 0.3000000119
25818  45.953  -45.841  -19.727 0.3000000119
24759  46.274  -46.173  -19.368 0.4000000060
25785  46.218  -45.889  -18.001 0.4000000060
26874  47.294  -44.579  -20.157 0.3000000119
25801  47.167  -44.938  -19.683 0.4000000060
27870  45.951  -44.255  -18.238 0.4000000060
25802  45.583  -45.584  -19.700 0.3000000119
27895  46.926  -43.971  -20.380 0.3000000119
26863  44.365  -44.135  -19.224 0.3000000119
25803  44.437  -45.276  -19.145 0.3000000119
26846  46.543  -45.068  -18.575 0.4000000060
23815  44.684  -47.125  -19.241 0.4000000060
12558  36.073  -59.992  -17.149 0.3000000119
121604  42.477  -50.412  -19.294 0.3000000119
12542  35.540  -61.052  -16.484 0.3000000119
12541  36.249  -60.893  -16.799 0.3000000119
13350  36.226  -59.770  -16.506 0.3000000119
14173  35.701  -58.117  -16.583 0.3000000119
22949  43.450  -48.343  -19.333 0.3000000119
21245  42.172  -51.525  -19.602 0.3000000119
121373  35.422  -58.303  -14.732 0.3000000119
131415  36.721  -57.841  -15.104 0.3000000119
14133  36.408  -58.151  -14.896 0.3000000119
137122  36.502  -56.900  -16.040 0.3000000119
17606  36.604  -54.722  -17.227 0.3000000119
22103  43.821  -49.493  -18.497 0.3000000119
14134  34.241  -58.312  -14.601 0.3000000119
14940  35.829  -57.657  -14.584 0.3000000119
14959  36.918  -57.217  -14.998 0.3000000119
14939  36.647  -57.489  -14.838 0.3000000119
16693  36.607  -55.418  -16.306 0.3000000119
119999  35.633  -56.356  -14.532 0.3000000119
16666  36.116  -55.765  -14.696 0.3000000119
16683  36.609  -55.543  -15.475 0.3000000119
16665  36.592  -56.003  -14.966 0.3000000119
18491  37.281  -53.471  -17.835 0.3000000119
19412  38.773  -52.469  -18.249 0.3000000119
19424  41.919  -53.676  -18.703 0.3000000119
119886  34.528  -56.142  -14.440 0.3000000119
18480  37.020  -53.026  -16.871 0.3000000119
18481  36.766  -53.748  -16.130 0.3000000119
20321  39.147  -51.815  -17.507 0.3000000119
21244  43.214  -50.416  -18.690 0.3000000119
17579  35.665  -54.853  -14.703 0.3000000119
17580  34.606  -54.516  -14.464 0.3000000119
17578  36.059  -54.152  -15.052 0.3000000119
17589  36.538  -54.552  -15.563 0.3000000119
19399  38.214  -52.028  -17.298 0.3000000119
19410  40.859  -52.433  -18.182 0.3000000119
19422  43.698  -53.530  -18.041 0.3000000119
21231  43.639  -51.590  -18.156 0.3000000119
22087  44.577  -49.509  -17.635 0.3000000119
22118  42.342  -49.607  -19.362 0.3000000119
19382  36.804  -52.021  -15.695 0.3000000119
20310  37.806  -51.776  -16.589 0.3000000119
20320  40.102  -51.690  -17.521 0.3000000119
19409  42.781  -53.696  -18.196 0.3000000119
14163  36.490  -58.346  -15.665 0.3000000119
12526  36.096  -60.143  -16.147 0.3000000119
12525  36.317  -59.754  -16.026 0.3000000119
9149  34.568  -64.411  -19.665 0.3000000119
9151  33.275  -64.094  -19.832 0.3000000119
9157  33.857  -64.201  -20.325 0.3000000119
9957  33.238  -63.862  -20.757 0.3000000119
9971  33.060  -63.524  -21.660 0.4000000060
10801  29.646  -62.079  -17.350 0.3000000119
10802  28.767  -61.927  -17.093 0.3000000119
10829  34.902  -62.317  -19.878 0.3000000119
10847  30.408  -62.240  -20.946 0.3000000119
10868  33.642  -63.059  -22.031 0.4000000060
10889  33.080  -63.033  -22.547 0.4000000060
11741  30.101  -61.736  -19.239 0.3000000119
11743  28.532  -61.607  -18.775 0.3000000119
11760  35.490  -62.164  -18.937 0.3000000119
11777  34.459  -61.642  -20.105 0.4000000060
11790  34.328  -62.351  -20.855 0.3000000119
11802  32.636  -62.457  -22.791 0.3000000119
11819  29.079  -62.011  -24.409 0.3000000119
12540  36.202  -60.082  -16.351 0.3000000119
12590  33.495  -60.274  -20.270 0.4000000060
13329  36.274  -59.401  -15.812 0.3000000119
13341  36.385  -59.363  -15.967 0.3000000119
13365  34.777  -59.612  -17.833 0.3000000119
13394  32.990  -59.509  -21.797 0.4000000060
14150  36.377  -58.579  -15.499 0.3000000119
14151  35.974  -58.841  -15.245 0.3000000119
14172  36.335  -59.026  -16.226 0.3000000119
14183  33.761  -58.693  -18.755 0.3000000119
14215  33.735  -58.169  -20.159 0.5000000000
14941  34.700  -57.648  -14.512 0.3000000119
14942  33.775  -57.691  -14.441 0.3000000119
14974  36.725  -57.495  -15.365 0.3000000119
14975  36.310  -57.498  -16.177 0.3000000119
14994  34.858  -57.867  -17.600 0.4000000060
15018  34.286  -57.953  -18.690 0.4000000060
15054  35.095  -56.925  -20.381 0.4000000060
15067  33.539  -57.804  -21.860 0.5000000000
15788  36.599  -56.689  -14.794 0.3000000119
15789  36.062  -57.070  -14.551 0.3000000119
15790  35.104  -56.968  -14.473 0.3000000119
15809  36.780  -56.487  -15.122 0.3000000119
15826  36.739  -56.782  -15.424 0.3000000119
15839  35.881  -56.624  -16.988 0.4000000060
15846  36.434  -56.064  -19.370 0.4000000060
15860  37.652  -55.877  -20.923 0.5000000000
15869  37.075  -56.185  -21.043 0.5000000000
15871  34.531  -56.530  -21.810 0.5000000000
16667  35.124  -55.478  -14.519 0.3000000119
16700  36.411  -55.426  -17.399 0.3000000119
16706  36.881  -55.492  -19.200 0.4000000060
16716  37.235  -55.617  -20.064 0.4000000060
16725  39.378  -54.906  -20.923 0.4000000060
16727  38.295  -55.508  -20.920 0.4000000060
16728  37.717  -55.730  -20.671 0.4000000060
16735  35.662  -55.635  -21.776 0.3000000119
17599  36.750  -53.931  -17.031 0.3000000119
17600  36.694  -54.668  -16.189 0.3000000119
17614  36.678  -55.022  -18.360 0.4000000060
17622  40.411  -54.156  -20.538 0.4000000060
17625  38.111  -54.732  -19.956 0.4000000060
17633  40.128  -54.224  -21.015 0.4000000060
17635  39.422  -54.815  -20.811 0.4000000060
17643  39.731  -54.578  -21.049 0.4000000060
17644  39.141  -54.595  -21.266 0.4000000060
17645  37.595  -54.984  -21.507 0.5000000000
17646  36.571  -54.432  -21.938 0.4000000060
17649  35.295  -54.348  -22.284 0.3000000119
18469  36.708  -53.003  -15.804 0.3000000119
18488  43.256  -53.716  -18.402 0.3000000119
18498  39.550  -53.734  -19.740 0.4000000060
18500  37.591  -53.955  -18.916 0.4000000060
18501  34.495  -53.102  -18.949 0.3000000119
18508  41.409  -54.017  -20.101 0.4000000060
18509  40.836  -54.060  -20.268 0.4000000060
18510  40.141  -54.139  -20.217 0.4000000060
18512  34.268  -53.754  -19.531 0.3000000119
18526  38.613  -53.558  -21.597 0.5000000000
18528  36.241  -53.499  -22.030 0.4000000060
18529  35.616  -53.332  -21.725 0.4000000060
19400  37.528  -52.322  -16.956 0.3000000119
19401  32.898  -52.521  -16.711 0.5000000000
19408  43.535  -53.585  -17.542 0.3000000119
19411  39.874  -52.301  -18.311 0.3000000119
19413  37.721  -52.653  -17.664 0.3000000119
19423  43.102  -53.699  -18.809 0.4000000060
19425  40.776  -53.094  -19.085 0.4000000060
19428  35.397  -52.061  -18.743 0.5000000000
19429  34.694  -52.359  -18.408 0.5000000000
19438  41.940  -53.592  -20.121 0.4000000060
19440  36.277  -52.508  -20.174 0.4000000060
19441  35.682  -52.456  -19.482 0.3000000119
19448  41.155  -53.231  -20.598 0.4000000060
19450  39.391  -52.435  -21.106 0.4000000060
19451  38.521  -52.531  -21.215 0.4000000060
19453  36.728  -52.711  -21.166 0.4000000060
19461  39.890  -53.306  -21.257 0.4000000060
20290  31.653  -51.081  -15.680 0.5000000000
20309  38.595  -51.502  -16.787 0.3000000119
20328  42.738  -52.750  -19.271 0.4000000060
20329  37.354  -51.466  -19.143 0.4000000060
20339  41.385  -52.401  -20.399 0.4000000060
20343  38.311  -51.708  -19.907 0.4000000060
20345  36.090  -52.002  -19.177 0.4000000060
20351  39.850  -51.982  -20.790 0.4000000060
20352  38.847  -52.054  -20.749 0.4000000060
20354  37.190  -52.353  -20.518 0.4000000060
21153  44.098  -50.688  -13.901 0.3000000119
21220  36.874  -50.303  -17.818 0.4000000060
21223  33.899  -51.115  -17.158 0.5000000000
21233  40.793  -50.501  -19.426 0.4000000060
21246  41.783  -50.531  -19.591 0.3000000119
21247  39.730  -51.083  -19.683 0.4000000060
21249  28.444  -50.485  -20.847 0.5000000000
21250  27.931  -50.807  -20.184 0.5000000000
21254  28.410  -50.105  -21.465 0.6000000238
22007  42.656  -49.524  -12.830 0.3000000119
22021  43.319  -50.226  -13.291 0.3000000119
22064  31.025  -49.471  -15.507 0.4000000060
22080  35.049  -49.418  -16.689 0.5000000000
22081  34.271  -49.765  -16.558 0.4000000060
22088  43.974  -50.447  -17.819 0.3000000119
22089  40.072  -49.081  -17.897 0.5000000000
22091  38.241  -49.370  -17.453 0.5000000000
22093  36.377  -49.761  -17.316 0.4000000060
22094  35.542  -49.936  -17.241 0.6000000238
22096  29.355  -50.244  -18.365 0.5000000000
22102  44.408  -48.890  -18.318 0.4000000060
22104  41.507  -49.372  -18.982 0.3000000119
22105  40.646  -49.808  -18.714 0.4000000060
22106  39.654  -49.852  -18.336 0.4000000060
22108  37.925  -50.114  -17.886 0.5000000000
22109  29.212  -50.470  -19.578 0.5000000000
22117  43.103  -49.323  -19.218 0.3000000119
22119  41.887  -49.722  -19.441 0.3000000119
22120  41.367  -50.173  -19.395 0.4000000060
22122  27.704  -50.029  -20.671 0.5000000000
22123  27.652  -50.437  -20.117 0.5000000000
22128  29.378  -49.405  -21.919 0.6999999881
22130  27.950  -49.954  -21.273 0.5000000000
22134  28.869  -49.739  -21.917 0.6000000238
22849  40.920  -48.391  -13.235 0.3000000119
22856  41.466  -48.836  -13.738 0.3000000119
22857  40.764  -48.308  -14.083 0.3000000119
22884  33.928  -48.324  -15.642 0.4000000060
22885  33.182  -48.315  -15.537 0.4000000060
22886  32.321  -48.391  -15.539 0.4000000060
22907  36.138  -48.331  -16.266 0.5000000000
22909  34.501  -48.870  -16.066 0.4000000060
22920  45.515  -48.259  -17.249 0.3000000119
22924  38.649  -48.489  -16.983 0.4000000060
22927  30.368  -48.327  -17.292 0.5000000000
22933  45.548  -47.861  -18.029 0.4000000060
22934  44.740  -48.229  -18.585 0.4000000060
22935  43.916  -48.640  -19.048 0.3000000119
22948  44.263  -47.888  -19.229 0.4000000060
22952  30.242  -48.859  -20.792 0.6999999881
22953  30.046  -49.071  -19.886 0.5000000000
22960  30.054  -48.906  -21.750 0.6999999881
22967  29.213  -48.846  -22.114 0.5000000000
22968  28.516  -49.399  -21.696 0.5000000000
23730  40.450  -47.835  -12.735 0.3000000119
23746  39.856  -46.971  -14.404 0.3000000119
23758  35.044  -47.021  -15.704 0.4000000060
23761  32.769  -47.667  -15.580 0.4000000060
23772  45.579  -48.069  -17.105 0.3000000119
23776  38.525  -47.245  -16.535 0.4000000060
23777  37.630  -47.162  -16.333 0.4000000060
23779  32.394  -47.200  -15.852 0.4000000060
23780  31.612  -47.445  -16.106 0.4000000060
23781  30.903  -47.775  -16.606 0.4000000060
23790  45.821  -47.377  -17.704 0.4000000060
23792  41.760  -47.695  -18.115 0.3000000119
23793  41.044  -47.535  -17.585 0.3000000119
23794  39.670  -46.960  -16.849 0.5000000000
23798  28.243  -47.356  -17.518 0.5000000000
23803  45.929  -47.124  -18.410 0.4000000060
23814  45.637  -46.814  -19.063 0.4000000060
23816  43.808  -47.604  -19.324 0.4000000060
23817  43.041  -48.048  -19.415 0.4000000060
23818  31.093  -47.667  -20.166 0.6999999881
23820  28.827  -47.785  -20.764 0.6999999881
23821  28.321  -48.580  -20.391 0.5000000000
23827  30.994  -47.599  -21.298 0.6999999881
23834  30.804  -47.016  -21.961 0.6000000238
23835  30.346  -48.151  -22.110 0.6000000238
23836  29.399  -47.876  -22.214 0.6000000238
23839  30.266  -47.518  -22.292 0.6000000238
24666  41.937  -46.299  -11.237 0.3000000119
24668  39.715  -46.423  -11.912 0.3000000119
24682  38.838  -46.525  -13.681 0.3000000119
24688  40.048  -46.122  -14.863 0.3000000119
24696  40.975  -46.122  -15.289 0.3000000119
24697  34.199  -46.995  -15.615 0.4000000060
24710  37.156  -46.360  -16.293 0.5000000000
24714  33.475  -46.261  -16.311 0.4000000060
24716  31.966  -46.785  -16.538 0.5000000000
24717  28.854  -46.365  -16.670 0.5000000000
24726  46.238  -46.565  -18.324 0.4000000060
24730  41.162  -46.009  -17.449 0.3000000119
24732  39.585  -45.959  -16.856 0.5000000000
24733  33.051  -45.849  -17.753 0.6000000238
24735  31.716  -46.694  -17.461 0.6000000238
24742  46.531  -46.150  -18.872 0.4000000060
24744  44.926  -46.072  -19.480 0.3000000119
24745  43.879  -46.191  -18.881 0.4000000060
24747  33.223  -45.883  -18.839 0.6000000238
24749  31.891  -46.587  -18.372 0.6000000238
24750  29.404  -46.409  -18.466 0.5000000000
24758  46.797  -45.550  -19.407 0.4000000060
24760  45.245  -46.414  -19.432 0.4000000060
24763  34.317  -46.069  -20.501 0.6999999881
24764  33.471  -46.256  -20.204 0.6999999881
24777  33.287  -46.259  -21.184 0.6999999881
24783  34.965  -46.414  -22.176 0.6999999881
24787  29.542  -46.846  -21.974 0.6000000238
24788  30.839  -46.410  -21.977 0.6000000238
24789  30.235  -46.433  -22.128 0.6000000238
24790  29.887  -47.185  -22.344 0.6000000238
25728  38.827  -46.169  -12.330 0.3000000119
25729  38.125  -45.769  -12.685 0.3000000119
25730  37.533  -45.212  -13.091 0.3000000119
25752  39.921  -45.095  -15.103 0.3000000119
25753  29.670  -45.090  -16.203 0.5000000000
25767  38.110  -45.422  -16.641 0.4000000060
25768  37.766  -44.835  -16.920 0.4000000060
25770  35.874  -45.789  -16.385 0.4000000060
25771  35.083  -45.643  -16.603 0.5000000000
25784  46.495  -46.077  -18.595 0.4000000060
25790  39.344  -45.079  -16.939 0.5000000000
25791  38.548  -44.956  -16.859 0.4000000060
25792  36.939  -44.835  -16.999 0.6000000238
25794  34.375  -45.516  -17.330 0.5000000000
25796  30.244  -45.085  -18.103 0.6999999881
25804  43.196  -45.288  -18.368 0.3000000119
25805  36.277  -45.439  -19.877 0.6000000238
25807  34.557  -45.455  -18.521 0.6000000238
25816  47.188  -45.054  -20.010 0.4000000060
25817  46.735  -45.523  -19.762 0.4000000060
25820  36.413  -45.775  -20.855 0.6999999881
25822  34.836  -45.801  -19.942 0.6000000238
25834  35.891  -46.272  -21.915 0.6000000238
25835  29.930  -44.899  -20.622 0.6999999881
25836  29.792  -45.326  -21.119 0.6000000238
25840  35.486  -46.267  -22.246 0.6999999881
25841  34.747  -46.188  -22.319 0.6999999881
25842  33.808  -45.964  -21.883 0.6000000238
25845  30.194  -45.645  -21.704 0.6000000238
25846  29.802  -45.930  -21.609 0.6000000238
26795  37.704  -45.114  -12.235 0.3000000119
26805  37.819  -44.962  -13.890 0.3000000119
26814  39.133  -44.679  -14.763 0.3000000119
26815  38.354  -44.603  -14.375 0.3000000119
26816  37.831  -44.091  -14.141 0.3000000119
26828  29.540  -44.576  -15.669 0.5000000000
26831  27.132  -44.705  -15.523 0.4000000060
26847  45.515  -44.911  -17.681 0.4000000060
26849  40.584  -44.279  -17.584 0.5000000000
26854  35.993  -44.965  -18.430 0.6000000238
26856  30.042  -45.165  -17.007 0.6000000238
26857  24.905  -43.891  -16.909 0.5000000000
26861  46.910  -44.451  -19.140 0.5000000000
26862  45.626  -44.960  -19.795 0.3000000119
26873  47.358  -44.360  -20.203 0.3000000119
26875  46.643  -45.265  -19.975 0.3000000119
26876  45.687  -44.074  -19.917 0.3000000119
26877  38.980  -44.374  -20.904 0.6999999881
26878  38.296  -44.488  -19.887 0.6999999881
26890  47.418  -44.047  -20.237 0.4000000060
26892  39.169  -44.092  -21.438 0.6999999881
26893  38.799  -44.303  -21.252 0.6999999881
26894  37.704  -44.648  -21.021 0.6999999881
26895  36.490  -45.607  -21.607 0.6000000238
26896  35.514  -45.417  -21.844 0.6999999881
26897  34.407  -45.138  -21.587 0.6000000238
26899  30.011  -45.082  -21.253 0.6000000238
26902  39.058  -44.116  -21.437 0.6999999881
26904  35.965  -46.023  -22.166 0.6000000238
26907  32.100  -44.891  -21.706 0.6000000238
26909  31.280  -44.757  -21.816 0.6000000238
26910  30.632  -44.797  -21.617 0.6000000238
27814  37.871  -43.977  -11.073 0.3000000119
27815  36.997  -43.694  -11.459 0.3000000119
27816  36.300  -43.179  -11.793 0.3000000119
27826  36.460  -43.389  -12.505 0.3000000119
27844  29.187  -43.233  -14.782 0.6000000238
27845  28.384  -43.111  -14.690 0.4000000060
27865  26.031  -43.649  -16.009 0.4000000060
27872  44.223  -43.297  -17.332 0.3000000119
27873  40.835  -43.450  -18.224 0.5000000000
27874  39.984  -43.676  -18.016 0.6999999881
27875  39.240  -43.922  -17.907 0.6999999881
27881  47.493  -44.084  -19.894 0.4000000060
27883  43.020  -43.349  -18.829 0.4000000060
27886  40.205  -43.289  -18.945 0.6999999881
27888  38.752  -43.955  -18.636 0.6999999881
27889  30.535  -43.157  -18.957 0.6999999881
27894  47.514  -43.634  -20.252 0.4000000060
27896  45.545  -43.087  -20.297 0.4000000060
27899  40.298  -43.374  -20.507 0.6000000238
27901  38.917  -44.051  -19.785 0.6999999881
27902  37.201  -43.800  -20.661 0.5000000000
27906  30.394  -43.748  -19.764 0.6999999881
27919  40.197  -43.503  -21.698 0.6000000238
27920  39.715  -43.826  -20.882 0.6999999881
27921  38.663  -44.013  -21.409 0.6000000238
27926  33.776  -44.045  -20.877 0.5000000000
27930  40.342  -43.553  -21.812 0.6999999881
27931  39.690  -43.805  -21.625 0.6999999881
27932  38.987  -44.026  -21.514 0.6999999881
27935  30.228  -43.276  -21.280 0.6999999881
27937  31.276  -43.302  -22.268 0.6000000238
27938  30.744  -43.111  -21.970 0.6000000238
28887  36.059  -42.665  -12.263 0.3000000119
28896  36.415  -42.773  -12.864 0.3000000119
28903  39.054  -41.996  -14.885 0.4000000060
28905  37.610  -42.502  -14.032 0.3000000119
28906  29.830  -42.527  -15.030 0.6000000238
28916  40.545  -42.405  -15.568 0.3000000119
28918  30.413  -42.016  -15.704 0.6000000238
28919  27.647  -42.480  -14.780 0.5000000000
28933  44.822  -42.723  -18.010 0.3000000119
28936  30.601  -42.015  -17.260 0.6000000238
28941  46.666  -42.776  -19.407 0.5000000000
28942  45.598  -42.256  -18.741 0.4000000060
28946  35.117  -42.304  -18.741 0.6000000238
28952  47.215  -42.672  -20.181 0.4000000060
28956  39.340  -42.395  -20.617 0.6999999881
28960  35.583  -42.950  -19.386 0.5000000000
28973  47.218  -42.956  -20.268 0.4000000060
28974  46.843  -42.389  -20.459 0.4000000060
28975  46.085  -41.712  -20.967 0.5000000000
28981  38.038  -43.427  -20.703 0.6000000238
28982  33.300  -43.038  -20.670 0.6000000238
28985  42.021  -42.354  -22.300 0.6000000238
28986  41.287  -42.965  -22.157 0.6000000238
28987  40.515  -42.927  -21.998 0.6999999881
28988  39.356  -43.610  -21.457 0.6999999881
28991  30.420  -42.478  -21.551 0.6000000238
30011  36.489  -42.012  -13.147 0.3000000119
30022  38.584  -41.404  -14.563 0.4000000060
30023  37.891  -41.646  -14.205 0.4000000060
30024  30.012  -41.040  -14.840 0.6000000238
30026  28.631  -41.503  -14.337 0.5000000000
30036  27.052  -41.846  -15.092 0.4000000060
30037  26.528  -41.362  -15.454 0.5000000000
30043  41.492  -41.460  -16.335 0.4000000060
30054  35.055  -41.235  -17.700 0.6000000238
30055  34.222  -41.010  -17.978 0.6000000238
30062  44.209  -41.034  -18.511 0.4000000060
30064  38.167  -41.401  -18.615 0.4000000060
30067  35.524  -41.775  -18.194 0.6000000238
30070  30.516  -41.165  -18.684 0.6999999881
30075  46.699  -41.938  -20.492 0.5000000000
30080  34.266  -42.014  -18.997 0.6000000238
30081  33.405  -41.081  -19.962 0.6000000238
30093  44.840  -41.321  -21.469 0.5000000000
30094  43.229  -41.566  -21.989 0.6000000238
30095  41.415  -41.699  -21.855 0.6000000238
30096  40.685  -42.036  -21.575 0.6999999881
30097  40.016  -42.254  -21.047 0.6999999881
30099  30.346  -41.118  -20.877 0.6999999881
30100  46.441  -40.854  -21.089 0.5000000000
30101  46.139  -40.627  -21.443 0.5000000000
30102  45.570  -40.541  -21.716 0.5000000000
30103  44.577  -40.897  -21.884 0.5000000000
30107  32.957  -41.677  -21.664 0.6000000238
30108  32.545  -42.197  -22.168 0.6000000238
30109  30.489  -41.644  -21.697 0.6999999881
31086  37.546  -40.982  -13.883 0.4000000060
31098  39.358  -40.428  -15.067 0.4000000060
31101  29.855  -40.301  -14.643 0.5000000000
31102  29.197  -40.107  -14.298 0.5000000000
31111  39.831  -40.014  -15.427 0.4000000060
31112  30.327  -40.403  -15.207 0.6000000238
31113  27.450  -39.982  -14.572 0.5000000000
31118  42.291  -40.702  -17.131 0.4000000060
31120  41.118  -40.667  -16.238 0.4000000060
31123  35.068  -40.149  -16.788 0.5000000000
31124  26.272  -40.640  -15.589 0.5000000000
31129  42.690  -40.215  -17.584 0.4000000060
31131  37.102  -40.642  -17.308 0.5000000000
31132  36.296  -40.788  -17.152 0.4000000060
31133  35.475  -40.756  -17.173 0.6000000238
31141  44.049  -40.039  -18.774 0.6000000238
31143  37.610  -41.026  -17.883 0.4000000060
31145  30.596  -40.344  -18.046 0.6999999881
31151  46.567  -41.267  -20.707 0.5000000000
31153  45.756  -39.995  -20.402 0.6000000238
31155  40.304  -40.603  -19.468 0.6000000238
31163  46.225  -40.199  -21.278 0.5000000000
31164  40.887  -41.104  -20.582 0.6000000238
31165  33.586  -40.285  -21.525 0.6999999881
31166  33.410  -40.534  -20.447 0.6000000238
31168  45.938  -40.123  -21.607 0.5000000000
31170  44.139  -40.555  -21.932 0.6000000238
31171  42.383  -41.245  -21.938 0.6000000238
31172  33.703  -40.151  -22.267 0.6999999881
31175  33.629  -40.028  -22.439 0.6999999881
31176  33.312  -40.454  -22.401 0.6000000238
31177  32.157  -41.148  -22.557 0.6000000238
31178  31.292  -40.804  -22.461 0.6000000238
32165  40.400  -39.553  -15.823 0.4000000060
32167  30.438  -39.688  -15.464 0.6000000238
32178  41.644  -39.256  -16.875 0.4000000060
32180  37.224  -39.460  -16.588 0.5000000000
32182  35.492  -39.613  -16.374 0.5000000000
32184  33.944  -39.001  -16.988 0.4000000060
32190  43.276  -39.598  -18.218 0.4000000060
32195  37.389  -40.095  -16.993 0.5000000000
32197  33.785  -39.490  -17.724 0.6000000238
32205  33.616  -39.727  -18.552 0.5000000000
32215  45.505  -38.880  -20.616 0.6000000238
32218  40.737  -39.788  -19.088 0.6000000238
32219  33.654  -39.366  -19.557 0.6000000238
32220  30.499  -39.605  -19.987 0.6999999881
32224  45.920  -39.514  -21.311 0.5000000000
32226  43.212  -39.570  -21.288 0.6000000238
32228  34.034  -39.510  -21.318 0.6000000238
32230  30.443  -39.255  -21.050 0.6000000238
32231  45.563  -38.984  -21.239 0.5000000000
32236  30.621  -39.815  -21.703 0.6000000238
32239  32.332  -39.962  -22.650 0.6000000238
32241  30.880  -40.188  -22.200 0.6999999881
33150  36.238  -38.664  -12.414 0.3000000119
33162  38.009  -39.194  -14.144 0.4000000060
33170  38.790  -38.044  -14.522 0.4000000060
33171  30.289  -39.151  -14.909 0.5000000000
33172  29.774  -38.716  -14.536 0.5000000000
33182  40.412  -38.672  -15.819 0.4000000060
33184  36.550  -38.399  -15.771 0.5000000000
33188  27.375  -38.393  -14.705 0.4000000060
33198  41.492  -38.451  -16.767 0.4000000060
33201  37.339  -38.584  -16.266 0.5000000000
33202  35.939  -39.096  -15.935 0.4000000060
33205  33.944  -38.338  -16.567 0.4000000060
33206  30.645  -38.655  -16.473 0.6000000238
33211  43.298  -38.543  -18.341 0.5000000000
33214  39.650  -38.458  -17.680 0.5000000000
33215  38.945  -38.485  -17.243 0.5000000000
33229  39.865  -39.249  -18.099 0.4000000060
33230  33.668  -38.738  -17.935 0.4000000060
33231  30.640  -38.744  -18.149 0.6999999881
33238  45.642  -38.833  -21.014 0.6000000238
33243  33.936  -38.517  -19.869 0.6000000238
33244  33.832  -38.031  -19.212 0.6000000238
33249  45.170  -38.321  -20.754 0.6000000238
33251  43.676  -37.754  -20.624 0.5000000000
33255  45.062  -38.769  -21.325 0.5000000000
33256  36.137  -38.344  -22.853 0.6999999881
33257  35.477  -38.672  -22.568 0.6000000238
33259  30.793  -38.215  -21.555 0.6999999881
33262  35.739  -38.611  -23.042 0.6999999881
33263  33.568  -39.093  -22.818 0.6999999881
33265  31.388  -38.387  -22.072 0.6000000238
33267  36.861  -37.496  -23.658 0.5000000000
33268  36.469  -37.917  -23.383 0.6000000238
33269  35.980  -38.270  -23.324 0.6000000238
33270  35.437  -38.659  -23.056 0.6999999881
34164  36.473  -37.766  -12.292 0.3000000119
34200  36.971  -37.558  -15.643 0.5000000000
34239  44.218  -36.872  -19.521 0.5000000000
34240  43.591  -36.424  -18.786 0.5000000000
34244  30.590  -37.398  -18.712 0.6000000238
34251  44.764  -37.106  -20.088 0.5000000000
34252  44.322  -36.579  -19.927 0.5000000000
34253  43.085  -37.018  -20.259 0.5000000000
34254  42.386  -36.719  -19.613 0.4000000060
34261  44.183  -36.605  -20.113 0.5000000000
34263  35.289  -37.535  -21.157 0.6000000238
34269  30.610  -37.553  -21.167 0.8000000119
34271  36.538  -38.003  -23.095 0.6999999881
34275  31.864  -36.999  -21.834 0.6999999881
34276  36.942  -37.487  -23.545 0.5000000000
34277  35.912  -37.699  -23.509 0.6000000238
34278  35.361  -38.192  -23.262 0.6000000238
34280  36.549  -37.236  -23.751 0.5000000000
35283  42.926  -36.105  -18.194 0.5000000000
35285  40.268  -36.530  -17.872 0.5000000000
35299  41.637  -36.416  -19.104 0.6000000238
35300  41.017  -36.046  -18.517 0.5000000000
35310  43.678  -36.042  -19.578 0.5000000000
35312  42.465  -35.741  -19.552 0.4000000060
35314  30.527  -36.892  -20.151 0.8000000119
35321  30.545  -36.793  -20.949 0.6999999881
35322  36.972  -36.819  -22.542 0.5000000000
35328  34.514  -37.690  -22.999 0.6000000238
35329  33.653  -36.917  -22.540 0.6999999881
35332  35.842  -36.836  -23.589 0.5000000000
35336  37.222  -37.063  -24.036 0.5000000000
36316  43.510  -35.280  -19.249 0.5000000000
36321  30.588  -35.377  -18.070 0.4000000060
36328  43.306  -35.254  -19.442 0.5000000000
36329  43.071  -35.283  -19.682 0.5000000000
36338  30.513  -36.083  -20.552 0.6000000238
36342  30.947  -35.495  -21.345 0.5000000000
36347  34.473  -35.426  -22.830 0.4000000060
36349  32.781  -35.361  -22.083 0.6000000238
37309  43.053  -34.678  -19.327 0.5000000000
37320  31.828  -34.118  -21.790 0.5000000000
37324  33.391  -34.052  -22.460 0.5000000000
38305  31.281  -33.508  -21.475 0.5000000000
38310  33.342  -33.289  -22.524 0.4000000060
38312  31.890  -33.370  -21.844 0.4000000060
117824  37.920  -37.887  -16.365 0.5000000000
119552  30.520  -42.876  -16.987 0.6000000238
119624  30.720  -39.122  -17.170 0.6000000238
119871  37.806  -55.764  -21.051 0.5000000000
120016  37.256  -40.353  -13.650 0.4000000060
120253  36.360  -55.174  -14.993 0.3000000119
120340  28.536  -50.771  -19.970 0.5000000000
120551  36.662  -40.031  -13.211 0.3000000119
120763  43.829  -48.178  -11.348 0.3000000119
120862  43.256  -38.708  -20.732 0.6000000238
121279  36.648  -56.100  -15.654 0.3000000119
122469  33.264  -51.026  -16.580 0.5000000000
122729  33.018  -46.045  -16.910 0.5000000000
122825  31.586  -39.270  -22.403 0.6000000238
122950  38.656  -38.890  -14.526 0.4000000060
123071  30.595  -36.873  -18.217 0.5000000000
123427  30.452  -35.297  -20.130 0.5000000000
123773  38.900  -42.877  -14.807 0.3000000119
124263  33.118  -45.312  -21.633 0.6000000238
124271  38.413  -44.611  -20.885 0.6000000238
124427  41.396  -39.954  -16.583 0.4000000060
124616  34.184  -39.385  -22.704 0.6999999881
124812  31.168  -36.257  -21.457 0.6999999881
124912  41.570  -46.934  -17.664 0.3000000119
124916  39.213  -46.860  -12.945 0.3000000119
124917  38.392  -50.632  -18.556 0.4000000060
125056  43.872  -42.382  -17.544 0.3000000119
125081  36.470  -53.785  -15.587 0.3000000119
125229  41.332  -45.261  -15.508 0.3000000119
125355  39.572  -41.722  -15.201 0.4000000060
125356  37.055  -55.166  -19.097 0.4000000060
125869  28.458  -47.666  -18.593 0.5000000000
126054  35.435  -59.615  -15.578 0.3000000119
126093  40.855  -39.964  -16.196 0.4000000060
126314  32.540  -50.708  -16.020 0.5000000000
126324  29.353  -40.891  -14.415 0.5000000000
126486  40.015  -43.517  -21.697 0.6999999881
127090  36.901  -47.088  -16.127 0.4000000060
127221  31.370  -34.843  -21.531 0.5000000000
127436  40.456  -37.944  -15.825 0.4000000060
127752  40.367  -47.271  -17.246 0.3000000119
128076  37.346  -39.572  -13.699 0.4000000060
128296  30.488  -36.076  -19.625 0.6000000238
128417  29.348  -43.917  -15.191 0.4000000060
128635  30.562  -38.202  -15.837 0.5000000000
129174  43.012  -35.210  -18.417 0.5000000000
129202  30.582  -36.199  -17.677 0.5000000000
129241  39.124  -42.946  -20.985 0.6999999881
130215  43.197  -50.195  -14.049 0.3000000119
130638  30.226  -42.716  -20.864 0.6999999881
130865  33.157  -61.206  -21.830 0.4000000060
131428  33.972  -46.490  -15.894 0.4000000060
131957  43.287  -47.100  -11.089 0.3000000119
132041  41.138  -50.881  -19.848 0.4000000060
132189  27.957  -40.785  -14.370 0.5000000000
132220  30.519  -38.151  -19.672 0.6999999881
132591  36.384  -55.696  -18.364 0.4000000060
132627  31.526  -42.277  -22.489 0.6000000238
132643  42.030  -39.291  -17.222 0.4000000060
132973  33.433  -49.807  -16.142 0.5000000000
132979  26.567  -43.059  -15.623 0.5000000000
133770  28.785  -43.798  -14.852 0.4000000060
133851  34.583  -63.593  -20.633 0.3000000119
133875  37.825  -53.338  -21.764 0.4000000060
135173  39.854  -47.719  -17.116 0.4000000060
135277  30.389  -42.280  -20.353 0.6999999881
135299  29.917  -43.873  -21.080 0.6999999881
135442  46.775  -45.598  -18.927 0.4000000060
135771  41.209  -48.178  -17.955 0.5000000000
135897  34.522  -51.170  -17.515 0.6000000238
136297  33.341  -58.943  -19.419 0.3000000119
136346  36.738  -44.002  -12.796 0.3000000119
136391  34.160  -63.629  -21.151 0.3000000119
136482  40.918  -51.807  -17.411 0.3000000119
136699  38.644  -44.137  -17.869 0.6999999881
136722  35.736  -46.982  -15.818 0.4000000060
136972  40.438  -39.295  -18.545 0.4000000060
137022  38.999  -40.945  -18.715 0.6000000238
137354  43.250  -40.968  -22.185 0.6000000238
137665  29.139  -47.215  -19.975 0.6000000238
137817  46.616  -44.698  -20.191 0.3000000119
137979  35.303  -54.080  -14.663 0.3000000119
138118  42.249  -53.994  -19.521 0.4000000060
138818  30.588  -40.384  -16.145 0.6000000238
138926  42.339  -37.568  -19.682 0.5000000000
139281  33.898  -35.166  -22.554 0.5000000000
139590  32.030  -40.520  -22.606 0.6000000238
139628  30.516  -37.242  -20.740 0.6999999881
139688  37.386  -50.193  -17.839 0.4000000060
139692  31.980  -38.750  -22.413 0.6999999881
139704  39.646  -40.543  -18.821 0.6000000238
139772  39.365  -52.001  -20.784 0.4000000060
139872  39.295  -44.039  -15.005 0.3000000119
140121  42.534  -48.988  -12.306 0.3000000119
140198  38.594  -47.861  -16.669 0.4000000060
140313  41.870  -42.128  -16.396 0.3000000119
140355  31.067  -34.169  -21.421 0.5000000000
140435  27.262  -63.294  -24.483 0.3000000119
141354  36.467  -36.829  -21.924 0.5000000000
141443  33.560  -40.960  -19.199 0.6000000238
141569  34.301  -38.169  -20.321 0.6000000238
141840  28.586  -62.417  -24.474 0.3000000119
141859  36.894  -53.072  -16.219 0.3000000119
142047  43.071  -40.465  -21.819 0.6000000238
142283  35.946  -46.167  -22.114 0.6000000238
142305  38.717  -46.053  -14.167 0.3000000119
