#!ascii label  , from subject sub-v1s10x0051067_ses-1 vox2ras=TkReg
1491
13289  -21.567  -81.740  -42.364 0.5000000000
157606  -20.755  -81.815  -42.331 0.6000000238
12232  -29.104  -82.400  -38.609 0.3000000119
12248  -18.878  -82.347  -40.884 0.5000000000
13284  -27.854  -81.216  -40.660 0.4000000060
13285  -28.709  -81.009  -40.262 0.4000000060
13274  -29.326  -81.170  -39.672 0.4000000060
12244  -29.010  -81.924  -39.322 0.3000000119
14406  -28.237  -80.552  -40.688 0.4000000060
16504  -20.868  -78.035  -41.820 0.5000000000
15454  -20.877  -79.102  -42.420 0.5000000000
13296  -20.834  -81.130  -42.638 0.5000000000
15445  -19.826  -78.340  -40.794 0.6000000238
16503  -20.123  -78.490  -41.535 0.5000000000
13288  -19.990  -81.259  -42.337 0.6000000238
13237  -29.627  -81.495  -37.365 0.3000000119
14408  -19.311  -80.186  -41.741 0.5000000000
14414  -26.477  -80.662  -41.409 0.5000000000
13294  -26.133  -81.303  -41.228 0.5000000000
13251  -29.456  -82.098  -38.117 0.3000000119
14405  -18.900  -79.420  -41.031 0.6000000238
13287  -19.107  -81.236  -41.483 0.5000000000
14415  -27.472  -80.502  -41.141 0.5000000000
14407  -29.479  -80.483  -39.999 0.4000000060
14393  -30.155  -80.773  -38.712 0.3000000119
14380  -29.669  -81.348  -38.204 0.3000000119
154318  -27.533  -79.735  -41.277 0.4000000060
135195  -28.883  -80.220  -40.480 0.4000000060
153233  -28.239  -79.837  -40.897 0.4000000060
16492  -23.794  -77.740  -39.961 0.6999999881
16497  -22.572  -77.621  -40.634 0.6999999881
17678  -22.306  -77.110  -41.640 0.6999999881
13297  -21.801  -81.050  -42.587 0.5000000000
16481  -24.081  -78.338  -38.978 0.6999999881
16491  -21.669  -78.255  -40.316 0.8000000119
16496  -20.726  -77.947  -41.268 0.5000000000
16490  -20.551  -78.333  -40.464 0.6999999881
13291  -23.288  -81.159  -41.884 0.5000000000
15441  -22.126  -78.928  -39.192 0.6999999881
144670  -24.499  -80.579  -41.665 0.4000000060
14413  -25.495  -80.640  -41.493 0.5000000000
13226  -29.768  -81.180  -36.443 0.3000000119
15428  -20.594  -79.292  -39.054 0.6000000238
15451  -24.877  -80.047  -41.814 0.5000000000
15453  -26.791  -79.933  -41.496 0.5000000000
14364  -29.645  -80.536  -36.894 0.3000000119
15439  -20.047  -78.697  -39.921 0.5000000000
147695  -26.172  -79.235  -41.669 0.5000000000
17689  -27.272  -77.939  -41.445 0.4000000060
160176  -27.649  -78.614  -41.343 0.4000000060
15447  -29.517  -79.774  -40.229 0.4000000060
14402  -30.869  -80.122  -39.175 0.4000000060
154614  -30.041  -80.616  -39.414 0.4000000060
17681  -28.953  -78.110  -40.816 0.3000000119
16499  -28.631  -79.011  -40.898 0.4000000060
18892  -22.363  -76.512  -37.913 0.5000000000
147500  -23.497  -76.929  -37.717 0.6000000238
18903  -23.323  -76.208  -38.387 0.6000000238
17663  -24.479  -77.332  -38.725 0.6000000238
16493  -24.355  -77.577  -39.290 0.6000000238
17652  -20.304  -76.829  -37.798 0.5000000000
17653  -21.602  -76.969  -37.506 0.5000000000
161331  -22.275  -77.466  -36.777 0.6000000238
18893  -24.284  -77.337  -37.912 0.6000000238
140479  -24.530  -77.847  -37.951 0.6999999881
16511  -21.873  -78.399  -42.509 0.6000000238
13210  -33.212  -81.621  -33.956 0.3000000119
16439  -20.658  -78.527  -35.492 0.6999999881
16460  -21.323  -78.060  -35.958 0.6000000238
17631  -22.403  -77.933  -35.959 0.6000000238
17645  -23.225  -77.714  -36.496 0.6000000238
16463  -24.024  -78.142  -36.554 0.6999999881
15431  -24.215  -78.699  -38.014 0.6999999881
154709  -23.246  -77.621  -42.444 0.6000000238
16512  -22.762  -78.283  -42.594 0.6000000238
14418  -23.082  -80.185  -42.451 0.5000000000
16438  -19.476  -78.377  -36.170 0.6999999881
16440  -21.971  -78.411  -35.210 0.6000000238
16461  -23.471  -78.311  -35.853 0.6000000238
138768  -24.065  -79.192  -36.459 0.6999999881
15419  -22.829  -79.598  -37.628 0.6999999881
14412  -23.962  -80.096  -42.151 0.5000000000
13227  -30.576  -81.620  -35.755 0.3000000119
16419  -19.461  -78.869  -35.424 0.6999999881
151542  -20.450  -79.016  -34.640 0.6000000238
16420  -21.579  -78.773  -34.500 0.6999999881
14329  -23.427  -79.294  -34.782 0.6000000238
14363  -23.495  -79.738  -35.798 0.6000000238
157631  -21.434  -79.264  -38.861 0.6999999881
16513  -23.764  -78.407  -42.500 0.5000000000
16505  -25.565  -78.429  -41.881 0.5000000000
15393  -22.209  -79.193  -33.823 0.6000000238
14328  -23.234  -79.934  -34.328 0.6000000238
14379  -22.342  -80.103  -37.099 0.6000000238
162289  -20.818  -80.157  -38.007 0.6000000238
14391  -20.199  -79.907  -38.454 0.6000000238
17695  -25.028  -77.475  -42.103 0.5000000000
14381  -29.787  -80.766  -37.852 0.3000000119
15379  -21.080  -79.420  -32.965 0.6999999881
15380  -21.862  -79.448  -33.249 0.6000000238
15394  -22.912  -79.460  -34.122 0.6000000238
14327  -22.703  -80.548  -34.526 0.6000000238
14343  -22.321  -80.711  -35.340 0.5000000000
14361  -21.657  -80.806  -36.089 0.5000000000
14376  -19.553  -80.467  -38.057 0.5000000000
14390  -19.102  -79.746  -38.788 0.5000000000
17688  -25.794  -77.642  -41.853 0.5000000000
18920  -29.596  -76.119  -40.815 0.3000000119
153476  -29.265  -77.086  -40.770 0.3000000119
17682  -29.688  -77.920  -40.492 0.3000000119
16501  -30.710  -78.705  -39.853 0.4000000060
15442  -30.869  -79.487  -39.543 0.4000000060
157540  -18.747  -80.326  -38.416 0.5000000000
18929  -28.978  -76.081  -41.041 0.3000000119
17691  -28.543  -77.194  -41.046 0.3000000119
16500  -29.421  -78.933  -40.482 0.4000000060
18890  -19.920  -75.813  -38.210 0.5000000000
18891  -20.990  -76.180  -38.254 0.5000000000
18901  -20.753  -75.240  -38.651 0.5000000000
18902  -21.969  -75.617  -38.560 0.5000000000
18874  -18.563  -75.864  -36.271 0.5000000000
18882  -18.538  -76.467  -37.081 0.5000000000
17651  -19.340  -76.614  -37.567 0.5000000000
135157  -24.407  -76.467  -39.284 0.6000000238
17673  -24.434  -76.725  -39.692 0.6000000238
17641  -18.329  -77.189  -36.649 0.5000000000
17680  -24.118  -75.960  -40.885 0.6000000238
18923  -23.344  -76.557  -41.922 0.8000000119
13201  -34.677  -81.645  -32.969 0.3000000119
18860  -17.992  -76.850  -35.292 0.6000000238
16437  -18.580  -78.420  -35.863 0.6000000238
16458  -19.404  -77.838  -36.726 0.6000000238
18919  -24.553  -75.180  -41.265 0.4000000060
14318  -33.645  -80.904  -33.223 0.3000000119
141984  -18.571  -78.895  -35.263 0.6999999881
18930  -23.862  -76.396  -42.046 0.5000000000
17687  -22.713  -76.902  -41.951 0.6000000238
14332  -32.007  -81.239  -34.378 0.3000000119
14331  -30.702  -80.722  -34.952 0.3000000119
15390  -18.019  -79.099  -34.702 0.6999999881
146608  -25.275  -75.646  -41.819 0.4000000060
14330  -29.981  -79.904  -35.336 0.3000000119
15391  -19.295  -79.331  -34.600 0.6000000238
156315  -20.409  -79.352  -33.940 0.6999999881
18925  -25.526  -76.703  -41.920 0.4000000060
15422  -30.279  -80.062  -37.685 0.3000000119
138679  -18.733  -79.639  -33.956 0.6000000238
161934  -19.394  -79.856  -33.121 0.6999999881
14300  -22.335  -80.145  -32.919 0.6000000238
13215  -22.188  -80.925  -33.918 0.5000000000
148146  -22.043  -81.002  -34.759 0.5000000000
13250  -19.914  -81.019  -37.251 0.6000000238
18926  -26.277  -75.938  -41.741 0.4000000060
148977  -26.408  -77.227  -41.692 0.4000000060
20122  -29.695  -74.853  -41.088 0.3000000119
18922  -31.214  -75.314  -40.455 0.3000000119
151866  -30.636  -76.527  -40.324 0.3000000119
16502  -31.188  -78.073  -39.762 0.4000000060
15423  -31.148  -79.946  -38.500 0.3000000119
14299  -21.822  -80.327  -32.396 0.6000000238
150371  -21.573  -81.454  -33.638 0.5000000000
12173  -20.724  -81.948  -34.046 0.5000000000
13225  -21.496  -81.170  -35.402 0.5000000000
13235  -20.260  -81.405  -36.399 0.5000000000
13234  -19.438  -81.581  -36.774 0.6000000238
13249  -18.932  -81.033  -37.677 0.5000000000
18928  -28.030  -76.157  -41.206 0.3000000119
20131  -28.735  -74.968  -41.177 0.3000000119
13208  -22.075  -81.150  -33.024 0.5000000000
155230  -20.645  -81.801  -34.812 0.5000000000
13223  -19.809  -81.949  -35.942 0.5000000000
12182  -19.353  -82.480  -35.515 0.5000000000
20057  -19.906  -74.816  -35.766 0.5000000000
20077  -19.385  -75.160  -36.981 0.5000000000
18900  -20.316  -75.036  -38.559 0.5000000000
21319  -21.248  -73.870  -38.693 0.5000000000
158445  -21.529  -74.063  -38.857 0.5000000000
20115  -22.270  -73.991  -39.165 0.5000000000
138911  -18.504  -76.076  -35.402 0.5000000000
18889  -19.076  -75.816  -37.694 0.5000000000
20116  -23.377  -74.156  -39.588 0.4000000060
18873  -18.129  -76.647  -36.194 0.5000000000
20117  -24.229  -74.411  -40.236 0.4000000060
13202  -35.248  -82.220  -32.547 0.3000000119
14283  -34.947  -80.805  -31.767 0.3000000119
18844  -18.044  -76.977  -34.289 0.6000000238
20121  -24.590  -74.510  -40.904 0.4000000060
17602  -17.468  -77.780  -34.347 0.6000000238
17618  -17.565  -77.666  -35.070 0.6000000238
156167  -32.442  -80.574  -33.690 0.3000000119
16417  -17.450  -78.442  -34.712 0.6000000238
20127  -25.216  -74.811  -41.557 0.4000000060
15377  -17.219  -79.254  -33.638 0.6000000238
21351  -26.355  -74.003  -41.331 0.4000000060
20129  -26.753  -74.816  -41.457 0.4000000060
14346  -29.721  -80.189  -36.078 0.3000000119
15378  -17.798  -79.507  -33.930 0.6999999881
20130  -27.762  -74.907  -41.283 0.3000000119
21354  -29.333  -73.993  -41.240 0.3000000119
21288  -20.232  -74.507  -36.767 0.5000000000
20088  -19.826  -75.067  -37.993 0.5000000000
21305  -21.076  -73.674  -37.866 0.5000000000
22471  -22.443  -72.838  -38.663 0.4000000060
20039  -19.227  -75.428  -35.442 0.5000000000
21320  -22.033  -73.404  -38.946 0.4000000060
21334  -22.834  -73.358  -39.327 0.4000000060
18861  -19.289  -75.777  -34.560 0.6000000238
22482  -24.197  -73.024  -39.946 0.4000000060
21336  -24.642  -73.677  -40.576 0.4000000060
15372  -33.351  -79.906  -32.447 0.3000000119
14301  -34.378  -80.805  -32.461 0.3000000119
16405  -17.250  -78.450  -33.930 0.6000000238
20126  -24.990  -74.392  -41.278 0.4000000060
21350  -25.568  -74.132  -41.359 0.4000000060
21352  -27.406  -73.829  -41.254 0.4000000060
21353  -28.481  -73.950  -41.260 0.3000000119
14313  -17.418  -80.086  -33.108 0.6000000238
21266  -20.895  -74.344  -35.696 0.5000000000
21289  -21.151  -73.761  -36.644 0.5000000000
22453  -22.498  -73.114  -36.961 0.4000000060
22460  -22.385  -72.883  -37.774 0.4000000060
20040  -20.203  -75.272  -34.641 0.5000000000
20059  -21.613  -74.893  -35.017 0.5000000000
22462  -23.820  -72.855  -38.417 0.4000000060
18845  -19.161  -76.298  -33.779 0.6000000238
18862  -20.109  -75.810  -33.850 0.6000000238
20020  -20.837  -75.704  -34.022 0.6000000238
22473  -24.029  -72.700  -39.288 0.4000000060
17603  -18.637  -76.842  -33.387 0.6000000238
147474  -20.149  -76.340  -33.150 0.6000000238
22483  -25.404  -72.824  -39.990 0.4000000060
22491  -25.737  -73.167  -40.629 0.4000000060
17587  -17.770  -77.506  -33.446 0.6000000238
21345  -26.038  -73.564  -41.123 0.4000000060
22492  -26.585  -73.184  -40.774 0.4000000060
21346  -26.887  -73.462  -41.109 0.4000000060
22486  -28.126  -72.932  -40.487 0.4000000060
14317  -31.315  -80.119  -34.152 0.3000000119
15371  -32.025  -79.101  -32.679 0.3000000119
135115  -17.877  -77.809  -32.320 0.6000000238
22494  -28.337  -73.143  -40.897 0.4000000060
16443  -30.318  -78.938  -35.417 0.3000000119
15396  -30.486  -79.603  -34.640 0.3000000119
16393  -16.831  -78.899  -33.086 0.6000000238
15365  -16.651  -79.740  -32.800 0.6000000238
16381  -15.964  -78.753  -30.982 0.6999999881
16358  -16.986  -78.126  -29.705 0.6999999881
153364  -16.143  -79.214  -32.080 0.6000000238
16369  -16.316  -78.274  -30.292 0.6999999881
18780  -16.291  -77.051  -30.120 0.6999999881
16368  -15.631  -78.415  -30.781 0.6000000238
17544  -17.776  -77.734  -29.230 0.6999999881
18762  -18.180  -76.807  -28.873 0.6000000238
18779  -15.688  -77.243  -30.596 0.6999999881
18781  -17.046  -76.503  -29.769 0.6999999881
21267  -21.897  -74.196  -35.643 0.5000000000
21290  -22.207  -73.530  -36.362 0.5000000000
159630  -21.841  -75.740  -34.150 0.5000000000
150050  -22.793  -75.718  -34.357 0.5000000000
20060  -22.651  -75.108  -35.023 0.5000000000
21291  -23.102  -73.654  -36.513 0.5000000000
22454  -23.117  -73.109  -37.295 0.4000000060
22455  -23.700  -73.180  -37.696 0.4000000060
18823  -21.045  -76.468  -32.485 0.6000000238
18847  -21.957  -76.276  -33.069 0.6000000238
20022  -22.365  -75.976  -33.845 0.6000000238
20023  -23.294  -76.109  -33.895 0.6000000238
22463  -24.677  -72.946  -38.526 0.4000000060
18821  -19.416  -76.644  -33.031 0.6000000238
18824  -22.696  -76.388  -32.546 0.6000000238
18848  -22.948  -76.287  -33.208 0.6000000238
22474  -25.023  -72.695  -39.311 0.4000000060
17588  -18.927  -77.148  -32.517 0.6000000238
17589  -19.762  -77.154  -31.661 0.6000000238
18800  -20.596  -76.794  -31.682 0.6000000238
18802  -22.254  -76.485  -31.175 0.6000000238
18803  -23.072  -76.412  -31.771 0.6000000238
22484  -26.258  -72.930  -40.150 0.4000000060
21323  -29.093  -74.146  -39.156 0.4000000060
17574  -18.838  -77.646  -31.402 0.6000000238
153574  -20.271  -77.164  -31.107 0.6000000238
18782  -20.880  -76.955  -30.796 0.6000000238
18784  -22.191  -76.658  -30.126 0.6000000238
18785  -24.070  -76.471  -30.139 0.6000000238
21338  -28.705  -73.143  -39.912 0.4000000060
21339  -29.816  -73.087  -40.004 0.4000000060
17573  -17.925  -78.230  -31.095 0.6000000238
17561  -19.756  -77.833  -29.886 0.5000000000
17562  -20.557  -77.483  -29.911 0.6000000238
18783  -21.318  -77.061  -30.029 0.6000000238
137499  -23.098  -76.506  -29.683 0.6000000238
18765  -23.878  -76.445  -29.180 0.6999999881
16394  -17.004  -78.514  -32.062 0.6999999881
16371  -17.864  -78.395  -30.135 0.6000000238
17546  -20.041  -77.795  -29.164 0.6000000238
17547  -20.843  -77.332  -29.233 0.6000000238
135107  -23.149  -76.463  -28.822 0.6000000238
18753  -24.610  -76.153  -28.658 0.6000000238
19940  -25.837  -75.419  -28.118 0.6000000238
17532  -21.248  -77.079  -28.593 0.6000000238
18750  -21.741  -76.776  -27.925 0.6000000238
18751  -22.816  -76.406  -27.950 0.6000000238
18742  -24.336  -75.959  -27.921 0.6000000238
17529  -19.011  -77.997  -28.706 0.6000000238
17530  -19.621  -77.768  -28.652 0.6000000238
18739  -21.236  -76.629  -27.293 0.5000000000
18740  -22.123  -76.373  -27.186 0.6000000238
18741  -23.698  -76.012  -27.527 0.6000000238
17518  -20.051  -77.397  -28.022 0.5000000000
18799  -15.922  -76.440  -30.852 0.6999999881
19951  -17.810  -76.050  -29.437 0.6999999881
19937  -18.532  -75.564  -28.874 0.5000000000
19938  -19.029  -76.489  -28.296 0.6000000238
158326  -20.134  -76.363  -27.288 0.5000000000
18724  -21.604  -76.093  -26.656 0.5000000000
140812  -19.614  -76.032  -27.594 0.6000000238
31635  -16.728  -65.296  -32.552 0.6000000238
30493  -17.440  -66.069  -33.689 0.6000000238
29287  -17.516  -66.889  -34.096 0.6000000238
21268  -22.901  -74.299  -35.777 0.5000000000
21269  -23.834  -74.545  -36.121 0.5000000000
21306  -24.439  -73.455  -37.718 0.5000000000
148273  -23.910  -76.441  -32.051 0.5000000000
18849  -23.850  -76.396  -33.319 0.5000000000
18827  -25.013  -76.428  -32.586 0.5000000000
140404  -25.856  -73.930  -38.094 0.4000000060
20103  -27.562  -75.109  -38.201 0.4000000060
18826  -24.299  -76.458  -32.656 0.5000000000
138146  -25.429  -76.270  -31.988 0.5000000000
22475  -25.871  -72.911  -39.390 0.4000000060
21322  -27.134  -74.008  -38.867 0.4000000060
135419  -28.091  -74.117  -39.036 0.4000000060
145779  -24.749  -76.436  -30.651 0.5000000000
135627  -25.480  -76.252  -30.535 0.5000000000
147597  -24.646  -76.454  -31.983 0.5000000000
21337  -27.670  -73.189  -39.743 0.4000000060
18786  -25.009  -76.374  -29.954 0.6000000238
19972  -25.730  -76.008  -29.779 0.6000000238
18767  -25.228  -76.133  -29.225 0.6000000238
19952  -25.909  -75.713  -28.971 0.5000000000
19928  -26.247  -74.925  -27.694 0.4000000060
21165  -26.747  -74.435  -27.780 0.4000000060
22366  -27.636  -73.350  -28.315 0.4000000060
19908  -24.146  -75.324  -26.239 0.6000000238
19926  -24.532  -75.569  -27.107 0.6000000238
160498  -25.922  -73.963  -26.908 0.5000000000
22352  -26.490  -73.725  -27.465 0.4000000060
23444  -27.487  -72.856  -28.298 0.4000000060
24490  -26.997  -72.211  -28.755 0.4000000060
19991  -15.701  -76.086  -31.785 0.6999999881
18725  -22.392  -75.905  -26.500 0.6000000238
21148  -25.438  -74.407  -26.709 0.5000000000
140017  -26.109  -72.717  -28.117 0.4000000060
19971  -18.067  -75.041  -29.793 0.6000000238
19924  -20.037  -75.697  -26.943 0.5000000000
19905  -21.922  -75.680  -26.131 0.5000000000
19893  -24.341  -74.891  -25.917 0.5000000000
148781  -24.860  -73.268  -26.807 0.5000000000
22351  -25.723  -73.448  -27.132 0.4000000060
151334  -25.011  -72.766  -29.465 0.4000000060
19922  -19.091  -75.399  -28.156 0.6000000238
19890  -21.921  -75.193  -25.524 0.5000000000
139336  -15.926  -66.116  -30.724 0.6999999881
31624  -16.254  -65.551  -31.671 0.6000000238
30459  -16.510  -66.093  -30.221 0.6999999881
31636  -17.682  -64.920  -32.901 0.6000000238
31603  -17.398  -65.663  -30.142 0.6000000238
29273  -17.785  -66.375  -33.740 0.6000000238
31626  -18.173  -64.823  -32.381 0.6000000238
134881  -18.530  -65.234  -30.639 0.6000000238
30447  -18.315  -65.708  -29.420 0.6000000238
31595  -19.366  -65.537  -29.340 0.6000000238
160927  -18.146  -67.417  -34.628 0.5000000000
148460  -18.043  -66.300  -33.151 0.6000000238
30471  -18.938  -65.802  -32.244 0.6000000238
30472  -19.440  -65.817  -31.486 0.6000000238
159945  -19.185  -65.335  -30.109 0.6000000238
21292  -23.998  -73.891  -36.970 0.5000000000
26765  -18.126  -68.274  -34.122 0.5000000000
27960  -17.577  -67.319  -32.998 0.5000000000
29259  -19.380  -66.488  -31.765 0.5000000000
30460  -20.152  -66.191  -30.983 0.5000000000
20043  -23.505  -75.732  -34.590 0.4000000060
20044  -24.376  -75.671  -34.769 0.5000000000
136064  -25.659  -74.979  -36.632 0.5000000000
137390  -25.767  -74.504  -37.407 0.4000000060
26751  -17.375  -68.288  -32.968 0.5000000000
29257  -17.575  -67.570  -32.102 0.5000000000
29227  -19.285  -67.647  -30.713 0.5000000000
29228  -20.252  -67.356  -30.376 0.5000000000
20025  -25.564  -75.840  -33.808 0.5000000000
21308  -26.539  -74.681  -37.935 0.4000000060
20090  -28.138  -75.849  -37.580 0.4000000060
20091  -29.457  -75.702  -37.624 0.4000000060
26766  -18.545  -69.377  -34.046 0.5000000000
27948  -17.172  -68.734  -31.352 0.5000000000
29242  -17.608  -68.132  -31.162 0.6000000238
27925  -18.313  -68.349  -29.936 0.6000000238
20104  -28.484  -75.191  -38.393 0.4000000060
25571  -17.691  -70.587  -31.578 0.6000000238
160151  -17.064  -69.339  -31.208 0.6000000238
27938  -17.461  -68.744  -30.373 0.6999999881
19994  -26.013  -76.111  -31.185 0.4000000060
162326  -26.103  -75.923  -30.346 0.5000000000
22430  -17.054  -72.996  -34.456 0.6000000238
21187  -27.235  -74.966  -29.253 0.5000000000
144508  -27.786  -74.319  -29.052 0.4000000060
21233  -16.937  -73.841  -33.116 0.6000000238
21176  -27.273  -74.474  -28.448 0.4000000060
146982  -16.577  -74.659  -32.792 0.6000000238
21211  -16.946  -74.729  -31.595 0.6000000238
24491  -27.684  -72.369  -28.591 0.4000000060
21199  -18.171  -74.243  -30.194 0.6000000238
19993  -17.080  -75.051  -30.915 0.6999999881
21162  -19.022  -74.427  -27.635 0.6000000238
21145  -19.066  -74.109  -26.881 0.6000000238
19903  -19.787  -74.962  -26.544 0.5000000000
19904  -20.479  -75.337  -26.281 0.5000000000
135809  -15.773  -66.648  -29.744 0.6999999881
30446  -16.530  -66.524  -29.356 0.6999999881
160395  -16.473  -66.972  -28.442 0.6000000238
134680  -17.249  -66.431  -28.860 0.6000000238
30432  -17.943  -66.372  -28.241 0.6000000238
30433  -18.753  -65.878  -28.657 0.6000000238
30434  -19.533  -65.704  -28.452 0.6999999881
30435  -20.951  -65.784  -28.957 0.6000000238
31605  -20.600  -65.779  -29.599 0.6000000238
20045  -25.349  -75.461  -34.796 0.5000000000
20062  -24.568  -75.171  -35.592 0.5000000000
134218  -24.692  -74.706  -36.383 0.5000000000
29229  -20.802  -66.788  -29.759 0.6000000238
30448  -20.973  -66.219  -29.380 0.5000000000
21270  -25.445  -75.137  -35.853 0.5000000000
21294  -26.311  -75.234  -36.898 0.5000000000
20089  -27.219  -75.722  -37.124 0.4000000060
27909  -18.409  -68.607  -29.032 0.6000000238
27926  -19.432  -68.051  -29.709 0.6000000238
29213  -21.277  -67.242  -28.821 0.5000000000
20009  -25.700  -76.057  -32.818 0.5000000000
23505  -17.811  -72.506  -34.209 0.6000000238
136582  -18.464  -71.938  -33.111 0.4000000060
25588  -18.593  -71.268  -32.935 0.6000000238
26714  -17.351  -69.544  -29.818 0.6000000238
27924  -17.652  -68.995  -29.412 0.6000000238
27910  -19.438  -68.353  -28.585 0.6000000238
19995  -26.720  -75.478  -31.538 0.4000000060
20011  -27.030  -75.090  -32.204 0.4000000060
23486  -18.374  -72.600  -32.438 0.5000000000
149580  -18.541  -71.905  -32.475 0.5000000000
24527  -18.198  -71.580  -31.211 0.6000000238
25554  -17.257  -70.123  -30.246 0.6999999881
25538  -17.366  -70.309  -29.417 0.6000000238
138691  -17.450  -69.683  -28.951 0.6000000238
26702  -18.395  -69.028  -28.172 0.6000000238
19974  -27.286  -75.103  -30.773 0.5000000000
22415  -17.420  -73.159  -33.612 0.6000000238
24513  -18.276  -72.005  -30.615 0.6000000238
24512  -17.599  -70.947  -29.986 0.6000000238
25517  -17.604  -70.522  -27.622 0.6000000238
26658  -17.768  -69.972  -27.150 0.6000000238
26683  -18.891  -69.304  -26.694 0.6000000238
21188  -27.753  -74.661  -29.966 0.4000000060
160168  -18.243  -73.154  -32.152 0.5000000000
22407  -18.408  -73.009  -31.617 0.6000000238
23451  -18.080  -72.278  -29.351 0.6000000238
24478  -17.717  -71.311  -27.255 0.6000000238
25500  -17.805  -70.594  -26.791 0.6000000238
21223  -17.232  -74.195  -32.222 0.6000000238
21212  -17.573  -74.325  -31.377 0.6000000238
161017  -18.409  -73.114  -30.844 0.6000000238
23439  -18.173  -72.836  -28.562 0.6000000238
23420  -17.835  -72.101  -27.794 0.6000000238
22365  -18.518  -73.701  -28.089 0.6000000238
21186  -18.423  -74.459  -29.466 0.6000000238
21146  -19.325  -74.233  -26.192 0.5000000000
19889  -20.942  -74.960  -25.563 0.5000000000
30445  -14.984  -67.214  -29.168 0.6999999881
30431  -15.792  -67.129  -28.743 0.6999999881
29190  -12.132  -67.374  -27.068 0.6999999881
29170  -13.950  -67.230  -26.613 0.6999999881
156759  -14.319  -67.605  -27.466 0.6999999881
29194  -16.028  -67.498  -26.871 0.6999999881
30417  -16.909  -67.122  -27.514 0.6000000238
30404  -17.777  -66.937  -26.133 0.6000000238
30406  -19.238  -66.513  -25.986 0.5000000000
30419  -18.699  -66.220  -27.789 0.6999999881
141633  -20.151  -66.026  -26.872 0.5000000000
30421  -21.303  -65.788  -27.502 0.5000000000
31590  -21.492  -65.832  -28.365 0.5000000000
21251  -26.205  -75.152  -35.053 0.4000000060
20063  -27.248  -75.245  -35.586 0.5000000000
20064  -28.032  -75.329  -35.682 0.5000000000
147818  -27.472  -75.664  -36.221 0.5000000000
20065  -28.878  -75.478  -35.795 0.4000000060
20026  -26.281  -75.429  -33.361 0.4000000060
136604  -26.998  -74.911  -34.971 0.4000000060
27892  -20.898  -67.912  -27.891 0.6000000238
27891  -19.021  -68.865  -27.533 0.6000000238
142277  -19.946  -68.422  -27.726 0.6000000238
25483  -18.651  -70.342  -25.863 0.6000000238
26660  -19.655  -69.221  -26.361 0.6000000238
146397  -18.520  -73.092  -26.567 0.6000000238
24467  -18.316  -71.678  -25.971 0.6000000238
26641  -19.844  -69.736  -25.786 0.6000000238
23421  -18.249  -72.954  -27.483 0.6000000238
24453  -18.855  -71.215  -25.586 0.5000000000
22334  -18.887  -73.709  -26.490 0.6000000238
23408  -18.563  -72.525  -25.936 0.5000000000
22315  -19.711  -73.878  -25.471 0.5000000000
29168  -11.686  -67.043  -26.770 0.6999999881
29169  -12.858  -67.162  -26.723 0.6999999881
30402  -14.487  -66.760  -26.269 0.6999999881
29171  -14.876  -67.250  -26.442 0.6999999881
30403  -15.358  -66.931  -25.927 0.6000000238
29172  -15.731  -67.353  -26.171 0.6999999881
29153  -16.998  -67.121  -25.821 0.4000000060
30399  -11.060  -66.396  -26.719 0.6999999881
30400  -12.259  -66.368  -26.575 0.6999999881
31580  -13.039  -65.573  -26.606 0.6000000238
31582  -15.026  -65.992  -25.991 0.6000000238
30405  -18.365  -66.678  -25.840 0.5000000000
30380  -9.033  -65.970  -25.491 0.6999999881
31577  -9.687  -64.850  -26.312 0.6999999881
30385  -19.457  -66.258  -25.165 0.5000000000
30362  -9.800  -66.371  -24.578 0.6999999881
151326  -20.034  -66.255  -25.870 0.5000000000
30363  -10.703  -66.155  -24.284 0.6000000238
30350  -12.334  -66.621  -23.832 0.6000000238
30351  -13.199  -66.395  -23.644 0.6000000238
30342  -16.100  -66.929  -22.489 0.5000000000
31524  -16.374  -66.067  -22.293 0.5000000000
136000  -28.004  -74.649  -34.860 0.4000000060
21273  -29.362  -74.550  -35.443 0.4000000060
25484  -19.318  -70.418  -25.600 0.6000000238
31583  -15.816  -65.456  -25.782 0.5000000000
30382  -16.669  -66.741  -25.586 0.5000000000
141645  -11.144  -64.623  -26.679 0.6000000238
32673  -12.695  -64.377  -27.001 0.6000000238
32674  -13.683  -64.575  -26.912 0.6000000238
32675  -15.164  -64.865  -26.379 0.6000000238
160347  -17.111  -65.483  -25.363 0.5000000000
143042  -17.339  -66.158  -25.276 0.5000000000
30366  -18.947  -65.997  -24.779 0.5000000000
32641  -9.468  -64.799  -25.036 0.6999999881
33741  -10.518  -63.986  -25.991 0.6000000238
32672  -11.903  -64.109  -26.870 0.6000000238
32687  -13.981  -63.669  -27.287 0.6000000238
32688  -14.837  -63.327  -27.335 0.6000000238
30367  -19.776  -65.854  -24.787 0.5000000000
31544  -11.024  -65.086  -24.456 0.6999999881
32656  -10.704  -63.948  -25.425 0.6000000238
33742  -12.123  -63.109  -25.945 0.6000000238
34853  -12.746  -62.809  -26.471 0.6000000238
148649  -14.819  -62.585  -27.365 0.6000000238
156808  -11.962  -65.237  -24.258 0.6000000238
32642  -11.794  -64.474  -24.630 0.6000000238
33727  -12.613  -63.192  -25.451 0.6000000238
34840  -13.079  -62.493  -25.925 0.6000000238
31532  -12.564  -65.760  -23.934 0.6000000238
32631  -14.022  -64.855  -23.754 0.6000000238
32644  -13.402  -63.592  -24.761 0.6000000238
33728  -13.499  -62.729  -25.330 0.6000000238
30352  -14.039  -66.274  -23.454 0.5000000000
144253  -15.588  -66.184  -22.822 0.5000000000
148178  -14.741  -64.704  -23.481 0.5000000000
33716  -14.231  -64.133  -24.110 0.6000000238
33729  -14.263  -63.210  -24.660 0.6000000238
22442  -28.853  -73.991  -35.020 0.4000000060
30328  -17.595  -66.803  -21.346 0.5000000000
31523  -15.788  -65.360  -22.632 0.5000000000
32632  -15.362  -64.060  -23.311 0.6000000238
34828  -15.062  -62.751  -24.422 0.6000000238
31511  -17.700  -65.522  -20.813 0.5000000000
147379  -17.138  -64.793  -21.270 0.5000000000
32621  -16.470  -65.163  -22.007 0.4000000060
32620  -15.993  -64.435  -22.542 0.5000000000
33717  -15.618  -63.130  -23.613 0.6000000238
32657  -16.526  -64.943  -25.687 0.6000000238
32659  -18.140  -64.515  -25.127 0.5000000000
31546  -18.619  -65.471  -24.787 0.5000000000
32677  -16.656  -63.764  -26.377 0.6000000238
33743  -17.587  -63.391  -25.927 0.5000000000
31547  -19.433  -65.411  -24.633 0.5000000000
34869  -16.344  -62.235  -27.502 0.6999999881
34856  -16.890  -62.383  -27.235 0.6999999881
34855  -14.000  -61.868  -26.546 0.6000000238
35999  -16.185  -61.586  -27.457 0.6999999881
35974  -13.843  -61.711  -25.935 0.6000000238
35986  -15.149  -61.174  -26.717 0.6999999881
137521  -14.366  -61.127  -25.718 0.6000000238
37189  -14.729  -60.638  -25.928 0.6999999881
141558  -15.010  -61.769  -24.721 0.6000000238
37178  -14.681  -60.696  -25.294 0.6999999881
32581  -17.822  -64.813  -18.971 0.5000000000
32599  -17.654  -64.635  -20.290 0.5000000000
161157  -16.615  -64.420  -21.886 0.4000000060
146613  -16.102  -63.482  -22.867 0.6000000238
32590  -17.700  -64.216  -19.409 0.5000000000
32609  -17.008  -63.890  -21.475 0.4000000060
150672  -16.736  -62.918  -22.367 0.5000000000
32645  -19.110  -64.476  -24.683 0.5000000000
137290  -18.468  -63.703  -25.223 0.5000000000
33759  -16.969  -62.945  -26.791 0.6000000238
34842  -18.261  -62.135  -25.564 0.5000000000
34829  -19.432  -62.222  -24.543 0.5000000000
36000  -16.804  -61.700  -27.355 0.6999999881
156917  -16.490  -60.772  -26.996 0.6999999881
38524  -16.666  -59.973  -26.392 0.6000000238
35965  -14.821  -60.839  -24.848 0.6999999881
38510  -16.366  -59.217  -25.796 0.6000000238
34820  -15.767  -62.145  -23.936 0.6000000238
37172  -15.156  -60.248  -24.410 0.6000000238
34777  -17.363  -62.941  -19.794 0.5000000000
34804  -17.168  -62.531  -21.694 0.4000000060
35958  -16.502  -61.446  -23.313 0.6000000238
34776  -16.792  -62.377  -19.578 0.4000000060
154846  -17.401  -62.850  -20.494 0.4000000060
34813  -17.117  -61.751  -21.617 0.5000000000
34812  -16.910  -61.976  -22.411 0.5000000000
35988  -17.735  -61.649  -26.243 0.6000000238
35977  -18.741  -61.823  -24.999 0.5000000000
35975  -17.695  -60.871  -26.187 0.6000000238
162114  -18.583  -61.163  -25.049 0.5000000000
37191  -17.634  -60.139  -25.910 0.6000000238
38511  -17.094  -59.575  -26.078 0.6000000238
38501  -18.266  -59.525  -24.770 0.5000000000
139264  -17.057  -58.762  -25.625 0.6000000238
38499  -15.117  -59.265  -24.643 0.6999999881
39779  -16.406  -58.301  -25.296 0.5000000000
37173  -16.243  -60.222  -23.526 0.6000000238
38494  -16.123  -59.268  -23.273 0.5000000000
35933  -16.599  -61.282  -20.685 0.4000000060
37166  -16.564  -59.722  -22.577 0.5000000000
161647  -9.683  -56.753  -16.559 0.4000000060
43292  -10.555  -55.787  -16.615 0.3000000119
42064  -10.004  -56.395  -16.989 0.4000000060
37175  -19.295  -60.591  -23.453 0.5000000000
40932  -9.924  -57.667  -18.029 0.3000000119
42079  -10.268  -56.873  -17.837 0.4000000060
38500  -17.594  -58.663  -25.096 0.5000000000
37174  -18.904  -60.047  -24.079 0.5000000000
38412  -10.778  -59.099  -18.875 0.3000000119
40933  -10.618  -57.537  -18.390 0.4000000060
39758  -17.521  -57.886  -24.598 0.5000000000
38436  -11.369  -59.830  -19.269 0.3000000119
39778  -15.649  -58.000  -24.748 0.6000000238
39740  -15.474  -58.481  -23.419 0.6999999881
39757  -15.248  -57.920  -24.061 0.6000000238
37161  -16.534  -60.165  -21.878 0.5000000000
38486  -16.270  -58.905  -22.661 0.5000000000
159953  -16.276  -59.019  -22.013 0.4000000060
40992  -15.539  -56.759  -22.586 0.4000000060
43294  -11.462  -54.682  -16.534 0.3000000119
43293  -11.015  -55.329  -16.490 0.3000000119
44416  -11.538  -54.195  -16.691 0.3000000119
43305  -11.158  -55.038  -17.059 0.3000000119
136324  -11.437  -55.570  -17.692 0.4000000060
38495  -18.646  -59.322  -24.001 0.5000000000
39648  -11.047  -58.333  -18.667 0.4000000060
42066  -11.557  -56.347  -18.077 0.4000000060
38487  -18.490  -58.746  -23.431 0.5000000000
140201  -11.747  -59.325  -18.685 0.4000000060
39627  -12.808  -58.327  -17.856 0.4000000060
41014  -17.040  -57.289  -24.612 0.5000000000
39721  -18.241  -57.756  -22.930 0.5000000000
37105  -12.293  -60.038  -18.877 0.4000000060
42191  -16.851  -56.690  -24.094 0.5000000000
39739  -15.459  -57.707  -23.314 0.5000000000
42176  -16.416  -56.309  -23.444 0.5000000000
37145  -15.301  -60.101  -21.255 0.3000000119
38475  -14.777  -58.822  -20.966 0.4000000060
40984  -15.480  -56.863  -21.690 0.4000000060
42157  -15.899  -56.095  -22.689 0.4000000060
43295  -12.094  -54.365  -16.461 0.3000000119
44417  -11.635  -53.663  -16.707 0.3000000119
45473  -12.278  -52.749  -17.619 0.4000000060
44432  -12.272  -53.489  -17.659 0.4000000060
35934  -20.462  -61.372  -20.581 0.4000000060
43307  -12.495  -54.477  -17.838 0.4000000060
37148  -20.384  -60.470  -20.523 0.4000000060
40934  -11.820  -57.357  -18.271 0.4000000060
154861  -12.926  -55.562  -17.813 0.4000000060
38477  -18.837  -58.914  -22.318 0.4000000060
42067  -13.250  -56.649  -17.601 0.4000000060
40993  -17.690  -56.612  -22.886 0.5000000000
38413  -12.801  -59.442  -18.287 0.4000000060
38437  -13.596  -59.841  -19.147 0.3000000119
42177  -17.119  -56.273  -23.383 0.5000000000
39686  -15.083  -58.343  -20.754 0.3000000119
44418  -12.073  -53.573  -16.599 0.3000000119
140552  -11.640  -52.128  -16.841 0.3000000119
147706  -11.940  -52.055  -17.265 0.3000000119
142845  -12.937  -52.341  -17.952 0.4000000060
139467  -13.274  -53.308  -18.117 0.4000000060
45474  -14.265  -52.924  -18.247 0.3000000119
44433  -13.559  -54.289  -17.973 0.4000000060
35912  -21.915  -61.398  -19.588 0.4000000060
141225  -23.090  -61.115  -19.114 0.4000000060
43308  -13.815  -55.297  -17.699 0.4000000060
37147  -19.789  -60.053  -20.977 0.4000000060
40915  -13.444  -57.767  -17.538 0.3000000119
39702  -18.681  -57.944  -21.944 0.4000000060
157330  -13.070  -59.932  -18.720 0.3000000119
38394  -13.626  -59.191  -17.798 0.3000000119
38438  -14.458  -59.492  -19.229 0.3000000119
42142  -15.558  -56.247  -21.836 0.4000000060
46542  -12.721  -52.113  -16.376 0.3000000119
46556  -12.625  -51.440  -17.637 0.4000000060
47614  -14.382  -50.883  -18.247 0.4000000060
46557  -13.957  -51.814  -18.253 0.4000000060
35899  -24.535  -61.420  -18.701 0.4000000060
37126  -22.499  -60.720  -19.379 0.4000000060
44434  -14.837  -54.037  -17.786 0.4000000060
38458  -21.189  -59.922  -20.111 0.4000000060
137862  -14.018  -56.274  -17.422 0.4000000060
38456  -19.743  -59.108  -20.981 0.4000000060
38457  -20.389  -59.520  -20.579 0.4000000060
39703  -19.245  -58.503  -21.483 0.4000000060
147677  -14.971  -58.380  -17.201 0.3000000119
40994  -18.239  -57.002  -22.060 0.5000000000
38395  -14.483  -59.498  -17.883 0.3000000119
38396  -15.310  -59.593  -17.963 0.3000000119
42160  -18.182  -56.224  -21.361 0.5000000000
40953  -15.477  -57.906  -20.441 0.3000000119
43360  -16.889  -55.326  -21.195 0.4000000060
39700  -15.400  -57.756  -21.311 0.4000000060
47587  -12.544  -50.238  -16.533 0.3000000119
141620  -15.355  -51.738  -18.252 0.3000000119
45475  -15.513  -53.271  -17.759 0.3000000119
37106  -24.352  -60.607  -18.702 0.4000000060
43309  -14.799  -55.043  -17.435 0.3000000119
38440  -22.123  -59.895  -19.668 0.4000000060
37128  -24.231  -59.797  -18.861 0.3000000119
42068  -14.812  -55.955  -17.171 0.3000000119
39688  -20.289  -58.534  -20.696 0.4000000060
38459  -21.916  -59.126  -20.023 0.4000000060
40917  -15.250  -57.669  -16.920 0.3000000119
39612  -15.836  -58.665  -17.217 0.3000000119
40972  -19.421  -56.584  -20.469 0.4000000060
38416  -15.337  -59.517  -18.344 0.3000000119
39671  -16.864  -58.405  -19.219 0.3000000119
40954  -16.465  -57.394  -20.045 0.3000000119
42124  -17.659  -55.943  -20.370 0.3000000119
44435  -16.074  -54.017  -17.190 0.3000000119
46559  -16.870  -52.466  -17.336 0.3000000119
44420  -15.741  -54.806  -16.978 0.3000000119
38441  -23.559  -59.453  -19.287 0.3000000119
39690  -22.254  -58.235  -20.219 0.4000000060
39672  -23.747  -58.498  -19.588 0.4000000060
40900  -16.489  -57.506  -16.577 0.3000000119
151079  -20.853  -57.899  -20.547 0.4000000060
40974  -21.681  -57.476  -20.371 0.4000000060
39631  -16.677  -59.204  -17.675 0.3000000119
39650  -16.697  -59.012  -18.674 0.3000000119
40971  -18.601  -56.138  -20.527 0.3000000119
42101  -17.723  -56.592  -19.806 0.3000000119
137070  -16.958  -56.020  -16.170 0.3000000119
39613  -16.673  -58.385  -16.941 0.3000000119
40976  -22.959  -56.656  -20.140 0.3000000119
158906  -17.288  -59.177  -17.849 0.3000000119
42126  -19.562  -55.947  -19.700 0.3000000119
40955  -17.511  -57.685  -19.381 0.3000000119
42102  -18.469  -56.135  -19.822 0.3000000119
43279  -17.729  -55.871  -15.873 0.3000000119
146096  -18.762  -54.855  -15.540 0.3000000119
154983  -18.075  -58.238  -16.762 0.3000000119
42128  -21.457  -56.266  -19.964 0.3000000119
42036  -18.332  -56.551  -15.938 0.3000000119
43280  -18.529  -55.715  -15.666 0.3000000119
40970  -15.719  -56.956  -20.804 0.4000000060
39668  -14.332  -59.147  -20.459 0.3000000119
39670  -15.930  -58.678  -19.417 0.3000000119
17677  -21.441  -77.568  -41.767 0.6000000238
15455  -21.573  -79.276  -42.583 0.5000000000
14416  -21.044  -80.076  -42.666 0.5000000000
15449  -19.641  -79.309  -41.705 0.5000000000
14417  -22.140  -80.221  -42.593 0.5000000000
13293  -25.174  -81.179  -41.256 0.5000000000
16480  -23.036  -78.398  -39.598 0.6999999881
17679  -23.303  -76.541  -41.571 0.6999999881
15430  -23.268  -79.055  -38.476 0.6999999881
15440  -21.077  -78.837  -39.633 0.6999999881
13292  -24.165  -80.960  -41.503 0.4000000060
15429  -22.145  -79.447  -38.355 0.6999999881
15452  -25.245  -79.305  -41.868 0.5000000000
15412  -29.904  -79.734  -36.598 0.3000000119
16506  -26.400  -78.288  -41.651 0.5000000000
17690  -27.850  -77.280  -41.277 0.3000000119
20102  -24.109  -75.504  -39.395 0.6000000238
18904  -24.217  -76.540  -38.633 0.6000000238
20101  -23.029  -75.094  -38.996 0.5000000000
16459  -20.295  -78.050  -36.474 0.6000000238
15421  -24.293  -78.853  -37.245 0.6999999881
16441  -22.969  -78.544  -35.178 0.6000000238
16462  -24.013  -78.696  -36.006 0.6000000238
15409  -23.276  -79.738  -36.744 0.6999999881
17694  -24.015  -77.314  -42.338 0.5000000000
15458  -24.345  -79.340  -42.223 0.6000000238
15457  -23.424  -79.360  -42.517 0.5000000000
14362  -22.646  -80.328  -36.140 0.6000000238
14378  -21.340  -80.250  -37.486 0.6999999881
13209  -22.424  -80.509  -33.283 0.5000000000
14360  -20.861  -80.777  -36.790 0.5000000000
15413  -31.058  -79.373  -37.281 0.3000000119
15366  -20.367  -79.746  -32.488 0.6000000238
13236  -20.969  -81.219  -36.065 0.5000000000
17683  -30.506  -77.697  -40.143 0.3000000119
18918  -24.038  -76.108  -41.679 0.5000000000
12183  -20.093  -82.193  -35.007 0.5000000000
158804  -32.689  -79.956  -33.118 0.3000000119
18822  -20.016  -76.717  -32.412 0.6000000238
16383  -17.177  -78.448  -30.884 0.6999999881
146321  -18.502  -78.278  -29.542 0.6000000238
18749  -19.379  -77.451  -28.357 0.6000000238
18850  -24.830  -76.330  -33.381 0.5000000000
135652  -26.278  -73.578  -38.717 0.4000000060
144083  -23.116  -76.450  -30.711 0.6000000238
18804  -24.083  -76.436  -31.240 0.5000000000
18764  -22.263  -76.689  -28.925 0.6000000238
19941  -26.605  -75.126  -28.509 0.4000000060
19992  -16.435  -75.483  -31.448 0.6000000238
21198  -17.750  -74.587  -30.562 0.6999999881
31637  -18.187  -65.017  -33.059 0.6000000238
20061  -23.653  -75.179  -35.342 0.4000000060
158039  -26.077  -75.900  -31.989 0.4000000060
23445  -28.147  -72.853  -28.544 0.4000000060
19906  -22.480  -75.536  -25.925 0.4000000060
20007  -15.536  -75.861  -32.746 0.6000000238
31615  -17.908  -64.960  -31.430 0.6000000238
29243  -18.567  -67.325  -31.496 0.6000000238
20078  -26.859  -75.502  -36.310 0.5000000000
160307  -17.084  -69.327  -31.950 0.5000000000
29212  -20.420  -67.607  -29.399 0.6000000238
25603  -18.572  -70.341  -33.525 0.4000000060
147913  -18.380  -73.582  -30.091 0.5000000000
19996  -27.405  -74.863  -31.608 0.5000000000
24497  -17.636  -71.301  -29.142 0.6000000238
23462  -18.364  -72.640  -30.244 0.5000000000
29112  -11.312  -67.626  -24.106 0.6000000238
31510  -17.193  -65.915  -21.571 0.5000000000
151576  -15.240  -63.999  -26.829 0.5000000000
33756  -12.045  -63.409  -26.556 0.6000000238
33771  -12.870  -63.165  -27.067 0.6000000238
33758  -16.446  -62.866  -27.203 0.6000000238
31545  -12.647  -64.913  -24.264 0.6000000238
31499  -18.057  -65.472  -20.091 0.5000000000
33744  -18.363  -62.931  -25.501 0.5000000000
38509  -15.410  -59.483  -25.548 0.6000000238
33689  -17.506  -63.603  -20.142 0.5000000000
149011  -15.166  -58.501  -24.050 0.6000000238
40913  -9.564  -57.221  -17.144 0.3000000119
35966  -18.631  -60.517  -24.760 0.5000000000
37160  -16.055  -59.551  -21.590 0.3000000119
37167  -19.342  -60.552  -22.520 0.4000000060
147261  -19.122  -59.867  -22.170 0.4000000060
38476  -15.571  -58.601  -21.547 0.4000000060
43370  -16.911  -55.458  -21.983 0.5000000000
37149  -20.899  -60.866  -20.097 0.4000000060
146423  -11.905  -50.951  -16.323 0.3000000119
40916  -14.277  -57.429  -17.250 0.3000000119
40985  -18.863  -57.233  -21.204 0.4000000060
42123  -16.185  -56.087  -20.765 0.3000000119
136535  -14.809  -56.795  -17.048 0.3000000119
43353  -17.491  -55.588  -20.831 0.4000000060
48631  -14.071  -49.407  -16.644 0.3000000119
159323  -16.270  -56.115  -16.468 0.3000000119
157874  -20.141  -57.439  -20.559 0.4000000060
42052  -17.543  -56.717  -16.182 0.3000000119
9366  -17.355  -85.741  -33.507 0.5000000000
10264  -17.817  -85.279  -33.744 0.5000000000
10278  -18.279  -84.612  -34.117 0.5000000000
11216  -18.646  -83.781  -34.570 0.4000000060
9357  -16.770  -85.924  -32.048 0.5000000000
9358  -17.418  -85.615  -32.328 0.5000000000
10265  -18.414  -84.872  -33.142 0.5000000000
11195  -18.906  -84.133  -33.677 0.5000000000
11217  -19.380  -83.309  -34.174 0.5000000000
139961  -19.535  -82.709  -34.793 0.4000000060
9351  -16.448  -85.671  -31.021 0.4000000060
9352  -17.289  -85.452  -31.451 0.5000000000
10254  -18.993  -84.279  -32.810 0.5000000000
12172  -19.996  -82.622  -34.158 0.4000000060
10242  -17.769  -84.901  -30.781 0.5000000000
10243  -18.480  -84.376  -31.043 0.5000000000
160905  -18.591  -84.660  -32.525 0.5000000000
11143  -18.791  -83.632  -30.212 0.5000000000
11175  -19.396  -83.597  -32.163 0.5000000000
142216  -19.528  -83.247  -31.324 0.5000000000
12157  -19.935  -82.781  -31.714 0.5000000000
13207  -21.285  -81.742  -32.825 0.4000000060
10225  -18.092  -84.257  -30.031 0.5000000000
11160  -19.315  -83.250  -30.679 0.5000000000
12146  -20.444  -81.936  -31.191 0.5000000000
13196  -21.085  -81.478  -31.837 0.5000000000
12155  -16.180  -82.586  -32.876 0.5000000000
11132  -18.125  -83.495  -29.527 0.5000000000
12117  -17.337  -82.319  -29.570 0.5000000000
12118  -18.068  -82.673  -29.423 0.5000000000
13156  -18.188  -81.881  -29.676 0.5000000000
12130  -19.427  -82.091  -30.150 0.5000000000
13157  -18.949  -81.587  -29.923 0.5000000000
12131  -19.988  -81.864  -30.568 0.5000000000
13181  -16.892  -82.086  -31.649 0.5000000000
13192  -15.943  -81.623  -32.859 0.5000000000
15376  -14.095  -79.737  -32.997 0.5000000000
13182  -17.599  -81.516  -31.000 0.5000000000
13193  -16.541  -81.619  -32.472 0.5000000000
15362  -14.632  -79.719  -32.306 0.5000000000
13167  -18.390  -81.243  -30.328 0.5000000000
13183  -18.070  -80.967  -31.457 0.5000000000
14295  -16.595  -80.707  -32.566 0.5000000000
14277  -18.951  -80.647  -30.877 0.5000000000
14296  -18.519  -80.496  -32.187 0.5000000000
13168  -19.596  -81.447  -30.395 0.5000000000
14264  -20.401  -80.674  -31.138 0.5000000000
15367  -21.281  -79.920  -32.171 0.5000000000
159265  -15.441  -75.661  -33.548 0.5000000000
18820  -15.090  -76.684  -32.182 0.6000000238
16392  -14.155  -79.007  -32.465 0.5000000000
15363  -15.105  -79.914  -32.204 0.5000000000
17571  -14.955  -78.554  -31.302 0.5000000000
15364  -15.728  -80.002  -32.441 0.5000000000
14297  -19.555  -79.997  -32.221 0.5000000000
14314  -18.465  -80.027  -33.262 0.5000000000
14298  -20.497  -80.137  -31.707 0.5000000000
21250  -16.144  -74.255  -34.492 0.5000000000
21232  -16.370  -74.472  -33.645 0.5000000000
17586  -14.834  -77.634  -31.577 0.6000000238
29284  -14.744  -67.262  -33.495 0.5000000000
29272  -15.403  -66.573  -33.174 0.6000000238
29271  -14.293  -66.957  -32.846 0.5000000000
30480  -14.993  -66.414  -32.470 0.5000000000
30470  -15.622  -65.883  -32.139 0.6000000238
30458  -14.185  -66.504  -31.059 0.6000000238
30468  -13.750  -66.642  -31.556 0.5000000000
30444  -13.581  -66.752  -30.384 0.6000000238
142064  -11.857  -66.999  -29.119 0.5000000000
135343  -14.855  -66.674  -30.309 0.6000000238
29225  -13.178  -67.118  -29.398 0.6000000238
29207  -11.311  -67.296  -27.975 0.5000000000
140425  -12.425  -67.459  -27.737 0.6000000238
159309  -13.791  -67.596  -27.780 0.6000000238
29189  -10.698  -67.164  -27.311 0.5000000000
29150  -9.129  -66.874  -25.659 0.5000000000
29151  -9.456  -67.437  -25.197 0.6000000238
27818  -11.812  -68.324  -24.080 0.6000000238
151183  -10.867  -68.138  -24.375 0.5000000000
30397  -9.168  -66.208  -26.140 0.6000000238
151227  -10.653  -66.881  -26.892 0.5000000000
29133  -10.470  -67.205  -24.301 0.5000000000
29115  -14.210  -67.801  -23.374 0.6000000238
29114  -12.966  -67.250  -23.654 0.6000000238
30340  -14.549  -67.040  -23.295 0.6000000238
15424  -32.217  -79.415  -37.920 0.3000000119
148313  -33.463  -78.611  -37.527 0.3000000119
16495  -32.124  -78.903  -39.023 0.3000000119
16477  -34.887  -78.105  -37.057 0.3000000119
16494  -31.437  -78.850  -39.462 0.3000000119
15443  -31.574  -79.561  -39.074 0.3000000119
15432  -31.467  -79.799  -38.733 0.3000000119
12167  -20.415  -82.478  -33.223 0.4000000060
13195  -17.487  -80.759  -32.380 0.5000000000
16380  -15.342  -78.844  -31.251 0.5000000000
29286  -16.873  -66.672  -34.098 0.5000000000
161103  -19.818  -83.002  -33.498 0.4000000060
12166  -19.891  -82.947  -32.674 0.5000000000
138556  -16.298  -82.739  -31.907 0.5000000000
12129  -17.115  -81.966  -30.298 0.5000000000
14312  -15.244  -81.217  -33.065 0.5000000000
14292  -14.587  -80.509  -32.942 0.5000000000
15352  -14.937  -79.254  -31.641 0.5000000000
16474  -32.522  -79.207  -38.118 0.3000000119
17665  -33.341  -77.950  -38.463 0.3000000119
16485  -33.778  -78.261  -37.836 0.3000000119
16484  -33.111  -78.740  -37.952 0.3000000119
16483  -32.625  -78.809  -38.449 0.3000000119
17657  -34.529  -77.725  -37.704 0.3000000119
39691  -23.167  -57.629  -20.061 0.3000000119
9353  -18.124  -85.048  -32.047 0.5000000000
9367  -17.743  -85.506  -32.962 0.5000000000
10214  -17.581  -83.994  -29.481 0.5000000000
10224  -17.349  -84.637  -29.848 0.5000000000
10253  -18.790  -84.323  -31.998 0.5000000000
11131  -17.294  -83.271  -29.301 0.5000000000
11133  -18.635  -83.002  -29.631 0.5000000000
11144  -19.191  -82.845  -30.068 0.5000000000
11174  -19.090  -83.789  -31.239 0.5000000000
11196  -19.434  -83.589  -33.190 0.4000000060
11238  -18.952  -83.028  -35.046 0.5000000000
12119  -18.755  -82.317  -29.689 0.5000000000
12144  -16.042  -82.911  -30.642 0.5000000000
12145  -19.752  -82.602  -30.764 0.5000000000
12156  -16.478  -82.280  -32.394 0.5000000000
12158  -20.591  -82.282  -32.193 0.5000000000
13166  -17.664  -81.606  -29.956 0.5000000000
13169  -20.270  -81.301  -30.733 0.5000000000
13184  -20.669  -81.176  -31.317 0.5000000000
13185  -21.168  -80.598  -31.725 0.5000000000
13194  -17.236  -81.374  -32.029 0.5000000000
13197  -21.763  -80.996  -32.294 0.6000000238
13198  -22.147  -80.629  -32.724 0.5000000000
13206  -15.826  -82.065  -33.493 0.5000000000
13214  -21.335  -81.446  -34.590 0.5000000000
13216  -22.742  -80.326  -33.859 0.5000000000
13224  -20.620  -81.608  -35.481 0.5000000000
13248  -18.272  -81.386  -37.761 0.5000000000
13263  -29.656  -81.349  -38.953 0.3000000119
13295  -27.036  -81.350  -41.089 0.4000000060
14263  -19.720  -80.792  -30.671 0.5000000000
14278  -19.658  -80.390  -31.353 0.5000000000
14282  -34.139  -80.217  -31.877 0.3000000119
14293  -15.103  -80.604  -32.655 0.5000000000
14294  -15.730  -80.821  -32.638 0.5000000000
14302  -35.109  -81.449  -32.339 0.3000000119
14315  -19.872  -79.612  -33.550 0.6999999881
14316  -22.785  -79.982  -33.545 0.5000000000
14344  -23.193  -80.272  -35.149 0.6000000238
14345  -23.528  -79.688  -35.049 0.6000000238
14347  -29.969  -80.618  -35.711 0.3000000119
14377  -20.446  -80.470  -37.691 0.6000000238
14382  -30.449  -80.416  -38.428 0.3000000119
14392  -21.220  -79.774  -38.284 0.6999999881
14394  -30.865  -80.266  -38.872 0.3000000119
14401  -30.420  -80.599  -39.063 0.3000000119
14409  -20.098  -80.237  -42.443 0.6000000238
14410  -22.718  -80.875  -42.336 0.5000000000
14411  -23.587  -80.659  -42.008 0.4000000060
15353  -15.363  -79.253  -31.728 0.5000000000
15368  -21.924  -79.796  -32.700 0.6000000238
15369  -22.421  -79.736  -33.318 0.6000000238
15382  -30.871  -79.127  -33.981 0.3000000119
15383  -31.704  -79.538  -33.459 0.3000000119
15389  -17.471  -78.972  -34.301 0.6000000238
15392  -21.308  -79.160  -33.802 0.6999999881
15402  -30.002  -79.498  -35.726 0.3000000119
15410  -23.819  -79.210  -35.481 0.6000000238
15411  -24.319  -78.518  -36.820 0.6999999881
15418  -21.972  -79.854  -37.765 0.6999999881
15420  -23.812  -79.240  -37.407 0.6999999881
15427  -19.569  -79.195  -39.322 0.5000000000
15433  -32.065  -79.385  -38.553 0.3000000119
15446  -28.947  -79.582  -40.608 0.4000000060
15448  -30.188  -80.008  -39.727 0.4000000060
15450  -20.314  -79.243  -42.215 0.5000000000
15456  -22.488  -79.336  -42.627 0.5000000000
16359  -18.439  -78.139  -29.031 0.6000000238
16360  -19.134  -78.218  -29.233 0.6000000238
16370  -16.897  -78.404  -30.257 0.6999999881
16382  -16.530  -78.664  -31.220 0.6999999881
16418  -17.928  -78.393  -35.318 0.6999999881
16421  -22.588  -78.833  -34.498 0.6000000238
16422  -23.265  -78.943  -34.655 0.6000000238
16423  -30.589  -78.689  -34.797 0.3000000119
16442  -23.586  -78.844  -35.263 0.6000000238
16473  -24.447  -78.320  -37.586 0.6999999881
16476  -34.098  -78.407  -37.302 0.3000000119
16482  -24.493  -78.042  -38.394 0.6999999881
16498  -23.119  -76.974  -40.900 0.6999999881
16507  -27.130  -79.037  -41.466 0.4000000060
16508  -28.160  -78.219  -41.207 0.3000000119
16509  -20.602  -78.575  -42.051 0.5000000000
16510  -21.143  -78.437  -42.279 0.6000000238
16514  -24.682  -78.405  -42.217 0.5000000000
17519  -20.809  -77.110  -27.906 0.6000000238
17531  -20.384  -77.479  -28.521 0.6000000238
17543  -16.965  -77.436  -29.602 0.6999999881
17545  -18.618  -77.576  -28.699 0.6000000238
17558  -15.902  -77.836  -30.336 0.6999999881
17559  -16.454  -77.839  -29.935 0.6999999881
17560  -18.835  -78.177  -30.111 0.6000000238
17572  -15.309  -77.822  -30.848 0.6000000238
17575  -19.652  -77.586  -30.761 0.6000000238
17585  -14.389  -78.312  -31.986 0.5000000000
17629  -17.878  -77.624  -36.000 0.6000000238
17630  -18.687  -77.829  -36.476 0.5000000000
17642  -18.895  -77.282  -37.082 0.6000000238
17643  -19.800  -77.418  -37.211 0.6000000238
17644  -21.140  -77.564  -36.867 0.6000000238
17654  -22.821  -77.210  -37.220 0.5000000000
17655  -23.819  -77.566  -37.147 0.6999999881
17656  -24.436  -77.951  -37.270 0.6000000238
17664  -32.635  -78.096  -38.976 0.3000000119
17672  -24.068  -76.913  -40.335 0.6000000238
17685  -21.476  -77.758  -42.140 0.6000000238
17686  -22.005  -77.269  -42.057 0.6000000238
17692  -22.070  -77.701  -42.357 0.6000000238
17693  -23.199  -76.923  -42.185 0.6000000238
18723  -20.746  -76.129  -26.838 0.5000000000
18726  -22.998  -76.019  -27.010 0.6000000238
18737  -19.790  -76.928  -27.741 0.5000000000
18738  -20.462  -76.815  -27.504 0.5000000000
18752  -23.745  -76.267  -28.352 0.6000000238
18761  -17.513  -76.961  -29.304 0.6000000238
18763  -21.582  -76.959  -29.377 0.6000000238
18766  -24.567  -76.357  -29.431 0.6000000238
18798  -15.325  -76.977  -31.202 0.6999999881
18801  -21.432  -76.590  -31.514 0.6000000238
18805  -25.093  -76.406  -31.283 0.5000000000
18825  -23.459  -76.423  -32.594 0.6000000238
18846  -20.957  -76.144  -33.415 0.6000000238
18863  -24.174  -76.200  -34.064 0.4000000060
18913  -24.388  -75.545  -40.206 0.6000000238
18921  -30.267  -75.665  -40.693 0.3000000119
18924  -24.696  -75.537  -41.627 0.4000000060
18927  -27.169  -76.726  -41.471 0.3000000119
18931  -24.638  -76.434  -42.058 0.4000000060
19892  -23.736  -75.066  -25.651 0.5000000000
19907  -23.234  -75.582  -26.158 0.4000000060
19909  -24.866  -74.975  -26.436 0.5000000000
19923  -19.499  -75.168  -27.324 0.6000000238
19925  -23.738  -75.711  -26.789 0.6000000238
19927  -25.562  -75.113  -27.196 0.6000000238
19939  -25.069  -75.696  -27.918 0.6000000238
19953  -26.508  -75.541  -29.637 0.5000000000
19954  -27.141  -75.252  -30.033 0.5000000000
19969  -16.621  -75.973  -30.461 0.6999999881
19970  -17.379  -75.500  -30.118 0.6999999881
19973  -26.650  -75.600  -30.584 0.5000000000
20008  -16.188  -75.366  -32.383 0.6000000238
20010  -26.460  -75.494  -32.466 0.4000000060
20019  -15.983  -75.172  -33.225 0.6000000238
20021  -21.550  -75.906  -33.823 0.6000000238
20024  -24.900  -76.060  -34.198 0.5000000000
20027  -26.920  -74.966  -32.953 0.4000000060
20041  -21.297  -75.417  -34.440 0.5000000000
20042  -22.102  -75.502  -34.469 0.5000000000
20056  -19.117  -75.319  -36.283 0.5000000000
20058  -20.788  -74.891  -35.059 0.5000000000
20076  -18.827  -75.712  -36.941 0.5000000000
20079  -28.220  -76.031  -36.548 0.4000000060
20099  -20.921  -74.560  -38.728 0.5000000000
20100  -21.575  -74.664  -38.899 0.5000000000
20128  -25.843  -74.822  -41.601 0.4000000060
21122  -20.073  -74.648  -25.792 0.5000000000
21147  -24.650  -74.276  -26.107 0.5000000000
21163  -19.349  -74.575  -26.924 0.5000000000
21164  -26.114  -74.404  -27.255 0.4000000060
21166  -27.242  -73.842  -27.928 0.4000000060
21175  -18.741  -74.532  -28.601 0.6000000238
21177  -27.660  -73.923  -28.492 0.4000000060
21213  -18.164  -73.764  -30.967 0.6000000238
21222  -16.663  -74.867  -32.094 0.6000000238
21271  -26.335  -75.285  -35.886 0.5000000000
21272  -28.594  -74.750  -35.330 0.4000000060
21293  -25.007  -74.351  -37.088 0.5000000000
21304  -20.625  -74.476  -38.403 0.5000000000
21307  -25.232  -73.699  -37.876 0.4000000060
21321  -25.500  -73.166  -38.622 0.4000000060
21335  -23.755  -73.434  -39.850 0.4000000060
21344  -25.318  -73.644  -40.979 0.4000000060
22314  -19.002  -73.375  -25.830 0.5000000000
22337  -25.183  -73.772  -26.620 0.5000000000
22350  -18.694  -73.669  -27.181 0.6000000238
22353  -27.106  -73.182  -27.843 0.4000000060
22367  -28.213  -73.556  -28.851 0.4000000060
22376  -18.463  -73.716  -29.080 0.5000000000
22393  -17.979  -73.628  -31.846 0.5000000000
22406  -17.830  -73.329  -32.672 0.5000000000
22414  -16.711  -73.703  -34.024 0.6000000238
22443  -29.502  -73.638  -35.208 0.4000000060
22452  -21.775  -73.170  -37.265 0.4000000060
22461  -23.040  -72.787  -38.194 0.4000000060
22470  -21.730  -73.169  -38.298 0.4000000060
22472  -23.118  -72.668  -38.958 0.4000000060
22476  -26.734  -73.190  -39.541 0.4000000060
22480  -22.680  -72.939  -39.113 0.4000000060
22481  -23.337  -72.955  -39.394 0.4000000060
22485  -27.165  -72.950  -40.325 0.4000000060
22490  -24.966  -73.113  -40.406 0.4000000060
22493  -27.459  -73.136  -40.845 0.4000000060
22497  -27.619  -73.331  -41.050 0.4000000060
22498  -28.222  -73.411  -41.105 0.3000000119
23425  -26.322  -73.060  -27.682 0.4000000060
23438  -17.831  -71.965  -28.600 0.6000000238
23443  -26.954  -72.624  -28.179 0.4000000060
23474  -18.428  -72.460  -31.087 0.6000000238
23494  -18.108  -72.602  -33.289 0.5000000000
24479  -18.087  -72.141  -26.769 0.6000000238
24488  -17.598  -71.275  -28.149 0.6000000238
24498  -17.999  -71.786  -29.979 0.6000000238
24502  -27.737  -71.681  -29.164 0.4000000060
24526  -17.617  -70.770  -30.744 0.6999999881
24543  -18.409  -71.387  -32.102 0.6000000238
25485  -20.191  -70.541  -25.468 0.6000000238
25501  -18.188  -70.798  -26.092 0.6000000238
25527  -17.459  -70.459  -28.533 0.6000000238
25587  -17.760  -69.355  -33.119 0.5000000000
26640  -18.965  -69.674  -25.938 0.6000000238
26659  -18.260  -69.954  -26.449 0.6000000238
26681  -17.707  -69.719  -28.019 0.6000000238
26682  -18.266  -69.453  -27.296 0.6000000238
26701  -17.836  -69.188  -28.688 0.6000000238
26728  -17.178  -69.391  -30.655 0.6000000238
27854  -9.286  -67.778  -25.974 0.5000000000
27872  -19.536  -68.839  -26.990 0.6000000238
27873  -20.445  -68.574  -26.975 0.6000000238
27911  -20.454  -67.898  -28.525 0.6000000238
27939  -18.129  -68.047  -30.677 0.6000000238
27973  -17.832  -67.207  -34.046 0.5000000000
29113  -12.107  -67.485  -23.874 0.6000000238
29132  -9.227  -66.586  -24.981 0.6000000238
29152  -16.348  -67.174  -25.830 0.6999999881
29173  -16.520  -67.338  -26.372 0.6000000238
29174  -17.197  -67.162  -26.492 0.6000000238
29191  -13.406  -67.548  -27.142 0.6000000238
29192  -14.343  -67.517  -26.838 0.6999999881
29193  -15.162  -67.586  -26.968 0.6999999881
29208  -13.158  -67.498  -28.236 0.6000000238
29209  -14.121  -67.463  -28.502 0.6999999881
29210  -15.046  -67.514  -28.049 0.6999999881
29211  -15.889  -67.402  -27.721 0.6999999881
29226  -14.162  -67.112  -29.574 0.6000000238
29230  -21.435  -66.553  -28.903 0.5000000000
29244  -20.034  -66.632  -31.346 0.5000000000
29245  -20.353  -66.717  -30.745 0.5000000000
29256  -13.948  -66.754  -32.166 0.5000000000
29258  -18.607  -66.426  -32.384 0.6000000238
29270  -13.211  -67.267  -32.592 0.5000000000
29283  -13.574  -67.568  -33.253 0.5000000000
29296  -15.247  -67.506  -34.055 0.5000000000
29299  -18.041  -67.020  -34.786 0.5000000000
30341  -15.318  -67.006  -22.977 0.5000000000
30349  -11.422  -66.865  -24.025 0.6000000238
30353  -14.850  -66.245  -23.224 0.5000000000
30361  -9.296  -65.670  -24.901 0.6999999881
30364  -11.687  -65.965  -24.112 0.6000000238
30365  -18.148  -66.098  -24.922 0.5000000000
30381  -15.997  -67.035  -25.725 0.6999999881
30383  -17.662  -66.599  -25.475 0.5000000000
30384  -18.588  -66.398  -25.239 0.5000000000
30386  -20.484  -66.060  -25.341 0.5000000000
30398  -9.813  -66.432  -26.719 0.6000000238
30401  -13.467  -66.611  -26.467 0.6999999881
30418  -17.852  -66.771  -27.125 0.6000000238
30420  -19.505  -66.022  -27.480 0.5000000000
30422  -22.114  -66.036  -27.832 0.5000000000
30457  -13.105  -66.676  -31.080 0.5000000000
30461  -20.484  -66.112  -30.252 0.6000000238
30469  -14.607  -66.378  -31.764 0.5000000000
30481  -16.095  -65.874  -32.896 0.6000000238
30482  -17.299  -65.416  -33.282 0.6000000238
30483  -17.967  -65.484  -33.469 0.6000000238
30484  -18.490  -65.541  -32.909 0.6000000238
30492  -16.534  -66.192  -33.522 0.5000000000
31488  -17.894  -64.927  -19.571 0.5000000000
31489  -18.138  -65.517  -19.417 0.5000000000
31533  -13.462  -65.446  -23.775 0.6000000238
31534  -14.370  -65.483  -23.444 0.5000000000
31535  -15.130  -65.470  -23.145 0.5000000000
31543  -9.979  -65.374  -24.604 0.6999999881
31548  -20.692  -65.616  -24.830 0.5000000000
31561  -9.135  -65.222  -25.395 0.6999999881
31562  -15.901  -66.454  -25.651 0.5000000000
31563  -16.550  -65.956  -25.434 0.5000000000
31564  -17.782  -65.486  -25.057 0.5000000000
31576  -9.177  -65.339  -26.008 0.6999999881
31578  -10.336  -65.327  -26.650 0.6999999881
31579  -12.040  -65.130  -26.733 0.6000000238
31581  -14.053  -65.853  -26.407 0.6000000238
31589  -20.511  -65.623  -28.148 0.5000000000
31596  -20.214  -65.584  -29.138 0.6000000238
31604  -20.016  -65.535  -30.107 0.6000000238
31614  -16.886  -65.418  -31.082 0.6999999881
31616  -18.771  -65.109  -31.675 0.6000000238
31617  -20.002  -65.756  -30.790 0.5000000000
31625  -17.286  -64.897  -32.068 0.6000000238
31627  -18.618  -65.253  -32.388 0.6000000238
32610  -17.355  -64.006  -20.831 0.4000000060
32643  -13.400  -64.508  -24.240 0.6000000238
32646  -20.049  -64.721  -24.474 0.5000000000
32655  -9.992  -64.329  -25.510 0.6999999881
32658  -17.297  -64.593  -25.528 0.6000000238
32660  -19.091  -63.375  -24.899 0.5000000000
32669  -9.454  -64.720  -25.728 0.6999999881
32670  -9.966  -64.395  -26.019 0.6000000238
32671  -10.413  -64.415  -26.409 0.6000000238
32676  -15.863  -64.393  -26.296 0.6000000238
32685  -12.529  -63.708  -27.039 0.6000000238
32686  -13.203  -63.673  -27.235 0.6000000238
33675  -17.486  -63.561  -19.394 0.5000000000
33701  -17.371  -63.156  -21.069 0.4000000060
33708  -16.554  -63.739  -22.169 0.4000000060
33718  -16.344  -62.530  -23.110 0.6000000238
33726  -11.621  -63.682  -25.363 0.6000000238
33730  -14.910  -63.620  -23.997 0.6000000238
33755  -11.146  -63.899  -26.486 0.6000000238
33757  -15.811  -63.464  -27.006 0.6000000238
33772  -13.799  -63.035  -27.335 0.6000000238
33773  -15.699  -62.731  -27.456 0.6999999881
34794  -16.876  -61.824  -20.222 0.4000000060
34795  -17.253  -62.305  -20.315 0.4000000060
34805  -17.349  -62.359  -21.025 0.4000000060
34827  -14.312  -62.288  -25.103 0.6000000238
34841  -13.787  -62.039  -25.617 0.6000000238
34843  -18.933  -62.580  -25.023 0.5000000000
34854  -13.440  -62.297  -26.445 0.6000000238
34857  -17.313  -61.985  -26.910 0.6999999881
34858  -17.755  -62.441  -26.148 0.5000000000
34866  -13.281  -62.654  -26.995 0.6000000238
34867  -13.962  -62.347  -27.074 0.6000000238
34868  -15.638  -62.109  -27.493 0.6999999881
35898  -23.752  -61.171  -18.873 0.4000000060
35913  -22.559  -61.574  -19.366 0.4000000060
35935  -21.178  -61.673  -19.962 0.4000000060
35943  -16.829  -61.082  -21.435 0.5000000000
35944  -17.137  -61.749  -20.874 0.4000000060
35952  -16.861  -60.864  -22.367 0.5000000000
35957  -15.659  -61.104  -24.202 0.6000000238
35964  -14.391  -61.431  -25.374 0.6000000238
35967  -19.167  -61.362  -24.454 0.5000000000
35976  -18.155  -60.683  -25.495 0.6000000238
35985  -14.389  -61.341  -26.277 0.6000000238
35987  -17.236  -61.191  -26.866 0.6999999881
35997  -14.760  -61.836  -27.086 0.6000000238
35998  -15.576  -61.572  -27.294 0.6999999881
37125  -21.587  -60.767  -19.741 0.4000000060
37127  -23.467  -60.389  -19.037 0.4000000060
37146  -16.313  -60.525  -21.268 0.3000000119
37159  -14.905  -59.351  -21.215 0.3000000119
37162  -19.451  -60.408  -21.651 0.4000000060
37163  -19.859  -60.949  -21.106 0.4000000060
37179  -14.896  -60.069  -24.783 0.6999999881
37180  -19.166  -60.725  -24.138 0.5000000000
37190  -15.278  -60.106  -25.918 0.6000000238
37192  -18.090  -60.047  -25.330 0.5000000000
37200  -15.586  -60.561  -26.594 0.6999999881
37201  -17.145  -60.369  -26.530 0.6000000238
37212  -15.855  -61.083  -27.191 0.6999999881
38397  -16.079  -59.525  -18.039 0.3000000119
38398  -16.938  -59.311  -18.093 0.3000000119
38414  -13.731  -59.696  -18.285 0.3000000119
38415  -14.539  -59.613  -18.343 0.3000000119
38417  -16.069  -59.338  -18.464 0.3000000119
38439  -15.314  -59.314  -19.024 0.3000000119
38455  -14.018  -59.536  -20.880 0.3000000119
38478  -19.351  -59.528  -21.538 0.4000000060
38488  -18.969  -59.721  -23.126 0.5000000000
38493  -15.165  -59.352  -24.092 0.6000000238
38498  -14.850  -60.042  -25.242 0.6999999881
38512  -17.622  -59.419  -25.531 0.6000000238
38523  -16.022  -59.940  -26.345 0.6000000238
39628  -14.245  -58.657  -17.497 0.3000000119
39629  -15.160  -59.189  -17.586 0.3000000119
39630  -15.849  -59.368  -17.745 0.3000000119
39646  -9.619  -58.499  -18.084 0.3000000119
39649  -11.883  -58.408  -18.391 0.4000000060
39669  -14.862  -58.778  -19.939 0.3000000119
39687  -19.633  -57.955  -20.951 0.4000000060
39689  -21.233  -58.709  -20.388 0.4000000060
39701  -15.816  -58.120  -21.831 0.4000000060
39719  -15.580  -57.360  -22.192 0.4000000060
39720  -15.883  -58.149  -22.478 0.4000000060
39741  -17.987  -58.019  -23.877 0.5000000000
39759  -18.113  -58.687  -24.346 0.5000000000
39780  -17.065  -57.975  -25.150 0.5000000000
40898  -9.607  -57.333  -16.312 0.4000000060
40901  -17.335  -57.746  -16.578 0.3000000119
40914  -12.541  -57.057  -17.882 0.4000000060
40969  -15.421  -57.287  -21.095 0.4000000060
40973  -20.818  -56.897  -20.319 0.4000000060
40975  -22.513  -57.343  -20.262 0.3000000119
41003  -15.552  -57.267  -23.584 0.5000000000
41004  -17.504  -57.078  -23.917 0.5000000000
41012  -15.739  -57.391  -24.322 0.6000000238
41013  -16.461  -57.110  -24.427 0.6000000238
41024  -16.443  -57.615  -24.834 0.6000000238
42048  -10.078  -56.336  -16.201 0.4000000060
42050  -15.700  -56.768  -16.642 0.3000000119
42051  -16.718  -56.797  -16.385 0.3000000119
42065  -10.817  -56.078  -17.528 0.4000000060
42080  -10.997  -56.854  -18.250 0.4000000060
42122  -15.850  -55.792  -21.342 0.4000000060
42125  -18.120  -55.941  -20.412 0.3000000119
42143  -17.498  -55.646  -21.532 0.5000000000
42144  -17.993  -55.749  -20.878 0.4000000060
42158  -16.753  -55.806  -22.782 0.5000000000
42159  -17.289  -55.856  -22.510 0.5000000000
42175  -15.757  -56.641  -23.281 0.5000000000
42190  -16.017  -56.790  -23.969 0.6000000238
43278  -12.560  -55.313  -15.985 0.3000000119
43281  -19.379  -55.564  -15.559 0.3000000119
43306  -11.793  -54.931  -17.637 0.4000000060
43352  -16.901  -55.553  -20.731 0.3000000119
43358  -15.771  -55.814  -21.965 0.4000000060
43359  -16.344  -55.470  -21.571 0.4000000060
43369  -16.334  -55.625  -22.237 0.4000000060
44431  -11.621  -53.873  -17.157 0.4000000060
45459  -11.617  -53.310  -16.818 0.3000000119
45460  -11.691  -52.879  -16.827 0.3000000119
45461  -12.126  -52.589  -16.520 0.3000000119
45472  -11.637  -52.783  -17.050 0.3000000119
45476  -16.486  -53.238  -17.292 0.3000000119
46540  -11.763  -51.171  -16.858 0.3000000119
46541  -11.818  -51.664  -16.560 0.3000000119
46543  -13.889  -51.723  -16.351 0.3000000119
47600  -12.209  -50.437  -17.199 0.4000000060
47601  -13.253  -50.768  -17.797 0.4000000060
134479  -17.735  -78.235  -29.547 0.6999999881
134718  -15.232  -66.177  -31.280 0.6999999881
135647  -33.684  -78.648  -37.118 0.3000000119
135780  -18.852  -55.921  -19.973 0.3000000119
136516  -19.419  -65.390  -30.881 0.6000000238
136539  -10.698  -66.907  -29.251 0.5000000000
136954  -12.174  -55.912  -17.957 0.4000000060
137128  -20.572  -74.168  -25.171 0.5000000000
137144  -30.077  -78.543  -40.186 0.4000000060
137636  -15.579  -56.432  -21.265 0.4000000060
137820  -18.171  -57.415  -16.352 0.3000000119
138125  -25.854  -80.042  -41.664 0.5000000000
138309  -15.977  -52.525  -17.762 0.3000000119
138570  -18.543  -72.194  -31.835 0.5000000000
138824  -21.261  -75.587  -26.131 0.5000000000
139285  -35.672  -81.758  -31.687 0.3000000119
139370  -13.762  -67.081  -23.484 0.6000000238
139992  -29.974  -76.871  -40.528 0.3000000119
140690  -21.630  -76.694  -30.751 0.6000000238
140746  -18.366  -73.031  -29.496 0.6000000238
140860  -25.208  -74.869  -36.513 0.5000000000
141746  -15.537  -58.703  -25.151 0.6999999881
142328  -17.191  -69.899  -31.032 0.6000000238
142933  -18.122  -66.044  -20.506 0.5000000000
143686  -18.673  -66.537  -26.703 0.5000000000
144797  -9.526  -65.564  -26.425 0.6999999881
145511  -27.187  -75.728  -41.444 0.3000000119
146145  -20.536  -74.276  -37.582 0.5000000000
146629  -22.078  -76.420  -32.094 0.6000000238
146854  -12.545  -63.983  -24.752 0.6000000238
147893  -30.118  -79.273  -39.980 0.4000000060
148280  -24.673  -72.800  -39.818 0.4000000060
148683  -11.271  -63.555  -25.950 0.6000000238
148785  -18.186  -61.384  -25.591 0.6000000238
148795  -21.581  -77.521  -41.250 0.6999999881
149498  -21.767  -80.488  -36.733 0.6000000238
149685  -27.927  -79.123  -41.226 0.4000000060
149688  -15.397  -64.808  -23.037 0.5000000000
149920  -22.589  -77.329  -42.286 0.6000000238
150028  -15.081  -52.518  -18.231 0.3000000119
150257  -18.029  -70.451  -32.540 0.6000000238
150350  -10.989  -64.201  -24.897 0.6000000238
150791  -17.030  -56.334  -20.267 0.3000000119
150966  -22.810  -58.972  -19.752 0.4000000060
151269  -20.125  -67.154  -31.078 0.5000000000
151629  -17.538  -58.747  -17.348 0.3000000119
151875  -19.737  -67.130  -31.422 0.5000000000
152081  -10.219  -64.472  -24.877 0.6999999881
153483  -17.846  -66.214  -21.015 0.5000000000
153931  -17.933  -71.289  -26.522 0.6000000238
154001  -15.237  -58.494  -24.452 0.6000000238
154059  -16.650  -82.471  -30.919 0.5000000000
154197  -24.222  -59.076  -19.193 0.3000000119
154447  -25.349  -75.839  -28.586 0.6000000238
155248  -14.560  -79.038  -31.809 0.5000000000
155511  -20.256  -77.430  -30.481 0.6000000238
155657  -18.375  -72.019  -33.804 0.4000000060
156016  -14.549  -64.197  -26.957 0.5000000000
156550  -20.082  -56.382  -20.155 0.3000000119
156584  -26.748  -74.903  -34.490 0.4000000060
156825  -21.440  -66.150  -28.831 0.5000000000
156941  -17.234  -78.186  -33.077 0.6000000238
157020  -14.505  -65.133  -26.504 0.6000000238
157136  -18.555  -76.340  -34.640 0.5000000000
157202  -19.146  -81.063  -30.348 0.5000000000
157326  -11.362  -65.590  -26.664 0.6999999881
157399  -15.986  -57.849  -16.745 0.3000000119
157930  -11.278  -68.776  -24.439 0.5000000000
157940  -26.589  -72.513  -28.460 0.4000000060
158048  -9.706  -67.123  -24.681 0.6000000238
158247  -16.381  -55.429  -21.039 0.4000000060
158514  -31.895  -79.545  -38.375 0.3000000119
158589  -19.094  -55.905  -20.069 0.3000000119
158614  -22.882  -59.890  -19.391 0.4000000060
158695  -17.190  -68.278  -32.172 0.5000000000
158719  -15.617  -56.216  -22.233 0.4000000060
159278  -14.797  -64.154  -23.710 0.6000000238
159552  -17.205  -57.001  -19.883 0.3000000119
160107  -17.035  -63.232  -21.770 0.5000000000
160406  -23.794  -75.858  -38.823 0.6000000238
160540  -17.780  -56.213  -22.093 0.5000000000
160545  -17.880  -65.074  -33.298 0.6000000238
160549  -13.513  -67.759  -23.546 0.6000000238
160738  -19.384  -66.300  -26.753 0.5000000000
160780  -18.876  -75.794  -28.435 0.6000000238
161306  -17.297  -62.617  -26.682 0.6000000238
161561  -18.836  -78.265  -29.591 0.6000000238
161684  -31.454  -79.718  -38.111 0.3000000119
161697  -13.548  -58.524  -17.616 0.3000000119
161739  -17.930  -71.450  -30.509 0.6000000238
162030  -28.818  -75.712  -37.842 0.4000000060
162331  -23.937  -76.750  -38.097 0.6000000238
162401  -20.145  -65.366  -24.638 0.5000000000
162470  -11.252  -57.641  -18.468 0.4000000060
