#!ascii label  , from subject sub-v1s10x0051067_ses-1 vox2ras=TkReg
1447
111670  38.064  13.510  15.371 0.0000000000
151527  43.380  20.121  19.320 0.0000000000
106699  51.648  6.109  17.778 0.0000000000
110939  36.754  12.598  20.733 0.0000000000
110186  41.818  11.269  22.241 0.0000000000
116266  42.673  21.001  13.574 0.0000000000
160694  42.299  24.960  22.566 0.0000000000
121833  45.200  30.225  26.824 0.0000000000
103441  53.237  1.470  24.067 0.0000000000
104331  46.271  2.579  18.281 0.0000000000
113013  43.313  15.443  10.902 0.0000000000
110244  45.167  11.854  15.775 0.0000000000
112327  47.743  14.336  17.365 0.0000000000
157502  49.499  11.794  23.931 0.0000000000
123857  45.246  34.285  27.452 0.0000000000
118628  48.722  23.572  21.221 0.0000000000
106692  45.727  6.190  19.571 0.0000000000
111636  38.016  13.115  18.076 0.0000000000
110923  39.456  12.255  21.641 0.0000000000
111621  41.224  13.512  19.114 0.0000000000
112984  39.882  15.754  14.989 0.0000000000
113640  37.355  15.740  16.556 0.0000000000
121374  40.938  28.850  26.000 0.0000000000
103414  51.543  2.368  27.696 0.0000000000
104273  48.816  3.469  24.602 0.0000000000
135489  46.784  3.410  29.060 0.0000000000
122336  43.074  31.027  22.129 0.0000000000
114323  43.200  17.255  15.533 0.0000000000
112355  44.456  13.769  13.856 0.0000000000
113619  45.222  16.960  18.207 0.0000000000
114894  49.530  18.693  28.083 0.0000000000
113569  49.480  16.473  23.866 0.0000000000
112899  49.319  15.135  27.064 0.0000000000
151231  49.517  8.921  24.433 0.0000000000
138648  47.003  24.989  22.548 0.0000000000
120326  49.203  26.696  24.176 0.0000000000
117421  46.157  22.582  20.290 0.0000000000
116251  45.042  20.746  15.137 0.0000000000
108829  49.147  9.344  15.549 0.0000000000
108810  46.939  9.598  19.717 0.0000000000
105958  49.062  5.568  18.604 0.0000000000
108047  39.689  8.462  23.246 0.0000000000
107373  40.813  7.441  21.730 0.0000000000
119278  45.975  25.335  14.494 0.0000000000
117468  41.989  22.388  15.478 0.0000000000
116807  44.810  21.155  22.509 0.0000000000
113597  43.869  17.081  21.738 0.0000000000
123798  39.201  34.154  31.399 0.0000000000
162583  43.823  34.019  31.119 0.0000000000
120883  44.042  28.045  23.890 0.0000000000
105156  53.030  3.230  20.185 0.0000000000
103508  50.782  1.761  16.897 0.0000000000
104312  50.632  2.338  20.811 0.0000000000
135737  45.908  4.410  22.582 0.0000000000
111700  39.509  13.104  12.431 0.0000000000
110982  41.780  12.676  14.939 0.0000000000
110279  43.267  11.546  12.055 0.0000000000
110989  46.764  11.796  13.932 0.0000000000
145585  49.700  11.054  17.527 0.0000000000
113595  47.439  16.493  20.873 0.0000000000
156649  48.370  12.953  20.283 0.0000000000
108070  49.793  8.611  20.551 0.0000000000
136497  51.703  6.145  23.478 0.0000000000
105918  51.585  4.927  25.842 0.0000000000
160994  42.428  32.919  25.449 0.0000000000
121851  45.749  30.605  23.510 0.0000000000
121382  48.796  29.579  24.149 0.0000000000
119814  46.877  26.276  20.869 0.0000000000
117466  45.237  22.557  15.098 0.0000000000
114341  42.498  17.546  11.499 0.0000000000
110944  44.180  12.606  18.808 0.0000000000
108064  43.852  8.950  21.989 0.0000000000
107395  41.741  7.362  19.103 0.0000000000
105200  46.729  3.554  16.101 0.0000000000
156056  38.525  13.351  16.842 0.0000000000
111635  39.752  13.630  18.581 0.0000000000
135734  39.665  13.588  17.014 0.0000000000
112998  38.333  14.403  14.657 0.0000000000
113652  38.583  15.571  15.846 0.0000000000
112987  37.450  14.527  15.728 0.0000000000
112329  36.957  14.180  16.797 0.0000000000
151242  50.064  3.726  30.111 0.0000000000
104230  49.579  3.128  27.847 0.0000000000
135491  48.222  3.506  30.188 0.0000000000
105952  38.355  5.453  20.439 0.0000000000
115604  43.366  19.126  18.027 0.0000000000
137270  43.394  16.946  16.779 0.0000000000
114301  44.212  17.916  18.262 0.0000000000
113521  50.057  17.039  30.347 0.0000000000
149583  49.666  17.099  27.515 0.0000000000
116821  45.643  21.465  21.822 0.0000000000
117410  47.414  22.365  21.848 0.0000000000
116833  44.320  21.621  20.161 0.0000000000
116848  43.555  20.865  17.825 0.0000000000
107416  50.706  7.843  16.310 0.0000000000
107408  49.281  7.674  16.962 0.0000000000
106711  50.511  5.781  16.978 0.0000000000
110203  36.442  11.769  21.952 0.0000000000
110190  37.812  11.433  22.172 0.0000000000
110199  41.073  11.938  21.896 0.0000000000
147602  39.709  10.463  23.041 0.0000000000
108784  40.777  9.806  22.989 0.0000000000
108057  40.447  8.377  22.751 0.0000000000
108056  41.489  8.656  22.387 0.0000000000
117489  43.856  22.310  13.246 0.0000000000
118109  43.634  23.646  13.364 0.0000000000
116870  42.027  21.242  14.572 0.0000000000
112315  36.614  13.840  20.191 0.0000000000
111606  36.425  13.052  21.106 0.0000000000
138145  43.485  23.764  22.369 0.0000000000
138568  43.545  19.668  23.768 0.0000000000
116794  43.269  21.910  24.417 0.0000000000
120317  41.577  27.707  24.262 0.0000000000
120857  42.419  28.577  25.413 0.0000000000
143429  43.172  26.641  22.464 0.0000000000
118621  44.500  24.591  21.832 0.0000000000
104300  53.324  2.151  21.689 0.0000000000
103476  52.511  1.316  20.471 0.0000000000
103467  51.847  1.518  22.173 0.0000000000
104260  46.231  3.851  25.689 0.0000000000
105116  47.350  4.129  23.443 0.0000000000
143244  45.131  4.457  24.228 0.0000000000
112379  41.580  14.396  10.848 0.0000000000
110282  40.783  11.180  11.449 0.0000000000
111704  42.406  12.610  10.463 0.0000000000
112344  46.380  13.915  15.350 0.0000000000
111676  45.900  13.007  13.823 0.0000000000
111653  47.852  13.072  15.790 0.0000000000
110967  48.920  11.828  15.916 0.0000000000
110953  48.723  12.502  17.618 0.0000000000
113574  44.443  16.726  23.728 0.0000000000
113584  45.428  16.401  21.685 0.0000000000
113572  47.273  16.649  23.052 0.0000000000
111594  49.085  13.694  23.964 0.0000000000
112304  48.950  15.394  22.075 0.0000000000
110919  48.331  12.341  21.779 0.0000000000
109504  48.667  10.804  20.646 0.0000000000
108789  49.280  9.334  21.855 0.0000000000
107366  50.430  7.464  21.899 0.0000000000
108768  50.369  9.039  23.668 0.0000000000
107344  48.016  8.052  25.487 0.0000000000
106649  49.676  6.298  25.098 0.0000000000
123324  43.450  33.617  26.265 0.0000000000
122832  44.243  32.187  24.820 0.0000000000
122831  45.443  32.396  25.114 0.0000000000
122802  45.344  33.019  29.131 0.0000000000
123301  46.296  33.846  29.622 0.0000000000
122309  46.802  31.766  27.695 0.0000000000
119203  49.468  25.455  23.141 0.0000000000
120312  49.294  28.023  24.423 0.0000000000
159253  49.249  25.785  22.372 0.0000000000
120340  48.009  27.574  22.353 0.0000000000
146331  47.646  24.574  20.081 0.0000000000
118656  46.907  24.206  17.574 0.0000000000
118071  46.696  23.646  18.008 0.0000000000
114344  43.963  16.799  11.635 0.0000000000
115004  44.192  18.708  12.414 0.0000000000
113675  42.633  16.103  10.854 0.0000000000
113010  40.870  15.287  12.153 0.0000000000
110980  43.612  12.267  15.297 0.0000000000
111642  43.157  13.243  16.997 0.0000000000
110961  44.666  12.661  17.384 0.0000000000
107380  46.622  7.578  20.788 0.0000000000
108803  45.699  9.542  21.078 0.0000000000
107369  44.895  7.878  21.397 0.0000000000
107371  43.244  7.768  21.314 0.0000000000
163613  43.813  6.891  19.467 0.0000000000
103488  48.706  1.966  18.213 0.0000000000
104358  48.445  2.571  16.709 0.0000000000
104345  46.533  2.472  16.710 0.0000000000
111625  36.978  12.824  19.159 0.0000000000
110924  38.537  12.423  21.138 0.0000000000
110937  38.549  12.791  20.352 0.0000000000
148301  40.494  13.085  20.680 0.0000000000
110920  41.953  12.536  21.013 0.0000000000
114330  40.816  17.612  14.351 0.0000000000
111638  36.849  13.689  18.178 0.0000000000
103424  53.100  1.813  26.194 0.0000000000
103451  51.942  1.498  24.107 0.0000000000
104243  50.714  2.386  26.391 0.0000000000
104245  47.630  3.504  26.746 0.0000000000
142633  43.405  16.585  13.775 0.0000000000
112364  43.350  14.272  12.436 0.0000000000
113649  43.414  15.567  15.200 0.0000000000
112970  44.832  15.300  16.327 0.0000000000
112959  46.848  15.377  17.582 0.0000000000
114915  49.060  18.457  27.083 0.0000000000
156107  48.288  17.388  24.577 0.0000000000
114251  49.458  17.334  25.827 0.0000000000
112907  49.649  15.641  25.966 0.0000000000
111577  49.511  13.290  25.500 0.0000000000
109462  49.768  10.418  24.231 0.0000000000
110165  49.294  11.983  25.305 0.0000000000
109454  47.675  10.413  25.001 0.0000000000
150670  46.907  9.415  25.901 0.0000000000
124364  44.771  35.527  29.469 0.0000000000
120882  45.860  27.771  24.152 0.0000000000
120853  46.871  28.758  25.739 0.0000000000
119205  47.794  25.658  23.392 0.0000000000
118608  49.067  23.808  22.631 0.0000000000
118048  48.178  22.971  20.858 0.0000000000
117442  45.861  23.042  17.760 0.0000000000
140626  44.690  21.845  16.484 0.0000000000
143324  43.902  18.413  14.483 0.0000000000
109532  47.167  10.954  15.930 0.0000000000
110225  46.394  11.378  17.934 0.0000000000
108817  48.157  9.323  17.602 0.0000000000
108077  47.691  8.191  19.605 0.0000000000
161108  47.332  5.887  19.635 0.0000000000
104318  44.826  3.507  19.385 0.0000000000
104334  44.068  3.404  17.686 0.0000000000
108049  37.684  8.287  24.107 0.0000000000
110189  38.876  11.313  22.396 0.0000000000
158218  38.763  9.272  23.556 0.0000000000
137714  38.396  7.949  23.751 0.0000000000
107363  39.187  7.044  23.026 0.0000000000
106670  39.712  6.385  21.464 0.0000000000
106681  39.729  6.310  20.379 0.0000000000
119283  45.865  26.089  13.744 0.0000000000
144542  43.497  24.859  14.147 0.0000000000
116815  44.170  20.600  21.593 0.0000000000
114955  43.435  18.739  20.703 0.0000000000
115577  43.555  19.331  22.381 0.0000000000
114934  43.367  18.275  24.373 0.0000000000
114244  45.097  18.174  26.248 0.0000000000
115554  46.653  19.637  27.152 0.0000000000
115543  48.443  20.588  28.420 0.0000000000
123267  41.621  33.506  31.755 0.0000000000
123303  43.330  33.198  29.405 0.0000000000
122311  44.248  31.559  27.680 0.0000000000
120855  44.470  28.710  25.481 0.0000000000
120341  45.415  26.543  22.733 0.0000000000
118036  45.394  23.680  22.131 0.0000000000
105172  52.446  4.441  18.571 0.0000000000
105197  52.193  3.819  16.854 0.0000000000
103485  52.710  1.707  18.463 0.0000000000
103478  50.590  1.904  19.544 0.0000000000
104314  48.537  3.085  20.293 0.0000000000
104283  49.729  3.212  23.231 0.0000000000
105142  47.818  3.966  21.930 0.0000000000
105159  46.004  3.810  20.676 0.0000000000
110995  38.982  13.102  13.692 0.0000000000
111668  40.017  13.234  15.136 0.0000000000
159116  40.013  12.373  13.060 0.0000000000
111005  42.163  11.623  13.148 0.0000000000
110260  44.192  11.558  13.592 0.0000000000
111015  44.272  12.437  12.356 0.0000000000
111004  45.098  12.080  12.919 0.0000000000
110257  46.509  11.458  14.311 0.0000000000
110249  48.403  10.800  14.900 0.0000000000
109530  49.918  9.899  15.661 0.0000000000
108814  50.899  8.792  17.363 0.0000000000
113605  44.948  16.954  20.109 0.0000000000
113612  46.151  16.581  19.576 0.0000000000
112941  47.972  15.817  19.150 0.0000000000
113581  49.032  16.908  22.410 0.0000000000
135290  48.690  15.784  20.660 0.0000000000
111619  48.461  13.867  19.057 0.0000000000
110215  48.749  11.887  19.190 0.0000000000
108808  49.989  9.705  18.965 0.0000000000
162793  51.163  7.206  18.883 0.0000000000
105946  51.923  5.214  20.477 0.0000000000
163384  52.275  5.245  22.354 0.0000000000
105933  52.740  4.833  23.366 0.0000000000
106656  50.932  7.371  24.037 0.0000000000
105925  51.965  5.503  24.205 0.0000000000
105100  53.181  3.864  24.998 0.0000000000
161103  52.671  3.720  27.088 0.0000000000
155710  42.739  31.694  23.765 0.0000000000
121855  44.567  30.168  22.480 0.0000000000
120893  45.390  28.540  21.370 0.0000000000
153997  47.384  30.036  26.167 0.0000000000
157105  46.845  33.030  26.204 0.0000000000
121847  47.583  30.927  24.137 0.0000000000
120892  46.562  27.994  21.879 0.0000000000
119827  45.989  27.003  19.669 0.0000000000
119263  46.993  25.117  17.097 0.0000000000
148191  45.472  23.619  15.078 0.0000000000
116875  44.051  21.477  13.161 0.0000000000
116862  45.111  20.976  14.885 0.0000000000
116280  43.804  20.064  12.578 0.0000000000
140871  41.800  18.739  13.255 0.0000000000
113665  40.749  16.403  13.453 0.0000000000
113004  39.626  14.678  13.635 0.0000000000
111644  41.602  13.633  17.478 0.0000000000
110946  42.636  12.998  19.544 0.0000000000
110210  43.628  11.782  20.804 0.0000000000
109515  45.766  10.829  19.884 0.0000000000
109507  44.745  10.719  21.137 0.0000000000
109483  42.983  10.100  22.290 0.0000000000
108065  42.217  8.537  22.077 0.0000000000
107386  40.891  7.038  20.325 0.0000000000
105184  49.662  4.102  17.331 0.0000000000
105186  47.621  4.438  18.043 0.0000000000
105961  46.222  5.396  18.464 0.0000000000
105202  45.071  4.366  14.880 0.0000000000
105963  44.428  6.422  18.372 0.0000000000
103395  46.240  2.423  31.144 0.0000000000
103402  44.433  2.503  29.538 0.0000000000
111659  37.841  13.433  16.240 0.0000000000
111658  38.679  13.314  16.042 0.0000000000
158746  38.331  13.871  14.366 0.0000000000
112347  37.848  13.986  15.037 0.0000000000
138493  49.181  3.663  30.162 0.0000000000
137443  43.761  18.362  17.971 0.0000000000
114967  43.788  18.505  18.801 0.0000000000
116823  43.854  20.879  20.663 0.0000000000
116834  43.638  21.032  19.537 0.0000000000
116241  43.481  20.637  18.745 0.0000000000
107406  51.162  7.426  16.515 0.0000000000
135906  50.534  6.576  16.754 0.0000000000
106709  51.379  5.946  17.192 0.0000000000
110926  36.469  12.218  21.453 0.0000000000
110202  36.971  11.706  21.771 0.0000000000
110187  40.799  11.230  22.460 0.0000000000
109485  41.298  10.494  22.685 0.0000000000
135293  40.934  9.042  22.782 0.0000000000
108783  41.625  9.598  22.662 0.0000000000
116876  43.371  21.635  13.467 0.0000000000
116869  42.631  21.654  14.050 0.0000000000
116267  41.813  20.434  14.282 0.0000000000
111615  36.602  13.045  20.239 0.0000000000
162090  36.548  13.448  20.625 0.0000000000
118612  42.862  24.599  22.371 0.0000000000
117391  43.373  22.137  23.231 0.0000000000
118003  42.421  23.606  23.129 0.0000000000
119794  42.052  26.140  22.678 0.0000000000
119783  42.425  26.856  22.806 0.0000000000
119209  42.582  25.488  22.385 0.0000000000
143583  43.252  25.162  22.046 0.0000000000
104290  53.478  2.095  22.687 0.0000000000
103457  53.101  1.400  22.174 0.0000000000
103449  53.198  1.366  23.139 0.0000000000
105093  45.595  4.122  24.944 0.0000000000
112378  42.486  14.472  10.564 0.0000000000
111705  41.770  13.420  10.474 0.0000000000
143451  42.645  13.690  10.447 0.0000000000
112336  46.606  14.453  16.235 0.0000000000
111654  47.085  13.628  15.554 0.0000000000
153799  47.430  13.982  16.479 0.0000000000
111652  48.423  12.720  16.376 0.0000000000
111641  48.007  13.532  16.846 0.0000000000
113561  45.824  16.848  24.647 0.0000000000
151013  45.346  16.555  23.899 0.0000000000
113560  47.058  17.084  24.669 0.0000000000
110909  49.347  12.566  24.007 0.0000000000
141153  48.693  13.165  23.190 0.0000000000
110916  48.688  12.262  23.002 0.0000000000
109495  48.592  10.710  21.761 0.0000000000
109482  49.058  10.764  22.900 0.0000000000
108054  49.977  8.887  22.628 0.0000000000
109481  49.687  10.212  23.384 0.0000000000
107337  47.757  7.896  26.145 0.0000000000
123858  43.924  34.207  26.982 0.0000000000
123843  43.176  34.507  27.476 0.0000000000
123336  44.144  33.294  25.869 0.0000000000
123335  45.385  33.485  26.175 0.0000000000
157945  44.894  31.934  28.099 0.0000000000
122812  45.645  32.394  28.534 0.0000000000
121822  45.921  30.951  27.312 0.0000000000
118620  49.291  24.097  21.884 0.0000000000
163458  49.546  25.656  22.778 0.0000000000
119220  48.902  25.048  21.707 0.0000000000
119233  48.476  24.312  20.976 0.0000000000
118644  47.152  23.989  18.496 0.0000000000
118635  47.417  23.730  19.603 0.0000000000
113673  43.625  16.142  11.232 0.0000000000
158177  43.507  16.677  11.184 0.0000000000
113014  42.940  15.377  10.684 0.0000000000
113015  42.226  15.269  10.798 0.0000000000
110979  44.414  12.066  15.504 0.0000000000
110970  44.549  12.460  16.491 0.0000000000
110969  45.254  12.257  16.759 0.0000000000
106677  45.964  6.720  20.464 0.0000000000
107368  45.864  7.871  21.224 0.0000000000
107381  45.467  7.261  20.956 0.0000000000
107382  44.649  7.232  20.827 0.0000000000
106679  44.447  6.764  19.927 0.0000000000
104330  47.184  2.618  18.740 0.0000000000
104344  47.018  2.215  17.451 0.0000000000
135882  37.598  12.895  18.772 0.0000000000
110948  37.540  12.732  19.646 0.0000000000
111624  38.626  13.054  19.514 0.0000000000
111622  40.410  13.600  19.255 0.0000000000
111612  40.223  13.470  19.953 0.0000000000
111611  40.958  13.384  19.925 0.0000000000
110921  41.234  12.559  21.239 0.0000000000
110935  41.477  12.962  20.531 0.0000000000
113658  40.495  16.622  14.507 0.0000000000
146884  40.524  17.306  15.065 0.0000000000
113650  40.220  16.613  15.485 0.0000000000
112972  37.671  15.301  15.955 0.0000000000
113638  39.177  16.245  16.472 0.0000000000
135217  37.203  13.085  17.964 0.0000000000
111637  36.896  12.995  18.616 0.0000000000
103413  52.392  1.973  27.285 0.0000000000
103435  51.789  1.733  26.061 0.0000000000
103426  51.627  1.921  26.920 0.0000000000
135490  48.139  3.505  28.608 0.0000000000
163307  48.793  3.294  27.418 0.0000000000
104232  47.306  3.512  27.506 0.0000000000
104246  46.618  3.590  26.762 0.0000000000
104233  46.477  3.489  27.737 0.0000000000
122337  42.311  31.526  22.352 0.0000000000
154473  42.534  31.436  21.673 0.0000000000
113657  43.231  15.789  14.404 0.0000000000
148956  43.193  16.409  14.923 0.0000000000
113625  44.738  16.565  17.535 0.0000000000
113635  44.009  16.026  16.867 0.0000000000
112961  45.145  15.826  17.118 0.0000000000
112969  45.827  15.153  16.612 0.0000000000
113624  45.619  16.302  17.779 0.0000000000
114906  49.204  18.969  27.872 0.0000000000
114240  49.312  17.880  26.316 0.0000000000
114914  49.392  18.227  27.244 0.0000000000
148978  49.379  15.787  27.501 0.0000000000
112891  49.608  16.510  27.134 0.0000000000
112286  49.646  14.451  25.932 0.0000000000
110896  49.553  12.528  25.316 0.0000000000
111578  49.385  13.168  25.735 0.0000000000
110898  47.924  12.286  25.394 0.0000000000
110167  47.031  11.681  25.394 0.0000000000
109455  46.921  10.966  25.392 0.0000000000
110156  46.155  11.581  25.794 0.0000000000
119782  46.459  26.564  23.247 0.0000000000
120328  46.773  27.220  23.851 0.0000000000
117398  48.482  22.702  21.986 0.0000000000
117420  47.406  22.695  20.859 0.0000000000
118035  49.023  22.938  21.887 0.0000000000
117432  46.827  23.126  19.878 0.0000000000
117433  45.944  23.131  19.049 0.0000000000
117443  44.944  22.683  18.342 0.0000000000
114980  43.312  18.594  16.249 0.0000000000
115618  43.991  19.636  15.366 0.0000000000
147957  43.374  18.161  15.572 0.0000000000
114329  43.575  17.430  14.176 0.0000000000
108824  48.275  9.762  16.524 0.0000000000
109526  47.564  10.306  17.118 0.0000000000
108823  48.769  8.960  16.435 0.0000000000
106688  49.053  6.270  18.490 0.0000000000
108076  48.351  7.777  18.840 0.0000000000
106689  48.543  6.252  19.230 0.0000000000
107392  47.985  7.127  19.846 0.0000000000
106690  47.961  6.086  19.720 0.0000000000
108773  37.385  9.261  23.825 0.0000000000
108772  38.143  9.609  23.468 0.0000000000
153337  38.608  11.904  21.829 0.0000000000
110201  39.403  11.733  22.138 0.0000000000
109471  39.976  9.891  23.274 0.0000000000
109472  38.997  10.042  23.281 0.0000000000
108771  39.459  9.250  23.435 0.0000000000
108048  38.954  8.577  23.559 0.0000000000
107357  39.105  7.756  23.352 0.0000000000
135124  40.465  7.687  22.330 0.0000000000
107374  40.211  6.996  22.035 0.0000000000
106669  40.466  6.789  21.007 0.0000000000
119270  46.441  25.730  15.484 0.0000000000
119284  45.527  25.319  13.461 0.0000000000
118110  42.958  23.223  14.370 0.0000000000
118690  43.787  24.450  13.303 0.0000000000
118097  42.695  23.849  15.143 0.0000000000
162184  41.903  22.732  15.928 0.0000000000
116223  43.913  20.172  22.186 0.0000000000
115582  43.554  19.616  21.589 0.0000000000
116217  44.236  20.639  22.720 0.0000000000
115568  43.356  18.865  24.040 0.0000000000
114256  43.911  17.816  25.372 0.0000000000
115555  45.964  20.081  26.918 0.0000000000
114908  47.567  19.756  27.511 0.0000000000
123797  40.366  34.662  31.731 0.0000000000
123268  40.739  33.349  31.627 0.0000000000
123293  42.147  32.988  30.617 0.0000000000
122804  42.630  32.779  28.758 0.0000000000
122814  42.911  32.395  28.130 0.0000000000
144769  42.988  28.436  24.844 0.0000000000
120856  43.462  28.744  25.469 0.0000000000
121371  44.075  29.149  25.979 0.0000000000
120874  43.801  28.400  24.730 0.0000000000
157521  44.871  27.801  23.808 0.0000000000
120329  44.320  27.496  23.237 0.0000000000
118610  44.341  23.736  22.126 0.0000000000
162333  45.145  24.672  21.868 0.0000000000
117401  45.276  21.800  22.500 0.0000000000
116806  45.581  21.520  22.212 0.0000000000
105157  52.508  4.348  19.767 0.0000000000
104343  52.664  3.337  17.793 0.0000000000
105171  52.885  3.321  19.032 0.0000000000
103477  51.671  1.543  20.280 0.0000000000
139019  52.050  1.289  19.363 0.0000000000
104328  49.176  2.361  19.336 0.0000000000
104313  49.551  2.829  20.467 0.0000000000
104271  50.783  2.441  24.578 0.0000000000
104282  50.753  2.473  23.636 0.0000000000
104272  49.744  3.133  24.125 0.0000000000
105117  46.533  4.352  23.196 0.0000000000
105129  47.980  3.999  22.662 0.0000000000
105130  47.046  4.225  22.397 0.0000000000
105143  47.272  3.907  21.375 0.0000000000
105144  46.417  4.115  21.580 0.0000000000
105145  45.507  4.225  21.559 0.0000000000
105131  44.925  4.514  22.356 0.0000000000
111691  39.138  13.062  13.089 0.0000000000
110994  39.420  12.779  13.657 0.0000000000
111018  39.756  12.570  12.410 0.0000000000
110289  42.031  10.729  11.029 0.0000000000
110271  41.803  11.190  12.146 0.0000000000
110270  42.814  11.385  12.453 0.0000000000
110261  43.244  11.579  13.364 0.0000000000
110269  43.837  11.585  12.816 0.0000000000
112356  43.624  14.268  13.637 0.0000000000
143129  43.666  13.240  12.056 0.0000000000
111690  44.296  13.309  12.822 0.0000000000
111675  46.441  12.450  13.893 0.0000000000
111688  45.511  12.519  13.237 0.0000000000
111002  46.133  11.967  13.500 0.0000000000
110267  45.523  11.764  13.485 0.0000000000
109542  47.135  11.274  14.568 0.0000000000
110250  47.702  11.137  14.489 0.0000000000
110232  49.276  11.687  16.905 0.0000000000
155485  49.377  11.126  15.894 0.0000000000
109525  50.237  10.261  16.828 0.0000000000
108822  50.438  9.391  16.043 0.0000000000
108815  50.533  9.531  17.438 0.0000000000
156673  43.606  17.629  21.351 0.0000000000
114288  44.217  17.553  20.075 0.0000000000
114282  44.069  17.281  20.853 0.0000000000
113596  46.515  16.412  21.192 0.0000000000
113604  45.698  16.499  20.700 0.0000000000
113603  46.849  16.451  20.330 0.0000000000
113611  47.360  16.228  19.522 0.0000000000
112935  48.097  16.098  19.741 0.0000000000
113558  49.235  17.029  24.192 0.0000000000
113559  48.830  17.239  23.878 0.0000000000
113570  49.145  16.969  23.278 0.0000000000
111605  48.487  14.277  21.676 0.0000000000
112309  48.792  15.259  21.075 0.0000000000
135976  48.538  14.355  20.800 0.0000000000
160239  48.545  14.455  19.645 0.0000000000
111610  48.475  13.853  20.060 0.0000000000
110943  48.574  12.710  18.547 0.0000000000
110932  48.486  12.330  19.988 0.0000000000
108799  49.473  9.423  20.397 0.0000000000
161194  49.515  9.962  19.614 0.0000000000
108075  50.080  8.867  19.567 0.0000000000
108074  50.616  8.233  18.993 0.0000000000
107390  50.736  7.412  19.571 0.0000000000
106674  51.403  5.987  19.945 0.0000000000
106675  50.871  6.677  20.408 0.0000000000
142169  51.646  6.090  22.456 0.0000000000
161835  51.181  6.445  21.944 0.0000000000
158435  52.774  4.609  22.709 0.0000000000
105941  52.280  5.473  23.025 0.0000000000
108759  49.602  9.857  24.452 0.0000000000
108758  50.210  9.396  24.077 0.0000000000
105919  50.359  5.645  25.596 0.0000000000
105926  50.426  5.996  24.812 0.0000000000
153819  51.235  5.476  24.908 0.0000000000
105101  52.308  4.866  24.971 0.0000000000
156527  52.639  4.284  25.640 0.0000000000
105089  53.220  3.371  25.852 0.0000000000
123325  41.620  33.719  26.538 0.0000000000
123326  40.566  33.550  26.470 0.0000000000
123338  41.191  33.192  25.831 0.0000000000
122825  42.575  32.532  25.012 0.0000000000
122328  44.904  31.713  24.423 0.0000000000
140336  44.492  31.165  23.754 0.0000000000
121852  44.723  30.609  23.195 0.0000000000
121390  44.889  29.673  22.213 0.0000000000
121389  45.916  29.603  22.628 0.0000000000
120314  48.332  27.734  25.005 0.0000000000
121368  47.282  29.399  26.018 0.0000000000
120870  48.705  28.234  25.220 0.0000000000
121381  49.142  28.891  24.674 0.0000000000
121843  48.220  30.523  25.219 0.0000000000
122323  47.690  31.195  25.280 0.0000000000
122327  47.507  31.487  24.796 0.0000000000
139904  46.922  31.937  24.952 0.0000000000
121383  47.941  30.060  23.688 0.0000000000
120888  47.572  28.567  22.600 0.0000000000
120348  46.987  26.931  21.554 0.0000000000
119815  46.153  26.941  20.574 0.0000000000
156310  46.487  26.180  20.088 0.0000000000
119826  46.558  26.300  19.169 0.0000000000
142205  47.068  25.521  18.501 0.0000000000
157173  45.612  23.001  15.912 0.0000000000
118668  45.925  23.838  16.154 0.0000000000
117477  44.736  22.426  14.258 0.0000000000
116853  45.002  21.466  15.548 0.0000000000
116852  45.228  22.210  16.140 0.0000000000
116257  44.953  20.409  14.692 0.0000000000
115006  42.962  18.284  11.682 0.0000000000
115003  44.332  19.529  12.720 0.0000000000
115005  43.403  18.890  12.110 0.0000000000
115637  43.053  19.678  12.559 0.0000000000
150270  42.106  18.175  12.317 0.0000000000
114334  41.380  17.905  13.443 0.0000000000
113664  41.503  17.207  12.571 0.0000000000
112372  40.608  14.317  11.769 0.0000000000
112365  40.117  14.518  12.791 0.0000000000
112366  39.217  13.718  13.172 0.0000000000
110983  40.714  12.887  14.649 0.0000000000
111667  41.032  13.246  15.718 0.0000000000
111656  41.767  13.418  16.636 0.0000000000
152929  43.625  13.030  18.543 0.0000000000
160152  42.845  13.430  17.588 0.0000000000
110945  43.452  12.752  19.265 0.0000000000
110933  43.147  12.418  20.153 0.0000000000
109514  47.022  10.188  18.806 0.0000000000
110216  46.397  10.843  18.896 0.0000000000
159620  46.473  10.335  19.563 0.0000000000
108791  45.165  9.083  21.505 0.0000000000
109496  44.998  9.915  21.420 0.0000000000
108792  44.433  9.414  21.740 0.0000000000
109498  43.482  10.580  21.855 0.0000000000
108793  43.705  9.756  22.021 0.0000000000
158893  42.611  9.012  22.289 0.0000000000
144207  43.085  8.563  21.925 0.0000000000
155793  42.351  7.370  19.890 0.0000000000
136924  42.252  7.515  20.971 0.0000000000
107385  41.532  7.303  20.267 0.0000000000
106680  40.371  6.730  19.891 0.0000000000
107396  40.958  7.168  19.460 0.0000000000
104356  51.461  2.869  16.693 0.0000000000
105198  50.472  3.518  16.730 0.0000000000
154600  50.380  2.476  16.701 0.0000000000
104360  47.181  2.910  16.112 0.0000000000
160111  48.120  3.834  17.374 0.0000000000
148346  47.388  3.582  16.568 0.0000000000
155792  47.087  5.268  18.840 0.0000000000
105974  46.746  4.394  17.027 0.0000000000
105188  43.493  3.777  17.129 0.0000000000
104348  44.416  3.468  16.104 0.0000000000
105203  43.873  4.152  15.426 0.0000000000
111647  37.773  13.303  17.218 0.0000000000
136434  38.776  13.259  18.688 0.0000000000
111646  38.951  13.402  17.774 0.0000000000
135735  39.965  13.751  17.922 0.0000000000
111634  40.599  13.687  18.483 0.0000000000
112997  39.195  14.926  14.394 0.0000000000
112985  38.901  15.221  15.154 0.0000000000
112986  37.997  14.793  15.338 0.0000000000
112973  37.070  15.095  16.240 0.0000000000
112974  36.773  14.842  16.714 0.0000000000
112339  37.075  14.343  16.222 0.0000000000
111660  37.304  13.763  16.550 0.0000000000
104220  51.516  2.976  28.582 0.0000000000
104229  50.656  2.792  28.035 0.0000000000
104221  50.237  3.215  28.688 0.0000000000
104213  48.630  3.565  29.377 0.0000000000
104214  47.553  3.471  29.378 0.0000000000
114317  43.231  17.684  16.304 0.0000000000
156492  43.262  17.801  16.929 0.0000000000
114309  43.749  17.649  17.538 0.0000000000
114300  44.732  17.466  18.606 0.0000000000
114223  49.974  18.041  29.637 0.0000000000
114237  49.671  17.847  27.658 0.0000000000
113537  50.011  17.019  29.264 0.0000000000
157757  48.962  15.425  27.565 0.0000000000
118020  46.925  22.969  22.353 0.0000000000
153083  47.813  23.897  22.571 0.0000000000
117399  46.753  22.153  22.191 0.0000000000
137786  46.452  22.033  21.419 0.0000000000
117434  45.044  22.410  19.600 0.0000000000
116841  44.214  21.907  18.975 0.0000000000
116842  43.718  21.296  18.558 0.0000000000
116248  43.380  20.007  17.596 0.0000000000
108091  50.097  8.154  16.221 0.0000000000
108092  49.097  8.344  16.646 0.0000000000
107407  50.237  7.405  16.541 0.0000000000
107401  49.357  6.824  17.458 0.0000000000
106700  49.716  5.933  17.721 0.0000000000
110200  40.170  11.835  22.074 0.0000000000
110188  39.812  11.138  22.586 0.0000000000
109486  40.420  10.514  22.892 0.0000000000
108770  40.244  9.163  23.188 0.0000000000
160639  40.950  8.555  22.525 0.0000000000
107361  40.960  8.097  22.233 0.0000000000
118689  45.539  24.480  14.083 0.0000000000
118698  45.153  24.580  13.233 0.0000000000
118119  44.593  23.961  13.014 0.0000000000
117480  42.987  22.338  13.985 0.0000000000
117467  42.442  22.610  14.827 0.0000000000
158024  36.573  14.744  20.394 0.0000000000
112310  36.551  14.205  21.086 0.0000000000
110927  36.082  12.765  21.949 0.0000000000
110917  35.944  12.026  22.031 0.0000000000
117402  44.200  21.874  22.763 0.0000000000
116218  43.833  19.992  23.057 0.0000000000
116808  44.041  21.142  22.993 0.0000000000
142601  43.555  20.753  23.787 0.0000000000
120858  41.471  28.411  25.524 0.0000000000
121373  41.990  29.107  26.092 0.0000000000
120875  42.324  28.184  24.560 0.0000000000
120331  42.660  27.567  23.318 0.0000000000
120330  43.459  27.648  23.288 0.0000000000
119793  43.934  26.430  22.226 0.0000000000
119223  43.908  25.227  21.781 0.0000000000
118611  43.690  24.536  21.968 0.0000000000
105140  53.173  3.272  21.252 0.0000000000
104311  53.158  2.180  20.668 0.0000000000
103465  52.950  1.506  21.159 0.0000000000
103466  52.677  1.219  21.629 0.0000000000
104301  50.673  2.464  21.796 0.0000000000
104274  47.879  3.682  25.121 0.0000000000
105102  48.025  3.821  24.108 0.0000000000
105103  47.180  3.962  24.420 0.0000000000
105104  46.525  4.221  23.945 0.0000000000
105118  45.843  4.438  23.595 0.0000000000
151998  40.111  13.424  11.890 0.0000000000
111017  40.344  11.915  11.748 0.0000000000
111025  40.852  12.514  10.789 0.0000000000
111030  41.851  11.741  10.537 0.0000000000
110288  42.877  11.459  11.367 0.0000000000
112345  44.793  14.271  14.788 0.0000000000
112354  45.309  13.576  14.056 0.0000000000
111666  45.835  13.777  14.679 0.0000000000
111665  46.647  13.190  14.604 0.0000000000
154751  47.378  12.914  14.984 0.0000000000
110978  47.973  12.204  14.809 0.0000000000
110968  48.410  12.300  15.558 0.0000000000
110960  48.770  12.381  16.828 0.0000000000
145453  44.344  16.643  22.986 0.0000000000
113585  44.434  16.610  22.147 0.0000000000
140858  45.208  16.391  22.595 0.0000000000
113583  46.558  16.435  22.168 0.0000000000
159408  47.427  16.556  21.475 0.0000000000
112919  49.541  15.481  24.423 0.0000000000
145221  49.339  15.928  22.676 0.0000000000
112299  49.070  14.949  23.199 0.0000000000
137822  48.381  13.233  22.250 0.0000000000
110207  48.593  11.612  20.216 0.0000000000
110195  48.415  11.515  21.233 0.0000000000
108800  48.851  10.015  21.149 0.0000000000
108061  49.639  8.699  21.476 0.0000000000
107367  49.929  8.000  21.195 0.0000000000
108060  50.156  8.210  22.246 0.0000000000
107360  50.960  7.867  22.943 0.0000000000
158296  51.338  7.028  23.162 0.0000000000
108030  48.531  8.345  24.805 0.0000000000
107351  49.351  7.983  24.513 0.0000000000
106640  48.921  6.791  25.462 0.0000000000
106639  49.447  6.164  25.906 0.0000000000
123313  42.003  34.261  27.211 0.0000000000
123312  42.732  33.964  26.694 0.0000000000
123337  42.319  33.331  25.933 0.0000000000
122824  43.634  32.648  25.256 0.0000000000
122823  44.806  32.850  25.519 0.0000000000
122332  45.600  31.194  24.013 0.0000000000
123302  44.820  33.626  29.896 0.0000000000
123291  44.744  34.291  30.734 0.0000000000
122801  46.536  33.226  28.971 0.0000000000
119780  49.260  26.020  23.710 0.0000000000
120313  49.121  27.545  24.739 0.0000000000
119790  49.383  26.444  23.621 0.0000000000
120886  49.402  27.821  23.793 0.0000000000
120881  49.189  28.629  23.918 0.0000000000
121387  48.363  29.132  23.381 0.0000000000
120347  48.685  26.648  22.264 0.0000000000
119803  48.013  25.959  21.601 0.0000000000
119221  47.533  25.337  20.673 0.0000000000
119255  47.152  24.812  17.998 0.0000000000
119246  47.435  24.420  19.102 0.0000000000
118084  46.460  23.619  17.155 0.0000000000
118085  45.912  23.054  16.712 0.0000000000
114991  44.784  18.869  13.860 0.0000000000
114997  44.739  19.239  13.470 0.0000000000
114339  44.238  17.666  12.225 0.0000000000
114340  43.473  17.434  11.470 0.0000000000
113670  42.071  16.715  11.428 0.0000000000
113671  41.235  16.170  12.407 0.0000000000
113009  41.718  15.831  11.417 0.0000000000
113016  41.398  15.072  11.350 0.0000000000
110981  42.751  12.459  15.121 0.0000000000
111655  42.151  12.979  15.853 0.0000000000
110972  42.998  12.814  16.024 0.0000000000
110962  43.977  13.020  17.193 0.0000000000
110954  44.789  12.503  18.175 0.0000000000
108801  47.103  8.686  20.242 0.0000000000
108802  46.415  9.143  20.664 0.0000000000
108072  46.544  8.277  20.881 0.0000000000
108062  45.278  8.396  21.439 0.0000000000
108063  44.603  8.632  21.645 0.0000000000
107370  43.996  8.248  21.642 0.0000000000
163062  44.132  7.652  21.261 0.0000000000
107383  43.752  7.249  20.513 0.0000000000
107393  43.129  7.189  19.640 0.0000000000
103498  49.768  1.578  17.023 0.0000000000
103509  49.032  1.996  16.854 0.0000000000
103510  48.171  2.231  16.868 0.0000000000
103500  47.405  2.361  16.704 0.0000000000
104361  46.313  3.303  15.885 0.0000000000
111614  36.896  12.803  19.855 0.0000000000
110925  37.452  12.058  21.328 0.0000000000
110938  37.471  12.504  20.478 0.0000000000
110936  39.514  12.816  20.985 0.0000000000
111623  39.593  13.460  19.392 0.0000000000
111613  39.537  13.217  20.206 0.0000000000
110922  40.348  12.475  21.466 0.0000000000
110198  41.902  12.040  21.586 0.0000000000
115631  41.578  19.462  14.041 0.0000000000
150189  40.626  18.488  15.641 0.0000000000
113651  39.554  15.994  15.759 0.0000000000
112330  36.780  14.415  17.375 0.0000000000
112323  36.603  14.852  18.082 0.0000000000
111626  36.741  13.316  19.269 0.0000000000
120859  40.613  28.158  25.512 0.0000000000
120877  41.104  27.754  25.017 0.0000000000
152539  41.258  26.796  23.505 0.0000000000
103433  53.277  1.715  25.127 0.0000000000
103442  52.805  1.309  24.563 0.0000000000
103443  51.908  1.635  25.093 0.0000000000
104256  50.777  2.391  25.512 0.0000000000
104257  49.780  2.855  25.912 0.0000000000
103415  50.467  2.626  27.231 0.0000000000
147909  49.034  3.128  26.332 0.0000000000
104259  48.155  3.418  26.074 0.0000000000
143158  47.233  3.651  25.929 0.0000000000
104247  45.621  3.697  26.529 0.0000000000
113668  43.648  15.981  12.121 0.0000000000
151582  43.346  14.702  11.168 0.0000000000
141007  43.294  15.114  12.702 0.0000000000
154028  43.319  14.820  13.423 0.0000000000
112346  43.859  14.412  14.424 0.0000000000
113636  43.366  16.173  16.000 0.0000000000
112983  43.807  14.842  15.148 0.0000000000
112338  44.548  14.852  15.618 0.0000000000
112337  45.600  14.543  15.657 0.0000000000
112968  46.507  15.055  16.993 0.0000000000
112328  47.128  14.704  17.092 0.0000000000
114242  47.299  17.995  26.212 0.0000000000
114253  47.737  17.588  25.350 0.0000000000
114241  48.690  18.011  26.019 0.0000000000
114252  49.192  17.623  25.462 0.0000000000
114262  49.367  17.190  25.022 0.0000000000
114239  49.556  17.475  26.768 0.0000000000
113549  49.603  16.661  25.441 0.0000000000
158014  49.642  16.086  24.635 0.0000000000
112293  49.547  14.434  25.141 0.0000000000
111593  49.527  13.680  24.879 0.0000000000
141982  49.707  11.919  24.687 0.0000000000
109470  49.799  10.967  24.047 0.0000000000
110164  49.689  11.939  25.051 0.0000000000
110174  49.475  11.378  25.021 0.0000000000
110166  48.095  11.342  25.063 0.0000000000
108760  48.568  10.027  24.738 0.0000000000
108749  47.557  9.438  25.203 0.0000000000
108026  47.360  8.635  25.878 0.0000000000
147573  47.444  8.288  26.864 0.0000000000
123842  44.523  34.660  27.928 0.0000000000
120854  45.611  28.685  25.594 0.0000000000
121369  46.211  29.237  26.137 0.0000000000
120872  46.300  28.194  25.054 0.0000000000
120315  47.194  27.707  24.666 0.0000000000
119781  48.813  26.153  23.953 0.0000000000
137202  48.717  24.594  23.205 0.0000000000
119194  49.103  25.353  23.536 0.0000000000
118607  49.342  24.400  22.615 0.0000000000
118046  49.114  23.335  21.752 0.0000000000
118054  48.098  23.339  20.610 0.0000000000
118064  46.464  23.445  18.346 0.0000000000
118056  46.805  23.465  19.212 0.0000000000
117450  45.143  22.541  17.106 0.0000000000
116854  44.527  21.141  15.998 0.0000000000
163637  44.007  21.380  16.918 0.0000000000
116252  44.275  20.422  15.652 0.0000000000
115624  44.702  19.446  14.467 0.0000000000
154986  44.421  18.154  13.625 0.0000000000
143792  43.888  16.738  12.590 0.0000000000
110242  46.401  11.355  16.009 0.0000000000
110234  45.927  11.835  17.100 0.0000000000
109527  47.114  10.816  17.013 0.0000000000
109521  47.041  10.628  17.984 0.0000000000
109513  47.522  9.484  18.648 0.0000000000
108084  48.629  8.111  17.712 0.0000000000
108085  48.055  8.700  18.495 0.0000000000
108809  47.445  8.959  19.358 0.0000000000
108071  47.226  7.840  20.425 0.0000000000
107379  47.207  7.232  20.433 0.0000000000
106691  46.618  6.137  19.812 0.0000000000
104317  45.688  3.340  19.554 0.0000000000
104332  45.407  2.783  18.228 0.0000000000
105174  43.932  3.758  19.184 0.0000000000
109488  38.411  10.753  22.738 0.0000000000
109487  39.170  10.736  22.817 0.0000000000
138560  38.233  8.829  23.768 0.0000000000
106657  38.479  6.977  23.464 0.0000000000
107362  39.811  7.577  22.758 0.0000000000
106662  39.511  6.684  22.389 0.0000000000
106682  39.078  5.857  20.900 0.0000000000
119291  45.147  25.202  13.032 0.0000000000
119879  45.254  25.929  13.223 0.0000000000
115625  41.268  19.851  15.076 0.0000000000
116259  41.491  20.683  15.269 0.0000000000
116234  43.475  20.245  20.221 0.0000000000
115597  43.393  19.498  19.905 0.0000000000
115590  43.439  19.496  20.755 0.0000000000
114949  43.420  18.972  21.486 0.0000000000
114945  43.380  18.520  22.221 0.0000000000
161878  43.598  19.392  23.075 0.0000000000
115573  43.432  18.834  23.117 0.0000000000
147857  43.435  17.620  23.095 0.0000000000
113563  43.935  17.160  24.206 0.0000000000
114265  44.254  17.328  24.938 0.0000000000
114917  46.885  18.655  26.933 0.0000000000
114916  48.055  18.566  27.140 0.0000000000
114907  48.555  19.594  27.920 0.0000000000
115529  49.384  19.492  28.625 0.0000000000
123266  42.561  33.730  31.816 0.0000000000
123283  41.853  33.039  31.293 0.0000000000
123282  42.849  33.430  31.236 0.0000000000
123292  43.418  33.529  30.306 0.0000000000
122803  43.791  32.907  28.898 0.0000000000
122813  44.210  32.297  28.267 0.0000000000
121823  44.582  30.762  27.214 0.0000000000
121357  42.004  29.971  26.517 0.0000000000
121834  43.590  30.245  26.752 0.0000000000
154347  44.321  30.071  26.692 0.0000000000
121370  45.091  29.146  26.066 0.0000000000
120873  44.947  28.228  24.657 0.0000000000
139115  45.409  27.217  23.338 0.0000000000
119792  46.114  25.876  22.569 0.0000000000
119207  44.844  26.032  22.187 0.0000000000
119206  45.577  25.252  22.069 0.0000000000
118609  46.239  24.323  22.188 0.0000000000
117400  46.037  21.830  22.314 0.0000000000
116822  44.672  21.172  21.297 0.0000000000
105957  52.042  5.375  18.148 0.0000000000
105970  51.858  5.407  17.473 0.0000000000
142292  52.259  4.609  17.483 0.0000000000
104355  52.400  2.556  17.156 0.0000000000
103497  51.649  1.431  17.581 0.0000000000
152268  52.558  1.521  19.370 0.0000000000
103486  52.332  1.275  18.394 0.0000000000
138081  50.644  1.414  17.459 0.0000000000
136134  49.805  1.602  18.064 0.0000000000
104329  48.120  2.556  19.098 0.0000000000
103459  51.895  1.544  23.131 0.0000000000
104291  50.709  2.500  22.720 0.0000000000
144229  49.674  3.206  22.347 0.0000000000
104284  48.854  3.584  23.712 0.0000000000
104292  48.828  3.661  22.879 0.0000000000
104302  49.648  3.096  21.439 0.0000000000
104304  48.102  3.610  21.186 0.0000000000
104315  47.481  3.287  20.234 0.0000000000
104316  46.547  3.260  19.778 0.0000000000
105160  45.142  3.911  20.565 0.0000000000
111680  38.520  13.506  14.484 0.0000000000
111669  38.906  13.174  15.040 0.0000000000
111679  38.931  13.012  14.228 0.0000000000
110993  40.339  12.564  13.742 0.0000000000
110992  41.439  12.331  13.935 0.0000000000
111007  40.279  11.935  12.286 0.0000000000
111006  40.996  11.855  12.844 0.0000000000
110991  42.498  12.134  14.154 0.0000000000
110990  43.452  11.918  14.339 0.0000000000
110253  44.302  11.712  14.526 0.0000000000
110252  45.101  11.520  14.741 0.0000000000
112371  43.380  13.720  11.323 0.0000000000
111698  43.468  12.597  11.488 0.0000000000
111016  43.592  11.915  11.850 0.0000000000
111689  45.020  12.653  12.863 0.0000000000
110278  44.212  11.845  12.538 0.0000000000
110268  44.739  11.735  13.196 0.0000000000
110259  44.991  11.488  13.840 0.0000000000
110251  46.000  11.309  15.041 0.0000000000
109538  46.855  11.086  15.075 0.0000000000
109537  47.770  10.776  14.982 0.0000000000
108830  48.684  10.090  15.288 0.0000000000
110241  49.049  10.886  15.138 0.0000000000
110248  49.009  10.284  15.122 0.0000000000
108828  49.764  9.237  15.586 0.0000000000
108827  50.270  8.723  15.916 0.0000000000
108090  51.114  8.174  16.842 0.0000000000
146008  51.322  7.593  17.411 0.0000000000
114294  43.963  18.069  19.571 0.0000000000
114293  44.610  17.518  19.364 0.0000000000
113613  45.351  17.104  19.072 0.0000000000
155825  44.643  16.687  21.213 0.0000000000
113618  45.961  16.568  18.569 0.0000000000
112951  46.439  15.994  18.039 0.0000000000
139744  47.186  15.700  18.237 0.0000000000
112322  48.110  14.813  18.095 0.0000000000
136378  47.829  17.042  23.845 0.0000000000
113571  48.600  17.057  23.012 0.0000000000
113582  48.203  16.803  22.066 0.0000000000
112923  49.168  16.438  22.117 0.0000000000
112928  48.946  16.134  21.379 0.0000000000
113601  48.549  16.304  20.973 0.0000000000
112940  48.339  15.639  19.582 0.0000000000
112949  48.271  15.211  18.864 0.0000000000
112326  48.169  13.951  17.707 0.0000000000
111630  48.410  13.440  18.083 0.0000000000
110224  49.082  11.813  18.072 0.0000000000
110214  49.376  11.098  18.612 0.0000000000
109512  48.978  10.988  19.613 0.0000000000
109511  49.530  10.426  19.158 0.0000000000
109519  50.001  10.413  18.130 0.0000000000
108807  50.562  8.953  18.383 0.0000000000
137188  51.143  7.651  18.453 0.0000000000
107400  51.443  6.920  18.197 0.0000000000
106686  51.591  6.068  18.768 0.0000000000
105951  51.938  5.256  19.303 0.0000000000
106667  51.317  6.028  21.215 0.0000000000
147207  52.055  5.259  21.575 0.0000000000
105141  52.631  4.342  20.873 0.0000000000
105128  52.680  4.427  21.857 0.0000000000
144902  53.289  3.582  23.280 0.0000000000
108769  50.081  9.917  23.879 0.0000000000
108757  50.581  8.756  23.958 0.0000000000
106655  51.246  6.987  23.676 0.0000000000
142726  50.268  6.736  24.444 0.0000000000
106648  51.181  6.340  24.214 0.0000000000
105114  52.843  4.553  24.107 0.0000000000
163561  53.582  2.007  24.449 0.0000000000
104255  53.403  2.350  26.001 0.0000000000
104242  53.203  2.265  26.702 0.0000000000
103405  52.725  2.303  27.486 0.0000000000
104219  52.415  3.178  28.468 0.0000000000
138230  42.866  31.318  23.061 0.0000000000
122833  43.136  32.073  24.520 0.0000000000
122333  43.717  30.946  23.075 0.0000000000
121856  43.885  30.501  22.336 0.0000000000
121858  44.188  30.031  21.770 0.0000000000
121394  44.629  29.364  21.314 0.0000000000
120896  45.286  28.222  20.597 0.0000000000
123841  45.887  34.624  28.491 0.0000000000
123322  45.969  33.939  27.000 0.0000000000
121352  46.705  29.905  26.434 0.0000000000
121821  46.804  31.130  27.183 0.0000000000
121367  48.143  29.721  25.641 0.0000000000
123334  46.532  33.492  26.592 0.0000000000
122822  46.025  33.081  25.774 0.0000000000
138869  46.093  31.926  24.713 0.0000000000
121848  46.511  30.941  23.885 0.0000000000
121388  47.171  29.485  22.954 0.0000000000
120889  46.244  28.866  22.256 0.0000000000
120349  45.850  27.675  21.039 0.0000000000
119837  47.048  26.586  18.229 0.0000000000
162441  46.623  25.260  16.339 0.0000000000
118678  46.192  24.853  15.764 0.0000000000
118679  45.779  24.434  15.131 0.0000000000
118108  45.008  23.518  13.910 0.0000000000
117488  44.107  22.272  13.284 0.0000000000
148852  43.558  21.079  13.128 0.0000000000
117449  45.708  22.815  16.847 0.0000000000
117458  45.430  22.506  16.094 0.0000000000
116867  45.044  21.753  14.761 0.0000000000
115629  44.863  19.863  13.906 0.0000000000
116265  44.860  20.423  14.285 0.0000000000
116273  43.940  20.691  12.904 0.0000000000
116274  43.275  20.486  12.908 0.0000000000
115630  42.369  20.120  13.368 0.0000000000
114335  40.933  17.175  13.702 0.0000000000
112996  40.168  15.597  14.117 0.0000000000
113003  40.468  15.460  13.157 0.0000000000
112357  38.681  14.152  13.935 0.0000000000
111692  38.728  13.521  13.788 0.0000000000
111657  39.852  13.419  15.964 0.0000000000
135834  40.791  13.614  16.767 0.0000000000
111633  41.447  13.638  18.302 0.0000000000
111643  42.404  13.470  17.257 0.0000000000
111632  42.416  13.552  18.043 0.0000000000
111620  42.082  13.412  18.924 0.0000000000
110934  42.302  12.736  20.372 0.0000000000
110211  42.697  12.136  21.096 0.0000000000
161078  42.476  11.559  21.739 0.0000000000
110226  45.520  12.009  18.166 0.0000000000
110227  44.894  12.064  18.991 0.0000000000
109506  45.438  10.365  20.790 0.0000000000
110208  45.122  11.018  20.517 0.0000000000
110209  44.472  11.409  20.631 0.0000000000
110196  44.018  11.093  21.371 0.0000000000
110197  43.187  11.375  21.531 0.0000000000
109499  42.712  10.893  22.092 0.0000000000
108782  42.452  9.595  22.431 0.0000000000
140553  42.078  9.082  22.405 0.0000000000
107372  41.612  7.833  21.664 0.0000000000
159495  42.473  8.050  21.609 0.0000000000
159812  41.638  7.410  21.019 0.0000000000
136756  41.154  7.255  21.015 0.0000000000
105971  51.075  5.277  16.870 0.0000000000
105183  50.506  4.526  16.932 0.0000000000
105973  49.088  4.733  18.365 0.0000000000
104357  49.479  2.750  16.760 0.0000000000
105185  48.851  3.649  17.397 0.0000000000
105959  48.452  5.465  19.049 0.0000000000
105960  47.798  5.317  19.102 0.0000000000
104346  45.553  2.709  16.757 0.0000000000
104362  45.369  3.359  15.706 0.0000000000
105201  45.848  4.226  15.252 0.0000000000
105212  44.343  5.027  14.280 0.0000000000
105985  45.602  5.103  14.707 0.0000000000
105984  45.979  4.867  15.306 0.0000000000
105975  45.888  4.995  16.663 0.0000000000
105962  45.331  5.787  18.145 0.0000000000
142264  45.020  6.396  19.351 0.0000000000
106693  43.503  6.962  18.447 0.0000000000
103394  47.132  2.733  31.222 0.0000000000
104215  46.690  3.301  29.762 0.0000000000
103397  45.568  2.458  30.590 0.0000000000
156206  45.618  3.047  29.389 0.0000000000
103400  45.943  3.033  29.925 0.0000000000
103401  45.225  2.700  29.815 0.0000000000
103406  52.321  2.474  27.940 0.0000000000
103407  45.043  2.907  29.123 0.0000000000
103412  52.953  1.943  26.983 0.0000000000
103425  52.550  1.707  26.538 0.0000000000
103434  52.714  1.534  25.595 0.0000000000
103450  52.829  1.141  23.592 0.0000000000
103458  52.789  1.145  22.621 0.0000000000
103475  52.767  1.654  20.252 0.0000000000
103487  51.272  1.322  18.325 0.0000000000
103489  47.875  2.056  17.601 0.0000000000
103496  52.427  1.705  17.716 0.0000000000
103499  48.848  1.760  17.272 0.0000000000
103506  52.717  2.171  17.830 0.0000000000
103507  51.827  1.958  17.144 0.0000000000
104208  47.315  3.284  30.357 0.0000000000
104212  49.689  3.535  29.415 0.0000000000
104216  46.170  3.278  29.254 0.0000000000
104218  52.737  2.768  27.896 0.0000000000
104222  49.124  3.445  28.626 0.0000000000
104223  47.196  3.490  28.400 0.0000000000
104224  46.317  3.398  28.544 0.0000000000
104225  45.641  3.225  28.810 0.0000000000
104228  52.972  2.709  27.373 0.0000000000
104231  48.579  3.399  27.971 0.0000000000
104244  48.487  3.321  26.835 0.0000000000
104258  48.856  3.278  25.515 0.0000000000
104270  53.556  2.631  25.133 0.0000000000
104281  53.597  2.038  23.646 0.0000000000
104303  48.696  3.656  21.953 0.0000000000
104327  52.951  2.103  19.473 0.0000000000
104333  44.698  3.037  17.986 0.0000000000
104342  52.878  2.387  18.460 0.0000000000
104347  44.781  2.991  16.736 0.0000000000
104359  47.747  2.615  16.443 0.0000000000
105082  53.129  3.121  26.771 0.0000000000
105091  46.977  3.854  25.180 0.0000000000
105092  46.392  4.031  24.736 0.0000000000
105105  45.892  4.278  24.287 0.0000000000
105115  48.187  3.883  23.359 0.0000000000
105127  53.221  3.391  22.246 0.0000000000
105146  44.645  4.319  21.442 0.0000000000
105158  46.745  3.737  20.768 0.0000000000
105173  48.403  4.648  18.397 0.0000000000
105187  46.240  4.154  15.808 0.0000000000
105199  47.939  3.107  16.479 0.0000000000
105211  45.120  5.335  14.316 0.0000000000
105934  52.308  5.355  23.622 0.0000000000
105972  49.898  5.073  17.689 0.0000000000
105983  51.767  4.896  17.068 0.0000000000
106650  49.381  7.090  24.709 0.0000000000
106668  50.780  6.767  21.484 0.0000000000
106676  47.334  6.554  20.158 0.0000000000
106678  45.205  6.755  20.281 0.0000000000
106687  51.213  6.728  19.313 0.0000000000
106710  51.032  6.115  16.856 0.0000000000
107343  48.619  7.540  25.061 0.0000000000
107350  50.200  7.663  24.300 0.0000000000
107356  51.054  7.718  23.616 0.0000000000
107378  50.377  7.357  20.795 0.0000000000
107384  42.937  7.425  20.512 0.0000000000
107391  48.662  6.944  18.739 0.0000000000
107394  42.638  7.273  18.732 0.0000000000
107399  51.436  6.839  17.211 0.0000000000
108031  47.884  8.676  25.171 0.0000000000
108037  50.786  8.195  23.991 0.0000000000
108038  50.309  8.585  24.189 0.0000000000
108039  48.523  9.169  24.716 0.0000000000
108046  50.763  8.387  23.623 0.0000000000
108053  50.567  8.534  23.104 0.0000000000
108055  43.134  9.328  22.221 0.0000000000
108069  50.182  8.079  20.112 0.0000000000
108083  51.092  8.292  17.857 0.0000000000
108096  50.788  8.159  16.253 0.0000000000
108097  49.572  8.759  15.821 0.0000000000
108750  46.889  10.137  25.576 0.0000000000
108780  49.849  9.567  23.101 0.0000000000
108781  49.066  10.025  22.369 0.0000000000
108790  45.849  8.687  21.242 0.0000000000
108816  48.526  8.717  17.402 0.0000000000
108821  50.763  8.773  16.472 0.0000000000
108835  49.311  9.768  15.368 0.0000000000
109463  49.487  10.758  24.657 0.0000000000
109464  48.808  10.752  24.908 0.0000000000
109484  42.183  10.358  22.486 0.0000000000
109497  44.248  10.257  21.639 0.0000000000
109503  49.123  10.251  20.063 0.0000000000
109505  46.160  10.010  20.343 0.0000000000
109520  47.588  9.966  17.814 0.0000000000
109531  47.843  10.401  16.066 0.0000000000
110173  49.569  11.372  24.656 0.0000000000
110179  49.088  11.424  23.290 0.0000000000
110185  48.564  11.475  22.336 0.0000000000
110217  45.673  11.476  18.989 0.0000000000
110218  44.124  12.094  19.802 0.0000000000
110231  49.765  10.776  16.337 0.0000000000
110233  46.627  11.297  16.849 0.0000000000
110240  49.448  10.378  15.415 0.0000000000
110243  45.741  11.692  16.133 0.0000000000
110256  48.083  11.393  14.580 0.0000000000
110258  45.722  11.461  14.122 0.0000000000
110266  46.125  11.680  13.819 0.0000000000
110272  41.031  11.225  11.918 0.0000000000
110280  42.343  11.118  11.632 0.0000000000
110281  41.508  10.830  11.359 0.0000000000
110290  41.235  10.763  10.921 0.0000000000
110291  40.663  11.579  11.033 0.0000000000
110294  41.724  10.986  10.743 0.0000000000
110295  41.199  11.392  10.657 0.0000000000
110296  40.931  11.903  10.670 0.0000000000
110904  49.673  12.381  25.144 0.0000000000
110947  41.797  13.215  19.760 0.0000000000
110955  44.134  12.980  18.011 0.0000000000
110956  42.947  13.246  18.712 0.0000000000
110971  43.780  12.651  16.263 0.0000000000
110977  48.571  11.544  15.017 0.0000000000
110988  47.502  11.663  14.347 0.0000000000
111003  45.665  12.106  13.266 0.0000000000
111008  39.467  12.629  13.003 0.0000000000
111023  42.402  11.469  10.794 0.0000000000
111024  41.453  12.299  10.507 0.0000000000
111564  49.454  13.939  26.145 0.0000000000
111599  48.582  14.098  22.746 0.0000000000
111631  43.333  13.316  17.886 0.0000000000
111640  48.393  13.079  17.248 0.0000000000
111645  40.700  13.721  17.685 0.0000000000
111648  37.057  13.662  17.309 0.0000000000
111664  47.175  12.381  14.335 0.0000000000
111671  37.485  13.870  15.784 0.0000000000
111677  45.235  13.134  13.291 0.0000000000
111678  39.595  12.955  14.364 0.0000000000
111687  45.937  12.384  13.489 0.0000000000
111699  40.166  12.578  11.614 0.0000000000
111703  43.054  13.228  10.740 0.0000000000
111706  40.766  13.477  11.118 0.0000000000
112272  49.445  14.800  26.498 0.0000000000
112298  49.320  14.657  24.228 0.0000000000
112314  48.712  14.962  20.200 0.0000000000
112318  48.539  14.927  19.395 0.0000000000
112373  39.835  13.744  12.447 0.0000000000
112377  43.067  14.432  10.684 0.0000000000
112898  49.537  15.672  26.820 0.0000000000
112914  49.606  15.360  25.251 0.0000000000
112920  49.323  16.522  22.895 0.0000000000
112934  48.423  16.033  20.218 0.0000000000
112942  47.436  15.880  18.841 0.0000000000
112950  47.836  15.442  18.485 0.0000000000
112958  47.564  15.107  17.788 0.0000000000
112960  46.073  15.619  17.367 0.0000000000
112971  43.864  15.421  15.932 0.0000000000
112995  43.379  14.991  14.335 0.0000000000
113008  43.434  15.333  11.576 0.0000000000
113543  49.611  16.581  26.301 0.0000000000
113557  49.527  16.660  24.666 0.0000000000
113562  44.751  16.859  24.463 0.0000000000
113573  45.923  16.416  23.183 0.0000000000
113575  43.781  17.083  23.433 0.0000000000
113586  43.751  17.046  22.607 0.0000000000
113593  48.800  16.628  21.696 0.0000000000
113594  48.204  16.596  21.211 0.0000000000
113602  47.959  16.394  20.362 0.0000000000
113617  46.771  16.181  18.788 0.0000000000
113626  43.980  16.849  17.382 0.0000000000
113663  43.304  15.651  13.386 0.0000000000
113669  42.962  16.858  10.988 0.0000000000
113674  43.245  16.148  10.887 0.0000000000
114233  49.859  17.924  28.580 0.0000000000
114243  46.122  18.031  26.235 0.0000000000
114255  44.613  17.651  25.647 0.0000000000
114263  49.052  17.438  24.680 0.0000000000
114264  45.166  17.174  25.203 0.0000000000
114266  43.639  17.735  24.687 0.0000000000
114272  43.486  17.654  23.898 0.0000000000
114277  43.427  17.705  22.180 0.0000000000
114283  43.407  18.226  21.400 0.0000000000
114289  43.629  17.996  20.536 0.0000000000
114308  44.501  17.302  17.870 0.0000000000
114324  40.419  17.576  15.851 0.0000000000
114333  44.213  17.517  13.148 0.0000000000
114926  44.160  18.326  25.993 0.0000000000
114927  43.562  18.455  25.304 0.0000000000
114940  43.318  18.215  23.560 0.0000000000
114960  43.531  18.736  19.830 0.0000000000
114985  43.751  18.910  15.179 0.0000000000
114992  41.141  18.482  14.204 0.0000000000
114998  44.614  18.400  13.115 0.0000000000
114999  42.572  18.931  12.348 0.0000000000
115530  48.842  20.347  28.728 0.0000000000
115542  48.992  19.751  28.370 0.0000000000
115612  43.407  19.559  16.723 0.0000000000
115623  44.933  19.974  14.387 0.0000000000
115636  44.541  19.893  13.247 0.0000000000
115638  42.217  19.414  13.094 0.0000000000
115642  43.812  19.414  12.338 0.0000000000
116177  48.342  20.806  28.589 0.0000000000
116228  43.644  20.186  21.172 0.0000000000
116258  44.911  20.180  14.783 0.0000000000
116272  44.432  20.576  13.398 0.0000000000
116279  44.213  20.206  12.842 0.0000000000
116801  43.439  21.562  23.604 0.0000000000
116814  44.814  20.918  22.207 0.0000000000
116847  44.171  21.942  17.703 0.0000000000
116861  45.135  21.797  15.437 0.0000000000
116863  42.241  21.974  14.760 0.0000000000
116868  44.533  21.529  13.918 0.0000000000
117403  43.304  23.000  22.802 0.0000000000
117409  48.383  22.768  21.527 0.0000000000
117411  46.354  21.821  22.071 0.0000000000
117422  45.355  21.839  20.833 0.0000000000
117459  42.266  23.129  15.502 0.0000000000
117478  44.375  22.886  13.445 0.0000000000
117479  43.560  22.932  13.483 0.0000000000
118017  49.173  23.513  22.185 0.0000000000
118018  49.004  23.108  22.191 0.0000000000
118019  48.307  23.029  22.349 0.0000000000
118021  45.967  22.306  22.410 0.0000000000
118022  44.196  22.799  22.494 0.0000000000
118023  42.802  23.874  22.670 0.0000000000
118047  48.726  23.092  21.379 0.0000000000
118055  47.408  23.372  20.051 0.0000000000
118063  46.971  23.642  18.949 0.0000000000
118072  46.219  23.258  17.472 0.0000000000
118120  44.095  23.165  13.016 0.0000000000
118667  46.571  24.450  16.718 0.0000000000
118680  43.234  24.126  14.274 0.0000000000
118699  44.855  24.756  12.926 0.0000000000
118700  44.394  24.639  12.973 0.0000000000
119195  41.369  26.125  23.089 0.0000000000
119204  49.282  24.675  23.107 0.0000000000
119208  43.347  25.882  22.085 0.0000000000
119219  49.442  25.074  22.521 0.0000000000
119222  44.614  25.259  21.812 0.0000000000
119245  47.976  23.858  20.263 0.0000000000
119285  44.798  25.948  13.219 0.0000000000
119286  44.169  25.322  13.411 0.0000000000
119292  44.819  25.312  12.980 0.0000000000
119784  41.767  26.657  23.061 0.0000000000
119791  49.519  26.323  22.926 0.0000000000
119804  44.098  25.802  21.873 0.0000000000
119853  46.940  26.090  16.439 0.0000000000
120316  42.267  27.881  23.858 0.0000000000
120325  49.357  27.227  24.086 0.0000000000
120327  48.326  27.027  24.472 0.0000000000
120332  41.854  27.300  23.461 0.0000000000
120338  49.423  27.168  23.387 0.0000000000
120339  49.106  27.189  22.767 0.0000000000
120342  44.566  26.835  22.683 0.0000000000
120343  43.724  27.100  22.707 0.0000000000
120344  43.062  27.219  22.830 0.0000000000
120355  45.579  27.663  20.150 0.0000000000
120852  48.038  28.846  25.631 0.0000000000
120869  49.145  28.283  24.937 0.0000000000
120871  47.644  28.240  25.339 0.0000000000
120876  41.768  28.114  25.009 0.0000000000
120884  43.053  28.188  23.974 0.0000000000
120887  48.874  28.062  23.112 0.0000000000
121353  45.669  29.711  26.481 0.0000000000
121354  44.656  29.615  26.406 0.0000000000
121355  43.754  29.613  26.377 0.0000000000
121358  41.178  29.633  26.356 0.0000000000
121377  48.864  28.946  25.286 0.0000000000
121378  48.755  29.915  24.895 0.0000000000
121384  46.629  30.279  23.375 0.0000000000
121393  45.266  29.121  22.001 0.0000000000
121824  43.427  30.955  27.203 0.0000000000
121831  47.113  30.770  26.614 0.0000000000
121832  46.261  30.415  26.852 0.0000000000
121846  48.181  30.853  24.738 0.0000000000
121850  48.360  30.350  24.326 0.0000000000
121854  45.398  30.146  22.911 0.0000000000
121859  43.558  30.555  21.493 0.0000000000
122310  45.612  31.642  27.893 0.0000000000
122325  46.587  32.482  25.462 0.0000000000
122329  43.679  31.511  23.959 0.0000000000
122789  42.396  33.023  29.521 0.0000000000
122841  42.164  32.114  24.149 0.0000000000
123265  43.592  34.194  31.714 0.0000000000
123290  45.857  34.608  30.309 0.0000000000
123315  39.942  33.903  27.088 0.0000000000
123323  44.669  33.817  26.592 0.0000000000
123825  45.312  35.133  28.979 0.0000000000
123844  41.338  34.503  27.751 0.0000000000
135422  49.764  17.105  28.277 0.0000000000
135839  48.436  12.923  19.499 0.0000000000
136649  48.332  13.330  21.084 0.0000000000
136957  48.340  14.424  18.515 0.0000000000
137207  51.259  6.669  16.757 0.0000000000
138013  46.509  16.645  23.929 0.0000000000
139797  46.476  2.894  30.516 0.0000000000
140394  51.781  1.559  21.202 0.0000000000
140641  49.741  18.730  28.787 0.0000000000
142466  43.454  19.325  19.048 0.0000000000
142474  46.815  31.482  24.420 0.0000000000
143219  49.447  15.730  23.491 0.0000000000
144142  43.346  19.986  18.447 0.0000000000
144684  44.117  23.990  12.940 0.0000000000
144723  48.571  15.520  20.028 0.0000000000
144734  43.680  18.192  11.924 0.0000000000
145300  49.335  3.069  27.040 0.0000000000
145379  44.318  17.940  18.904 0.0000000000
146374  42.688  26.220  22.434 0.0000000000
146418  38.092  10.238  23.080 0.0000000000
147030  49.658  16.129  25.166 0.0000000000
147225  45.037  11.532  19.852 0.0000000000
147338  52.745  3.538  27.538 0.0000000000
147782  47.049  25.369  19.560 0.0000000000
148093  49.760  3.021  25.041 0.0000000000
148518  48.353  12.334  20.756 0.0000000000
148744  49.674  12.797  24.836 0.0000000000
149928  48.180  7.461  26.868 0.0000000000
151337  47.135  11.455  14.325 0.0000000000
151786  51.412  4.225  16.717 0.0000000000
151872  46.663  6.885  20.553 0.0000000000
152017  43.361  18.458  17.325 0.0000000000
152644  46.132  7.268  20.874 0.0000000000
152719  43.070  33.072  25.625 0.0000000000
153036  53.503  3.111  24.266 0.0000000000
153074  41.781  32.763  25.204 0.0000000000
153118  49.834  1.943  16.746 0.0000000000
153414  45.029  22.807  22.397 0.0000000000
153433  47.623  22.524  22.133 0.0000000000
153803  48.096  3.442  27.409 0.0000000000
153856  43.029  12.185  10.959 0.0000000000
154007  43.397  19.102  20.289 0.0000000000
155213  43.728  20.625  16.756 0.0000000000
155360  51.077  6.949  22.412 0.0000000000
155540  42.514  13.237  16.583 0.0000000000
155982  48.890  3.354  21.105 0.0000000000
156010  41.318  27.254  23.829 0.0000000000
157106  44.924  19.516  14.089 0.0000000000
157282  43.315  18.158  22.839 0.0000000000
157990  47.853  3.492  27.976 0.0000000000
159657  47.658  26.571  23.805 0.0000000000
160313  43.841  20.734  23.261 0.0000000000
160847  45.246  12.333  17.543 0.0000000000
161213  45.896  2.494  17.404 0.0000000000
161279  46.642  11.255  14.681 0.0000000000
162448  48.728  17.666  25.166 0.0000000000
162550  43.313  11.969  11.390 0.0000000000
162658  44.588  18.947  12.900 0.0000000000
162928  44.987  16.457  23.296 0.0000000000
163089  48.776  7.459  17.924 0.0000000000
163122  49.294  19.248  28.247 0.0000000000
163333  41.947  32.440  24.683 0.0000000000
163349  49.833  2.831  26.588 0.0000000000
