#!ascii label  , from subject sub-v1s18x0051227_ses-1 vox2ras=TkReg
1370
1957  23.609  -78.968  -10.711 0.5000000000
7408  23.956  -67.268  -19.411 0.6000000238
112312  24.553  -67.198  -18.598 0.6000000238
7409  23.042  -66.987  -19.220 0.6000000238
8012  23.803  -66.900  -18.547 0.6999999881
8013  22.520  -66.688  -18.486 0.6000000238
7379  24.630  -66.917  -17.266 0.6999999881
7989  23.679  -66.686  -17.773 0.6000000238
4754  24.864  -72.389  -13.200 0.5000000000
3866  26.842  -74.094  -16.286 0.6000000238
3847  26.249  -74.092  -15.729 0.6000000238
4313  24.664  -73.391  -13.501 0.5000000000
3437  26.742  -75.733  -17.044 0.5000000000
112746  27.080  -74.981  -16.917 0.4000000060
3848  25.657  -74.692  -15.727 0.5000000000
4325  25.023  -73.957  -14.458 0.6000000238
5810  21.376  -70.254  -15.350 0.5000000000
2666  27.073  -77.916  -12.998 0.4000000060
5824  21.434  -70.599  -16.896 0.5000000000
6324  20.599  -69.740  -15.407 0.5000000000
5835  21.565  -70.531  -17.655 0.6000000238
6356  22.861  -69.339  -19.573 0.6000000238
113031  24.935  -67.443  -19.594 0.6000000238
7407  25.508  -67.398  -18.525 0.6999999881
7427  23.323  -67.721  -19.945 0.6000000238
120306  26.899  -67.539  -17.402 0.6000000238
125920  25.601  -67.348  -17.637 0.6999999881
7375  28.078  -67.318  -16.310 0.6000000238
7376  27.137  -67.455  -16.632 0.6000000238
7377  26.151  -67.397  -16.966 0.6999999881
7358  28.201  -67.028  -15.337 0.6999999881
7991  22.112  -66.464  -17.691 0.6000000238
5297  24.767  -71.383  -13.155 0.5000000000
4774  25.994  -72.476  -14.348 0.6000000238
4753  25.415  -71.879  -13.705 0.5000000000
3865  27.607  -74.257  -16.648 0.6000000238
4336  27.390  -73.227  -16.031 0.6999999881
4324  25.821  -73.575  -14.810 0.6000000238
3046  27.124  -76.590  -16.195 0.4000000060
5833  23.329  -70.526  -17.832 0.5000000000
116552  22.140  -70.729  -16.861 0.5000000000
2654  25.702  -77.680  -12.096 0.5000000000
5834  22.384  -70.618  -17.758 0.5000000000
6362  24.357  -69.002  -20.997 0.6999999881
5846  22.651  -70.277  -18.624 0.6000000238
7440  25.504  -67.983  -20.999 0.6999999881
127324  24.422  -68.400  -20.815 0.6000000238
6355  23.543  -69.147  -20.326 0.6000000238
7441  24.901  -67.837  -20.643 0.6999999881
7442  24.166  -67.779  -20.268 0.6000000238
111333  25.806  -67.488  -19.463 0.6999999881
7389  27.095  -67.567  -18.234 0.6000000238
7406  26.426  -67.522  -18.909 0.6000000238
7374  28.784  -67.247  -17.006 0.6000000238
7390  26.284  -67.506  -17.918 0.6000000238
109436  29.949  -66.643  -16.094 0.6000000238
7357  29.099  -66.927  -15.937 0.6999999881
129317  24.477  -66.501  -15.777 0.6999999881
7972  22.682  -66.379  -16.936 0.5000000000
114981  26.533  -67.290  -16.170 0.6999999881
7361  25.708  -66.988  -16.133 0.6999999881
7971  23.488  -66.487  -17.040 0.6000000238
5315  26.658  -71.336  -15.040 0.5000000000
5309  25.929  -71.387  -14.305 0.5000000000
124604  25.400  -70.761  -14.173 0.5000000000
4789  27.147  -72.182  -15.380 0.6999999881
3885  28.584  -74.684  -16.817 0.5000000000
4335  28.203  -73.485  -16.629 0.6999999881
4323  26.619  -73.099  -15.220 0.6000000238
4773  26.536  -72.047  -14.745 0.6000000238
3045  28.752  -76.495  -15.492 0.4000000060
3446  28.616  -75.687  -16.413 0.4000000060
3447  27.866  -75.137  -16.812 0.5000000000
123564  23.840  -70.443  -16.957 0.5000000000
5855  24.297  -69.909  -19.843 0.5000000000
5845  23.666  -70.244  -18.948 0.5000000000
6869  25.847  -68.540  -21.378 0.6000000238
5856  23.521  -69.711  -19.816 0.5000000000
7438  27.061  -67.753  -20.913 0.6999999881
7422  28.949  -66.921  -20.202 0.6000000238
7424  27.378  -67.523  -20.296 0.6999999881
7425  26.559  -67.527  -20.050 0.6999999881
7403  29.242  -67.102  -18.910 0.6000000238
7404  28.508  -67.293  -19.066 0.6000000238
7405  27.325  -67.494  -19.371 0.6999999881
7987  30.946  -66.505  -17.298 0.6999999881
128333  28.918  -67.254  -18.429 0.6000000238
124905  27.874  -67.474  -18.552 0.6000000238
8538  31.579  -66.102  -16.140 0.6000000238
108867  31.081  -66.370  -16.593 0.6999999881
7968  29.652  -66.883  -16.794 0.6999999881
109332  32.092  -65.368  -14.528 0.6000000238
7948  31.394  -65.952  -15.209 0.6000000238
7949  30.705  -66.386  -15.834 0.6999999881
7956  22.705  -66.303  -15.273 0.6000000238
7950  29.860  -66.524  -15.326 0.6999999881
7952  25.871  -66.795  -15.304 0.6999999881
110647  23.212  -66.392  -16.218 0.6000000238
8484  32.469  -65.047  -13.555 0.6999999881
7934  30.604  -66.224  -14.845 0.6000000238
7951  29.040  -66.702  -14.894 0.6999999881
7343  27.320  -66.966  -14.938 0.6999999881
7360  26.519  -67.055  -15.483 0.6999999881
5794  25.917  -70.699  -14.869 0.6000000238
4805  28.804  -72.662  -16.785 0.6999999881
4787  28.230  -71.770  -16.393 0.6999999881
116704  27.476  -71.383  -15.794 0.6000000238
4345  29.161  -73.899  -17.019 0.5000000000
3435  29.502  -75.882  -15.744 0.4000000060
126377  29.276  -75.324  -16.399 0.5000000000
116175  24.526  -70.358  -17.607 0.5000000000
5821  24.600  -70.324  -16.290 0.5000000000
5844  24.831  -70.230  -18.906 0.5000000000
5860  25.721  -69.505  -21.038 0.6000000238
6879  27.622  -68.072  -21.486 0.6000000238
6366  26.311  -68.968  -21.791 0.6999999881
6361  25.421  -69.060  -21.390 0.6999999881
113679  28.479  -67.187  -20.951 0.6999999881
6868  26.718  -68.394  -21.492 0.6999999881
8011  30.497  -66.647  -19.380 0.6000000238
7421  29.941  -66.658  -20.787 0.6000000238
7437  27.853  -67.545  -20.939 0.6999999881
8554  32.712  -65.783  -17.474 0.6999999881
126792  31.442  -66.429  -17.937 0.6999999881
122127  23.814  -66.367  -13.499 0.6000000238
113248  33.352  -65.339  -16.701 0.6000000238
7966  31.760  -66.200  -17.140 0.6999999881
7387  29.968  -66.830  -18.501 0.6999999881
9645  33.879  -63.556  -13.850 0.6000000238
9057  33.896  -64.088  -13.849 0.6000000238
9068  34.043  -64.406  -14.548 0.6000000238
114995  32.851  -65.304  -15.902 0.6000000238
8537  32.376  -65.725  -16.502 0.6999999881
7940  24.277  -66.431  -14.228 0.6000000238
9045  33.381  -63.995  -13.379 0.6000000238
8519  32.966  -65.013  -14.885 0.6000000238
7918  27.836  -66.632  -13.337 0.6999999881
7919  26.319  -66.640  -13.859 0.6000000238
7939  25.558  -66.600  -14.619 0.6999999881
7954  24.624  -66.455  -14.967 0.6000000238
114152  33.139  -63.017  -13.927 0.5000000000
9046  32.766  -64.397  -13.114 0.6000000238
9047  32.191  -64.901  -12.776 0.8000000119
8486  30.984  -65.689  -13.369 0.8000000119
7916  29.447  -66.367  -13.494 0.8000000119
7936  29.024  -66.528  -14.117 0.8000000119
7937  28.194  -66.746  -14.309 0.6999999881
7938  26.463  -66.800  -14.714 0.6999999881
125023  30.577  -66.045  -14.058 0.8000000119
7935  29.814  -66.361  -14.338 0.8000000119
5321  28.038  -71.111  -16.482 0.6999999881
5804  27.363  -70.782  -16.109 0.6999999881
5819  26.726  -70.437  -16.301 0.6999999881
5795  24.967  -70.433  -14.446 0.6000000238
126267  29.600  -72.424  -17.061 0.6999999881
5806  25.335  -70.327  -15.443 0.6000000238
4804  29.795  -73.267  -17.071 0.6000000238
5832  25.797  -70.267  -17.791 0.5000000000
9597  23.301  -63.855  -9.108 0.6000000238
5843  25.789  -70.152  -19.091 0.5000000000
8998  23.891  -64.463  -9.057 0.5000000000
5854  25.891  -69.942  -20.198 0.5000000000
8420  24.824  -65.232  -9.543 0.6000000238
6359  26.829  -69.324  -21.592 0.6999999881
5859  26.447  -69.699  -20.952 0.6000000238
7448  28.516  -67.571  -21.625 0.6999999881
6365  27.320  -68.761  -21.908 0.6999999881
7870  24.944  -65.801  -10.933 0.6000000238
7436  29.149  -66.938  -21.476 0.6000000238
7985  33.118  -65.812  -18.559 0.6999999881
8009  32.583  -66.101  -19.402 0.6999999881
8010  31.527  -66.460  -19.080 0.6999999881
7901  24.654  -66.268  -12.313 0.6000000238
122221  24.582  -66.018  -11.548 0.6000000238
7986  32.185  -66.179  -18.216 0.6999999881
116280  25.993  -66.383  -12.294 0.6000000238
123995  24.039  -66.319  -12.722 0.6000000238
9066  35.510  -63.732  -15.588 0.6000000238
9078  34.455  -64.499  -15.412 0.6000000238
7881  27.206  -66.391  -11.621 0.6999999881
7899  26.156  -66.520  -13.000 0.6000000238
7921  24.675  -66.410  -13.323 0.6000000238
9644  34.538  -63.438  -14.528 0.6000000238
8451  30.950  -65.294  -11.884 0.6000000238
130762  29.564  -66.296  -12.119 0.6000000238
7897  28.395  -66.591  -12.571 0.6999999881
7898  27.545  -66.551  -12.450 0.6000000238
124861  24.941  -66.462  -14.179 0.6000000238
9031  31.437  -64.620  -11.852 0.6000000238
7895  29.871  -66.126  -12.761 0.8000000119
9030  31.878  -64.666  -12.255 0.6000000238
8467  30.625  -65.702  -12.651 0.6999999881
7917  28.678  -66.574  -13.435 0.8000000119
5817  28.460  -70.928  -17.263 0.6999999881
5818  27.588  -70.589  -16.788 0.6999999881
5320  29.883  -71.933  -17.324 0.6999999881
121469  28.929  -71.703  -16.970 0.6999999881
5831  26.830  -70.344  -17.285 0.6000000238
5820  25.648  -70.311  -16.529 0.6000000238
10176  24.850  -62.515  -7.996 0.6000000238
10191  23.724  -62.379  -9.139 0.6000000238
10177  24.134  -62.892  -8.518 0.6000000238
10192  22.986  -63.034  -9.408 0.6000000238
9586  23.988  -63.723  -8.673 0.5000000000
115473  27.795  -69.367  -21.528 0.6999999881
8978  26.339  -64.453  -8.221 0.4000000060
8997  24.474  -64.813  -9.104 0.5000000000
6877  29.496  -67.333  -22.238 0.6999999881
127311  29.018  -68.298  -22.007 0.8000000119
8419  25.648  -65.324  -9.458 0.5000000000
7435  29.912  -66.782  -21.972 0.6000000238
6878  28.645  -67.939  -22.055 0.6999999881
8434  25.310  -65.583  -10.195 0.6000000238
8027  31.034  -66.473  -20.507 0.6999999881
7868  26.759  -66.048  -10.848 0.6999999881
7869  25.816  -65.908  -10.916 0.6000000238
8552  34.783  -65.387  -18.107 0.6999999881
8431  28.361  -65.862  -10.291 0.5000000000
7883  25.387  -66.159  -11.767 0.6000000238
9076  36.015  -64.230  -16.405 0.6000000238
108741  34.249  -65.257  -17.162 0.6000000238
7867  27.750  -66.253  -10.886 0.6999999881
131069  35.974  -63.493  -16.014 0.6000000238
8536  34.309  -64.888  -16.319 0.6000000238
8452  30.019  -65.400  -10.913 0.5000000000
7866  28.709  -66.316  -11.064 0.6000000238
9067  34.848  -63.952  -14.918 0.6000000238
9624  31.229  -63.600  -11.653 0.6000000238
125287  30.519  -65.244  -11.341 0.5000000000
7880  28.115  -66.540  -11.703 0.6999999881
110555  31.535  -62.432  -12.834 0.6000000238
5829  28.797  -70.926  -18.244 0.6999999881
5830  27.751  -70.499  -17.927 0.6000000238
114435  26.683  -70.291  -18.392 0.6000000238
10781  24.792  -61.608  -8.289 0.4000000060
10802  24.320  -61.496  -9.127 0.5000000000
5841  27.373  -70.425  -19.123 0.6000000238
10157  25.728  -62.478  -7.601 0.5000000000
10817  23.199  -61.906  -10.626 0.6000000238
5857  28.399  -69.986  -20.575 0.6999999881
114092  28.786  -69.316  -21.412 0.6999999881
5842  26.522  -70.211  -19.381 0.6000000238
112909  26.029  -63.888  -7.781 0.5000000000
6876  30.566  -67.296  -22.408 0.6999999881
8977  27.233  -64.478  -8.484 0.4000000060
8024  34.170  -66.237  -21.064 0.6999999881
8031  32.561  -66.444  -21.665 0.6999999881
8035  31.913  -66.792  -22.324 0.6999999881
8417  27.280  -65.150  -9.166 0.6000000238
8563  35.379  -65.661  -19.589 0.6999999881
8007  34.807  -65.925  -20.433 0.6999999881
8026  32.052  -66.241  -20.468 0.6999999881
8032  31.553  -66.461  -21.587 0.6999999881
8995  27.872  -64.766  -9.027 0.5000000000
8432  27.283  -65.707  -10.022 0.5000000000
8551  36.209  -64.812  -17.387 0.6000000238
8564  34.198  -65.648  -18.949 0.6999999881
8416  28.068  -65.280  -9.601 0.5000000000
10255  36.343  -62.779  -17.032 0.5000000000
9075  36.718  -64.242  -17.208 0.6000000238
8535  35.268  -64.950  -17.059 0.6000000238
5839  29.792  -70.964  -18.955 0.6999999881
5840  29.029  -70.883  -19.147 0.6999999881
11492  25.305  -60.819  -8.042 0.4000000060
5850  29.843  -70.656  -19.455 0.6999999881
5852  28.098  -70.496  -19.852 0.6999999881
11513  24.773  -60.667  -9.461 0.4000000060
5851  29.097  -70.676  -19.769 0.6999999881
10816  23.973  -61.390  -10.899 0.6000000238
6358  30.086  -69.037  -21.220 0.8000000119
128970  29.519  -69.486  -20.903 0.6999999881
6874  32.559  -67.831  -22.129 0.6000000238
6866  30.781  -68.269  -21.732 0.6000000238
10844  24.582  -61.295  -13.765 0.6000000238
8030  33.671  -66.608  -21.889 0.6999999881
8034  32.977  -66.928  -22.322 0.6999999881
7446  31.299  -66.938  -22.603 0.6000000238
9081  37.390  -64.963  -18.925 0.6000000238
131253  24.056  -61.142  -15.458 0.5000000000
9079  37.272  -64.197  -18.006 0.6000000238
8550  36.849  -64.951  -18.130 0.6999999881
9658  36.963  -63.386  -17.419 0.5000000000
6351  30.128  -69.884  -20.091 0.6999999881
117409  25.099  -59.967  -9.692 0.4000000060
6856  30.862  -69.071  -20.540 0.8000000119
11542  24.580  -60.853  -11.212 0.5000000000
6864  32.972  -68.331  -21.251 0.8000000119
122054  24.810  -60.777  -12.219 0.4000000060
11525  24.941  -60.306  -10.509 0.4000000060
6865  31.795  -68.437  -21.174 0.6999999881
11554  25.055  -60.932  -13.253 0.4000000060
10834  24.250  -61.196  -11.901 0.5000000000
8568  36.837  -66.239  -20.694 0.6000000238
117588  34.576  -66.736  -21.951 0.6000000238
7443  34.416  -67.277  -22.250 0.6999999881
11553  25.580  -60.235  -13.525 0.4000000060
130078  37.425  -65.563  -19.888 0.6000000238
8562  36.184  -65.914  -20.218 0.6000000238
11572  25.060  -61.315  -15.771 0.4000000060
10853  24.646  -61.566  -14.924 0.6000000238
9662  37.110  -63.443  -18.356 0.5000000000
10263  36.510  -62.922  -18.970 0.5000000000
12214  25.276  -59.289  -9.358 0.4000000060
127882  31.565  -69.008  -19.947 0.8000000119
130316  25.205  -59.809  -11.034 0.4000000060
11541  25.336  -60.177  -12.475 0.4000000060
6872  34.384  -67.886  -22.188 0.6000000238
6873  33.522  -67.921  -22.118 0.6999999881
8006  36.160  -66.568  -21.302 0.6000000238
8029  35.147  -67.185  -22.210 0.6000000238
120630  26.037  -59.193  -13.705 0.4000000060
11559  25.813  -60.094  -14.622 0.4000000060
130781  25.129  -60.695  -16.409 0.4000000060
9661  37.469  -64.244  -19.054 0.4000000060
12923  25.494  -58.390  -9.990 0.4000000060
12932  25.690  -58.505  -11.074 0.4000000060
6862  34.810  -68.219  -21.824 0.6999999881
6863  34.034  -68.321  -21.552 0.6000000238
12939  25.928  -58.481  -12.024 0.4000000060
8560  37.685  -66.457  -20.731 0.6000000238
7433  35.762  -67.334  -22.047 0.6000000238
12986  26.170  -58.973  -14.843 0.4000000060
9083  37.722  -65.227  -20.023 0.6000000238
12997  26.079  -58.803  -16.169 0.3000000119
9664  37.792  -64.444  -20.457 0.4000000060
9669  37.149  -63.454  -20.709 0.4000000060
9668  37.953  -63.966  -21.487 0.4000000060
114920  26.118  -57.640  -12.350 0.4000000060
12971  26.370  -58.198  -13.936 0.4000000060
119510  38.148  -65.822  -21.160 0.6000000238
8567  38.532  -65.762  -21.349 0.6000000238
9667  38.580  -64.305  -22.161 0.4000000060
9089  38.961  -64.561  -22.277 0.5000000000
9672  38.787  -63.835  -22.690 0.4000000060
125964  23.262  -56.114  -17.914 0.3000000119
9671  39.319  -63.743  -22.768 0.4000000060
128842  25.123  -55.074  -10.049 0.4000000060
15873  24.244  -55.028  -15.986 0.3000000119
15869  21.351  -54.712  -15.488 0.4000000060
15810  24.911  -54.035  -8.923 0.4000000060
15843  24.750  -54.215  -10.826 0.4000000060
15860  24.234  -54.132  -13.888 0.3000000119
126044  24.842  -54.740  -13.700 0.3000000119
15189  22.705  -55.335  -17.855 0.3000000119
15880  23.714  -55.503  -17.410 0.3000000119
15183  21.707  -55.121  -16.778 0.3000000119
115887  24.397  -53.637  -10.389 0.4000000060
16506  24.041  -53.066  -10.860 0.4000000060
130484  24.863  -54.493  -12.233 0.4000000060
15868  23.888  -54.288  -15.267 0.3000000119
16545  22.610  -54.242  -17.513 0.3000000119
17196  17.361  -51.460  -13.868 0.4000000060
18564  15.329  -50.831  -13.530 0.3000000119
18547  16.079  -50.438  -11.787 0.3000000119
15882  22.310  -54.818  -17.844 0.3000000119
15875  21.237  -54.480  -17.021 0.3000000119
17167  23.627  -52.509  -11.275 0.4000000060
16515  23.981  -53.191  -11.714 0.4000000060
16523  23.891  -53.263  -12.575 0.3000000119
114675  23.635  -53.639  -14.617 0.3000000119
16537  23.177  -53.634  -16.020 0.3000000119
114112  19.117  -52.412  -14.211 0.3000000119
16546  22.334  -53.324  -17.027 0.3000000119
18563  16.267  -50.894  -13.630 0.3000000119
16552  21.214  -53.705  -17.498 0.3000000119
120055  17.761  -50.606  -13.433 0.4000000060
18554  16.956  -50.567  -13.060 0.3000000119
19323  18.807  -49.894  -12.751 0.3000000119
18546  17.212  -50.359  -12.064 0.3000000119
17174  23.493  -52.503  -12.185 0.4000000060
114962  23.483  -52.766  -12.980 0.4000000060
17184  23.169  -52.685  -13.672 0.3000000119
121261  18.368  -51.930  -14.157 0.4000000060
130640  22.737  -52.521  -15.090 0.3000000119
17195  19.289  -52.194  -14.769 0.3000000119
17846  18.162  -51.376  -13.971 0.4000000060
18571  19.042  -51.041  -14.298 0.4000000060
118634  19.114  -49.694  -11.659 0.3000000119
17830  23.063  -51.800  -12.239 0.4000000060
17831  22.550  -51.346  -12.672 0.4000000060
17836  22.459  -51.452  -13.735 0.4000000060
17843  22.413  -51.411  -15.058 0.4000000060
17202  22.106  -52.591  -16.547 0.3000000119
17853  21.249  -51.648  -16.044 0.3000000119
17854  20.270  -51.848  -15.680 0.3000000119
18570  19.901  -50.487  -14.757 0.3000000119
127370  19.309  -49.546  -13.907 0.5000000000
18561  19.217  -50.230  -14.155 0.4000000060
19334  18.869  -50.081  -13.547 0.4000000060
20126  19.469  -48.471  -10.536 0.3000000119
18552  22.127  -50.617  -13.221 0.4000000060
18559  22.333  -50.807  -14.417 0.4000000060
18568  22.489  -50.291  -15.597 0.3000000119
19352  21.823  -49.112  -15.899 0.3000000119
20170  21.359  -48.235  -15.455 0.3000000119
21910  20.402  -46.839  -14.660 0.3000000119
126355  22.043  -51.962  -16.146 0.3000000119
18576  22.282  -50.275  -16.021 0.3000000119
19342  20.833  -49.036  -15.278 0.3000000119
20158  20.275  -48.558  -14.694 0.3000000119
21085  19.769  -47.261  -14.079 0.3000000119
115258  21.689  -49.968  -15.888 0.3000000119
20149  19.432  -48.263  -13.375 0.3000000119
19322  19.371  -49.157  -12.036 0.3000000119
21014  19.259  -47.865  -10.184 0.3000000119
19301  22.693  -49.448  -10.053 0.3000000119
117654  22.255  -49.185  -11.060 0.3000000119
19321  22.015  -50.021  -12.298 0.3000000119
20141  22.068  -48.908  -13.496 0.3000000119
21098  22.181  -47.613  -15.347 0.3000000119
21922  21.018  -46.420  -15.294 0.3000000119
18553  21.961  -49.670  -13.273 0.3000000119
129705  22.388  -48.149  -15.498 0.3000000119
20168  22.340  -48.387  -15.666 0.3000000119
121580  21.649  -46.841  -15.364 0.3000000119
22692  20.343  -45.860  -14.621 0.3000000119
21900  19.619  -46.978  -13.262 0.3000000119
21059  19.523  -47.579  -12.800 0.3000000119
21889  19.697  -46.788  -12.275 0.3000000119
20133  19.623  -48.388  -11.392 0.3000000119
21032  19.598  -47.476  -10.784 0.3000000119
21013  23.004  -47.733  -9.810 0.3000000119
20132  22.223  -48.785  -11.421 0.3000000119
117063  22.212  -48.174  -13.185 0.3000000119
113364  22.367  -46.801  -14.324 0.3000000119
21920  22.124  -45.904  -15.309 0.3000000119
22682  19.815  -45.587  -13.578 0.3000000119
22670  19.722  -45.378  -12.478 0.3000000119
22654  19.577  -45.957  -11.243 0.3000000119
21867  18.566  -46.932  -10.276 0.3000000119
22702  21.828  -45.295  -15.502 0.3000000119
119993  20.626  -45.061  -14.995 0.3000000119
23455  19.581  -44.617  -12.163 0.3000000119
22655  19.078  -45.461  -11.098 0.3000000119
21866  19.275  -46.504  -10.728 0.3000000119
22641  18.355  -46.125  -10.729 0.3000000119
23480  21.271  -44.576  -15.479 0.3000000119
23471  20.448  -44.331  -14.856 0.3000000119
23465  19.797  -44.729  -13.158 0.3000000119
24313  22.368  -43.517  -15.259 0.3000000119
25091  20.471  -42.869  -15.300 0.3000000119
124552  19.802  -43.466  -13.826 0.3000000119
24298  19.636  -43.836  -12.859 0.3000000119
24278  19.276  -43.966  -11.930 0.3000000119
23444  18.720  -44.756  -11.399 0.3000000119
22642  17.151  -45.974  -10.936 0.3000000119
2302  24.925  -77.808  -11.445 0.5000000000
114931  25.821  -77.869  -12.831 0.5000000000
124257  26.609  -77.887  -12.881 0.4000000060
7391  24.939  -67.158  -17.809 0.6999999881
7969  24.759  -66.695  -16.490 0.6999999881
127292  27.852  -76.799  -15.641 0.4000000060
2659  26.243  -77.718  -12.545 0.5000000000
7388  28.553  -67.363  -18.017 0.6000000238
118546  25.108  -69.987  -19.801 0.5000000000
7988  30.195  -66.763  -17.496 0.6000000238
6867  29.853  -68.126  -22.018 0.8000000119
5858  27.405  -69.839  -20.793 0.6999999881
7447  30.509  -66.896  -22.424 0.6000000238
8025  33.103  -66.109  -20.722 0.6999999881
11560  25.239  -61.217  -14.566 0.4000000060
10259  36.548  -62.787  -17.953 0.5000000000
9665  37.134  -63.552  -19.477 0.4000000060
7420  36.237  -67.463  -21.213 0.6000000238
7419  37.042  -67.118  -20.918 0.6000000238
13721  26.350  -58.002  -15.180 0.3000000119
9087  38.503  -65.066  -21.641 0.4000000060
15826  24.794  -54.329  -9.953 0.4000000060
116295  22.296  -50.743  -12.235 0.3000000119
116975  22.627  -48.128  -10.370 0.3000000119
6842  35.831  -68.622  -19.603 0.5000000000
6843  35.056  -68.817  -19.667 0.5000000000
6853  33.465  -68.616  -20.294 0.6999999881
114626  32.850  -68.766  -19.213 0.6999999881
6855  31.020  -69.720  -19.512 0.6000000238
7401  35.534  -68.177  -21.182 0.5000000000
6852  34.565  -68.620  -20.734 0.6000000238
6854  32.392  -68.682  -20.039 0.6000000238
127506  30.428  -71.385  -18.186 0.6000000238
5324  29.352  -71.363  -17.674 0.6000000238
6832  33.643  -69.158  -17.940 0.6999999881
6344  31.995  -69.888  -18.203 0.6000000238
5837  30.987  -70.893  -18.604 0.6000000238
6345  31.313  -70.302  -18.740 0.6000000238
5828  29.666  -71.160  -18.369 0.6000000238
7400  36.235  -68.175  -20.442 0.5000000000
6338  34.014  -69.701  -17.126 0.6999999881
117073  32.327  -70.942  -17.136 0.6999999881
111453  31.769  -71.624  -17.406 0.6000000238
5322  31.146  -71.893  -17.696 0.6000000238
6339  32.725  -69.983  -17.452 0.6999999881
5827  31.027  -71.354  -18.173 0.6000000238
6337  35.031  -69.517  -17.143 0.6000000238
7397  38.254  -67.684  -19.182 0.5000000000
4803  30.466  -72.736  -17.180 0.6000000238
7399  36.788  -67.881  -20.331 0.5000000000
8566  39.768  -65.947  -19.683 0.5000000000
8004  38.625  -66.956  -19.833 0.5000000000
8565  40.307  -65.135  -20.257 0.4000000060
7410  21.996  -67.229  -19.159 0.4000000060
7428  22.392  -67.738  -19.620 0.4000000060
7429  21.363  -67.939  -19.715 0.4000000060
6858  21.759  -68.341  -19.375 0.5000000000
116743  22.194  -68.862  -19.059 0.5000000000
6847  20.978  -68.637  -19.052 0.5000000000
8022  39.066  -66.383  -20.404 0.5000000000
6348  21.114  -68.964  -18.701 0.5000000000
6794  19.420  -68.821  -14.750 0.6000000238
6347  22.132  -69.508  -18.857 0.5000000000
5848  20.976  -70.053  -18.332 0.5000000000
6331  20.138  -69.640  -16.453 0.5000000000
6860  19.836  -69.083  -20.246 0.5000000000
6859  20.744  -68.850  -19.999 0.5000000000
6349  19.677  -69.315  -20.022 0.5000000000
116619  19.701  -69.301  -19.042 0.5000000000
6342  19.317  -69.403  -18.441 0.5000000000
6341  20.187  -69.753  -18.117 0.5000000000
114253  19.687  -69.607  -17.419 0.5000000000
6332  19.353  -69.242  -16.619 0.5000000000
8028  38.873  -66.035  -21.162 0.5000000000
121237  20.333  -70.027  -17.175 0.5000000000
9082  40.852  -64.171  -20.040 0.4000000060
9085  39.832  -65.102  -21.276 0.4000000060
9084  40.513  -64.311  -21.084 0.4000000060
112840  22.388  -66.363  -16.159 0.5000000000
6343  18.580  -69.097  -18.811 0.5000000000
119111  38.331  -66.310  -20.846 0.5000000000
9086  39.052  -65.362  -21.616 0.4000000060
7941  23.477  -66.371  -14.441 0.5000000000
113538  21.866  -66.211  -14.793 0.5000000000
8521  20.201  -65.910  -15.005 0.5000000000
7957  21.611  -66.284  -15.639 0.5000000000
7942  22.454  -66.254  -14.111 0.5000000000
7924  21.522  -66.035  -14.053 0.5000000000
7903  22.601  -66.189  -13.210 0.5000000000
8487  21.053  -65.744  -13.260 0.5000000000
123693  20.388  -65.779  -14.317 0.5000000000
8522  19.368  -65.796  -15.189 0.4000000060
8470  22.301  -65.978  -12.423 0.5000000000
8488  20.238  -65.529  -13.476 0.6000000238
8507  18.722  -65.496  -14.477 0.6000000238
7884  23.800  -66.116  -11.819 0.5000000000
8455  21.968  -65.614  -11.510 0.5000000000
8471  21.327  -65.720  -12.240 0.5000000000
8473  19.720  -65.238  -12.614 0.6000000238
8490  18.817  -65.274  -13.580 0.6000000238
8508  17.864  -65.451  -14.616 0.6000000238
8525  16.702  -65.632  -15.670 0.5000000000
8526  15.855  -65.447  -15.716 0.5000000000
8511  14.804  -65.016  -15.718 0.5000000000
8454  23.231  -65.683  -10.939 0.5000000000
8436  23.559  -65.422  -10.152 0.5000000000
8438  21.811  -65.097  -10.618 0.5000000000
110412  20.610  -65.426  -11.716 0.5000000000
9020  20.371  -64.867  -11.105 0.6000000238
9033  18.879  -65.015  -12.585 0.6000000238
8491  17.236  -65.079  -13.726 0.6000000238
8509  16.269  -65.120  -14.113 0.6000000238
8510  15.545  -65.126  -14.698 0.5000000000
10892  16.695  -60.848  -15.525 0.5000000000
108588  13.748  -63.926  -14.590 0.5000000000
8435  24.451  -65.503  -10.199 0.5000000000
8422  23.094  -64.766  -9.522 0.5000000000
9008  22.178  -64.629  -9.908 0.6000000238
9010  20.768  -64.081  -10.648 0.6000000238
10213  19.478  -63.062  -11.212 0.6000000238
9022  18.727  -64.520  -11.721 0.6000000238
10214  18.712  -63.087  -11.470 0.6000000238
9034  17.607  -64.404  -12.163 0.6000000238
9625  17.456  -63.864  -11.788 0.6000000238
8492  16.298  -64.676  -13.162 0.6000000238
112970  15.743  -64.299  -12.808 0.5000000000
108942  14.848  -64.732  -14.443 0.5000000000
9050  14.531  -64.195  -13.842 0.5000000000
10237  15.345  -62.932  -13.056 0.5000000000
9647  14.015  -63.420  -14.005 0.5000000000
10247  14.933  -62.423  -13.569 0.5000000000
9604  21.855  -63.893  -9.886 0.6000000238
10203  20.974  -63.156  -10.743 0.6000000238
10223  20.017  -62.307  -11.524 0.6000000238
10848  19.850  -61.796  -12.324 0.6000000238
10224  19.210  -62.390  -11.749 0.6000000238
110275  17.956  -63.124  -11.749 0.6000000238
10849  18.946  -62.061  -12.615 0.6000000238
10226  17.131  -63.199  -12.078 0.5000000000
10234  17.909  -62.413  -12.636 0.5000000000
10228  15.721  -63.327  -12.680 0.5000000000
10858  17.507  -61.904  -13.783 0.5000000000
10874  17.960  -61.569  -14.830 0.6000000238
10860  15.657  -62.111  -13.576 0.5000000000
10875  17.068  -61.412  -14.715 0.5000000000
10891  17.617  -61.140  -15.896 0.5000000000
11594  17.694  -60.072  -17.118 0.5000000000
10837  20.705  -61.771  -11.987 0.6000000238
111643  20.774  -61.589  -13.136 0.6000000238
10857  19.642  -61.668  -13.384 0.6000000238
118098  18.593  -61.730  -13.792 0.6000000238
10890  18.608  -61.226  -16.509 0.6000000238
10902  18.014  -60.760  -17.051 0.5000000000
10847  21.616  -61.669  -12.399 0.6000000238
114855  18.849  -61.555  -15.222 0.6000000238
10900  19.639  -61.268  -17.477 0.6000000238
10901  19.012  -60.875  -17.670 0.5000000000
10855  22.939  -61.412  -13.772 0.6000000238
10846  22.831  -61.608  -12.729 0.6000000238
115332  21.460  -61.511  -14.411 0.6000000238
115378  19.904  -61.618  -15.393 0.6000000238
10899  20.834  -61.323  -18.386 0.5000000000
116303  22.537  -61.405  -14.527 0.6000000238
10871  22.260  -61.479  -15.663 0.6000000238
123630  23.242  -61.277  -15.592 0.6000000238
10888  20.349  -61.571  -16.761 0.6000000238
10897  22.669  -61.201  -17.923 0.6000000238
127326  22.300  -61.004  -18.707 0.5000000000
11584  23.076  -60.841  -17.460 0.4000000060
5849  30.559  -70.553  -19.149 0.6000000238
6846  31.920  -69.264  -18.996 0.6999999881
8005  37.770  -67.016  -20.408 0.5000000000
8003  39.417  -66.731  -19.157 0.5000000000
9032  19.296  -65.065  -11.892 0.6000000238
9021  19.510  -64.660  -11.376 0.6000000238
9035  16.331  -64.258  -12.405 0.6000000238
10236  16.032  -62.631  -12.966 0.5000000000
10872  20.360  -61.583  -14.351 0.6000000238
116203  21.343  -61.564  -17.328 0.6000000238
10910  21.527  -61.100  -19.151 0.6000000238
2295  24.309  -78.388  -10.402 0.4000000060
2631  25.193  -77.710  -8.699 0.5000000000
2987  25.425  -76.719  -8.853 0.5000000000
2641  24.763  -78.176  -9.477 0.4000000060
2284  24.434  -78.400  -10.197 0.4000000060
2649  25.140  -77.766  -10.640 0.4000000060
2986  25.890  -76.078  -8.513 0.5000000000
3371  25.727  -75.938  -9.779 0.5000000000
3001  26.117  -76.601  -10.886 0.5000000000
2294  25.046  -77.774  -11.212 0.4000000060
3784  26.258  -74.399  -9.376 0.5000000000
3361  25.997  -75.087  -9.748 0.5000000000
3370  26.238  -75.530  -10.483 0.5000000000
3383  26.767  -76.197  -11.427 0.5000000000
3006  25.878  -77.471  -11.393 0.4000000060
3005  26.658  -77.096  -11.947 0.4000000060
4257  26.655  -73.550  -9.360 0.5000000000
3793  26.325  -74.587  -10.201 0.5000000000
4268  26.992  -73.288  -10.558 0.5000000000
3806  26.730  -75.089  -11.020 0.5000000000
3805  27.440  -75.685  -11.776 0.5000000000
2657  27.221  -77.522  -12.791 0.4000000060
4344  30.112  -74.170  -16.932 0.5000000000
3884  29.607  -74.734  -16.664 0.4000000060
3864  30.038  -75.284  -15.988 0.4000000060
3434  30.337  -75.659  -15.175 0.4000000060
3044  29.758  -76.252  -14.834 0.4000000060
3033  29.231  -76.766  -14.329 0.4000000060
4280  27.433  -73.908  -11.314 0.5000000000
3022  29.442  -76.533  -13.734 0.4000000060
3023  28.581  -77.130  -13.635 0.4000000060
2665  27.668  -77.532  -13.241 0.4000000060
4279  28.200  -73.685  -11.905 0.4000000060
3804  28.047  -74.941  -12.031 0.5000000000
3013  28.054  -77.083  -12.945 0.4000000060
3004  27.406  -76.766  -12.316 0.4000000060
3883  30.515  -74.723  -16.321 0.4000000060
3422  30.811  -75.130  -14.582 0.4000000060
3032  29.885  -76.361  -14.151 0.4000000060
5279  28.711  -71.992  -11.842 0.4000000060
3396  29.567  -75.996  -13.375 0.4000000060
3397  28.874  -76.537  -13.136 0.4000000060
4735  28.553  -72.881  -11.991 0.4000000060
3818  28.767  -74.625  -12.486 0.4000000060
116380  28.887  -75.611  -12.751 0.4000000060
3398  28.182  -76.185  -12.489 0.4000000060
113888  31.181  -73.445  -16.919 0.5000000000
4342  31.776  -73.973  -16.172 0.4000000060
3846  32.482  -74.213  -14.916 0.4000000060
4310  31.684  -74.364  -14.496 0.4000000060
3409  30.482  -75.425  -14.165 0.4000000060
3832  30.408  -74.890  -13.774 0.4000000060
116541  30.079  -75.596  -13.690 0.4000000060
4734  29.329  -72.797  -12.463 0.4000000060
4295  30.042  -73.826  -13.185 0.4000000060
3817  29.588  -74.981  -13.119 0.4000000060
4817  31.237  -72.604  -17.226 0.5000000000
4802  32.047  -73.236  -16.575 0.5000000000
125765  32.340  -72.128  -16.835 0.6000000238
4801  32.842  -73.262  -15.776 0.5000000000
4322  32.392  -74.105  -14.722 0.4000000060
4751  31.689  -73.636  -14.099 0.4000000060
115269  32.003  -72.874  -13.974 0.4000000060
128939  30.922  -71.609  -13.256 0.4000000060
4800  33.402  -72.813  -15.499 0.4000000060
5816  33.420  -71.613  -16.229 0.5000000000
4785  33.769  -73.146  -14.958 0.4000000060
4771  33.291  -73.345  -14.802 0.4000000060
5314  34.047  -72.362  -15.120 0.5000000000
4769  34.094  -72.395  -15.002 0.4000000060
4770  33.695  -73.012  -15.048 0.4000000060
5307  33.500  -72.563  -14.554 0.4000000060
5815  34.175  -71.315  -15.993 0.6000000238
5825  33.380  -70.797  -16.619 0.6000000238
5304  35.231  -71.341  -15.047 0.5000000000
5791  34.876  -71.507  -14.811 0.4000000060
6844  33.948  -68.876  -19.226 0.5000000000
10193  22.310  -63.257  -9.773 0.5000000000
10818  22.345  -62.192  -10.802 0.5000000000
127836  23.661  -61.497  -11.541 0.5000000000
10201  22.570  -62.560  -10.023 0.5000000000
10835  23.038  -61.743  -11.649 0.5000000000
10211  21.555  -62.383  -11.038 0.5000000000
117945  25.526  -76.023  -9.078 0.5000000000
112943  25.206  -77.276  -9.524 0.5000000000
3863  30.897  -75.088  -15.480 0.4000000060
3862  31.737  -74.766  -15.036 0.4000000060
4296  29.077  -73.793  -12.538 0.4000000060
4786  33.274  -73.476  -15.064 0.4000000060
4320  33.347  -73.443  -14.959 0.4000000060
4311  30.974  -74.212  -13.935 0.4000000060
4752  30.762  -73.365  -13.499 0.4000000060
5318  33.045  -72.179  -16.265 0.5000000000
5308  32.731  -72.700  -14.216 0.4000000060
5317  33.838  -72.033  -15.689 0.5000000000
5316  34.509  -71.643  -15.398 0.6000000238
5306  34.206  -72.181  -14.826 0.5000000000
5813  35.821  -70.804  -15.676 0.5000000000
8500  41.430  -65.202  -15.058 0.3000000119
117755  41.021  -65.985  -15.360 0.3000000119
8534  41.147  -65.826  -16.075 0.3000000119
8533  41.612  -65.138  -15.632 0.3000000119
9065  41.997  -64.300  -15.279 0.3000000119
10243  40.605  -62.740  -14.368 0.3000000119
9641  42.049  -62.998  -14.805 0.3000000119
8501  40.828  -66.024  -15.009 0.3000000119
7335  39.958  -67.274  -15.112 0.4000000060
7371  40.068  -67.304  -15.499 0.4000000060
110886  41.049  -65.160  -14.758 0.3000000119
7965  40.045  -67.201  -16.362 0.4000000060
7964  40.575  -66.633  -15.783 0.4000000060
7386  37.862  -68.469  -18.379 0.4000000060
6840  37.108  -68.338  -19.222 0.4000000060
9054  41.039  -64.312  -14.551 0.3000000119
8549  41.062  -65.373  -16.840 0.3000000119
7984  39.706  -66.906  -17.666 0.4000000060
9656  42.726  -63.189  -16.081 0.3000000119
6805  39.139  -68.238  -15.114 0.4000000060
6320  38.269  -69.430  -15.562 0.4000000060
6327  36.972  -70.183  -16.165 0.4000000060
6336  35.860  -69.482  -17.108 0.4000000060
130602  40.040  -66.632  -14.758 0.4000000060
7356  39.580  -67.792  -15.282 0.4000000060
6817  38.767  -68.978  -15.992 0.4000000060
6334  37.389  -69.565  -16.775 0.4000000060
6828  37.104  -69.010  -18.092 0.4000000060
8502  40.307  -65.937  -14.651 0.3000000119
7372  39.679  -67.895  -15.925 0.4000000060
126415  37.838  -69.145  -17.362 0.4000000060
9055  40.308  -64.802  -14.370 0.3000000119
7385  38.716  -68.109  -17.714 0.4000000060
6829  36.209  -68.907  -18.221 0.4000000060
9042  39.368  -64.131  -13.841 0.3000000119
7396  39.071  -67.438  -18.453 0.4000000060
8002  40.109  -66.122  -18.415 0.4000000060
6308  37.394  -69.964  -14.957 0.4000000060
5812  36.488  -70.534  -15.740 0.4000000060
127909  38.253  -68.820  -14.777 0.4000000060
6789  38.118  -69.396  -14.964 0.4000000060
6321  37.806  -69.718  -15.278 0.4000000060
6328  36.286  -70.289  -16.290 0.4000000060
8481  38.668  -65.576  -13.776 0.3000000119
7931  39.037  -67.320  -14.523 0.4000000060
9621  38.217  -63.166  -12.727 0.3000000119
6830  35.441  -68.943  -18.347 0.4000000060
9633  38.833  -63.326  -13.332 0.3000000119
5803  35.712  -71.049  -15.233 0.4000000060
5789  36.581  -70.482  -15.099 0.4000000060
8559  40.494  -65.284  -19.088 0.3000000119
9660  41.105  -64.161  -18.718 0.3000000119
8558  40.722  -65.273  -17.835 0.3000000119
6831  34.608  -69.052  -18.253 0.4000000060
6329  35.502  -70.388  -16.389 0.4000000060
5790  35.945  -70.935  -15.074 0.4000000060
7947  40.437  -66.693  -15.224 0.3000000119
9074  42.156  -64.193  -16.107 0.3000000119
109772  42.510  -63.623  -15.496 0.3000000119
7336  39.525  -67.700  -15.090 0.4000000060
7983  40.433  -66.203  -16.933 0.4000000060
7373  39.172  -68.414  -16.478 0.4000000060
7384  39.442  -67.720  -17.018 0.4000000060
7337  39.183  -67.952  -14.945 0.4000000060
6326  37.672  -69.921  -15.882 0.4000000060
6818  38.129  -69.437  -16.432 0.4000000060
8503  39.457  -66.392  -14.388 0.3000000119
8480  39.497  -65.292  -14.102 0.3000000119
7338  38.582  -68.113  -14.696 0.4000000060
7910  38.459  -66.462  -14.030 0.3000000119
111434  38.805  -64.786  -13.575 0.3000000119
1908  23.904  -80.900  -6.223 0.3000000119
1919  22.761  -81.008  -6.941 0.3000000119
1565  25.197  -81.634  -5.764 0.3000000119
1909  23.026  -80.355  -6.367 0.3000000119
1569  25.238  -81.718  -5.981 0.3000000119
1571  23.727  -81.577  -6.640 0.3000000119
1898  26.328  -81.276  -5.018 0.3000000119
1891  25.980  -80.276  -4.660 0.3000000119
1900  23.482  -79.889  -5.868 0.3000000119
2255  27.530  -80.284  -5.560 0.3000000119
1907  26.176  -81.382  -5.576 0.3000000119
1578  24.810  -81.722  -6.441 0.3000000119
2275  24.807  -78.755  -8.520 0.3000000119
2229  27.461  -79.582  -4.166 0.3000000119
2230  26.403  -79.329  -4.283 0.3000000119
2244  27.784  -80.154  -4.607 0.3000000119
1890  26.993  -80.592  -4.493 0.3000000119
1892  25.021  -79.576  -4.907 0.3000000119
1917  25.827  -81.031  -6.467 0.3000000119
2619  25.781  -77.400  -8.064 0.3000000119
2274  25.427  -78.519  -7.883 0.3000000119
120369  28.272  -79.603  -5.455 0.3000000119
1916  26.788  -80.901  -5.988 0.3000000119
2604  27.668  -79.003  -6.524 0.3000000119
127429  27.380  -77.894  -7.350 0.3000000119
2618  26.635  -78.139  -7.375 0.3000000119
2265  26.034  -78.521  -7.463 0.3000000119
2974  26.619  -76.997  -7.824 0.3000000119
4706  27.336  -72.398  -9.475 0.4000000060
3777  26.377  -74.912  -8.664 0.4000000060
129762  19.145  -75.694  -6.019 0.3000000119
2940  17.806  -76.542  -4.632 0.3000000119
109746  22.539  -79.169  -5.982 0.3000000119
1910  22.026  -79.545  -6.701 0.3000000119
2579  23.694  -77.491  -4.566 0.3000000119
2580  22.649  -77.314  -4.652 0.3000000119
2591  21.050  -76.807  -5.136 0.3000000119
2948  19.822  -76.106  -6.118 0.3000000119
2949  17.916  -76.177  -5.926 0.3000000119
2933  25.992  -77.186  -4.226 0.3000000119
2233  23.319  -78.283  -4.953 0.3000000119
2590  21.782  -77.235  -4.925 0.3000000119
115180  20.093  -76.552  -7.020 0.3000000119
125368  19.165  -75.975  -6.634 0.3000000119
2232  24.338  -78.500  -4.735 0.3000000119
2246  23.105  -78.933  -5.489 0.3000000119
2605  21.351  -77.520  -5.625 0.3000000119
2620  20.981  -77.502  -6.561 0.3000000119
2256  21.698  -78.395  -6.165 0.3000000119
2266  21.318  -78.372  -7.132 0.3000000119
1577  25.478  -81.649  -6.075 0.3000000119
1918  24.965  -81.312  -7.051 0.3000000119
2577  25.691  -78.038  -4.224 0.3000000119
2264  26.736  -79.412  -6.682 0.3000000119
3297  19.261  -75.111  -4.870 0.3000000119
2621  20.756  -77.386  -7.701 0.3000000119
2578  24.679  -77.722  -4.436 0.3000000119
128818  22.104  -76.875  -4.600 0.3000000119
110235  22.267  -78.142  -5.340 0.3000000119
2606  20.583  -76.809  -5.949 0.3000000119
2622  19.889  -76.715  -8.143 0.3000000119
3340  26.923  -75.998  -8.160 0.3000000119
7277  31.935  -67.923  -10.694 0.3000000119
119120  31.453  -68.283  -10.264 0.3000000119
6737  30.005  -69.185  -9.969 0.3000000119
5745  28.923  -70.101  -10.627 0.4000000060
5762  28.650  -70.623  -11.049 0.4000000060
5257  28.185  -71.340  -11.036 0.3000000119
116570  27.585  -72.890  -11.154 0.3000000119
7292  31.803  -68.164  -11.484 0.3000000119
6750  30.683  -68.879  -11.186 0.4000000060
6280  30.177  -69.619  -11.584 0.4000000060
5769  30.178  -70.506  -12.217 0.4000000060
5278  29.481  -71.811  -12.317 0.3000000119
5780  31.753  -70.730  -13.475 0.4000000060
5277  30.296  -71.517  -12.762 0.4000000060
4733  30.136  -72.605  -12.940 0.3000000119
5294  31.683  -71.799  -13.655 0.3000000119
6720  33.861  -68.671  -9.551 0.3000000119
7263  32.994  -68.202  -9.560 0.3000000119
124949  30.546  -68.951  -9.641 0.4000000060
6256  29.561  -69.611  -9.539 0.4000000060
5733  28.827  -70.120  -9.782 0.3000000119
5238  27.790  -71.341  -10.177 0.3000000119
4712  27.329  -72.047  -9.996 0.3000000119
7262  33.889  -67.829  -9.974 0.3000000119
7275  33.502  -67.287  -10.451 0.3000000119
7291  32.442  -67.601  -11.283 0.3000000119
6763  31.709  -68.665  -12.260 0.3000000119
6289  30.781  -69.899  -12.467 0.4000000060
7304  32.987  -67.369  -11.954 0.3000000119
7321  32.876  -67.836  -12.932 0.3000000119
126399  32.272  -68.396  -12.792 0.3000000119
6288  31.412  -69.422  -12.705 0.4000000060
6299  31.276  -70.088  -13.034 0.4000000060
6775  33.349  -68.348  -13.636 0.3000000119
116285  32.652  -69.684  -13.650 0.4000000060
5779  32.395  -70.495  -13.701 0.4000000060
6792  34.896  -69.220  -14.293 0.3000000119
6312  33.603  -70.052  -14.101 0.4000000060
5293  32.718  -71.565  -13.984 0.4000000060
6791  35.971  -69.455  -14.512 0.3000000119
111049  34.707  -70.417  -14.368 0.4000000060
6310  35.509  -70.227  -14.492 0.3000000119
5211  35.535  -72.063  -8.340 0.3000000119
4705  34.844  -72.318  -8.527 0.3000000119
125585  33.434  -72.634  -8.611 0.3000000119
5213  32.596  -71.934  -8.536 0.3000000119
6252  34.618  -69.150  -9.535 0.3000000119
6253  34.019  -69.744  -9.223 0.3000000119
5717  32.517  -70.750  -8.584 0.3000000119
118516  31.614  -71.145  -8.452 0.3000000119
7257  35.972  -67.179  -8.636 0.3000000119
6710  35.880  -68.074  -9.061 0.3000000119
6254  32.897  -69.833  -8.796 0.3000000119
6238  31.933  -69.758  -8.665 0.3000000119
6239  31.024  -69.688  -8.668 0.3000000119
115818  29.610  -70.467  -8.765 0.3000000119
5216  28.313  -71.334  -9.073 0.3000000119
5231  27.748  -71.637  -9.576 0.3000000119
4693  27.356  -72.820  -8.961 0.3000000119
4246  27.552  -73.518  -8.636 0.3000000119
7260  35.524  -67.110  -9.386 0.3000000119
7342  34.199  -68.064  -13.976 0.3000000119
6297  33.207  -69.153  -13.749 0.3000000119
7319  34.871  -67.333  -13.724 0.3000000119
6311  33.949  -69.163  -14.043 0.3000000119
7340  36.251  -68.361  -14.414 0.3000000119
6790  36.893  -69.322  -14.627 0.3000000119
122243  36.697  -70.116  -14.781 0.3000000119
4681  35.917  -72.121  -7.986 0.3000000119
5227  35.793  -71.485  -8.545 0.3000000119
5731  35.391  -71.147  -8.793 0.3000000119
5212  33.473  -71.708  -8.637 0.3000000119
6251  35.856  -69.787  -9.135 0.3000000119
5716  33.677  -70.733  -8.778 0.3000000119
3352  27.389  -75.127  -8.284 0.3000000119
118395  36.357  -71.814  -7.485 0.3000000119
5210  36.115  -71.619  -8.257 0.3000000119
114966  36.293  -71.180  -8.492 0.3000000119
5730  36.023  -70.686  -8.861 0.3000000119
5732  34.661  -70.834  -8.911 0.3000000119
6709  36.190  -69.160  -9.020 0.3000000119
5709  37.195  -70.872  -7.592 0.3000000119
5713  37.793  -70.164  -7.613 0.3000000119
6237  37.228  -69.956  -8.456 0.3000000119
6250  36.523  -69.984  -8.837 0.3000000119
4247  26.894  -73.435  -8.922 0.3000000119
4707  26.914  -72.875  -9.841 0.3000000119
4719  27.609  -72.001  -10.670 0.3000000119
5256  28.974  -71.145  -11.621 0.3000000119
5792  34.125  -71.207  -14.368 0.4000000060
7339  37.705  -68.108  -14.473 0.3000000119
7264  32.187  -68.003  -9.870 0.3000000119
6735  31.284  -68.396  -10.914 0.3000000119
6721  32.208  -68.631  -9.255 0.3000000119
6281  29.493  -69.698  -10.935 0.4000000060
5761  29.374  -70.318  -11.445 0.4000000060
5770  29.682  -71.052  -12.032 0.4000000060
6298  31.858  -69.856  -13.293 0.4000000060
6719  34.570  -68.419  -9.702 0.3000000119
6711  32.301  -69.217  -8.888 0.3000000119
6240  30.075  -69.727  -8.890 0.3000000119
6712  31.554  -69.110  -8.923 0.3000000119
127577  29.301  -70.026  -9.173 0.4000000060
5747  28.238  -70.892  -9.675 0.3000000119
7274  34.450  -67.129  -10.394 0.3000000119
7290  33.171  -67.124  -11.064 0.3000000119
6777  32.029  -69.060  -13.068 0.4000000060
7341  35.268  -68.218  -14.268 0.3000000119
126858  31.506  -70.335  -8.545 0.3000000119
5214  30.116  -71.236  -8.497 0.3000000119
7318  35.808  -67.408  -14.039 0.3000000119
5836  20.882  -70.333  -17.469 0.4000000060
1564  25.676  -81.571  -5.615 0.3000000119
1570  24.639  -81.711  -6.259 0.3000000119
1579  24.091  -81.994  -6.926 0.3000000119
1899  24.494  -80.802  -5.824 0.3000000119
1906  27.042  -81.079  -5.027 0.3000000119
2231  25.341  -78.859  -4.513 0.3000000119
2245  24.136  -79.501  -5.304 0.3000000119
2296  23.954  -78.918  -10.267 0.5000000000
2303  24.150  -78.279  -10.952 0.5000000000
2576  26.778  -78.383  -4.044 0.3000000119
2652  26.238  -77.681  -12.209 0.5000000000
2653  25.752  -77.638  -11.839 0.5000000000
2658  26.640  -77.750  -12.648 0.4000000060
2660  25.202  -77.813  -12.345 0.5000000000
2667  26.222  -77.910  -13.214 0.4000000060
2935  24.103  -76.808  -4.426 0.3000000119
2939  17.982  -75.985  -5.029 0.3000000119
2995  25.439  -76.508  -9.434 0.5000000000
3002  25.515  -76.926  -10.251 0.4000000060
3298  18.511  -75.316  -4.605 0.3000000119
3312  18.812  -75.432  -5.467 0.3000000119
3327  18.558  -75.799  -6.049 0.3000000119
3362  25.860  -75.344  -9.147 0.5000000000
3410  30.080  -76.083  -13.900 0.4000000060
3421  31.335  -74.853  -14.795 0.4000000060
3423  30.372  -75.747  -14.453 0.4000000060
3424  26.437  -74.910  -16.578 0.4000000060
3433  30.951  -75.182  -14.873 0.4000000060
3436  27.691  -76.032  -16.603 0.4000000060
3776  26.940  -74.136  -8.581 0.4000000060
3830  31.865  -74.539  -14.811 0.4000000060
3831  31.078  -74.784  -14.464 0.4000000060
3881  32.286  -74.297  -15.270 0.4000000060
3882  31.412  -74.572  -15.799 0.4000000060
4269  26.492  -73.712  -9.988 0.5000000000
4281  26.787  -74.156  -10.740 0.5000000000
4312  25.357  -72.957  -13.896 0.6000000238
4321  32.977  -73.737  -14.899 0.4000000060
4334  32.930  -73.803  -14.930 0.4000000060
4341  32.622  -73.770  -15.546 0.4000000060
4343  30.939  -74.187  -16.676 0.4000000060
4694  26.992  -73.000  -9.314 0.4000000060
4704  35.031  -72.517  -8.370 0.3000000119
4718  28.063  -72.285  -11.406 0.3000000119
4772  32.673  -73.532  -14.499 0.4000000060
4788  27.871  -72.383  -16.130 0.6999999881
4816  31.827  -72.394  -17.104 0.5000000000
5205  36.520  -71.505  -7.839 0.3000000119
5209  36.720  -71.124  -8.171 0.3000000119
5217  27.840  -72.115  -9.006 0.3000000119
5228  35.312  -71.921  -8.520 0.3000000119
5229  35.008  -71.632  -8.706 0.3000000119
5230  34.378  -71.662  -8.701 0.3000000119
5295  31.027  -72.461  -13.473 0.4000000060
5296  24.849  -70.761  -13.702 0.5000000000
5305  34.611  -71.882  -14.975 0.4000000060
5310  25.297  -71.110  -13.764 0.5000000000
5312  35.189  -71.265  -15.301 0.6000000238
5313  34.632  -71.831  -15.029 0.5000000000
5319  32.593  -72.708  -16.398 0.5000000000
5323  30.598  -71.986  -17.585 0.6999999881
5714  37.298  -70.476  -8.091 0.3000000119
5715  36.728  -70.644  -8.516 0.3000000119
5718  30.635  -70.513  -8.544 0.3000000119
5719  28.813  -70.584  -9.155 0.4000000060
5746  28.332  -70.656  -10.370 0.3000000119
5781  30.906  -70.820  -13.028 0.4000000060
5793  33.184  -70.803  -14.041 0.4000000060
5802  36.245  -70.706  -15.345 0.4000000060
5805  26.751  -70.791  -15.562 0.6999999881
5811  20.913  -70.241  -16.403 0.5000000000
5814  35.026  -71.022  -15.795 0.5000000000
5826  32.661  -71.576  -16.736 0.6000000238
5838  30.412  -71.037  -18.734 0.6000000238
5847  21.762  -70.170  -18.419 0.6000000238
5853  26.944  -70.139  -20.084 0.6000000238
6255  30.148  -69.285  -9.374 0.4000000060
6266  30.010  -69.222  -10.718 0.4000000060
6267  29.393  -69.606  -10.257 0.4000000060
6309  36.150  -70.561  -14.787 0.3000000119
6322  37.018  -70.255  -15.461 0.4000000060
6325  19.805  -69.182  -15.648 0.6000000238
6330  34.589  -70.523  -16.462 0.4000000060
6333  18.878  -69.310  -17.669 0.5000000000
6335  36.638  -69.541  -17.013 0.4000000060
6340  31.644  -70.781  -17.946 0.6000000238
6346  22.926  -69.890  -19.260 0.6000000238
6350  19.060  -69.203  -19.644 0.5000000000
6352  29.277  -70.090  -20.326 0.6999999881
6353  24.924  -69.544  -20.637 0.6000000238
6354  24.081  -69.476  -20.417 0.5000000000
6360  26.112  -69.260  -21.461 0.6999999881
6363  29.431  -68.887  -21.627 0.8000000119
6364  28.223  -68.632  -21.910 0.8000000119
6713  30.733  -69.152  -9.057 0.3000000119
6718  35.347  -68.924  -9.498 0.3000000119
6722  31.299  -68.613  -9.572 0.3000000119
6736  30.697  -68.718  -10.324 0.3000000119
6749  31.307  -68.653  -11.547 0.3000000119
6764  31.034  -69.201  -11.943 0.3000000119
6776  32.674  -68.689  -13.332 0.3000000119
6788  38.677  -68.753  -14.977 0.4000000060
6816  39.220  -68.396  -15.572 0.4000000060
6827  38.522  -68.872  -17.062 0.4000000060
6841  36.511  -68.483  -19.341 0.4000000060
6845  32.769  -69.152  -18.331 0.6999999881
6848  20.417  -69.282  -19.923 0.5000000000
6857  22.818  -68.532  -19.884 0.5000000000
6870  25.033  -68.528  -21.177 0.6999999881
6871  23.758  -68.489  -20.448 0.6000000238
6875  31.556  -67.554  -22.283 0.6000000238
7261  35.009  -67.726  -9.824 0.3000000119
7276  32.678  -67.519  -10.488 0.3000000119
7305  32.299  -67.948  -12.152 0.3000000119
7317  36.737  -67.653  -14.244 0.3000000119
7359  27.307  -67.256  -15.778 0.6999999881
7378  25.235  -67.103  -17.041 0.6999999881
7392  24.272  -66.943  -17.841 0.6999999881
7398  37.433  -67.750  -19.816 0.5000000000
7402  29.714  -66.802  -19.534 0.6000000238
7423  28.044  -67.292  -20.067 0.6999999881
7426  25.653  -67.594  -20.304 0.6999999881
7430  20.353  -68.269  -19.895 0.5000000000
7434  35.124  -67.739  -22.223 0.6000000238
7439  26.209  -67.842  -20.949 0.6999999881
7444  33.719  -67.402  -22.323 0.6999999881
7445  32.217  -67.172  -22.474 0.6999999881
7865  29.622  -66.079  -11.364 0.5000000000
7879  28.962  -66.526  -11.881 0.6999999881
7882  26.304  -66.248  -11.613 0.6000000238
7896  29.163  -66.486  -12.696 0.8000000119
7900  25.404  -66.402  -12.718 0.6000000238
7902  23.222  -66.203  -12.706 0.6000000238
7915  30.214  -66.056  -13.469 0.8000000119
7920  25.519  -66.514  -13.612 0.6000000238
7922  23.124  -66.315  -13.593 0.5000000000
7923  21.869  -66.038  -13.217 0.5000000000
7930  39.751  -67.224  -14.875 0.4000000060
7943  21.023  -66.067  -14.773 0.5000000000
7953  25.166  -66.609  -15.568 0.6999999881
7955  23.810  -66.400  -15.426 0.6000000238
7967  30.423  -66.590  -16.655 0.6999999881
7970  24.144  -66.680  -17.143 0.6000000238
7973  21.673  -66.344  -16.754 0.5000000000
7990  22.991  -66.505  -17.722 0.6000000238
8008  33.623  -65.847  -19.798 0.6999999881
8023  35.221  -66.650  -21.710 0.6000000238
8033  30.657  -66.579  -21.780 0.6000000238
8036  31.173  -66.720  -22.313 0.6000000238
8410  26.666  -64.924  -8.765 0.4000000060
8411  25.948  -64.939  -8.758 0.4000000060
8418  26.515  -65.344  -9.348 0.6000000238
8421  24.015  -65.107  -9.528 0.6000000238
8433  26.216  -65.671  -10.126 0.6000000238
8437  22.646  -65.249  -10.221 0.5000000000
8453  24.099  -65.762  -10.924 0.6000000238
8456  21.162  -65.306  -11.269 0.5000000000
8457  19.940  -65.242  -11.773 0.6000000238
8466  31.499  -65.282  -12.498 0.6000000238
8468  30.203  -65.796  -11.943 0.6000000238
8469  22.831  -65.882  -11.720 0.5000000000
8472  20.480  -65.467  -12.522 0.5000000000
8485  31.766  -65.369  -13.319 0.8000000119
8489  19.469  -65.306  -13.310 0.6000000238
8504  31.301  -65.725  -14.200 0.8000000119
8505  20.845  -65.833  -13.980 0.5000000000
8506  19.605  -65.583  -14.202 0.6000000238
8518  33.642  -64.895  -15.640 0.6000000238
8520  32.163  -65.552  -15.574 0.6000000238
8553  33.679  -65.531  -17.790 0.6999999881
8561  37.053  -65.581  -19.561 0.6000000238
8569  39.454  -65.790  -20.834 0.4000000060
8979  25.413  -64.252  -8.216 0.5000000000
8980  24.566  -64.306  -8.627 0.5000000000
8994  28.647  -64.520  -9.386 0.5000000000
8996  25.128  -64.863  -8.903 0.4000000060
9009  21.475  -64.397  -10.294 0.6000000238
9018  30.929  -64.476  -11.400 0.5000000000
9023  18.057  -64.215  -11.850 0.6000000238
9036  15.804  -63.910  -12.453 0.5000000000
9043  38.469  -64.019  -13.202 0.3000000119
9048  18.023  -64.826  -12.990 0.6000000238
9049  15.210  -64.082  -13.006 0.5000000000
9056  34.322  -63.911  -14.254 0.6000000238
9058  33.292  -64.550  -13.795 0.6000000238
9059  15.398  -64.650  -13.602 0.5000000000
9077  35.138  -64.390  -15.876 0.6000000238
9585  24.686  -63.522  -8.222 0.6000000238
9598  22.577  -63.931  -9.530 0.6000000238
9605  21.319  -63.728  -10.312 0.6000000238
9614  19.946  -63.899  -10.976 0.6000000238
9615  19.075  -63.840  -11.317 0.6000000238
9616  18.301  -63.777  -11.588 0.6000000238
9623  31.719  -63.910  -12.068 0.6000000238
9626  16.588  -63.865  -12.035 0.6000000238
9636  14.765  -63.423  -13.341 0.5000000000
9646  32.978  -63.427  -13.422 0.6000000238
9652  42.769  -62.815  -15.340 0.3000000119
9653  42.290  -63.394  -15.018 0.3000000119
9654  35.533  -63.147  -15.592 0.6000000238
9655  35.111  -63.416  -15.077 0.6000000238
9657  36.426  -63.493  -16.632 0.5000000000
9673  38.103  -63.522  -22.398 0.4000000060
10178  23.582  -63.149  -8.922 0.6000000238
10202  21.784  -63.001  -10.287 0.5000000000
10212  20.244  -63.039  -11.009 0.6000000238
10221  31.372  -62.913  -12.164 0.6000000238
10225  18.520  -62.576  -11.939 0.6000000238
10227  16.310  -63.291  -12.420 0.5000000000
10235  16.893  -62.549  -12.897 0.5000000000
10244  33.844  -62.892  -14.391 0.6000000238
10248  14.204  -62.639  -13.792 0.5000000000
10253  32.215  -62.585  -14.690 0.5000000000
10803  23.754  -61.731  -9.922 0.5000000000
10836  21.360  -61.959  -11.664 0.6000000238
10845  23.872  -61.422  -12.615 0.6000000238
10854  23.841  -61.397  -13.737 0.6000000238
10856  21.992  -61.508  -13.449 0.6000000238
10859  16.544  -61.952  -13.733 0.5000000000
10870  23.585  -61.354  -14.641 0.6000000238
10873  19.448  -61.613  -14.381 0.6000000238
10885  23.723  -60.849  -16.320 0.5000000000
10886  23.025  -61.236  -16.871 0.6000000238
10887  22.183  -61.499  -17.086 0.6000000238
10889  19.440  -61.466  -16.236 0.6000000238
10898  21.965  -61.331  -18.358 0.6000000238
10911  20.858  -61.031  -19.195 0.6000000238
10912  19.967  -61.056  -18.563 0.5000000000
11493  24.862  -60.965  -8.692 0.4000000060
11526  24.389  -61.089  -10.181 0.4000000060
11571  25.474  -60.710  -15.640 0.4000000060
11573  24.633  -61.161  -15.933 0.4000000060
11574  15.851  -60.390  -15.226 0.5000000000
11593  18.586  -60.370  -17.609 0.5000000000
11595  16.951  -59.584  -16.681 0.5000000000
11602  21.440  -60.891  -19.261 0.5000000000
12227  25.317  -59.365  -10.467 0.4000000060
12235  25.505  -59.392  -11.625 0.4000000060
12245  25.810  -59.321  -12.689 0.4000000060
12267  25.881  -59.702  -15.737 0.4000000060
12280  25.476  -60.047  -16.543 0.4000000060
12298  21.840  -60.360  -18.528 0.5000000000
12955  26.144  -58.362  -12.946 0.4000000060
13698  26.313  -57.519  -13.156 0.4000000060
15188  23.226  -55.767  -17.850 0.3000000119
15190  21.920  -54.946  -17.747 0.3000000119
15850  24.886  -54.516  -11.611 0.4000000060
15856  24.798  -54.447  -12.900 0.3000000119
15867  24.531  -54.792  -14.620 0.3000000119
15874  23.466  -54.592  -16.842 0.3000000119
15881  23.039  -55.014  -17.846 0.3000000119
15883  21.570  -54.222  -17.603 0.3000000119
16488  24.498  -53.454  -9.457 0.4000000060
16505  24.440  -53.756  -11.265 0.4000000060
16514  24.456  -53.922  -12.170 0.4000000060
16522  24.228  -53.810  -12.985 0.3000000119
16532  19.539  -52.887  -13.763 0.3000000119
16538  22.701  -52.826  -15.875 0.3000000119
16551  21.797  -53.953  -17.708 0.3000000119
17160  24.057  -52.899  -9.976 0.4000000060
17161  23.690  -52.373  -10.472 0.4000000060
17175  22.994  -52.110  -13.076 0.4000000060
17185  22.673  -52.221  -14.354 0.4000000060
17188  16.602  -51.458  -13.721 0.4000000060
17193  23.117  -52.948  -14.677 0.3000000119
17194  22.446  -52.120  -15.690 0.4000000060
17209  21.468  -53.293  -17.255 0.3000000119
17826  22.739  -51.246  -11.799 0.4000000060
17837  17.128  -51.093  -13.840 0.4000000060
17838  16.207  -51.129  -13.797 0.3000000119
17839  15.385  -50.983  -13.722 0.3000000119
17840  14.820  -50.842  -13.478 0.3000000119
17844  19.534  -51.952  -15.230 0.3000000119
17845  19.009  -51.740  -14.482 0.4000000060
17851  22.354  -51.179  -15.977 0.3000000119
17852  22.005  -51.319  -16.129 0.3000000119
18545  18.455  -50.132  -11.857 0.3000000119
18555  15.917  -50.596  -12.912 0.3000000119
18560  22.298  -50.012  -14.393 0.4000000060
18562  18.363  -50.773  -13.855 0.4000000060
18569  20.819  -49.823  -15.386 0.3000000119
18577  21.903  -50.551  -16.082 0.3000000119
18578  20.806  -50.822  -15.550 0.3000000119
19306  22.393  -49.613  -10.810 0.3000000119
19307  19.210  -49.276  -10.273 0.3000000119
19312  22.155  -49.523  -11.541 0.3000000119
19313  19.457  -49.257  -11.063 0.3000000119
19333  19.241  -49.152  -13.165 0.4000000060
19343  19.939  -49.502  -14.573 0.5000000000
20119  22.774  -48.607  -9.852 0.3000000119
20120  19.067  -48.547  -9.863 0.3000000119
20125  22.423  -48.830  -10.626 0.3000000119
20140  21.976  -49.031  -12.417 0.3000000119
20142  19.480  -48.347  -12.424 0.3000000119
20148  22.344  -48.373  -14.670 0.3000000119
20159  19.661  -48.028  -14.126 0.3000000119
20169  22.206  -48.461  -15.843 0.3000000119
21015  18.667  -47.774  -9.810 0.3000000119
21033  19.122  -47.291  -10.327 0.3000000119
21046  19.679  -47.512  -11.783 0.3000000119
21070  22.315  -47.427  -13.880 0.3000000119
21071  19.540  -47.630  -13.553 0.3000000119
21083  22.314  -47.477  -14.920 0.3000000119
21084  20.413  -47.703  -14.735 0.3000000119
21099  22.036  -47.684  -15.534 0.3000000119
21100  21.207  -47.263  -15.290 0.3000000119
21855  17.989  -47.298  -9.877 0.3000000119
21879  19.699  -46.656  -11.356 0.3000000119
21909  22.272  -46.661  -14.970 0.3000000119
21911  19.784  -46.441  -13.909 0.3000000119
21921  21.666  -46.122  -15.432 0.3000000119
22656  17.896  -45.227  -11.304 0.3000000119
22681  20.079  -44.960  -14.229 0.3000000119
22703  21.109  -45.563  -15.351 0.3000000119
23443  19.214  -44.699  -11.588 0.3000000119
23464  19.905  -44.151  -13.942 0.3000000119
23479  22.119  -44.427  -15.468 0.3000000119
24297  20.226  -43.557  -14.640 0.3000000119
24314  21.719  -43.653  -15.631 0.3000000119
24315  20.874  -43.665  -15.442 0.3000000119
108895  22.136  -61.852  -11.656 0.5000000000
109329  33.030  -68.975  -9.124 0.3000000119
109344  19.548  -45.330  -11.653 0.3000000119
110457  19.742  -46.012  -11.881 0.3000000119
110590  17.051  -64.578  -12.685 0.6000000238
110736  27.196  -66.732  -14.056 0.6999999881
110861  29.356  -67.088  -17.828 0.6000000238
111038  26.969  -66.573  -13.178 0.6000000238
111343  24.004  -66.489  -16.374 0.6999999881
111433  35.178  -70.057  -9.267 0.3000000119
111596  37.682  -69.141  -14.717 0.4000000060
111995  22.438  -48.065  -11.087 0.3000000119
112344  23.783  -56.418  -17.963 0.3000000119
112529  22.330  -48.090  -12.046 0.3000000119
112696  26.265  -70.328  -16.931 0.6000000238
112908  19.483  -48.820  -14.032 0.3000000119
113310  36.113  -65.422  -18.739 0.6999999881
113338  42.107  -63.378  -16.874 0.3000000119
114174  18.143  -65.261  -13.876 0.6000000238
114196  16.994  -65.451  -14.749 0.6000000238
114297  20.803  -62.372  -11.298 0.6000000238
114536  21.796  -70.450  -16.078 0.5000000000
114615  22.047  -46.745  -15.283 0.3000000119
115119  27.799  -67.496  -17.413 0.6000000238
115139  36.817  -71.376  -7.202 0.3000000119
115307  25.958  -79.661  -7.003 0.3000000119
115455  26.516  -74.015  -8.920 0.3000000119
116281  26.701  -66.457  -12.357 0.6999999881
116335  26.127  -70.455  -15.654 0.6999999881
116677  17.857  -50.341  -12.727 0.3000000119
117098  18.123  -44.277  -11.540 0.3000000119
117959  30.775  -66.644  -18.217 0.6999999881
118238  35.546  -71.009  -14.787 0.4000000060
118734  19.721  -46.177  -12.878 0.3000000119
118775  18.857  -44.208  -11.572 0.3000000119
118873  38.757  -68.872  -15.273 0.4000000060
119380  21.109  -61.628  -15.796 0.6000000238
119490  23.682  -53.321  -13.573 0.3000000119
120778  20.360  -69.092  -18.970 0.5000000000
121182  34.196  -72.567  -8.588 0.3000000119
121433  19.709  -51.363  -14.979 0.3000000119
121574  25.375  -80.877  -5.312 0.3000000119
121729  33.608  -71.729  -14.335 0.4000000060
122445  30.015  -71.572  -17.779 0.6000000238
123877  22.235  -49.624  -16.067 0.3000000119
124359  27.259  -74.726  -11.389 0.5000000000
124447  18.253  -64.601  -12.198 0.6000000238
124897  23.207  -62.303  -9.774 0.6000000238
125375  15.349  -63.651  -12.840 0.5000000000
125437  24.307  -62.154  -8.555 0.6000000238
125489  40.277  -66.705  -14.968 0.3000000119
126329  25.082  -60.233  -11.532 0.4000000060
126382  16.945  -64.215  -12.083 0.6000000238
126517  28.044  -68.148  -21.901 0.6999999881
126805  38.324  -69.264  -15.120 0.4000000060
126810  37.075  -68.528  -14.484 0.3000000119
126822  22.480  -65.508  -10.976 0.5000000000
127042  30.908  -71.412  -8.414 0.3000000119
127534  22.819  -55.237  -17.875 0.3000000119
127743  33.014  -67.658  -9.957 0.3000000119
127828  27.236  -72.567  -10.407 0.3000000119
127920  24.528  -61.149  -12.800 0.6000000238
128016  16.280  -65.398  -14.967 0.5000000000
128171  28.228  -70.702  -18.922 0.6999999881
128461  24.061  -66.411  -14.791 0.6000000238
128595  21.116  -64.741  -10.789 0.6000000238
128604  23.237  -66.691  -18.369 0.6999999881
128683  33.020  -67.432  -22.336 0.6999999881
128911  27.930  -67.402  -19.305 0.6000000238
129027  33.722  -67.030  -22.262 0.6999999881
129319  18.228  -61.396  -15.595 0.6000000238
129503  28.078  -72.905  -11.628 0.4000000060
129996  30.517  -73.613  -17.022 0.5000000000
130098  16.741  -51.226  -13.825 0.4000000060
130430  40.711  -64.707  -19.517 0.4000000060
130619  20.465  -63.552  -10.802 0.6000000238
130634  32.745  -65.015  -14.153 0.6000000238
130649  25.756  -59.376  -16.733 0.3000000119
130799  22.205  -46.276  -15.159 0.3000000119
130817  30.125  -65.638  -11.396 0.6000000238
130844  31.900  -65.403  -13.900 0.6999999881
