#!ascii label  , from subject sub-v1s10x0050955_ses-1 vox2ras=TkReg
411
13189  44.869  -50.423  -0.306 0.0000000000
6165  30.080  -61.265  -12.193 0.0000000000
7371  38.148  -60.511  -1.596 0.0000000000
7436  34.546  -59.617  -4.149 0.0000000000
2808  31.978  -68.168  -10.126 0.0000000000
4893  35.302  -64.131  -7.589 0.0000000000
2775  32.014  -68.337  -7.947 0.0000000000
4344  36.919  -65.722  -10.250 0.0000000000
97286  33.307  -58.391  -5.194 0.0000000000
10155  41.243  -55.257  -3.188 0.0000000000
6681  37.194  -61.005  -2.613 0.0000000000
4313  36.369  -65.196  -9.081 0.0000000000
4364  30.565  -64.519  -11.221 0.0000000000
3811  25.854  -65.022  -10.883 0.0000000000
16355  42.440  -46.720  -3.341 0.0000000000
12531  43.299  -51.413  0.697 0.0000000000
93162  38.060  -54.666  -2.103 0.0000000000
11417  39.553  -54.202  -5.085 0.0000000000
85306  32.475  -63.477  -9.444 0.0000000000
5518  31.880  -62.952  -11.658 0.0000000000
4931  35.852  -63.981  -11.146 0.0000000000
8838  38.959  -57.069  -4.015 0.0000000000
6668  38.439  -60.986  -1.856 0.0000000000
3267  34.865  -67.376  -9.061 0.0000000000
4892  35.806  -64.539  -8.468 0.0000000000
2806  34.370  -68.096  -10.125 0.0000000000
3791  32.989  -66.342  -10.803 0.0000000000
84267  30.905  -66.017  -10.640 0.0000000000
4941  25.855  -63.771  -11.825 0.0000000000
11353  41.981  -52.750  1.291 0.0000000000
100798  40.988  -53.854  -0.704 0.0000000000
10748  40.818  -54.103  1.294 0.0000000000
8166  38.150  -58.833  -4.356 0.0000000000
92408  37.604  -57.419  -5.275 0.0000000000
8203  32.388  -58.665  -6.409 0.0000000000
10195  35.445  -55.706  -6.076 0.0000000000
5984  36.634  -62.270  -0.804 0.0000000000
5403  35.597  -63.602  -2.106 0.0000000000
5438  34.383  -64.036  -5.491 0.0000000000
4331  33.530  -65.065  -9.350 0.0000000000
1906  32.731  -69.391  -8.733 0.0000000000
6081  34.643  -62.042  -6.115 0.0000000000
8170  33.973  -59.019  -4.529 0.0000000000
6722  33.821  -60.951  -6.585 0.0000000000
6748  34.628  -61.006  -8.798 0.0000000000
6831  28.167  -59.860  -13.299 0.0000000000
10772  42.985  -54.072  -2.043 0.0000000000
8164  40.255  -58.307  -4.708 0.0000000000
7419  36.356  -60.249  -3.366 0.0000000000
92946  35.362  -63.511  -2.826 0.0000000000
6052  34.983  -63.157  -4.274 0.0000000000
6080  35.733  -63.501  -5.856 0.0000000000
3788  36.957  -66.683  -10.055 0.0000000000
4362  32.819  -64.583  -11.369 0.0000000000
5519  30.057  -62.797  -11.666 0.0000000000
3287  28.949  -66.168  -10.142 0.0000000000
4348  27.799  -64.737  -10.756 0.0000000000
94946  27.972  -63.012  -11.714 0.0000000000
6168  27.459  -61.467  -12.577 0.0000000000
15579  43.123  -46.739  -3.928 0.0000000000
15518  44.740  -47.785  -1.464 0.0000000000
14676  43.581  -48.326  -0.723 0.0000000000
12546  43.314  -51.622  0.027 0.0000000000
10760  42.799  -53.888  -1.466 0.0000000000
10156  39.591  -55.077  -3.088 0.0000000000
8823  37.596  -57.261  -3.517 0.0000000000
9514  36.179  -55.832  -3.362 0.0000000000
91312  37.192  -59.749  -1.673 0.0000000000
97954  36.586  -56.335  -5.637 0.0000000000
13188  45.566  -49.963  -0.423 0.0000000000
13911  45.805  -49.618  -0.818 0.0000000000
12559  43.497  -50.910  -0.580 0.0000000000
5538  31.494  -62.097  -11.818 0.0000000000
92364  33.817  -63.004  -11.545 0.0000000000
8822  38.618  -57.908  -3.513 0.0000000000
8133  39.055  -59.144  -2.925 0.0000000000
6650  38.122  -61.179  -1.510 0.0000000000
2340  34.137  -68.800  -9.284 0.0000000000
3250  34.882  -68.099  -9.216 0.0000000000
2807  33.173  -68.237  -10.193 0.0000000000
3283  32.419  -67.162  -10.500 0.0000000000
3284  31.417  -66.927  -10.434 0.0000000000
4391  24.148  -64.110  -13.605 0.0000000000
11354  41.384  -53.453  0.933 0.0000000000
8167  37.029  -58.692  -4.430 0.0000000000
8186  38.530  -58.093  -5.020 0.0000000000
8168  35.971  -58.675  -4.318 0.0000000000
9578  34.203  -56.223  -6.142 0.0000000000
89412  34.773  -64.337  -2.571 0.0000000000
4815  34.286  -64.475  -3.155 0.0000000000
84590  32.564  -64.376  -9.437 0.0000000000
5489  33.280  -63.284  -9.181 0.0000000000
98227  32.670  -66.363  -8.824 0.0000000000
3252  33.459  -67.289  -8.644 0.0000000000
2331  32.763  -69.018  -8.273 0.0000000000
4327  37.415  -65.366  -9.941 0.0000000000
5474  36.066  -63.402  -7.763 0.0000000000
5488  36.698  -64.045  -8.979 0.0000000000
94894  36.598  -62.911  -9.215 0.0000000000
6115  36.050  -61.948  -9.461 0.0000000000
6749  33.849  -60.515  -8.410 0.0000000000
10787  42.618  -54.425  -2.580 0.0000000000
10799  42.373  -54.716  -3.310 0.0000000000
10167  41.666  -56.199  -4.185 0.0000000000
7433  38.115  -59.513  -3.716 0.0000000000
7418  37.743  -60.198  -3.165 0.0000000000
4836  35.204  -64.264  -4.569 0.0000000000
6022  36.242  -62.815  -1.618 0.0000000000
4866  35.642  -64.315  -5.720 0.0000000000
4329  36.061  -65.914  -9.256 0.0000000000
5448  36.055  -64.212  -5.769 0.0000000000
4877  36.043  -64.175  -7.319 0.0000000000
6053  34.236  -61.689  -4.371 0.0000000000
4891  36.262  -64.610  -8.634 0.0000000000
3774  36.759  -66.525  -9.888 0.0000000000
3809  31.170  -65.292  -10.993 0.0000000000
3807  33.398  -65.503  -11.133 0.0000000000
4363  31.425  -64.668  -11.279 0.0000000000
4935  31.343  -63.852  -11.494 0.0000000000
4936  30.357  -63.614  -11.476 0.0000000000
2824  22.559  -67.688  -12.374 0.0000000000
3812  24.543  -65.416  -11.501 0.0000000000
3300  24.377  -66.182  -11.000 0.0000000000
100546  25.774  -65.720  -10.491 0.0000000000
3796  27.422  -65.415  -10.399 0.0000000000
3795  28.365  -65.375  -10.460 0.0000000000
3810  26.845  -64.831  -10.772 0.0000000000
5544  25.750  -62.604  -12.797 0.0000000000
4950  26.220  -63.055  -12.146 0.0000000000
5543  26.484  -62.320  -12.520 0.0000000000
5542  27.919  -62.255  -12.055 0.0000000000
6169  26.718  -61.604  -12.841 0.0000000000
16397  42.345  -46.538  -4.872 0.0000000000
15561  43.367  -46.949  -2.901 0.0000000000
15537  43.498  -47.331  -2.176 0.0000000000
13867  43.539  -49.983  0.687 0.0000000000
14657  42.654  -48.686  -0.398 0.0000000000
13866  44.431  -50.069  0.453 0.0000000000
13865  45.065  -49.673  0.170 0.0000000000
11955  42.856  -52.184  -0.072 0.0000000000
93388  43.032  -53.043  -0.698 0.0000000000
11370  42.738  -53.447  -0.802 0.0000000000
10775  39.764  -54.334  -1.287 0.0000000000
10774  41.083  -54.206  -1.403 0.0000000000
10790  39.080  -54.595  -2.200 0.0000000000
9512  38.245  -56.076  -3.882 0.0000000000
10157  37.689  -55.438  -3.457 0.0000000000
8811  34.943  -57.081  -3.041 0.0000000000
8825  35.552  -56.405  -3.222 0.0000000000
8824  36.527  -56.714  -3.458 0.0000000000
101541  33.639  -58.676  -4.815 0.0000000000
8853  35.246  -57.993  -4.682 0.0000000000
8869  34.637  -57.408  -5.213 0.0000000000
10827  37.321  -54.466  -6.137 0.0000000000
4933  33.351  -63.830  -11.459 0.0000000000
4343  37.471  -65.266  -10.121 0.0000000000
9530  39.422  -56.380  -4.045 0.0000000000
9529  40.873  -56.861  -4.367 0.0000000000
8132  39.347  -58.414  -3.828 0.0000000000
6679  38.791  -60.327  -2.407 0.0000000000
93837  34.436  -64.223  -9.157 0.0000000000
4879  35.661  -64.337  -6.562 0.0000000000
3776  34.868  -66.054  -9.266 0.0000000000
3775  36.120  -67.015  -9.528 0.0000000000
2787  35.743  -67.694  -10.103 0.0000000000
3281  35.993  -67.721  -10.049 0.0000000000
97115  35.148  -67.717  -10.235 0.0000000000
3792  31.807  -66.109  -10.779 0.0000000000
3793  30.257  -65.378  -10.776 0.0000000000
4369  25.475  -64.458  -11.522 0.0000000000
4379  24.422  -64.422  -12.620 0.0000000000
4952  24.751  -63.677  -12.897 0.0000000000
11944  42.625  -51.968  0.944 0.0000000000
11371  41.884  -53.233  0.069 0.0000000000
10762  40.944  -53.702  0.080 0.0000000000
10763  39.400  -54.531  -0.215 0.0000000000
95060  39.577  -56.075  -5.765 0.0000000000
10208  38.682  -55.680  -5.804 0.0000000000
8871  32.775  -57.999  -5.835 0.0000000000
85030  35.011  -56.823  -5.473 0.0000000000
9577  34.882  -56.255  -5.832 0.0000000000
89288  35.933  -55.068  -6.386 0.0000000000
5983  37.346  -61.873  -0.886 0.0000000000
5999  37.666  -61.668  -1.089 0.0000000000
5386  35.724  -63.317  -1.502 0.0000000000
4814  34.956  -64.304  -3.589 0.0000000000
5449  34.879  -64.199  -6.203 0.0000000000
5461  34.377  -63.686  -7.125 0.0000000000
4908  34.500  -63.875  -8.663 0.0000000000
3777  33.668  -66.216  -9.105 0.0000000000
3251  34.143  -68.143  -8.691 0.0000000000
86049  33.592  -60.985  -5.005 0.0000000000
7437  33.716  -59.841  -4.470 0.0000000000
91214  33.706  -61.081  -5.730 0.0000000000
6710  33.117  -60.253  -5.521 0.0000000000
6723  33.178  -60.370  -6.164 0.0000000000
6103  36.163  -62.876  -8.630 0.0000000000
6734  34.646  -61.418  -7.877 0.0000000000
6736  33.086  -60.141  -6.913 0.0000000000
7477  32.514  -59.276  -7.270 0.0000000000
6812  29.548  -60.482  -12.595 0.0000000000
11975  43.024  -53.332  -1.572 0.0000000000
11965  42.913  -52.546  -1.206 0.0000000000
10786  42.815  -54.188  -2.613 0.0000000000
98143  37.549  -59.123  -4.161 0.0000000000
7420  35.128  -60.346  -3.632 0.0000000000
6036  35.646  -62.470  -2.647 0.0000000000
4853  35.550  -64.218  -5.196 0.0000000000
6037  34.847  -62.431  -3.539 0.0000000000
6682  35.896  -61.234  -2.973 0.0000000000
6683  34.857  -61.305  -3.509 0.0000000000
97455  34.222  -61.238  -3.954 0.0000000000
6696  34.250  -60.471  -4.025 0.0000000000
92208  35.512  -62.876  -6.515 0.0000000000
5473  36.232  -64.062  -7.934 0.0000000000
4345  35.985  -65.899  -10.565 0.0000000000
3789  36.157  -66.957  -10.279 0.0000000000
3806  34.785  -65.922  -10.850 0.0000000000
4361  33.939  -64.804  -11.258 0.0000000000
4934  32.337  -63.767  -11.525 0.0000000000
94889  30.952  -62.900  -11.646 0.0000000000
5539  30.569  -62.045  -11.835 0.0000000000
97232  30.687  -69.048  -9.403 0.0000000000
3301  23.664  -66.661  -11.455 0.0000000000
3268  29.006  -67.048  -9.696 0.0000000000
3286  29.703  -66.919  -9.928 0.0000000000
85713  29.851  -66.046  -10.402 0.0000000000
3794  29.307  -65.361  -10.611 0.0000000000
4346  29.637  -64.677  -10.991 0.0000000000
4368  27.250  -64.187  -11.167 0.0000000000
4939  27.626  -63.555  -11.493 0.0000000000
4366  29.061  -64.100  -11.219 0.0000000000
5521  28.668  -62.841  -11.713 0.0000000000
5541  28.834  -62.096  -11.960 0.0000000000
6166  29.088  -61.264  -12.313 0.0000000000
6813  27.881  -60.687  -12.827 0.0000000000
15592  43.322  -46.758  -5.008 0.0000000000
89120  44.215  -47.016  -3.213 0.0000000000
15560  44.861  -47.426  -2.204 0.0000000000
100228  45.465  -48.228  -1.023 0.0000000000
13895  45.754  -49.539  -0.417 0.0000000000
15520  41.895  -47.623  -1.648 0.0000000000
15519  43.297  -47.753  -1.470 0.0000000000
14655  44.732  -48.740  -0.417 0.0000000000
13882  45.527  -49.764  -0.015 0.0000000000
12545  43.889  -50.970  -0.139 0.0000000000
11964  43.031  -52.713  -0.796 0.0000000000
11385  42.996  -53.557  -1.451 0.0000000000
10788  41.910  -54.656  -2.435 0.0000000000
10761  41.932  -53.769  -0.890 0.0000000000
10789  40.421  -54.644  -2.274 0.0000000000
10169  38.779  -55.562  -3.597 0.0000000000
101365  38.085  -56.755  -3.795 0.0000000000
8134  38.240  -58.724  -2.709 0.0000000000
8135  37.157  -57.839  -3.034 0.0000000000
8852  36.289  -57.925  -4.711 0.0000000000
9556  37.361  -56.640  -5.550 0.0000000000
10192  38.342  -54.980  -5.873 0.0000000000
9557  35.738  -56.449  -5.605 0.0000000000
10209  37.761  -55.296  -5.956 0.0000000000
1894  32.037  -69.393  -8.255 0.0000000000
2330  33.694  -68.992  -8.834 0.0000000000
2339  34.596  -68.416  -9.307 0.0000000000
2341  33.334  -69.244  -9.274 0.0000000000
2355  34.678  -68.373  -9.688 0.0000000000
2356  33.822  -68.743  -9.733 0.0000000000
2357  32.779  -68.999  -9.729 0.0000000000
2773  34.280  -68.597  -8.921 0.0000000000
2774  33.650  -68.680  -8.589 0.0000000000
2788  35.226  -68.016  -9.676 0.0000000000
2805  35.366  -67.995  -9.930 0.0000000000
2818  23.157  -67.233  -11.861 0.0000000000
3253  32.111  -67.121  -8.364 0.0000000000
3264  36.825  -66.591  -10.080 0.0000000000
3265  36.375  -67.109  -9.965 0.0000000000
3266  35.637  -67.634  -9.664 0.0000000000
3269  28.421  -66.722  -9.742 0.0000000000
3282  34.148  -67.124  -10.528 0.0000000000
3285  30.514  -66.739  -10.283 0.0000000000
3288  27.985  -66.040  -10.002 0.0000000000
3773  36.991  -66.025  -9.995 0.0000000000
3778  32.596  -65.394  -9.237 0.0000000000
3790  34.028  -66.315  -10.819 0.0000000000
3797  26.517  -65.537  -10.429 0.0000000000
3798  25.119  -65.572  -10.848 0.0000000000
3808  32.182  -65.251  -11.158 0.0000000000
4314  35.429  -64.980  -9.144 0.0000000000
4326  37.575  -64.681  -10.193 0.0000000000
4328  36.916  -65.733  -9.696 0.0000000000
4330  34.548  -64.946  -9.284 0.0000000000
4347  28.739  -64.702  -10.838 0.0000000000
4359  36.835  -64.800  -10.653 0.0000000000
4360  35.853  -64.912  -10.828 0.0000000000
4365  29.813  -64.079  -11.292 0.0000000000
4367  28.176  -64.137  -11.163 0.0000000000
4378  25.074  -64.030  -12.161 0.0000000000
4392  23.660  -64.847  -13.759 0.0000000000
4837  34.629  -64.414  -4.036 0.0000000000
4854  35.062  -64.365  -4.892 0.0000000000
4878  36.074  -64.154  -6.284 0.0000000000
4906  37.422  -64.575  -9.734 0.0000000000
4907  36.950  -65.034  -9.374 0.0000000000
4937  29.408  -63.399  -11.507 0.0000000000
4938  28.496  -63.526  -11.466 0.0000000000
4940  26.726  -63.603  -11.602 0.0000000000
4951  25.429  -63.329  -12.473 0.0000000000
4966  25.062  -62.959  -13.142 0.0000000000
4967  24.635  -63.374  -13.522 0.0000000000
5355  35.838  -63.021  -1.021 0.0000000000
5387  35.232  -64.016  -2.041 0.0000000000
5404  35.161  -64.145  -2.699 0.0000000000
5423  35.225  -64.269  -4.479 0.0000000000
5460  36.218  -64.003  -6.999 0.0000000000
5487  37.216  -63.532  -9.628 0.0000000000
5517  32.823  -62.954  -11.592 0.0000000000
5520  29.337  -62.654  -11.719 0.0000000000
5522  27.136  -62.816  -11.916 0.0000000000
5537  32.399  -62.159  -11.799 0.0000000000
5540  29.672  -62.027  -11.885 0.0000000000
5982  37.584  -61.363  -1.058 0.0000000000
6000  37.312  -62.074  -0.957 0.0000000000
6001  36.506  -62.652  -1.105 0.0000000000
6035  36.790  -62.017  -2.095 0.0000000000
6066  35.616  -63.893  -5.129 0.0000000000
6067  34.551  -62.327  -5.135 0.0000000000
6093  35.605  -62.835  -7.246 0.0000000000
6094  34.674  -61.740  -6.989 0.0000000000
6104  35.391  -62.138  -8.256 0.0000000000
6116  35.356  -61.527  -9.134 0.0000000000
6167  28.274  -61.464  -12.361 0.0000000000
6649  38.731  -60.565  -1.987 0.0000000000
6680  38.341  -60.700  -2.399 0.0000000000
6697  33.754  -60.691  -4.460 0.0000000000
6735  33.850  -60.731  -7.464 0.0000000000
7372  37.389  -60.743  -1.188 0.0000000000
7432  39.030  -59.321  -3.671 0.0000000000
7434  36.899  -59.388  -3.870 0.0000000000
7435  35.593  -59.462  -3.922 0.0000000000
7449  33.223  -60.103  -4.906 0.0000000000
7450  32.892  -59.610  -5.364 0.0000000000
7463  32.716  -59.601  -6.136 0.0000000000
7476  33.136  -59.992  -7.867 0.0000000000
8115  38.744  -59.870  -2.212 0.0000000000
8116  38.095  -59.562  -1.975 0.0000000000
8117  37.253  -58.772  -2.403 0.0000000000
8165  39.545  -58.805  -3.987 0.0000000000
8169  34.904  -58.793  -4.384 0.0000000000
8185  39.446  -58.280  -5.061 0.0000000000
8187  37.363  -58.014  -4.831 0.0000000000
8188  34.165  -58.203  -4.826 0.0000000000
8189  33.225  -59.216  -4.899 0.0000000000
8190  32.704  -58.911  -5.554 0.0000000000
8810  36.108  -57.686  -2.973 0.0000000000
8837  39.962  -57.574  -4.287 0.0000000000
8866  38.300  -57.083  -5.502 0.0000000000
8867  36.632  -57.162  -5.273 0.0000000000
8868  35.592  -57.284  -5.147 0.0000000000
8870  33.651  -57.490  -5.536 0.0000000000
9513  37.195  -56.054  -3.692 0.0000000000
9555  38.046  -56.120  -5.762 0.0000000000
9558  34.331  -56.820  -5.690 0.0000000000
9559  33.719  -56.761  -6.000 0.0000000000
9576  39.012  -56.525  -5.692 0.0000000000
10154  42.179  -55.072  -3.313 0.0000000000
10168  40.220  -55.809  -3.808 0.0000000000
10191  39.264  -55.402  -5.716 0.0000000000
10193  37.145  -55.818  -5.846 0.0000000000
10194  36.256  -55.712  -5.949 0.0000000000
10210  36.824  -55.071  -6.227 0.0000000000
10211  34.741  -55.638  -6.298 0.0000000000
10773  42.453  -54.237  -1.818 0.0000000000
10819  38.953  -54.657  -5.597 0.0000000000
10828  36.334  -54.347  -6.527 0.0000000000
11352  42.516  -52.739  0.044 0.0000000000
11398  43.027  -53.816  -2.107 0.0000000000
11929  42.769  -51.357  1.399 0.0000000000
12516  43.652  -50.926  0.927 0.0000000000
12530  43.921  -50.876  0.418 0.0000000000
12560  43.112  -51.719  -0.455 0.0000000000
13151  43.609  -50.441  0.903 0.0000000000
13161  45.122  -50.106  0.203 0.0000000000
13162  44.309  -50.461  0.412 0.0000000000
13176  45.449  -50.046  -0.123 0.0000000000
13177  44.758  -50.425  0.104 0.0000000000
13204  45.258  -50.162  -0.721 0.0000000000
14640  44.207  -49.550  0.276 0.0000000000
14654  45.405  -49.324  -0.191 0.0000000000
14656  43.850  -48.950  -0.147 0.0000000000
14674  45.672  -48.762  -0.688 0.0000000000
14675  44.672  -48.185  -0.945 0.0000000000
14677  42.355  -48.110  -1.018 0.0000000000
84418  31.070  -67.662  -10.128 0.0000000000
84508  33.405  -64.098  -9.369 0.0000000000
84574  25.128  -65.018  -11.290 0.0000000000
85938  27.120  -62.071  -12.366 0.0000000000
88218  40.314  -54.099  -0.518 0.0000000000
88774  33.394  -67.387  -10.464 0.0000000000
89246  28.688  -60.440  -12.748 0.0000000000
89260  35.231  -64.022  -3.547 0.0000000000
90312  36.214  -63.882  -6.353 0.0000000000
91449  26.328  -64.309  -11.289 0.0000000000
91492  35.096  -66.981  -10.502 0.0000000000
92777  33.055  -68.183  -8.330 0.0000000000
94178  38.341  -54.907  -3.012 0.0000000000
96227  34.244  -68.744  -9.049 0.0000000000
97971  31.988  -64.426  -11.398 0.0000000000
98248  30.374  -65.992  -10.538 0.0000000000
98615  34.989  -65.092  -11.027 0.0000000000
100075  28.465  -60.943  -12.551 0.0000000000
100747  44.766  -49.240  0.003 0.0000000000
101513  31.229  -69.166  -9.459 0.0000000000
