#!ascii label  , from subject sub-v1s13x0050014_ses-1 vox2ras=TkReg
699
53401  19.732  -26.153  -26.033 0.1428571492
52449  18.265  -26.740  -25.769 0.1428571492
53439  19.786  -25.403  -27.272 0.1428571492
53390  20.693  -25.845  -24.847 0.1428571492
54457  20.616  -25.067  -27.160 0.2857142985
133259  18.812  -25.985  -26.632 0.1428571492
53421  20.917  -25.112  -26.222 0.1428571492
54490  20.356  -24.234  -28.356 0.5714285970
54455  22.179  -24.046  -26.567 0.1428571492
56495  24.038  -22.658  -26.958 0.2857142985
55486  23.167  -23.064  -27.268 0.2857142985
57602  24.204  -21.518  -27.507 0.1428571492
56503  24.365  -22.124  -27.242 0.2857142985
60798  24.287  -18.596  -28.258 0.2857142985
119781  23.566  -19.078  -28.350 0.1428571492
59739  23.559  -20.012  -28.133 0.2857142985
62740  24.151  -16.049  -29.025 0.2857142985
61812  24.293  -17.739  -28.481 0.2857142985
63697  23.562  -15.410  -30.087 0.2857142985
121368  23.573  -15.967  -29.603 0.2857142985
65591  23.885  -13.988  -30.965 0.2857142985
129348  24.379  -12.118  -32.385 0.8571428657
66520  23.774  -13.231  -32.087 0.4285714328
64668  24.217  -14.247  -30.186 0.2857142985
68522  24.453  -10.552  -33.634 0.7142857313
68508  24.755  -10.754  -32.838 0.7142857313
67479  24.546  -11.500  -32.584 0.7142857313
113596  23.890  -12.609  -32.591 0.7142857313
69582  25.286  -9.175  -33.497 0.8571428657
68521  25.028  -9.965  -33.153 0.5714285970
69583  24.657  -9.748  -33.972 0.8571428657
67486  24.259  -11.299  -33.328 0.7142857313
66519  24.010  -11.967  -33.000 0.7142857313
71399  25.865  -7.655  -33.947 0.4285714328
69596  24.941  -8.908  -34.267 0.7142857313
72238  25.925  -6.005  -34.419 0.2857142985
72254  25.519  -5.963  -35.124 0.5714285970
70526  25.290  -8.081  -34.479 0.8571428657
71416  25.553  -7.244  -34.597 0.7142857313
73950  25.932  -4.776  -34.352 0.1428571492
72237  26.146  -5.425  -34.071 0.1428571492
73046  25.740  -5.344  -34.782 0.4285714328
127866  25.680  -6.535  -34.673 0.5714285970
70536  24.936  -7.622  -35.189 0.8571428657
74867  24.870  -3.414  -35.194 0.1428571492
73937  26.178  -4.162  -33.900 0.1428571492
73951  25.642  -4.186  -34.622 0.1428571492
73962  25.521  -4.717  -35.132 0.4285714328
71429  25.234  -6.730  -35.242 0.8571428657
76594  24.323  -1.982  -35.028 0.1428571492
76593  24.712  -2.347  -34.646 0.1428571492
130912  24.765  -2.930  -34.940 0.1428571492
74877  25.152  -4.108  -35.468 0.1428571492
73963  24.765  -4.334  -36.389 0.4285714328
130995  25.149  -4.680  -35.854 0.5714285970
73063  24.808  -5.973  -35.905 0.7142857313
71430  24.547  -7.008  -35.852 0.8571428657
76611  24.022  -2.125  -35.557 0.1428571492
76612  23.588  -1.838  -35.960 0.1428571492
75733  24.371  -2.802  -35.529 0.1428571492
74878  24.554  -3.685  -36.061 0.5714285970
73074  24.785  -5.032  -36.515 0.8571428657
73075  24.177  -5.687  -36.777 0.8571428657
77434  23.338  -0.867  -35.706 0.1428571492
75748  23.857  -2.516  -36.105 0.1428571492
75766  23.490  -2.375  -36.817 0.8571428657
73974  24.411  -4.520  -37.182 0.8571428657
78301  22.558  -0.155  -36.649 0.1428571492
79162  22.625  1.620  -36.464 0.1428571492
76627  23.143  -1.504  -36.611 0.4285714328
76638  23.034  -1.985  -37.749 0.8571428657
75775  23.510  -2.983  -37.860 0.8571428657
74892  23.900  -3.673  -37.733 0.8571428657
74899  24.098  -4.222  -37.777 0.8571428657
77448  22.668  -1.018  -37.172 0.4285714328
115861  23.595  -3.570  -38.448 0.8571428657
116648  22.285  0.727  -36.949 0.1428571492
79168  22.217  1.660  -37.337 0.2857142985
78312  22.209  -0.279  -37.712 0.5714285970
77459  22.603  -1.218  -38.079 0.8571428657
75776  23.169  -2.676  -38.664 0.8571428657
76649  22.751  -1.947  -39.007 0.8571428657
75783  23.368  -3.259  -38.833 0.8571428657
79175  21.861  1.741  -38.399 0.2857142985
126042  21.731  0.853  -38.824 0.7142857313
113573  21.948  0.792  -37.944 0.5714285970
78321  21.831  0.027  -38.705 0.8571428657
77469  22.313  -0.869  -38.799 0.8571428657
77477  22.338  -1.357  -39.918 0.8571428657
114787  22.947  -3.151  -39.670 0.8571428657
78322  21.714  0.367  -39.726 0.8571428657
77487  22.092  -1.264  -40.924 0.7142857313
79176  21.642  1.331  -39.444 0.8571428657
79182  21.639  1.088  -40.416 0.8571428657
77478  22.006  -0.471  -40.367 0.8571428657
78334  21.540  0.187  -41.730 0.8571428657
79189  21.620  1.013  -41.379 0.8571428657
77488  21.806  -0.501  -41.259 0.7142857313
80060  21.440  2.553  -40.900 0.7142857313
112964  21.368  1.755  -41.543 0.8571428657
80066  21.175  2.644  -41.701 0.8571428657
118752  21.057  1.864  -42.014 0.8571428657
80072  20.930  2.820  -42.092 0.7142857313
78329  21.784  0.315  -40.880 0.8571428657
83552  22.673  6.136  -42.138 0.1428571492
80939  21.135  3.469  -41.994 0.7142857313
80945  20.833  3.827  -42.257 0.7142857313
83559  22.431  6.996  -43.938 0.1428571492
81874  20.889  4.759  -43.002 0.5714285970
82743  21.077  5.451  -43.881 0.5714285970
82745  20.554  5.487  -43.530 0.5714285970
84354  22.280  8.031  -44.068 0.1428571492
83562  20.332  5.838  -43.197 0.5714285970
85062  21.705  8.342  -42.937 0.1428571492
117931  22.727  9.067  -42.273 0.1428571492
84348  20.964  6.968  -44.133 0.1428571492
83570  20.569  5.822  -43.933 0.5714285970
128255  22.204  8.596  -42.366 0.1428571492
84339  21.846  8.029  -41.921 0.1428571492
85051  23.306  8.708  -41.195 0.1428571492
84328  22.024  7.732  -40.778 0.1428571492
52436  19.823  -26.839  -24.756 0.1428571492
51523  19.265  -27.200  -24.833 0.1428571492
54456  21.409  -24.551  -26.853 0.2857142985
54441  21.789  -24.583  -25.807 0.1428571492
111729  23.741  -23.251  -26.490 0.2857142985
127948  22.485  -23.571  -27.095 0.2857142985
60790  24.868  -18.960  -27.993 0.2857142985
59729  24.339  -20.146  -27.798 0.2857142985
64669  23.570  -14.777  -30.672 0.2857142985
66507  24.429  -12.598  -31.777 0.4285714328
65603  23.674  -13.770  -31.654 0.5714285970
70496  25.734  -8.668  -33.141 0.2857142985
66528  23.406  -12.566  -33.466 0.7142857313
72220  26.098  -6.761  -34.050 0.1428571492
70527  24.586  -8.520  -35.031 0.8571428657
77433  23.908  -1.420  -35.168 0.1428571492
75765  23.967  -3.197  -36.732 0.8571428657
74891  24.354  -3.940  -37.030 0.8571428657
73085  24.189  -5.043  -37.364 0.8571428657
74900  23.756  -4.035  -38.440 0.8571428657
80053  21.616  2.397  -40.087 0.8571428657
112846  21.400  3.559  -41.072 0.8571428657
110164  21.153  4.283  -42.422 0.7142857313
82736  21.571  5.682  -43.530 0.2857142985
83569  20.866  6.129  -44.215 0.1428571492
85079  21.874  8.307  -43.673 0.1428571492
85050  24.011  9.372  -41.474 0.1428571492
51524  18.603  -27.279  -25.068 0.1428571492
55488  21.852  -23.949  -27.413 0.4285714328
56515  23.074  -21.987  -28.276 0.2857142985
55487  22.339  -23.334  -27.805 0.4285714328
54489  21.015  -23.973  -28.573 0.2857142985
58671  23.937  -20.781  -27.792 0.1428571492
61800  25.086  -18.143  -28.136 0.2857142985
62726  24.223  -16.860  -28.712 0.2857142985
61813  23.577  -17.444  -28.868 0.2857142985
60809  23.042  -17.938  -28.969 0.2857142985
62741  23.519  -16.679  -29.305 0.2857142985
75732  25.227  -2.975  -34.452 0.1428571492
76581  24.530  -1.207  -34.229 0.1428571492
78289  23.339  0.167  -35.385 0.1428571492
78300  22.954  -0.192  -35.990 0.2857142985
118143  22.858  0.722  -36.017 0.1428571492
72261  23.628  -6.401  -37.033 1.0000000000
80029  22.514  2.334  -36.836 0.1428571492
80036  22.221  2.654  -37.651 0.1428571492
80044  21.916  2.603  -38.567 0.2857142985
76657  22.166  -2.086  -40.743 0.8571428657
80045  21.712  2.141  -39.298 0.5714285970
80928  21.666  3.247  -40.138 0.5714285970
131006  21.356  4.142  -41.686 0.7142857313
82737  21.314  5.060  -42.993 0.4285714328
81860  21.933  5.172  -40.922 0.2857142985
82727  21.943  5.593  -42.534 0.2857142985
83560  22.215  6.227  -43.319 0.1428571492
82742  21.531  6.349  -44.102 0.1428571492
84330  20.642  7.078  -42.027 0.2857142985
83567  21.941  7.248  -44.189 0.1428571492
84340  21.204  7.688  -42.568 0.1428571492
84329  21.318  7.435  -41.360 0.1428571492
85078  22.460  8.734  -43.686 0.1428571492
85039  22.718  8.100  -40.294 0.1428571492
84316  22.092  7.528  -39.510 0.1428571492
120038  23.380  8.324  -39.989 0.1428571492
80921  21.775  2.957  -39.285 0.4285714328
81854  21.824  3.875  -39.282 0.4285714328
112979  21.740  4.205  -40.148 0.4285714328
81861  21.651  4.536  -40.949 0.4285714328
82728  21.659  4.902  -41.851 0.5714285970
53422  20.165  -25.610  -26.565 0.1428571492
52467  18.994  -26.401  -26.249 0.1428571492
113867  20.161  -24.818  -27.798 0.4285714328
53440  18.892  -25.438  -27.120 0.2857142985
54474  21.051  -24.440  -27.881 0.5714285970
113832  22.932  -23.583  -26.471 0.1428571492
56505  22.801  -22.648  -28.109 0.1428571492
57612  23.505  -21.457  -27.986 0.1428571492
67496  23.897  -11.135  -34.077 0.7142857313
70512  25.555  -8.423  -33.776 0.8571428657
73062  25.319  -5.263  -35.585 0.5714285970
74866  25.334  -3.668  -34.768 0.1428571492
76655  22.471  -2.326  -39.984 0.8571428657
77470  22.044  -0.462  -39.484 0.8571428657
115302  21.592  1.745  -40.023 0.8571428657
112624  21.531  1.750  -40.773 0.8571428657
82744  20.704  5.592  -43.982 0.5714285970
81879  20.742  5.191  -43.456 0.5714285970
85857  22.867  9.424  -43.481 0.1428571492
83561  20.576  6.344  -43.793 0.4285714328
84347  21.307  7.702  -43.579 0.1428571492
85060  23.375  9.584  -42.254 0.1428571492
85070  22.937  9.745  -42.915 0.1428571492
83568  21.295  6.824  -44.200 0.1428571492
84341  20.769  7.084  -43.269 0.1428571492
85061  22.507  8.356  -41.479 0.1428571492
60789  25.530  -18.866  -27.738 0.1428571492
55502  22.024  -22.964  -28.529 0.4285714328
61822  22.948  -17.368  -29.412 0.5714285970
61832  21.787  -17.959  -30.977 0.5714285970
59780  20.704  -19.278  -31.986 0.5714285970
58737  20.152  -20.152  -32.440 0.2857142985
61839  22.081  -17.260  -31.207 0.5714285970
119961  21.206  -17.914  -32.430 0.5714285970
58710  20.284  -20.918  -30.997 0.4285714328
132524  21.599  -17.688  -31.679 0.5714285970
59783  19.623  -19.950  -32.779 0.2857142985
60845  20.154  -19.077  -32.967 0.4285714328
63719  22.978  -15.160  -31.391 0.4285714328
62771  22.161  -16.218  -32.086 0.5714285970
118499  21.138  -17.299  -33.028 0.5714285970
61861  20.519  -17.320  -33.500 0.4285714328
64676  22.708  -14.842  -32.296 0.5714285970
63725  22.081  -15.607  -32.786 0.5714285970
62772  21.596  -16.465  -32.860 0.4285714328
121583  22.265  -14.890  -33.096 0.7142857313
63738  21.658  -15.212  -33.598 0.4285714328
64682  22.645  -14.374  -32.952 0.4285714328
60846  19.554  -19.189  -33.074 0.2857142985
59770  18.920  -19.473  -32.648 0.2857142985
132896  22.973  -13.216  -33.552 0.7142857313
65634  21.253  -13.640  -34.890 0.4285714328
66538  22.502  -12.596  -34.856 0.7142857313
65647  21.001  -13.111  -35.353 0.5714285970
120946  21.437  -12.425  -35.686 0.7142857313
66553  20.630  -12.403  -35.828 0.2857142985
65620  23.354  -13.230  -32.889 0.5714285970
66529  22.774  -12.892  -34.136 0.5714285970
112169  22.250  -13.187  -34.550 0.7142857313
67498  22.876  -11.819  -35.107 0.7142857313
67522  22.000  -11.150  -36.260 0.7142857313
68551  22.313  -10.483  -36.365 0.7142857313
67523  21.339  -11.256  -36.428 0.7142857313
67524  20.661  -11.613  -36.298 0.4285714328
132756  21.185  -10.575  -36.783 0.4285714328
132996  23.423  -11.633  -34.442 0.5714285970
68529  24.028  -10.404  -34.441 0.5714285970
68538  22.892  -10.415  -35.891 0.5714285970
69619  22.762  -9.751  -36.340 0.7142857313
69620  22.080  -9.780  -36.824 0.7142857313
70551  22.375  -8.395  -37.230 0.7142857313
68565  21.420  -9.916  -37.007 0.7142857313
69634  21.092  -9.037  -37.410 0.5714285970
128728  21.346  -8.076  -37.901 0.5714285970
69607  23.930  -8.926  -35.541 0.5714285970
69608  23.451  -9.671  -35.726 0.5714285970
70538  23.327  -8.858  -36.258 0.7142857313
123631  22.969  -7.421  -37.243 0.8571428657
68566  20.630  -10.013  -37.101 0.4285714328
71450  22.418  -6.888  -38.014 0.7142857313
115951  21.728  -7.322  -38.358 0.7142857313
71453  20.855  -7.568  -38.653 0.5714285970
70537  24.136  -8.047  -35.875 0.5714285970
117910  22.546  -9.052  -36.774 0.7142857313
72271  23.063  -6.269  -37.679 0.8571428657
72273  22.035  -6.500  -38.534 0.7142857313
71452  21.401  -6.919  -38.805 0.5714285970
73100  21.126  -5.377  -38.837 0.2857142985
72260  24.205  -6.436  -36.425 0.7142857313
118405  23.195  -5.563  -37.970 0.7142857313
73990  21.785  -4.593  -39.081 0.7142857313
73076  23.650  -5.606  -37.505 0.7142857313
73087  23.050  -5.264  -38.407 0.8571428657
72284  22.378  -5.609  -38.624 0.8571428657
74910  23.095  -3.851  -39.930 0.8571428657
73098  22.903  -4.848  -38.928 0.8571428657
119300  22.532  -4.553  -39.252 0.5714285970
74911  22.583  -4.065  -39.773 0.8571428657
73995  21.634  -4.031  -39.296 0.7142857313
73097  23.421  -4.801  -38.550 0.8571428657
74909  23.390  -3.833  -39.264 0.8571428657
74918  22.148  -3.629  -39.858 0.8571428657
74917  22.565  -3.461  -39.942 0.8571428657
75788  22.159  -2.784  -40.415 0.8571428657
75789  21.996  -3.054  -40.262 0.7142857313
78341  21.174  -0.037  -42.308 0.7142857313
77496  20.844  -0.801  -42.386 0.7142857313
79197  21.275  0.849  -42.116 0.5714285970
77479  20.447  -1.204  -41.076 0.7142857313
111832  20.545  -0.223  -42.198 0.7142857313
79205  20.831  1.140  -42.347 0.7142857313
80068  20.041  2.059  -41.635 0.7142857313
79190  20.102  0.640  -41.200 0.7142857313
80061  19.765  2.669  -41.003 0.7142857313
80054  19.649  2.487  -40.172 0.5714285970
80946  20.585  3.255  -42.097 0.7142857313
115246  19.918  2.952  -41.429 0.7142857313
80929  19.303  3.447  -40.407 0.5714285970
80940  19.791  3.825  -41.558 0.4285714328
80935  19.472  3.663  -40.984 0.5714285970
80930  18.589  3.975  -39.892 0.5714285970
80073  20.189  2.927  -41.800 0.5714285970
80922  19.265  3.136  -39.440 0.5714285970
81862  18.916  4.474  -41.062 0.5714285970
80936  18.316  4.442  -40.814 0.5714285970
80923  18.630  3.534  -38.879 0.4285714328
80048  18.325  3.103  -38.034 0.4285714328
81855  17.062  4.977  -39.827 0.5714285970
81847  17.946  4.227  -39.362 0.5714285970
81868  19.162  4.840  -41.368 0.5714285970
80916  17.776  3.635  -37.671 0.4285714328
80030  17.214  1.921  -36.620 0.4285714328
81848  17.636  4.585  -38.580 0.5714285970
80924  18.137  3.824  -38.448 0.5714285970
82700  17.190  5.223  -38.053 0.4285714328
67460  24.825  -11.822  -31.911 0.2857142985
69597  24.162  -9.510  -34.883 0.5714285970
82706  16.708  5.445  -39.148 0.2857142985
81840  17.367  4.987  -37.016 0.2857142985
58708  21.352  -19.544  -30.542 0.5714285970
58709  20.887  -20.365  -30.535 0.5714285970
62751  23.051  -16.067  -30.235 0.2857142985
62752  22.523  -16.673  -30.683 0.4285714328
57654  20.630  -19.742  -31.557 0.5714285970
63709  23.157  -15.471  -30.712 0.2857142985
63710  22.634  -15.949  -31.197 0.5714285970
58722  19.671  -20.697  -31.935 0.2857142985
61862  19.942  -17.894  -33.576 0.4285714328
62786  21.058  -16.625  -33.488 0.4285714328
117657  21.036  -15.913  -33.822 0.5714285970
60847  18.636  -18.558  -32.983 0.2857142985
61863  19.258  -17.413  -33.663 0.2857142985
65622  21.808  -13.824  -34.453 0.5714285970
68487  25.553  -10.609  -31.598 0.2857142985
65648  20.203  -13.209  -35.370 0.2857142985
67511  21.195  -11.922  -36.087 0.7142857313
73086  23.672  -5.041  -38.041 0.8571428657
73099  22.056  -5.146  -38.891 0.7142857313
76661  21.198  -1.646  -41.926 0.7142857313
76662  20.955  -1.240  -42.263 0.7142857313
75795  20.948  -1.830  -41.979 0.7142857313
79191  19.868  1.652  -40.913 0.7142857313
80046  19.578  2.282  -39.106 0.5714285970
80947  20.291  3.720  -42.053 0.5714285970
81875  20.601  4.372  -42.579 0.5714285970
81876  20.098  4.474  -42.265 0.5714285970
80931  17.471  4.599  -40.485 0.5714285970
81864  16.439  5.211  -40.872 0.2857142985
62742  22.891  -16.740  -29.888 0.2857142985
67487  23.695  -11.809  -33.773 0.5714285970
71441  23.842  -7.226  -36.515 0.7142857313
73988  23.446  -4.387  -38.888 0.7142857313
80067  20.548  2.166  -42.083 0.8571428657
64681  23.225  -13.967  -32.400 0.5714285970
65609  22.823  -13.793  -33.256 0.5714285970
75791  21.591  -2.479  -40.950 0.7142857313
67497  23.434  -11.079  -34.812 0.5714285970
61823  22.413  -17.495  -30.265 0.5714285970
60831  21.327  -18.335  -31.715 0.5714285970
60822  21.477  -18.756  -30.937 0.4285714328
59781  20.296  -19.566  -32.596 0.5714285970
60844  20.744  -18.768  -32.432 0.4285714328
58721  20.415  -20.203  -31.556 0.5714285970
59782  20.020  -19.914  -32.947 0.4285714328
62761  22.239  -16.631  -31.463 0.5714285970
62762  21.693  -17.056  -32.120 0.5714285970
61851  20.553  -18.180  -33.148 0.4285714328
57640  20.896  -21.363  -30.179 0.5714285970
60858  19.926  -18.586  -33.344 0.4285714328
63720  22.515  -15.550  -31.950 0.5714285970
127009  21.475  -15.976  -33.364 0.5714285970
128563  19.964  -17.202  -33.709 0.4285714328
64691  22.195  -14.346  -33.684 0.5714285970
64692  21.553  -14.569  -34.089 0.4285714328
65621  22.473  -13.557  -33.973 0.5714285970
65633  21.770  -13.016  -35.097 0.5714285970
65635  20.524  -13.894  -34.886 0.4285714328
64705  21.104  -14.312  -34.498 0.4285714328
66537  23.143  -12.247  -34.339 0.7142857313
66552  22.131  -12.234  -35.494 0.7142857313
67509  22.338  -11.527  -35.761 0.7142857313
67508  22.907  -11.056  -35.495 0.7142857313
68539  22.471  -10.961  -35.994 0.7142857313
68552  21.735  -10.574  -36.639 0.7142857313
68530  23.497  -10.379  -35.240 0.5714285970
128277  22.077  -9.049  -37.123 0.7142857313
69633  21.782  -8.615  -37.465 0.7142857313
70550  22.890  -8.348  -36.811 0.5714285970
71451  22.109  -7.804  -37.760 0.7142857313
70560  20.509  -8.309  -37.909 0.2857142985
71460  21.478  -6.096  -38.786 0.5714285970
72286  19.828  -6.456  -38.943 0.2857142985
78342  20.458  0.618  -42.188 0.7142857313
79198  20.319  1.381  -42.047 0.7142857313
81863  17.559  5.135  -41.432 0.7142857313
81839  17.550  4.478  -37.670 0.4285714328
125868  19.587  -16.009  -34.027 0.4285714328
54475  19.352  -24.895  -27.671 0.4285714328
63681  25.464  -15.470  -28.605 0.1428571492
63682  24.718  -15.380  -28.891 0.1428571492
65602  24.179  -13.331  -31.322 0.1428571492
66494  24.753  -12.860  -30.913 0.1428571492
64652  24.601  -14.616  -29.404 0.1428571492
132918  25.760  -15.034  -28.643 0.1428571492
66493  25.252  -12.473  -30.519 0.1428571492
65571  24.833  -13.787  -29.760 0.1428571492
64651  25.358  -14.122  -29.153 0.1428571492
66506  25.073  -12.177  -31.196 0.1428571492
69546  25.835  -9.808  -31.812 0.2857142985
69564  25.638  -9.333  -32.634 0.1428571492
76660  21.674  -1.886  -41.382 0.5714285970
84287  22.705  7.734  -37.984 0.1428571492
74919  21.536  -3.393  -39.561 0.4285714328
85012  22.291  8.098  -37.457 0.1428571492
84317  21.349  7.212  -40.099 0.1428571492
76656  20.763  -2.125  -40.957 0.4285714328
76658  20.751  -1.765  -41.805 0.5714285970
77471  20.577  -0.677  -39.562 0.4285714328
83526  18.663  6.976  -39.096 0.2857142985
82713  17.182  6.346  -41.174 0.2857142985
82730  17.699  5.529  -41.367 0.2857142985
82719  18.019  5.728  -41.223 0.2857142985
76640  17.319  -1.550  -37.354 0.1428571492
78330  20.352  -0.019  -40.487 0.5714285970
79199  20.089  1.101  -41.705 0.5714285970
83538  16.261  6.470  -40.817 0.2857142985
78324  19.821  0.442  -37.974 0.4285714328
79178  19.921  1.342  -38.790 0.5714285970
82721  16.401  6.127  -41.695 0.2857142985
116525  17.731  0.384  -36.833 0.4285714328
79170  18.509  1.343  -37.175 0.2857142985
126871  15.867  6.087  -39.590 0.1428571492
82722  15.917  5.835  -41.202 0.1428571492
83539  15.901  6.251  -40.445 0.1428571492
79171  17.487  1.108  -36.664 0.1428571492
80037  18.473  2.289  -37.657 0.4285714328
82707  16.331  6.036  -38.607 0.1428571492
83527  15.952  6.778  -39.233 0.1428571492
84303  16.245  7.260  -39.171 0.1428571492
82701  16.966  5.867  -37.502 0.2857142985
82684  17.036  5.776  -35.540 0.1428571492
83515  16.240  6.644  -38.164 0.1428571492
84289  16.152  7.343  -37.985 0.1428571492
131840  15.984  7.115  -38.614 0.1428571492
84281  16.762  7.316  -37.045 0.1428571492
55504  19.567  -23.820  -28.498 0.4285714328
56517  18.441  -22.664  -28.805 0.2857142985
62725  24.967  -16.228  -28.559 0.1428571492
65570  25.521  -13.349  -29.448 0.1428571492
67459  25.323  -11.401  -31.372 0.1428571492
76650  20.897  -2.227  -39.463 0.2857142985
83554  19.908  5.690  -42.147 0.2857142985
84319  16.482  6.947  -39.779 0.2857142985
83536  18.586  6.074  -40.409 0.2857142985
58669  25.676  -20.358  -27.255 0.1428571492
58670  24.835  -20.766  -27.447 0.1428571492
128636  25.692  -17.430  -28.037 0.1428571492
131739  25.543  -16.726  -28.263 0.1428571492
67478  25.037  -11.048  -32.094 0.1428571492
75790  21.417  -2.530  -40.253 0.4285714328
77461  17.870  -1.007  -37.306 0.2857142985
82738  20.086  5.224  -42.518 0.4285714328
84318  17.370  7.138  -39.502 0.2857142985
127405  19.149  6.481  -39.451 0.2857142985
83545  19.306  5.700  -41.042 0.2857142985
122099  19.805  6.259  -40.172 0.2857142985
83525  19.699  6.903  -38.844 0.2857142985
84299  20.376  7.264  -38.447 0.1428571492
132072  20.283  7.680  -38.052 0.1428571492
122054  21.249  7.145  -38.752 0.1428571492
127847  16.031  7.498  -38.775 0.2857142985
84302  16.648  7.903  -39.196 0.2857142985
84288  21.853  7.560  -37.987 0.1428571492
83544  20.653  6.865  -40.767 0.1428571492
83535  20.559  6.780  -39.550 0.1428571492
70495  26.177  -8.445  -32.543 0.2857142985
83553  20.366  6.374  -42.731 0.4285714328
84300  19.394  7.530  -38.495 0.2857142985
111398  20.072  6.344  -41.486 0.2857142985
127837  20.364  -23.448  -28.903 0.4285714328
54491  19.674  -24.445  -28.110 0.4285714328
120146  25.307  -10.246  -32.349 0.4285714328
81880  20.485  4.994  -43.007 0.4285714328
78335  20.305  -0.278  -41.589 0.5714285970
79177  20.088  0.986  -40.123 0.5714285970
79183  19.813  1.755  -39.864 0.5714285970
82729  19.165  5.213  -41.265 0.2857142985
82714  16.036  5.658  -40.290 0.2857142985
75794  21.258  -2.145  -41.571 0.5714285970
79179  19.226  1.927  -38.094 0.5714285970
81869  16.565  5.582  -41.630 0.2857142985
82732  16.166  5.929  -41.690 0.2857142985
65589  25.102  -13.081  -30.157 0.1428571492
64632  26.021  -14.513  -28.689 0.1428571492
67443  25.607  -11.761  -30.541 0.1428571492
112031  20.475  -1.388  -38.682 0.2857142985
83537  18.001  6.530  -39.847 0.2857142985
82720  17.050  6.036  -41.761 0.2857142985
77460  19.038  -0.499  -37.518 0.2857142985
78323  20.337  0.331  -39.159 0.4285714328
84320  16.102  6.669  -39.906 0.1428571492
78313  18.831  0.416  -37.232 0.4285714328
78314  17.889  -0.357  -37.078 0.2857142985
79169  19.393  1.148  -37.728 0.5714285970
55505  18.741  -23.408  -28.412 0.2857142985
67442  26.164  -11.183  -30.281 0.1428571492
114897  20.567  -3.077  -38.980 0.2857142985
83524  20.376  6.884  -38.869 0.2857142985
85022  21.013  7.506  -37.981 0.1428571492
69635  20.173  -9.113  -37.466 0.4285714328
71461  20.738  -6.818  -39.065 0.2857142985
85816  16.254  10.377  -39.157 0.1428571492
84301  17.977  7.714  -39.017 0.1428571492
86570  17.237  10.573  -39.009 0.1428571492
85005  16.671  8.634  -37.245 0.1428571492
85826  15.943  10.561  -39.134 0.1428571492
85025  16.354  9.188  -39.045 0.1428571492
85024  17.187  8.549  -39.060 0.1428571492
85015  16.216  8.886  -38.229 0.1428571492
85788  16.327  9.476  -37.849 0.1428571492
85026  16.189  9.156  -38.752 0.1428571492
86559  16.128  10.341  -38.428 0.1428571492
86571  16.510  11.055  -39.132 0.1428571492
116385  16.280  8.253  -38.794 0.1428571492
85817  15.988  10.081  -39.016 0.1428571492
87298  17.511  11.148  -36.963 0.1428571492
86558  16.174  11.055  -38.836 0.1428571492
85787  16.735  9.955  -37.369 0.1428571492
87310  17.026  11.666  -38.295 0.1428571492
86557  18.454  10.849  -38.482 0.1428571492
64675  23.356  -14.419  -31.565 0.2857142985
115670  18.491  8.503  -38.577 0.1428571492
85815  17.194  9.506  -39.005 0.1428571492
86548  16.668  10.833  -37.832 0.1428571492
86533  17.391  10.221  -36.753 0.1428571492
58695  21.512  -20.858  -29.762 0.4285714328
57624  22.233  -21.145  -29.153 0.2857142985
58683  22.733  -20.374  -28.656 0.1428571492
59749  21.880  -19.549  -29.756 0.2857142985
58694  22.035  -20.266  -29.373 0.1428571492
119950  22.284  -18.886  -29.597 0.2857142985
57625  21.598  -21.718  -29.488 0.2857142985
80047  18.963  2.734  -38.499 0.4285714328
60810  22.571  -18.114  -29.515 0.2857142985
60800  22.843  -18.725  -28.835 0.1428571492
59748  22.429  -19.550  -29.068 0.1428571492
57613  22.894  -21.334  -28.545 0.1428571492
60821  22.077  -18.373  -30.249 0.2857142985
120067  21.503  -20.103  -29.959 0.2857142985
77472  20.214  -0.433  -38.329 0.2857142985
55518  20.121  -22.810  -29.374 0.2857142985
55519  19.386  -23.016  -29.059 0.2857142985
57626  20.948  -22.119  -29.803 0.2857142985
56542  19.923  -22.098  -30.358 0.2857142985
57641  20.282  -21.727  -30.534 0.2857142985
64693  21.000  -15.079  -34.053 0.2857142985
63749  20.408  -14.776  -34.388 0.2857142985
64706  19.778  -14.403  -34.631 0.2857142985
66564  19.940  -11.873  -36.080 0.1428571492
67525  20.011  -11.195  -36.480 0.1428571492
68553  20.652  -10.889  -36.680 0.2857142985
72275  18.603  -6.860  -38.015 0.1428571492
73101  20.166  -5.603  -38.720 0.1428571492
73991  20.692  -4.711  -38.803 0.1428571492
123246  19.603  -5.060  -38.385 0.1428571492
73992  19.875  -4.445  -38.572 0.1428571492
73993  18.813  -4.494  -38.039 0.1428571492
113999  18.799  -2.267  -37.837 0.1428571492
76639  18.504  -1.471  -37.605 0.1428571492
129154  19.568  -1.680  -38.023 0.1428571492
80038  17.857  2.638  -37.283 0.1428571492
80039  17.244  2.980  -36.922 0.1428571492
80917  17.172  3.940  -37.096 0.1428571492
80910  16.756  3.451  -36.419 0.1428571492
54492  18.905  -24.196  -27.966 0.2857142985
56528  21.519  -22.495  -29.136 0.1428571492
74913  19.581  -3.796  -38.468 0.1428571492
127528  19.646  -1.078  -37.940 0.1428571492
54476  18.135  -24.176  -27.462 0.2857142985
62787  20.393  -16.552  -33.797 0.2857142985
63739  20.334  -15.723  -34.079 0.2857142985
63750  19.690  -15.211  -34.256 0.2857142985
117066  19.342  -10.779  -36.524 0.1428571492
69636  19.345  -9.100  -37.362 0.1428571492
70561  19.594  -8.385  -37.795 0.1428571492
112126  19.857  -7.864  -38.480 0.1428571492
72276  17.981  -6.553  -37.671 0.1428571492
132010  18.951  -6.419  -38.418 0.1428571492
73102  19.152  -5.747  -38.264 0.1428571492
114819  18.784  -5.147  -37.949 0.1428571492
76652  17.469  -2.145  -37.570 0.1428571492
80031  16.666  2.492  -36.293 0.1428571492
63740  18.937  -15.523  -34.018 0.2857142985
55503  21.257  -23.262  -28.824 0.2857142985
68554  19.943  -10.467  -36.858 0.1428571492
79163  16.742  1.015  -36.309 0.1428571492
62788  19.680  -16.677  -33.863 0.1428571492
74912  20.694  -3.934  -38.916 0.1428571492
76651  20.025  -2.274  -38.443 0.1428571492
56531  18.879  -22.306  -29.524 0.2857142985
72287  18.396  -6.143  -37.941 0.1428571492
55490  17.457  -23.519  -27.549 0.1428571492
55489  18.248  -23.657  -27.900 0.1428571492
55491  16.498  -23.078  -27.317 0.1428571492
55506  17.948  -23.026  -28.165 0.1428571492
57642  19.666  -21.611  -30.855 0.1428571492
70511  26.011  -8.026  -33.273 0.1428571492
119438  26.374  -7.706  -32.817 0.1428571492
130032  22.238  4.372  -38.627 0.1428571492
53441  18.001  -24.822  -26.886 0.1428571492
56518  17.615  -22.286  -28.513 0.1428571492
57627  18.539  -21.611  -29.942 0.1428571492
56532  18.069  -21.947  -29.216 0.1428571492
58723  19.147  -20.303  -32.117 0.1428571492
80920  22.107  3.477  -38.359 0.1428571492
119405  22.133  4.735  -39.374 0.1428571492
132561  18.458  -19.567  -32.039 0.1428571492
124394  18.669  -24.734  -27.443 0.1428571492
71398  26.301  -7.285  -33.370 0.1428571492
57656  19.368  -21.040  -31.454 0.1428571492
60859  19.341  -18.295  -33.415 0.1428571492
54477  17.468  -24.196  -27.122 0.1428571492
57643  18.964  -21.378  -30.752 0.1428571492
52448  19.283  -26.774  -25.480 0.1428571492
53400  20.446  -25.704  -25.698 0.1428571492
53423  19.394  -25.870  -26.692 0.1428571492
55517  20.782  -22.753  -29.314 0.1428571492
56504  23.616  -22.235  -27.662 0.2857142985
56529  20.325  -22.339  -29.868 0.2857142985
56530  19.671  -22.429  -29.735 0.2857142985
56543  19.285  -21.953  -30.236 0.2857142985
57655  19.887  -21.145  -31.351 0.4285714328
57667  20.664  -19.601  -31.665 0.5714285970
58682  23.322  -20.803  -28.212 0.1428571492
58720  20.798  -19.747  -31.128 0.5714285970
58735  20.768  -19.554  -31.470 0.5714285970
58736  20.500  -19.724  -31.973 0.5714285970
58738  19.828  -20.320  -32.487 0.2857142985
59738  24.288  -19.422  -28.022 0.2857142985
59740  22.962  -19.528  -28.525 0.1428571492
59769  21.088  -18.909  -31.717 0.5714285970
59779  21.017  -19.309  -31.348 0.5714285970
59793  20.726  -19.472  -31.684 0.5714285970
60799  23.587  -18.239  -28.587 0.2857142985
60811  21.807  -19.010  -30.199 0.2857142985
62704  26.232  -16.719  -27.942 0.1428571492
63696  24.070  -15.355  -29.445 0.2857142985
64633  25.299  -14.824  -28.836 0.1428571492
65590  24.493  -13.539  -30.532 0.1428571492
67510  21.737  -11.771  -35.974 0.7142857313
70549  23.431  -7.987  -36.539 0.5714285970
70562  18.698  -8.272  -37.533 0.1428571492
72272  22.671  -5.982  -38.217 0.7142857313
72285  20.666  -6.117  -38.930 0.2857142985
73088  18.166  -5.456  -37.836 0.1428571492
73979  24.069  -4.653  -37.775 0.8571428657
73980  23.774  -4.514  -38.274 0.8571428657
73989  23.099  -4.237  -39.542 0.8571428657
75792  21.061  -2.206  -41.490 0.5714285970
75793  21.723  -2.343  -41.078 0.5714285970
77447  22.920  -0.760  -36.402 0.2857142985
77489  20.556  -1.047  -42.023 0.7142857313
77494  21.641  -1.229  -41.543 0.7142857313
77495  21.304  -0.736  -42.020 0.7142857313
77500  20.996  -0.584  -42.451 0.7142857313
78348  20.947  0.098  -42.528 0.7142857313
81870  16.288  5.575  -41.476 0.2857142985
82731  16.716  5.839  -41.777 0.2857142985
83546  15.968  6.112  -41.387 0.1428571492
84355  21.601  7.485  -44.094 0.1428571492
85071  22.279  9.046  -43.084 0.1428571492
85804  16.008  9.810  -38.703 0.1428571492
86572  16.074  10.874  -39.089 0.1428571492
86573  15.886  10.545  -39.039 0.1428571492
87325  16.562  11.427  -38.968 0.1428571492
111067  21.605  -23.686  -28.211 0.2857142985
111279  17.940  1.872  -37.021 0.4285714328
112478  20.762  -1.554  -39.957 0.4285714328
116088  20.024  -20.603  -31.911 0.5714285970
120193  24.976  -17.187  -28.379 0.1428571492
121474  16.941  6.735  -40.266 0.2857142985
125615  20.839  -1.403  -42.157 0.5714285970
127212  20.224  0.358  -41.841 0.7142857313
128032  21.692  -9.292  -37.173 0.7142857313
130628  20.021  -16.269  -33.998 0.4285714328
131018  16.925  5.030  -41.289 0.5714285970
131305  23.249  -16.358  -29.733 0.2857142985
131579  23.456  9.547  -43.626 0.1428571492
132266  19.933  6.604  -39.254 0.2857142985
