#!ascii label  , from subject sub-v1s17x0050271_ses-1 vox2ras=TkReg
1653
45741  -44.914  -43.523  52.560 0.0000000000
128382  -33.393  -51.289  61.317 0.0000000000
55435  -48.949  -31.824  40.735 0.0000000000
131560  -37.425  -38.370  42.787 0.0000000000
49497  -47.366  -38.674  46.220 0.0000000000
37456  -40.751  -51.982  56.308 0.0000000000
38320  -28.244  -51.669  47.463 0.0000000000
45785  -32.210  -43.750  46.051 0.0000000000
37369  -25.327  -52.788  61.432 0.0000000000
58893  -56.583  -27.434  47.396 0.0000000000
115499  -22.141  -47.089  50.311 0.0000000000
47752  -40.363  -41.374  47.861 0.0000000000
50307  -42.735  -38.395  45.133 0.0000000000
47741  -46.137  -40.534  50.222 0.0000000000
41811  -42.760  -47.915  54.422 0.0000000000
40918  -36.632  -48.012  51.188 0.0000000000
44751  -38.528  -44.646  48.145 0.0000000000
48681  -35.145  -41.255  43.834 0.0000000000
59772  -58.823  -27.787  43.128 0.0000000000
40720  -28.789  -48.809  63.103 0.0000000000
39928  -24.961  -49.857  56.157 0.0000000000
40852  -29.136  -48.328  56.100 0.0000000000
52834  -48.974  -35.688  42.960 0.0000000000
35652  -36.073  -53.555  58.799 0.0000000000
37461  -31.582  -52.987  54.663 0.0000000000
38278  -33.621  -51.969  53.480 0.0000000000
41902  -29.967  -46.868  48.178 0.0000000000
34768  -21.332  -54.961  61.947 0.0000000000
50276  -52.927  -38.672  48.603 0.0000000000
54466  -52.799  -33.694  46.789 0.0000000000
57030  -55.140  -29.681  50.674 0.0000000000
114162  -53.171  -30.365  43.132 0.0000000000
57179  -56.704  -30.865  41.127 0.0000000000
37447  -20.131  -52.376  55.910 0.0000000000
40943  -25.998  -48.171  48.155 0.0000000000
46769  -42.834  -42.975  50.610 0.0000000000
47746  -43.628  -40.822  48.852 0.0000000000
46772  -45.375  -41.818  51.134 0.0000000000
43729  -43.756  -45.597  53.662 0.0000000000
42770  -41.205  -46.568  51.629 0.0000000000
44742  -41.346  -44.431  50.529 0.0000000000
46780  -39.699  -43.190  48.422 0.0000000000
55468  -48.731  -31.773  37.218 0.0000000000
56304  -50.373  -31.081  38.848 0.0000000000
133455  -31.872  -49.607  62.574 0.0000000000
126259  -29.338  -48.403  60.218 0.0000000000
39902  -31.459  -49.845  58.859 0.0000000000
51179  -38.827  -37.249  41.540 0.0000000000
50309  -44.853  -38.330  45.274 0.0000000000
51168  -43.416  -37.299  42.633 0.0000000000
51157  -45.820  -37.436  43.644 0.0000000000
52007  -46.900  -36.228  42.269 0.0000000000
51147  -48.226  -37.662  44.418 0.0000000000
36545  -38.219  -53.362  56.838 0.0000000000
36558  -35.273  -53.167  55.573 0.0000000000
38268  -36.853  -51.533  54.810 0.0000000000
124130  -34.663  -46.092  48.360 0.0000000000
41861  -33.729  -47.330  49.796 0.0000000000
43767  -31.295  -45.090  47.374 0.0000000000
129663  -36.299  -40.106  43.858 0.0000000000
122095  -52.672  -36.305  47.400 0.0000000000
57070  -54.728  -30.529  47.553 0.0000000000
58079  -54.745  -29.366  45.228 0.0000000000
58148  -54.719  -29.551  41.656 0.0000000000
58937  -56.442  -28.765  43.306 0.0000000000
57166  -59.409  -30.845  42.116 0.0000000000
35640  -23.114  -54.072  60.745 0.0000000000
35681  -20.737  -54.089  58.227 0.0000000000
37410  -22.802  -52.852  58.402 0.0000000000
40866  -23.724  -48.608  53.257 0.0000000000
39957  -21.177  -49.648  53.409 0.0000000000
40893  -20.411  -48.314  51.006 0.0000000000
36612  -29.908  -53.165  51.011 0.0000000000
39100  -28.776  -50.698  51.485 0.0000000000
39137  -26.764  -51.185  47.215 0.0000000000
48671  -39.045  -40.210  45.755 0.0000000000
50323  -39.865  -38.590  44.208 0.0000000000
49471  -41.004  -39.416  46.260 0.0000000000
49458  -44.511  -39.418  47.208 0.0000000000
125798  -47.041  -39.422  48.205 0.0000000000
39949  -41.614  -49.756  54.644 0.0000000000
39079  -38.939  -50.110  53.783 0.0000000000
40905  -39.966  -48.149  51.945 0.0000000000
41865  -38.117  -46.897  49.726 0.0000000000
43790  -36.041  -44.801  46.798 0.0000000000
46819  -33.915  -42.474  44.420 0.0000000000
45788  -37.148  -43.404  46.371 0.0000000000
47766  -38.030  -41.262  45.862 0.0000000000
59752  -57.893  -27.516  44.771 0.0000000000
61492  -57.650  -24.079  45.563 0.0000000000
38941  -27.081  -50.237  62.386 0.0000000000
38219  -25.214  -51.424  58.940 0.0000000000
39884  -27.138  -48.969  59.625 0.0000000000
128160  -27.039  -48.095  56.660 0.0000000000
41809  -26.056  -47.600  53.659 0.0000000000
119896  -41.230  -37.221  41.984 0.0000000000
53731  -47.265  -34.333  40.719 0.0000000000
54545  -48.539  -33.558  41.705 0.0000000000
135049  -34.531  -52.756  60.269 0.0000000000
38230  -32.446  -51.861  57.548 0.0000000000
35696  -33.679  -53.472  56.350 0.0000000000
36580  -32.402  -53.514  53.306 0.0000000000
37509  -30.556  -51.975  50.097 0.0000000000
39979  -35.474  -49.316  52.755 0.0000000000
40007  -32.141  -49.676  51.179 0.0000000000
40033  -29.035  -49.567  47.895 0.0000000000
47676  -46.132  -42.241  54.289 0.0000000000
38160  -34.591  -51.371  62.473 0.0000000000
131338  -38.886  -53.500  59.385 0.0000000000
36519  -40.883  -52.784  58.086 0.0000000000
117273  -45.807  -40.075  52.367 0.0000000000
120611  -47.634  -39.194  51.222 0.0000000000
118146  -49.514  -39.299  49.692 0.0000000000
117287  -52.353  -39.754  51.521 0.0000000000
49463  -50.653  -38.964  47.577 0.0000000000
51138  -51.196  -37.713  45.972 0.0000000000
126878  -50.778  -35.398  45.422 0.0000000000
55382  -50.821  -32.779  44.327 0.0000000000
55328  -55.230  -32.712  48.907 0.0000000000
56221  -52.757  -31.744  45.236 0.0000000000
56260  -51.255  -30.710  41.539 0.0000000000
57192  -52.527  -30.567  39.962 0.0000000000
58141  -58.337  -29.640  43.235 0.0000000000
35646  -18.611  -54.810  59.056 0.0000000000
37469  -17.978  -52.670  53.637 0.0000000000
132468  -22.779  -51.031  56.062 0.0000000000
39071  -19.246  -50.744  53.503 0.0000000000
136663  -31.018  -50.600  55.707 0.0000000000
40881  -28.079  -48.605  52.565 0.0000000000
42785  -24.573  -46.524  49.214 0.0000000000
39162  -21.636  -50.445  44.223 0.0000000000
45764  -43.562  -43.092  51.170 0.0000000000
46770  -43.624  -42.492  50.587 0.0000000000
45751  -45.057  -42.910  52.083 0.0000000000
44722  -43.799  -44.590  52.711 0.0000000000
43746  -43.009  -44.941  52.346 0.0000000000
129496  -43.423  -44.324  52.153 0.0000000000
133855  -42.292  -43.453  50.617 0.0000000000
55434  -48.423  -31.896  39.986 0.0000000000
56286  -48.778  -31.438  39.255 0.0000000000
56312  -49.936  -31.479  38.008 0.0000000000
56287  -49.567  -31.107  39.427 0.0000000000
38942  -32.467  -50.116  62.209 0.0000000000
39871  -31.772  -49.759  60.738 0.0000000000
134422  -32.674  -50.677  60.607 0.0000000000
50357  -36.564  -37.831  41.721 0.0000000000
51162  -38.199  -37.531  41.895 0.0000000000
50311  -46.530  -38.540  45.750 0.0000000000
50329  -45.402  -38.107  44.847 0.0000000000
50330  -46.730  -38.194  45.078 0.0000000000
125690  -47.426  -37.591  44.139 0.0000000000
50331  -47.565  -38.065  44.948 0.0000000000
37440  -39.677  -52.799  56.719 0.0000000000
37453  -37.605  -52.603  55.796 0.0000000000
38254  -39.040  -51.898  55.576 0.0000000000
43787  -33.725  -44.776  46.915 0.0000000000
118692  -32.717  -45.459  47.801 0.0000000000
45784  -31.549  -43.874  46.247 0.0000000000
44785  -29.918  -43.890  46.099 0.0000000000
50336  -36.955  -38.826  43.149 0.0000000000
49518  -35.450  -39.181  42.547 0.0000000000
50348  -35.935  -38.505  42.205 0.0000000000
58060  -55.640  -28.706  47.518 0.0000000000
58892  -56.045  -28.145  47.111 0.0000000000
58105  -55.512  -28.632  44.760 0.0000000000
136554  -56.339  -28.198  44.840 0.0000000000
129192  -24.174  -53.587  61.026 0.0000000000
36498  -23.329  -53.417  59.753 0.0000000000
37400  -24.312  -52.660  59.620 0.0000000000
41833  -22.509  -47.467  51.223 0.0000000000
40895  -22.000  -47.949  51.726 0.0000000000
41843  -20.874  -47.681  50.054 0.0000000000
40020  -20.508  -49.091  48.888 0.0000000000
125363  -21.222  -48.495  48.057 0.0000000000
37514  -28.630  -52.265  48.742 0.0000000000
38306  -28.035  -51.838  49.010 0.0000000000
38319  -27.582  -51.739  47.491 0.0000000000
48660  -39.414  -40.663  46.433 0.0000000000
49490  -40.256  -39.525  45.809 0.0000000000
48647  -41.577  -40.435  47.733 0.0000000000
47739  -44.970  -41.101  49.682 0.0000000000
48640  -44.220  -40.297  48.357 0.0000000000
48641  -45.102  -40.184  48.550 0.0000000000
49459  -45.350  -39.419  47.368 0.0000000000
48643  -46.556  -39.815  48.911 0.0000000000
40862  -42.512  -48.685  54.724 0.0000000000
39985  -40.799  -49.002  53.318 0.0000000000
40887  -41.696  -48.003  53.273 0.0000000000
42792  -39.853  -45.928  49.952 0.0000000000
42778  -39.481  -46.895  50.356 0.0000000000
42804  -38.254  -45.962  48.828 0.0000000000
43761  -36.932  -45.779  48.140 0.0000000000
44759  -37.299  -44.723  47.238 0.0000000000
115773  -36.082  -44.267  46.270 0.0000000000
118861  -37.960  -44.188  47.403 0.0000000000
46789  -40.046  -42.214  48.181 0.0000000000
46800  -38.963  -42.117  47.153 0.0000000000
47762  -39.252  -41.387  46.864 0.0000000000
48670  -38.304  -40.485  45.521 0.0000000000
39832  -28.081  -49.447  63.498 0.0000000000
38968  -26.651  -50.115  60.795 0.0000000000
39856  -27.940  -48.873  61.605 0.0000000000
135743  -29.803  -48.508  58.323 0.0000000000
40792  -28.091  -48.256  58.724 0.0000000000
40835  -28.492  -48.062  56.948 0.0000000000
40859  -26.757  -47.765  54.948 0.0000000000
40860  -27.444  -47.757  54.354 0.0000000000
50324  -40.750  -38.316  44.214 0.0000000000
50340  -40.743  -37.913  43.498 0.0000000000
50341  -41.484  -37.854  43.621 0.0000000000
51169  -44.090  -36.983  42.293 0.0000000000
134695  -42.896  -36.811  41.609 0.0000000000
117050  -42.865  -36.281  40.670 0.0000000000
52832  -47.789  -35.913  42.311 0.0000000000
52838  -47.179  -35.503  41.575 0.0000000000
52839  -48.021  -35.277  41.904 0.0000000000
53732  -47.883  -34.008  41.141 0.0000000000
53719  -48.620  -35.042  42.387 0.0000000000
36502  -35.586  -53.376  59.537 0.0000000000
36500  -34.151  -53.052  58.963 0.0000000000
35668  -35.032  -53.543  57.828 0.0000000000
37462  -34.425  -52.675  54.599 0.0000000000
36571  -33.996  -53.076  54.672 0.0000000000
37471  -33.284  -52.737  53.582 0.0000000000
36602  -31.651  -53.202  52.015 0.0000000000
128567  -32.137  -51.876  51.863 0.0000000000
40882  -37.906  -48.736  52.275 0.0000000000
39962  -37.553  -49.683  53.258 0.0000000000
40901  -36.425  -48.455  51.787 0.0000000000
133370  -31.318  -47.167  49.001 0.0000000000
40916  -33.112  -48.338  50.761 0.0000000000
119368  -30.895  -48.503  49.641 0.0000000000
40015  -30.412  -49.849  49.584 0.0000000000
46834  -34.202  -41.976  43.974 0.0000000000
36507  -40.182  -52.988  59.181 0.0000000000
39932  -43.430  -49.716  56.936 0.0000000000
48579  -45.734  -41.295  53.736 0.0000000000
50236  -47.182  -38.597  53.082 0.0000000000
50249  -48.485  -38.873  51.901 0.0000000000
49428  -48.568  -39.335  50.154 0.0000000000
49418  -49.794  -39.305  51.343 0.0000000000
49430  -52.329  -39.410  49.976 0.0000000000
130677  -50.992  -39.265  49.206 0.0000000000
49451  -51.513  -39.000  48.059 0.0000000000
50316  -51.034  -38.183  46.250 0.0000000000
134282  -51.888  -38.289  47.137 0.0000000000
52792  -53.006  -35.222  47.515 0.0000000000
137200  -51.608  -36.169  46.374 0.0000000000
53688  -51.142  -34.586  45.793 0.0000000000
54503  -50.459  -33.772  44.621 0.0000000000
54484  -51.500  -33.583  45.684 0.0000000000
56165  -55.366  -31.571  50.073 0.0000000000
57110  -53.623  -30.683  45.274 0.0000000000
56208  -53.769  -31.710  46.532 0.0000000000
56233  -52.758  -31.212  44.469 0.0000000000
56232  -52.154  -31.793  44.545 0.0000000000
57147  -52.514  -30.680  42.922 0.0000000000
57159  -52.023  -30.428  41.377 0.0000000000
119704  -52.605  -30.330  41.949 0.0000000000
57162  -55.127  -29.781  41.048 0.0000000000
57177  -54.449  -30.374  40.450 0.0000000000
56272  -55.089  -31.117  40.061 0.0000000000
59763  -58.365  -27.824  44.056 0.0000000000
58125  -58.208  -29.008  43.629 0.0000000000
132166  -58.818  -29.553  43.192 0.0000000000
36538  -20.784  -53.199  57.195 0.0000000000
35679  -19.515  -54.229  57.513 0.0000000000
36553  -19.008  -53.198  55.905 0.0000000000
36566  -18.195  -53.172  54.799 0.0000000000
37460  -18.927  -52.220  54.735 0.0000000000
39019  -24.735  -50.850  57.285 0.0000000000
38227  -23.500  -51.325  56.888 0.0000000000
38239  -23.809  -50.732  56.331 0.0000000000
39072  -19.881  -50.198  53.328 0.0000000000
38303  -19.148  -51.462  49.552 0.0000000000
37437  -32.060  -52.463  55.937 0.0000000000
127670  -31.959  -51.380  56.969 0.0000000000
38252  -31.093  -51.642  54.948 0.0000000000
40005  -27.682  -49.462  50.365 0.0000000000
39995  -28.506  -49.777  51.773 0.0000000000
40897  -27.359  -48.435  50.953 0.0000000000
41837  -26.105  -47.202  51.042 0.0000000000
117755  -25.704  -47.421  48.773 0.0000000000
38352  -21.381  -51.179  44.698 0.0000000000
46782  -41.567  -41.877  49.070 0.0000000000
48638  -41.884  -40.894  48.361 0.0000000000
47737  -43.014  -41.461  49.352 0.0000000000
131451  -44.556  -41.557  50.049 0.0000000000
47730  -45.718  -41.118  50.706 0.0000000000
42754  -43.361  -46.364  53.917 0.0000000000
41830  -41.976  -47.274  53.015 0.0000000000
42771  -41.897  -46.157  52.099 0.0000000000
43750  -41.047  -45.302  50.776 0.0000000000
44747  -40.176  -44.425  49.487 0.0000000000
44752  -39.076  -43.945  48.311 0.0000000000
44748  -40.923  -43.863  49.872 0.0000000000
45768  -40.962  -42.996  49.470 0.0000000000
55458  -51.837  -31.980  38.260 0.0000000000
39834  -30.407  -48.895  63.317 0.0000000000
40746  -29.304  -48.541  61.612 0.0000000000
40747  -30.234  -48.773  61.497 0.0000000000
39885  -30.867  -49.203  59.425 0.0000000000
40814  -30.384  -48.891  58.079 0.0000000000
119176  -44.055  -38.294  45.146 0.0000000000
50343  -43.268  -37.798  44.000 0.0000000000
50328  -44.583  -37.989  44.614 0.0000000000
134376  -44.654  -37.526  43.572 0.0000000000
124578  -44.880  -37.025  42.635 0.0000000000
52005  -45.490  -36.171  41.699 0.0000000000
51996  -46.242  -36.681  42.610 0.0000000000
51989  -47.699  -36.578  42.975 0.0000000000
51990  -48.564  -36.728  43.416 0.0000000000
35686  -37.616  -53.668  57.593 0.0000000000
128202  -36.054  -53.582  56.847 0.0000000000
36544  -37.434  -53.387  56.662 0.0000000000
37452  -36.699  -52.679  55.650 0.0000000000
38267  -35.881  -51.694  54.698 0.0000000000
41864  -36.153  -47.186  49.800 0.0000000000
41849  -35.407  -47.565  50.355 0.0000000000
41881  -34.367  -46.980  49.387 0.0000000000
42799  -32.497  -46.367  48.667 0.0000000000
42813  -30.659  -46.274  48.108 0.0000000000
43782  -28.839  -45.569  46.738 0.0000000000
44766  -29.027  -44.859  46.408 0.0000000000
48682  -35.272  -40.502  43.471 0.0000000000
126912  -34.910  -39.867  42.800 0.0000000000
51100  -54.211  -38.252  49.685 0.0000000000
51123  -53.549  -37.525  48.405 0.0000000000
51111  -54.623  -37.136  49.461 0.0000000000
52770  -54.509  -35.819  48.737 0.0000000000
53646  -54.238  -34.383  48.149 0.0000000000
58022  -55.252  -28.766  50.609 0.0000000000
57056  -55.417  -29.743  49.133 0.0000000000
58046  -55.520  -29.164  48.440 0.0000000000
119710  -54.790  -29.547  46.220 0.0000000000
57128  -54.030  -29.986  44.592 0.0000000000
123954  -53.595  -29.995  42.867 0.0000000000
58122  -54.816  -29.248  43.226 0.0000000000
58140  -55.600  -29.060  42.768 0.0000000000
57149  -56.628  -29.774  42.065 0.0000000000
115486  -58.988  -27.108  42.230 0.0000000000
58142  -59.306  -29.464  42.569 0.0000000000
58967  -59.449  -29.061  41.550 0.0000000000
35628  -21.893  -54.630  61.023 0.0000000000
124973  -20.894  -54.693  59.688 0.0000000000
35650  -22.180  -54.159  59.827 0.0000000000
36526  -21.951  -53.173  58.142 0.0000000000
37420  -21.600  -52.841  57.472 0.0000000000
39946  -24.432  -49.211  54.666 0.0000000000
39056  -23.197  -50.055  54.841 0.0000000000
40865  -22.784  -48.915  53.186 0.0000000000
40874  -20.668  -48.628  51.861 0.0000000000
40002  -19.306  -49.368  50.763 0.0000000000
39115  -19.543  -50.002  49.586 0.0000000000
124078  -20.111  -49.475  49.287 0.0000000000
36579  -30.811  -53.422  52.837 0.0000000000
38277  -30.133  -52.117  52.885 0.0000000000
125268  -29.353  -52.149  51.422 0.0000000000
39119  -27.833  -51.095  49.327 0.0000000000
40023  -26.375  -49.757  47.686 0.0000000000
126606  -38.036  -39.068  43.883 0.0000000000
50338  -38.661  -38.550  43.538 0.0000000000
49503  -39.344  -39.116  44.654 0.0000000000
130589  -40.826  -39.092  45.565 0.0000000000
49492  -42.472  -38.713  45.745 0.0000000000
131281  -42.412  -40.358  47.991 0.0000000000
49472  -42.765  -39.460  46.993 0.0000000000
123846  -43.202  -38.949  46.337 0.0000000000
49474  -45.143  -39.076  46.719 0.0000000000
118396  -46.402  -39.035  46.932 0.0000000000
49476  -47.087  -38.940  46.909 0.0000000000
38273  -41.199  -51.098  55.558 0.0000000000
39063  -39.949  -50.707  54.653 0.0000000000
39965  -40.492  -49.671  53.810 0.0000000000
39983  -39.555  -49.039  52.831 0.0000000000
40903  -38.316  -48.247  51.667 0.0000000000
41840  -40.265  -47.564  51.560 0.0000000000
41853  -39.170  -47.343  50.665 0.0000000000
133848  -37.273  -47.246  50.056 0.0000000000
42802  -36.445  -46.246  48.608 0.0000000000
43771  -35.205  -45.591  47.772 0.0000000000
44769  -33.859  -44.127  46.155 0.0000000000
45811  -32.903  -42.838  45.049 0.0000000000
45797  -34.931  -43.551  45.436 0.0000000000
45798  -35.580  -43.368  45.454 0.0000000000
46822  -36.000  -42.080  44.881 0.0000000000
45776  -38.395  -43.371  47.346 0.0000000000
46808  -37.232  -42.379  45.942 0.0000000000
47764  -36.551  -41.732  45.126 0.0000000000
48669  -37.561  -40.797  45.257 0.0000000000
48676  -37.903  -40.151  44.974 0.0000000000
59743  -57.403  -27.256  45.541 0.0000000000
60643  -57.478  -25.563  46.452 0.0000000000
60648  -57.798  -25.935  45.295 0.0000000000
60659  -58.427  -26.342  43.700 0.0000000000
61510  -58.593  -25.710  42.894 0.0000000000
114981  -58.625  -25.571  41.948 0.0000000000
38174  -26.161  -51.743  61.779 0.0000000000
124064  -25.276  -52.197  60.311 0.0000000000
38953  -26.260  -51.054  61.022 0.0000000000
38986  -26.285  -50.306  59.653 0.0000000000
39021  -25.978  -50.026  58.029 0.0000000000
40773  -28.652  -48.328  60.018 0.0000000000
40790  -26.924  -48.655  57.970 0.0000000000
39929  -25.643  -49.323  56.541 0.0000000000
39947  -25.188  -48.750  54.973 0.0000000000
40867  -24.617  -48.178  53.407 0.0000000000
41834  -23.909  -47.229  51.457 0.0000000000
50350  -39.223  -37.909  42.924 0.0000000000
51180  -39.574  -37.175  41.574 0.0000000000
51167  -42.682  -37.330  42.526 0.0000000000
54555  -48.080  -33.159  40.915 0.0000000000
55419  -48.647  -32.645  41.284 0.0000000000
38191  -33.708  -51.890  60.876 0.0000000000
116731  -33.138  -51.595  59.802 0.0000000000
37403  -33.828  -52.567  59.499 0.0000000000
37426  -33.275  -52.855  57.634 0.0000000000
36556  -32.608  -53.349  55.352 0.0000000000
35697  -34.243  -53.542  56.189 0.0000000000
114730  -32.868  -53.531  54.803 0.0000000000
116403  -32.019  -53.669  54.053 0.0000000000
131987  -30.828  -53.537  51.913 0.0000000000
36614  -30.610  -53.051  50.904 0.0000000000
37516  -29.664  -51.813  49.062 0.0000000000
39061  -38.337  -50.760  54.393 0.0000000000
39077  -35.958  -50.277  53.698 0.0000000000
39075  -34.528  -50.707  53.467 0.0000000000
40899  -34.690  -48.234  51.352 0.0000000000
122156  -33.718  -49.557  52.288 0.0000000000
39091  -33.091  -50.480  52.388 0.0000000000
39110  -31.621  -50.478  50.933 0.0000000000
39120  -30.177  -50.566  49.395 0.0000000000
47772  -31.827  -41.935  44.034 0.0000000000
44708  -45.682  -44.150  53.925 0.0000000000
121057  -46.198  -43.393  53.906 0.0000000000
35619  -23.344  -54.478  62.122 0.0000000000
117795  -26.241  -52.231  63.207 0.0000000000
38146  -27.022  -51.030  63.737 0.0000000000
38922  -27.628  -50.263  64.166 0.0000000000
115936  -31.059  -49.205  64.018 0.0000000000
38931  -32.298  -49.833  63.168 0.0000000000
38944  -32.996  -50.205  63.305 0.0000000000
125850  -33.815  -51.305  62.195 0.0000000000
37372  -34.795  -52.392  61.400 0.0000000000
36473  -35.249  -52.845  60.817 0.0000000000
36488  -36.171  -53.398  60.006 0.0000000000
36490  -37.553  -53.263  60.417 0.0000000000
35654  -37.476  -53.703  59.049 0.0000000000
35688  -38.689  -53.653  58.250 0.0000000000
36532  -40.210  -53.178  57.846 0.0000000000
37442  -41.230  -52.283  57.304 0.0000000000
129850  -41.882  -51.558  56.817 0.0000000000
128329  -42.437  -50.506  56.104 0.0000000000
39951  -42.870  -49.049  55.481 0.0000000000
43731  -45.237  -44.704  54.291 0.0000000000
116814  -45.917  -42.412  53.086 0.0000000000
47708  -45.771  -41.649  52.417 0.0000000000
47731  -45.998  -40.751  50.842 0.0000000000
50220  -46.414  -38.645  53.884 0.0000000000
49400  -46.464  -39.277  52.164 0.0000000000
48626  -46.498  -40.186  50.305 0.0000000000
48634  -47.097  -39.769  49.773 0.0000000000
49448  -48.179  -39.357  48.733 0.0000000000
122434  -48.721  -39.263  48.003 0.0000000000
117551  -50.686  -39.377  49.866 0.0000000000
49462  -49.793  -39.179  47.957 0.0000000000
49477  -49.158  -38.734  46.505 0.0000000000
50314  -49.549  -38.355  45.793 0.0000000000
51136  -50.033  -37.859  45.316 0.0000000000
51986  -49.933  -36.629  44.296 0.0000000000
51973  -51.946  -37.479  46.704 0.0000000000
52817  -50.848  -36.222  45.421 0.0000000000
52829  -49.912  -35.752  44.078 0.0000000000
53715  -49.687  -34.883  43.714 0.0000000000
55394  -49.800  -32.913  43.112 0.0000000000
55406  -49.528  -32.467  42.360 0.0000000000
54441  -55.138  -33.495  48.761 0.0000000000
55342  -54.032  -33.023  47.496 0.0000000000
56193  -54.768  -31.433  47.956 0.0000000000
55355  -53.612  -32.500  46.814 0.0000000000
55354  -52.963  -32.843  46.404 0.0000000000
55383  -51.582  -32.422  44.739 0.0000000000
56240  -50.904  -31.735  43.170 0.0000000000
56259  -50.482  -31.058  41.462 0.0000000000
57190  -50.983  -30.614  40.268 0.0000000000
57191  -51.730  -30.532  40.061 0.0000000000
56306  -52.338  -31.581  38.870 0.0000000000
57176  -53.479  -30.093  40.753 0.0000000000
57193  -53.464  -30.666  39.987 0.0000000000
55460  -53.413  -32.801  38.729 0.0000000000
123386  -57.112  -28.113  44.552 0.0000000000
58124  -57.477  -29.189  43.278 0.0000000000
120705  -57.245  -30.475  41.968 0.0000000000
57152  -59.136  -30.351  42.755 0.0000000000
57164  -58.395  -30.972  42.511 0.0000000000
56274  -57.182  -31.864  41.072 0.0000000000
35664  -19.657  -54.551  58.118 0.0000000000
37423  -23.982  -52.129  58.364 0.0000000000
38238  -22.683  -51.730  56.921 0.0000000000
37448  -20.940  -51.794  55.914 0.0000000000
123190  -21.716  -50.529  54.732 0.0000000000
136987  -20.625  -50.989  54.756 0.0000000000
38250  -19.553  -51.840  54.947 0.0000000000
38261  -18.511  -52.038  53.946 0.0000000000
136788  -32.357  -51.038  58.584 0.0000000000
39022  -31.184  -50.053  56.930 0.0000000000
39931  -30.050  -49.084  56.137 0.0000000000
119605  -29.791  -50.660  53.332 0.0000000000
39948  -29.552  -49.828  53.831 0.0000000000
40861  -28.316  -48.230  53.987 0.0000000000
40879  -26.839  -47.556  52.486 0.0000000000
41836  -25.434  -47.023  51.387 0.0000000000
42794  -22.945  -46.357  48.923 0.0000000000
40041  -25.666  -50.269  46.108 0.0000000000
118571  -24.675  -48.706  45.745 0.0000000000
41916  -23.951  -47.757  45.942 0.0000000000
41924  -23.078  -47.635  45.846 0.0000000000
40963  -21.783  -48.184  46.639 0.0000000000
40953  -21.529  -48.041  47.551 0.0000000000
45750  -44.384  -43.205  51.786 0.0000000000
44723  -44.599  -44.192  53.000 0.0000000000
44734  -44.118  -43.921  52.336 0.0000000000
45749  -43.489  -43.738  51.694 0.0000000000
133190  -49.025  -31.411  39.947 0.0000000000
56270  -49.610  -31.166  40.298 0.0000000000
38956  -32.996  -50.693  61.759 0.0000000000
38955  -32.490  -50.325  61.172 0.0000000000
128731  -32.967  -50.938  60.922 0.0000000000
50358  -37.436  -37.903  42.205 0.0000000000
116393  -47.227  -38.407  45.547 0.0000000000
50312  -47.947  -38.431  45.681 0.0000000000
125435  -40.101  -52.354  56.362 0.0000000000
37455  -39.355  -52.413  56.150 0.0000000000
38255  -40.031  -51.820  55.758 0.0000000000
119407  -33.108  -44.407  46.573 0.0000000000
44768  -32.262  -44.287  46.589 0.0000000000
50349  -36.754  -38.392  42.500 0.0000000000
58909  -56.304  -27.923  46.342 0.0000000000
121970  -56.030  -28.204  45.483 0.0000000000
58910  -56.943  -27.261  46.470 0.0000000000
36485  -24.770  -53.187  61.091 0.0000000000
36484  -24.276  -53.278  60.584 0.0000000000
37385  -25.142  -52.650  60.825 0.0000000000
41832  -21.644  -47.586  50.982 0.0000000000
41857  -21.369  -47.364  49.579 0.0000000000
120517  -21.091  -47.714  48.944 0.0000000000
37524  -28.393  -52.020  48.081 0.0000000000
37523  -28.064  -52.096  48.105 0.0000000000
38330  -27.750  -51.700  47.188 0.0000000000
47763  -39.912  -40.945  47.162 0.0000000000
48646  -40.729  -40.602  47.460 0.0000000000
47740  -45.681  -40.857  49.985 0.0000000000
47748  -45.421  -40.536  49.265 0.0000000000
48642  -45.891  -40.011  48.762 0.0000000000
48632  -46.098  -40.306  49.509 0.0000000000
40871  -42.116  -48.350  53.950 0.0000000000
43756  -39.406  -45.641  49.476 0.0000000000
43755  -38.875  -45.955  49.299 0.0000000000
43763  -38.847  -45.315  48.837 0.0000000000
130294  -38.243  -45.352  48.328 0.0000000000
43774  -37.861  -45.039  47.765 0.0000000000
47744  -40.847  -41.809  48.599 0.0000000000
47751  -39.634  -41.757  47.506 0.0000000000
39846  -28.075  -49.108  62.479 0.0000000000
40745  -28.608  -48.676  62.099 0.0000000000
40813  -29.721  -48.496  57.751 0.0000000000
127553  -29.005  -48.227  57.615 0.0000000000
116142  -28.200  -47.995  56.090 0.0000000000
40851  -28.699  -48.202  55.338 0.0000000000
50325  -41.707  -38.211  44.376 0.0000000000
50326  -42.569  -38.137  44.526 0.0000000000
52004  -43.950  -36.560  41.599 0.0000000000
52003  -43.204  -36.581  41.329 0.0000000000
51997  -48.437  -36.167  42.858 0.0000000000
52833  -48.379  -35.630  42.466 0.0000000000
36516  -35.309  -53.458  58.666 0.0000000000
35669  -35.822  -53.614  58.054 0.0000000000
37472  -34.042  -52.367  54.040 0.0000000000
37480  -32.902  -52.411  52.988 0.0000000000
38286  -33.198  -51.403  52.856 0.0000000000
40902  -37.363  -48.258  51.560 0.0000000000
39998  -37.062  -48.731  52.174 0.0000000000
42797  -30.682  -47.010  48.609 0.0000000000
41859  -31.611  -47.797  49.599 0.0000000000
40946  -30.606  -47.922  49.138 0.0000000000
132509  -29.902  -48.487  48.779 0.0000000000
41901  -29.469  -47.566  48.097 0.0000000000
46835  -34.889  -41.883  44.131 0.0000000000
132854  -34.522  -41.434  43.602 0.0000000000
50250  -49.309  -39.076  51.841 0.0000000000
50268  -53.877  -38.827  49.998 0.0000000000
49432  -53.453  -39.252  51.010 0.0000000000
50267  -53.194  -38.980  49.296 0.0000000000
49452  -52.547  -39.191  49.285 0.0000000000
134735  -52.617  -38.979  48.783 0.0000000000
50284  -51.786  -38.657  47.523 0.0000000000
50295  -52.474  -38.368  47.790 0.0000000000
53644  -53.069  -34.358  47.296 0.0000000000
53666  -52.386  -34.620  46.889 0.0000000000
54465  -51.905  -34.051  46.334 0.0000000000
58013  -54.539  -29.322  50.990 0.0000000000
57029  -54.824  -29.872  50.988 0.0000000000
126485  -55.025  -30.900  50.641 0.0000000000
57127  -53.334  -30.656  44.463 0.0000000000
57126  -52.937  -30.728  43.744 0.0000000000
57178  -55.596  -30.514  40.663 0.0000000000
56273  -56.059  -31.378  40.477 0.0000000000
129222  -58.517  -27.178  43.689 0.0000000000
58940  -58.558  -28.629  43.583 0.0000000000
34780  -20.915  -54.862  61.020 0.0000000000
37434  -20.472  -52.741  56.515 0.0000000000
36537  -20.046  -53.454  56.883 0.0000000000
36554  -19.719  -53.008  56.256 0.0000000000
36567  -18.661  -52.891  55.164 0.0000000000
37446  -19.427  -52.481  55.487 0.0000000000
39028  -24.552  -50.499  56.577 0.0000000000
39041  -24.260  -50.157  55.871 0.0000000000
38296  -18.403  -51.350  50.041 0.0000000000
37450  -31.756  -52.727  55.232 0.0000000000
38253  -31.552  -52.033  55.437 0.0000000000
37449  -31.332  -52.385  54.779 0.0000000000
40928  -26.817  -48.866  49.199 0.0000000000
40004  -27.122  -48.677  50.048 0.0000000000
40927  -26.344  -48.089  49.024 0.0000000000
134249  -26.648  -48.107  49.742 0.0000000000
41899  -25.347  -47.512  47.800 0.0000000000
46776  -41.726  -42.511  49.602 0.0000000000
46783  -42.222  -41.890  49.400 0.0000000000
46777  -42.737  -42.298  49.976 0.0000000000
46771  -44.606  -42.071  50.673 0.0000000000
47729  -45.203  -41.423  50.389 0.0000000000
42762  -43.001  -46.067  53.238 0.0000000000
43751  -41.764  -44.863  51.220 0.0000000000
43745  -42.237  -45.325  51.881 0.0000000000
44741  -40.629  -44.830  50.133 0.0000000000
45770  -42.098  -42.992  50.200 0.0000000000
45769  -41.460  -43.192  49.916 0.0000000000
126379  -41.096  -42.356  49.144 0.0000000000
56301  -48.323  -31.596  37.816 0.0000000000
55457  -50.893  -31.649  38.136 0.0000000000
39847  -30.983  -49.131  62.282 0.0000000000
39886  -31.620  -49.838  59.804 0.0000000000
39870  -30.964  -49.267  60.332 0.0000000000
127996  -30.824  -49.211  58.622 0.0000000000
117761  -38.245  -37.121  41.166 0.0000000000
132948  -44.463  -38.482  45.552 0.0000000000
122825  -43.877  -37.968  44.481 0.0000000000
51145  -46.092  -37.871  44.469 0.0000000000
50345  -45.108  -37.676  44.062 0.0000000000
132745  -45.059  -37.367  43.303 0.0000000000
51170  -45.648  -37.069  42.939 0.0000000000
51995  -45.512  -36.629  42.319 0.0000000000
51171  -46.402  -37.108  43.228 0.0000000000
51172  -47.189  -37.141  43.445 0.0000000000
51159  -48.015  -37.194  43.694 0.0000000000
51160  -48.799  -37.256  44.045 0.0000000000
36530  -38.285  -53.561  57.387 0.0000000000
35699  -36.989  -53.613  57.126 0.0000000000
37465  -37.237  -52.089  55.326 0.0000000000
37464  -36.290  -52.202  55.207 0.0000000000
41882  -34.962  -46.626  48.928 0.0000000000
41863  -35.220  -47.109  49.570 0.0000000000
42801  -34.115  -46.509  48.810 0.0000000000
43768  -32.041  -45.276  47.645 0.0000000000
42816  -33.017  -45.891  48.245 0.0000000000
42815  -32.185  -45.821  48.205 0.0000000000
42798  -31.540  -46.449  48.543 0.0000000000
43766  -30.569  -45.561  47.551 0.0000000000
43783  -29.670  -45.340  47.076 0.0000000000
43784  -30.555  -44.789  47.001 0.0000000000
49509  -35.747  -39.647  43.184 0.0000000000
51090  -54.552  -37.496  50.487 0.0000000000
51101  -54.585  -37.670  49.864 0.0000000000
135136  -55.429  -35.295  49.925 0.0000000000
51949  -54.899  -36.367  49.474 0.0000000000
118213  -55.206  -35.410  49.457 0.0000000000
53645  -53.937  -35.156  48.178 0.0000000000
131897  -55.256  -34.678  49.192 0.0000000000
59715  -55.757  -26.826  49.647 0.0000000000
60606  -55.424  -26.784  49.645 0.0000000000
58870  -55.684  -27.606  49.895 0.0000000000
122695  -55.625  -28.656  49.800 0.0000000000
58080  -55.466  -28.709  46.133 0.0000000000
135327  -55.190  -29.172  46.715 0.0000000000
57111  -54.225  -30.142  45.659 0.0000000000
57139  -54.237  -29.668  43.718 0.0000000000
58104  -54.762  -29.266  44.172 0.0000000000
58923  -56.330  -28.412  44.101 0.0000000000
58123  -55.530  -28.794  43.647 0.0000000000
58149  -55.631  -29.461  41.880 0.0000000000
58150  -56.546  -29.269  42.629 0.0000000000
59780  -59.042  -27.375  41.414 0.0000000000
58966  -59.286  -28.202  41.344 0.0000000000
124714  -22.841  -54.409  61.294 0.0000000000
35639  -22.472  -54.281  60.510 0.0000000000
35651  -22.881  -53.884  60.136 0.0000000000
36513  -23.062  -53.184  59.068 0.0000000000
36512  -22.280  -53.478  58.801 0.0000000000
37421  -22.544  -52.400  57.635 0.0000000000
39960  -24.137  -48.903  53.937 0.0000000000
39959  -23.430  -49.156  53.751 0.0000000000
40894  -21.159  -48.074  51.440 0.0000000000
40875  -21.544  -48.481  52.189 0.0000000000
39993  -19.878  -48.903  51.329 0.0000000000
40003  -19.879  -48.737  50.431 0.0000000000
40011  -19.570  -49.310  49.939 0.0000000000
39128  -21.091  -50.208  48.282 0.0000000000
39127  -20.662  -49.861  48.710 0.0000000000
36589  -30.433  -53.374  51.900 0.0000000000
117980  -29.843  -52.891  51.562 0.0000000000
37484  -29.430  -52.697  50.799 0.0000000000
39130  -27.577  -51.425  48.485 0.0000000000
38297  -28.294  -51.557  49.771 0.0000000000
39129  -27.092  -50.922  48.040 0.0000000000
39118  -27.389  -50.532  48.930 0.0000000000
121775  -26.662  -50.557  47.630 0.0000000000
49502  -38.643  -39.713  45.032 0.0000000000
49512  -38.634  -39.133  44.261 0.0000000000
49489  -39.525  -39.576  45.385 0.0000000000
49491  -41.557  -38.907  45.731 0.0000000000
114384  -42.034  -39.290  46.521 0.0000000000
48639  -42.705  -40.860  48.631 0.0000000000
48649  -43.903  -39.840  47.718 0.0000000000
48648  -42.985  -39.834  47.596 0.0000000000
49457  -43.597  -39.410  47.064 0.0000000000
49473  -44.239  -39.000  46.530 0.0000000000
49460  -46.339  -39.597  48.140 0.0000000000
114429  -46.073  -39.366  47.477 0.0000000000
125723  -46.748  -39.240  47.517 0.0000000000
39064  -41.268  -50.476  55.012 0.0000000000
39081  -40.526  -50.336  54.493 0.0000000000
39082  -41.033  -49.936  54.348 0.0000000000
40885  -40.287  -48.619  52.657 0.0000000000
39984  -40.186  -49.181  53.209 0.0000000000
124713  -39.653  -48.549  52.322 0.0000000000
40884  -39.169  -48.692  52.372 0.0000000000
40904  -39.185  -48.262  51.830 0.0000000000
42760  -41.584  -46.928  52.336 0.0000000000
41841  -40.938  -47.302  51.893 0.0000000000
42769  -40.517  -46.906  51.220 0.0000000000
41866  -38.871  -46.941  50.026 0.0000000000
41852  -38.279  -47.373  50.440 0.0000000000
42788  -36.771  -46.717  49.292 0.0000000000
42789  -37.518  -46.715  49.403 0.0000000000
43772  -36.615  -45.444  47.665 0.0000000000
42819  -36.132  -45.758  47.996 0.0000000000
43789  -35.289  -44.981  47.045 0.0000000000
44770  -34.591  -44.605  46.617 0.0000000000
44771  -35.392  -44.461  46.398 0.0000000000
44786  -34.780  -44.095  45.956 0.0000000000
45787  -36.655  -43.895  46.308 0.0000000000
44788  -36.101  -43.695  45.849 0.0000000000
124164  -36.128  -43.148  45.553 0.0000000000
46806  -35.773  -42.753  45.159 0.0000000000
45799  -36.589  -43.266  45.944 0.0000000000
44760  -38.582  -43.890  47.812 0.0000000000
45777  -38.983  -43.291  47.838 0.0000000000
47761  -38.575  -41.643  46.499 0.0000000000
46799  -38.285  -42.618  46.802 0.0000000000
46809  -37.817  -42.062  46.180 0.0000000000
47765  -37.221  -41.677  45.563 0.0000000000
47775  -36.862  -41.091  44.920 0.0000000000
49501  -37.919  -39.606  44.429 0.0000000000
122440  -57.634  -25.031  45.815 0.0000000000
122673  -57.856  -25.171  45.108 0.0000000000
60649  -58.118  -25.831  44.466 0.0000000000
61493  -58.074  -24.868  44.478 0.0000000000
115485  -58.374  -24.615  43.530 0.0000000000
114365  -58.559  -24.855  42.569 0.0000000000
129111  -58.789  -26.328  42.253 0.0000000000
38940  -26.596  -51.014  62.012 0.0000000000
125797  -27.224  -49.307  61.006 0.0000000000
39869  -26.793  -49.619  60.122 0.0000000000
39006  -26.115  -50.158  58.850 0.0000000000
39883  -26.654  -49.488  59.255 0.0000000000
40758  -29.717  -48.558  60.809 0.0000000000
40757  -28.905  -48.414  60.787 0.0000000000
40811  -27.496  -48.166  57.380 0.0000000000
116042  -27.583  -48.327  58.169 0.0000000000
40810  -26.670  -48.576  57.232 0.0000000000
39930  -26.133  -49.107  57.060 0.0000000000
40833  -26.340  -48.579  56.572 0.0000000000
39936  -25.353  -49.046  55.757 0.0000000000
40832  -25.968  -48.595  56.034 0.0000000000
41810  -26.598  -47.656  54.191 0.0000000000
40858  -25.834  -47.957  54.467 0.0000000000
41817  -25.400  -47.643  53.116 0.0000000000
41826  -24.416  -47.480  52.114 0.0000000000
41827  -25.325  -47.333  52.222 0.0000000000
50339  -39.549  -38.300  43.578 0.0000000000
51153  -41.190  -37.570  42.824 0.0000000000
51164  -39.821  -37.492  42.308 0.0000000000
117115  -40.449  -37.151  41.712 0.0000000000
51156  -43.625  -37.554  43.332 0.0000000000
51155  -42.921  -37.560  43.196 0.0000000000
52002  -42.517  -36.696  41.255 0.0000000000
52006  -46.093  -36.306  42.088 0.0000000000
52837  -46.292  -35.840  41.613 0.0000000000
52846  -47.031  -34.938  40.965 0.0000000000
53745  -46.917  -33.865  40.127 0.0000000000
54546  -48.988  -32.835  41.925 0.0000000000
37388  -34.106  -52.451  60.368 0.0000000000
37387  -33.553  -52.036  60.050 0.0000000000
36528  -34.321  -53.422  57.521 0.0000000000
36514  -33.917  -53.133  58.033 0.0000000000
128790  -33.602  -53.285  57.045 0.0000000000
36527  -32.940  -52.998  56.796 0.0000000000
36541  -33.107  -53.318  56.193 0.0000000000
36542  -35.671  -53.407  56.186 0.0000000000
35698  -35.163  -53.550  56.543 0.0000000000
35711  -34.773  -53.406  55.834 0.0000000000
36570  -33.306  -53.323  54.237 0.0000000000
35719  -33.638  -53.324  54.791 0.0000000000
35718  -33.060  -53.511  54.436 0.0000000000
35708  -32.297  -53.523  54.537 0.0000000000
35726  -32.122  -53.680  53.522 0.0000000000
35733  -31.542  -53.712  52.952 0.0000000000
35734  -31.920  -53.684  52.942 0.0000000000
37485  -31.293  -52.885  51.334 0.0000000000
37494  -30.286  -52.699  50.217 0.0000000000
114160  -29.550  -52.365  49.279 0.0000000000
37508  -30.031  -52.270  49.606 0.0000000000
39062  -39.225  -50.719  54.508 0.0000000000
39078  -37.952  -50.220  53.764 0.0000000000
125480  -36.677  -49.643  53.208 0.0000000000
134390  -37.014  -50.248  53.759 0.0000000000
39094  -35.902  -49.612  53.132 0.0000000000
39093  -35.069  -49.975  53.285 0.0000000000
41862  -34.552  -47.423  49.997 0.0000000000
135397  -35.120  -47.844  50.890 0.0000000000
41848  -33.861  -47.751  50.387 0.0000000000
40915  -32.190  -48.895  50.747 0.0000000000
40898  -33.595  -48.787  51.542 0.0000000000
40008  -32.745  -49.054  51.232 0.0000000000
39996  -32.805  -49.766  51.780 0.0000000000
39101  -32.139  -50.501  51.468 0.0000000000
40006  -31.548  -49.639  50.620 0.0000000000
40024  -29.604  -49.332  48.602 0.0000000000
40025  -29.895  -50.025  49.052 0.0000000000
39131  -29.359  -50.426  48.304 0.0000000000
40032  -28.480  -49.934  47.217 0.0000000000
136099  -33.594  -42.836  44.867 0.0000000000
46818  -32.377  -42.380  44.566 0.0000000000
119358  -33.188  -42.413  44.432 0.0000000000
34754  -23.045  -54.807  62.985 0.0000000000
38145  -26.612  -51.931  64.155 0.0000000000
39817  -30.395  -48.969  64.377 0.0000000000
124750  -34.036  -51.250  62.483 0.0000000000
37356  -34.306  -51.767  61.941 0.0000000000
36474  -36.059  -53.116  60.826 0.0000000000
36491  -38.335  -52.908  60.495 0.0000000000
36476  -37.712  -52.725  61.032 0.0000000000
36505  -38.231  -53.414  59.874 0.0000000000
36504  -37.493  -53.554  59.730 0.0000000000
35655  -38.171  -53.666  59.222 0.0000000000
35671  -38.132  -53.725  58.587 0.0000000000
35656  -38.818  -53.664  58.764 0.0000000000
36518  -40.230  -53.169  58.477 0.0000000000
37427  -40.761  -52.726  57.534 0.0000000000
37428  -41.394  -52.273  57.761 0.0000000000
38244  -42.349  -51.267  57.115 0.0000000000
38258  -42.169  -51.120  56.460 0.0000000000
116222  -42.679  -50.738  56.816 0.0000000000
39940  -43.189  -49.406  56.224 0.0000000000
40853  -43.402  -48.603  55.914 0.0000000000
44707  -44.974  -44.460  53.667 0.0000000000
46730  -46.247  -42.875  53.878 0.0000000000
45728  -46.032  -43.039  53.338 0.0000000000
121872  -45.732  -41.084  52.767 0.0000000000
47718  -45.826  -41.042  51.503 0.0000000000
48609  -45.838  -40.749  51.896 0.0000000000
49401  -47.443  -38.861  52.014 0.0000000000
49416  -46.732  -39.484  51.421 0.0000000000
48620  -46.857  -39.690  50.841 0.0000000000
48627  -46.964  -39.778  50.338 0.0000000000
49427  -47.707  -39.411  50.541 0.0000000000
49439  -48.450  -39.366  49.387 0.0000000000
49449  -49.134  -39.293  48.726 0.0000000000
49405  -52.645  -39.707  52.428 0.0000000000
49419  -50.852  -39.707  51.760 0.0000000000
116293  -51.428  -39.654  50.963 0.0000000000
49450  -50.804  -39.136  48.424 0.0000000000
49478  -49.906  -38.930  47.057 0.0000000000
50293  -49.960  -38.631  46.410 0.0000000000
50315  -50.367  -38.267  46.011 0.0000000000
51137  -50.714  -37.784  45.618 0.0000000000
51150  -50.341  -37.266  44.978 0.0000000000
51966  -53.235  -36.967  47.929 0.0000000000
51965  -52.473  -37.219  47.248 0.0000000000
52805  -51.282  -35.658  46.058 0.0000000000
127100  -51.327  -36.578  46.009 0.0000000000
52816  -50.395  -35.723  44.783 0.0000000000
135293  -50.192  -36.209  44.483 0.0000000000
122835  -50.099  -34.974  44.357 0.0000000000
54521  -50.142  -33.332  43.860 0.0000000000
55395  -50.532  -32.417  43.546 0.0000000000
55329  -55.401  -32.456  49.763 0.0000000000
118615  -55.447  -33.325  49.519 0.0000000000
54453  -54.483  -33.637  48.103 0.0000000000
55343  -54.728  -32.889  48.140 0.0000000000
57055  -55.103  -30.663  48.580 0.0000000000
56222  -53.380  -31.375  45.712 0.0000000000
55368  -53.176  -32.106  46.059 0.0000000000
55367  -52.533  -32.481  45.705 0.0000000000
55384  -52.190  -32.247  45.112 0.0000000000
56250  -51.629  -31.268  43.068 0.0000000000
55396  -51.386  -31.912  43.910 0.0000000000
132470  -50.884  -31.293  42.344 0.0000000000
56271  -50.309  -30.869  40.660 0.0000000000
124629  -52.232  -30.379  40.620 0.0000000000
56288  -52.003  -30.883  39.404 0.0000000000
58138  -53.968  -29.682  42.109 0.0000000000
57161  -54.152  -29.745  41.190 0.0000000000
57194  -54.276  -31.058  39.831 0.0000000000
56290  -53.721  -31.500  39.477 0.0000000000
55448  -53.170  -31.948  38.986 0.0000000000
58924  -57.534  -27.730  44.842 0.0000000000
57150  -57.719  -29.965  42.778 0.0000000000
58151  -59.492  -29.951  41.947 0.0000000000
56262  -58.755  -31.939  42.285 0.0000000000
56261  -57.842  -31.463  41.953 0.0000000000
35666  -21.131  -54.259  58.848 0.0000000000
121024  -20.889  -54.527  59.150 0.0000000000
35665  -20.395  -54.506  58.595 0.0000000000
35695  -19.103  -53.942  56.907 0.0000000000
36551  -17.670  -53.528  55.279 0.0000000000
36578  -17.848  -53.157  54.215 0.0000000000
121920  -17.856  -53.380  54.805 0.0000000000
36577  -17.398  -53.169  53.373 0.0000000000
38206  -25.504  -51.600  59.778 0.0000000000
37401  -24.846  -52.124  59.497 0.0000000000
37412  -24.553  -51.800  58.591 0.0000000000
130978  -23.263  -51.837  57.433 0.0000000000
38237  -21.917  -51.694  56.424 0.0000000000
127927  -21.820  -51.254  55.760 0.0000000000
39944  -22.739  -49.623  54.054 0.0000000000
39055  -22.403  -50.272  54.701 0.0000000000
39943  -21.681  -50.021  54.072 0.0000000000
39054  -21.020  -50.541  54.457 0.0000000000
39053  -20.117  -50.743  54.136 0.0000000000
38263  -20.061  -51.358  54.781 0.0000000000
38262  -19.273  -51.433  54.254 0.0000000000
38276  -18.673  -51.323  53.512 0.0000000000
38304  -20.947  -51.316  49.326 0.0000000000
126043  -19.842  -50.830  49.373 0.0000000000
37402  -33.242  -52.025  59.095 0.0000000000
38208  -32.735  -51.336  59.218 0.0000000000
38221  -32.649  -51.641  58.391 0.0000000000
39031  -31.419  -50.813  56.389 0.0000000000
39023  -31.663  -50.613  57.345 0.0000000000
39030  -30.832  -49.952  56.222 0.0000000000
39042  -30.440  -49.976  55.374 0.0000000000
38283  -29.287  -51.274  52.035 0.0000000000
38265  -30.314  -51.503  53.589 0.0000000000
129960  -29.448  -50.717  52.709 0.0000000000
39977  -28.217  -49.009  52.049 0.0000000000
116407  -28.625  -49.328  52.635 0.0000000000
39961  -28.873  -49.098  53.521 0.0000000000
39937  -29.066  -48.844  54.468 0.0000000000
40869  -28.232  -48.490  53.208 0.0000000000
119517  -27.724  -47.893  53.604 0.0000000000
40868  -27.604  -47.960  52.892 0.0000000000
42777  -25.125  -46.680  50.039 0.0000000000
41846  -25.493  -46.895  50.682 0.0000000000
42776  -24.374  -46.562  50.087 0.0000000000
42795  -23.633  -46.362  48.511 0.0000000000
40987  -24.334  -49.602  44.337 0.0000000000
40040  -25.175  -49.733  45.637 0.0000000000
126058  -21.889  -50.548  43.529 0.0000000000
40057  -22.696  -49.259  44.140 0.0000000000
40985  -22.888  -48.614  44.792 0.0000000000
40048  -22.184  -48.849  44.956 0.0000000000
133301  -21.288  -51.143  45.452 0.0000000000
40047  -21.630  -49.340  45.444 0.0000000000
40039  -21.487  -49.057  46.329 0.0000000000
41914  -22.020  -47.544  47.187 0.0000000000
39144  -21.259  -50.742  46.061 0.0000000000
45765  -44.262  -42.663  51.146 0.0000000000
46755  -44.958  -42.490  51.485 0.0000000000
43740  -44.193  -44.868  53.346 0.0000000000
43739  -43.407  -45.312  52.980 0.0000000000
44733  -42.661  -44.391  51.622 0.0000000000
44743  -42.078  -44.059  50.897 0.0000000000
45763  -42.791  -43.589  51.118 0.0000000000
55447  -47.921  -31.943  39.200 0.0000000000
56302  -48.491  -31.523  38.476 0.0000000000
56311  -49.053  -31.475  37.876 0.0000000000
55469  -49.583  -31.868  37.295 0.0000000000
56303  -49.366  -31.290  38.615 0.0000000000
39858  -31.850  -49.660  61.699 0.0000000000
38969  -32.318  -50.353  60.262 0.0000000000
50310  -45.635  -38.470  45.542 0.0000000000
118232  -46.088  -38.266  45.135 0.0000000000
51158  -46.635  -37.521  43.895 0.0000000000
51146  -46.882  -37.854  44.534 0.0000000000
50332  -48.546  -38.114  45.149 0.0000000000
36546  -39.081  -53.279  57.149 0.0000000000
36561  -37.939  -53.015  56.308 0.0000000000
37439  -38.789  -52.919  56.522 0.0000000000
37454  -38.478  -52.510  55.947 0.0000000000
37466  -38.139  -51.990  55.434 0.0000000000
43770  -34.334  -45.643  47.885 0.0000000000
42817  -33.826  -45.986  48.288 0.0000000000
43769  -33.546  -45.406  47.665 0.0000000000
44757  -31.940  -44.771  47.148 0.0000000000
43785  -31.368  -44.449  46.811 0.0000000000
45783  -30.653  -44.031  46.362 0.0000000000
45793  -30.311  -43.481  45.773 0.0000000000
49510  -36.482  -39.382  43.380 0.0000000000
49519  -36.216  -38.982  42.842 0.0000000000
58871  -56.171  -27.145  49.306 0.0000000000
58880  -55.975  -28.157  48.989 0.0000000000
58881  -56.267  -27.737  48.212 0.0000000000
36483  -23.645  -53.640  60.512 0.0000000000
36499  -24.018  -53.131  60.005 0.0000000000
37399  -23.750  -52.897  59.354 0.0000000000
40877  -23.247  -48.273  52.593 0.0000000000
40876  -22.400  -48.398  52.418 0.0000000000
40912  -20.423  -48.137  50.199 0.0000000000
40012  -20.219  -48.679  49.559 0.0000000000
40926  -20.721  -47.947  49.500 0.0000000000
40942  -20.803  -48.394  48.760 0.0000000000
40021  -20.982  -49.217  48.241 0.0000000000
133823  -28.923  -52.546  49.522 0.0000000000
38298  -28.957  -52.507  50.151 0.0000000000
37506  -28.276  -52.167  48.840 0.0000000000
38311  -27.781  -51.889  48.231 0.0000000000
38310  -27.320  -51.511  47.690 0.0000000000
48672  -39.687  -39.981  46.029 0.0000000000
48661  -40.301  -40.115  46.624 0.0000000000
48662  -41.260  -39.887  47.049 0.0000000000
47747  -44.584  -40.704  49.032 0.0000000000
48650  -44.793  -39.796  47.876 0.0000000000
48651  -45.621  -39.729  48.024 0.0000000000
39950  -42.294  -49.451  55.032 0.0000000000
39966  -41.221  -49.387  53.945 0.0000000000
39967  -41.851  -49.060  54.291 0.0000000000
40870  -41.452  -48.711  53.579 0.0000000000
40886  -41.053  -48.363  52.895 0.0000000000
42780  -40.767  -46.143  50.978 0.0000000000
42779  -40.044  -46.484  50.484 0.0000000000
42791  -39.327  -46.370  49.837 0.0000000000
42790  -38.584  -46.448  49.475 0.0000000000
42803  -37.396  -46.259  48.766 0.0000000000
43762  -37.670  -45.626  48.228 0.0000000000
43773  -37.209  -45.298  47.676 0.0000000000
44758  -36.668  -45.043  47.221 0.0000000000
44772  -36.696  -44.510  46.732 0.0000000000
44773  -37.281  -44.065  46.775 0.0000000000
46788  -39.357  -42.564  47.743 0.0000000000
131036  -38.989  -41.150  46.481 0.0000000000
39845  -27.600  -49.656  62.700 0.0000000000
38954  -26.835  -50.193  61.530 0.0000000000
121599  -27.453  -49.515  61.952 0.0000000000
116573  -27.370  -48.921  60.222 0.0000000000
40774  -29.317  -48.357  59.486 0.0000000000
40793  -29.108  -48.267  58.500 0.0000000000
40812  -28.298  -48.161  57.890 0.0000000000
133461  -27.728  -47.977  56.648 0.0000000000
40849  -26.724  -48.026  55.890 0.0000000000
40834  -27.456  -47.934  56.147 0.0000000000
40850  -27.650  -47.847  55.379 0.0000000000
122565  -40.204  -38.196  43.704 0.0000000000
137370  -43.001  -37.160  42.240 0.0000000000
51184  -43.301  -36.928  41.938 0.0000000000
53723  -47.611  -34.782  41.326 0.0000000000
53724  -48.265  -34.509  41.778 0.0000000000
54534  -48.792  -34.245  42.381 0.0000000000
36487  -34.947  -53.059  60.137 0.0000000000
36486  -34.402  -52.865  59.773 0.0000000000
36501  -34.814  -53.234  59.277 0.0000000000
36515  -34.579  -53.327  58.396 0.0000000000
36572  -34.841  -52.915  55.086 0.0000000000
36557  -34.388  -53.204  55.197 0.0000000000
36582  -33.636  -52.880  54.069 0.0000000000
36581  -32.994  -53.287  53.690 0.0000000000
36592  -32.078  -53.445  52.661 0.0000000000
37479  -32.292  -52.887  52.471 0.0000000000
37486  -31.917  -52.559  51.861 0.0000000000
38291  -31.642  -51.989  51.280 0.0000000000
39963  -38.371  -49.633  53.250 0.0000000000
39981  -37.261  -49.185  52.706 0.0000000000
39980  -36.320  -49.058  52.563 0.0000000000
41860  -32.764  -47.328  49.614 0.0000000000
40931  -33.173  -47.736  50.157 0.0000000000
40930  -32.354  -48.119  50.220 0.0000000000
120287  -31.421  -48.778  50.177 0.0000000000
40929  -30.739  -49.155  49.801 0.0000000000
40945  -30.236  -49.032  49.286 0.0000000000
38161  -35.327  -51.428  62.443 0.0000000000
38149  -35.596  -50.757  62.590 0.0000000000
36492  -38.998  -53.058  59.973 0.0000000000
36506  -39.538  -53.433  58.922 0.0000000000
134985  -39.515  -53.183  59.489 0.0000000000
39033  -43.134  -50.385  57.170 0.0000000000
48566  -45.748  -41.399  54.750 0.0000000000
48578  -45.520  -40.351  54.273 0.0000000000
48597  -45.627  -40.228  53.290 0.0000000000
50237  -48.389  -38.668  52.867 0.0000000000
49417  -48.699  -39.164  51.045 0.0000000000
126269  -49.364  -39.283  50.550 0.0000000000
50252  -53.594  -39.097  51.708 0.0000000000
49421  -53.056  -39.510  51.708 0.0000000000
134871  -52.110  -39.608  50.664 0.0000000000
49440  -51.558  -39.439  49.942 0.0000000000
116369  -51.701  -39.222  49.048 0.0000000000
49479  -50.671  -38.647  46.759 0.0000000000
50283  -51.195  -38.766  47.348 0.0000000000
50294  -51.375  -38.438  46.896 0.0000000000
51127  -51.622  -37.961  46.543 0.0000000000
52793  -53.576  -36.050  48.098 0.0000000000
52806  -52.028  -35.651  46.796 0.0000000000
53665  -51.676  -34.895  46.431 0.0000000000
53687  -50.508  -34.695  44.986 0.0000000000
54483  -50.869  -33.926  45.288 0.0000000000
54504  -51.136  -33.164  45.054 0.0000000000
56152  -54.755  -31.747  50.796 0.0000000000
56177  -55.218  -31.689  49.065 0.0000000000
57089  -54.454  -30.330  46.604 0.0000000000
56209  -54.313  -31.200  47.014 0.0000000000
57088  -53.913  -30.904  46.138 0.0000000000
56241  -52.236  -31.253  43.784 0.0000000000
57146  -51.810  -30.739  42.223 0.0000000000
117671  -52.741  -30.170  41.114 0.0000000000
56291  -54.637  -31.876  39.609 0.0000000000
58939  -58.004  -28.282  44.279 0.0000000000
56264  -59.394  -31.793  41.936 0.0000000000
56263  -59.040  -32.314  42.228 0.0000000000
35636  -19.630  -54.931  59.736 0.0000000000
36524  -20.275  -53.876  57.556 0.0000000000
35680  -20.137  -54.306  57.974 0.0000000000
36536  -19.372  -53.565  56.585 0.0000000000
36535  -18.720  -53.608  56.306 0.0000000000
36552  -18.299  -53.384  55.476 0.0000000000
37459  -18.354  -52.732  54.409 0.0000000000
38229  -24.925  -51.168  58.091 0.0000000000
38240  -24.176  -51.007  56.947 0.0000000000
39956  -20.430  -49.652  53.033 0.0000000000
120768  -19.207  -50.285  52.869 0.0000000000
39086  -18.528  -50.791  52.708 0.0000000000
38289  -17.951  -51.291  50.838 0.0000000000
122785  -20.271  -51.797  49.440 0.0000000000
37424  -32.238  -52.083  56.715 0.0000000000
38242  -31.763  -51.680  56.152 0.0000000000
38241  -31.307  -51.285  55.603 0.0000000000
39043  -30.845  -50.888  55.130 0.0000000000
39099  -28.256  -50.144  50.834 0.0000000000
39089  -29.024  -50.281  52.257 0.0000000000
39994  -27.996  -49.141  51.291 0.0000000000
40880  -27.590  -48.247  51.964 0.0000000000
40896  -26.816  -47.611  51.526 0.0000000000
40914  -26.711  -47.809  50.547 0.0000000000
41847  -25.960  -47.321  49.912 0.0000000000
41876  -25.019  -46.869  48.470 0.0000000000
37571  -21.614  -52.277  43.575 0.0000000000
47753  -41.110  -41.034  48.160 0.0000000000
130031  -41.499  -41.400  48.619 0.0000000000
47745  -42.142  -41.398  48.903 0.0000000000
46778  -43.762  -41.860  50.019 0.0000000000
47738  -44.087  -41.289  49.471 0.0000000000
41821  -43.034  -47.140  54.157 0.0000000000
41820  -42.376  -47.604  53.682 0.0000000000
42753  -42.659  -46.839  53.460 0.0000000000
42761  -42.288  -46.521  52.783 0.0000000000
43738  -42.626  -45.726  52.571 0.0000000000
43744  -41.478  -45.750  51.427 0.0000000000
43749  -40.391  -45.688  50.340 0.0000000000
43757  -40.010  -45.260  49.742 0.0000000000
44746  -39.525  -44.899  49.186 0.0000000000
136412  -39.126  -44.598  48.661 0.0000000000
44753  -39.641  -44.097  48.883 0.0000000000
45773  -40.306  -43.539  49.169 0.0000000000
45762  -41.682  -43.654  50.347 0.0000000000
46781  -40.489  -42.681  48.833 0.0000000000
40721  -29.565  -48.717  62.983 0.0000000000
40736  -29.225  -48.613  62.417 0.0000000000
40737  -29.939  -48.740  62.337 0.0000000000
40759  -30.416  -48.843  60.771 0.0000000000
39857  -31.025  -49.256  61.217 0.0000000000
40775  -30.116  -48.659  59.999 0.0000000000
40794  -30.070  -48.632  58.922 0.0000000000
40836  -29.517  -48.443  56.931 0.0000000000
50327  -43.300  -38.170  44.794 0.0000000000
50344  -44.199  -37.683  43.870 0.0000000000
125882  -44.276  -37.395  43.057 0.0000000000
51994  -44.756  -36.569  41.955 0.0000000000
52017  -44.663  -36.041  41.196 0.0000000000
118484  -46.889  -36.733  42.902 0.0000000000
51998  -48.968  -36.318  43.307 0.0000000000
35670  -36.595  -53.681  58.217 0.0000000000
35685  -36.350  -53.659  57.538 0.0000000000
120851  -37.019  -53.703  57.743 0.0000000000
36543  -36.581  -53.393  56.472 0.0000000000
36559  -36.197  -53.144  55.881 0.0000000000
36560  -37.082  -53.067  56.142 0.0000000000
37451  -35.758  -52.776  55.432 0.0000000000
37463  -35.335  -52.413  54.963 0.0000000000
37473  -34.916  -51.979  54.450 0.0000000000
38279  -34.506  -51.453  53.850 0.0000000000
41850  -36.404  -47.638  50.562 0.0000000000
41880  -33.531  -46.860  49.249 0.0000000000
42800  -33.307  -46.395  48.722 0.0000000000
41879  -32.838  -46.756  49.080 0.0000000000
41878  -32.091  -46.945  49.097 0.0000000000
42812  -29.875  -46.169  47.659 0.0000000000
42833  -29.060  -46.182  47.241 0.0000000000
44783  -28.489  -44.470  45.769 0.0000000000
44767  -29.841  -44.483  46.524 0.0000000000
135909  -34.798  -41.009  43.463 0.0000000000
48693  -34.114  -39.921  42.130 0.0000000000
136761  -34.782  -39.347  42.240 0.0000000000
49526  -34.382  -39.102  41.634 0.0000000000
50277  -53.652  -38.485  49.180 0.0000000000
51109  -53.304  -38.141  48.454 0.0000000000
51110  -54.106  -37.773  49.084 0.0000000000
51948  -54.154  -36.840  48.713 0.0000000000
132234  -53.582  -34.573  47.721 0.0000000000
128373  -55.414  -29.454  50.123 0.0000000000
135250  -55.117  -29.947  48.124 0.0000000000
58059  -55.009  -29.628  47.247 0.0000000000
57138  -53.610  -30.162  43.652 0.0000000000
58121  -54.148  -29.675  42.979 0.0000000000
58139  -54.800  -29.378  42.379 0.0000000000
57163  -56.151  -30.025  41.320 0.0000000000
118453  -59.182  -27.974  42.205 0.0000000000
58954  -59.103  -28.762  42.952 0.0000000000
126186  -59.344  -28.691  42.149 0.0000000000
35638  -21.267  -54.682  60.248 0.0000000000
132875  -21.863  -54.466  60.209 0.0000000000
35649  -21.453  -54.415  59.557 0.0000000000
35667  -21.824  -53.981  59.181 0.0000000000
36497  -22.584  -53.696  59.464 0.0000000000
36511  -21.475  -53.792  58.529 0.0000000000
36525  -21.120  -53.551  57.865 0.0000000000
39935  -24.695  -49.518  55.424 0.0000000000
39934  -23.957  -49.826  55.131 0.0000000000
39945  -23.668  -49.509  54.378 0.0000000000
39958  -21.913  -49.355  53.395 0.0000000000
39976  -21.953  -48.841  52.810 0.0000000000
39975  -21.121  -49.109  52.727 0.0000000000
39974  -20.147  -49.226  52.233 0.0000000000
39116  -20.388  -50.354  49.110 0.0000000000
39117  -21.170  -50.947  48.912 0.0000000000
134355  -30.948  -53.182  53.408 0.0000000000
37470  -30.619  -52.622  53.360 0.0000000000
38284  -29.732  -52.170  52.197 0.0000000000
118361  -28.980  -51.492  51.271 0.0000000000
134906  -28.640  -52.010  50.147 0.0000000000
39108  -28.565  -51.249  50.630 0.0000000000
39107  -28.114  -50.710  50.091 0.0000000000
40014  -27.706  -50.236  49.744 0.0000000000
40013  -27.276  -49.596  49.471 0.0000000000
40022  -26.094  -48.952  47.716 0.0000000000
50337  -37.743  -38.687  43.342 0.0000000000
49513  -39.207  -38.736  44.048 0.0000000000
49504  -40.230  -38.966  44.987 0.0000000000
49505  -41.156  -38.645  45.013 0.0000000000
50306  -42.023  -38.483  45.102 0.0000000000
48663  -42.141  -39.844  47.352 0.0000000000
128939  -43.285  -40.323  48.210 0.0000000000
50308  -43.301  -38.508  45.502 0.0000000000
49493  -44.029  -38.619  45.849 0.0000000000
49494  -44.917  -38.683  45.965 0.0000000000
49475  -45.803  -39.133  46.959 0.0000000000
49495  -45.897  -38.817  46.322 0.0000000000
49496  -46.672  -38.788  46.429 0.0000000000
130328  -47.821  -38.917  46.860 0.0000000000
38256  -40.812  -51.513  55.782 0.0000000000
38272  -40.494  -51.049  55.172 0.0000000000
39080  -39.827  -50.192  54.092 0.0000000000
39964  -39.695  -49.606  53.478 0.0000000000
122460  -39.071  -49.492  53.196 0.0000000000
39982  -38.681  -49.070  52.696 0.0000000000
40883  -38.670  -48.587  52.172 0.0000000000
41829  -41.315  -47.663  52.587 0.0000000000
41828  -40.637  -47.953  52.245 0.0000000000
41854  -39.870  -47.194  50.898 0.0000000000
41839  -39.558  -47.724  51.330 0.0000000000
41838  -38.768  -47.799  51.160 0.0000000000
40919  -37.939  -47.810  51.060 0.0000000000
41851  -37.214  -47.747  50.844 0.0000000000
42787  -35.848  -46.687  49.105 0.0000000000
42818  -35.544  -46.174  48.457 0.0000000000
43788  -34.448  -45.170  47.310 0.0000000000
45786  -32.914  -43.901  46.056 0.0000000000
45795  -32.562  -43.347  45.593 0.0000000000
45796  -33.501  -43.409  45.458 0.0000000000
134204  -34.298  -43.658  45.586 0.0000000000
45812  -34.299  -43.073  45.010 0.0000000000
44787  -35.489  -43.947  45.847 0.0000000000
45813  -35.088  -42.974  44.983 0.0000000000
46820  -34.619  -42.480  44.505 0.0000000000
46821  -35.323  -42.341  44.633 0.0000000000
47773  -35.557  -41.652  44.363 0.0000000000
45789  -37.774  -43.423  46.837 0.0000000000
46787  -38.797  -42.794  47.377 0.0000000000
46798  -37.548  -42.797  46.366 0.0000000000
45800  -37.004  -42.865  46.050 0.0000000000
46807  -36.556  -42.493  45.529 0.0000000000
47788  -35.807  -40.915  44.117 0.0000000000
48675  -36.467  -40.738  44.414 0.0000000000
128984  -37.164  -40.257  44.538 0.0000000000
49511  -37.217  -39.402  43.815 0.0000000000
59744  -57.303  -26.531  46.537 0.0000000000
114194  -57.671  -26.706  45.504 0.0000000000
59753  -58.163  -26.875  44.536 0.0000000000
62372  -58.036  -23.953  44.528 0.0000000000
61503  -58.335  -25.498  43.775 0.0000000000
60667  -58.707  -26.750  42.948 0.0000000000
60675  -58.764  -26.555  41.610 0.0000000000
60683  -58.625  -26.919  40.892 0.0000000000
37370  -25.750  -52.333  61.642 0.0000000000
37386  -25.521  -52.262  60.991 0.0000000000
124324  -25.876  -51.847  61.186 0.0000000000
38189  -25.742  -51.692  60.558 0.0000000000
38207  -26.003  -51.040  60.105 0.0000000000
38967  -26.383  -50.464  60.321 0.0000000000
38985  -25.770  -50.917  59.298 0.0000000000
39005  -25.563  -50.723  58.459 0.0000000000
39020  -25.367  -50.504  57.650 0.0000000000
39029  -25.193  -50.209  56.888 0.0000000000
133323  -28.521  -48.558  61.360 0.0000000000
40756  -28.005  -48.560  60.684 0.0000000000
132357  -28.604  -48.276  59.268 0.0000000000
40772  -27.831  -48.468  59.644 0.0000000000
40791  -27.202  -48.686  58.849 0.0000000000
39901  -26.523  -49.358  58.435 0.0000000000
39916  -25.774  -49.776  57.293 0.0000000000
40857  -24.922  -48.483  54.211 0.0000000000
40848  -25.954  -48.268  55.355 0.0000000000
40878  -24.066  -47.993  52.704 0.0000000000
120861  -23.231  -47.458  51.489 0.0000000000
41845  -23.228  -46.987  50.773 0.0000000000
38338  -26.658  -51.168  45.845 0.0000000000
127852  -38.239  -38.057  42.707 0.0000000000
51163  -38.979  -37.544  42.176 0.0000000000
50351  -40.168  -37.789  43.053 0.0000000000
51191  -39.097  -36.856  40.864 0.0000000000
50342  -42.354  -37.821  43.783 0.0000000000
51154  -42.118  -37.568  43.017 0.0000000000
51166  -41.973  -37.307  42.277 0.0000000000
51183  -42.611  -37.046  41.904 0.0000000000
52845  -46.426  -35.262  41.010 0.0000000000
54554  -47.505  -33.572  40.495 0.0000000000
54566  -47.230  -33.240  39.911 0.0000000000
55433  -47.763  -32.674  40.115 0.0000000000
131883  -48.345  -32.441  40.623 0.0000000000
38190  -33.275  -51.485  60.523 0.0000000000
37413  -32.965  -52.293  58.092 0.0000000000
37414  -33.573  -52.695  58.572 0.0000000000
37438  -32.483  -52.617  56.537 0.0000000000
36540  -32.523  -53.028  56.059 0.0000000000
36555  -31.978  -53.290  54.951 0.0000000000
35684  -35.527  -53.629  57.290 0.0000000000
35683  -34.723  -53.596  57.017 0.0000000000
35710  -33.947  -53.423  55.383 0.0000000000
35709  -33.388  -53.462  55.586 0.0000000000
36569  -31.710  -53.460  54.179 0.0000000000
130106  -31.267  -53.455  53.463 0.0000000000
36590  -31.012  -53.646  52.481 0.0000000000
132406  -30.426  -53.259  51.308 0.0000000000
36591  -31.394  -53.572  52.366 0.0000000000
36613  -29.956  -53.004  50.474 0.0000000000
129176  -29.479  -52.733  49.886 0.0000000000
37515  -29.087  -52.157  48.635 0.0000000000
37525  -28.762  -51.722  48.023 0.0000000000
38271  -39.573  -51.258  55.108 0.0000000000
38270  -38.685  -51.351  54.984 0.0000000000
38269  -37.788  -51.435  54.886 0.0000000000
39060  -37.410  -50.834  54.341 0.0000000000
39059  -36.445  -50.939  54.276 0.0000000000
39076  -35.110  -50.690  53.724 0.0000000000
38287  -33.939  -51.169  53.377 0.0000000000
40900  -35.739  -48.035  51.179 0.0000000000
122334  -35.387  -48.693  52.091 0.0000000000
39997  -34.387  -48.855  52.046 0.0000000000
39978  -34.659  -49.403  52.622 0.0000000000
39092  -33.987  -50.333  52.978 0.0000000000
38293  -32.574  -51.297  52.197 0.0000000000
38292  -32.128  -51.264  51.648 0.0000000000
128348  -31.205  -51.424  50.634 0.0000000000
40016  -30.910  -49.724  50.111 0.0000000000
39121  -30.570  -50.536  49.849 0.0000000000
38307  -30.225  -51.379  49.545 0.0000000000
39132  -29.767  -50.958  48.963 0.0000000000
38312  -29.284  -51.433  48.417 0.0000000000
39138  -28.372  -50.913  47.191 0.0000000000
48687  -33.466  -40.660  42.175 0.0000000000
44724  -45.360  -43.829  53.277 0.0000000000
45727  -45.894  -43.565  53.604 0.0000000000
46717  -46.436  -42.957  54.760 0.0000000000
34769  -22.392  -54.800  62.166 0.0000000000
35620  -23.860  -54.414  63.040 0.0000000000
35629  -23.667  -54.030  61.340 0.0000000000
36471  -24.402  -53.690  61.668 0.0000000000
36472  -25.047  -53.295  61.934 0.0000000000
37354  -25.566  -52.840  62.171 0.0000000000
37344  -25.794  -52.818  63.009 0.0000000000
37355  -25.995  -52.330  62.371 0.0000000000
38157  -26.418  -51.676  62.563 0.0000000000
38158  -26.885  -51.008  62.845 0.0000000000
38930  -27.350  -50.234  63.224 0.0000000000
117539  -28.845  -49.093  64.417 0.0000000000
39816  -29.798  -49.035  65.067 0.0000000000
39833  -29.568  -48.809  63.861 0.0000000000
39848  -31.436  -49.369  63.296 0.0000000000
38943  -32.933  -50.422  62.695 0.0000000000
38175  -33.436  -51.013  62.077 0.0000000000
38159  -33.545  -50.747  62.722 0.0000000000
38176  -33.806  -51.600  61.620 0.0000000000
37371  -34.193  -52.173  61.182 0.0000000000
37389  -34.633  -52.626  60.712 0.0000000000
37357  -35.027  -52.075  62.101 0.0000000000
128105  -35.583  -53.204  60.290 0.0000000000
119850  -36.284  -53.514  59.382 0.0000000000
36489  -36.808  -53.391  60.282 0.0000000000
36503  -36.826  -53.568  59.573 0.0000000000
35653  -36.786  -53.658  58.891 0.0000000000
124736  -37.416  -53.732  58.289 0.0000000000
35687  -38.177  -53.695  57.964 0.0000000000
36531  -38.878  -53.549  57.749 0.0000000000
36517  -39.438  -53.496  58.216 0.0000000000
36547  -40.022  -53.039  57.275 0.0000000000
37441  -40.600  -52.522  56.902 0.0000000000
37416  -41.943  -51.775  57.924 0.0000000000
38243  -41.826  -51.781  57.379 0.0000000000
37457  -41.342  -51.980  56.833 0.0000000000
38257  -41.466  -51.478  56.211 0.0000000000
39044  -41.813  -50.848  55.754 0.0000000000
39065  -42.053  -50.177  55.360 0.0000000000
39045  -42.970  -50.135  56.513 0.0000000000
39939  -42.662  -49.818  55.781 0.0000000000
40863  -43.107  -48.258  55.158 0.0000000000
41803  -43.620  -47.767  55.586 0.0000000000
41812  -43.365  -47.453  54.847 0.0000000000
42746  -43.650  -46.636  54.577 0.0000000000
42755  -44.033  -45.843  54.314 0.0000000000
43730  -44.525  -45.133  53.996 0.0000000000
129848  -45.618  -43.125  52.804 0.0000000000
134202  -45.750  -42.604  52.722 0.0000000000
46756  -45.505  -42.318  52.018 0.0000000000
47695  -45.953  -42.028  53.325 0.0000000000
46757  -45.721  -41.952  52.208 0.0000000000
47717  -45.653  -41.458  51.428 0.0000000000
49371  -45.725  -39.364  53.949 0.0000000000
49386  -46.041  -39.255  53.032 0.0000000000
134606  -46.112  -39.959  51.688 0.0000000000
49415  -46.208  -40.237  51.245 0.0000000000
48619  -46.324  -40.293  50.801 0.0000000000
48633  -46.613  -40.036  49.666 0.0000000000
49447  -47.278  -39.601  48.977 0.0000000000
49438  -47.719  -39.516  49.905 0.0000000000
136913  -47.715  -39.509  49.345 0.0000000000
131832  -47.824  -39.290  48.124 0.0000000000
49461  -48.242  -39.091  47.427 0.0000000000
135251  -48.515  -38.901  46.885 0.0000000000
49402  -50.179  -39.412  52.367 0.0000000000
49429  -50.295  -39.416  50.676 0.0000000000
119624  -50.160  -39.255  48.921 0.0000000000
122848  -49.066  -39.020  47.293 0.0000000000
50292  -48.258  -38.689  46.336 0.0000000000
50313  -48.755  -38.466  45.825 0.0000000000
136462  -49.050  -38.252  45.470 0.0000000000
50333  -49.313  -37.977  45.120 0.0000000000
51148  -48.920  -37.702  44.620 0.0000000000
51149  -49.574  -37.381  44.548 0.0000000000
51991  -49.248  -36.758  43.838 0.0000000000
120303  -49.438  -36.137  43.625 0.0000000000
51122  -52.903  -37.744  47.782 0.0000000000
51128  -52.219  -37.899  47.146 0.0000000000
51972  -51.488  -37.312  46.194 0.0000000000
126204  -51.928  -36.708  46.648 0.0000000000
51980  -50.968  -37.125  45.500 0.0000000000
51979  -50.464  -36.579  44.871 0.0000000000
52828  -49.454  -35.476  43.458 0.0000000000
53720  -49.187  -34.793  42.987 0.0000000000
136393  -49.138  -34.105  42.824 0.0000000000
53716  -49.967  -34.226  44.095 0.0000000000
127480  -49.512  -33.944  43.349 0.0000000000
54535  -49.157  -33.436  42.539 0.0000000000
55420  -49.264  -32.119  41.605 0.0000000000
120762  -54.944  -34.209  48.689 0.0000000000
54452  -53.653  -33.818  47.502 0.0000000000
56178  -55.387  -30.538  49.862 0.0000000000
120697  -54.876  -32.201  48.288 0.0000000000
55356  -54.325  -32.157  47.435 0.0000000000
54467  -53.405  -33.157  47.001 0.0000000000
54485  -52.262  -33.217  46.051 0.0000000000
55366  -51.854  -32.815  45.403 0.0000000000
55407  -50.221  -32.019  42.801 0.0000000000
56249  -49.951  -31.654  42.009 0.0000000000
56258  -49.718  -31.406  41.163 0.0000000000
115628  -50.323  -30.813  39.787 0.0000000000
123072  -51.136  -30.796  39.509 0.0000000000
57174  -51.514  -30.485  40.789 0.0000000000
56305  -51.430  -31.258  38.808 0.0000000000
57148  -53.199  -30.162  42.424 0.0000000000
57160  -53.342  -29.961  41.568 0.0000000000
57175  -52.882  -30.336  40.480 0.0000000000
56289  -52.868  -31.186  39.443 0.0000000000
55459  -52.637  -32.392  38.492 0.0000000000
126577  -56.837  -27.743  45.415 0.0000000000
58938  -57.310  -28.585  43.862 0.0000000000
57151  -58.751  -30.334  42.918 0.0000000000
57165  -59.021  -31.284  42.471 0.0000000000
35637  -20.414  -54.888  60.206 0.0000000000
35648  -20.336  -54.767  59.358 0.0000000000
35647  -19.579  -54.788  58.915 0.0000000000
36564  -16.558  -53.549  54.509 0.0000000000
36565  -17.272  -53.472  54.297 0.0000000000
128043  -24.188  -52.377  59.004 0.0000000000
37411  -23.547  -52.616  58.692 0.0000000000
38228  -24.101  -51.566  57.674 0.0000000000
37422  -23.404  -52.238  58.017 0.0000000000
37436  -22.016  -52.197  57.045 0.0000000000
37435  -21.293  -52.399  56.759 0.0000000000
39040  -23.479  -50.395  55.580 0.0000000000
116487  -22.822  -50.521  55.277 0.0000000000
39039  -22.155  -50.785  55.266 0.0000000000
39073  -20.727  -50.135  53.740 0.0000000000
39038  -21.268  -51.010  55.171 0.0000000000
38264  -20.614  -51.383  55.199 0.0000000000
38251  -20.122  -51.850  55.379 0.0000000000
38275  -18.028  -51.828  52.991 0.0000000000
124371  -17.632  -52.664  52.920 0.0000000000
38970  -32.775  -51.016  60.090 0.0000000000
38987  -32.219  -50.549  59.278 0.0000000000
38220  -32.179  -51.172  57.827 0.0000000000
39008  -31.887  -50.477  58.266 0.0000000000
39007  -31.181  -49.725  57.857 0.0000000000
39918  -30.498  -49.165  57.083 0.0000000000
38266  -30.834  -52.051  54.231 0.0000000000
39058  -30.633  -51.198  54.459 0.0000000000
128384  -30.437  -50.496  54.723 0.0000000000
39074  -29.284  -49.969  53.030 0.0000000000
126724  -29.922  -49.787  54.611 0.0000000000
39938  -29.603  -48.984  55.308 0.0000000000
133503  -28.273  -48.015  54.717 0.0000000000
41819  -26.907  -47.624  53.459 0.0000000000
114091  -26.107  -47.245  51.958 0.0000000000
41835  -24.715  -47.072  51.460 0.0000000000
42775  -23.686  -46.595  50.193 0.0000000000
42774  -22.952  -46.545  49.835 0.0000000000
38328  -26.532  -51.225  46.185 0.0000000000
39145  -26.503  -51.175  46.522 0.0000000000
40050  -25.498  -50.535  45.207 0.0000000000
39136  -26.264  -50.632  46.824 0.0000000000
40965  -25.315  -49.055  46.410 0.0000000000
40955  -25.599  -48.468  47.307 0.0000000000
40986  -23.514  -48.960  44.497 0.0000000000
40975  -24.095  -48.703  45.051 0.0000000000
40954  -24.820  -47.824  46.755 0.0000000000
116546  -24.123  -47.142  46.837 0.0000000000
42810  -23.718  -46.626  47.562 0.0000000000
40972  -21.913  -48.547  45.745 0.0000000000
41915  -22.522  -47.466  46.563 0.0000000000
41896  -22.688  -46.888  47.414 0.0000000000
42809  -23.050  -46.439  48.120 0.0000000000
41875  -22.375  -46.734  48.386 0.0000000000
41874  -21.632  -47.222  48.717 0.0000000000
115248  -21.228  -49.720  47.716 0.0000000000
35630  -24.011  -54.127  62.127 0.0000000000
35682  -34.108  -53.515  56.820 0.0000000000
35717  -32.523  -53.615  54.159 0.0000000000
35724  -31.240  -53.678  53.011 0.0000000000
35725  -31.676  -53.638  53.491 0.0000000000
35727  -32.724  -53.537  53.873 0.0000000000
36523  -19.661  -53.860  57.114 0.0000000000
36529  -37.722  -53.579  57.110 0.0000000000
36539  -32.149  -53.030  55.514 0.0000000000
36568  -31.186  -52.898  54.022 0.0000000000
36593  -32.671  -53.012  53.053 0.0000000000
36601  -31.018  -53.385  51.583 0.0000000000
36627  -29.747  -52.672  49.793 0.0000000000
37384  -24.677  -52.748  60.282 0.0000000000
37425  -32.710  -52.485  57.239 0.0000000000
37478  -30.254  -52.858  52.426 0.0000000000
37493  -29.455  -52.770  50.313 0.0000000000
37495  -30.954  -52.463  50.667 0.0000000000
37507  -29.239  -52.521  49.303 0.0000000000
38280  -35.467  -51.161  54.160 0.0000000000
38285  -32.495  -52.111  52.370 0.0000000000
38290  -28.960  -52.092  50.725 0.0000000000
38299  -31.739  -51.144  51.200 0.0000000000
38318  -26.926  -51.491  46.928 0.0000000000
38337  -21.273  -51.917  45.255 0.0000000000
38369  -21.583  -51.287  43.754 0.0000000000
39057  -30.177  -50.560  54.064 0.0000000000
39090  -29.782  -51.403  52.811 0.0000000000
39102  -32.525  -50.654  51.921 0.0000000000
39109  -31.069  -50.494  50.387 0.0000000000
39139  -28.822  -51.153  47.797 0.0000000000
39147  -27.782  -51.370  46.817 0.0000000000
39150  -21.403  -50.308  45.189 0.0000000000
39163  -22.157  -49.944  43.766 0.0000000000
39917  -26.329  -49.250  57.666 0.0000000000
40031  -25.888  -49.535  47.011 0.0000000000
40049  -24.763  -49.702  45.013 0.0000000000
40056  -21.844  -49.620  44.567 0.0000000000
40913  -20.913  -47.809  50.687 0.0000000000
40917  -34.609  -47.787  50.644 0.0000000000
40944  -26.439  -48.941  48.392 0.0000000000
40964  -22.330  -47.939  45.978 0.0000000000
40973  -22.615  -48.230  45.383 0.0000000000
40974  -23.377  -48.247  45.245 0.0000000000
41816  -24.768  -47.690  52.735 0.0000000000
41818  -26.135  -47.438  52.829 0.0000000000
41824  -22.841  -47.888  51.923 0.0000000000
41825  -23.621  -47.707  52.062 0.0000000000
41844  -21.351  -47.471  50.327 0.0000000000
41858  -22.183  -46.759  49.299 0.0000000000
41877  -29.960  -47.714  48.541 0.0000000000
41895  -21.866  -47.329  47.896 0.0000000000
41897  -23.410  -47.132  46.626 0.0000000000
41898  -24.585  -46.952  47.571 0.0000000000
42767  -24.148  -46.820  50.803 0.0000000000
42768  -24.897  -46.759  50.773 0.0000000000
42784  -23.739  -46.374  49.388 0.0000000000
42786  -25.305  -46.892  49.292 0.0000000000
42796  -24.285  -46.522  48.334 0.0000000000
42814  -31.367  -45.728  47.939 0.0000000000
43786  -32.769  -44.901  47.211 0.0000000000
44784  -29.243  -44.112  46.019 0.0000000000
45792  -29.569  -43.520  45.591 0.0000000000
47774  -36.215  -41.378  44.621 0.0000000000
48659  -38.713  -40.893  46.111 0.0000000000
49431  -52.778  -39.500  50.861 0.0000000000
49441  -53.189  -39.258  50.123 0.0000000000
50275  -52.247  -38.840  48.191 0.0000000000
51165  -40.566  -37.441  42.376 0.0000000000
53627  -54.747  -34.951  48.713 0.0000000000
56234  -53.148  -31.125  45.034 0.0000000000
57173  -50.885  -30.643  40.950 0.0000000000
116726  -47.471  -39.145  47.499 0.0000000000
116871  -36.007  -45.300  47.383 0.0000000000
116976  -21.351  -49.899  46.084 0.0000000000
117046  -33.969  -48.118  50.951 0.0000000000
117526  -37.967  -49.269  52.824 0.0000000000
119616  -26.877  -49.875  48.480 0.0000000000
123440  -37.998  -46.482  49.203 0.0000000000
124715  -39.548  -53.340  57.628 0.0000000000
127331  -21.310  -47.856  48.302 0.0000000000
128294  -27.991  -51.964  47.592 0.0000000000
130116  -28.547  -52.195  49.520 0.0000000000
130673  -30.698  -51.174  50.107 0.0000000000
131965  -52.135  -39.078  48.635 0.0000000000
133749  -33.315  -53.485  55.087 0.0000000000
134432  -19.142  -54.901  59.424 0.0000000000
134780  -27.945  -50.111  50.254 0.0000000000
135009  -37.675  -47.550  50.601 0.0000000000
135407  -50.231  -34.431  44.514 0.0000000000
135838  -24.074  -46.360  48.851 0.0000000000
136642  -25.367  -47.958  53.779 0.0000000000
