#!ascii label  , from subject sub-v1s10x0051048_ses-1 vox2ras=TkReg
832
83731  12.170  -8.133  -34.078 0.2500000000
82878  12.628  -8.828  -34.437 0.2500000000
124333  11.674  -4.949  -33.829 0.2500000000
85568  11.860  -5.730  -34.026 0.1250000000
85567  12.390  -5.732  -34.718 0.3750000000
83741  12.240  -6.616  -34.346 0.2500000000
83732  11.885  -7.387  -33.744 0.2500000000
82894  12.878  -8.006  -34.918 0.7500000000
82065  13.086  -9.573  -34.662 0.8750000000
82877  13.296  -8.856  -35.074 0.8750000000
82080  13.747  -9.560  -35.192 0.8750000000
144393  12.710  -6.372  -35.029 0.3750000000
84666  12.777  -7.085  -35.024 0.3750000000
83740  12.378  -7.452  -34.414 0.7500000000
82908  14.921  -7.988  -36.244 1.0000000000
83755  14.155  -7.680  -35.963 1.0000000000
83756  13.441  -7.400  -35.544 0.8750000000
82079  14.370  -9.309  -35.592 1.0000000000
82893  13.646  -8.223  -35.494 0.8750000000
143332  15.424  -9.286  -36.074 1.0000000000
130034  12.011  -4.903  -34.388 0.2500000000
131455  13.003  -5.775  -35.371 0.7500000000
84676  13.641  -5.934  -35.987 0.8750000000
134714  13.257  -6.571  -35.531 0.8750000000
125493  15.239  -7.234  -36.514 1.0000000000
83773  14.611  -7.239  -36.313 1.0000000000
83774  13.993  -6.782  -36.101 1.0000000000
82907  16.466  -8.521  -36.487 1.0000000000
83772  15.684  -7.867  -36.477 1.0000000000
82093  15.558  -8.623  -36.291 1.0000000000
82094  14.934  -8.879  -35.971 1.0000000000
85579  12.617  -4.920  -35.140 0.6250000000
85589  14.120  -5.280  -36.391 1.0000000000
85578  13.365  -5.045  -35.799 0.8750000000
84697  14.215  -6.068  -36.367 1.0000000000
84694  16.396  -7.012  -36.678 1.0000000000
143337  15.828  -7.261  -36.619 1.0000000000
84696  14.788  -6.506  -36.531 1.0000000000
83771  16.964  -7.689  -36.581 1.0000000000
141510  16.234  -7.663  -36.576 1.0000000000
82917  18.755  -8.359  -37.165 1.0000000000
82906  17.407  -8.402  -36.627 1.0000000000
89656  12.055  -0.794  -34.994 0.2500000000
86470  11.698  -4.006  -33.983 0.2500000000
86481  12.575  -3.641  -35.184 0.3750000000
86469  12.272  -4.002  -34.754 0.5000000000
86489  13.821  -4.284  -36.274 1.0000000000
86480  12.985  -4.084  -35.530 0.6250000000
85608  15.587  -5.105  -37.221 1.0000000000
85588  14.837  -5.173  -36.827 1.0000000000
84693  17.296  -6.794  -36.687 1.0000000000
84712  16.482  -6.156  -36.916 1.0000000000
85607  16.302  -5.410  -37.261 1.0000000000
131823  17.868  -6.113  -36.792 1.0000000000
83783  18.947  -7.656  -36.979 1.0000000000
126258  19.169  -6.994  -36.874 1.0000000000
125052  19.677  -7.493  -37.460 1.0000000000
89663  12.681  -0.782  -35.740 0.5000000000
88819  12.000  -1.636  -34.645 0.3750000000
88056  12.533  -2.447  -35.255 0.5000000000
88827  13.153  -2.110  -35.994 0.5000000000
88065  13.709  -2.660  -36.412 0.8750000000
87314  14.105  -3.443  -36.582 1.0000000000
88064  14.432  -2.726  -36.984 1.0000000000
86505  16.279  -4.646  -37.457 1.0000000000
145670  14.433  -4.043  -36.750 1.0000000000
86504  17.677  -4.761  -37.329 1.0000000000
127733  16.905  -5.013  -37.350 1.0000000000
128346  19.868  -5.232  -36.959 1.0000000000
85604  19.352  -5.739  -36.866 1.0000000000
84709  19.820  -6.621  -37.167 0.8750000000
134154  12.335  0.076  -35.458 0.5000000000
88828  12.604  -1.522  -35.516 0.5000000000
88836  13.291  -1.253  -36.275 0.6250000000
88849  14.124  -1.363  -36.908 0.6250000000
88835  14.132  -2.128  -36.823 1.0000000000
131452  15.270  -2.656  -37.471 1.0000000000
132926  19.277  -3.166  -37.396 1.0000000000
132925  18.305  -3.094  -37.530 1.0000000000
143213  17.520  -3.389  -37.561 1.0000000000
87326  16.236  -3.801  -37.586 1.0000000000
87324  19.791  -3.902  -37.172 1.0000000000
86503  18.522  -4.590  -37.241 1.0000000000
126917  17.966  -3.969  -37.461 1.0000000000
87345  20.767  -4.001  -37.176 0.8750000000
86502  19.385  -4.539  -37.104 1.0000000000
85603  20.721  -5.511  -37.446 0.8750000000
89662  13.138  -0.329  -36.237 0.5000000000
89676  13.755  -0.657  -36.696 0.8750000000
88846  16.987  -1.282  -37.982 1.0000000000
88080  15.480  -1.705  -37.628 1.0000000000
88078  18.922  -2.497  -37.515 1.0000000000
135386  17.536  -1.771  -37.765 1.0000000000
135179  16.091  -2.933  -37.682 1.0000000000
88844  19.157  -1.629  -37.527 1.0000000000
132641  20.225  -3.217  -37.258 1.0000000000
88077  19.735  -2.449  -37.390 1.0000000000
87323  21.159  -3.289  -37.347 1.0000000000
90499  13.821  0.193  -36.770 0.8750000000
89675  14.386  -0.501  -37.180 1.0000000000
90520  16.972  0.843  -38.223 1.0000000000
89673  16.503  -0.679  -38.084 1.0000000000
89674  15.156  -0.313  -37.626 1.0000000000
90508  19.459  0.179  -37.449 1.0000000000
138957  18.832  -0.184  -37.617 1.0000000000
89669  21.372  -0.286  -37.321 1.0000000000
89670  20.265  -0.451  -37.346 1.0000000000
89671  19.209  -0.670  -37.533 1.0000000000
88862  21.792  -1.831  -37.514 1.0000000000
130835  19.972  -1.138  -37.399 1.0000000000
88075  21.494  -2.562  -37.491 0.8750000000
93234  15.216  4.090  -37.254 1.0000000000
128659  13.673  4.170  -36.205 0.3750000000
124022  15.523  3.374  -37.522 0.8750000000
91401  16.892  1.691  -38.079 1.0000000000
91399  19.906  0.991  -37.181 1.0000000000
91400  18.960  0.871  -37.493 1.0000000000
131758  15.911  5.126  -37.446 0.8750000000
128382  16.532  5.088  -37.512 1.0000000000
94052  16.053  4.235  -37.597 1.0000000000
93233  16.261  3.233  -37.739 1.0000000000
93232  16.747  3.744  -37.625 1.0000000000
146232  17.144  2.394  -37.787 1.0000000000
130176  19.313  1.462  -37.267 1.0000000000
92340  19.122  2.052  -37.195 1.0000000000
91398  20.954  1.197  -36.897 1.0000000000
94839  16.189  5.854  -37.372 0.7500000000
94051  16.975  4.437  -37.565 1.0000000000
93231  17.615  3.787  -37.461 1.0000000000
93229  19.552  3.220  -36.692 1.0000000000
128938  18.862  2.727  -37.167 1.0000000000
137885  17.283  5.167  -37.445 1.0000000000
94050  17.692  4.603  -37.385 1.0000000000
93230  18.601  3.493  -37.133 1.0000000000
99033  15.822  12.047  -35.684 0.1250000000
99014  15.498  12.011  -35.085 0.1250000000
99032  16.751  11.192  -36.392 0.2500000000
140868  16.458  11.952  -36.115 0.1250000000
146358  17.297  11.361  -36.490 0.3750000000
99688  16.850  12.579  -36.269 0.2500000000
99031  17.922  11.570  -36.536 0.5000000000
99687  17.682  12.441  -36.546 0.2500000000
99030  18.750  12.311  -36.704 0.3750000000
99689  16.160  12.640  -35.808 0.2500000000
123932  17.306  13.255  -36.460 0.2500000000
100424  17.313  13.979  -36.515 0.2500000000
99686  18.145  13.042  -36.719 0.2500000000
100423  17.971  13.727  -36.802 0.2500000000
100429  18.991  13.431  -37.120 0.3750000000
82865  11.679  -8.230  -33.335 0.1250000000
84651  11.733  -6.526  -33.548 0.1250000000
82091  17.470  -9.300  -36.760 1.0000000000
88848  14.909  -1.121  -37.460 0.8750000000
138644  18.217  -0.530  -37.767 1.0000000000
82040  11.553  -9.667  -32.636 0.1250000000
81251  13.582  -10.364  -34.748 0.7500000000
85553  11.625  -5.611  -33.543 0.1250000000
128983  14.919  -11.116  -35.151 1.0000000000
123010  11.622  -7.330  -33.240 0.1250000000
131003  15.682  -9.980  -35.994 1.0000000000
141143  16.681  -9.455  -36.477 1.0000000000
82101  18.313  -9.585  -37.408 1.0000000000
87296  11.932  -3.321  -34.251 0.3750000000
136669  11.566  -1.702  -34.009 0.2500000000
88044  11.898  -2.510  -34.305 0.2500000000
85619  21.346  -5.424  -38.034 0.8750000000
84722  20.673  -6.480  -37.837 0.8750000000
87344  21.545  -4.069  -37.629 0.8750000000
93219  13.624  3.265  -36.290 0.1250000000
90491  12.391  1.033  -35.524 0.3750000000
90498  14.300  1.000  -37.041 0.6250000000
88842  20.969  -1.194  -37.326 1.0000000000
134081  21.894  -3.318  -37.804 0.8750000000
94053  15.333  4.821  -37.193 0.8750000000
93218  14.540  3.520  -36.927 0.3750000000
92345  15.072  2.637  -37.410 0.8750000000
90507  20.596  0.372  -37.206 1.0000000000
92338  21.408  2.074  -36.710 1.0000000000
131657  19.637  2.525  -36.806 1.0000000000
95524  16.832  6.424  -37.270 0.8750000000
94825  18.178  6.124  -36.852 1.0000000000
94049  19.104  4.853  -36.612 1.0000000000
137041  15.476  11.894  -34.247 0.1250000000
98346  15.555  10.466  -35.407 0.1250000000
98367  16.811  10.196  -36.541 0.6250000000
98366  17.445  10.856  -36.543 0.6250000000
139664  18.863  11.421  -36.568 0.5000000000
100412  15.998  13.123  -35.477 0.2500000000
100425  16.553  13.312  -35.968 0.2500000000
99695  19.728  12.505  -37.101 0.5000000000
101158  16.920  14.040  -36.126 0.1250000000
101161  19.006  14.363  -37.613 0.2500000000
100428  19.977  13.228  -37.623 0.3750000000
101166  19.603  14.594  -38.537 0.2500000000
100430  17.746  14.436  -36.975 0.1250000000
134351  11.670  -9.002  -33.264 0.1250000000
82864  12.023  -8.867  -33.745 0.3750000000
82066  12.441  -9.529  -34.027 0.5000000000
139129  13.864  -8.891  -35.456 0.8750000000
81265  14.420  -10.297  -35.284 1.0000000000
82078  14.993  -9.732  -35.765 1.0000000000
82892  14.326  -8.474  -35.806 1.0000000000
129880  16.009  -9.316  -36.302 1.0000000000
135474  14.633  -5.779  -36.602 1.0000000000
82905  18.006  -7.791  -36.658 1.0000000000
84695  15.682  -6.548  -36.749 1.0000000000
85587  15.235  -5.828  -36.826 1.0000000000
82918  18.186  -8.785  -37.007 1.0000000000
87307  12.334  -3.198  -34.855 0.3750000000
87306  12.826  -3.270  -35.462 0.5000000000
87315  13.433  -3.426  -36.018 0.8750000000
86488  14.448  -4.631  -36.672 1.0000000000
86507  15.014  -4.353  -37.137 1.0000000000
84692  18.347  -6.914  -36.698 1.0000000000
84711  17.144  -6.008  -36.909 1.0000000000
129149  16.824  -5.607  -37.151 1.0000000000
85605  18.354  -5.397  -36.994 1.0000000000
142495  20.150  -5.929  -37.138 1.0000000000
88055  13.144  -2.791  -35.826 0.6250000000
126959  13.669  -1.914  -36.504 0.6250000000
87328  14.764  -3.482  -37.128 1.0000000000
88081  14.693  -1.955  -37.290 1.0000000000
87325  17.046  -4.111  -37.508 1.0000000000
86506  15.703  -4.317  -37.430 1.0000000000
87327  15.503  -3.596  -37.455 1.0000000000
145346  19.078  -5.075  -36.978 1.0000000000
86501  20.321  -4.666  -37.084 0.8750000000
83792  20.378  -7.269  -37.995 0.8750000000
144882  15.975  -2.188  -37.748 1.0000000000
139119  16.845  -3.170  -37.635 1.0000000000
132924  17.517  -2.624  -37.650 1.0000000000
86520  21.135  -4.768  -37.502 0.8750000000
89672  17.292  -0.528  -38.065 1.0000000000
127678  15.716  -0.879  -37.829 1.0000000000
132063  17.631  -1.071  -37.857 1.0000000000
140421  16.732  -2.193  -37.774 1.0000000000
88079  18.255  -2.160  -37.627 1.0000000000
88845  18.219  -1.357  -37.693 1.0000000000
88843  20.255  -1.797  -37.373 1.0000000000
88076  20.648  -2.520  -37.323 1.0000000000
90500  13.023  0.536  -36.147 0.6250000000
90512  14.648  0.275  -37.367 0.7500000000
141711  15.328  0.363  -37.737 1.0000000000
89688  15.936  0.006  -38.084 1.0000000000
90521  16.380  0.602  -38.207 1.0000000000
89687  16.795  0.086  -38.230 1.0000000000
91413  16.410  1.172  -38.183 1.0000000000
90510  17.613  1.172  -37.910 1.0000000000
89686  17.644  0.296  -38.012 1.0000000000
90509  18.524  0.243  -37.686 1.0000000000
92342  17.685  1.957  -37.680 1.0000000000
91402  16.024  1.781  -38.086 1.0000000000
92343  16.506  2.453  -37.887 1.0000000000
129420  18.442  1.505  -37.528 1.0000000000
129079  16.997  3.066  -37.683 1.0000000000
129435  17.876  2.805  -37.478 1.0000000000
92341  18.375  2.208  -37.413 1.0000000000
92339  20.124  1.855  -36.808 1.0000000000
94837  18.151  5.243  -37.096 1.0000000000
135674  18.407  4.344  -37.099 1.0000000000
94838  17.464  5.870  -37.269 1.0000000000
135997  15.397  11.113  -34.601 0.1250000000
138700  15.657  11.354  -35.562 0.1250000000
99676  15.705  12.664  -35.301 0.2500000000
133896  17.153  11.843  -36.430 0.2500000000
123568  16.080  10.747  -36.088 0.3750000000
143760  18.410  14.153  -37.186 0.2500000000
124481  19.587  13.891  -37.786 0.2500000000
82050  11.925  -9.538  -33.472 0.2500000000
82022  11.887  -9.359  -31.886 0.1250000000
82051  11.585  -9.582  -33.015 0.1250000000
133287  12.283  -10.098  -33.684 0.6250000000
81264  15.276  -10.592  -35.566 1.0000000000
93220  13.141  2.937  -35.843 0.5000000000
133102  13.528  1.078  -36.521 0.6250000000
90511  15.045  0.962  -37.565 0.8750000000
91390  13.906  1.774  -36.732 0.7500000000
91403  15.437  1.491  -37.752 0.8750000000
92330  14.232  2.567  -36.850 0.7500000000
91404  14.769  1.775  -37.339 1.0000000000
92344  15.818  2.586  -37.803 1.0000000000
95523  17.526  6.516  -37.060 1.0000000000
95509  19.074  6.478  -36.498 1.0000000000
98368  15.918  9.853  -36.064 0.3750000000
123340  17.674  10.162  -36.624 0.7500000000
98365  18.400  10.688  -36.552 0.7500000000
100433  20.148  13.770  -38.385 0.3750000000
140970  14.470  -14.471  -34.858 0.7500000000
76855  15.968  -15.495  -36.170 0.7500000000
78745  13.813  -13.876  -34.153 0.7500000000
77848  16.441  -14.899  -36.548 0.7500000000
77839  15.031  -14.477  -35.341 0.7500000000
78754  14.976  -13.814  -35.259 0.7500000000
78744  14.416  -13.374  -34.670 0.7500000000
136877  16.825  -14.441  -36.932 0.7500000000
78764  16.176  -13.931  -36.360 0.7500000000
78753  15.547  -13.373  -35.697 0.7500000000
80417  14.211  -11.316  -34.694 0.7500000000
131277  13.241  -11.152  -34.196 0.6250000000
79610  14.980  -12.856  -35.105 0.7500000000
80426  14.979  -11.907  -35.014 0.8750000000
126771  17.523  -14.402  -37.341 0.7500000000
78763  16.787  -13.617  -36.889 0.7500000000
127226  16.136  -12.946  -36.194 0.7500000000
80425  15.492  -11.485  -35.499 0.8750000000
79626  17.685  -12.629  -37.559 0.7500000000
79617  16.830  -12.539  -36.768 0.7500000000
80433  16.592  -11.599  -36.402 0.8750000000
80434  16.083  -10.946  -35.952 0.8750000000
80440  17.930  -11.818  -37.743 0.7500000000
80432  17.223  -11.716  -36.968 0.8750000000
135408  17.152  -10.151  -36.693 0.8750000000
81279  18.979  -11.269  -38.557 0.8750000000
131383  17.942  -10.215  -37.331 0.8750000000
82111  18.827  -10.364  -38.269 0.8750000000
82100  19.059  -9.227  -37.878 0.8750000000
82109  21.368  -9.414  -39.435 0.3750000000
129205  20.622  -9.600  -39.320 0.6250000000
82926  19.975  -9.054  -38.720 0.7500000000
82118  21.865  -9.378  -39.439 0.5000000000
83791  21.002  -7.850  -38.982 0.7500000000
83798  22.756  -8.521  -40.078 0.1250000000
83799  22.031  -8.044  -39.913 0.6250000000
124770  21.427  -6.943  -38.877 0.6250000000
83789  23.683  -8.133  -39.483 0.1250000000
83797  23.454  -8.196  -40.100 0.1250000000
85617  22.939  -6.493  -39.981 0.1250000000
85630  23.779  -6.327  -40.241 0.1250000000
85618  21.917  -5.992  -38.894 0.6250000000
86518  22.453  -5.156  -39.174 0.6250000000
86519  21.761  -4.905  -38.262 0.7500000000
85629  24.324  -6.605  -40.258 0.1250000000
139789  25.418  -5.728  -40.537 0.1250000000
86529  23.290  -5.325  -39.887 0.1250000000
87359  22.776  -4.221  -39.272 0.5000000000
127834  22.162  -4.147  -38.426 0.6250000000
87343  22.497  -3.333  -38.553 0.7500000000
84727  24.530  -6.953  -40.060 0.1250000000
87358  23.549  -4.267  -39.880 0.5000000000
87342  23.072  -3.326  -39.315 0.5000000000
88093  22.257  -2.549  -37.864 0.7500000000
95525  15.561  6.334  -36.948 0.6250000000
96196  15.906  7.726  -36.691 0.5000000000
96207  16.458  7.139  -37.009 0.7500000000
88860  23.252  -1.703  -38.733 0.6250000000
89684  23.056  -0.953  -37.949 0.6250000000
89685  22.130  -1.012  -37.522 0.8750000000
88872  23.840  -1.566  -39.678 0.5000000000
89683  23.502  -0.829  -38.913 0.6250000000
136782  23.312  -0.251  -38.219 0.6250000000
128276  22.583  -0.058  -37.620 0.7500000000
96195  16.833  7.872  -36.821 0.7500000000
93228  20.596  2.831  -36.578 0.8750000000
91412  22.079  1.380  -37.101 0.8750000000
93227  21.925  3.033  -36.765 0.8750000000
144128  21.175  3.414  -36.585 0.8750000000
88885  24.233  -1.060  -40.546 0.3750000000
90517  23.587  0.023  -39.062 0.5000000000
90518  23.287  0.584  -38.176 0.6250000000
89704  24.036  -0.191  -40.831 0.2500000000
130202  23.928  -0.533  -39.823 0.3750000000
123232  23.544  0.741  -39.231 0.5000000000
95511  17.203  7.111  -36.989 0.8750000000
134517  17.584  7.648  -36.765 0.7500000000
95510  18.113  7.008  -36.710 0.8750000000
126189  19.326  4.040  -36.627 0.8750000000
94048  20.046  4.636  -36.440 0.7500000000
136156  21.702  4.003  -36.783 0.8750000000
91411  23.007  1.432  -37.728 0.6250000000
138787  22.646  2.270  -37.209 0.7500000000
90530  23.783  0.367  -40.046 0.3750000000
91419  23.483  1.287  -40.094 0.5000000000
126703  23.093  2.928  -37.948 0.7500000000
96928  16.179  8.461  -36.554 0.6250000000
94823  19.960  5.994  -36.403 0.8750000000
96193  19.180  7.334  -36.468 0.7500000000
94836  20.765  5.380  -36.546 0.8750000000
94057  22.560  4.598  -37.587 0.7500000000
91427  23.365  1.727  -41.344 0.2500000000
127642  23.296  2.020  -40.508 0.5000000000
92351  23.311  2.053  -39.521 0.5000000000
90539  23.741  0.777  -41.276 0.2500000000
97645  16.499  9.250  -36.489 0.5000000000
97644  17.471  9.318  -36.656 0.5000000000
96926  18.571  8.832  -36.582 0.7500000000
96925  19.397  8.176  -36.482 0.7500000000
145054  19.615  8.847  -36.501 0.7500000000
96192  20.221  7.683  -36.512 0.7500000000
96206  20.990  7.211  -36.740 0.7500000000
140453  20.326  8.486  -36.585 0.7500000000
95522  20.913  6.345  -36.624 0.7500000000
94835  21.736  5.890  -37.021 0.7500000000
95521  21.647  6.751  -37.159 0.7500000000
133319  22.836  4.255  -39.444 0.5000000000
125368  22.632  5.020  -38.781 0.3750000000
94046  22.388  5.490  -37.700 0.6250000000
92365  23.133  2.480  -41.323 0.2500000000
93250  23.023  3.527  -40.150 0.3750000000
97643  18.412  9.775  -36.590 0.6250000000
96924  20.291  9.268  -36.603 0.7500000000
96936  21.037  8.894  -36.953 0.7500000000
96205  21.569  7.571  -37.287 0.7500000000
95520  22.050  7.120  -37.782 0.6250000000
94851  22.331  5.664  -39.737 0.3750000000
94846  22.436  5.980  -38.562 0.3750000000
92375  22.772  3.052  -42.205 0.1250000000
94068  22.028  4.611  -41.669 0.1250000000
140190  22.587  4.215  -40.634 0.2500000000
127340  19.183  10.188  -36.524 0.6250000000
97641  20.098  10.140  -36.592 0.7500000000
97662  20.943  9.742  -36.908 0.6250000000
133210  21.524  8.407  -37.410 0.7500000000
96214  22.147  7.395  -38.660 0.3750000000
96204  21.903  7.896  -37.851 0.3750000000
122058  21.938  6.088  -40.568 0.2500000000
95539  22.204  6.567  -39.441 0.3750000000
94834  22.200  6.337  -37.714 0.6250000000
94866  21.804  4.985  -43.388 0.1250000000
123164  21.408  5.233  -42.739 0.1250000000
93262  22.552  3.752  -42.992 0.1250000000
98364  19.459  10.825  -36.586 0.6250000000
98363  20.186  10.864  -36.745 0.6250000000
145045  21.254  10.186  -37.314 0.3750000000
98378  20.781  10.518  -36.929 0.3750000000
127536  21.590  9.399  -37.607 0.3750000000
96957  21.606  8.267  -40.370 0.2500000000
143756  21.841  8.602  -37.892 0.3750000000
95553  21.304  5.989  -41.965 0.1250000000
95545  21.671  6.798  -40.752 0.3750000000
94080  22.567  4.319  -43.446 0.1250000000
94856  21.885  5.385  -41.129 0.1250000000
133076  20.320  11.884  -37.165 0.3750000000
99029  19.743  11.587  -36.786 0.3750000000
98377  21.399  11.172  -38.025 0.3750000000
142619  21.151  10.861  -37.418 0.3750000000
97679  21.769  9.270  -39.617 0.3750000000
97671  21.760  9.862  -38.545 0.3750000000
97661  21.557  10.393  -37.851 0.3750000000
96948  21.942  8.556  -39.209 0.3750000000
96940  21.899  9.004  -38.462 0.3750000000
96243  20.719  7.074  -43.370 0.1250000000
96227  21.228  7.436  -41.350 0.2500000000
95560  21.142  5.634  -43.285 0.1250000000
99698  20.982  12.266  -38.388 0.2500000000
99044  21.394  11.619  -38.842 0.2500000000
144597  21.222  11.673  -38.180 0.3750000000
97691  21.471  9.806  -40.538 0.1250000000
98387  21.664  10.246  -39.569 0.3750000000
98383  21.610  10.752  -38.673 0.3750000000
122577  21.240  9.026  -41.061 0.1250000000
96965  20.121  8.727  -43.218 0.1250000000
124930  20.533  13.048  -38.292 0.3750000000
139176  21.177  12.312  -39.269 0.2500000000
98392  21.406  10.595  -40.775 0.1250000000
99051  21.362  11.527  -41.005 0.1250000000
98400  20.626  10.904  -42.065 0.1250000000
96972  20.328  8.549  -43.513 0.1250000000
144365  20.195  10.341  -42.772 0.1250000000
100439  20.811  13.350  -41.330 0.1250000000
98409  20.245  11.110  -43.197 0.1250000000
99056  20.621  11.842  -42.354 0.1250000000
97724  20.887  9.704  -43.955 0.1250000000
96976  20.785  8.728  -43.778 0.1250000000
81273  16.823  -10.906  -36.523 0.8750000000
82110  19.923  -10.170  -39.145 0.6250000000
88091  23.432  -2.472  -39.392 0.6250000000
90519  22.564  0.794  -37.516 0.8750000000
92352  23.230  2.151  -38.353 0.5000000000
96927  16.912  8.644  -36.675 0.6250000000
96194  18.363  7.889  -36.589 0.7500000000
95508  20.089  6.838  -36.442 0.8750000000
92359  23.218  2.830  -39.155 0.5000000000
93242  23.067  3.588  -38.733 0.5000000000
135929  22.903  4.244  -38.370 0.7500000000
92358  23.214  2.682  -40.280 0.5000000000
139159  20.334  8.106  -42.780 0.1250000000
125485  21.575  11.135  -39.746 0.2500000000
98419  20.290  9.951  -43.768 0.1250000000
139769  22.281  -7.115  -39.778 0.5000000000
122846  21.218  -6.049  -38.186 0.7500000000
88106  24.052  -2.500  -39.992 0.3750000000
93243  22.749  3.654  -37.510 0.7500000000
89703  24.506  -0.751  -41.489 0.1250000000
75909  15.120  -16.228  -35.306 0.7500000000
76834  14.464  -15.596  -34.793 0.7500000000
76835  13.721  -14.999  -34.132 0.7500000000
77820  13.281  -14.220  -33.538 0.7500000000
75908  15.818  -16.774  -35.751 0.7500000000
76845  15.159  -15.242  -35.445 0.7500000000
76854  16.888  -15.810  -36.613 0.7500000000
80418  13.686  -12.035  -34.105 0.6250000000
79603  13.844  -12.922  -34.084 0.7500000000
77847  17.382  -15.189  -37.056 0.6250000000
78762  17.559  -13.512  -37.468 0.7500000000
133536  18.348  -13.438  -37.905 0.6250000000
80439  18.766  -11.935  -38.380 0.6250000000
81287  19.670  -11.147  -39.063 0.5000000000
81285  21.137  -10.906  -38.946 0.3750000000
81286  20.514  -11.111  -39.237 0.5000000000
82108  21.532  -9.926  -39.202 0.1250000000
83790  23.076  -8.653  -39.699 0.1250000000
84708  24.320  -7.379  -38.979 0.1250000000
84720  24.784  -6.927  -39.613 0.1250000000
84726  25.375  -6.546  -40.023 0.1250000000
96208  15.692  7.028  -36.809 0.3750000000
86527  25.329  -4.864  -40.725 0.1250000000
142866  24.387  -3.230  -40.265 0.1250000000
88871  24.364  -1.895  -40.445 0.2500000000
96929  15.231  8.234  -36.134 0.5000000000
90550  24.080  0.787  -42.416 0.1250000000
89716  24.256  0.039  -41.833 0.2500000000
91445  23.946  1.542  -43.171 0.1250000000
92386  22.891  2.975  -43.126 0.1250000000
93272  22.870  3.590  -43.463 0.1250000000
94865  22.257  5.129  -43.508 0.1250000000
94072  23.140  4.880  -43.210 0.1250000000
96234  22.312  8.072  -43.167 0.1250000000
100394  15.834  13.160  -34.965 0.1250000000
143373  20.518  13.491  -39.013 0.2500000000
100436  20.708  13.477  -39.958 0.1250000000
123483  20.587  14.193  -40.819 0.1250000000
99712  20.604  12.778  -42.470 0.1250000000
99069  20.413  10.701  -43.728 0.1250000000
146720  21.546  9.070  -43.673 0.1250000000
98418  20.679  10.477  -43.973 0.1250000000
82916  19.446  -8.312  -37.701 0.7500000000
88861  22.665  -1.769  -37.900 0.7500000000
94841  14.666  5.350  -36.654 0.3750000000
135294  20.463  3.801  -36.498 0.8750000000
82092  16.396  -10.127  -36.299 0.8750000000
82915  20.185  -8.123  -38.376 0.7500000000
90506  21.683  0.575  -37.240 0.8750000000
94824  19.030  5.651  -36.560 0.8750000000
94039  19.770  5.284  -36.446 0.8750000000
139503  15.655  -16.031  -35.807 0.7500000000
75917  16.346  -16.335  -36.173 0.7500000000
78729  13.328  -13.317  -33.601 0.7500000000
77838  15.567  -14.444  -35.854 0.7500000000
79602  14.395  -12.387  -34.569 0.7500000000
79609  15.541  -12.403  -35.548 0.8750000000
79618  16.108  -11.969  -36.008 0.8750000000
81280  18.250  -11.045  -37.961 0.7500000000
81272  17.558  -10.941  -37.137 0.8750000000
125268  20.962  -10.293  -39.345 0.5000000000
82925  20.753  -8.803  -39.222 0.7500000000
82932  22.212  -8.707  -39.858 0.5000000000
82924  22.384  -8.992  -39.643 0.2500000000
82107  22.053  -9.486  -39.061 0.1250000000
84729  22.921  -7.777  -40.232 0.2500000000
84721  24.060  -7.650  -39.895 0.1250000000
84728  23.795  -7.331  -40.197 0.1250000000
85628  25.015  -6.359  -40.281 0.1250000000
86528  24.382  -5.523  -40.380 0.1250000000
87357  24.399  -4.136  -40.325 0.1250000000
136397  23.752  -3.290  -39.847 0.1250000000
88092  22.853  -2.527  -38.630 0.6250000000
145396  22.709  2.982  -37.252 0.7500000000
91410  23.362  1.380  -38.817 0.5000000000
122438  17.582  8.358  -36.683 0.6250000000
139884  20.965  4.560  -36.560 0.7500000000
92374  23.145  2.367  -42.314 0.1250000000
91436  23.541  1.573  -42.320 0.1250000000
97642  19.380  9.504  -36.514 0.7500000000
137285  21.035  8.048  -36.869 0.7500000000
94061  22.459  4.877  -40.196 0.3750000000
93249  22.977  3.120  -41.143 0.1250000000
93255  22.462  3.789  -41.791 0.1250000000
94073  21.986  4.458  -42.899 0.1250000000
96220  22.026  7.253  -39.695 0.3750000000
96939  22.004  8.237  -38.499 0.3750000000
133535  21.599  5.492  -43.457 0.1250000000
94081  22.319  4.303  -43.361 0.1250000000
99041  20.577  11.232  -37.036 0.3750000000
96226  21.746  7.539  -40.289 0.2500000000
145347  20.922  5.721  -43.018 0.1250000000
128657  20.764  6.245  -43.086 0.1250000000
95546  20.932  6.690  -42.139 0.1250000000
96235  20.548  7.288  -42.750 0.1250000000
96236  20.366  7.894  -43.274 0.1250000000
96971  20.739  7.897  -43.566 0.1250000000
96964  20.818  8.113  -41.786 0.1250000000
95558  22.175  5.835  -43.454 0.1250000000
95559  21.248  6.185  -43.431 0.1250000000
99699  20.816  12.887  -39.147 0.2500000000
99702  21.416  11.972  -39.991 0.2500000000
97703  20.738  9.885  -41.782 0.1250000000
97704  20.071  9.565  -42.925 0.1250000000
132833  20.494  8.871  -42.295 0.1250000000
145812  20.136  8.948  -43.517 0.1250000000
99703  21.071  12.743  -40.120 0.1250000000
99707  21.167  12.416  -41.191 0.1250000000
96970  21.536  8.274  -43.595 0.1250000000
75899  14.559  -16.571  -34.715 0.7500000000
75900  13.929  -16.059  -34.200 0.7500000000
79591  13.324  -12.574  -33.699 0.5000000000
130648  18.578  -12.756  -38.163 0.6250000000
79624  20.210  -12.364  -38.772 0.5000000000
87367  25.228  -3.665  -40.780 0.1250000000
86537  26.244  -4.355  -41.162 0.1250000000
126511  23.343  2.291  -43.087 0.1250000000
96242  21.494  7.295  -43.526 0.1250000000
76824  13.419  -15.713  -33.711 0.7500000000
75018  15.456  -17.919  -35.031 0.6250000000
75028  15.950  -17.543  -35.551 0.6250000000
75898  17.371  -17.052  -35.152 0.3750000000
75907  16.613  -17.073  -35.905 0.6250000000
76833  17.746  -16.340  -35.480 0.2500000000
76844  17.533  -16.104  -36.402 0.3750000000
80448  20.214  -11.751  -39.092 0.3750000000
97646  15.582  9.018  -36.049 0.2500000000
75029  15.249  -17.104  -35.204 0.6250000000
76853  18.045  -15.482  -36.962 0.5000000000
78769  18.436  -14.230  -37.653 0.5000000000
79625  19.224  -13.545  -38.108 0.3750000000
75891  17.444  -17.254  -34.262 0.5000000000
75027  17.023  -17.364  -35.547 0.6250000000
79632  19.561  -12.714  -38.498 0.5000000000
138338  15.769  -18.693  -34.911 0.6250000000
77812  12.852  -14.467  -32.961 0.3750000000
142562  12.764  -15.282  -32.767 0.3750000000
75019  14.695  -17.450  -34.573 0.6250000000
75892  13.430  -16.482  -33.637 0.6250000000
74098  17.109  -18.648  -33.348 0.3750000000
74111  16.857  -18.603  -34.248 0.5000000000
78718  12.502  -13.895  -32.561 0.2500000000
76843  18.184  -15.707  -36.026 0.2500000000
76823  17.779  -16.398  -34.176 0.2500000000
81234  12.413  -10.931  -33.591 0.3750000000
77837  18.650  -15.041  -36.471 0.2500000000
77844  19.163  -14.184  -37.578 0.3750000000
136972  20.014  -13.021  -38.331 0.2500000000
80438  20.414  -12.351  -38.367 0.2500000000
88045  11.590  -2.327  -33.841 0.1250000000
90492  11.687  0.911  -34.771 0.2500000000
92331  13.447  2.479  -36.302 0.3750000000
145407  12.943  1.235  -36.040 0.2500000000
88820  11.553  -0.842  -34.221 0.1250000000
87297  11.630  -3.016  -33.867 0.2500000000
91391  13.177  1.796  -36.198 0.3750000000
77846  18.050  -14.935  -37.386 0.5000000000
76825  13.135  -15.096  -33.395 0.5000000000
75916  16.962  -16.519  -36.349 0.5000000000
144693  17.473  -15.672  -36.828 0.5000000000
80447  20.611  -11.750  -38.833 0.2500000000
78730  12.866  -13.629  -33.093 0.3750000000
75020  14.018  -16.948  -34.115 0.6250000000
79592  12.746  -12.693  -33.236 0.3750000000
74119  16.014  -18.183  -35.314 0.6250000000
75017  16.522  -17.782  -35.378 0.5000000000
76832  18.175  -15.592  -34.713 0.2500000000
77845  18.634  -14.830  -37.287 0.3750000000
75016  17.058  -17.860  -34.862 0.5000000000
75004  17.329  -17.877  -33.614 0.3750000000
74112  16.397  -18.573  -34.945 0.5000000000
136396  19.618  -13.473  -37.746 0.2500000000
88028  11.565  -2.636  -33.747 0.1250000000
74082  13.336  -18.479  -33.120 0.5000000000
73267  16.749  -19.309  -33.700 0.2500000000
72360  15.898  -20.073  -34.298 0.3750000000
122562  16.072  -19.351  -34.656 0.5000000000
74100  14.026  -18.609  -33.622 0.5000000000
73244  13.538  -19.194  -33.070 0.3750000000
74991  12.975  -17.824  -32.913 0.5000000000
75005  14.099  -17.776  -33.942 0.5000000000
141008  13.518  -18.003  -33.442 0.5000000000
75007  12.949  -16.844  -33.024 0.3750000000
75006  13.451  -17.321  -33.528 0.5000000000
145823  12.287  -19.392  -31.352 0.1250000000
120995  13.169  -19.744  -32.476 0.3750000000
127076  12.594  -16.186  -32.399 0.2500000000
71425  12.802  -21.671  -31.297 0.1250000000
127875  12.881  -20.348  -31.906 0.2500000000
72348  14.127  -20.821  -33.037 0.3750000000
73254  16.818  -20.181  -32.982 0.2500000000
72361  15.048  -21.011  -33.591 0.3750000000
129653  15.204  -20.178  -33.916 0.5000000000
121197  12.160  -20.531  -30.836 0.1250000000
72362  14.481  -20.307  -33.424 0.3750000000
74074  11.768  -18.164  -31.084 0.1250000000
75869  12.156  -16.776  -31.699 0.1250000000
142018  24.924  -2.176  -40.994 0.1250000000
75893  13.015  -15.934  -33.166 0.3750000000
74099  14.864  -18.402  -34.373 0.5000000000
73256  15.370  -19.355  -34.350 0.5000000000
76815  12.469  -15.344  -32.216 0.2500000000
73257  14.403  -19.519  -33.609 0.5000000000
73255  16.218  -19.982  -34.137 0.3750000000
72369  16.009  -20.630  -34.046 0.3750000000
121000  13.798  -20.030  -33.017 0.3750000000
74083  12.908  -18.779  -32.488 0.2500000000
138264  12.603  -18.036  -32.191 0.1250000000
123616  12.572  -17.226  -32.309 0.1250000000
137788  12.421  -20.073  -31.369 0.1250000000
73225  12.011  -19.737  -30.953 0.1250000000
120991  12.674  -19.501  -31.861 0.2500000000
73237  11.895  -18.973  -31.021 0.1250000000
140470  11.753  -19.288  -30.663 0.1250000000
74073  12.368  -18.646  -31.632 0.1250000000
121292  12.322  -21.364  -30.745 0.1250000000
121291  12.609  -20.875  -31.334 0.1250000000
120999  13.449  -20.597  -32.475 0.3750000000
71443  15.862  -21.419  -33.806 0.2500000000
74979  12.193  -17.682  -31.645 0.1250000000
121002  13.802  -21.360  -32.521 0.2500000000
121795  15.315  -21.990  -33.543 0.2500000000
79593  12.196  -12.435  -32.768 0.2500000000
72359  16.240  -20.934  -33.660 0.2500000000
140178  13.625  -21.819  -32.083 0.1250000000
120994  13.179  -21.234  -31.892 0.1250000000
121003  14.506  -21.597  -33.095 0.2500000000
121004  14.787  -22.295  -33.105 0.1250000000
80388  11.862  -11.695  -32.679 0.1250000000
95512  14.848  6.782  -36.399 0.1250000000
95526  14.743  6.070  -36.546 0.1250000000
96198  14.215  7.150  -35.643 0.1250000000
96917  14.668  8.642  -35.342 0.1250000000
96197  14.989  7.500  -36.257 0.1250000000
96180  14.088  7.942  -34.884 0.1250000000
96930  14.385  7.881  -35.492 0.1250000000
97627  15.170  9.554  -35.125 0.1250000000
95527  13.924  5.799  -36.184 0.1250000000
96918  14.171  8.123  -35.103 0.1250000000
97628  14.429  9.007  -34.559 0.1250000000
96911  14.621  9.106  -33.603 0.1250000000
94842  13.976  5.211  -36.332 0.1250000000
77797  12.402  -14.594  -32.208 0.1250000000
79563  12.014  -12.809  -32.328 0.1250000000
92332  12.817  2.412  -35.699 0.1250000000
94826  13.668  5.367  -36.088 0.1250000000
95514  13.741  6.002  -36.052 0.1250000000
95496  13.890  6.856  -35.373 0.1250000000
123725  13.835  6.765  -34.983 0.1250000000
96175  14.550  8.716  -33.881 0.1250000000
96910  14.483  8.975  -33.561 0.1250000000
97625  14.531  9.393  -33.702 0.1250000000
93235  14.454  4.565  -36.673 0.1250000000
81235  11.863  -10.241  -33.230 0.1250000000
81225  11.600  -10.325  -32.652 0.1250000000
80402  12.937  -11.873  -33.645 0.1250000000
78731  12.471  -13.146  -32.791 0.1250000000
78719  12.195  -13.018  -32.404 0.1250000000
91392  12.553  1.762  -35.594 0.1250000000
135499  11.834  -11.015  -32.989 0.1250000000
80403  12.271  -11.781  -33.142 0.1250000000
80349  11.830  -11.386  -31.640 0.1250000000
137030  11.790  -12.177  -32.310 0.1250000000
95513  14.095  6.449  -36.078 0.1250000000
95478  14.167  7.771  -34.816 0.1250000000
96914  14.382  8.688  -34.393 0.1250000000
95484  15.523  6.676  -34.928 0.1250000000
142146  14.699  9.533  -33.060 0.1250000000
133663  17.562  -18.248  -32.483 0.1250000000
74990  17.664  -17.465  -32.738 0.1250000000
75881  17.637  -16.973  -33.333 0.1250000000
77830  18.582  -14.881  -35.165 0.1250000000
78752  19.055  -14.242  -35.599 0.1250000000
78761  19.171  -14.430  -36.808 0.1250000000
135822  19.639  -12.847  -35.246 0.1250000000
78751  19.461  -13.537  -36.038 0.1250000000
78760  19.482  -13.873  -37.121 0.1250000000
80424  20.374  -11.533  -36.088 0.1250000000
79615  20.166  -12.885  -37.710 0.1250000000
80431  20.467  -12.028  -37.407 0.1250000000
81278  20.855  -11.590  -38.317 0.1250000000
71431  16.810  -22.045  -32.920 0.1250000000
71441  16.789  -21.253  -32.907 0.1250000000
72358  17.416  -20.778  -32.256 0.1250000000
137106  17.526  -19.844  -32.077 0.1250000000
74989  18.087  -17.505  -32.112 0.1250000000
75880  17.999  -16.860  -32.529 0.1250000000
76814  18.600  -15.687  -32.634 0.1250000000
78743  18.985  -14.130  -34.469 0.1250000000
78742  19.364  -13.371  -34.777 0.1250000000
79600  20.004  -12.090  -35.149 0.1250000000
81277  21.285  -10.693  -38.010 0.1250000000
81270  21.115  -10.009  -36.439 0.1250000000
81263  20.699  -10.618  -35.653 0.1250000000
82099  21.629  -10.051  -38.596 0.1250000000
124469  17.217  -19.196  -32.663 0.1250000000
76822  18.259  -15.518  -33.521 0.1250000000
79616  19.797  -13.217  -36.896 0.1250000000
71442  16.264  -21.894  -33.522 0.1250000000
73243  17.781  -18.971  -31.867 0.1250000000
75890  17.993  -16.222  -33.019 0.1250000000
77819  18.585  -14.770  -33.997 0.1250000000
79608  19.751  -12.782  -35.945 0.1250000000
79607  20.078  -12.422  -36.550 0.1250000000
81271  20.696  -11.028  -36.982 0.1250000000
70548  17.230  -22.586  -32.572 0.1250000000
71429  18.055  -21.329  -31.858 0.1250000000
75868  18.570  -16.831  -31.960 0.1250000000
74081  18.218  -18.212  -31.779 0.1250000000
75906  17.246  -16.824  -35.954 0.5000000000
79576  11.866  -12.269  -32.293 0.1250000000
80449  19.630  -11.927  -38.842 0.5000000000
81252  12.807  -10.288  -34.181 0.6250000000
82850  11.518  -8.884  -32.972 0.1250000000
82933  21.586  -8.691  -39.584 0.5000000000
84710  18.822  -6.265  -36.765 1.0000000000
84713  15.852  -5.824  -37.056 1.0000000000
85606  17.427  -5.470  -37.122 1.0000000000
88847  16.247  -1.479  -37.883 1.0000000000
90522  15.787  0.911  -38.020 1.0000000000
94047  21.766  4.978  -36.932 0.7500000000
94840  15.440  5.600  -37.082 0.3750000000
95497  13.559  6.132  -35.294 0.1250000000
95533  22.287  6.694  -38.361 0.6250000000
96176  14.467  8.425  -34.357 0.1250000000
96947  21.981  7.889  -39.425 0.3750000000
97624  14.688  9.771  -34.020 0.1250000000
97716  20.055  9.397  -43.479 0.1250000000
97725  20.284  9.181  -43.725 0.1250000000
98410  20.066  10.179  -43.391 0.1250000000
99040  20.931  11.650  -37.636 0.3750000000
99694  20.462  12.448  -37.622 0.3750000000
125805  13.279  -21.929  -31.681 0.1250000000
126773  18.846  -3.870  -37.353 1.0000000000
128303  16.427  -19.165  -34.430 0.2500000000
131981  21.032  -1.957  -37.329 1.0000000000
135394  18.425  -16.331  -32.403 0.1250000000
138690  15.746  -20.676  -33.979 0.3750000000
140518  15.450  2.048  -37.701 1.0000000000
143501  18.676  -1.037  -37.621 1.0000000000
143889  20.854  -7.108  -38.419 0.8750000000
144099  16.967  13.651  -36.256 0.2500000000
144318  16.108  11.458  -36.014 0.1250000000
144706  14.621  -18.978  -33.994 0.5000000000
144861  12.589  -14.711  -32.511 0.1250000000
145144  18.199  0.811  -37.736 1.0000000000
145826  16.858  5.693  -37.436 1.0000000000
146577  16.168  6.585  -37.175 0.6250000000
146613  21.942  -9.058  -39.647 0.5000000000
