#!ascii label  , from subject sub-v1s3x0050799_ses-1 vox2ras=TkReg
416
80928  -27.849  5.749  -24.856 0.0000000000
130106  -23.410  1.931  -24.109 0.0000000000
141747  -30.295  1.331  -24.167 0.0000000000
74549  -25.847  -1.981  -23.680 0.0000000000
132273  -29.317  18.026  -25.532 0.0000000000
135223  -31.342  14.151  -24.379 0.0000000000
84690  -24.996  9.508  -26.453 0.0000000000
70484  -25.433  -5.954  -23.099 0.0000000000
76378  -24.712  0.299  -24.298 0.0000000000
73526  -23.512  -2.154  -22.855 0.0000000000
90380  -30.725  16.195  -24.859 0.0000000000
87235  -27.162  12.784  -25.971 0.0000000000
80927  -23.105  5.798  -24.450 0.0000000000
83716  -22.105  8.277  -23.350 0.0000000000
82846  -25.672  7.591  -26.577 0.0000000000
120704  -29.411  9.811  -24.751 0.0000000000
82818  -30.758  7.479  -24.125 0.0000000000
80931  -31.724  5.540  -25.323 0.0000000000
79977  -21.927  4.289  -22.764 0.0000000000
79088  -24.944  3.478  -26.258 0.0000000000
79064  -28.589  3.472  -24.138 0.0000000000
77352  -25.903  1.738  -25.093 0.0000000000
75463  -27.861  -0.421  -23.633 0.0000000000
73551  -28.992  -2.430  -24.431 0.0000000000
129106  -23.863  11.209  -25.745 0.0000000000
86423  -28.270  11.203  -25.494 0.0000000000
87222  -33.128  12.138  -24.706 0.0000000000
72506  -23.303  -3.495  -22.274 0.0000000000
71481  -25.940  -4.510  -23.406 0.0000000000
75436  -22.508  -0.610  -22.216 0.0000000000
74522  -22.410  -1.517  -21.874 0.0000000000
88881  -27.148  14.392  -26.008 0.0000000000
88054  -25.363  13.075  -26.446 0.0000000000
129767  -25.336  5.806  -26.471 0.0000000000
81898  -24.457  6.838  -25.892 0.0000000000
81899  -26.610  6.686  -26.103 0.0000000000
82832  -28.128  7.488  -24.944 0.0000000000
82816  -28.845  6.952  -24.515 0.0000000000
81902  -31.918  6.314  -25.054 0.0000000000
80929  -29.686  5.490  -24.230 0.0000000000
79057  -22.742  3.163  -23.539 0.0000000000
80002  -23.349  4.094  -24.456 0.0000000000
78205  -23.805  3.157  -24.902 0.0000000000
78217  -25.508  2.794  -25.912 0.0000000000
127658  -24.750  1.996  -25.367 0.0000000000
134309  -25.020  -1.108  -23.773 0.0000000000
76380  -26.071  0.247  -24.195 0.0000000000
124422  -27.314  -0.812  -23.649 0.0000000000
117510  -28.239  -1.079  -23.799 0.0000000000
136290  -27.455  -2.139  -23.753 0.0000000000
90395  -27.822  16.986  -26.681 0.0000000000
91097  -27.267  17.522  -26.924 0.0000000000
91857  -28.338  18.812  -26.722 0.0000000000
92626  -28.664  19.583  -26.799 0.0000000000
91851  -30.289  18.846  -25.391 0.0000000000
89623  -31.073  15.536  -24.640 0.0000000000
135082  -23.150  8.749  -24.824 0.0000000000
84662  -22.790  9.490  -24.324 0.0000000000
85569  -24.387  10.222  -26.041 0.0000000000
130228  -26.469  11.044  -26.567 0.0000000000
85588  -26.711  10.217  -26.364 0.0000000000
83735  -32.298  9.187  -24.510 0.0000000000
85561  -30.924  10.579  -24.064 0.0000000000
132673  -33.472  10.830  -25.735 0.0000000000
129130  -29.303  2.615  -23.815 0.0000000000
79080  -31.325  3.413  -25.708 0.0000000000
70463  -23.507  -5.536  -21.823 0.0000000000
131028  -23.901  -4.933  -22.366 0.0000000000
72507  -23.837  -3.511  -22.656 0.0000000000
70501  -25.592  -5.209  -23.227 0.0000000000
76363  -22.980  0.872  -23.240 0.0000000000
76377  -24.025  0.644  -24.089 0.0000000000
76364  -23.494  0.171  -23.506 0.0000000000
74547  -24.360  -1.284  -23.574 0.0000000000
74548  -24.926  -1.919  -23.640 0.0000000000
90385  -28.362  16.488  -25.831 0.0000000000
125151  -29.168  16.754  -25.384 0.0000000000
132920  -28.958  15.946  -25.412 0.0000000000
88866  -28.522  14.282  -25.452 0.0000000000
88042  -29.064  13.420  -25.012 0.0000000000
133650  -20.343  5.774  -24.914 0.0000000000
82814  -22.697  7.115  -24.225 0.0000000000
131022  -24.318  7.949  -25.882 0.0000000000
83754  -24.912  8.744  -26.455 0.0000000000
84693  -26.955  9.482  -26.100 0.0000000000
83743  -27.246  8.795  -25.717 0.0000000000
83733  -30.867  8.427  -24.043 0.0000000000
129450  -32.409  8.207  -24.839 0.0000000000
82834  -32.540  7.473  -25.598 0.0000000000
68410  -26.068  -7.248  -23.187 0.0000000000
69461  -26.565  -6.018  -23.582 0.0000000000
80916  -21.864  5.445  -23.303 0.0000000000
132145  -24.373  4.689  -25.739 0.0000000000
80030  -26.180  4.366  -26.433 0.0000000000
80003  -27.723  5.031  -24.768 0.0000000000
79078  -26.407  3.654  -25.923 0.0000000000
134961  -26.962  2.651  -24.573 0.0000000000
78187  -27.694  1.882  -23.946 0.0000000000
76393  -25.130  0.984  -24.711 0.0000000000
77334  -26.381  0.998  -24.287 0.0000000000
77336  -28.603  0.974  -23.627 0.0000000000
75465  -29.572  -0.719  -24.461 0.0000000000
74561  -29.898  -1.262  -24.934 0.0000000000
91852  -31.126  18.299  -25.398 0.0000000000
129699  -25.741  12.240  -26.580 0.0000000000
87236  -27.828  12.044  -25.732 0.0000000000
87205  -30.294  12.462  -24.364 0.0000000000
85571  -28.832  10.267  -25.175 0.0000000000
86414  -30.429  11.219  -24.287 0.0000000000
129470  -32.847  12.952  -24.547 0.0000000000
80005  -29.735  4.718  -24.205 0.0000000000
80031  -31.472  4.278  -26.817 0.0000000000
73507  -21.613  -2.511  -20.890 0.0000000000
128979  -23.370  -2.886  -22.522 0.0000000000
73527  -24.002  -2.819  -22.996 0.0000000000
73540  -26.159  -2.962  -23.553 0.0000000000
70503  -27.061  -5.451  -23.794 0.0000000000
71498  -27.110  -4.154  -23.851 0.0000000000
128260  -27.644  -2.893  -23.913 0.0000000000
88053  -24.515  13.355  -26.130 0.0000000000
80944  -26.558  5.967  -26.124 0.0000000000
132181  -26.028  6.006  -26.574 0.0000000000
81900  -27.201  6.262  -25.516 0.0000000000
81901  -27.981  6.624  -24.935 0.0000000000
81889  -29.670  6.379  -24.258 0.0000000000
78178  -22.887  2.253  -23.553 0.0000000000
141304  -22.572  2.741  -23.238 0.0000000000
78184  -23.325  2.640  -24.192 0.0000000000
78185  -23.977  2.081  -24.769 0.0000000000
140917  -25.362  -1.494  -23.712 0.0000000000
74557  -25.734  -1.014  -23.758 0.0000000000
74558  -26.746  -1.477  -23.656 0.0000000000
74559  -27.774  -1.598  -23.766 0.0000000000
91088  -28.694  17.428  -25.813 0.0000000000
91098  -28.157  17.847  -26.768 0.0000000000
91849  -28.889  18.368  -25.985 0.0000000000
92620  -29.145  19.267  -26.020 0.0000000000
92622  -29.905  19.650  -25.592 0.0000000000
91850  -29.583  18.760  -25.519 0.0000000000
129471  -31.424  14.948  -24.497 0.0000000000
89624  -32.027  15.484  -24.618 0.0000000000
126069  -32.654  14.997  -24.727 0.0000000000
88853  -32.854  14.264  -24.641 0.0000000000
140229  -23.671  8.904  -25.393 0.0000000000
84674  -24.013  9.501  -25.668 0.0000000000
85560  -23.610  10.394  -25.307 0.0000000000
85587  -25.123  10.442  -26.442 0.0000000000
84691  -25.527  9.654  -26.537 0.0000000000
84678  -33.114  9.671  -24.930 0.0000000000
140308  -33.145  10.124  -24.815 0.0000000000
78189  -30.146  1.928  -23.855 0.0000000000
78190  -30.597  2.385  -24.560 0.0000000000
78209  -30.886  2.074  -25.618 0.0000000000
129694  -24.865  -6.098  -22.745 0.0000000000
70482  -24.224  -5.820  -22.402 0.0000000000
71447  -23.267  -4.619  -21.876 0.0000000000
70483  -24.777  -5.233  -22.779 0.0000000000
76347  -22.783  0.163  -22.784 0.0000000000
74537  -23.012  -1.443  -22.615 0.0000000000
74538  -23.678  -1.389  -23.199 0.0000000000
73537  -24.151  -2.079  -23.363 0.0000000000
89654  -26.861  15.294  -26.399 0.0000000000
89638  -28.255  15.745  -25.760 0.0000000000
88865  -27.822  15.014  -25.851 0.0000000000
88057  -27.455  13.556  -25.776 0.0000000000
88882  -27.838  14.152  -25.704 0.0000000000
88041  -28.196  13.480  -25.496 0.0000000000
88867  -29.392  14.499  -25.012 0.0000000000
81869  -21.762  6.128  -23.375 0.0000000000
81887  -23.091  6.610  -24.534 0.0000000000
82845  -25.178  7.482  -26.515 0.0000000000
82828  -24.064  7.366  -25.581 0.0000000000
131019  -24.792  8.082  -26.374 0.0000000000
130269  -25.287  8.146  -26.556 0.0000000000
83757  -26.477  8.679  -26.297 0.0000000000
82848  -26.825  7.998  -25.988 0.0000000000
82833  -28.913  7.846  -24.551 0.0000000000
136878  -28.292  8.232  -24.948 0.0000000000
83732  -29.785  8.315  -24.294 0.0000000000
83734  -31.665  8.578  -24.312 0.0000000000
82819  -31.595  7.859  -24.379 0.0000000000
83758  -32.941  8.144  -25.869 0.0000000000
82820  -32.144  7.475  -24.818 0.0000000000
117936  -31.274  6.215  -24.483 0.0000000000
80960  -32.026  5.518  -27.576 0.0000000000
68411  -26.903  -7.572  -23.058 0.0000000000
135681  -20.613  4.068  -24.407 0.0000000000
80915  -20.876  4.257  -25.117 0.0000000000
79993  -21.619  4.787  -23.027 0.0000000000
80018  -24.036  3.999  -25.348 0.0000000000
121872  -23.608  4.814  -24.935 0.0000000000
80019  -24.642  3.998  -26.129 0.0000000000
131471  -25.260  4.784  -26.555 0.0000000000
80029  -25.676  4.207  -26.569 0.0000000000
137071  -26.325  4.002  -26.273 0.0000000000
130896  -26.070  3.747  -26.406 0.0000000000
138937  -25.779  2.459  -25.611 0.0000000000
129213  -26.496  3.110  -25.319 0.0000000000
78208  -26.242  2.468  -25.256 0.0000000000
78186  -26.674  1.808  -24.488 0.0000000000
76381  -27.034  0.123  -23.707 0.0000000000
77335  -27.365  1.027  -23.795 0.0000000000
118036  -28.133  0.207  -23.614 0.0000000000
117243  -29.253  0.088  -23.816 0.0000000000
75464  -28.709  -0.549  -23.807 0.0000000000
129026  -28.648  -1.768  -24.152 0.0000000000
74560  -29.112  -1.234  -24.258 0.0000000000
123853  -29.489  -1.799  -24.600 0.0000000000
74562  -30.341  -1.689  -25.082 0.0000000000
90386  -30.229  16.978  -25.154 0.0000000000
132187  -30.926  17.533  -25.181 0.0000000000
83715  -21.435  7.426  -22.671 0.0000000000
131710  -23.320  11.330  -25.059 0.0000000000
86435  -23.946  11.963  -26.052 0.0000000000
86436  -24.585  11.885  -26.363 0.0000000000
86437  -25.308  11.755  -26.537 0.0000000000
86440  -27.568  11.325  -25.938 0.0000000000
136233  -26.982  11.404  -26.440 0.0000000000
131964  -28.535  11.781  -25.363 0.0000000000
87220  -29.230  12.136  -24.808 0.0000000000
84676  -27.779  9.539  -25.512 0.0000000000
85570  -28.256  10.098  -25.410 0.0000000000
86416  -32.688  11.357  -24.467 0.0000000000
86415  -31.540  11.316  -24.134 0.0000000000
87207  -32.149  12.236  -24.278 0.0000000000
87208  -33.294  12.865  -24.935 0.0000000000
126417  -33.488  12.889  -25.542 0.0000000000
121982  -28.059  4.330  -24.534 0.0000000000
80004  -28.681  5.086  -24.414 0.0000000000
128461  -29.250  4.125  -24.162 0.0000000000
80022  -31.463  4.107  -25.774 0.0000000000
72491  -22.280  -3.628  -21.346 0.0000000000
72490  -21.789  -3.189  -20.915 0.0000000000
126685  -22.103  -2.936  -21.333 0.0000000000
73508  -22.231  -2.313  -21.574 0.0000000000
72505  -22.734  -3.058  -21.898 0.0000000000
71480  -25.084  -4.376  -23.085 0.0000000000
72517  -24.543  -3.536  -23.038 0.0000000000
72518  -25.434  -3.517  -23.371 0.0000000000
73538  -24.687  -2.750  -23.375 0.0000000000
72532  -27.849  -3.875  -24.091 0.0000000000
88055  -25.755  13.788  -26.300 0.0000000000
88056  -26.680  13.651  -26.102 0.0000000000
87234  -26.339  12.737  -26.396 0.0000000000
120957  -24.599  6.108  -25.977 0.0000000000
81897  -23.817  6.500  -25.289 0.0000000000
81915  -25.586  6.794  -26.560 0.0000000000
81916  -26.078  6.962  -26.551 0.0000000000
82830  -26.521  7.333  -26.210 0.0000000000
82831  -27.254  7.202  -25.583 0.0000000000
82817  -29.726  7.278  -24.263 0.0000000000
124283  -31.602  7.001  -24.547 0.0000000000
81890  -30.519  6.659  -24.194 0.0000000000
80930  -30.568  5.827  -24.273 0.0000000000
136080  -31.196  5.450  -24.574 0.0000000000
79044  -22.252  3.305  -22.815 0.0000000000
141060  -22.388  3.779  -23.125 0.0000000000
79995  -22.585  4.188  -23.490 0.0000000000
79062  -23.189  3.448  -24.132 0.0000000000
79077  -24.491  3.328  -25.689 0.0000000000
79089  -25.480  3.440  -26.311 0.0000000000
78216  -24.988  2.744  -25.959 0.0000000000
78207  -25.301  2.089  -25.537 0.0000000000
75460  -25.191  -0.398  -24.075 0.0000000000
76379  -25.422  0.298  -24.379 0.0000000000
75461  -25.736  -0.269  -24.060 0.0000000000
75462  -26.418  -0.522  -23.783 0.0000000000
73550  -28.182  -2.329  -24.057 0.0000000000
90394  -26.836  16.708  -27.018 0.0000000000
92627  -30.634  20.081  -25.927 0.0000000000
89622  -30.328  15.617  -24.825 0.0000000000
90387  -31.374  16.818  -24.953 0.0000000000
90381  -31.493  16.076  -24.745 0.0000000000
85545  -22.020  10.116  -23.161 0.0000000000
130165  -23.101  10.307  -24.570 0.0000000000
85586  -24.444  11.173  -26.205 0.0000000000
134301  -25.005  11.260  -26.439 0.0000000000
127584  -25.644  11.059  -26.570 0.0000000000
130785  -27.251  10.821  -26.207 0.0000000000
84665  -30.317  9.925  -24.301 0.0000000000
84666  -31.587  9.897  -24.120 0.0000000000
85563  -33.029  10.588  -24.674 0.0000000000
86426  -33.359  11.256  -25.063 0.0000000000
131768  -30.372  3.988  -24.347 0.0000000000
79065  -30.067  3.084  -24.013 0.0000000000
79079  -30.943  3.071  -24.992 0.0000000000
132691  -22.914  -5.013  -21.474 0.0000000000
72492  -22.957  -3.878  -21.885 0.0000000000
71466  -23.585  -4.103  -22.304 0.0000000000
71467  -24.290  -4.272  -22.684 0.0000000000
77323  -22.641  1.610  -23.070 0.0000000000
77324  -23.198  1.479  -23.658 0.0000000000
77331  -23.756  1.354  -24.221 0.0000000000
124849  -23.503  0.902  -23.744 0.0000000000
76365  -24.132  -0.019  -23.892 0.0000000000
75437  -23.212  -0.639  -23.017 0.0000000000
75447  -23.889  -0.633  -23.552 0.0000000000
75448  -24.563  -0.523  -23.851 0.0000000000
89668  -25.347  16.084  -26.422 0.0000000000
123215  -26.572  16.007  -26.827 0.0000000000
91089  -29.456  17.450  -25.390 0.0000000000
90379  -29.835  16.126  -25.137 0.0000000000
131360  -28.769  15.147  -25.463 0.0000000000
89639  -29.609  15.367  -25.067 0.0000000000
88851  -30.458  14.873  -24.637 0.0000000000
126873  -30.133  13.901  -24.583 0.0000000000
130137  -22.428  7.661  -23.829 0.0000000000
82815  -23.366  7.276  -24.949 0.0000000000
83731  -22.966  7.922  -24.566 0.0000000000
83741  -23.647  8.124  -25.341 0.0000000000
83742  -24.312  8.670  -25.911 0.0000000000
83755  -25.477  8.835  -26.564 0.0000000000
84692  -26.124  9.363  -26.527 0.0000000000
84677  -28.690  9.600  -25.090 0.0000000000
126004  -27.613  8.089  -25.378 0.0000000000
83745  -28.827  8.736  -24.751 0.0000000000
130486  -29.367  9.168  -24.619 0.0000000000
125957  -31.165  9.186  -24.033 0.0000000000
83746  -32.995  8.903  -25.271 0.0000000000
83759  -33.339  8.884  -26.230 0.0000000000
82850  -33.321  8.201  -26.746 0.0000000000
81903  -32.228  6.846  -25.319 0.0000000000
69441  -25.304  -6.813  -22.977 0.0000000000
69460  -26.008  -6.462  -23.358 0.0000000000
133644  -20.900  5.058  -25.103 0.0000000000
80926  -22.179  5.688  -23.598 0.0000000000
80001  -22.731  4.984  -23.873 0.0000000000
80942  -24.082  5.522  -25.424 0.0000000000
80943  -24.743  5.222  -26.224 0.0000000000
80957  -25.843  5.035  -26.605 0.0000000000
80958  -26.375  5.149  -26.285 0.0000000000
80945  -27.051  5.311  -25.446 0.0000000000
80020  -26.663  4.359  -25.825 0.0000000000
80021  -27.299  4.556  -25.020 0.0000000000
79063  -27.206  3.645  -24.836 0.0000000000
127761  -26.028  3.061  -26.008 0.0000000000
78188  -28.025  2.749  -24.090 0.0000000000
125687  -29.032  1.831  -23.688 0.0000000000
77332  -24.525  1.262  -24.674 0.0000000000
77350  -24.997  1.536  -25.186 0.0000000000
77351  -25.388  1.486  -25.056 0.0000000000
77333  -25.713  0.980  -24.619 0.0000000000
77337  -29.922  0.929  -23.817 0.0000000000
76394  -30.056  -0.114  -24.760 0.0000000000
91090  -30.110  18.007  -25.277 0.0000000000
91091  -31.736  17.517  -25.296 0.0000000000
127528  -24.915  12.499  -26.463 0.0000000000
86438  -25.950  11.585  -26.623 0.0000000000
131715  -27.082  11.992  -26.358 0.0000000000
133214  -27.802  12.878  -25.629 0.0000000000
87219  -28.435  12.606  -25.355 0.0000000000
88023  -29.823  13.040  -24.513 0.0000000000
88024  -30.810  13.273  -24.343 0.0000000000
85590  -28.056  10.650  -25.519 0.0000000000
131007  -28.676  10.709  -25.304 0.0000000000
85573  -29.922  10.609  -24.497 0.0000000000
85572  -29.136  10.617  -25.021 0.0000000000
86425  -29.516  11.198  -24.681 0.0000000000
87221  -30.026  11.772  -24.409 0.0000000000
129982  -31.226  12.638  -24.218 0.0000000000
88026  -32.685  13.615  -24.499 0.0000000000
88854  -33.288  14.152  -25.046 0.0000000000
80007  -31.417  4.807  -25.051 0.0000000000
79066  -31.155  4.039  -24.971 0.0000000000
128308  -31.649  4.789  -25.876 0.0000000000
73525  -22.871  -2.240  -22.249 0.0000000000
73539  -25.396  -2.625  -23.550 0.0000000000
70502  -25.988  -5.815  -23.400 0.0000000000
118101  -26.322  -5.309  -23.551 0.0000000000
71482  -26.739  -4.717  -23.744 0.0000000000
71483  -27.507  -4.769  -23.958 0.0000000000
72519  -26.402  -3.880  -23.590 0.0000000000
72520  -27.006  -3.371  -23.733 0.0000000000
73541  -26.815  -2.459  -23.655 0.0000000000
78177  -22.411  2.382  -22.904 0.0000000000
78206  -24.428  2.630  -25.390 0.0000000000
79994  -22.053  4.932  -23.289 0.0000000000
80006  -30.692  4.888  -24.423 0.0000000000
80028  -25.098  4.031  -26.540 0.0000000000
81886  -22.385  6.417  -23.836 0.0000000000
81888  -28.768  6.054  -24.510 0.0000000000
81914  -24.978  6.745  -26.403 0.0000000000
82796  -22.179  6.851  -23.577 0.0000000000
82829  -24.669  7.435  -26.211 0.0000000000
82847  -26.114  7.889  -26.506 0.0000000000
83744  -28.083  8.866  -25.239 0.0000000000
83756  -25.924  8.555  -26.579 0.0000000000
84663  -23.391  9.535  -25.033 0.0000000000
84664  -30.155  9.150  -24.265 0.0000000000
84667  -32.636  9.991  -24.525 0.0000000000
84675  -24.567  9.326  -26.163 0.0000000000
84679  -33.354  9.596  -25.701 0.0000000000
85546  -22.493  10.427  -23.790 0.0000000000
85562  -32.101  10.608  -24.219 0.0000000000
85574  -33.360  10.310  -25.225 0.0000000000
85589  -27.507  10.166  -25.826 0.0000000000
86424  -28.889  11.165  -25.207 0.0000000000
86439  -26.460  11.820  -26.554 0.0000000000
87206  -30.919  11.936  -24.144 0.0000000000
87223  -33.442  12.150  -25.288 0.0000000000
87233  -24.185  12.633  -26.150 0.0000000000
88025  -31.992  13.282  -24.262 0.0000000000
88027  -33.143  13.561  -24.775 0.0000000000
88852  -32.156  14.653  -24.463 0.0000000000
89626  -33.130  14.849  -25.059 0.0000000000
90388  -32.179  16.312  -24.882 0.0000000000
117010  -20.431  5.242  -25.098 0.0000000000
117087  -21.780  7.047  -23.372 0.0000000000
126245  -25.948  10.288  -26.594 0.0000000000
128319  -32.274  14.004  -24.372 0.0000000000
128404  -25.673  8.182  -26.579 0.0000000000
135874  -23.238  10.809  -24.801 0.0000000000
136465  -24.834  4.523  -26.375 0.0000000000
136788  -29.406  10.232  -24.813 0.0000000000
139340  -31.082  6.813  -24.262 0.0000000000
140468  -26.245  6.402  -26.422 0.0000000000
