#!ascii label  , from subject sub-v1s12x0050122_ses-1 vox2ras=TkReg
597
19699  -29.499  -65.901  -46.889 0.5000000000
18982  -27.978  -66.403  -46.887 0.8000000119
19696  -26.320  -65.757  -46.893 0.8000000119
18981  -27.179  -66.188  -46.873 0.8000000119
19714  -30.286  -66.316  -46.958 0.5000000000
18983  -28.857  -66.538  -46.834 0.5000000000
19698  -28.510  -65.803  -46.981 0.6000000238
19709  -24.832  -65.164  -47.173 0.6999999881
19697  -27.698  -65.734  -47.140 0.8000000119
19715  -31.018  -66.178  -46.971 0.6000000238
19727  -23.376  -65.025  -48.014 0.6999999881
107910  -29.018  -65.117  -46.752 0.6000000238
20441  -24.347  -64.790  -47.868 0.6999999881
19711  -26.664  -65.175  -47.572 0.6999999881
20430  -28.714  -64.465  -46.723 0.6000000238
19712  -27.369  -65.122  -47.439 0.8000000119
19713  -28.148  -65.016  -47.039 0.6999999881
19701  -31.236  -65.401  -46.686 0.4000000060
113074  -29.796  -65.152  -46.652 0.6000000238
20454  -23.926  -64.446  -48.777 0.6999999881
20431  -29.561  -64.349  -46.514 0.6000000238
20442  -25.304  -64.774  -47.914 0.6999999881
19710  -25.770  -65.214  -47.397 0.6999999881
20444  -27.039  -64.534  -48.018 0.6000000238
20445  -27.645  -64.413  -47.370 0.6999999881
22097  -28.076  -62.587  -47.078 0.5000000000
20443  -26.203  -64.775  -48.028 0.6000000238
20458  -27.426  -63.824  -47.892 0.6000000238
116868  -27.628  -62.922  -47.687 0.6000000238
21230  -27.333  -63.325  -48.440 0.6000000238
20433  -31.543  -64.540  -46.381 0.4000000060
20432  -30.532  -64.826  -46.494 0.5000000000
20468  -22.504  -64.744  -49.993 0.6999999881
20455  -24.915  -64.385  -48.550 0.6999999881
21205  -28.715  -63.756  -46.599 0.6000000238
20456  -25.850  -64.492  -48.615 0.6999999881
22077  -28.659  -62.851  -46.645 0.5000000000
113644  -26.538  -64.401  -48.555 0.6999999881
20457  -26.997  -63.960  -48.767 0.6000000238
22942  -27.934  -62.051  -47.662 0.5000000000
20487  -20.597  -64.653  -51.793 0.6000000238
20502  -21.245  -63.745  -52.626 0.6000000238
21206  -31.552  -63.709  -46.103 0.5000000000
20488  -22.330  -64.398  -51.201 0.6999999881
122678  -21.956  -65.087  -49.920 0.6999999881
119738  -30.609  -63.820  -46.279 0.5000000000
22079  -30.255  -62.809  -46.294 0.4000000060
110073  -23.302  -64.476  -49.585 0.6999999881
20469  -24.006  -64.032  -49.773 0.6999999881
20470  -24.686  -64.086  -49.227 0.6999999881
22078  -29.515  -62.372  -46.557 0.5000000000
20471  -25.526  -64.146  -49.256 0.6999999881
20472  -26.347  -64.179  -49.185 0.6000000238
22098  -28.773  -61.906  -47.048 0.5000000000
21247  -26.702  -63.708  -49.654 0.5000000000
21248  -27.159  -63.266  -49.230 0.5000000000
22115  -27.490  -62.496  -48.575 0.5000000000
22957  -27.864  -61.561  -48.447 0.5000000000
23762  -28.422  -60.877  -48.608 0.3000000119
21198  -31.950  -63.176  -45.651 0.3000000119
20500  -19.923  -64.120  -52.467 0.6000000238
20501  -20.699  -64.062  -52.582 0.6000000238
104342  -31.106  -63.007  -46.059 0.4000000060
21262  -22.891  -63.780  -51.515 0.6000000238
20489  -23.158  -64.174  -50.451 0.6999999881
21246  -26.103  -63.968  -49.957 0.5000000000
22926  -29.709  -61.573  -46.804 0.5000000000
22944  -29.423  -61.058  -47.420 0.4000000060
22943  -28.586  -61.308  -47.838 0.3000000119
23748  -29.266  -60.646  -48.163 0.4000000060
118872  -27.834  -61.140  -49.092 0.5000000000
21270  -20.143  -63.802  -52.485 0.6000000238
20508  -20.685  -63.643  -52.598 0.6000000238
21279  -21.132  -63.368  -52.718 0.6000000238
21280  -21.790  -63.230  -52.702 0.6000000238
21272  -22.551  -63.414  -52.291 0.6000000238
22080  -30.613  -62.222  -46.053 0.3000000119
123201  -30.072  -62.077  -46.425 0.4000000060
22927  -30.309  -61.402  -46.363 0.3000000119
21244  -23.924  -63.451  -50.823 0.6000000238
21245  -24.998  -63.666  -50.008 0.6999999881
22945  -30.077  -60.781  -47.045 0.3000000119
21263  -24.927  -63.092  -50.983 0.6000000238
23750  -30.612  -60.042  -47.335 0.3000000119
22131  -25.827  -62.941  -51.347 0.5000000000
21264  -25.908  -63.480  -50.642 0.5000000000
21265  -26.483  -63.532  -50.332 0.5000000000
23763  -29.933  -60.061  -48.505 0.3000000119
23749  -30.041  -60.383  -47.782 0.3000000119
22125  -27.040  -63.122  -50.214 0.5000000000
114006  -27.302  -62.182  -50.158 0.5000000000
23770  -29.088  -60.264  -48.939 0.3000000119
22133  -27.051  -62.565  -51.040 0.5000000000
23769  -28.161  -60.518  -49.392 0.4000000060
21260  -19.885  -63.568  -51.864 0.5000000000
21271  -20.603  -63.365  -52.477 0.6000000238
21278  -20.991  -63.302  -52.689 0.5000000000
114986  -23.312  -63.201  -52.044 0.6000000238
21273  -23.580  -62.446  -52.595 0.5000000000
24595  -30.992  -59.475  -47.738 0.3000000119
21274  -24.143  -62.891  -51.680 0.6000000238
24605  -30.940  -59.201  -48.359 0.3000000119
23764  -30.567  -59.797  -48.098 0.3000000119
22132  -26.521  -63.090  -51.008 0.5000000000
22970  -27.309  -61.655  -50.982 0.5000000000
118154  -27.524  -61.086  -49.936 0.4000000060
23777  -27.902  -60.238  -50.272 0.4000000060
21261  -20.670  -63.018  -51.731 0.5000000000
22137  -21.188  -62.852  -52.521 0.5000000000
22138  -21.846  -62.483  -52.725 0.5000000000
22146  -22.188  -62.505  -52.772 0.5000000000
25432  -31.007  -58.176  -47.351 0.3000000119
24606  -31.212  -59.040  -47.637 0.3000000119
22139  -24.774  -62.343  -51.882 0.6000000238
22140  -25.930  -62.403  -52.053 0.5000000000
22975  -27.070  -62.029  -51.912 0.5000000000
24610  -28.676  -59.834  -49.797 0.4000000060
24621  -28.435  -59.695  -50.752 0.4000000060
22130  -21.924  -61.997  -52.231 0.5000000000
22979  -22.524  -61.867  -52.951 0.5000000000
25418  -30.873  -58.074  -46.368 0.4000000060
26252  -30.662  -57.126  -47.524 0.4000000060
102061  -23.116  -62.095  -53.095 0.5000000000
22147  -24.077  -61.910  -52.935 0.5000000000
112828  -30.883  -57.799  -48.117 0.4000000060
25440  -31.023  -58.542  -48.242 0.3000000119
22981  -23.840  -61.818  -52.963 0.4000000060
114177  -30.837  -58.695  -48.902 0.3000000119
118480  -25.074  -61.859  -52.477 0.5000000000
22141  -26.539  -61.991  -52.478 0.4000000060
24620  -27.878  -60.256  -51.285 0.4000000060
22123  -22.187  -62.029  -50.818 0.5000000000
22968  -22.466  -61.395  -51.887 0.5000000000
26238  -30.707  -57.392  -46.613 0.4000000060
22980  -23.373  -61.454  -52.862 0.4000000060
27178  -30.589  -56.432  -48.080 0.4000000060
26257  -30.735  -57.167  -48.342 0.4000000060
23788  -24.394  -61.215  -52.822 0.4000000060
109748  -24.774  -61.576  -52.828 0.4000000060
103307  -30.867  -57.820  -48.982 0.4000000060
22148  -25.813  -61.751  -52.785 0.4000000060
22983  -26.544  -61.466  -53.339 0.4000000060
22984  -27.032  -61.564  -52.951 0.4000000060
105160  -27.449  -61.131  -51.989 0.4000000060
23783  -27.451  -61.156  -53.307 0.4000000060
24629  -28.420  -59.806  -51.911 0.4000000060
25452  -29.908  -58.921  -50.981 0.4000000060
24630  -29.073  -59.296  -51.345 0.4000000060
22960  -22.904  -61.577  -50.302 0.5000000000
28005  -30.620  -55.938  -46.343 0.4000000060
27170  -30.521  -56.150  -47.243 0.4000000060
22974  -22.973  -60.981  -52.406 0.5000000000
122426  -23.537  -60.316  -52.227 0.4000000060
27186  -30.760  -56.672  -48.925 0.4000000060
22982  -25.601  -61.220  -53.223 0.4000000060
24628  -27.904  -60.522  -52.682 0.4000000060
22969  -23.240  -60.951  -50.934 0.4000000060
23782  -23.279  -60.391  -51.669 0.5000000000
28014  -30.561  -55.576  -47.820 0.4000000060
121758  -23.749  -59.780  -52.310 0.4000000060
119321  -23.971  -60.413  -52.574 0.4000000060
24634  -25.034  -59.578  -53.023 0.4000000060
110314  -24.839  -60.415  -52.892 0.4000000060
23794  -25.856  -60.641  -53.630 0.4000000060
23789  -26.513  -61.182  -53.833 0.4000000060
23790  -27.118  -61.213  -53.915 0.4000000060
108125  -29.696  -59.079  -51.958 0.4000000060
24637  -29.028  -59.412  -52.617 0.4000000060
109817  -23.724  -60.188  -50.738 0.4000000060
24617  -23.476  -59.618  -51.701 0.4000000060
24626  -23.582  -59.265  -52.147 0.4000000060
24633  -24.016  -59.371  -52.575 0.4000000060
25459  -30.397  -58.647  -51.936 0.4000000060
23795  -26.765  -60.842  -54.102 0.4000000060
24635  -27.688  -60.562  -53.932 0.4000000060
24643  -27.828  -60.087  -54.252 0.4000000060
24636  -28.391  -59.961  -53.435 0.4000000060
24627  -23.465  -58.840  -51.818 0.4000000060
25458  -23.707  -58.397  -52.270 0.4000000060
108530  -24.231  -58.624  -52.672 0.4000000060
104382  -25.244  -58.668  -52.979 0.4000000060
25470  -26.502  -59.122  -53.553 0.4000000060
24641  -26.069  -59.897  -53.700 0.4000000060
24642  -27.071  -60.123  -54.129 0.4000000060
110249  -28.357  -59.476  -54.595 0.4000000060
24645  -28.990  -59.485  -54.226 0.4000000060
112499  -29.731  -59.008  -53.153 0.4000000060
25450  -23.715  -58.210  -51.432 0.4000000060
102236  -23.817  -57.441  -52.073 0.4000000060
25463  -24.144  -57.851  -52.410 0.4000000060
26278  -25.146  -57.608  -52.563 0.4000000060
118731  -27.963  -58.941  -54.448 0.4000000060
103276  -28.667  -58.990  -54.776 0.4000000060
26275  -31.398  -57.821  -52.027 0.4000000060
25460  -30.964  -58.286  -52.302 0.3000000119
25472  -28.885  -59.272  -54.750 0.4000000060
25465  -30.549  -58.526  -53.472 0.4000000060
25473  -29.601  -58.809  -54.557 0.5000000000
26267  -24.233  -56.791  -51.375 0.4000000060
27198  -25.228  -56.153  -51.815 0.4000000060
26274  -24.475  -56.950  -51.989 0.4000000060
27202  -25.361  -56.883  -52.285 0.4000000060
102111  -29.355  -58.836  -54.717 0.4000000060
25474  -30.481  -58.361  -54.499 0.5000000000
27193  -24.498  -56.167  -50.730 0.4000000060
27192  -24.600  -56.105  -51.380 0.4000000060
120943  -25.997  -55.981  -51.922 0.4000000060
26287  -30.145  -58.361  -54.682 0.4000000060
25479  -30.974  -58.058  -54.675 0.5000000000
28039  -24.733  -55.440  -50.873 0.4000000060
28047  -24.905  -55.542  -51.246 0.4000000060
28048  -25.749  -55.455  -51.460 0.4000000060
26294  -31.724  -57.697  -55.068 0.5000000000
29913  -26.054  -53.709  -50.355 0.4000000060
109816  -25.181  -54.911  -50.388 0.4000000060
28966  -26.507  -54.305  -50.822 0.4000000060
123599  -25.845  -54.798  -50.986 0.4000000060
28972  -27.325  -54.638  -51.215 0.4000000060
28973  -28.183  -54.476  -51.301 0.5000000000
28957  -25.352  -54.299  -49.951 0.4000000060
23776  -27.576  -60.770  -50.810 0.5000000000
18999  -29.793  -66.828  -46.939 0.5000000000
18278  -26.493  -66.549  -46.138 0.8000000119
108532  -25.714  -66.069  -46.212 0.8000000119
19694  -24.443  -65.660  -46.462 0.6999999881
19708  -23.878  -65.345  -47.143 0.6999999881
19001  -31.443  -66.506  -47.588 0.5000000000
19726  -22.540  -65.466  -48.375 0.6999999881
20453  -22.946  -64.853  -48.963 0.6999999881
112035  -21.449  -64.352  -52.031 0.6999999881
122272  -32.198  -64.610  -46.448 0.4000000060
115331  -32.433  -64.005  -46.103 0.4000000060
19774  -19.709  -64.669  -51.940 0.6000000238
105923  -19.618  -63.669  -50.427 0.5000000000
21243  -21.088  -63.047  -50.391 0.5000000000
109313  -21.459  -62.520  -51.414 0.5000000000
22122  -21.816  -62.686  -49.659 0.4000000060
22961  -23.569  -61.276  -49.687 0.4000000060
22962  -24.107  -61.034  -49.235 0.4000000060
23767  -23.841  -60.804  -49.978 0.4000000060
23768  -24.409  -60.466  -49.555 0.4000000060
24619  -24.227  -58.811  -50.475 0.4000000060
112561  -24.066  -57.453  -51.147 0.4000000060
26268  -24.352  -56.969  -50.549 0.4000000060
26261  -24.842  -56.572  -50.006 0.4000000060
27184  -25.027  -55.672  -50.030 0.4000000060
29905  -25.648  -53.638  -49.805 0.4000000060
18279  -27.479  -66.879  -46.404 0.8000000119
114500  -27.071  -65.641  -47.271 0.8000000119
19700  -30.399  -65.633  -46.759 0.5000000000
19695  -25.325  -65.594  -46.607 0.6999999881
20429  -28.181  -64.197  -46.870 0.6999999881
111754  -29.571  -63.319  -46.423 0.6000000238
21216  -27.916  -63.457  -46.992 0.6000000238
113055  -22.074  -63.926  -52.233 0.6000000238
22963  -27.525  -61.818  -49.263 0.5000000000
21281  -22.688  -62.770  -52.686 0.6000000238
123693  -26.255  -62.802  -51.515 0.5000000000
24622  -29.317  -59.324  -50.320 0.4000000060
24618  -23.676  -59.162  -51.070 0.4000000060
24644  -28.338  -59.718  -54.363 0.4000000060
28049  -26.670  -55.041  -51.354 0.4000000060
14157  -24.435  -72.177  -51.078 0.4000000060
14135  -25.834  -72.860  -50.519 0.4000000060
13176  -26.312  -73.123  -49.731 0.4000000060
13177  -27.167  -73.318  -49.780 0.4000000060
109396  -25.474  -72.872  -49.714 0.4000000060
13159  -26.805  -73.152  -48.961 0.4000000060
14093  -28.380  -72.871  -48.451 0.5000000000
14113  -25.033  -72.880  -49.039 0.4000000060
14114  -25.852  -73.055  -48.986 0.4000000060
14070  -26.479  -72.566  -47.647 0.5000000000
14092  -27.033  -72.840  -48.196 0.5000000000
15051  -27.757  -71.958  -47.050 0.6000000238
14088  -23.608  -72.567  -48.155 0.4000000060
112381  -24.899  -72.655  -47.839 0.4000000060
14069  -25.605  -72.617  -47.727 0.4000000060
14072  -28.359  -72.421  -47.704 0.5000000000
19716  -31.689  -65.840  -47.176 0.3000000119
19702  -32.089  -65.182  -46.762 0.4000000060
109988  -29.156  -72.074  -47.640 0.5000000000
18302  -31.244  -67.219  -48.200 0.5000000000
15031  -23.300  -71.726  -46.696 0.4000000060
15050  -26.819  -72.085  -47.047 0.5000000000
15047  -24.015  -72.097  -47.062 0.4000000060
14068  -24.202  -72.460  -47.660 0.4000000060
15052  -28.685  -71.751  -47.087 0.6000000238
112640  -29.566  -71.254  -47.339 0.6000000238
15920  -29.896  -70.363  -47.279 0.6999999881
19000  -30.749  -66.944  -47.309 0.5000000000
15921  -30.181  -70.613  -47.848 0.6999999881
16743  -30.301  -69.766  -47.759 0.6999999881
18301  -30.645  -67.681  -47.726 0.6999999881
17537  -30.191  -68.985  -47.454 0.6999999881
15049  -25.890  -72.146  -47.100 0.5000000000
15035  -27.180  -71.512  -46.441 0.6000000238
111624  -27.924  -70.670  -45.846 0.6000000238
15032  -24.323  -71.531  -46.474 0.4000000060
15909  -24.864  -71.048  -45.932 0.5000000000
15034  -26.253  -71.532  -46.455 0.6000000238
15036  -28.107  -71.298  -46.402 0.6000000238
15913  -28.600  -70.615  -46.105 0.6000000238
15914  -29.342  -70.420  -46.604 0.6000000238
15037  -28.933  -71.155  -46.622 0.6000000238
16742  -29.825  -69.641  -46.994 0.6999999881
18300  -30.254  -67.441  -47.191 0.6000000238
108484  -23.028  -70.225  -46.051 0.6000000238
15885  -23.833  -70.235  -45.764 0.6000000238
15886  -24.743  -70.254  -45.623 0.6999999881
15910  -25.687  -70.810  -45.785 0.6000000238
15888  -26.411  -70.210  -45.434 0.6000000238
15890  -28.158  -69.949  -45.643 0.6000000238
15908  -23.572  -70.994  -46.105 0.5000000000
15033  -25.312  -71.573  -46.474 0.6000000238
16733  -28.685  -69.291  -45.879 0.6000000238
16734  -29.294  -69.485  -46.365 0.6999999881
113606  -29.417  -68.023  -46.677 0.6999999881
17527  -29.706  -68.824  -46.784 0.6999999881
118223  -29.749  -67.532  -46.893 0.6999999881
16732  -23.426  -69.379  -45.809 0.6000000238
16711  -24.175  -69.619  -45.559 0.6999999881
16712  -24.829  -69.330  -45.351 0.6999999881
15887  -25.592  -69.835  -45.347 0.6999999881
16715  -27.346  -69.430  -45.313 0.6000000238
18281  -29.107  -67.291  -46.704 0.5000000000
17511  -28.382  -68.498  -45.846 0.6999999881
17526  -29.082  -68.643  -46.256 0.6999999881
18259  -24.959  -67.388  -45.305 0.6999999881
18260  -26.033  -67.298  -45.450 0.6999999881
17507  -24.864  -68.425  -45.201 0.6999999881
107671  -26.532  -67.957  -45.146 0.6000000238
120077  -27.221  -67.999  -45.366 0.5000000000
16713  -25.588  -68.938  -45.056 0.6999999881
17509  -26.913  -68.641  -45.133 0.6000000238
18262  -27.849  -67.708  -45.922 0.6999999881
105636  -28.303  -67.116  -46.589 0.5000000000
16716  -28.076  -69.149  -45.554 0.6000000238
18280  -28.701  -67.841  -46.319 0.6999999881
18974  -25.463  -66.593  -45.687 0.6999999881
18980  -24.978  -66.000  -45.908 0.6999999881
18261  -26.971  -67.358  -45.663 0.6999999881
14134  -24.996  -72.540  -50.411 0.4000000060
119150  -27.625  -73.029  -48.665 0.4000000060
15048  -24.892  -72.228  -47.176 0.4000000060
17538  -30.507  -68.407  -47.942 0.6999999881
112916  -30.121  -68.140  -47.218 0.6999999881
15912  -27.437  -70.993  -45.932 0.6000000238
15889  -27.266  -70.318  -45.543 0.6000000238
123460  -24.271  -70.835  -45.893 0.6999999881
16714  -26.412  -69.378  -45.124 0.6000000238
17508  -25.696  -68.069  -45.020 0.6999999881
17510  -27.665  -68.554  -45.458 0.6000000238
17506  -24.138  -68.882  -45.465 0.5000000000
16731  -22.551  -69.440  -46.171 0.5000000000
17525  -23.563  -68.536  -45.744 0.6000000238
109978  -22.114  -70.313  -46.186 0.4000000060
15884  -21.242  -70.020  -46.049 0.5000000000
17524  -22.897  -68.633  -46.164 0.5000000000
18276  -22.485  -67.958  -46.587 0.5000000000
18258  -24.111  -67.992  -45.439 0.6000000238
18972  -24.072  -67.068  -45.638 0.5000000000
18277  -23.311  -67.729  -46.065 0.5000000000
18978  -23.438  -66.725  -46.209 0.6999999881
106868  -22.987  -66.411  -46.762 0.6000000238
19693  -23.581  -65.942  -46.518 0.6000000238
16710  -20.529  -69.640  -45.902 0.5000000000
106959  -21.377  -68.702  -46.454 0.5000000000
18275  -21.734  -68.051  -46.794 0.5000000000
18299  -22.089  -67.400  -47.119 0.5000000000
18979  -24.179  -66.285  -45.970 0.6000000238
18997  -22.399  -66.632  -47.290 0.6000000238
18998  -22.949  -65.795  -47.361 0.5000000000
112895  -20.512  -68.776  -46.213 0.5000000000
18274  -20.912  -68.095  -46.770 0.5000000000
18297  -20.302  -67.467  -47.141 0.5000000000
18298  -21.306  -67.491  -47.262 0.5000000000
105874  -21.723  -66.853  -47.656 0.5000000000
19016  -22.117  -66.133  -47.965 0.5000000000
17522  -19.567  -68.495  -46.151 0.5000000000
120494  -20.165  -68.100  -46.579 0.5000000000
18296  -19.312  -67.159  -47.142 0.5000000000
18994  -19.001  -66.627  -47.713 0.5000000000
19013  -19.524  -66.302  -48.462 0.6000000238
18995  -19.978  -66.768  -47.830 0.4000000060
19031  -19.196  -65.860  -49.412 0.4000000060
121319  -20.072  -66.369  -48.450 0.5000000000
110267  -20.587  -66.387  -48.379 0.5000000000
18996  -20.900  -66.916  -47.765 0.4000000060
19739  -18.726  -65.593  -50.741 0.4000000060
19740  -19.684  -65.579  -50.361 0.5000000000
19015  -21.365  -66.325  -48.270 0.6000000238
19725  -21.788  -65.762  -48.782 0.6000000238
19743  -22.204  -65.252  -49.290 0.6000000238
19014  -20.106  -65.941  -49.123 0.5000000000
19755  -19.270  -65.217  -51.506 0.5000000000
19756  -20.099  -65.178  -51.177 0.5000000000
19741  -20.558  -65.530  -50.004 0.5000000000
19754  -18.551  -65.126  -51.683 0.4000000060
19757  -20.890  -65.190  -50.719 0.6000000238
19724  -20.992  -65.889  -49.036 0.6000000238
19742  -21.449  -65.387  -49.761 0.6000000238
21259  -19.034  -63.959  -51.086 0.3000000119
21258  -18.610  -64.401  -51.507 0.4000000060
20499  -18.797  -64.688  -51.860 0.4000000060
19773  -19.074  -64.625  -51.971 0.5000000000
20467  -21.626  -64.878  -50.761 0.6000000238
22124  -22.655  -62.146  -49.481 0.3000000119
21242  -20.358  -63.400  -50.424 0.4000000060
22955  -23.799  -61.502  -48.606 0.3000000119
24609  -25.061  -59.040  -49.666 0.3000000119
22956  -24.614  -60.883  -48.438 0.3000000119
23761  -25.241  -60.008  -48.911 0.3000000119
25444  -25.447  -58.233  -49.353 0.3000000119
120386  -25.739  -57.312  -49.148 0.3000000119
27185  -25.549  -56.417  -49.391 0.3000000119
28030  -25.386  -54.907  -49.587 0.3000000119
21269  -19.417  -64.272  -52.065 0.5000000000
121943  -23.228  -61.725  -49.294 0.3000000119
18973  -24.720  -66.617  -45.623 0.5000000000
17523  -22.149  -68.697  -46.465 0.5000000000
17541  -30.553  -68.687  -48.763 0.6000000238
18311  -30.776  -67.950  -48.568 0.6000000238
20459  -33.960  -64.669  -48.452 0.3000000119
19718  -33.336  -65.127  -48.026 0.3000000119
19717  -32.763  -65.626  -48.207 0.3000000119
118369  -32.297  -65.609  -47.442 0.3000000119
19002  -32.092  -66.131  -47.843 0.3000000119
20448  -34.473  -64.114  -47.757 0.3000000119
20447  -33.551  -64.627  -47.374 0.3000000119
20446  -32.808  -65.168  -47.400 0.3000000119
20434  -32.743  -64.646  -46.751 0.3000000119
19018  -32.326  -66.247  -48.692 0.3000000119
19017  -31.799  -66.628  -48.265 0.3000000119
18317  -31.146  -67.545  -49.077 0.4000000060
15907  -22.745  -71.061  -46.277 0.4000000060
20449  -35.159  -63.875  -48.499 0.3000000119
20435  -34.026  -64.081  -46.771 0.3000000119
13197  -29.282  -73.502  -50.349 0.5000000000
13180  -30.134  -73.169  -50.353 0.5000000000
13194  -26.734  -73.249  -50.559 0.4000000060
13195  -27.624  -73.493  -50.484 0.4000000060
114455  -28.094  -73.653  -51.020 0.4000000060
13215  -28.850  -73.747  -51.088 0.5000000000
15074  -30.542  -72.121  -49.308 0.5000000000
14136  -30.627  -72.469  -50.092 0.5000000000
13178  -28.765  -73.380  -49.684 0.5000000000
13179  -29.507  -73.140  -49.627 0.5000000000
110717  -27.976  -73.431  -49.771 0.4000000060
15936  -30.706  -70.083  -49.999 0.6000000238
15933  -30.717  -71.104  -49.363 0.6000000238
15063  -30.306  -71.673  -48.614 0.5000000000
14115  -30.100  -72.716  -49.494 0.5000000000
122522  -27.555  -73.245  -49.254 0.3000000119
13161  -28.975  -73.045  -49.002 0.4000000060
13162  -29.573  -72.779  -49.022 0.5000000000
16753  -30.550  -69.177  -49.599 0.6000000238
15930  -30.426  -70.830  -48.514 0.6000000238
15053  -30.067  -71.270  -48.056 0.6000000238
14094  -29.217  -72.563  -48.320 0.4000000060
14095  -29.978  -72.359  -48.753 0.5000000000
17543  -30.735  -68.174  -49.571 0.6000000238
114129  -31.257  -67.457  -49.844 0.4000000060
16751  -30.501  -69.484  -48.600 0.6000000238
14073  -29.735  -71.915  -48.085 0.4000000060
19728  -32.929  -65.648  -49.252 0.3000000119
19729  -33.453  -65.204  -48.847 0.3000000119
19032  -31.770  -66.923  -49.117 0.3000000119
104686  -30.621  -70.122  -49.057 0.6000000238
19045  -31.864  -66.860  -50.188 0.3000000119
16756  -30.722  -69.283  -50.547 0.5000000000
17547  -30.893  -68.585  -51.104 0.5000000000
17546  -30.689  -68.611  -50.302 0.5000000000
118458  -31.253  -67.757  -51.210 0.4000000060
117439  -30.900  -67.972  -50.483 0.5000000000
17549  -31.259  -68.226  -51.868 0.5000000000
16757  -30.941  -69.333  -51.202 0.5000000000
19053  -31.890  -66.901  -51.180 0.4000000060
18320  -31.404  -67.415  -50.596 0.4000000060
106266  -31.021  -70.996  -50.361 0.5000000000
15937  -30.997  -70.105  -50.871 0.5000000000
14224  -27.952  -72.720  -57.285 0.3000000119
14234  -28.604  -72.853  -58.169 0.3000000119
14225  -28.657  -73.470  -56.828 0.3000000119
13267  -30.279  -73.899  -55.783 0.3000000119
13268  -31.084  -73.600  -55.801 0.4000000060
13266  -29.310  -73.820  -55.834 0.3000000119
13265  -28.405  -73.541  -55.733 0.3000000119
14215  -31.866  -72.799  -56.199 0.4000000060
13258  -30.645  -73.788  -54.890 0.4000000060
103931  -29.830  -73.992  -55.047 0.3000000119
105573  -28.976  -73.892  -54.999 0.3000000119
109037  -32.026  -72.488  -55.156 0.4000000060
14204  -32.400  -71.860  -54.702 0.4000000060
13256  -28.723  -73.882  -54.233 0.4000000060
13257  -29.601  -73.998  -54.314 0.4000000060
17565  -33.504  -68.503  -56.388 0.3000000119
15153  -32.644  -71.049  -55.278 0.4000000060
15142  -32.463  -71.147  -54.391 0.4000000060
14203  -31.836  -72.648  -54.122 0.4000000060
13248  -31.327  -73.032  -53.299 0.4000000060
13247  -30.675  -73.643  -53.399 0.4000000060
104916  -29.246  -74.022  -53.697 0.4000000060
115129  -32.631  -68.152  -55.266 0.3000000119
15988  -32.520  -70.361  -54.640 0.4000000060
14190  -32.189  -71.634  -53.697 0.4000000060
14189  -31.751  -72.348  -53.237 0.4000000060
15127  -31.795  -71.668  -52.771 0.4000000060
13233  -30.899  -73.322  -52.634 0.4000000060
107629  -29.360  -74.002  -52.923 0.4000000060
111833  -32.175  -68.731  -54.314 0.4000000060
16767  -31.925  -69.918  -53.348 0.4000000060
14175  -31.473  -72.544  -52.387 0.4000000060
14174  -30.867  -73.130  -51.782 0.4000000060
123436  -29.765  -73.890  -52.396 0.4000000060
13232  -30.231  -73.821  -52.723 0.4000000060
13245  -28.552  -73.890  -53.455 0.4000000060
105562  -31.717  -70.147  -52.753 0.4000000060
15953  -31.693  -70.816  -52.350 0.4000000060
14161  -31.330  -72.334  -51.367 0.4000000060
120637  -30.393  -73.345  -51.181 0.4000000060
13231  -29.226  -73.869  -51.974 0.4000000060
15084  -31.323  -71.488  -50.988 0.4000000060
15083  -30.939  -71.789  -49.995 0.4000000060
17551  -31.378  -68.579  -52.450 0.4000000060
15941  -31.419  -70.651  -51.501 0.4000000060
18323  -31.597  -67.406  -51.930 0.3000000119
18324  -32.102  -66.602  -52.023 0.3000000119
14160  -30.784  -72.781  -50.881 0.4000000060
16759  -31.155  -69.087  -51.889 0.4000000060
111657  -31.469  -73.222  -54.993 0.4000000060
116451  -30.361  -73.849  -54.131 0.4000000060
16780  -32.546  -69.408  -54.869 0.4000000060
16002  -32.846  -70.185  -55.483 0.4000000060
18335  -33.289  -67.244  -56.388 0.3000000119
17558  -32.193  -67.955  -54.453 0.3000000119
16768  -32.296  -69.685  -54.055 0.4000000060
15969  -31.908  -70.810  -53.133 0.4000000060
104575  -31.809  -69.023  -53.586 0.4000000060
15098  -31.612  -71.626  -51.856 0.4000000060
105775  -30.160  -73.678  -51.910 0.4000000060
14137  -31.131  -72.128  -50.592 0.4000000060
104978  -31.499  -69.954  -52.120 0.4000000060
16019  -33.965  -70.244  -57.131 0.3000000119
115409  -32.724  -72.136  -57.307 0.3000000119
13279  -32.142  -72.833  -57.594 0.3000000119
15165  -33.212  -71.547  -57.127 0.3000000119
16018  -33.264  -70.860  -56.494 0.3000000119
14216  -32.531  -71.801  -56.036 0.3000000119
16003  -33.410  -70.022  -56.171 0.3000000119
17554  -31.900  -68.182  -53.819 0.3000000119
17553  -31.609  -68.416  -53.097 0.3000000119
18326  -31.547  -67.859  -52.563 0.3000000119
16792  -33.749  -69.464  -56.676 0.3000000119
16761  -31.536  -69.290  -52.771 0.3000000119
13160  -28.224  -73.196  -49.124 0.3000000119
13196  -28.451  -73.575  -50.391 0.4000000060
13216  -29.735  -73.634  -51.115 0.4000000060
13246  -29.939  -73.992  -53.532 0.4000000060
13259  -31.108  -73.444  -54.113 0.4000000060
14071  -27.370  -72.488  -47.601 0.5000000000
14090  -25.334  -72.843  -48.364 0.4000000060
14091  -26.179  -72.888  -48.303 0.5000000000
14158  -25.281  -72.396  -51.212 0.4000000060
15911  -26.700  -70.938  -45.841 0.6000000238
15970  -32.318  -70.611  -53.833 0.4000000060
16729  -21.100  -69.300  -46.171 0.5000000000
16730  -21.771  -69.405  -46.274 0.5000000000
16791  -33.164  -69.316  -55.659 0.3000000119
18977  -22.753  -67.158  -46.681 0.6000000238
19772  -18.480  -64.888  -51.790 0.4000000060
22096  -23.078  -62.054  -48.495 0.3000000119
22126  -27.321  -62.611  -49.502 0.5000000000
22142  -26.613  -62.544  -51.674 0.5000000000
23775  -24.487  -59.667  -50.065 0.4000000060
23796  -27.360  -60.664  -54.111 0.4000000060
25451  -24.477  -58.008  -50.312 0.4000000060
25471  -27.537  -59.443  -54.156 0.4000000060
26293  -30.906  -57.949  -54.774 0.5000000000
27157  -30.568  -56.657  -46.741 0.4000000060
27203  -26.240  -56.579  -52.365 0.4000000060
28040  -25.170  -55.043  -50.900 0.4000000060
28965  -25.599  -54.359  -50.442 0.4000000060
29914  -26.878  -53.590  -50.498 0.4000000060
105043  -31.220  -69.798  -51.509 0.4000000060
106867  -24.924  -57.411  -49.843 0.3000000119
110118  -21.436  -63.021  -52.713 0.5000000000
112226  -26.223  -68.585  -44.983 0.6999999881
113616  -28.891  -69.988  -45.998 0.6000000238
114732  -30.442  -69.066  -48.094 0.6999999881
118404  -30.462  -70.156  -48.329 0.6000000238
120638  -27.762  -72.768  -48.087 0.5000000000
122035  -21.584  -62.422  -52.301 0.5000000000
122348  -30.565  -73.522  -52.263 0.4000000060
122534  -30.117  -73.963  -54.584 0.4000000060
122628  -31.208  -70.800  -50.923 0.4000000060
123030  -26.854  -69.863  -45.283 0.6000000238
123227  -31.140  -71.635  -50.469 0.4000000060
