#Insight Transform File V1.0
#Transform 0
Transform: AffineTransform_float_3_3
Parameters: 0.999992 0.00397525 0.000419895 -0.00397675 0.999983 0.00424836 -0.000403107 -0.00424964 0.999991 1.63777 1.67797 -1.6226
FixedParameters: 0 0 0

#Transform 1
Transform: AffineTransform_float_3_3
Parameters: 0.99999 0.00430976 0.000412212 -0.00431124 0.999986 0.00306425 -0.000398788 -0.00306575 0.999995 1.7664 1.74061 -1.15792
FixedParameters: 0 0 0

#Transform 2
Transform: AffineTransform_float_3_3
Parameters: 0.999994 0.00341874 0.000409697 -0.00342026 0.99999 0.00312762 -0.000398304 -0.00312838 0.999995 1.39243 1.34171 -1.25978
FixedParameters: 0 0 0

#Transform 3
Transform: AffineTransform_float_3_3
Parameters: 0.999994 0.00345843 0.000532312 -0.00345957 0.999989 0.00298018 -0.00052169 -0.00298182 0.999996 1.42152 1.39828 -1.17212
FixedParameters: 0 0 0

#Transform 4
Transform: AffineTransform_float_3_3
Parameters: 0.999994 0.00337547 0.000643069 -0.00337753 0.999992 0.00238884 -0.000634929 -0.00239116 0.999997 1.40727 1.32057 -0.882046
FixedParameters: 0 0 0

#Transform 5
Transform: AffineTransform_float_3_3
Parameters: 0.999994 0.00328289 0.000398214 -0.0032841 0.99999 0.00280571 -0.000388784 -0.00280729 0.999996 1.32578 1.27755 -1.16284
FixedParameters: 0 0 0

#Transform 6
Transform: AffineTransform_float_3_3
Parameters: 0.999994 0.00328314 0.000321913 -0.00328386 0.999991 0.00271396 -0.000313087 -0.00271504 0.999997 1.31835 1.35634 -1.12446
FixedParameters: 0 0 0

#Transform 7
Transform: AffineTransform_float_3_3
Parameters: 0.999996 0.00284603 0.000396015 -0.00284697 0.999993 0.00246388 -0.000388985 -0.00246512 0.999997 1.14682 1.13255 -1.0288
FixedParameters: 0 0 0

#Transform 8
Transform: AffineTransform_float_3_3
Parameters: 0.999996 0.00251865 0.00072919 -0.00252235 0.999978 0.00602518 -0.000713813 -0.00602681 0.999981 1.04291 1.33365 -2.31945
FixedParameters: 0 0 0

#Transform 9
Transform: AffineTransform_float_3_3
Parameters: 0.999998 0.00191405 0.000457006 -0.00191595 0.999996 0.00209213 -0.000452992 -0.00209287 0.999997 0.767274 0.764119 -0.783828
FixedParameters: 0 0 0

#Transform 10
Transform: AffineTransform_float_3_3
Parameters: 0.999999 0.00143063 0.000529005 -0.00143137 0.999998 0.000702243 -0.000527994 -0.000702756 0.999999 0.638212 0.504466 -0.168067
FixedParameters: 0 0 0

#Transform 11
Transform: AffineTransform_float_3_3
Parameters: 0.999999 0.00174154 0.000653224 -0.00174146 0.999998 0.000701864 -0.000651777 -0.000703137 1 0.75051 0.659838 -0.164379
FixedParameters: 0 0 0

#Transform 12
Transform: AffineTransform_float_3_3
Parameters: 0.999999 0.00142199 0.000612353 -0.00142301 0.999997 0.00165413 -0.000609646 -0.00165487 0.999998 0.62262 0.499101 -0.559221
FixedParameters: 0 0 0

#Transform 13
Transform: AffineTransform_float_3_3
Parameters: 0.999998 0.00166179 0.00111081 -0.00166321 0.999998 0.00108815 -0.00110819 -0.00108984 0.999999 0.778851 0.63887 -0.137271
FixedParameters: 0 0 0

#Transform 14
Transform: AffineTransform_float_3_3
Parameters: 0.999999 0.000701681 0.000660403 -0.000702319 0.999998 0.00199754 -0.000659597 -0.00199846 0.999998 0.335359 0.315589 -0.664305
FixedParameters: 0 0 0

#Transform 15
Transform: AffineTransform_float_3_3
Parameters: 0.999999 0.00104989 0.00151278 -0.00105112 0.999999 0.000736412 -0.00151223 -0.000737589 0.999999 0.597113 0.365196 0.0941504
FixedParameters: 0 0 0

#Transform 16
Transform: AffineTransform_float_3_3
Parameters: 1 0.000144936 -0.000226041 -0.000145064 1 -0.000281967 0.000226959 0.000282033 1 0.0630766 0.106534 -0.0249089
FixedParameters: 0 0 0

#Transform 17
Transform: AffineTransform_float_3_3
Parameters: 1 -0.000345308 -0.0010939 0.000345691 1 -0.000282378 0.0010941 0.000281622 1 -0.311272 -0.21175 -0.322991
FixedParameters: 0 0 0

#Transform 18
Transform: AffineTransform_float_3_3
Parameters: 0.999998 -0.000582381 -0.00223764 0.000580618 0.999999 -0.000618301 0.00223836 0.000616698 0.999998 -0.474044 -0.33574 -0.566944
FixedParameters: 0 0 0

#Transform 19
Transform: AffineTransform_float_3_3
Parameters: 0.999999 -0.000347046 -0.00151553 0.000344954 0.999999 -0.00135052 0.00151547 0.00134948 0.999998 -0.274545 -0.34149 0.0191718
FixedParameters: 0 0 0

#Transform 20
Transform: AffineTransform_float_3_3
Parameters: 1 9.20652e-05 0.000171965 -9.19348e-05 1 -0.000379016 -0.000172035 0.000378984 1 0.0519885 -0.0312339 0.20839
FixedParameters: 0 0 0

#Transform 21
Transform: AffineTransform_float_3_3
Parameters: 0.999999 -0.00144621 0.00107704 0.00144379 0.999997 0.00204956 -0.00107996 -0.00204844 0.999998 -0.539786 -0.40152 -0.410239
FixedParameters: 0 0 0

#Transform 22
Transform: AffineTransform_float_3_3
Parameters: 1 -0.00101629 0.000674571 0.00101672 1 0.000422686 -0.00067443 -0.000422315 0.999999 -0.339043 -0.335816 0.0928243
FixedParameters: 0 0 0

#Transform 23
Transform: AffineTransform_float_3_3
Parameters: 1 -0.000895074 0.000673232 0.000895925 0.999998 -0.0013754 -0.000671768 0.0013766 0.999999 -0.282199 -0.305683 0.805486
FixedParameters: 0 0 0

#Transform 24
Transform: AffineTransform_float_3_3
Parameters: 1 -0.00100485 0.00064879 0.00100615 0.999998 -0.00177935 -0.000647211 0.00177965 0.999998 -0.344579 -0.493185 0.918174
FixedParameters: 0 0 0

#Transform 25
Transform: AffineTransform_float_3_3
Parameters: 0.999999 -0.000958851 0.000415658 0.000960145 0.999995 -0.0027706 -0.000412341 0.0027714 0.999996 -0.338291 -0.557132 1.28944
FixedParameters: 0 0 0

#Transform 26
Transform: AffineTransform_float_3_3
Parameters: 1 -0.000896322 -0.000158189 0.000895679 0.999997 -0.00202114 0.000159811 0.00202086 0.999998 -0.394022 -0.499558 0.802425
FixedParameters: 0 0 0

#Transform 27
Transform: AffineTransform_float_3_3
Parameters: 0.999999 -0.000895545 0.000297374 0.000895454 0.999999 -0.00153373 -0.000295626 0.00153427 0.999999 -0.361324 -0.51475 0.685818
FixedParameters: 0 0 0

#Transform 28
Transform: AffineTransform_float_3_3
Parameters: 0.999999 -0.00114658 -0.000721262 0.00114742 0.999998 0.00197117 0.000718738 -0.00197283 0.999998 -0.575405 -0.211591 -0.968437
FixedParameters: 0 0 0

#Transform 29
Transform: AffineTransform_float_3_3
Parameters: 0.999999 -0.00130194 -0.00011373 0.00130206 0.999999 0.000560852 0.000113269 -0.000561148 1 -0.55643 -0.33789 -0.224688
FixedParameters: 0 0 0

#Transform 30
Transform: AffineTransform_float_3_3
Parameters: 1 -0.00087747 -0.000619335 0.000876531 1 -0.000758544 0.000619665 0.000757457 1 -0.421535 -0.341513 0.149887
FixedParameters: 0 0 0

#Transform 31
Transform: AffineTransform_float_3_3
Parameters: 1 -0.000505233 -0.000183359 0.000504766 0.999999 -0.00126909 0.000184641 0.00126891 0.999999 -0.219402 -0.246615 0.487539
FixedParameters: 0 0 0

#Transform 32
Transform: AffineTransform_float_3_3
Parameters: 0.999973 0.00715309 -0.00152937 -0.0071289 0.999859 0.0152163 0.00163862 -0.0152047 0.999883 3.08633 4.34824 -6.7318
FixedParameters: 0 0 0

#Transform 33
Transform: AffineTransform_float_3_3
Parameters: 0.999995 0.00282449 0.000788338 -0.00282851 0.99998 0.0057788 -0.000771664 -0.00578121 0.999983 1.30829 1.80862 -2.14241
FixedParameters: 0 0 0

#Transform 34
Transform: AffineTransform_float_3_3
Parameters: 0.999998 0.00193434 0.000259977 -0.00193466 0.999995 0.0025725 -0.000255022 -0.0025735 0.999996 0.913315 1.14086 -0.943817
FixedParameters: 0 0 0

#Transform 35
Transform: AffineTransform_float_3_3
Parameters: 0.999996 0.00254057 0.000531867 -0.00254143 0.999993 0.00270166 -0.000525136 -0.00270234 0.999996 1.15602 1.41491 -0.924957
FixedParameters: 0 0 0

#Transform 36
Transform: AffineTransform_float_3_3
Parameters: 0.999997 0.00264212 0.000429479 -0.00264289 0.999995 0.00207287 -0.000424521 -0.00207413 0.999998 1.17798 1.36809 -0.736926
FixedParameters: 0 0 0

#Transform 37
Transform: AffineTransform_float_3_3
Parameters: 0.999998 0.00207034 0.00030258 -0.00207166 0.999996 0.00221138 -0.00029742 -0.00221162 0.999998 0.914976 1.12559 -0.891786
FixedParameters: 0 0 0

#Transform 38
Transform: AffineTransform_float_3_3
Parameters: 0.999997 0.00193389 0.000913344 -0.00193411 0.999998 0.00121124 -0.000910654 -0.00121376 0.999999 0.918137 1.06803 -0.291857
FixedParameters: 0 0 0

#Transform 39
Transform: AffineTransform_float_3_3
Parameters: 0.999997 0.00204596 0.000709998 -0.00204704 0.999997 0.00146455 -0.000707002 -0.00146545 0.999998 0.946062 1.02579 -0.47969
FixedParameters: 0 0 0

#Transform 40
Transform: AffineTransform_float_3_3
Parameters: 0.999997 0.00193391 0.000925273 -0.00193408 0.999997 0.00117421 -0.000922728 -0.00117579 0.999999 0.905034 1.00234 -0.31909
FixedParameters: 0 0 0

#Transform 41
Transform: AffineTransform_float_3_3
Parameters: 0.999998 0.00193454 0.000674312 -0.00193446 0.999998 0.000677697 -0.000672687 -0.000679302 0.999999 0.859631 0.978573 -0.187727
FixedParameters: 0 0 0

#Transform 42
Transform: AffineTransform_float_3_3
Parameters: 0.999998 0.00193474 0.000235165 -0.00193426 0.999997 0.00111855 -0.000232837 -0.00111845 1 0.804449 0.964983 -0.567892
FixedParameters: 0 0 0

#Transform 43
Transform: AffineTransform_float_3_3
Parameters: 0.999997 0.00210883 0.000234488 -0.00210916 0.999997 0.000705506 -0.00023351 -0.000706493 0.999999 0.849947 1.0269 -0.404891
FixedParameters: 0 0 0

#Transform 44
Transform: AffineTransform_float_3_3
Parameters: 0.999998 0.0019347 0.000235461 -0.0019343 0.999998 0.00127155 -0.000233539 -0.00127245 0.999999 0.791411 0.971668 -0.645033
FixedParameters: 0 0 0

#Transform 45
Transform: AffineTransform_float_3_3
Parameters: 0.999997 0.00245799 8.61242e-06 -0.002458 0.999997 0.000655981 -6.38752e-06 -0.000656017 1 0.953626 1.13845 -0.432916
FixedParameters: 0 0 0

#Transform 46
Transform: AffineTransform_float_3_3
Parameters: 0.999997 0.00239776 -0.000561776 -0.00239724 0.999996 0.00134535 0.000565223 -0.00134365 0.999999 0.884857 1.10243 -0.929642
FixedParameters: 0 0 0

#Transform 47
Transform: AffineTransform_float_3_3
Parameters: 0.999997 0.00235739 -0.000421823 -0.00235661 0.999997 0.000923997 0.000423177 -0.000923005 1 0.873198 1.10013 -0.709276
FixedParameters: 0 0 0

#Transform 48
Transform: AffineTransform_float_3_3
Parameters: 0.999997 0.00219625 -0.000831718 -0.00219476 0.999997 0.00149583 0.000835283 -0.00149417 0.999999 0.785515 1.04346 -1.09714
FixedParameters: 0 0 0

#Transform 49
Transform: AffineTransform_float_3_3
Parameters: 0.999997 0.00220406 -0.000832206 -0.00220294 0.999997 0.00126884 0.000835794 -0.00126716 0.999999 0.79336 1.07788 -0.956509
FixedParameters: 0 0 0

#Transform 50
Transform: AffineTransform_float_3_3
Parameters: 0.999998 0.00211913 -0.000764884 -0.00211787 0.999996 0.00147162 0.000768117 -0.00147037 0.999998 0.762977 1.03603 -1.03529
FixedParameters: 0 0 0

#Transform 51
Transform: AffineTransform_float_3_3
Parameters: 0.999998 0.00217388 -0.000830103 -0.00217212 0.999995 0.00225481 0.000834896 -0.00225219 0.999997 0.784632 1.11088 -1.36824
FixedParameters: 0 0 0

#Transform 52
Transform: AffineTransform_float_3_3
Parameters: 0.999999 0.0018276 -0.000353917 -0.0018274 0.999997 0.00168765 0.000357084 -0.00168735 0.999998 0.695086 0.977523 -0.967413
FixedParameters: 0 0 0

#Transform 53
Transform: AffineTransform_float_3_3
Parameters: 0.999998 0.00193516 -0.000110312 -0.00193485 0.999997 0.00138922 0.000112687 -0.00138878 0.999999 0.763748 1.01317 -0.743445
FixedParameters: 0 0 0

#Transform 54
Transform: AffineTransform_float_3_3
Parameters: 0.999998 0.00193637 -0.000703232 -0.00193463 0.999996 0.00194736 0.000707767 -0.00194563 0.999998 0.706917 1.01907 -1.15942
FixedParameters: 0 0 0

#Transform 55
Transform: AffineTransform_float_3_3
Parameters: 0.999997 0.00193801 -0.00140887 -0.00193499 0.999996 0.00213473 0.00141313 -0.00213227 0.999996 0.661626 1.01403 -1.43358
FixedParameters: 0 0 0

#Transform 56
Transform: AffineTransform_float_3_3
Parameters: 0.999997 0.00193781 -0.00140914 -0.00193419 0.999996 0.00199473 0.00141286 -0.00199227 0.999997 0.675076 1.04851 -1.39239
FixedParameters: 0 0 0

#Transform 57
Transform: AffineTransform_float_3_3
Parameters: 0.999996 0.00194065 -0.00195541 -0.00193435 0.999994 0.00288879 0.00196059 -0.00288521 0.999994 0.621079 1.07477 -1.97031
FixedParameters: 0 0 0

#Transform 58
Transform: AffineTransform_float_3_3
Parameters: 0.999997 0.0019376 -0.0010683 -0.0019344 0.999995 0.00242707 0.0010727 -0.00242493 0.999997 0.686628 1.11895 -1.40119
FixedParameters: 0 0 0

#Transform 59
Transform: AffineTransform_float_3_3
Parameters: 0.999997 0.00125463 -0.00180973 -0.00124737 0.999991 0.00420927 0.00181526 -0.00420673 0.999989 0.342532 0.935475 -2.33014
FixedParameters: 0 0 0

#Transform 60
Transform: AffineTransform_float_3_3
Parameters: 0.999997 0.00184436 -0.00156889 -0.00184064 0.999995 0.0027769 0.00157411 -0.00277411 0.999995 0.599264 1.08965 -1.73414
FixedParameters: 0 0 0

#Transform 61
Transform: AffineTransform_float_3_3
Parameters: 0.999997 0.00200587 -0.0017523 -0.00200013 0.999993 0.00334652 0.0017587 -0.00334349 0.999993 0.633289 1.12476 -2.0458
FixedParameters: 0 0 0

#Transform 62
Transform: AffineTransform_float_3_3
Parameters: 0.999998 0.00175567 -0.00146643 -0.00175133 0.999994 0.00317758 0.00147257 -0.00317542 0.999994 0.583815 1.12568 -1.88809
FixedParameters: 0 0 0

#Transform 63
Transform: AffineTransform_float_3_3
Parameters: 0.999998 0.00178183 -0.00146616 -0.00177717 0.999993 0.00328662 0.00147285 -0.00328439 0.999994 0.597548 1.0772 -1.95004
FixedParameters: 0 0 0

#Transform 64
Transform: AffineTransform_float_3_3
Parameters: 0.999997 0.00190703 -0.00146677 -0.00190297 0.999995 0.0027448 0.00147223 -0.0027422 0.999995 0.652301 1.11249 -1.71473
FixedParameters: 0 0 0

#Transform 65
Transform: AffineTransform_float_3_3
Parameters: 0.999997 0.0019512 -0.0017743 -0.00194581 0.999994 0.00292546 0.0017797 -0.00292254 0.999994 0.625045 1.11829 -1.90519
FixedParameters: 0 0 0

#Transform 66
Transform: AffineTransform_float_3_3
Parameters: 0.999997 0.00191455 -0.00165375 -0.00191046 0.999995 0.00274517 0.00165925 -0.00274283 0.999995 0.636564 1.09262 -1.77225
FixedParameters: 0 0 0

#Transform 67
Transform: AffineTransform_float_3_3
Parameters: 0.999996 0.00198155 -0.00190524 -0.00197645 0.999994 0.00291178 0.00191176 -0.00290822 0.999994 0.630247 1.12469 -1.96126
FixedParameters: 0 0 0

#Transform 68
Transform: AffineTransform_float_3_3
Parameters: 0.999997 0.00197943 -0.00180005 -0.00197357 0.999994 0.00301456 0.00180596 -0.00301144 0.999994 0.649845 1.08784 -1.96219
FixedParameters: 0 0 0

#Transform 69
Transform: AffineTransform_float_3_3
Parameters: 0.999997 0.00182186 -0.00188732 -0.00181714 0.999995 0.00257544 0.00189168 -0.00257156 0.999995 0.608376 1.0822 -1.74419
FixedParameters: 0 0 0

#Transform 70
Transform: AffineTransform_float_3_3
Parameters: 0.999997 0.0018645 -0.00199895 -0.0018575 0.999993 0.00324972 0.00200504 -0.00324627 0.999992 0.614126 1.13891 -2.02941
FixedParameters: 0 0 0

#Transform 71
Transform: AffineTransform_float_3_3
Parameters: 0.999996 0.00194391 -0.00214495 -0.00193508 0.999989 0.00415117 0.00215305 -0.00414683 0.999989 0.646042 1.18364 -2.46935
FixedParameters: 0 0 0

#Transform 72
Transform: AffineTransform_float_3_3
Parameters: 0.999996 0.00194057 -0.001795 -0.00193543 0.999994 0.00309948 0.001801 -0.00309652 0.999993 0.657581 1.161 -1.91256
FixedParameters: 0 0 0

#Transform 73
Transform: AffineTransform_float_3_3
Parameters: 0.999997 0.00194147 -0.00162932 -0.00193552 0.999991 0.00396517 0.00163768 -0.00396183 0.999991 0.654225 1.21021 -2.26586
FixedParameters: 0 0 0

#Transform 74
Transform: AffineTransform_float_3_3
Parameters: 0.999996 0.00200305 -0.00197889 -0.00199695 0.999991 0.00355596 0.00198611 -0.00355203 0.999991 0.627263 1.21573 -2.2105
FixedParameters: 0 0 0

#Transform 75
Transform: AffineTransform_float_3_3
Parameters: 0.999996 0.00211884 -0.00198372 -0.00211216 0.999992 0.0034452 0.00199128 -0.0034408 0.999992 0.681158 1.24602 -2.17077
FixedParameters: 0 0 0

#Transform 76
Transform: AffineTransform_float_3_3
Parameters: 0.999997 0.00200207 -0.00185447 -0.00199593 0.999992 0.00326871 0.00186053 -0.00326429 0.999993 0.64684 1.16499 -2.06932
FixedParameters: 0 0 0

#Transform 77
Transform: AffineTransform_float_3_3
Parameters: 0.999996 0.00229138 -0.00199671 -0.00228462 0.999993 0.00319058 0.0020043 -0.00318642 0.999993 0.751472 1.26783 -2.0703
FixedParameters: 0 0 0

#Transform 78
Transform: AffineTransform_float_3_3
Parameters: 0.999995 0.00235145 -0.00199526 -0.00234356 0.999991 0.0037257 0.00200374 -0.00372131 0.999991 0.777891 1.28309 -2.32906
FixedParameters: 0 0 0

#Transform 79
Transform: AffineTransform_float_3_3
Parameters: 0.999994 0.00252342 -0.00262999 -0.00251458 0.999991 0.00358064 0.00263901 -0.00357337 0.99999 0.788559 1.35803 -2.45791
FixedParameters: 0 0 0

#Transform 80
Transform: AffineTransform_float_3_3
Parameters: 0.999992 0.00257693 -0.00290421 -0.00256706 0.999991 0.00341948 0.00291278 -0.00341152 0.99999 0.7743 1.35117 -2.48926
FixedParameters: 0 0 0

#Transform 81
Transform: AffineTransform_float_3_3
Parameters: 0.999993 0.00242481 -0.00263183 -0.00241719 0.999992 0.00296638 0.00263917 -0.00295962 0.999992 0.739259 1.26391 -2.18957
FixedParameters: 0 0 0

#Transform 82
Transform: AffineTransform_float_3_3
Parameters: 0.999993 0.00267806 -0.00262981 -0.00266894 0.999991 0.00344104 0.00263919 -0.00343396 0.99999 0.849108 1.41013 -2.41717
FixedParameters: 0 0 0

#Transform 83
Transform: AffineTransform_float_3_3
Parameters: 0.999994 0.00232624 -0.00281356 -0.00231576 0.99999 0.00363954 0.00282144 -0.00363246 0.99999 0.683525 1.26607 -2.54667
FixedParameters: 0 0 0

#Transform 84
Transform: AffineTransform_float_3_3
Parameters: 0.999994 0.00225738 -0.00263269 -0.00224962 0.999993 0.00280294 0.00263931 -0.00279706 0.999992 0.672005 1.26938 -2.09795
FixedParameters: 0 0 0

#Transform 85
Transform: AffineTransform_float_3_3
Parameters: 0.999993 0.00194533 -0.00319173 -0.00193568 0.999993 0.0032352 0.00319727 -0.0032298 0.999989 0.530639 1.10852 -2.47051
FixedParameters: 0 0 0

#Transform 86
Transform: AffineTransform_float_3_3
Parameters: 0.999993 0.00216211 -0.00297941 -0.00215289 0.999993 0.00305843 0.00298659 -0.00305156 0.999991 0.627138 1.20658 -2.31839
FixedParameters: 0 0 0

#Transform 87
Transform: AffineTransform_float_3_3
Parameters: 0.999994 0.00194329 -0.00279525 -0.0019357 0.999993 0.00296743 0.00280075 -0.00296157 0.999991 0.570068 1.11646 -2.23877
FixedParameters: 0 0 0

#Transform 88
Transform: AffineTransform_float_3_3
Parameters: 0.999991 0.00223473 -0.00343575 -0.00222227 0.99999 0.00370567 0.00344325 -0.00369834 0.999987 0.61373 1.23015 -2.76772
FixedParameters: 0 0 0

#Transform 89
Transform: AffineTransform_float_3_3
Parameters: 0.999994 0.00228704 -0.00286982 -0.00227796 0.999993 0.00314856 0.00287718 -0.00314244 0.999991 0.68051 1.29475 -2.33341
FixedParameters: 0 0 0

#Transform 90
Transform: AffineTransform_float_3_3
Parameters: 0.99999 0.00268033 -0.00343263 -0.00266666 0.999989 0.00388319 0.00344337 -0.00387381 0.999986 0.774971 1.35829 -2.85661
FixedParameters: 0 0 0

#Transform 91
Transform: AffineTransform_float_3_3
Parameters: 0.999992 0.00263664 -0.00318139 -0.00262536 0.99999 0.00365738 0.00319161 -0.00364862 0.999989 0.788755 1.40597 -2.68287
FixedParameters: 0 0 0

#Transform 92
Transform: AffineTransform_float_3_3
Parameters: 0.999992 0.00256656 -0.00312235 -0.00255544 0.999991 0.00338201 0.00313165 -0.00337399 0.99999 0.775499 1.38396 -2.54722
FixedParameters: 0 0 0

#Transform 93
Transform: AffineTransform_float_3_3
Parameters: 0.999991 0.00255273 -0.0031716 -0.00254027 0.99999 0.00369609 0.0031804 -0.00368791 0.999988 0.762288 1.34411 -2.71995
FixedParameters: 0 0 0

#Transform 94
Transform: AffineTransform_float_3_3
Parameters: 0.999993 0.00252537 -0.00299027 -0.00251463 0.999991 0.00346754 0.00299873 -0.00346045 0.999989 0.76181 1.35545 -2.53892
FixedParameters: 0 0 0

#Transform 95
Transform: AffineTransform_float_3_3
Parameters: 0.999992 0.00254461 -0.00289746 -0.00253539 0.999993 0.00297137 0.00290554 -0.00296363 0.999992 0.765657 1.35769 -2.30497
FixedParameters: 0 0 0

#Transform 96
Transform: AffineTransform_float_3_3
Parameters: 0.999991 0.00257119 -0.00342815 -0.00255781 0.99999 0.0038448 0.00343885 -0.00383619 0.999986 0.717761 1.36734 -2.87858
FixedParameters: 0 0 0

#Transform 97
Transform: AffineTransform_float_3_3
Parameters: 0.999987 0.00314262 -0.0040527 -0.00312838 0.999988 0.00360973 0.0040633 -0.00359728 0.999986 0.88037 1.54512 -2.9799
FixedParameters: 0 0 0

#Transform 98
Transform: AffineTransform_float_3_3
Parameters: 0.999984 0.00324206 -0.00451751 -0.00322594 0.999989 0.00355763 0.00452848 -0.00354237 0.999983 0.870805 1.58644 -3.11592
FixedParameters: 0 0 0

#Transform 99
Transform: AffineTransform_float_3_3
Parameters: 0.999982 0.00348227 -0.00493315 -0.00346373 0.999987 0.00370716 0.00494584 -0.00368984 0.999981 0.928859 1.61869 -3.34318
FixedParameters: 0 0 0

#Transform 100
Transform: AffineTransform_float_3_3
Parameters: 0.99998 0.00353931 -0.00527443 -0.00351969 0.999987 0.00385464 0.00528757 -0.00383636 0.999978 0.919516 1.68102 -3.5038
FixedParameters: 0 0 0

#Transform 101
Transform: AffineTransform_float_3_3
Parameters: 0.999986 0.00303179 -0.00450208 -0.00301721 0.99999 0.00328863 0.00451193 -0.00327537 0.999985 0.775117 1.51385 -2.97295
FixedParameters: 0 0 0

#Transform 102
Transform: AffineTransform_float_3_3
Parameters: 0.999986 0.00314308 -0.00429601 -0.00312792 0.999989 0.00351149 0.00430699 -0.00349851 0.999984 0.844589 1.52471 -2.99481
FixedParameters: 0 0 0

#Transform 103
Transform: AffineTransform_float_3_3
Parameters: 0.999988 0.00320068 -0.00384514 -0.00319032 0.999991 0.0027793 0.00385486 -0.0027667 0.999988 0.914976 1.40405 -2.51448
FixedParameters: 0 0 0

#Transform 104
Transform: AffineTransform_float_3_3
Parameters: 0.999988 0.00313922 -0.00373259 -0.00312878 0.99999 0.00300771 0.00374141 -0.00299629 0.999988 0.924322 1.4751 -2.61216
FixedParameters: 0 0 0

#Transform 105
Transform: AffineTransform_float_3_3
Parameters: 0.999988 0.00290367 -0.00407901 -0.00289133 0.999991 0.00310883 0.00408799 -0.00309717 0.999987 0.780672 1.39581 -2.74671
FixedParameters: 0 0 0

#Transform 106
Transform: AffineTransform_float_3_3
Parameters: 0.99999 0.00265433 -0.00377235 -0.00264267 0.999991 0.00327 0.00378065 -0.00326 0.999987 0.71809 1.35947 -2.72417
FixedParameters: 0 0 0

#Transform 107
Transform: AffineTransform_float_3_3
Parameters: 0.999989 0.00265587 -0.00390159 -0.00264213 0.99999 0.00355635 0.00391041 -0.00354565 0.999986 0.709493 1.35129 -2.90762
FixedParameters: 0 0 0

#Transform 108
Transform: AffineTransform_float_3_3
Parameters: 0.99999 0.00265396 -0.00375758 -0.00264205 0.999992 0.00318396 0.00376542 -0.00317404 0.999988 0.729 1.38541 -2.68273
FixedParameters: 0 0 0

#Transform 109
Transform: AffineTransform_float_3_3
Parameters: 0.999989 0.00254847 -0.00388786 -0.00253553 0.999991 0.00320889 0.00389615 -0.00319911 0.999988 0.685742 1.31607 -2.73556
FixedParameters: 0 0 0

#Transform 110
Transform: AffineTransform_float_3_3
Parameters: 0.999991 0.00225197 -0.00365526 -0.00224103 0.999993 0.00300322 0.00366174 -0.00299478 0.999989 0.592486 1.24484 -2.54088
FixedParameters: 0 0 0

#Transform 111
Transform: AffineTransform_float_3_3
Parameters: 0.99999 0.00225392 -0.00382241 -0.00224108 0.999992 0.0033806 0.00382959 -0.0033724 0.999987 0.581235 1.2341 -2.77759
FixedParameters: 0 0 0

#Transform 112
Transform: AffineTransform_float_3_3
Parameters: 0.999992 0.00225104 -0.00348854 -0.00224096 0.999994 0.00287884 0.00349446 -0.00287116 0.99999 0.5964 1.233 -2.44512
FixedParameters: 0 0 0

#Transform 113
Transform: AffineTransform_float_3_3
Parameters: 0.999992 0.00231202 -0.0033017 -0.00230298 0.999993 0.00273262 0.0033083 -0.00272537 0.999991 0.641125 1.22607 -2.32019
FixedParameters: 0 0 0

#Transform 114
Transform: AffineTransform_float_3_3
Parameters: 0.999992 0.00225246 -0.00348362 -0.00224155 0.999992 0.00328884 0.00349038 -0.00328116 0.999988 0.604427 1.21613 -2.64001
FixedParameters: 0 0 0

#Transform 115
Transform: AffineTransform_float_3_3
Parameters: 0.999992 0.00225025 -0.00330872 -0.00224174 0.999993 0.00279844 0.00331528 -0.00279056 0.99999 0.60436 1.2464 -2.35606
FixedParameters: 0 0 0

#Transform 116
Transform: AffineTransform_float_3_3
Parameters: 0.99999 0.00225378 -0.0038275 -0.00224122 0.999992 0.00334061 0.0038355 -0.00333239 0.999987 0.563762 1.23581 -2.76575
FixedParameters: 0 0 0

#Transform 117
Transform: AffineTransform_float_3_3
Parameters: 0.999991 0.0022509 -0.0034185 -0.00224111 0.999994 0.00289569 0.00342449 -0.00288832 0.99999 0.599983 1.25458 -2.44825
FixedParameters: 0 0 0

#Transform 118
Transform: AffineTransform_float_3_3
Parameters: 0.999993 0.00240861 -0.00305524 -0.00240039 0.999993 0.00281736 0.00306277 -0.00280965 0.999992 0.701452 1.27308 -2.31554
FixedParameters: 0 0 0

#Transform 119
Transform: AffineTransform_float_3_3
Parameters: 0.999991 0.0024555 -0.00362356 -0.0024425 0.999991 0.00344988 0.00363144 -0.00344111 0.999987 0.648485 1.29867 -2.78486
FixedParameters: 0 0 0

#Transform 120
Transform: AffineTransform_float_3_3
Parameters: 0.999992 0.00235368 -0.00329311 -0.00234432 0.999993 0.00293874 0.0032999 -0.00293126 0.999991 0.650325 1.26463 -2.41876
FixedParameters: 0 0 0

#Transform 121
Transform: AffineTransform_float_3_3
Parameters: 0.999991 0.00225276 -0.00341126 -0.00224123 0.999991 0.00344867 0.00341974 -0.00344132 0.999988 0.599149 1.2452 -2.67315
FixedParameters: 0 0 0

#Transform 122
Transform: AffineTransform_float_3_3
Parameters: 0.999991 0.00225336 -0.00358326 -0.00224164 0.999991 0.00344906 0.00359074 -0.00344194 0.999987 0.584295 1.24127 -2.72806
FixedParameters: 0 0 0

#Transform 123
Transform: AffineTransform_float_3_3
Parameters: 0.999991 0.00247288 -0.00340385 -0.00246212 0.999993 0.00290341 0.00341015 -0.00289459 0.99999 0.709654 1.31416 -2.42717
FixedParameters: 0 0 0

#Transform 124
Transform: AffineTransform_float_3_3
Parameters: 0.99999 0.00270994 -0.00352261 -0.00269906 0.999991 0.00310654 0.00353139 -0.00309646 0.999989 0.78726 1.35915 -2.5836
FixedParameters: 0 0 0

#Transform 125
Transform: AffineTransform_float_3_3
Parameters: 0.99999 0.00275431 -0.00351817 -0.00274269 0.999991 0.00321568 0.00352782 -0.00320631 0.999988 0.790187 1.38031 -2.61243
FixedParameters: 0 0 0

#Transform 126
Transform: AffineTransform_float_3_3
Parameters: 0.999991 0.00271497 -0.00332588 -0.00270503 0.999992 0.00299902 0.00333411 -0.00298997 0.99999 0.805543 1.36797 -2.45065
FixedParameters: 0 0 0

#Transform 127
Transform: AffineTransform_float_3_3
Parameters: 0.99999 0.00273623 -0.00353279 -0.00272377 0.99999 0.00374366 0.00354321 -0.00373334 0.999987 0.807112 1.39126 -2.82324
FixedParameters: 0 0 0

#Transform 128
Transform: AffineTransform_float_3_3
Parameters: 0.999991 0.00276528 -0.00327218 -0.00275572 0.999992 0.00283804 0.00327982 -0.00282896 0.99999 0.839061 1.42666 -2.34115
FixedParameters: 0 0 0

#Transform 129
Transform: AffineTransform_float_3_3
Parameters: 0.999992 0.00244715 -0.00332883 -0.00243585 0.999992 0.00334914 0.00333717 -0.00334186 0.999989 0.698365 1.30757 -2.57995
FixedParameters: 0 0 0

#Transform 130
Transform: AffineTransform_float_3_3
Parameters: 0.999991 0.00225192 -0.00338276 -0.00224109 0.999993 0.00322661 0.00338924 -0.0032194 0.999989 0.612176 1.24164 -2.55448
FixedParameters: 0 0 0

#Transform 131
Transform: AffineTransform_float_3_3
Parameters: 0.999992 0.00225404 -0.0034836 -0.00224097 0.999991 0.00374184 0.0034914 -0.00373416 0.999987 0.600194 1.32449 -2.81861
FixedParameters: 0 0 0

#Transform 132
Transform: AffineTransform_float_3_3
Parameters: 0.99999 0.00225488 -0.0037086 -0.00224112 0.999991 0.00374235 0.0037174 -0.00373466 0.999986 0.587816 1.28424 -2.87415
FixedParameters: 0 0 0

#Transform 133
Transform: AffineTransform_float_3_3
Parameters: 0.999991 0.00232452 -0.00336144 -0.00231548 0.999994 0.00283181 0.00336856 -0.0028242 0.999991 0.651254 1.30152 -2.3533
FixedParameters: 0 0 0

#Transform 134
Transform: AffineTransform_float_3_3
Parameters: 0.99999 0.00225433 -0.00371995 -0.00224167 0.999991 0.00358237 0.00372804 -0.00357463 0.999986 0.576472 1.24283 -2.81028
FixedParameters: 0 0 0

#Transform 135
Transform: AffineTransform_float_3_3
Parameters: 0.999991 0.00245666 -0.00366321 -0.00244534 0.999992 0.00318399 0.0036718 -0.00317501 0.999988 0.651913 1.34922 -2.60368
FixedParameters: 0 0 0

#Transform 136
Transform: AffineTransform_float_3_3
Parameters: 0.999987 0.00254307 -0.00427406 -0.00252792 0.99999 0.00352885 0.00428293 -0.00351815 0.999984 0.649856 1.33132 -2.96356
FixedParameters: 0 0 0

#Transform 137
Transform: AffineTransform_float_3_3
Parameters: 0.999987 0.00241378 -0.00435474 -0.00239622 0.999989 0.00385448 0.00436325 -0.00384351 0.999983 0.581219 1.34727 -3.13744
FixedParameters: 0 0 0

#Transform 138
Transform: AffineTransform_float_3_3
Parameters: 0.999988 0.00253016 -0.00430713 -0.00251484 0.99999 0.00352288 0.00431587 -0.00351112 0.999985 0.641887 1.40342 -2.95753
FixedParameters: 0 0 0

#Transform 139
Transform: AffineTransform_float_3_3
Parameters: 0.999984 0.00264721 -0.00495573 -0.00262679 0.999988 0.00428109 0.00496727 -0.00426792 0.999978 0.622269 1.42299 -3.495
FixedParameters: 0 0 0

#Transform 140
Transform: AffineTransform_float_3_3
Parameters: 0.999987 0.00226015 -0.00470485 -0.00224185 0.999989 0.0040716 0.00471316 -0.0040614 0.99998 0.470612 1.35428 -3.33075
FixedParameters: 0 0 0

#Transform 141
Transform: AffineTransform_float_3_3
Parameters: 0.999987 0.00263531 -0.00439968 -0.00261869 0.999989 0.00393457 0.00441032 -0.00392343 0.999982 0.660097 1.46184 -3.16854
FixedParameters: 0 0 0

#Transform 142
Transform: AffineTransform_float_3_3
Parameters: 0.999984 0.00251219 -0.00495982 -0.0024918 0.999988 0.00407342 0.00497018 -0.00406158 0.99998 0.576003 1.37773 -3.3871
FixedParameters: 0 0 0

#Transform 143
Transform: AffineTransform_float_3_3
Parameters: 0.999987 0.00252917 -0.00441678 -0.00251283 0.99999 0.00366314 0.00442522 -0.00365185 0.999983 0.624545 1.4107 -3.03729
FixedParameters: 0 0 0

#Transform 144
Transform: AffineTransform_float_3_3
Parameters: 0.999985 0.00255603 -0.00470162 -0.00253497 0.999987 0.00447398 0.00471237 -0.00446102 0.999979 0.629908 1.42295 -3.5158
FixedParameters: 0 0 0

#Transform 145
Transform: AffineTransform_float_3_3
Parameters: 0.999987 0.00225718 -0.00456504 -0.00224182 0.999991 0.00354628 0.00457297 -0.00353673 0.999984 0.513188 1.32606 -3.06587
FixedParameters: 0 0 0

#Transform 146
Transform: AffineTransform_float_3_3
Parameters: 0.999988 0.00225749 -0.00450578 -0.00224151 0.999991 0.00366215 0.00451423 -0.00365186 0.999983 0.519114 1.2868 -3.092
FixedParameters: 0 0 0

#Transform 147
Transform: AffineTransform_float_3_3
Parameters: 0.999986 0.0022595 -0.00473321 -0.00224149 0.99999 0.00391066 0.00474279 -0.00390034 0.999981 0.484613 1.34314 -3.24193
FixedParameters: 0 0 0

#Transform 148
Transform: AffineTransform_float_3_3
Parameters: 0.999989 0.00225875 -0.00416642 -0.00224125 0.999989 0.00426139 0.00417558 -0.00425162 0.999982 0.553657 1.35886 -3.17226
FixedParameters: 0 0 0

#Transform 149
Transform: AffineTransform_float_3_3
Parameters: 0.999988 0.00128193 -0.00477079 -0.00125107 0.999978 0.00648005 0.0047792 -0.00647395 0.999967 0.0820322 1.19901 -4.23703
FixedParameters: 0 0 0

#Transform 150
Transform: AffineTransform_float_3_3
Parameters: 0.999986 0.00168544 -0.00491 -0.00165955 0.999984 0.00538522 0.004919 -0.00537678 0.999974 0.24235 1.316 -3.82008
FixedParameters: 0 0 0

#Transform 151
Transform: AffineTransform_float_3_3
Parameters: 0.999989 0.00281667 -0.00356961 -0.00280533 0.999991 0.00299004 0.00357839 -0.00297995 0.999989 0.87804 1.35454 -2.44733
FixedParameters: 0 0 0

#Transform 152
Transform: AffineTransform_float_3_3
Parameters: 0.999982 0.0058161 -0.00111061 -0.0058109 0.999973 0.00454253 0.00113639 -0.00453647 0.999989 2.41549 2.45205 -2.41491
FixedParameters: 0 0 0

#Transform 153
Transform: AffineTransform_float_3_3
Parameters: 0.99999 0.00409594 -0.00179605 -0.00409107 0.999989 0.00218937 0.00180494 -0.00218163 0.999996 1.59424 1.72197 -1.62141
FixedParameters: 0 0 0

#Transform 154
Transform: AffineTransform_float_3_3
Parameters: 0.99999 0.00385965 -0.00193778 -0.00385435 0.999989 0.0029125 0.00194922 -0.0029045 0.999994 1.52077 1.73068 -2.00561
FixedParameters: 0 0 0

#Transform 155
Transform: AffineTransform_float_3_3
Parameters: 0.999992 0.00338983 -0.00202193 -0.00338517 0.999991 0.00238686 0.00203008 -0.00238014 0.999995 1.31581 1.57023 -1.81526
FixedParameters: 0 0 0

#Transform 156
Transform: AffineTransform_float_3_3
Parameters: 0.999993 0.0033889 -0.00173238 -0.00338509 0.999991 0.00225188 0.00173962 -0.00224612 0.999996 1.34296 1.55665 -1.67076
FixedParameters: 0 0 0

#Transform 157
Transform: AffineTransform_float_3_3
Parameters: 0.999991 0.00359782 -0.00225633 -0.00359218 0.999992 0.00213813 0.00226367 -0.00212988 0.999995 1.37535 1.59213 -1.8019
FixedParameters: 0 0 0

#Transform 158
Transform: AffineTransform_float_3_3
Parameters: 0.99999 0.00375065 -0.00233856 -0.00374535 0.999991 0.00199078 0.00234545 -0.00198222 0.999996 1.42426 1.63327 -1.77951
FixedParameters: 0 0 0

#Transform 159
Transform: AffineTransform_float_3_3
Parameters: 0.999989 0.00410972 -0.00207664 -0.00410627 0.99999 0.00179555 0.00208336 -0.00178646 0.999996 1.59534 1.75366 -1.60363
FixedParameters: 0 0 0

#Transform 160
Transform: AffineTransform_float_3_3
Parameters: 0.999989 0.00410378 -0.00225232 -0.00409823 0.99999 0.00212125 0.00226068 -0.00211275 0.999995 1.57106 1.75119 -1.80509
FixedParameters: 0 0 0

#Transform 161
Transform: AffineTransform_float_3_3
Parameters: 0.99999 0.00369003 -0.00277937 -0.00368197 0.999989 0.00288826 0.00279063 -0.00287773 0.999992 1.35448 1.66174 -2.30853
FixedParameters: 0 0 0

#Transform 162
Transform: AffineTransform_float_3_3
Parameters: 0.99999 0.00367812 -0.00233996 -0.00367387 0.999991 0.00219062 0.00234803 -0.00218138 0.999995 1.40616 1.64207 -1.83634
FixedParameters: 0 0 0

#Transform 163
Transform: AffineTransform_float_3_3
Parameters: 0.999991 0.00356818 -0.00257746 -0.00356281 0.999991 0.00240021 0.00258654 -0.00239079 0.999994 1.3286 1.56983 -2.02164
FixedParameters: 0 0 0

#Transform 164
Transform: AffineTransform_float_3_3
Parameters: 0.999991 0.00339026 -0.00260717 -0.00338474 0.999992 0.00201984 0.00261382 -0.00201016 0.999994 1.24569 1.52285 -1.84973
FixedParameters: 0 0 0

#Transform 165
Transform: AffineTransform_float_3_3
Parameters: 0.99999 0.00362412 -0.00267373 -0.00361788 0.999991 0.0022887 0.00268127 -0.00227931 0.999994 1.34291 1.6176 -1.97035
FixedParameters: 0 0 0

#Transform 166
Transform: AffineTransform_float_3_3
Parameters: 0.99999 0.00339381 -0.00309938 -0.00338519 0.99999 0.00284452 0.00310862 -0.00283348 0.999991 1.19405 1.55549 -2.36212
FixedParameters: 0 0 0

#Transform 167
Transform: AffineTransform_float_3_3
Parameters: 0.999989 0.00363883 -0.00276504 -0.00363217 0.999991 0.00247007 0.00277396 -0.00245993 0.999993 1.33985 1.64226 -2.11696
FixedParameters: 0 0 0

#Transform 168
Transform: AffineTransform_float_3_3
Parameters: 0.999988 0.00339437 -0.00333348 -0.00338463 0.999991 0.00281332 0.00334252 -0.00280269 0.999991 1.17254 1.54634 -2.4356
FixedParameters: 0 0 0

#Transform 169
Transform: AffineTransform_float_3_3
Parameters: 0.999991 0.00313577 -0.00289576 -0.00313023 0.999993 0.00199508 0.00290224 -0.00198592 0.999994 1.08949 1.44846 -1.85021
FixedParameters: 0 0 0

#Transform 170
Transform: AffineTransform_float_3_3
Parameters: 0.999989 0.00255866 -0.00380318 -0.00254734 0.999992 0.00306772 0.00381082 -0.00305828 0.999988 0.757513 1.24908 -2.60253
FixedParameters: 0 0 0

#Transform 171
Transform: AffineTransform_float_3_3
Parameters: 0.99999 0.00287938 -0.00347626 -0.00286963 0.999992 0.002699 0.00348374 -0.002689 0.999991 0.92089 1.42984 -2.3274
FixedParameters: 0 0 0

#Transform 172
Transform: AffineTransform_float_3_3
Parameters: 0.999989 0.00288442 -0.0036657 -0.00286958 0.999988 0.00393356 0.0036773 -0.00392343 0.999985 0.918344 1.49772 -2.94494
FixedParameters: 0 0 0

#Transform 173
Transform: AffineTransform_float_3_3
Parameters: 0.99999 0.00288332 -0.0035753 -0.00286968 0.999989 0.0037263 0.0035857 -0.0037157 0.999986 0.934477 1.50035 -2.81574
FixedParameters: 0 0 0

#Transform 174
Transform: AffineTransform_float_3_3
Parameters: 0.999988 0.00288284 -0.00413608 -0.00287016 0.999991 0.00310691 0.00414492 -0.00309409 0.999986 0.879312 1.44793 -2.72767
FixedParameters: 0 0 0

#Transform 175
Transform: AffineTransform_float_3_3
Parameters: 0.999987 0.00317197 -0.00401888 -0.00315403 0.999985 0.00446973 0.00403312 -0.00445727 0.999982 1.01763 1.59713 -3.28447
FixedParameters: 0 0 0

#Transform 176
Transform: AffineTransform_float_3_3
Parameters: 0.999988 0.00313365 -0.00375182 -0.00311835 0.999988 0.00390375 0.00376419 -0.00389225 0.999986 1.03088 1.61688 -2.92737
FixedParameters: 0 0 0

#Transform 177
Transform: AffineTransform_float_3_3
Parameters: 0.999989 0.00288463 -0.00364046 -0.00286938 0.999988 0.00401649 0.00365154 -0.00400651 0.999986 0.919695 1.54165 -2.95541
FixedParameters: 0 0 0

#Transform 178
Transform: AffineTransform_float_3_3
Parameters: 0.999989 0.00288529 -0.00369912 -0.00286971 0.999988 0.00413166 0.00371087 -0.00412034 0.999984 0.919457 1.53607 -3.03293
FixedParameters: 0 0 0

#Transform 179
Transform: AffineTransform_float_3_3
Parameters: 0.999989 0.0028843 -0.00351029 -0.0028697 0.999987 0.00407311 0.0035217 -0.00406288 0.999985 0.942111 1.56457 -2.94529
FixedParameters: 0 0 0

#Transform 180
Transform: AffineTransform_float_3_3
Parameters: 0.999989 0.00309201 -0.00347169 -0.00307699 0.999986 0.00431973 0.00348531 -0.00430927 0.999984 1.04444 1.59495 -3.06508
FixedParameters: 0 0 0

#Transform 181
Transform: AffineTransform_float_3_3
Parameters: 0.999991 0.0028797 -0.00307394 -0.0028703 0.999991 0.00315485 0.00308306 -0.00314615 0.999991 1.009 1.48553 -2.40354
FixedParameters: 0 0 0

#Transform 182
Transform: AffineTransform_float_3_3
Parameters: 0.999991 0.00288133 -0.00314968 -0.00286968 0.99999 0.00359407 0.00316032 -0.00358493 0.999988 1.01531 1.51926 -2.61063
FixedParameters: 0 0 0

#Transform 183
Transform: AffineTransform_float_3_3
Parameters: 0.99999 0.00288236 -0.00358911 -0.00286964 0.99999 0.00344433 0.00359989 -0.00343366 0.999987 0.959559 1.46261 -2.71599
FixedParameters: 0 0 0

#Transform 184
Transform: AffineTransform_float_3_3
Parameters: 0.999991 0.00288048 -0.003345 -0.00286952 0.999991 0.00313463 0.00335399 -0.00312437 0.999989 0.983201 1.46469 -2.49801
FixedParameters: 0 0 0

#Transform 185
Transform: AffineTransform_float_3_3
Parameters: 0.99999 0.00287932 -0.00323172 -0.00286968 0.999991 0.0028843 0.00324027 -0.0028747 0.99999 0.996078 1.46795 -2.32389
FixedParameters: 0 0 0

#Transform 186
Transform: AffineTransform_float_3_3
Parameters: 0.999988 0.00339679 -0.00348154 -0.00338421 0.999988 0.00338682 0.00349246 -0.00337418 0.999988 1.18418 1.60026 -2.65275
FixedParameters: 0 0 0

#Transform 187
Transform: AffineTransform_float_3_3
Parameters: 0.99999 0.00288263 -0.00357987 -0.00286937 0.999989 0.00352831 0.00359014 -0.00351869 0.999988 0.955851 1.46851 -2.75968
FixedParameters: 0 0 0

#Transform 188
Transform: AffineTransform_float_3_3
Parameters: 0.99999 0.00287973 -0.00342785 -0.00287027 0.999992 0.00283987 0.00343515 -0.00283014 0.99999 0.970144 1.45595 -2.3854
FixedParameters: 0 0 0

#Transform 189
Transform: AffineTransform_float_3_3
Parameters: 0.999989 0.00307573 -0.00366937 -0.00306328 0.99999 0.00346928 0.00367963 -0.00345772 0.999988 1.0413 1.51079 -2.75838
FixedParameters: 0 0 0

#Transform 190
Transform: AffineTransform_float_3_3
Parameters: 0.999989 0.00288319 -0.00374287 -0.0028698 0.999989 0.00352578 0.00375312 -0.00351422 0.999987 0.958157 1.45624 -2.82648
FixedParameters: 0 0 0

#Transform 191
Transform: AffineTransform_float_3_3
